0.039267
0.103005
0.176088
0.250503
0.350272
0.462442
0.574973
0.696155
0.636350
0.503627
0.387665
0.225499
0.115473
0.007755
-0.149906
-0.322215
-0.385162
-0.413728
-0.462569
-0.492346
-0.343127
-0.110958
0.133067
0.439962
0.404996
0.255287
0.185492
0.059730
0.051525
0.075575
0.037257
-0.000036
0.082618
0.210186
0.333148
0.487898
0.396510
0.214799
0.076570
-0.111546
-0.087724
0.007505
0.042298
0.107280
0.087034
0.038271
0.023953
0.001904
0.005160
0.019209
0.024436
0.033646
0.050975
0.072691
0.098109
0.128019
0.136614
0.138637
0.146257
0.150921
0.166097
0.184954
0.200343
0.217094
0.209194
0.191076
0.175404
0.153374
0.137557
0.121665
0.098942
0.073935
0.102005
0.150864
0.195017
0.252530
0.292962
0.331889
0.385345
0.442469
0.267893
-0.002013
-0.258017
-0.577313
-0.363061
0.050025
0.374700
0.811430
0.688312
0.370131
0.191380
-0.078734
-0.134302
-0.126631
-0.221680
-0.308084
-0.080564
0.273703
0.622568
1.061772
0.873524
0.460059
0.167119
-0.246517
-0.221744
-0.054226
-0.029595
0.047554
0.063818
0.063657
0.119350
0.184663
0.264419
0.360744
0.466849
0.586409
0.439222
0.185876
-0.041964
-0.336943
-0.272277
-0.083345
0.020782
0.185140
0.206796
0.186978
0.234988
0.277313
0.283983
0.280000
0.272209
0.254028
0.259599
0.270004
0.268602
0.266955
0.210668
0.129766
0.050874
-0.044484
0.012392
0.126540
0.217095
0.340571
0.306691
0.218785
0.171554
0.099650
0.089768
0.099022
0.080385
0.065415
-0.006470
-0.103807
-0.195116
-0.301813
-0.296441
-0.249957
-0.224186
-0.176097
-0.102263
-0.009210
0.105673
0.241577
0.385993
0.546192
0.727958
0.927199
0.840506
0.642622
0.475327
0.238664
0.094289
-0.040086
-0.250003
-0.477606
-0.435916
-0.295930
-0.186462
-0.015401
0.016363
0.014489
0.082138
0.148854
0.144874
0.117736
0.093235
0.051518
0.047034
0.050603
0.034767
0.018390
0.017964
0.022017
0.024669
0.030512
0.017224
-0.002856
-0.018819
-0.038238
-0.014289
0.026929
0.062731
0.108914
0.082677
0.029917
-0.009018
-0.062169
-0.052923
-0.022325
-0.009023
0.013533
0.011750
0.002117
0.002974
0.002039
0.003533
0.006331
0.007252
0.008244
0.010123
0.012215
0.014325
0.016637
0.040710
0.074138
0.106837
0.145913
0.179908
0.214652
0.256212
0.300485
0.275029
0.221898
0.174635
0.109517
0.041522
-0.035442
-0.130720
-0.238297
-0.252630
-0.234991
-0.234250
-0.215843
-0.237145
-0.268854
-0.280698
-0.293171
-0.201343
-0.063326
0.069701
0.233293
0.219827
0.144818
0.109044
0.042376
0.087371
0.169557
0.215258
0.274688
0.240044
0.167942
0.113817
0.039826
0.059319
0.111184
0.138596
0.180674
0.186808
0.181932
0.193591
0.203320
0.163295
0.102946
0.042875
-0.031869
-0.091377
-0.151248
-0.226964
-0.307980
-0.248986
-0.134580
-0.031822
0.106773
0.147202
0.161423
0.216880
0.267207
0.263622
0.239059
0.211837
0.167946
0.144736
0.122233
0.081560
0.035678
0.052821
0.092417
0.123758
0.168781
0.188138
0.202113
0.231293
0.261702
0.198631
0.097970
0.002734
-0.117708
-0.050108
0.086266
0.188483
0.328306
0.308295
0.234281
0.205817
0.154501
0.167034
0.200848
0.208618
0.222039
0.198891
0.160073
0.128475
0.088734
0.063498
0.041382
0.010269
-0.021674
-0.052440
-0.084048
-0.116637
-0.149913
-0.186970
-0.226060
-0.265707
-0.306944
-0.272269
-0.206097
-0.144849
-0.062898
-0.001020
0.061496
0.146270
0.238689
0.173940
0.048257
-0.062561
-0.212249
-0.309919
-0.402096
-0.536636
-0.681120
-0.667530
-0.595826
-0.541568
-0.450760
-0.420419
-0.400525
-0.340329
-0.274283
-0.240526
-0.213499
-0.178704
-0.147177
-0.204564
-0.300492
-0.395908
-0.518581
-0.353080
-0.077681
0.157081
0.456566
0.340059
0.072575
-0.110296
-0.371963
-0.175586
0.187724
0.450388
0.796958
0.746425
0.555587
0.467926
0.316370
0.346229
0.434262
0.449151
0.479388
0.436620
0.362235
0.306306
0.235682
0.220187
0.223218
0.208807
0.201495
0.172552
0.135884
0.107358
0.076386
0.018647
-0.050765
-0.121490
-0.201078
-0.149547
-0.046518
0.589042
1.489210
3.193911
11.534613
12.303014
13.044332
14.056608
14.369658
13.906257
12.813504
13.199037
13.836435
13.752438
13.636053
13.743680
13.855059
13.917518
13.984640
14.004654
14.001629
14.005073
13.995486
13.986959
13.973461
13.946479
13.911542
14.010644
14.161626
14.298486
14.467842
14.593140
14.713425
14.869136
15.032906
15.057259
15.029818
15.017013
14.971400
14.977864
14.992662
14.971370
14.944142
14.864685
14.756403
14.643940
14.510661
14.569697
14.700365
14.801158
14.943172
15.067451
15.200337
15.376419
15.573038
15.414364
15.118712
14.859980
14.515146
14.577972
14.777818
14.871251
15.026780
15.013563
14.946376
14.949900
14.940352
14.916276
14.887378
14.846138
14.795848
14.758105
14.720152
14.672192
14.621206
14.594014
14.574469
14.550685
14.531200
14.500079
14.465571
14.435982
14.405667
14.473706
14.583775
14.688891
14.822010
14.775599
14.665398
14.591886
14.485081
14.498990
14.552546
14.566725
14.595512
14.574760
14.535607
14.513396
14.484526
14.401004
14.292900
14.180394
14.048707
14.079821
14.170750
14.234772
14.332613
14.291732
14.204824
14.158693
14.093654
14.085966
14.098138
14.088589
14.085176
14.238413
14.458880
14.678773
14.946514
15.211267
15.497111
15.832610
16.198805
14.970046
13.082280
11.786349
10.264534
2.764395
-1.414741
-3.033676
-2.640026
-4.012217
-4.921546
-4.304859
-3.008937
-3.261612
-3.693323
-3.343015
-2.907839
-3.106104
-3.451319
-3.675155
-3.983281
-3.822114
-3.487911
-3.260232
-2.947100
-3.146900
-3.536188
-3.815747
-4.191726
-4.146828
-3.956413
-3.883084
-3.746818
-3.821447
-3.968718
-4.042674
-4.141807
-4.165883
-4.162056
-4.186945
-4.203030
-4.133921
-4.027477
-3.915821
-3.775430
-3.656073
-3.531650
-3.376534
-3.208210
-3.197446
-3.244284
-3.270413
-3.331407
-3.332509
-3.322272
-3.350544
-3.383547
-3.342952
-3.277337
-3.220097
-3.146903
-3.107620
-3.076177
-3.026823
-2.977112
-3.015601
-3.089555
-3.159194
-3.252957
-3.319594
-3.385537
-3.477586
-3.577546
-3.539798
-3.449926
-3.374388
-3.265942
-3.206207
-3.153296
-3.064332
-2.968384
-3.036932
-3.168383
-3.235446
-3.322008
-1.654164
0.757856
5.284879
6.998605
7.753581
7.006220
6.996551
6.495232
6.693041
7.036046
6.845829
6.570799
6.854079
7.278712
7.587238
7.971721
7.898478
7.653772
7.506507
7.271885
7.397884
7.646707
7.790327
7.984927
7.994852
7.938948
7.942943
7.922022
7.823973
7.687773
7.529582
7.335988
7.447884
7.670846
7.843814
8.079905
8.009434
7.832809
7.734346
7.586935
7.558189
7.565272
7.517190
7.474991
7.458254
7.449265
7.444830
7.448660
7.388027
7.304319
7.231983
7.146846
7.157957
7.205227
7.235187
7.284918
7.302693
7.314301
7.347617
7.383895
7.351697
7.294049
7.242594
7.174596
7.132539
7.094422
7.038112
6.978655
7.017121
7.093851
7.162957
7.257118
7.319085
7.378286
7.464753
7.558115
7.496604
7.375312
7.268053
7.122353
7.028921
6.941202
6.811546
6.672258
6.761654
6.939399
7.096980
7.311598
7.289525
7.191333
7.162230
7.101790
7.125084
7.176638
7.192692
7.215751
7.209851
7.191152
7.180671
7.164622
7.215159
7.292291
7.360853
7.445281
7.510801
7.574804
7.655978
7.741745
7.635327
7.451105
7.280060
7.057812
7.218849
7.520373
7.752472
8.061450
8.044489
7.917517
7.883629
7.803283
7.853386
7.947081
7.987797
8.040213
8.019871
7.968442
7.931841
7.879276
7.799390
7.701969
7.589319
7.459079
7.450893
7.484786
7.495086
7.527991
7.510153
7.478818
7.472882
7.466057
7.449238
7.430439
7.411352
7.390155
7.387133
7.390825
7.391548
7.396078
7.408916
7.426758
7.448160
7.474301
7.501116
7.530814
7.565418
7.603532
7.616389
7.620664
7.629701
7.634067
7.649340
7.667570
7.680533
7.693796
7.742912
7.806868
7.869545
7.942429
7.787273
7.539735
7.312584
7.026670
7.073360
7.236193
7.324017
7.469571
7.485318
7.464943
7.509329
7.550598
7.551900
7.541593
7.530298
7.508909
7.513809
7.525060
7.524722
7.525212
7.557492
7.602460
7.646823
7.700241
7.743234
7.785971
7.838525
7.894032
7.850838
7.768069
7.692691
7.591462
7.519908
7.449649
7.351409
7.245012
7.249539
7.294479
7.325970
7.382422
7.395861
7.401271
7.434268
7.470686
7.470893
7.460217
7.454863
7.442839
7.451133
7.465512
7.472152
7.480503
7.483533
7.484282
7.486969
7.488847
7.491291
7.493803
7.495469
7.496866
7.442756
7.364812
7.288976
7.196992
7.117961
7.037097
6.938975
6.834022
7.128905
7.588889
8.024425
8.569266
8.356178
7.869225
7.527906
7.039960
7.013434
7.129951
7.075947
7.065278
7.179823
7.349896
7.558075
7.821749
7.736011
7.531641
7.400084
7.206918
7.162196
7.159475
7.087156
7.020624
7.076830
7.180602
7.284521
7.423788
7.425542
7.385365
7.387711
7.373939
7.380226
7.391998
7.386559
7.378491
7.338554
7.282004
7.223968
7.154141
7.185393
7.253970
7.305970
7.379112
7.344924
7.273220
7.227897
7.164853
7.206429
7.287011
7.344947
7.422604
7.466170
7.502074
7.559683
7.619327
7.629050
7.620785
7.616950
7.601286
7.681188
7.796679
7.895838
8.014845
7.939671
7.789445
7.668007
7.503086
7.399007
7.303488
7.160563
7.007920
6.933971
6.883934
6.820067
6.769854
6.677117
6.571220
6.481181
6.387219
6.404527
6.469019
6.524780
6.610719
6.670766
6.733013
6.827547
6.934108
7.074198
7.237610
7.278831
7.282538
5.479649
2.877540
-5.612255
-5.785080
-7.494661
-6.584129
-6.674088
-6.124660
-6.451985
-6.958683
-6.773655
-6.471195
-6.640437
-6.882111
-6.976388
-7.091838
-7.045346
-6.924262
-6.830908
-6.697249
-6.901373
-7.233272
-7.509105
-7.856728
-7.912326
-7.871373
-7.916880
-7.923007
-7.917532
-7.897823
-7.838537
-7.754512
-7.662318
-7.550865
-7.413840
-7.256045
-7.270993
-7.347003
-7.393860
-7.475219
-7.487429
-7.483299
-7.517633
-7.553354
-7.516429
-7.453317
-7.395078
-7.318948
-7.273339
-7.232850
-7.172563
-7.109484
-7.060335
-7.013709
-6.963434
-6.914263
-6.853116
-6.787004
-6.722523
-6.655141
-6.616952
-6.589998
-6.558795
-6.534140
-6.500168
-6.464850
-6.436679
-6.409931
-6.384705
-6.361549
-6.339859
-6.319923
-6.341259
-6.381132
-6.421054
-6.474055
-6.682294
-6.962720
-7.249992
-7.590442
-6.961177
-5.944946
-1.927663
3.650580
7.099639
8.937426
9.905778
9.523666
10.313211
10.876385
10.178351
8.961662
9.494163
10.394341
10.672183
11.042741
10.940063
10.613573
10.398520
10.075891
10.257205
10.614334
10.839261
11.143688
11.258283
11.315362
11.461870
11.599377
11.506201
11.320122
11.135381
10.883247
10.705553
10.528093
10.277671
10.004196
10.038295
10.184738
10.293475
10.471384
10.531009
10.568726
10.682847
10.806687
10.944355
11.100551
11.266818
11.447517
11.368502
11.186808
11.031333
10.811395
10.853157
10.978841
11.026720
11.108532
11.074129
10.997940
10.961268
10.909524
10.926051
10.968748
10.993213
11.029412
11.046790
11.059727
11.085479
11.112609
11.022838
10.885329
10.754389
10.591495
10.823538
11.209349
11.545106
11.973441
11.858023
11.549322
11.359503
11.072115
10.988612
10.958728
10.819997
10.681669
10.690467
10.750529
10.803799
10.893781
10.915639
10.924995
10.975238
11.029806
10.951422
10.822824
10.704761
10.553571
10.558076
10.614421
10.629845
10.668637
10.689076
10.708324
10.752227
10.804119
10.813742
10.811735
10.820015
10.822748
10.769289
10.690410
10.608292
10.506933
10.603416
10.774719
10.917550
11.104277
11.046555
10.902377
10.813952
10.682851
10.695449
10.755096
10.764814
10.790550
10.856993
10.942975
11.043388
11.163409
11.161107
11.117474
11.099527
11.060188
10.956554
10.818259
10.660796
10.472125
10.592149
10.826868
11.015821
11.271734
11.229219
11.086256
11.025112
10.920111
10.936689
10.993110
10.999539
11.016241
11.009127
10.991398
10.984934
10.975767
10.966968
10.958252
10.946811
10.934290
10.928630
10.925095
10.920122
10.916261
10.908897
10.900410
10.893213
10.885668
10.875763
10.864828
10.853644
10.841622
10.830233
10.818695
10.806260
10.793439
10.954656
11.189651
11.416736
11.693458
11.601981
11.376260
11.217734
10.985901
10.964008
11.004206
10.960003
10.931214
10.855277
10.757565
10.677171
10.588950
10.645944
10.762891
10.865613
11.005753
11.108535
11.211448
11.354595
11.510966
11.466503
11.347043
11.250252
11.106696
11.054509
11.021686
10.936694
10.848253
10.879500
10.954534
11.020422
11.115613
11.096613
11.041788
11.022146
10.988595
10.995138
11.015948
11.020911
11.030062
11.027011
11.019053
11.015830
11.011031
11.014744
11.021840
11.026975
11.033762
11.038430
11.042763
11.048882
11.055380
11.058763
11.061187
11.064152
11.066568
11.070634
11.075203
11.079136
11.083209
11.050361
11.001802
10.954974
10.897611
10.849142
10.799703
10.738989
10.673964
10.852874
11.132365
11.396786
11.727758
11.578084
11.253487
11.018386
10.688498
10.702895
10.828842
10.842536
10.897197
10.910575
10.913699
10.960117
11.015782
11.037940
11.054759
11.082937
11.109898
11.065386
10.991094
10.918714
10.825625
10.848246
10.910600
10.946541
11.002117
11.010721
11.005742
11.022903
11.038146
10.963966
10.853184
10.744446
10.609958
10.724905
10.934136
11.105971
11.332490
11.202065
10.941426
10.752486
10.495238
10.600036
10.834465
10.983143
11.194419
11.162412
11.047144
11.006482
10.932787
10.951132
11.001060
11.013417
11.034335
11.030133
11.015276
11.010065
11.001304
10.995361
10.989974
10.980869
10.970740
10.999115
11.042999
11.084134
11.135445
11.027999
10.857479
10.704315
10.512169
10.557259
10.686862
10.766021
10.888441
10.921882
10.932393
10.991123
11.050202
11.051629
11.033796
11.019194
10.990836
10.991328
10.997992
10.989198
10.979774
10.981137
10.985157
10.987937
10.992577
10.989347
10.983508
10.979924
10.975243
11.081419
11.234489
11.381662
11.560039
11.523262
11.408936
11.336142
11.221896
11.259346
11.346315
11.384164
11.440381
11.433330
11.402765
11.393552
11.375705
11.373752
11.376777
11.370349
11.363915
11.351942
11.336607
11.321430
11.304157
11.282970
11.259152
11.233336
11.205022
11.175734
11.144650
11.111006
11.075328
11.055944
11.042270
11.025767
11.012462
10.992519
10.970951
10.952957
10.935018
10.908256
10.878143
10.848498
10.816547
10.787866
10.759545
10.728701
10.697298
10.740646
10.815271
10.886075
10.977825
11.050160
11.123646
11.219621
11.323648
11.302030
11.233104
11.178110
11.093570
11.053860
11.020854
10.955441
10.884128
10.890386
10.923453
10.946811
10.986814
10.992681
10.990796
11.007537
11.024955
11.026278
11.023041
11.021348
11.016471
11.021752
11.030026
11.034578
11.040026
11.030681
11.015068
11.000989
10.983059
10.968436
10.953578
10.934603
10.914116
10.901490
10.891064
10.878701
10.867378
10.851485
10.833929
10.817631
10.800605
10.773345
10.741522
10.709398
10.673923
10.640624
10.606649
10.569110
10.529967
10.549302
10.592390
10.631268
10.685679
10.723326
10.760672
10.814786
10.874119
10.696520
10.422328
10.163887
9.841796
10.115054
10.613472
11.020456
11.557089
11.545415
11.351510
11.314729
11.201347
11.315358
11.506866
11.610525
11.737198
11.655600
11.486867
11.350239
11.164385
11.024204
10.883788
10.690701
10.479929
10.465479
10.520699
10.548728
10.618625
10.569876
10.487384
10.453130
10.411027
10.531114
10.721644
10.897437
11.117144
10.931761
10.593033
10.317111
9.953159
10.206327
10.687475
11.051389
11.537600
11.430199
11.115115
10.951292
10.691651
10.670860
10.722815
10.666485
10.623461
10.672048
10.754386
10.845687
10.966319
10.946216
10.880924
10.852133
10.802795
10.800825
10.813246
10.802645
10.794008
10.788502
10.782811
10.778835
10.775833
10.766977
10.756269
10.746836
10.736457
10.825032
10.955403
11.080538
11.233511
11.167484
11.020762
10.912258
10.759011
10.765618
10.823322
10.828121
10.851281
10.778065
10.666844
10.578363
10.471544
10.507797
10.598741
10.664714
10.760839
10.811870
10.855200
10.931489
11.013418
11.018522
10.997070
10.985031
10.956418
10.961681
10.974590
10.968955
10.962599
10.879878
10.762362
10.647246
10.508759
10.600192
10.778759
10.923239
11.118392
11.062563
10.920077
10.840599
10.720745
10.699160
10.707139
10.669587
10.636922
10.747463
10.916406
11.083872
11.293241
11.168113
10.920138
10.729951
10.471365
10.545849
10.736121
10.841687
11.000739
10.946387
10.817327
10.752162
10.656578
10.662569
10.704290
10.710651
10.729465
10.714292
10.686747
10.673279
10.656405
10.712864
10.800420
10.881400
10.981919
11.065694
11.150804
11.256810
11.370561
11.246579
11.027285
10.826423
10.563566
10.371950
10.183547
9.928043
9.653037
10.163372
10.991624
11.642341
12.449658
10.154333
6.593429
-2.132501
-3.485837
-4.929548
-3.503739
-3.354921
-2.414332
-3.053717
-4.129562
-4.327818
-4.524495
-4.574474
-4.468366
-4.359975
-4.161934
-4.378261
-4.728646
-4.968345
-5.267647
-4.966462
-4.425983
-3.972212
-3.379615
-3.457816
-3.765566
-3.901374
-4.142620
-3.982120
-3.681882
-3.506746
-3.276817
-3.415166
-3.697786
-3.908801
-4.195952
-4.206237
-4.126812
-4.137569
-4.115343
-4.210308
-4.349230
-4.449672
-4.566749
-4.583694
-4.561754
-4.561045
-4.540545
-4.448080
-4.317968
-4.170640
-3.990725
-3.982791
-4.030942
-4.037808
-4.071599
-4.027828
-3.959301
-3.921662
-3.877353
-3.897194
-3.944475
-3.982331
-4.035827
-4.076804
-4.118786
-4.177423
-4.242293
-4.300635
-4.360884
-4.427999
-4.498237
-4.460318
-4.378569
-4.304772
-4.202366
-4.142905
-4.089153
-4.003998
-3.912703
-3.848407
-3.789397
-3.722618
-3.657869
-3.840536
-4.128607
-4.408051
-4.759415
-4.625483
-4.317847
-4.105518
-3.800955
-3.839843
-3.991738
-4.034104
-4.119190
-4.062936
-3.954965
-3.896439
-3.819750
-3.954778
-4.176615
-4.370914
-4.616595
-4.504672
-4.261751
-4.087218
-3.842530
-3.888470
-4.032437
-4.094445
-4.198289
-4.165907
-4.086488
-4.173242
-4.068153
-4.117595
-4.160486
-4.190614
-4.228606
-4.234481
-4.229026
-4.232992
-4.232258
-4.201763
-4.157401
-4.109529
-4.050514
-4.122783
-4.245318
-4.350631
-4.486072
-4.511549
-4.502530
-4.529305
-4.543501
-4.607520
-4.690635
-4.758865
-4.834985
-4.724945
-4.537817
-4.366764
-4.146715
-4.198985
-4.345868
-4.430418
-4.561617
-4.490893
-4.349510
-4.264629
-4.149296
-4.108031
-4.089993
-4.037689
-3.989531
-3.947190
-3.905638
-3.867856
-3.832665
-4.018373
-4.299686
-4.574186
-4.913980
-3.452126
-1.253554
0.799803
3.327383
3.500840
2.879474
2.849356
2.449071
2.647311
2.989362
2.927121
2.823624
2.856255
2.884665
2.861286
2.828308
2.877361
2.951336
3.011425
3.085971
3.115974
3.132327
3.165456
3.194611
3.249813
3.316013
3.377108
3.443943
3.438629
3.404764
3.379912
3.337875
3.532526
3.820789
4.081130
4.398520
4.212828
3.836854
3.541405
3.137779
3.213137
3.450135
3.555139
3.730447
3.712090
3.630296
3.628580
3.610702
3.555619
3.485611
3.401114
3.299518
3.215884
3.130347
3.026220
2.915193
2.937005
3.010138
3.070252
3.162944
3.211322
3.254733
3.333673
3.420711
3.423034
3.396868
3.383019
3.352091
3.422509
3.529351
3.614240
3.717589
3.657745
3.534790
3.437805
3.305015
3.257420
3.232046
3.166141
3.102425
3.186990
3.331381
3.471323
3.653108
3.653651
3.596213
3.589869
3.558904
3.565279
3.581415
3.570859
3.557474
3.477070
3.363997
3.250674
3.114837
3.087813
3.096511
3.077212
3.074262
3.023665
2.957491
2.910074
2.858292
2.969755
3.150620
3.320078
3.534490
3.424473
3.196271
3.028503
2.796711
2.839605
2.975775
3.034307
3.132601
3.125033
3.082833
3.085741
3.080403
3.181131
3.327903
3.461924
3.623328
3.579820
3.460605
3.378470
3.254935
3.163205
3.069532
2.931929
2.778092
2.875281
3.067023
3.230786
3.453534
3.419859
3.301755
3.255544
3.173206
3.200118
3.264200
3.286745
3.320602
3.330370
3.330789
3.343628
3.354820
3.369974
3.387356
3.402962
3.419275
3.410905
3.392177
3.375231
3.351576
3.334036
3.316144
3.291057
3.263391
3.243358
3.224602
3.202790
3.181085
3.152932
3.121761
3.090955
3.058207
3.012150
2.959560
2.905536
2.846431
2.788836
2.729350
2.664529
2.596710
2.570047
2.558925
2.542885
2.536393
2.789638
3.157354
3.523716
3.970648
3.981878
3.845330
3.810961
3.704682
3.601404
3.476524
3.277889
3.038064
3.110547
3.288804
3.410373
3.590458
3.581167
3.512714
3.512552
3.493669
3.453142
3.401865
3.332686
3.248560
3.172661
3.091363
2.994095
2.888374
3.080886
3.394645
3.686666
4.057835
3.822228
3.363227
3.012147
2.538050
2.643216
2.948636
3.102596
3.347289
3.368297
3.320607
3.375283
3.417637
3.414983
3.398244
3.371503
3.329140
3.316966
3.309257
3.283996
3.256556
3.260654
3.275291
3.286173
3.303736
3.306307
3.305232
3.311689
3.318055
3.318108
3.316230
3.314590
3.311477
3.296316
3.275364
3.253409
3.227038
3.262198
3.321364
3.373297
3.439918
3.452209
3.447499
3.460278
3.466780
3.471283
3.473846
3.470135
3.462634
3.454984
3.444831
3.430710
3.413712
3.385312
3.350291
3.312753
3.269833
3.306585
3.374448
3.433286
3.511299
3.605538
3.714711
3.842963
3.988049
3.832605
3.559195
3.316321
2.999336
3.073017
3.281430
3.396524
3.576417
3.536861
3.424415
3.387766
3.325973
3.345251
3.395268
3.416364
3.448144
3.459461
3.464015
3.480281
3.496194
3.503936
3.509275
3.514695
3.518158
3.526803
3.536744
3.544437
3.552329
3.444663
3.287682
3.135873
2.950918
3.024133
3.192214
3.314894
3.490049
3.497654
3.453750
3.471029
3.472463
3.550214
3.659492
3.749562
3.854314
3.745119
3.549737
3.378626
3.154798
3.203757
3.346653
3.423409
3.544929
3.480730
3.351481
3.276052
3.173374
3.196430
3.265916
3.302201
3.359430
3.436657
3.528692
3.641282
3.771675
3.687219
3.521864
3.384366
3.198059
3.230622
3.336391
3.382420
3.460512
3.447999
3.405634
3.399890
3.386145
3.391378
3.404815
3.409443
3.416175
3.421820
3.427056
3.434449
3.442452
3.405521
3.349987
3.297039
3.231715
3.209537
3.200191
3.176195
3.156548
3.307199
3.530799
3.751441
4.023042
3.903977
3.642253
3.450101
3.179331
3.167556
3.236509
3.213466
3.216534
3.204454
3.188423
3.199343
3.218276
3.226214
3.236083
3.254934
3.277347
3.318093
3.369260
3.423395
3.485619
3.477124
3.442644
3.419609
3.381778
3.369602
3.362621
3.339308
3.314197
3.309767
3.311565
3.310480
3.313276
3.304441
3.292169
3.284395
3.275692
3.306823
3.354943
3.400420
3.456952
3.424550
3.359207
3.309122
3.240675
3.251619
3.289355
3.304782
3.331677
3.326644
3.311036
3.308500
3.303191
3.303237
3.305647
3.305058
3.304869
3.304711
3.304438
3.304551
3.304779
3.300230
3.293744
3.287585
3.280150
3.288187
3.302245
3.314318
3.330006
3.309281
3.274545
3.245107
3.207500
3.181528
3.157240
3.124038
3.089064
3.195687
3.360786
3.517875
3.713951
3.600111
3.371824
3.197195
2.958949
3.027159
3.201635
3.297471
3.442093
3.383829
3.253773
3.182343
3.080731
3.077933
3.109246
3.105521
3.113335
3.086465
3.046535
3.019766
2.988805
3.136457
3.359539
3.570683
3.831009
3.684308
3.386200
3.156459
2.841755
2.908662
3.105368
3.198214
3.348103
3.269220
3.108729
3.016324
2.890423
3.030105
3.274306
3.472921
3.729242
3.535966
3.173602
2.889995
2.513055
2.558117
2.747341
2.822380
2.961076
2.933359
2.852573
2.843950
2.823542
2.933136
3.100163
3.249958
3.433102
3.482276
3.488249
3.534382
3.563172
3.517485
3.436233
3.340560
3.214197
3.101688
2.979165
2.824162
2.652113
2.744534
2.938061
3.102280
3.329414
3.363796
3.342542
3.394491
3.431107
3.432797
3.420192
3.393801
3.351146
3.324609
3.295847
3.249446
3.196205
3.166247
3.141122
3.107773
3.075653
3.026131
2.968910
2.913648
2.853768
2.854548
2.879183
2.896437
2.928154
3.037026
3.184723
3.344005
3.534580
3.501815
3.389910
3.320121
3.207517
3.182013
3.177967
3.126180
3.073356
3.085637
3.120080
3.150264
3.195915
3.183145
3.152315
3.139980
3.120866
3.135855
3.164137
3.184078
3.210309
3.227468
3.242831
3.265032
3.288339
3.339903
3.404732
3.469543
3.543554
3.613817
3.686795
3.769458
3.857118
3.697603
3.436281
3.190866
2.878339
3.026787
3.341613
3.567217
3.881637
3.724268
3.398327
3.183958
2.888110
2.939931
3.113316
3.188253
3.315082
3.288922
3.211559
3.193726
3.161029
3.184574
3.231388
3.260862
3.299818
3.308485
3.306871
3.316241
3.322259
3.339316
3.360662
3.378150
3.397176
3.404599
3.407398
3.412257
3.414598
3.420036
3.425829
3.428898
3.431302
3.405295
3.366599
3.328419
3.281503
3.309465
3.365248
3.408765
3.468027
3.458711
3.426294
3.413037
3.389846
3.394404
3.408142
3.410552
3.415383
3.415420
3.413351
3.413905
3.414081
3.414280
3.414591
3.414529
3.414363
3.415225
3.416437
3.417493
3.418756
3.419560
3.420250
3.421171
3.422089
3.422538
3.422810
3.423101
3.423266
3.423613
3.423979
3.424209
3.424410
3.425298
3.426451
3.427542
3.428804
3.429830
3.430830
3.432015
3.433243
3.431746
3.429130
3.426676
3.423478
3.421036
3.418584
3.415330
3.411811
3.426577
3.448915
3.470183
3.496480
3.517851
3.539369
3.566297
3.595075
3.517443
3.395974
3.281050
3.137100
3.231253
3.413809
3.556105
3.747909
3.669525
3.495114
3.383282
3.224469
3.244371
3.324926
3.349638
3.397937
3.468076
3.552647
3.660249
3.786725
3.709143
3.556017
3.431412
3.261935
3.292256
3.389583
3.432071
3.503781
3.493416
3.456015
3.451967
3.440750
3.335996
3.191614
3.044109
2.866801
2.914563
3.043795
3.132446
3.265840
3.315176
3.345415
3.425273
3.508394
3.641764
3.803299
3.966439
4.148781
4.072794
3.896058
3.750349
3.543277
3.417404
3.300611
3.117040
2.917909
2.938850
3.039067
3.113158
3.236585
3.271864
3.289989
3.362779
3.441457
3.427417
3.382474
3.348058
3.293821
3.284092
3.285129
3.263812
3.242742
3.255263
3.279826
3.303018
3.334827
3.351980
3.366790
3.391141
3.416902
3.398559
3.363120
3.331118
3.287898
3.259576
3.232700
3.193596
3.151544
3.123864
3.099623
3.071613
3.045134
3.008708
2.968367
2.930009
2.889607
2.887697
2.901417
2.911378
2.931139
2.940240
2.948999
2.968334
2.990880
3.014347
3.040830
3.070682
3.103477
3.142260
3.185326
3.231209
3.280932
3.095736
2.812681
2.543752
2.210100
2.394910
2.771490
3.058828
3.452961
3.379619
3.147963
3.046302
2.876267
2.893176
2.971352
2.971721
2.987490
3.006186
3.025105
3.059221
3.100218
3.088663
3.059582
3.040010
3.010706
3.038031
3.085898
3.121326
3.167082
3.192816
3.213554
3.245749
3.278357
3.265245
3.234087
3.205419
3.164513
3.212850
3.293690
3.358032
3.440036
3.438870
3.408845
3.400557
3.379188
3.389633
3.409785
3.415197
3.422255
3.399766
3.363914
3.330923
3.289759
3.603499
4.064722
4.502205
5.036281
4.602046
3.798550
3.279662
2.606299
4.365759
7.118125
16.382444
16.932789
18.957800
18.216341
18.765169
18.722756
19.078283
19.462698
19.228176
18.785972
18.905679
19.101618
19.053425
18.996578
19.227224
19.550292
19.850066
20.213681
19.983703
19.528603
19.164997
18.671972
18.375946
18.112782
17.707881
17.278931
17.359287
17.630073
17.852879
18.198437
18.355113
18.483863
18.747446
19.035312
19.035706
18.939438
18.881774
18.764798
18.781047
18.830275
18.812669
18.796187
18.879815
18.999491
19.115482
19.257399
19.355941
19.447786
19.568308
19.693302
19.591677
19.398758
19.220466
18.981620
18.810586
18.641579
18.407080
18.152845
18.213397
18.391707
18.535494
18.753107
18.856060
18.941167
19.107365
19.287563
19.259317
19.157526
19.079858
18.955919
18.884564
18.816454
18.698370
18.566111
18.692763
18.917646
19.116296
19.377232
19.284358
19.067349
18.929864
18.730579
18.753039
18.849310
18.872681
18.923101
18.885577
18.815590
18.776816
18.726799
18.731889
18.758464
18.771272
18.794125
18.802447
18.807835
18.824139
18.842175
18.840826
18.833196
18.828282
18.819526
18.820392
18.823840
18.822919
18.822367
18.834695
18.852215
18.869527
18.890548
18.907475
18.924376
18.945290
18.967467
18.874637
18.733890
18.599439
18.433034
18.511655
18.680226
18.805205
18.979733
18.962787
18.882972
18.862359
18.817199
18.851952
18.915473
18.950611
18.995614
19.021538
19.040963
19.071198
19.100966
19.136084
19.174405
19.212098
19.251591
19.173885
19.047087
18.927202
18.774842
18.652409
18.528223
18.369187
18.197668
18.296180
18.500048
18.679077
18.925502
19.010221
19.055087
19.176494
19.294671
19.290608
19.241123
19.194173
19.114072
19.083657
19.059117
18.998138
18.929668
18.949178
18.998753
19.036492
19.092599
19.109335
19.116672
19.144628
19.172784
19.135899
19.073615
19.014507
18.937961
18.916063
18.909582
18.882719
18.860194
18.853140
18.852544
18.855610
18.864898
18.947599
19.064840
19.185387
19.331299
19.302042
19.210489
19.152772
19.061711
19.055092
19.072360
19.051739
19.035132
19.071129
19.127378
19.185213
19.258783
19.311947
19.363970
19.433174
19.506994
19.331539
19.054000
18.792123
18.462677
18.589875
18.881370
19.083354
19.372597
19.432514
19.426265
19.519521
19.599826
19.501482
19.331591
19.156787
18.927449
18.997805
19.169604
19.271990
19.424112
19.450759
19.439973
19.485532
19.524237
19.356314
19.103227
18.852401
18.540749
18.698444
19.027580
19.273532
19.614127
19.519657
19.275609
19.147631
18.952878
18.927604
18.955442
18.907772
18.870807
18.979268
19.146627
19.318200
19.534564
19.402866
19.144505
18.947552
18.680516
18.746885
18.928778
19.024236
19.172356
19.192194
19.172975
19.213114
19.246623
19.251688
19.247829
19.238806
19.220390
19.220534
19.223627
19.216156
19.207539
19.199355
19.189701
19.178756
19.166618
19.150110
19.131047
19.110928
19.088699
19.066872
19.044115
19.019149
18.992849
18.964149
18.933568
18.901693
18.868132
18.871522
18.889707
18.904544
18.928801
18.942121
18.954847
18.977771
19.003597
18.997044
18.979153
18.965745
18.945502
18.938917
18.935416
18.924287
18.912804
18.987276
19.097349
19.203288
19.333253
19.260609
19.112577
18.998119
18.841163
18.870250
18.962137
19.002278
19.069531
19.061803
19.029397
19.027878
19.019997
19.026293
19.038911
19.044577
19.051749
19.058810
19.065794
19.074286
19.083372
19.056214
19.014073
18.974121
18.924242
18.950314
19.004282
19.044716
19.100507
19.084106
19.042750
19.020295
18.986545
18.980670
18.983365
18.973315
18.964809
18.997315
19.046646
19.095706
19.156878
19.124995
19.059164
19.009881
18.941877
18.952182
18.988787
19.002768
19.027739
19.021093
19.003750
18.998966
18.991165
19.024088
19.074256
19.119644
19.175392
19.222213
19.269584
19.328026
19.390490
19.222895
18.960467
18.712212
18.401185
18.552955
18.873729
19.109683
19.437749
19.381516
19.195948
19.121627
18.993341
19.019346
19.097494
19.114009
19.145073
19.141521
19.123531
19.121604
19.116080
19.114054
19.113532
19.109264
19.104477
19.036924
18.942024
18.849264
18.737953
18.772754
18.861258
18.924276
19.017087
19.018265
18.991716
18.999757
18.999820
19.042453
19.103125
19.153976
19.213611
19.177932
19.104775
19.044739
18.962632
18.908941
18.858389
18.783866
18.703624
18.719010
18.769867
18.810490
18.873506
18.900721
18.922114
18.968150
19.018152
19.028387
19.026170
19.029969
19.026282
19.043401
19.066503
19.081005
19.096855
19.091594
19.077070
19.064784
19.046873
19.032757
19.017857
18.996990
18.973618
18.950498
18.925680
18.898210
18.868844
18.835260
18.798711
18.760359
18.719405
18.734348
18.771666
18.803865
18.850289
18.188904
17.232471
16.676626
16.078017
11.427230
9.043724
7.665377
7.348117
6.802255
6.762799
7.400335
8.539030
8.154530
7.428452
7.292213
7.085591
7.238230
7.573208
7.824525
8.163733
8.089015
7.870501
7.760151
7.584608
7.580348
7.629872
7.605385
7.592748
7.555736
7.506068
7.469129
7.429095
7.383804
7.336174
7.285668
7.232284
7.254937
7.308289
7.355363
7.422203
7.467029
7.511086
7.576503
7.648319
7.628676
7.575378
7.532815
7.469365
7.440555
7.417833
7.372080
7.323049
7.510152
7.793753
8.063597
8.397811
8.341041
8.146616
8.035575
7.854105
7.858739
7.918387
7.897768
7.888481
8.103686
8.411222
8.720173
9.096765
9.015007
8.770070
8.614926
8.372987
8.306276
8.282959
8.162951
8.040693
7.987976
7.953555
7.913037
7.885862
8.008002
8.199283
8.397890
8.647825
9.679300
11.068148
12.476489
14.143353
14.750569
15.030118
15.623124
16.083750
16.159959
16.043757
15.809584
15.394344
15.420753
15.537740
15.447311
15.357839
15.378896
15.425468
15.466616
15.529118
15.503169
15.449016
15.420739
15.380888
15.377987
15.388125
15.384895
15.386000
15.375057
15.359604
15.349051
15.337194
15.553447
15.866668
16.168742
16.535669
16.189120
15.568200
15.045086
14.359465
14.646448
15.281474
15.707121
16.309763
16.171023
15.777598
15.597695
15.310792
15.396015
15.612043
15.702961
15.841346
15.853193
15.820194
15.840793
15.849784
15.832042
15.803161
15.763842
15.712031
15.671943
15.629883
15.574304
15.513290
15.473796
15.439482
15.398506
15.359401
15.305886
15.246411
15.189441
15.129218
15.107927
15.101942
15.090930
15.089076
15.075474
15.060634
15.055738
15.053250
15.082130
15.126537
15.172163
15.228906
15.283305
15.342046
15.412404
15.489493
15.442058
15.346024
15.262417
15.148137
15.131694
15.143823
15.120081
15.104824
15.073552
15.035642
15.006923
14.977307
14.948744
14.921182
14.892720
14.864456
14.918558
15.007704
15.093497
15.203005
15.292454
15.384127
15.501189
15.627971
15.474568
15.209191
14.966159
14.650493
14.447433
14.260616
13.993933
13.712802
13.894004
14.256701
14.343001
14.445703
11.430511
4.376913
2.031692
-0.532731
-1.260845
-0.811768
-0.333639
0.902945
0.479591
-0.291564
-0.205789
-0.094146
-0.313709
-0.571338
-0.781099
-1.023403
-0.902635
-0.637564
-0.421452
-0.120105
-0.083419
-0.124588
-0.066501
-0.030689
0.043248
0.133480
0.199798
0.267613
0.267158
0.235823
0.208793
0.161894
0.125748
0.085324
0.023903
-0.047318
-0.007584
0.072545
0.137579
0.226868
0.273695
0.312224
0.377572
0.445946
0.426218
0.373260
0.327448
0.259774
0.224401
0.193284
0.138202
0.078337
0.050430
0.031341
0.005734
-0.015131
-0.055472
-0.102569
-0.143968
-0.188171
-0.211053
-0.225575
-0.243872
-0.257601
-0.277419
-0.298089
-0.313795
-0.328434
-0.249523
-0.129780
-0.012926
0.131740
0.256220
0.384838
0.543092
0.713759
0.697167
0.609852
0.543695
0.433570
0.389473
0.355107
0.272548
0.181035
0.173169
0.191596
0.196764
0.217469
0.194931
0.159869
0.142650
0.122575
0.084745
0.039910
-0.006973
-0.059890
-0.105807
-0.151791
-0.204340
-0.258971
-0.244327
-0.201877
-0.164622
-0.109213
-0.065164
-0.017993
0.048421
0.123283
0.120860
0.091550
0.074470
0.041810
0.041644
0.049298
0.039521
0.029433
0.015884
-0.001130
-0.018455
-0.037903
-0.062062
-0.089252
-0.118439
-0.150395
0.013837
0.260038
0.494898
0.784117
0.644635
0.347013
0.124057
-0.186629
-0.103103
0.114955
0.225793
0.395796
0.410162
0.374678
0.406297
0.426627
0.370218
0.282973
0.187883
0.066880
0.109572
0.208942
0.274367
0.369241
0.346285
0.283398
0.255807
0.212046
0.214334
0.232377
0.231975
0.235983
0.179343
0.097011
0.021712
-0.069055
-0.037846
0.038760
0.094150
0.174701
0.179903
0.162588
0.174400
0.180075
0.221302
0.277865
0.326774
0.383376
0.191659
-0.102923
-0.378895
-0.721446
-0.576766
-0.254001
-0.021016
0.308813
0.249556
0.060618
-0.012006
-0.137110
-0.103803
-0.015369
0.012835
0.058018
0.032091
-0.022515
-0.056957
-0.103788
-0.135560
-0.164595
-0.206944
-0.252080
-0.252427
-0.236432
-0.225361
-0.203983
-0.200105
-0.199365
-0.187241
-0.173597
-0.166522
-0.160324
-0.152179
-0.144311
-0.129988
-0.112841
-0.096245
-0.077877
-0.050488
-0.018488
0.014953
0.052123
0.088607
0.126699
0.168692
0.213027
0.148165
0.038350
-0.064302
-0.196535
-0.250269
-0.283706
-0.351091
-0.415098
-0.326884
-0.175911
-0.028274
0.163472
0.111239
-0.024489
-0.104065
-0.224709
-0.198997
-0.124311
-0.098003
-0.053831
-0.066863
-0.100987
-0.114537
-0.135274
-0.126151
-0.105510
-0.093434
-0.076443
-0.067253
-0.059985
-0.047362
-0.034186
-0.030982
-0.031195
-0.030365
-0.031747
-0.028577
-0.024396
-0.022694
-0.021091
-0.047917
-0.087149
-0.125276
-0.171758
-0.212187
-0.253837
-0.304388
-0.358657
-0.199437
0.047938
0.282187
0.574769
0.453646
0.182438
-0.010653
-0.284645
-0.239764
-0.088843
-0.034795
0.061491
0.027879
-0.051468
-0.082262
-0.127583
-0.095557
-0.032288
0.012994
0.073454
0.116129
0.156444
0.213095
0.273707
0.212246
0.102430
0.002108
-0.129760
-0.053878
0.096625
0.205589
0.353846
0.292680
0.156419
0.069531
-0.053714
-0.101726
-0.129535
-0.197833
-0.265924
-0.244969
-0.190317
-0.139612
-0.065367
-0.024731
0.012217
0.074951
0.143370
0.125704
0.076805
0.037707
-0.020973
-0.045651
-0.064000
-0.104007
-0.146664
-0.150242
-0.140728
-0.135813
-0.122582
-0.127852
-0.137583
-0.137945
-0.138370
-0.153919
-0.174941
-0.195302
-0.219548
-0.199623
-0.162654
-0.131606
-0.090412
-0.095810
-0.116904
-0.125534
-0.141151
-0.137708
-0.128109
-0.126465
-0.123303
-0.094949
-0.056008
-0.016644
0.030529
0.070623
0.111408
0.160586
0.212909
0.070272
-0.152957
-0.364458
-0.629379
-0.489971
-0.202314
0.012705
0.309101
0.266822
0.110881
0.053205
-0.051785
-0.019974
0.058278
0.082435
0.119823
0.019252
-0.139549
-0.279135
-0.452440
-0.374166
-0.202613
-0.076659
0.100244
0.052107
-0.072736
-0.135498
-0.231620
-0.238977
-0.217625
-0.234139
-0.243912
-0.219724
-0.181935
-0.138934
-0.083746
-0.041869
0.000606
0.056313
0.116520
0.104833
0.066065
0.035161
-0.012701
-0.016038
-0.007544
-0.018462
-0.027379
-0.027948
-0.026083
-0.022662
-0.016555
-0.016444
-0.017460
-0.015425
-0.013255
0.001943
0.023070
0.043800
0.068518
0.091125
0.114661
0.142414
0.172172
0.195627
0.217787
0.242328
0.266607
0.295575
0.326667
0.357306
0.389244
0.311522
0.187701
0.069949
-0.078434
-0.199139
-0.321778
-0.477272
-0.644721
-0.611667
-0.502380
-0.414375
-0.278471
-0.312463
-0.398552
-0.427901
-0.475511
-0.395780
-0.264415
-0.156992
-0.022076
0.081885
0.183024
0.313767
0.452506
0.450389
0.395219
0.354635
0.280481
0.200106
0.102897
-0.028678
-0.183423
-0.142938
-0.033880
0.042503
0.157790
0.193565
0.210280
0.270436
0.331724
0.222222
0.045180
-0.122981
-0.337098
-0.272908
-0.110895
-0.008383
0.144123
0.104053
-0.000830
-0.046130
-0.116843
-0.111755
-0.080014
-0.077373
-0.066598
-0.054310
-0.040648
-0.018862
0.007185
0.031745
0.058528
0.089850
0.123989
0.017265
-0.147594
-0.303429
-0.497583
-0.391573
-0.174844
-0.010652
0.214854
0.177750
0.052076
0.000777
-0.088188
-0.071616
-0.019914
-0.011163
0.006951
-0.042388
-0.120590
-0.186533
-0.267927
-0.337106
-0.407029
-0.493377
-0.585768
-0.541308
-0.443188
-0.357357
-0.237117
-0.136285
-0.028888
0.114866
0.275111
0.100861
-0.204138
-0.477354
-0.833738
-0.678060
-0.340109
-0.110076
0.213676
0.168714
-0.000645
-0.057949
-0.164910
-0.126812
-0.038397
-0.006750
0.039683
0.029501
-0.003853
-0.019912
-0.045466
-0.060496
-0.073667
-0.096982
-0.122629
-0.137356
-0.149603
-0.164815
-0.178970
-0.201025
-0.226260
-0.250084
-0.275635
-0.259402
-0.226050
-0.196276
-0.155577
-0.126210
-0.096924
-0.055870
-0.011045
-0.086641
-0.210462
-0.325095
-0.471170
-0.382631
-0.208027
-0.076011
0.103057
0.064144
-0.049980
-0.106336
-0.196438
-0.202246
-0.181884
-0.199630
-0.212401
-0.153696
-0.066280
0.022900
0.133853
0.082722
-0.026986
-0.107152
-0.219360
-0.200040
-0.136641
-0.111848
-0.068900
-0.079091
-0.107472
-0.115075
-0.127987
-0.132389
-0.133457
-0.140224
-0.146952
-0.154474
-0.162920
-0.171337
-0.180258
-0.051455
0.135716
0.316427
0.536325
0.438230
0.222509
0.061012
-0.166205
-0.156424
-0.070857
-0.063109
-0.027864
-0.034082
-0.053298
-0.042880
-0.030334
0.047085
0.156243
0.265041
0.395430
0.251551
0.001051
-0.215277
-0.496071
-0.410392
-0.195372
-0.062614
0.134559
0.192502
0.212680
0.304886
0.395300
0.314068
0.166588
0.025225
-0.162755
-0.240366
-0.292215
-0.397029
-0.500622
-0.447860
-0.333607
-0.225250
-0.074030
-0.048249
-0.056380
-0.014779
0.018809
0.034366
0.043761
0.046034
0.040480
0.046755
0.053642
0.051859
0.047927
0.009684
-0.045082
-0.100664
-0.167968
-0.148976
-0.098844
-0.064576
-0.013326
-0.021838
-0.049501
-0.057136
-0.071551
-0.060278
-0.039132
-0.025954
-0.008818
-0.005688
-0.007505
-0.004687
-0.003697
0.002010
0.009357
0.014645
0.020324
0.011004
-0.004734
-0.019435
-0.038292
-0.026318
-0.003064
0.014568
0.038360
0.035497
0.023583
0.019149
0.010835
0.013084
0.018801
0.020105
0.022275
0.014296
0.001936
-0.009126
-0.022761
-0.034452
-0.046383
-0.061054
-0.076797
-0.081894
-0.083254
-0.086204
-0.086953
-0.092119
-0.098301
-0.102026
-0.105649
-0.103473
-0.098522
-0.093697
-0.087010
-0.043346
0.016910
0.077498
0.149917
0.250151
0.367798
0.496497
0.641004
0.440170
0.100973
-0.206883
-0.602810
-0.535788
-0.309735
-0.194561
-0.003022
0.002828
-0.046288
-0.009226
0.019083
0.016045
0.004692
-0.013683
-0.042263
-0.045489
-0.043452
-0.053127
-0.062635
-0.046678
-0.021047
0.003566
0.034976
0.056836
0.077710
0.106023
0.136029
0.159372
0.181461
0.205649
0.229436
0.258674
0.290266
0.321225
0.353595
0.287748
0.180706
0.079353
-0.049284
-0.152965
-0.258211
-0.392732
-0.537799
-0.517732
-0.435443
-0.371424
-0.268535
-0.224445
-0.189093
-0.111114
-0.025318
