0.075152
0.074298
0.073486
0.072413
0.071560
0.070682
0.069525
0.068261
0.067346
0.066499
0.065525
0.064565
0.063336
0.061986
0.060662
0.059263
0.058251
0.057370
0.056396
0.055485
0.054418
0.053305
0.052263
0.051213
0.049892
0.048460
0.047032
0.045525
0.044097
0.042667
0.041151
0.039606
0.038505
0.037570
0.036584
0.035703
0.034660
0.033592
0.032638
0.031704
0.030575
0.029384
0.028222
0.027024
0.025925
0.024855
0.023743
0.022636
0.021253
0.019751
0.018267
0.016704
0.015202
0.013690
0.012096
0.010468
0.008964
0.007487
0.005971
0.004463
0.002869
0.001239
-0.000379
-0.002017
-0.003238
-0.004290
-0.005382
-0.006366
-0.007468
-0.008574
-0.009565
-0.010520
-0.011670
-0.012873
-0.014032
-0.015217
-0.016287
-0.017317
-0.018378
-0.019422
-0.020650
-0.021953
-0.023229
-0.024548
-0.025815
-0.027078
-0.028387
-0.029709
-0.030925
-0.032107
-0.033307
-0.034486
-0.035717
-0.036962
-0.038185
-0.039410
-0.040896
-0.042491
-0.044078
-0.045740
-0.047334
-0.048934
-0.050615
-0.052325
-0.053947
-0.055553
-0.057194
-0.058834
-0.060548
-0.062296
-0.064040
-0.065806
-0.067444
-0.069037
-0.070659
-0.072258
-0.073908
-0.075571
-0.077210
-0.078850
-0.080574
-0.082332
-0.084088
-0.085867
-0.087620
-0.089372
-0.091149
-0.092934
-0.093176
-0.092767
-0.092433
-0.091662
-0.091281
-0.090869
-0.089989
-0.088936
-0.088473
-0.088129
-0.087578
-0.087057
-0.086090
-0.084925
-0.083809
-0.082575
-0.082032
-0.081733
-0.081281
-0.080952
-0.080358
-0.079692
-0.079164
-0.078632
-0.077638
-0.076459
-0.075298
-0.074010
-0.072872
-0.071740
-0.070470
-0.069159
-0.068569
-0.068252
-0.067861
-0.067643
-0.067171
-0.066663
-0.066345
-0.066065
-0.065480
-0.064802
-0.064179
-0.063502
-0.062991
-0.062532
-0.062011
-0.061507
-0.060558
-0.059422
-0.058321
-0.057099
-0.055981
-0.054855
-0.053600
-0.052297
-0.051201
-0.050156
-0.049052
-0.047969
-0.046753
-0.045483
-0.044239
-0.042968
-0.041766
-0.040582
-0.039366
-0.038154
-0.036907
-0.035643
-0.034383
-0.033113
-0.031767
-0.030384
-0.028995
-0.027577
-0.026170
-0.024754
-0.023307
-0.021845
-0.020355
-0.018843
-0.017316
-0.015768
-0.014203
-0.012620
-0.011016
-0.009394
-0.007763
-0.006118
-0.004453
-0.002772
-0.001069
0.000652
0.002390
0.004145
0.006027
0.007974
0.009934
0.011943
0.013942
0.015962
0.149709
0.339514
-0.482456
-1.694716
3.042581
-1.214957
0.030751
0.032971
0.035206
0.037468
0.039699
0.041931
0.044192
0.046463
0.048770
0.051101
0.053441
0.055799
0.058209
0.060649
0.063107
0.065592
0.068085
0.070596
0.073134
0.075694
0.080415
0.086067
0.091649
0.097866
0.103587
0.109388
0.115867
0.122620
0.128586
0.134417
0.140570
0.146714
0.153510
0.160615
0.167683
0.174951
0.181320
0.187396
0.193716
0.199907
0.206492
0.213210
0.219780
0.226390
0.233666
0.241227
0.248801
0.256585
0.264201
0.271846
0.279716
0.287676
0.294644
0.301256
0.308007
0.314544
0.321477
0.328492
0.335270
0.342029
0.349257
0.356651
0.364001
0.371461
0.378717
0.385933
0.393270
0.400618
0.408627
0.416935
0.425227
0.433723
0.442105
0.450533
0.459177
0.467921
0.476406
0.484852
0.493415
0.501981
0.510771
0.519669
0.528562
0.537528
0.531434
0.518965
0.507221
0.491203
0.478904
0.466261
0.449040
0.430104
0.416962
0.404998
0.390972
0.377234
0.359095
0.339001
0.319378
0.298574
0.284321
0.272353
0.258882
0.246536
0.231632
0.216006
0.201644
0.187210
0.168303
0.147592
0.127010
0.105164
0.084717
0.064287
0.042489
0.020264
0.013144
0.012105
0.009963
0.011801
0.009163
0.006368
0.007878
0.010672
0.007401
0.002606
-0.000564
-0.004398
-0.004255
-0.002559
-0.001710
-0.000072
-0.017095
-0.041778
-0.064847
-0.092795
-0.115731
-0.138649
-0.166822
-0.196690
-0.218066
-0.237178
-0.258455
-0.278694
-0.304172
-0.331623
-0.357790
-0.384889
-0.394271
-0.396414
-0.400277
-0.399604
-0.403717
-0.407924
-0.407242
-0.405031
-0.365017
-0.307682
-0.250355
-0.180913
-0.117725
-0.051521
0.027495
0.112713
0.161458
0.198948
0.244533
0.284425
-0.346522
-1.264721
-1.154368
-0.812012
0.009831
12.482746
12.785671
13.420920
14.746993
15.234068
14.695897
13.401473
14.236089
15.513652
15.908421
16.360577
15.965087
15.142340
14.408530
13.422587
13.584021
14.124925
14.356065
14.754722
14.664702
14.412452
14.352217
14.245915
14.323790
14.478777
14.579661
14.713163
14.816557
14.916695
15.051466
15.196260
15.043088
14.771497
14.523403
14.198264
13.965258
13.737838
13.426877
13.092743
13.792946
14.913551
15.000140
14.953289
19.106424
14.099631
14.683787
13.799145
14.061087
14.714621
15.035161
15.518930
15.559220
15.452042
15.530308
15.571414
15.534707
15.467113
15.365882
15.227625
15.129194
15.026796
14.884085
14.726580
14.633532
14.556709
14.461472
14.372828
14.242475
14.095514
13.957031
13.809955
13.824204
13.903968
13.967949
14.072999
14.133397
14.192370
14.295655
14.412399
14.452608
14.471250
14.507477
14.532975
14.603060
14.688952
14.761954
14.841602
14.827816
14.776024
14.735035
14.670940
14.631869
14.593761
14.530740
14.460221
14.438522
14.431445
14.414303
14.404898
14.369086
14.324597
14.289177
14.250754
14.313447
14.418718
14.516592
14.641979
14.742753
14.845163
14.977056
15.119655
15.233539
15.343344
15.465704
15.588453
15.622864
15.621200
15.623848
15.602071
14.247841
12.315666
12.619986
13.464003
-3.569564
-3.101666
-5.058165
-1.737864
-3.298579
-4.720093
-3.212575
-0.910380
-1.753040
-3.251277
-3.768017
-4.507352
-4.503648
-4.184164
-4.119340
-3.936215
-3.846762
-3.768696
-3.566152
-3.325898
-3.340934
-3.433742
-3.475517
-3.559056
-3.507665
-3.413028
-3.367036
-3.307188
-3.364799
-3.471047
-3.558275
-3.672639
-3.760150
-3.846937
-3.962822
-4.087906
-4.135391
-4.157251
-4.192209
-4.212515
-4.269070
-4.335568
-4.385441
-4.436737
-4.383305
-4.284219
-4.190989
-4.067768
-3.966271
-3.860583
-3.722958
-3.572081
-3.466757
-3.371224
-3.259754
-3.150916
-3.008929
-2.852383
-2.699864
-2.538724
-2.641505
-2.852971
-3.044166
-3.305614
-3.496162
-3.687318
-3.954092
-4.245820
-4.163065
-3.940671
-3.760853
-3.494062
-3.364368
-3.256760
-3.053546
-2.834520
-3.221800
-3.849529
-4.269810
-4.778702
-3.614771
-1.758616
7.225355
5.733958
7.770064
7.152976
7.443001
7.249205
7.227533
7.148427
6.568271
5.766232
6.197661
6.996895
7.509277
8.202574
8.236867
8.045160
8.066864
8.003686
7.982625
7.962306
7.853999
7.713062
7.546395
7.344172
7.108580
6.839404
6.886442
7.048756
7.162406
7.342852
7.404950
7.442839
7.554590
7.673894
7.627698
7.522444
7.432730
7.304428
7.245640
7.199993
7.111528
7.018361
7.025653
7.068953
7.102715
7.159930
7.175448
7.183204
7.216961
7.253727
7.254838
7.244940
7.239902
7.227999
7.235415
7.248349
7.253382
7.259683
7.262195
7.262852
7.264924
7.266327
7.267461
7.268317
7.268504
7.268247
7.273256
7.280227
7.286506
7.293969
7.299535
7.304775
7.311316
7.318056
7.321282
7.323243
7.325573
7.327095
7.330049
7.333275
7.335605
7.337832
7.341409
7.345418
7.349256
7.353365
7.356781
7.360011
7.363552
7.367063
7.375720
7.386586
7.397202
7.409293
7.420202
7.431274
7.443920
7.457187
7.468398
7.479192
7.490730
7.502171
7.515170
7.528865
7.542398
7.556355
7.568305
7.579583
7.591383
7.602878
7.615208
7.627806
7.640057
7.652373
7.666160
7.680568
7.694977
7.709834
7.724291
7.738788
7.753765
7.768923
7.760447
7.742050
7.724863
7.701039
7.683261
7.665074
7.639766
7.611876
7.593076
7.576180
7.556162
7.536672
7.510400
7.481160
7.452732
7.422541
7.403047
7.387364
7.369401
7.353387
7.333364
7.312307
7.293422
7.274553
7.248635
7.219955
7.191612
7.161372
7.133510
7.105807
7.076040
7.045721
7.046138
7.059156
7.070260
7.089710
7.100565
7.111470
7.131370
7.154211
7.165049
7.173111
7.184807
7.195476
7.214535
7.237068
7.258206
7.281267
7.289109
7.291228
7.295984
7.297567
7.304230
7.311846
7.315982
7.319621
7.332400
7.348468
7.363600
7.380843
7.394352
7.407162
7.422311
7.437733
7.439376
7.435533
7.432585
7.425986
7.423691
7.421610
7.415573
7.408409
7.406343
7.405498
7.403236
7.401483
7.396241
7.389602
7.383629
7.376916
7.378115
7.382405
7.385592
7.390597
7.393186
7.395484
7.399757
7.404478
7.404877
7.403855
7.403500
7.402304
7.403174
7.404600
7.405073
7.405620
7.401563
7.395482
7.389667
7.382530
7.376290
7.369842
7.361988
7.353532
7.347147
7.341213
7.334556
7.328022
7.319995
7.311316
7.302822
7.293942
7.286377
7.279209
7.271588
7.264099
7.255985
7.247620
7.239414
7.231093
7.221616
7.211609
7.201534
7.191059
7.180803
7.170446
7.159666
7.148681
7.154755
7.167947
7.180188
7.197167
7.209688
7.222433
7.240266
7.259897
7.272865
7.284380
7.298083
7.311332
7.329421
7.349590
7.369095
7.389805
7.402686
7.412729
7.424351
7.434487
7.447456
7.461100
7.473096
7.485007
7.501954
7.520830
7.539387
7.559246
7.577307
7.595179
7.614474
7.634095
7.603638
7.552177
7.503225
7.440194
7.390043
7.339042
7.272931
7.201357
7.148860
7.100321
7.045183
6.991111
6.922716
6.848028
6.775009
6.698234
6.704767
6.745164
6.778095
6.832539
6.863751
6.894367
6.948196
7.009163
7.074080
7.146482
7.226286
7.313166
7.412804
7.521971
7.637970
7.762693
7.690874
7.540238
7.407160
7.223807
7.143051
7.084249
6.969120
6.851175
6.951047
7.136315
7.058436
6.931671
7.075904
7.284673
-7.500645
-7.240010
-9.029917
-6.229305
-5.951762
-4.813731
-5.540409
-6.924445
-7.357382
-7.891129
-8.028030
-7.942604
-7.971085
-7.901826
-7.736856
-7.497422
-7.161842
-6.740322
-6.792657
-6.996164
-7.089513
-7.257008
-7.199730
-7.069892
-7.025623
-6.959961
-7.129574
-7.398333
-7.635480
-7.930552
-8.174239
-8.419859
-8.727404
-9.056763
-9.000626
-8.797240
-8.633549
-8.376925
-8.252987
-8.146159
-7.937726
-7.708127
-7.644747
-7.631415
-7.588200
-7.573323
-7.467583
-7.333295
-7.232023
-7.121800
-7.097948
-7.110148
-7.109622
-7.129719
-7.130405
-7.131148
-7.153977
-7.184175
-7.191267
-7.194318
-7.206169
-7.217425
-7.247878
-7.287152
-7.325052
-7.368534
-7.374032
-7.365838
-7.365050
-7.356973
-7.418486
-7.506977
-7.584983
-7.678539
-7.565413
-7.370521
-7.200554
-6.980990
-7.075378
-7.282749
-3.931966
0.846613
10.900452
10.330045
11.715755
9.513719
10.810419
12.121687
11.123661
9.520343
10.266562
11.484325
11.955854
12.579624
12.138569
11.236757
10.532522
9.583686
9.747527
10.291106
10.535078
10.947338
10.919183
10.750770
10.773173
10.764404
10.815025
10.896514
10.944691
10.999449
11.068014
11.142012
11.221960
11.308449
11.317054
11.296216
11.285552
11.257174
11.255630
11.258281
11.241518
11.221300
11.239581
11.270570
11.296168
11.329505
11.344401
11.354505
11.373373
11.391770
11.396749
11.396725
11.396864
11.393307
11.395205
11.397709
11.524035
11.703909
10.903487
9.724157
14.321921
10.183844
11.387823
11.382833
11.377819
11.371922
11.523007
11.740471
10.731243
9.247790
14.972855
9.798524
11.290772
11.275335
11.259455
11.242784
11.225112
11.206597
11.186861
11.166104
11.144520
11.121975
11.099926
11.077551
11.054154
11.030222
11.145567
11.319815
10.413613
9.090033
14.115427
9.538659
10.835258
10.803546
10.771328
10.738357
10.704389
10.669591
10.672728
10.691511
10.707791
10.734355
10.750637
10.767099
10.794629
10.825865
10.841695
10.853878
10.870649
10.886032
10.911975
10.942247
10.970662
11.001435
11.014503
11.020945
11.158520
11.346912
10.558174
9.391370
14.001509
9.871181
11.098978
11.122461
11.144910
11.169931
11.190628
11.210581
11.233375
11.256570
11.255872
11.245496
11.236590
11.221243
11.212925
11.204736
11.189588
11.172285
11.163986
11.157772
11.148883
11.140785
11.126376
11.109370
11.093435
11.076070
11.071456
11.071711
11.069945
11.070950
11.067841
11.064065
11.063320
11.063116
11.055567
11.045467
11.036269
11.025481
11.017898
11.011029
11.002384
10.993657
10.994345
10.998812
11.002775
11.009291
11.012911
11.016442
11.022737
11.029860
11.033707
11.036840
11.040994
11.044901
11.051214
11.058543
11.065521
11.073081
11.075167
11.075160
11.075988
11.075612
11.077003
11.078671
11.079021
11.079128
11.082311
11.086549
11.090392
11.094887
11.098009
11.100811
11.104344
11.107892
11.105709
11.101171
11.096902
11.091037
11.086798
11.082531
11.076544
11.069984
11.065443
11.061311
11.056486
11.051770
11.045508
11.038565
11.031798
11.024623
11.020490
11.017479
11.013916
11.010966
11.006947
11.002702
10.999134
10.995634
10.990293
10.984271
10.978406
10.972093
10.966496
10.961010
10.955031
10.948970
10.944920
10.941634
10.938173
10.935208
10.931531
10.927764
10.924541
10.921432
10.917547
10.913442
10.909492
10.905424
10.901815
10.898363
10.894769
10.891237
10.886407
10.881039
10.875789
10.870201
10.864942
10.859678
10.854049
10.848297
10.843166
10.838202
10.833082
10.828039
10.822621
10.817062
10.811599
10.806070
10.805720
10.807552
10.809094
10.812084
10.813786
10.815588
10.818942
10.822867
10.824714
10.826108
10.828196
10.830146
10.833605
10.837715
10.841624
10.845911
10.847991
10.849287
10.851069
10.852457
10.854677
10.857117
10.859117
10.861122
10.864613
10.868692
10.872708
10.877131
10.881063
10.884972
10.889321
10.893795
10.895576
10.896317
10.897307
10.897629
10.898854
10.900177
10.900773
10.901200
10.902741
10.904601
10.906232
10.908034
10.909188
10.910122
10.911259
10.912310
10.914942
10.918229
10.921361
10.924900
10.928037
10.931177
10.934755
10.938479
10.941423
10.944150
10.947064
10.949874
10.953142
10.956576
10.959884
10.963264
10.964369
10.964527
10.964857
10.964575
10.964875
10.965154
10.964776
10.964171
10.964568
10.965216
10.965579
10.966045
10.965856
10.965405
10.965087
10.964634
10.965116
10.965946
10.966597
10.967434
10.967957
10.968414
10.969076
10.969761
10.969846
10.969707
10.969621
10.969388
10.969384
10.969415
10.969285
10.969127
10.970343
10.972115
10.973798
10.975847
10.977489
10.979120
10.981148
10.983296
10.984918
10.986415
10.988062
10.989659
10.991617
10.993721
10.995758
10.997874
10.999255
11.000353
11.001563
11.002610
11.003889
11.005202
11.006338
11.007439
11.008958
11.010620
11.012226
11.013920
11.015425
11.016887
11.018446
11.020006
11.018880
11.016621
11.014480
11.011574
11.009350
11.007070
11.003970
11.000567
10.998155
10.995937
10.993355
10.990815
10.987501
10.983840
10.980251
10.976449
10.973882
10.971749
10.969342
10.967152
10.964482
10.961682
10.959125
10.956560
10.953169
10.949448
10.945755
10.941833
10.938177
10.934529
10.930632
10.926661
10.923859
10.921494
10.919000
10.916780
10.914131
10.911414
10.908998
10.906633
10.903766
10.900740
10.897791
10.894747
10.891963
10.889254
10.886437
10.883635
10.880090
10.876224
10.872406
10.868379
10.864516
10.860629
10.856519
10.852322
10.848455
10.844665
10.840767
10.836894
10.832790
10.828589
10.824423
10.820201
10.820039
10.821583
10.822895
10.825337
10.826753
10.828238
10.830935
10.834071
10.835580
10.836730
10.838415
10.839988
10.842734
10.845983
10.849070
10.852447
10.854059
10.855039
10.856394
10.857427
10.859112
10.860963
10.862454
10.863939
10.866593
10.869704
10.872754
10.876117
10.879082
10.882018
10.885294
10.888659
10.889941
10.890415
11.022882
11.210913
10.386856
9.172172
13.912483
9.648678
10.894505
10.895788
10.896889
10.898114
10.898834
10.899378
10.900071
10.900692
10.902530
10.904868
10.907080
10.909601
10.911804
10.914002
10.916534
10.919172
10.921200
10.923054
10.925047
10.926952
10.929206
10.931582
10.933853
10.936174
11.077920
11.279003
10.404012
9.113723
14.151823
9.622545
10.946583
10.947900
10.949558
10.951322
10.953018
10.954771
10.956345
10.957861
10.959444
10.961010
10.962802
10.964691
10.966552
10.968470
10.970336
10.972204
10.974134
10.976085
10.977906
10.979690
10.981502
10.983294
10.985156
10.987042
10.988905
10.990776
10.982723
10.970450
10.958613
10.943933
10.931661
10.919127
10.903550
10.886810
10.873831
10.861584
10.847948
10.834462
10.818052
10.800321
10.782862
10.764588
10.750591
10.738060
10.724506
10.711655
10.697084
10.682002
10.667716
10.653347
10.635998
10.617428
10.598906
10.579517
10.561012
10.542481
10.523015
10.503233
10.499797
10.503070
10.505302
10.511967
10.514088
10.516242
10.523172
10.531669
10.533708
10.534241
10.536711
10.538615
10.545000
10.553230
10.560698
10.569180
10.726180
10.946769
11.161998
11.420472
11.643654
11.871517
12.145624
12.437865
12.365244
12.150770
11.971165
11.701289
11.550903
11.412750
11.176274
10.916348
11.139910
11.547793
11.666254
11.799138
10.333604
8.164060
-6.029921
-5.059063
-1.377446
-5.148436
-3.074073
-1.717879
-2.460517
-3.813785
-4.175550
-4.623826
-4.715120
-4.590069
-4.562085
-4.436220
-4.179339
-3.831122
-3.388002
-2.847825
-3.011914
-3.420135
-3.696767
-4.106387
-4.225272
-4.268835
-4.461553
-4.651653
-4.686792
-4.670564
-4.659492
-4.610134
-4.640871
-4.688291
-4.692667
-4.695027
-4.717615
-4.743307
-4.765698
-4.790282
-4.795082
-4.792143
-4.927980
-5.117144
-4.246764
-2.965235
-7.810371
-3.379470
-4.620050
-4.575705
-4.523394
-4.466110
-4.407470
-4.345078
-4.277533
-4.205895
-4.127505
-4.043778
-3.956063
-3.863435
-3.875683
-3.929830
-3.974339
-4.045486
-4.085375
-4.123426
-4.190324
-4.265324
-4.293814
-4.309366
-4.335540
-4.355246
-4.402554
-4.459701
-4.509047
-4.562607
-4.564523
-4.545614
-4.533231
-4.508398
-4.497702
-4.487877
-4.464606
-4.437519
-4.438441
-4.448068
-4.452431
-4.461598
-4.456329
-4.446610
-4.442447
-4.437033
-4.442069
-4.451554
-4.459339
-4.469591
-4.477809
-4.486136
-4.497093
-4.509004
-4.513705
-4.516062
-4.519741
-4.522119
-4.527938
-4.534751
-4.540080
-4.545610
-4.550006
-4.553856
-4.557950
-4.561772
-4.565609
-4.569350
-4.572811
-4.576110
-4.580493
-4.585232
-4.589753
-4.594464
-4.598675
-4.602738
-4.607017
-4.611265
-4.624470
-4.641494
-4.658102
-4.677272
-4.694306
-4.711588
-4.731610
-4.752687
-4.770291
-4.787202
-4.805377
-4.823398
-4.844081
-4.865958
-4.887570
-4.909911
-4.882865
-4.835117
-4.790252
-4.731682
-4.685695
-4.638946
-4.577490
-4.510753
-4.443043
-4.370887
-4.293187
-4.210943
-4.119529
-4.021498
-3.919112
-3.810802
-3.827891
-3.895099
-3.950732
-4.038206
-4.088381
-4.136381
-4.063751
-3.934825
-3.507427
-2.913876
4.613294
1.964439
3.640433
3.122213
3.130557
2.792670
3.130188
3.648598
3.783664
3.911905
3.709352
3.322258
2.939315
2.436631
2.506022
2.763156
2.871706
3.065590
3.009322
2.870870
2.830358
2.766518
2.850392
2.996558
3.112985
3.261590
3.381956
3.502237
3.656808
3.822940
3.873634
3.884257
3.912096
3.916261
3.969638
4.034684
4.073237
4.111197
4.087659
4.034870
3.983908
3.913504
3.849466
3.779219
3.688587
3.587045
3.513771
3.445253
3.364061
3.282699
3.178070
3.062118
2.946892
2.824205
2.834192
2.897211
2.946793
3.029557
3.073346
3.114678
3.191933
3.279196
3.304305
3.311463
3.331944
3.343101
3.389579
3.448128
3.495606
3.547772
3.400367
3.169069
4.003914
5.231954
0.250362
4.681626
3.337858
3.290285
3.276046
3.271890
3.260942
3.255360
3.232002
3.202877
3.180017
3.155238
3.151590
3.156697
3.158955
3.166343
3.168690
3.170994
3.178801
3.188396
3.185519
3.178754
3.174422
3.167983
3.167911
3.169817
3.169288
3.169323
3.163701
3.155680
3.148468
3.139876
3.132454
3.124967
3.116009
3.106519
3.100623
3.095851
3.090361
3.085473
3.078770
3.071499
3.064924
3.058187
3.058331
3.061400
3.064010
3.068524
3.071428
3.074490
3.079589
3.085458
3.088315
3.090468
3.093564
3.096412
3.101329
3.107112
3.112555
3.118480
3.121851
3.124326
3.127405
3.130052
3.133667
3.137555
3.140958
3.144384
3.149621
3.155588
3.161498
3.167917
3.048182
2.875000
3.667380
4.832200
0.318031
4.381454
3.196293
3.196104
3.197292
3.198590
3.198693
3.198486
3.200060
3.202121
3.203774
3.205669
3.206479
3.206899
3.207613
3.208155
3.211101
3.215021
3.218661
3.222892
3.226467
3.230010
3.234192
3.238561
3.241679
3.244420
3.247414
3.250206
3.253671
3.257354
3.260802
3.264322
3.264948
3.264352
3.263955
3.262763
3.262271
3.261725
3.260328
3.258618
3.258170
3.258023
3.257490
3.257067
3.255787
3.254154
3.252668
3.250989
3.250430
3.250274
3.249870
3.249667
3.249055
3.248338
3.247845
3.247354
3.246097
3.244538
3.243016
3.241288
3.239816
3.238361
3.236680
3.234939
3.234975
3.235716
3.236314
3.237371
3.237872
3.238336
3.239296
3.240392
3.240772
3.240962
3.241328
3.241603
3.242329
3.243224
3.244007
3.244869
3.244752
3.244244
3.243859
3.243240
3.242899
3.242579
3.242006
3.241364
3.241244
3.241287
3.241235
3.241274
3.241045
3.240736
3.240531
3.240305
3.240856
3.241740
3.242569
3.243613
3.244478
3.245364
3.246478
3.247680
3.248531
3.249296
3.250170
3.251013
3.252093
3.253271
3.254407
3.255597
3.256516
3.257340
3.258230
3.259076
3.260026
3.261005
3.261935
3.262868
3.263998
3.265209
3.266414
3.267676
3.268878
3.270081
3.271345
3.272628
3.273388
3.273940
3.274536
3.274997
3.275623
3.276261
3.276753
3.277206
3.277874
3.278601
3.279277
3.279981
3.280552
3.281074
3.281631
3.282166
3.282987
3.283923
3.284824
3.285795
3.286685
3.287571
3.288531
3.289513
3.290343
3.291127
3.291939
3.292726
3.293592
3.294483
3.295344
3.296212
3.296937
3.297601
3.298279
3.298919
3.299591
3.300262
3.300891
3.301506
3.302193
3.302900
3.303588
3.304285
3.304938
3.305575
3.306223
3.306862
3.307547
3.308247
3.308938
3.309637
3.310322
3.311002
3.311692
3.312383
3.313042
3.313689
3.314337
3.314978
3.315630
3.316283
3.316927
3.317569
3.318326
3.319130
3.319926
3.320754
3.321550
3.322345
3.323174
3.324014
3.324809
3.325594
3.326392
3.327187
3.328012
3.328850
3.329683
3.330523
3.331306
3.332066
3.332836
3.333594
3.334371
3.335151
3.335919
3.336684
3.337483
3.338295
3.339103
3.339918
3.340720
3.341518
3.342326
3.343134
3.343424
3.343495
3.343589
3.343536
3.343611
3.343675
3.343581
3.343427
3.343468
3.343548
3.343556
3.343573
3.343440
3.343239
3.343052
3.342824
3.342827
3.342910
3.342941
3.343011
3.342991
3.342945
3.151481
2.878547
4.076595
5.842094
-1.043303
5.150212
3.341857
3.341643
3.341381
3.341104
3.341064
3.341113
3.341136
3.341215
3.341207
3.341187
3.341227
3.341278
3.341227
3.341143
3.341075
3.340989
3.340955
3.340937
3.340897
3.340860
3.340675
3.340425
3.340185
3.339904
3.339655
3.339402
3.339105
3.338790
3.338541
3.338309
3.338055
3.337806
3.337511
3.337197
3.336890
3.336572
3.336523
3.336585
3.336624
3.336733
3.336769
3.336805
3.336916
3.337052
3.337067
3.337050
3.337064
3.337063
3.337138
3.337241
3.337325
3.337424
3.337404
3.337338
3.337291
3.337218
3.337181
3.337149
3.337089
3.337024
3.337028
3.337057
3.337077
3.337111
3.337114
3.337111
3.337123
3.337137
3.336989
3.336775
3.336568
3.336316
3.336109
3.335901
3.335644
3.335370
3.335154
3.334949
3.334725
3.334503
3.334238
3.333953
3.333672
3.333380
3.333171
3.332991
3.332796
3.332617
3.332408
3.332193
3.331996
3.331800
3.331553
3.331286
3.331024
3.330749
3.330492
3.330238
3.329971
3.329700
3.329413
3.329117
3.328818
3.328512
3.328203
3.327889
3.327568
3.327241
3.326918
3.326595
3.326265
3.325932
3.325591
3.325244
3.324894
3.324540
3.324180
3.323815
3.323446
3.323072
3.322693
3.322311
3.321924
3.321532
3.321135
3.320734
3.320328
3.319917
3.319502
3.319082
3.318658
3.318229
3.317814
3.317404
3.316987
3.316572
3.316148
3.315719
3.315292
3.314862
3.314420
3.313973
3.313523
3.313069
3.312616
3.312160
3.311700
3.311236
3.310760
3.310276
3.309789
3.309297
3.308803
3.308305
3.307802
3.307294
3.306787
3.306278
3.305764
3.305247
3.304724
3.304197
3.303666
3.303132
3.302577
3.302012
3.301444
3.300867
3.300291
3.299710
3.299120
3.298525
3.297931
3.297335
3.296732
3.296126
3.295511
3.294890
3.294266
3.293636
3.293011
3.292384
3.291751
3.291116
3.290474
3.289827
3.289178
3.288525
3.287863
3.287195
3.286523
3.285846
3.285167
3.284483
3.283795
3.283102
3.282411
3.281719
3.281022
3.280322
3.279616
3.278906
3.278194
3.277477
3.276754
3.276027
3.275296
3.274560
3.273821
3.273080
3.272333
3.271583
3.270824
3.270060
3.269292
3.268519
3.267743
3.266963
3.266178
3.265388
3.264596
3.263801
3.263001
3.262197
3.261387
3.260574
3.259756
3.258935
3.259356
3.260304
3.261194
3.262438
3.263376
3.264342
3.265687
3.267175
3.268188
3.269106
3.270194
3.271261
3.272691
3.274283
3.275838
3.277492
3.278603
3.279525
3.280573
3.281528
3.282696
3.283925
3.285050
3.286181
3.287685
3.289338
3.290981
3.292731
3.294364
3.295998
3.297745
3.299529
3.300720
3.301689
3.302722
3.303614
3.304718
3.305854
3.306836
3.307790
3.309000
3.310288
3.311535
3.312828
3.313986
3.315105
3.316277
3.317439
3.318968
3.320654
3.322313
3.324075
3.325753
3.327442
3.329239
3.331077
3.332749
3.334381
3.336064
3.337733
3.339514
3.341342
3.343151
3.344985
3.343898
3.341578
3.339411
3.336421
3.334158
3.331834
3.328630
3.325099
3.322714
3.320570
3.318033
3.315562
3.312241
3.308547
3.304956
3.301145
3.298597
3.296495
3.294110
3.291948
3.289302
3.286525
3.283996
3.281461
3.278072
3.274342
3.270643
3.266708
3.263049
3.259400
3.255494
3.251513
3.248989
3.247022
3.244912
3.243157
3.240901
3.238582
3.236651
3.234803
3.232343
3.229703
3.227177
3.224551
3.222269
3.220097
3.217808
3.215556
3.212430
3.208937
3.205520
3.201872
3.198436
3.194989
3.191295
3.187511
3.184146
3.180892
3.177526
3.174209
3.170632
3.166956
3.163341
3.159677
3.158554
3.158495
3.158277
3.158760
3.158599
3.158476
3.159104
3.160002
3.159851
3.159459
3.159398
3.159253
3.159842
3.160739
3.161522
3.162477
3.162348
3.161828
3.161532
3.161034
3.160927
3.160914
3.160677
3.160430
3.160896
3.161636
3.162334
3.163218
3.163853
3.164463
3.165277
3.166140
3.176852
3.191800
3.206375
3.223820
3.238983
3.254481
3.273045
3.292828
3.308930
3.324362
3.341239
3.358028
3.377782
3.398908
3.419826
3.441613
3.459332
3.475705
3.493151
3.509991
3.528573
3.547726
3.566187
3.584804
3.606397
3.629256
3.652144
3.675952
3.698979
3.722106
3.746221
3.770721
3.781634
3.787051
3.793460
3.796277
3.803049
3.809925
3.812920
3.814731
3.822056
3.830762
3.837974
3.845781
3.849966
3.852731
3.856257
3.859057
3.725665
3.534064
3.347591
3.121600
2.928183
2.730652
2.490850
2.234583
2.380625
2.685657
2.955963
3.328598
3.575429
3.813006
4.161660
4.539919
4.052423
3.222186
2.698663
2.053357
3.597491
6.048634
18.843406
16.399147
19.328412
18.498163
18.906229
18.648436
18.882235
19.144300
18.705733
18.034349
18.567418
19.429687
19.993452
20.712011
20.708130
20.437783
20.356451
20.154176
20.090250
20.048530
19.877152
19.675659
19.383811
19.025675
18.639232
18.200113
18.266782
18.520981
18.698618
18.985116
19.090854
19.162585
19.354189
19.561723
19.500504
19.345089
19.218703
19.032070
18.961750
18.915761
18.802622
18.684629
18.711921
18.791646
18.859549
18.962377
19.005155
19.037496
19.108485
19.184670
19.213597
19.228944
19.252013
19.267000
19.309991
19.361927
19.404351
19.449884
19.450206
19.431741
19.418369
19.393573
19.379798
19.365899
19.339739
19.309470
19.303404
19.304411
19.300025
19.299222
19.284987
19.266144
19.251546
19.235173
19.233193
19.236956
19.238294
19.242815
19.243456
19.243680
19.247347
19.251874
19.247158
19.239278
19.232712
19.224244
19.219864
19.216471
19.210944
19.205403
19.190303
19.170902
19.151884
19.130000
19.109779
19.088963
19.065114
19.039870
19.018696
18.998279
18.976220
18.954247
18.929062
18.902376
18.875906
18.848483
18.823560
18.799277
18.773903
18.748629
18.721919
18.694529
18.667296
18.639659
18.609503
18.578104
18.546396
18.513708
18.481297
18.448513
18.414699
18.380301
18.384241
18.404111
18.421715
18.449879
18.467886
18.486281
18.516027
18.549709
18.568236
18.583362
18.603305
18.622100
18.651697
18.685862
18.718410
18.753554
18.770960
18.781864
18.796208
18.807090
18.824229
18.842773
18.857492
18.871903
18.897536
18.927396
18.956424
18.988266
19.015944
19.043081
19.073305
19.104147
19.104353
19.092140
19.081913
19.063467
19.053964
19.044625
19.026408
19.005438
18.996307
18.989983
18.980228
18.971581
18.954796
18.934704
18.916083
18.895677
18.891270
18.892989
18.892182
18.894865
18.892432
18.889190
18.889762
18.891035
18.883078
18.871925
18.861927
18.849945
18.842013
18.834997
18.825761
18.816440
18.819998
18.828760
18.836860
18.848481
18.856229
18.863909
18.875395
18.888059
18.896235
18.903456
18.912121
18.920476
18.932176
18.945307
18.957986
18.971497
18.977699
18.981135
18.985743
18.988779
18.994235
19.000108
19.004259
19.008129
19.016193
19.025727
19.034776
19.044751
19.052926
19.060717
19.069542
19.078435
19.080084
19.078791
19.077891
19.075012
19.074266
19.073543
19.070683
19.067151
19.066225
19.065866
19.064682
19.063688
19.060784
19.057070
19.053629
19.049722
19.049776
19.051327
19.052227
19.053971
19.054397
19.054590
19.055708
19.056970
19.055929
19.054074
19.052474
19.050358
19.049216
19.048273
19.046755
19.045189
19.046178
19.048170
19.049997
19.052496
19.054156
19.055757
19.058087
19.060611
19.062225
19.063621
19.065262
19.066809
19.068978
19.071394
19.073687
19.076110
19.076960
19.077188
19.077618
19.077674
19.078197
19.078765
19.078929
19.078992
19.079883
19.081036
19.082045
19.083203
19.083944
19.084561
19.085349
19.086109
19.087365
19.088837
19.090259
19.091813
19.093271
19.094745
19.096360
19.098032
19.099431
19.100756
19.102152
19.103516
19.105042
19.106630
19.108176
19.109751
19.111223
19.112659
19.114130
19.115587
19.117084
19.118595
19.120091
19.121592
19.123187
19.124823
19.126460
19.128125
19.129768
19.131414
19.133092
19.134783
19.135998
19.137020
19.138075
19.139005
19.140071
19.141139
19.142072
19.142961
19.144044
19.145174
19.146250
19.147347
19.148316
19.149235
19.150179
19.151097
19.152253
19.153500
19.154711
19.155973
19.157161
19.158338
19.159572
19.160817
19.161924
19.162984
19.164062
19.165111
19.166221
19.167345
19.168436
19.169527
19.173756
19.179317
19.184741
19.191063
19.196614
19.202243
19.208834
19.215789
19.221568
19.227118
19.233104
19.239043
19.245901
19.253174
19.260363
19.267808
19.273872
19.279459
19.285370
19.291050
19.297280
19.303669
19.309798
19.315949
19.323051
19.330540
19.338009
19.345751
19.353205
19.360663
19.368415
19.376265
19.375338
19.370752
19.366648
19.360105
19.355870
19.351526
19.344561
19.336675
19.332185
19.328430
19.323555
19.318906
19.311776
19.303578
19.295713
19.287227
19.119962
18.884881
19.900350
21.399333
15.538285
20.802001
19.260054
19.256180
19.249694
19.242211
19.234896
19.226909
19.219861
19.212915
19.205233
19.197387
19.198460
19.203173
19.207324
19.213886
19.217908
19.221919
19.228532
19.235977
19.239962
19.243140
19.247350
19.251255
19.257567
19.264869
19.271760
19.279194
19.296692
19.318683
19.340800
19.366142
19.389431
19.413371
19.440739
19.469652
19.355483
19.181519
19.015352
18.809331
18.640498
18.469637
18.255980
18.027101
18.151174
18.413762
18.645035
18.965267
18.287932
17.224507
17.533927
18.140929
8.263535
8.036386
6.816236
8.585615
7.848691
7.341127
8.635936
10.539741
7.481917
2.789169
8.831263
6.398102
7.213071
6.575198
7.045965
7.651577
7.552653
7.334535
7.295190
7.201455
7.323509
7.530823
7.673950
7.852569
7.790984
7.637029
7.529660
7.373393
7.289419
7.218224
7.093663
6.960039
6.988551
7.076152
7.146957
7.255474
7.300051
7.333315
7.408241
7.488821
7.495131
7.476899
7.468055
7.443840
7.455521
7.476267
7.479629
7.483643
7.515238
7.557033
7.598175
7.646741
7.683989
7.719831
7.763840
7.809466
7.817522
7.811216
7.808268
7.796041
7.796910
7.799358
7.791662
7.781777
7.803670
7.836984
7.866581
7.903314
7.927221
7.948621
7.977931
8.008074
7.997354
7.970474
7.946282
7.911333
7.889463
7.868401
7.835663
7.799720
9.072448
10.899273
12.666263
14.806026
15.181459
14.974526
15.229071
15.220245
15.514561
15.863311
15.930023
15.934338
15.756476
15.441994
15.068533
14.586663
14.680688
14.962709
15.107209
15.342273
15.317884
15.210976
15.207910
15.182886
15.227849
15.303296
15.353820
15.415436
15.470732
15.525897
15.592619
15.663528
15.649153
15.601675
15.562301
15.501831
15.469468
15.440037
15.387621
15.329776
15.354883
15.410307
15.456352
15.521397
15.554284
15.581400
15.629496
15.680408
15.696573
15.701496
15.710999
15.713503
15.733411
15.757929
15.774489
15.791665
15.751885
15.687315
15.625777
15.547881
15.481978
15.413833
15.328263
15.235497
15.167006
15.103627
15.031615
14.960895
14.872262
14.775700
14.681180
14.581915
14.597636
14.660276
14.713064
14.795822
14.846847
14.897370
14.980208
15.073200
15.114767
15.142633
15.183485
15.217997
15.284279
15.362483
15.432858
15.508851
15.516530
15.496944
15.486059
15.458866
15.451167
15.445041
15.421262
15.392773
15.400840
15.420384
15.433337
15.452734
15.453512
15.448689
15.451287
15.452448
15.540600
15.665879
15.785978
15.930482
16.054774
16.181354
16.334028
16.496737
16.403504
16.208834
16.035795
15.797322
15.548504
15.266911
14.918202
14.524481
14.952575
15.702150
15.051806
14.043473
14.173674
-0.240533
0.652414
1.363367
-0.110801
-0.979152
-0.191770
1.352634
0.756533
-0.220272
-0.307982
-0.422445
-0.535191
-0.565598
-0.616706
-0.637855
-0.416485
-0.080076
0.276724
0.721789
0.717527
0.565600
0.524577
0.413967
0.501525
0.652538
0.723854
0.811978
0.774223
0.682344
0.612660
0.513726
0.437102
0.358614
0.249064
0.127785
0.099094
0.101013
0.086553
0.089271
0.049134
-0.002923
-0.035479
-0.069861
-0.099062
-0.124849
-0.152595
-0.179026
-0.202551
-0.224431
-0.245090
-0.264152
-0.292540
-0.324019
-0.353433
-0.384403
-0.411239
-0.436828
-0.464190
-0.491284
-0.454562
-0.390749
-0.329424
-0.249704
-0.185744
-0.120133
-0.034821
0.057979
0.127556
0.192846
0.267045
0.340567
0.432708
0.533396
0.632651
0.737273
0.723315
0.661264
0.609871
0.527919
0.479343
0.431777
0.351223
0.260640
0.223700
0.201391
0.166126
0.137885
0.077251
0.004754
-0.059179
-0.128458
-0.143985
-0.138240
-0.140278
-0.129967
-0.135138
-0.141933
-0.135340
-0.125451
-0.146354
-0.177397
-0.203594
-0.235741
-0.253282
-0.266883
-0.287235
-0.307066
-0.305459
-0.295202
-0.285383
-0.269427
-0.260217
-0.251047
-0.235236
-0.217333
-0.205139
-0.193689
-0.179775
-0.165766
-0.146402
-0.124453
-0.102617
-0.079051
-0.069529
-0.065183
-0.058442
-0.054594
-0.045747
-0.035874
-0.029194
-0.022862
-0.008434
0.008937
0.025574
0.044134
0.059440
0.074186
0.091058
0.108227
0.108075
0.100918
0.094833
0.084086
0.078461
0.072944
0.062390
0.050285
0.044703
0.040635
0.034642
0.029230
0.019259
0.007415
-0.003645
-0.015732
-0.018520
-0.017750
-0.018437
-0.017092
-0.018732
-0.020845
-0.020737
-0.020222
-0.025038
-0.031697
-0.037686
-0.044819
-0.049606
-0.053859
-0.059392
-0.064970
-0.063776
-0.059857
-0.056287
-0.050873
-0.047530
-0.044240
-0.038954
-0.033063
-0.029508
-0.026451
-0.022651
-0.019016
-0.013644
-0.007530
-0.001657
0.004646
0.007019
0.007897
0.009386
0.010018
0.011934
0.014060
0.015249
0.016273
0.019521
0.023540
0.027285
0.031509
0.034757
0.037785
0.041349
0.044936
0.044272
0.041866
0.039670
0.036298
0.034139
0.031967
0.028527
0.024668
0.022326
0.020297
0.017762
0.015318
0.011731
0.007648
0.003705
-0.000533
-0.002511
-0.003650
-0.005191
-0.006270
-0.008131
-0.010151
-0.011663
-0.013116
-0.015925
-0.019229
-0.022409
-0.025913
-0.028879
-0.031755
-0.034987
-0.038272
-0.040036
-0.041214
-0.042516
-0.043434
-0.044879
-0.046380
-0.047464
-0.048452
-0.050017
-0.051738
-0.053332
-0.055007
-0.056326
-0.057517
-0.058807
-0.060040
-0.062237
-0.064829
-0.067321
-0.070059
-0.072540
-0.075016
-0.077756
-0.080579
-0.082926
-0.085138
-0.087459
-0.089711
-0.092237
-0.094858
-0.097398
-0.099977
-0.099814
-0.098493
-0.097331
-0.095404
-0.094154
-0.092850
-0.090727
-0.088301
-0.086990
-0.085926
-0.084494
-0.083138
-0.080981
-0.078479
-0.076089
-0.073500
-0.072061
-0.071029
-0.069743
-0.068661
-0.067147
-0.065519
-0.064118
-0.062715
-0.060534
-0.058045
-0.055588
-0.052919
-0.050505
-0.048103
-0.045470
-0.042772
-0.041542
-0.040882
-0.040088
-0.039661
-0.038746
-0.037781
-0.037214
-0.036742
-0.035664
-0.034415
-0.033293
-0.032081
-0.031225
-0.030491
-0.029650
-0.028858
-0.027212
-0.025214
-0.023304
-0.021175
-0.019267
-0.017360
-0.015218
-0.013001
-0.011209
-0.009537
-0.007767
-0.006056
-0.004100
-0.002056
-0.000084
0.001924
0.002795
0.003191
0.003673
0.003849
0.004313
0.004766
0.004891
0.004900
0.005413
0.006052
0.006548
0.007095
0.007313
0.007400
0.007553
0.007637
0.008184
0.008902
0.009530
0.010249
0.010812
0.011342
0.011972
0.012612
0.012954
0.013185
0.013440
0.013621
0.013915
0.014226
0.014455
0.014670
0.015581
0.016772
0.017918
0.019249
0.020373
0.021491
0.022810
0.024190
0.025302
0.026349
0.027472
0.028569
0.029849
0.031202
0.032521
0.033879
0.034865
0.035707
0.036606
0.037421
0.038354
0.039303
0.040162
0.041003
0.042055
0.043178
0.044273
0.045412
0.046455
0.047475
0.048544
0.049614
0.049505
0.048902
0.048349
0.047461
0.046873
0.046261
0.045290
0.044187
0.043516
0.042929
0.042183
0.041455
0.040389
0.039171
0.037985
0.036705
0.035971
0.035428
0.034766
0.034200
0.033422
0.032588
0.031862
0.031132
0.030039
0.028801
0.027577
0.026251
0.025044
0.023840
0.022528
0.021184
0.020344
0.019694
0.018987
0.018399
0.017625
0.016821
0.016147
0.015495
0.014626
0.013689
0.012785
0.011839
0.011006
0.010205
0.009357
0.008515
0.007351
0.006048
0.004765
0.003392
0.002089
0.000776
-0.000633
-0.002081
-0.003386
-0.004658
-0.005976
-0.007284
-0.008692
-0.010143
-0.011578
-0.013038
-0.013822
-0.014329
-0.014890
-0.015271
-0.015835
-0.016399
-0.016770
-0.017078
-0.017683
-0.018364
-0.018966
-0.019602
-0.020049
-0.020422
-0.020837
-0.021217
-0.021892
-0.022682
-0.023422
-0.024225
-0.024934
-0.025628
-0.191769
-0.428290
0.606076
2.130702
-3.816982
1.532433
-0.029953
-0.030559
-0.031121
-0.031679
-0.032630
-0.033742
-0.034833
-0.036032
-0.037119
-0.038207
-0.039412
-0.040656
-0.041756
-0.042825
-0.043941
-0.045048
-0.046260
-0.047517
-0.048761
-0.050031
-0.051095
-0.052083
-0.053108
-0.054090
-0.055142
-0.056208
-0.057228
-0.058242
-0.059380
-0.060562
-0.061732
-0.062932
-0.064082
-0.065224
-0.066398
-0.067576
-0.067512
-0.066926
-0.066397
-0.065517
-0.064952
-0.064363
-0.063396
-0.062290
-0.061653
-0.061109
-0.060399
-0.059712
-0.058667
-0.057463
-0.056296
-0.055033
-0.054334
-0.053834
-0.053210
-0.052686
-0.051946
-0.051148
-0.050461
-0.049772
-0.048708
-0.047494
-0.046294
-0.044991
-0.043810
-0.042635
-0.041347
-0.040027
-0.039270
-0.038727
-0.038124
-0.037656
-0.036986
-0.036288
-0.035737
-0.035215
-0.034453
-0.033618
-0.032823
-0.031986
-0.031278
-0.030609
-0.029891
-0.029184
-0.028126
-0.026919
-0.025738
-0.024461
-0.023265
-0.022061
-0.020755
-0.019409
-0.018225
-0.017081
-0.015888
-0.014711
-0.013427
-0.012100
-0.010793
-0.009463
-0.008801
-0.008415
-0.007977
-0.007716
-0.007277
-0.006841
-0.006595
-0.006413
-0.005937
-0.005387
-0.004916
-0.004413
-0.004099
-0.003858
-0.003577
-0.003332
-0.002799
-0.002155
-0.001562
-0.000909
-0.000348
0.000197
0.000808
0.001430
0.001874
0.002254
0.002654
0.003013
0.003446
0.003893
0.004295
0.004692
0.005481
0.006429
0.007356
0.008389
0.009309
0.010229
0.011265
0.012337
0.013265
0.014161
0.015102
0.016032
0.017067
0.018147
0.019210
0.020299
0.021182
0.021987
0.022827
0.023623
0.024489
0.025367
0.026198
0.027022
0.027967
0.028956
0.029932
0.030936
0.031890
0.032834
0.033808
0.034786
0.035232
0.035456
0.035707
0.035809
0.036053
0.036289
0.036366
0.036386
0.036605
0.036865
0.037057
0.037260
0.037314
0.037302
0.037308
0.037275
0.037498
0.037812
0.038076
0.038388
0.038607
0.038803
0.039053
0.039306
0.039395
0.039423
0.039460
0.039455
0.039508
0.039568
0.039581
0.039583
0.039813
0.040130
0.040426
0.040778
0.041050
0.041313
0.041637
0.041973
0.042218
0.042435
0.042671
0.042892
0.043165
0.043457
0.043731
0.044012
0.044152
0.044233
0.044327
0.044384
0.044476
0.044567
0.044618
0.044656
0.044761
0.044883
0.044989
0.045102
0.045175
0.045232
0.045299
0.045358
0.045739
0.046255
0.046749
0.047331
0.047831
0.048335
0.048934
0.049565
0.050062
0.050527
0.051033
0.051527
0.052114
0.052739
0.053349
0.053979
0.054473
0.054918
0.055390
0.055836
0.056330
0.056835
0.057311
0.057786
0.058349
0.058946
0.059536
0.060150
0.060731
0.061309
0.061911
0.062519
0.062948
0.063305
0.063676
0.064000
0.064380
0.064764
0.065098
0.065417
0.065807
0.066215
0.066606
0.067004
0.067358
0.067694
0.068040
0.068378
0.068816
0.069294
0.069759
0.070247
0.070707
0.071163
0.071646
0.072135
0.072570
0.072988
0.073416
0.073834
0.074279
0.074732
0.075174
0.075618
