1.205872
-1.671319
0.064030
-0.675152
0.144812
0.775130
0.180697
-0.965583
-1.688114
-1.591675
-1.691301
-5.160844
-1.373553
-1.936096
-1.346493
-2.309352
-1.938518
1.326178
3.360662
-0.397761
3.693498
0.840763
2.536766
-0.558583
5.945080
1.987534
2.011793
3.872923
-0.978734
-3.371561
0.449897
-3.087219
4.433435
2.067460
1.707708
-2.204670
0.058737
2.715998
0.132581
-0.003274
1.090002
2.220148
-2.006143
-0.359429
0.519640
-0.704751
-2.805556
-2.844444
-3.007833
1.229347
0.482496
-3.282333
1.478224
0.446473
-1.924723
-1.020273
1.836333
-3.032122
1.835673
-1.571400
-0.470529
-1.309412
-4.271323
-2.084004
-0.929260
-0.194899
0.465847
0.980142
0.220785
-2.868804
0.663478
-0.073170
1.695236
-2.468973
-2.430418
0.353449
1.482408
1.011163
2.821346
0.252753
-4.088968
0.879140
1.101084
2.292087
0.723700
0.247918
-2.296471
0.554190
1.799819
2.882052
-0.996346
-1.326681
-1.638892
-1.158524
0.008965
2.983608
0.006887
2.743368
-2.297083
1.686040
-4.064964
-1.660718
2.213573
-0.806939
-1.394138
-1.209802
3.438824
-0.269455
-1.248840
-0.342542
0.894005
2.286071
1.332560
-3.029004
-1.866480
2.607705
2.676207
2.634177
1.867014
1.527864
-1.695838
-0.826546
0.330589
1.690648
1.382604
1.523918
3.570895
0.088773
-0.602799
2.179474
2.134479
1.823462
3.653024
-2.249198
-2.879544
-3.409758
2.852590
-0.325732
0.285567
2.148830
-0.595854
0.482942
1.736124
-0.509213
-3.321271
0.185168
2.816765
3.068343
0.443469
-1.249957
1.075448
-4.672422
2.300818
-1.455871
1.811180
-3.047063
1.783173
-2.053846
0.087526
-1.590814
0.728702
-1.256081
0.283141
1.436113
3.916299
0.186589
0.522612
0.622330
2.095301
-1.021725
-1.602621
3.022416
1.441649
1.828046
0.696540
2.098011
-0.644441
-2.832758
-1.019289
1.492503
-0.292387
-1.328631
-0.227214
0.947460
2.632837
-1.527970
3.681250
1.734055
-1.972771
-1.103934
1.119043
-0.582741
0.652559
-1.537387
2.475204
-4.420714
-3.315806
0.118760
-1.316249
-1.255661
0.451770
0.262597
-1.088264
-0.166491
-3.640080
-1.023385
-2.337985
-0.757671
-1.031845
2.168285
-3.909240
1.179008
1.834671
-1.421361
1.131017
4.183760
-2.272928
1.784220
0.337754
-0.770376
0.399285
0.130056
1.155423
0.287354
-2.251824
-0.179728
-0.911373
1.362848
0.971346
0.504777
0.477257
1.650990
2.255659
1.054031
-1.473212
0.520723
-2.271997
0.357938
1.142512
2.340785
-1.605117
1.526652
0.600068
-0.923361
0.295579
1.955395
-2.382836
3.493421
1.994682
0.000083
-1.330715
-0.590045
-0.866290
-0.482618
-1.794562
4.378244
-2.657761
0.753918
3.198935
-1.458954
1.099674
2.860036
1.111327
1.004155
0.084627
1.559893
-0.688309
-0.344519
-1.672697
-0.026294
0.240486
-2.511518
1.913895
-1.476454
3.443035
2.178398
-0.291600
0.831943
-0.413237
1.329748
1.418784
-0.121528
-3.659661
-1.669640
-1.114402
0.802079
-0.202307
-3.660942
5.776238
-2.714931
3.266626
2.871569
0.954797
2.055547
1.883885
-0.951837
2.750361
2.866894
-0.176489
-1.441959
3.512229
2.006987
-1.036458
-2.834669
-0.685751
1.726547
-1.038443
2.661844
3.640297
-1.331883
0.674463
-0.248756
3.075763
3.595818
-0.848989
-1.030399
1.067601
-1.406167
0.660289
0.985546
-0.732467
0.878531
-3.985733
-1.916856
3.067108
2.235924
-0.869821
4.550320
-0.606431
3.526009
1.527988
4.415510
1.640545
2.764406
-0.560525
-4.697543
-3.442337
1.849115
-1.251514
0.818560
1.729054
1.402405
0.058906
-1.368649
1.445883
0.555098
1.052006
-0.132523
0.333095
0.123826
-0.070507
1.507152
-0.727495
1.428634
0.673372
-3.461281
-1.699485
-3.000294
-2.598254
0.049981
-1.651541
-0.407652
-0.854144
2.099651
0.655122
-0.477632
-1.594301
0.068264
1.460286
-0.956533
0.377515
0.136162
-4.157452
0.016808
-1.585970
-0.421224
-1.486097
1.844649
-1.048800
2.425660
-2.673441
-0.574332
0.715245
-0.521309
-1.540563
0.079861
0.981253
-1.395669
2.570505
-0.672824
2.510541
0.887720
-0.772913
1.272182
-0.850787
-1.624246
-1.528114
-3.036988
0.457089
-0.360208
-1.628248
0.535583
3.087180
-0.337967
-1.926762
1.022182
0.591955
-1.878225
0.965715
16.933325
17.548909
15.314798
9.177996
14.494206
15.794093
11.583637
14.397624
14.848666
15.169042
17.863124
15.614214
13.928114
16.193066
14.199998
13.334021
15.580576
12.816175
16.663441
12.276792
13.804115
15.322119
13.431795
15.737379
15.740994
12.881767
12.316893
13.737436
17.205433
13.806114
14.299778
14.705968
12.031397
12.101645
11.469909
14.083005
15.380686
11.509305
10.180806
15.150219
12.849282
12.298606
15.574145
13.089926
13.470441
12.918631
15.408335
14.661321
15.654668
13.609499
15.223887
14.673985
16.640735
11.971996
16.517661
15.048092
15.967142
15.132128
14.669410
13.396466
15.600480
14.084070
15.492729
14.452609
11.619045
14.927906
16.761575
17.231905
15.155383
18.145912
14.316208
13.184221
12.614089
12.363059
16.908489
16.094996
16.112011
13.674310
9.732757
16.206057
15.595765
18.567003
12.721489
13.104692
16.712057
16.277935
13.698625
17.207359
13.615186
14.479693
17.194154
15.925227
16.876696
12.903593
15.670869
18.516425
14.220526
15.563983
15.819032
12.376298
13.899470
14.804032
15.290163
17.101779
15.252448
15.354939
15.603799
18.455084
12.355060
17.117172
13.444351
14.297762
13.569877
12.211999
17.410960
15.155115
11.618234
16.159599
12.691619
13.056647
12.942243
14.528026
14.453276
-2.435830
-4.789916
-5.440830
-6.598491
-6.826197
-3.462649
-3.906683
-5.137233
-1.704600
-4.588929
-3.481676
-4.029474
-4.323941
-3.021623
-7.140153
-0.956169
-3.962853
-3.769694
-4.551235
-3.057138
-1.454437
-5.885931
0.723381
-4.784427
-0.957905
-3.319702
-0.523058
-2.821584
-2.759140
-7.673302
-3.948591
-5.900447
-1.396370
-4.025407
-1.922858
0.357989
-8.387074
-3.064013
-3.304761
-2.816873
-5.518345
-2.631148
-1.217562
-8.251315
-8.326637
-6.691704
-5.511709
-4.211700
-3.292072
-4.302173
0.076179
-4.021619
-2.404297
-6.305610
-8.020372
-4.187500
-1.312105
-2.024652
-0.933447
-3.485548
-7.137775
-2.007452
-2.787016
-6.307228
-5.086196
-3.199955
-2.872487
2.831027
-3.177688
-3.849585
-4.640648
-3.415635
-1.281807
-6.205886
-6.341848
-3.837826
-4.582618
-0.595007
-2.400105
-1.752324
-2.940218
-4.678369
5.881729
6.846376
8.547183
6.605866
9.049149
8.169051
4.965640
4.405356
7.556787
5.062078
7.815134
5.988584
7.561609
6.008210
11.312914
7.513203
5.948781
8.148302
5.570502
10.497847
5.838385
7.343439
5.881325
6.670951
6.208685
4.545508
10.585035
8.112208
8.947741
9.473781
11.491385
8.016677
9.959245
8.389378
10.073622
7.991198
7.711927
5.922109
7.435555
6.877745
9.946246
7.655948
7.492901
7.810185
9.766695
8.387875
8.206023
3.175527
6.798796
9.161062
8.402266
6.866501
6.692521
9.429146
5.806764
7.167285
8.154333
5.898738
8.146671
4.441279
5.857043
5.515056
5.366995
7.162865
10.312233
10.265737
6.260043
7.395793
9.242046
8.459706
4.560509
9.073814
8.144648
7.183698
7.424905
6.621241
9.754805
9.765162
9.118197
6.489947
9.033026
9.085205
7.739964
5.608600
7.031110
5.769693
11.140110
8.847898
7.491496
7.860031
5.365080
7.086450
4.180476
3.497691
10.896490
9.705076
9.977144
3.147993
3.895591
7.045023
5.596515
4.522895
6.754797
6.953411
8.845491
9.742017
9.276198
4.377618
3.801501
9.094344
9.990370
9.965972
10.078598
7.401435
7.234349
6.555438
4.983765
7.368497
9.771403
9.612975
5.214561
7.755158
6.911746
5.693489
8.479324
7.599722
9.554491
9.199217
4.764639
9.087374
7.494307
5.211777
5.266062
9.494361
4.280736
7.060691
7.291245
11.294528
6.288984
7.571548
6.488677
8.046553
4.412088
8.642904
8.002982
2.671914
7.129269
8.289282
4.752386
9.003698
5.141221
7.774919
5.956837
10.356994
6.734985
4.521939
7.744512
10.268989
9.298873
9.866326
6.951395
8.396979
7.873738
6.030248
9.005617
7.261602
10.456900
5.435127
7.777483
8.317864
7.598109
8.317368
9.714707
8.329999
3.986302
8.908823
5.838955
5.458927
4.013942
6.284507
10.343223
6.155267
6.926403
12.502885
7.537427
8.022416
6.671024
7.787252
6.638426
7.222874
11.167303
5.270900
9.095944
3.164917
7.811986
7.876785
7.042367
9.571967
7.839720
7.137354
8.655322
9.210468
9.043150
5.479753
6.274713
5.724242
7.157870
7.050579
8.046103
9.448265
7.180832
7.199233
5.320057
8.999915
9.818448
8.822900
6.858692
9.677364
5.152496
8.269193
8.584740
7.503281
6.435343
4.953077
4.270035
5.518934
4.409911
6.570216
6.731216
9.692306
6.589275
5.595315
4.095700
5.828330
7.295636
6.851522
11.137131
4.405754
6.179377
8.299798
5.033015
7.475348
7.717537
7.665004
6.312106
8.669789
10.453091
7.997982
5.440878
5.497893
11.711520
6.294377
10.111708
5.543056
10.399784
4.758201
7.308564
6.712434
3.536520
9.835346
9.586839
3.391058
6.328560
6.707815
9.708045
6.759590
4.174075
6.892373
7.936240
4.927283
5.611630
10.464102
9.182357
7.006437
6.903018
1.880288
7.598423
10.331294
9.271627
5.802992
10.206113
8.445805
10.720029
9.344073
8.134336
7.521296
7.271302
10.650034
10.347839
9.353060
7.070730
9.111838
8.677103
5.488706
8.037262
10.306646
9.069813
7.535416
8.332946
3.432343
8.478553
7.338916
5.480944
5.278431
6.025190
5.913192
9.446325
6.891198
7.772508
8.147112
6.518236
7.402125
4.731118
7.668843
8.481364
9.047040
8.974207
5.087893
6.910595
8.088594
8.326333
5.225359
5.833680
6.807412
9.862669
5.291285
6.053891
6.297372
-5.921619
-11.679582
-9.772943
-6.298236
-5.266674
-5.713331
-7.725168
-8.850997
-9.057520
-8.831472
-13.702435
-10.064680
-9.548459
-11.653418
-7.314718
-1.868991
-8.298883
-6.527733
-7.446521
-9.031487
-4.032740
-6.413387
-7.166847
-5.530427
-6.479103
-10.089677
-10.537462
-6.478014
-6.873469
-6.183501
-9.012817
-4.342775
-8.519559
-12.620011
-6.479477
-6.921428
-4.457559
-7.932464
-6.109592
-9.862893
-7.679837
-8.661838
-7.369408
-9.848245
-8.388124
-3.271305
-9.338124
-11.000459
-4.246778
-9.538237
-9.630905
-5.866987
-6.662119
-13.604914
-6.268295
-9.876374
-5.456197
-6.061881
-10.400139
-6.085077
-11.595078
-5.337798
-5.413503
-8.449227
-6.605767
-9.120937
-6.334965
-8.101052
-10.566088
-8.187564
-2.213738
-7.002372
-5.234496
-7.557765
-5.596201
-7.282553
-6.263026
-6.172050
-6.242910
-5.615220
-5.914661
-0.463781
14.070816
10.982268
11.059754
10.454341
9.728898
12.822019
12.781835
9.786034
11.692746
4.305715
9.013229
8.055962
14.449226
12.342909
11.110507
11.889385
13.120972
8.267230
14.522940
11.779962
12.433495
8.611720
9.406954
8.671581
10.050528
15.320646
11.563854
7.114062
12.604544
9.574164
9.933036
13.974601
8.039724
15.854372
11.874869
11.712321
8.881781
8.214579
10.602151
11.159303
10.976287
7.857973
9.425124
11.717946
11.459325
12.317158
12.819240
12.967706
11.537299
11.114799
14.248672
12.501133
9.827237
11.590447
11.847120
9.444368
5.781569
10.603101
11.001705
10.411101
6.087373
12.212352
10.918232
10.909957
11.285684
7.529790
7.955541
10.014787
9.134609
12.648343
11.285736
10.411612
9.992308
6.550512
14.436378
10.682054
14.299881
9.626304
4.425245
7.212620
8.500668
14.440553
12.079185
13.566890
7.289036
10.180465
9.022920
13.122560
10.398139
9.842773
13.960744
11.770819
10.587294
15.652991
15.632888
9.426713
10.090541
11.611464
10.131948
8.947526
11.521393
16.022704
10.299008
15.004957
9.577795
10.474350
10.835189
8.330764
9.414635
8.583217
11.446661
10.661180
4.847721
9.773382
9.758271
10.566070
11.343787
13.122421
9.699380
8.013810
9.599329
10.024911
10.860616
12.023325
9.444180
12.719767
9.271254
14.331690
12.893632
11.673241
17.615215
10.706488
11.953318
8.486994
9.321265
6.523054
14.107295
6.748816
11.809276
8.244675
13.426346
8.015452
9.152065
15.726561
8.272404
10.444446
13.499776
11.725862
11.841490
10.297941
12.674796
12.349305
12.710330
12.539984
11.110920
7.987992
6.633016
8.256346
10.835919
11.736237
14.822918
11.487041
8.131649
11.802205
10.469836
14.234027
10.817653
12.837508
11.380731
7.825487
11.150873
8.631102
9.442182
6.612456
8.093093
14.044292
7.687838
11.805658
12.518191
9.015857
11.688802
10.132993
11.496691
9.278218
12.498003
13.456582
11.613343
6.815795
6.608251
11.928183
9.064001
14.155529
10.583080
16.126165
9.264491
12.085910
12.795025
11.561410
10.444534
11.226551
8.440264
11.388960
8.185878
10.054872
10.983641
13.735930
9.760425
9.553932
4.376981
8.471904
8.714911
8.857839
13.099272
9.049039
9.719735
9.911169
12.992574
8.923586
11.725216
12.128028
4.283906
10.276055
7.908795
11.535700
9.987248
12.449928
8.772921
14.591266
8.251060
11.936789
4.064506
12.668022
11.023551
9.092390
11.325331
11.388598
11.401937
11.797778
12.225814
7.427596
9.602004
13.683602
10.259692
7.023586
8.945294
9.628936
13.333957
10.723976
13.945771
10.308351
12.285141
10.213399
11.739188
12.244959
11.237987
14.189398
11.969336
13.262064
13.509905
12.373341
9.086252
8.991577
10.009916
13.260320
10.014932
14.041200
14.377103
9.779539
10.663275
12.798640
10.755944
10.560139
9.378238
7.740783
13.534193
10.073799
13.323861
7.363323
13.230546
10.713394
14.704666
11.614262
11.682871
11.460283
9.699495
11.623984
11.072977
12.343508
11.778127
9.475235
6.943157
12.576844
10.885893
9.567461
14.325227
12.205237
14.812426
9.823421
10.360482
14.114234
9.831254
9.676817
8.891143
8.115856
12.273419
11.493639
8.545737
11.066125
10.350512
8.524476
12.543465
11.281634
11.232366
13.487559
11.312049
7.993339
10.273428
10.583849
9.094654
9.147110
8.554476
10.733291
13.468916
10.822302
10.818655
9.920159
7.399907
10.726900
9.317806
10.944928
11.864413
9.960681
12.040079
12.410001
9.500360
12.683770
8.347173
8.069265
8.662937
9.260694
8.953879
13.688864
10.905315
11.096858
13.962441
9.699938
12.086335
9.196499
11.510272
8.283932
13.274388
10.488982
11.797429
12.105295
10.712292
12.259661
10.699062
14.944523
10.951519
11.162371
11.695723
9.203744
10.470443
11.474656
7.953773
12.753195
13.348760
8.028302
10.167604
11.616953
9.826648
14.039707
10.962232
8.656475
12.249805
13.353307
12.310208
10.710926
10.925044
10.271249
9.223929
12.704770
11.002772
13.659481
9.080510
14.930774
10.948580
12.546004
13.393736
8.567005
13.463027
14.687449
12.544987
9.499267
13.071779
11.327250
11.332414
12.778504
9.129497
13.624053
8.395206
13.878278
9.850295
9.606908
13.744963
15.161532
9.516089
8.800351
8.725369
9.705052
11.999081
9.354182
10.023557
9.364202
8.015041
11.936581
9.494552
7.775084
14.349139
12.408159
15.827221
11.993006
16.656691
9.919659
13.128422
11.493344
11.768968
13.897093
9.189034
8.351120
13.067181
9.976103
11.635736
12.764709
13.025365
12.637165
12.768619
13.177482
11.773282
10.895403
11.944333
12.947147
8.191888
11.650144
10.697953
8.685718
13.257209
13.141968
12.318642
9.820818
5.495579
10.096418
11.741955
13.343547
9.255284
9.550360
12.503601
12.551035
8.130288
9.866448
11.830060
9.825769
12.254625
12.143307
11.412387
12.445609
9.714213
14.271954
7.904017
10.746083
6.674251
13.237403
12.028421
10.653928
10.746240
10.454093
10.509044
10.538233
10.952327
9.179328
11.822371
10.739037
9.815232
9.756903
10.120391
9.984514
12.132207
9.384444
9.636635
14.408808
10.610094
10.806654
10.787193
12.954712
14.457128
8.827200
12.768298
10.058185
11.595782
9.613713
12.083611
12.204226
12.979296
13.134135
8.304978
9.280116
11.246191
9.651598
6.080647
9.930061
10.178105
10.011307
14.730391
13.239116
10.126654
14.870126
7.203455
10.782336
12.734460
12.327020
12.186605
11.359482
10.552783
9.231935
9.914394
11.424106
10.834158
10.074795
10.131920
12.660917
12.071373
11.076330
12.032243
7.363534
8.916489
9.134199
10.274629
13.947192
9.285345
8.721912
12.746360
13.410485
9.743221
9.849280
12.739399
14.289072
11.272626
13.596295
13.631864
11.698069
9.336960
11.028539
12.337629
14.000275
11.346360
8.829438
8.586289
15.395767
11.388539
12.720242
10.791728
10.691642
12.627536
10.844346
8.800145
14.041837
11.462448
11.598461
9.293923
13.417885
12.328572
9.952385
10.978774
9.611373
10.258055
8.874618
8.079733
8.939314
13.271368
9.526197
11.799232
10.062363
9.682939
6.255759
12.176583
9.142748
10.751766
11.577887
11.867359
10.646644
13.566294
9.468274
10.136940
8.921175
11.796579
9.009437
13.427000
10.299591
14.215026
11.028306
10.755734
8.637112
11.472051
10.174952
8.408843
15.952637
13.986574
11.806299
8.420159
11.175372
10.258825
10.149435
12.817634
8.247133
-7.222004
-2.151166
-5.971189
-6.991762
-6.660751
-1.842264
-5.547939
-5.480162
-6.024632
-5.937353
-4.302797
-4.540705
-6.299117
-0.883968
-5.259139
-5.967072
-4.500549
-8.659996
-5.850616
-6.639506
-5.984940
-8.411769
-3.957963
-3.535720
-3.808781
-4.045686
-5.493384
-6.002839
-5.526432
-4.701822
-3.354299
-5.255800
-4.703373
-5.876566
-6.623219
-3.218692
-0.931432
-5.678769
-3.856674
-2.328445
-5.096891
-6.621038
-4.918563
-2.399550
-2.074559
-0.095667
-5.003233
-5.206664
-1.784229
-3.682037
-6.371464
-3.740441
-1.311877
-3.777924
-3.087722
0.043730
-6.334077
-5.848332
-4.819659
-3.136710
-8.428355
-2.639868
-4.478685
-4.974966
-5.008880
-3.932045
-2.043333
-3.173962
-3.002271
-3.471329
-3.248996
-3.539318
-4.956938
-4.807327
-6.851540
-0.662068
-4.011473
-4.521116
-3.679979
-5.080199
-8.450940
-4.328523
-5.543565
-2.576585
-6.837149
-3.297587
-7.491796
-4.531894
-1.761873
-3.395828
-7.506275
-6.295930
-2.151293
-6.083270
-8.414611
-3.026909
-4.704426
-2.740441
-4.822796
-4.268580
-1.688742
-10.014610
-1.549089
-0.310847
-2.881798
-3.703967
-3.023404
-2.439171
-4.494053
-3.498103
-4.621970
-5.207737
-5.917757
-2.746166
-2.369855
-5.116202
-4.254432
-2.893090
-3.486599
-4.879196
-6.507404
-2.123957
-5.241721
-4.930551
-6.084161
-4.915454
-3.312981
-4.763076
-3.219572
-4.094232
-5.965864
-6.829529
-5.321209
-6.215916
-6.452987
-4.217429
-4.556103
-4.506441
-9.194264
-1.845159
-5.572377
-3.312836
-4.681771
-3.998014
-9.002148
-3.026346
-3.414234
-7.251089
-7.514928
-5.612231
-2.133397
-4.681084
-5.361967
-4.968991
-2.917020
-3.982856
-6.251232
-3.996702
-3.979864
-5.028810
-8.214405
-3.560812
-4.514237
-3.219281
1.667578
2.256140
3.015464
2.848646
0.141835
5.575108
-0.583236
0.502690
2.124765
2.440782
1.891283
3.220507
2.316062
5.006179
5.210527
3.950534
2.194287
6.897704
-0.495660
2.484661
4.877600
6.202629
5.364660
1.395563
7.351060
4.343248
6.008026
4.073038
1.309451
1.128805
1.883338
5.894644
1.239507
4.487677
3.474601
0.729873
3.491182
4.309368
1.406950
2.579537
2.841480
3.449588
2.460791
4.691265
2.080011
1.398399
3.568227
5.987080
0.492714
2.070171
2.808040
1.102524
7.615044
3.645396
8.774930
-0.376227
4.172886
5.203031
3.058268
2.633835
3.427916
3.854855
1.757082
3.153108
5.141750
2.173250
1.723126
2.743474
5.830762
4.488723
4.258794
3.819766
-0.013562
5.700410
6.555950
7.159348
-2.668049
0.372921
0.605537
5.388191
4.589376
5.094412
4.019829
0.510501
0.515678
0.880133
7.839387
0.316185
2.424501
2.836081
2.058312
4.988172
1.665404
3.231006
4.006026
0.693688
3.510769
4.013728
4.146542
3.727752
7.034560
2.490755
3.309382
-0.469871
6.675872
3.143140
2.114787
0.844316
1.929833
3.077245
3.718691
5.903327
3.121065
-1.282501
1.080004
4.131956
5.309015
3.314365
3.413249
2.433986
2.806124
3.091231
4.583962
1.778094
3.934993
0.224967
2.486755
5.431848
4.733009
4.677101
-0.817063
2.053809
2.691148
4.831835
4.203371
7.868626
7.005170
0.862315
3.163350
4.878745
4.824990
2.928554
4.828312
5.988248
4.190932
2.227785
5.366850
4.165904
1.338443
5.104707
3.249605
-0.244846
-0.291769
4.993567
4.179422
4.242186
5.475359
3.226339
1.898149
-1.197544
5.058025
-1.189862
4.938865
5.611282
6.225893
1.363234
2.832692
1.167021
1.946786
1.108176
7.839347
4.133041
6.058497
5.970256
0.858048
3.901389
3.504163
1.363560
2.509761
0.380493
6.582444
4.402924
0.977421
2.937447
5.197360
4.994861
3.793331
5.446375
3.769059
1.804245
2.456202
2.455603
1.926237
2.250812
0.876196
0.511889
1.226103
1.029425
4.404452
0.624514
4.809622
4.499719
1.397872
0.826231
0.048294
1.760401
4.166793
4.305355
2.243128
2.696005
1.301979
3.307570
2.492630
3.234828
2.435578
2.414027
2.666881
1.762169
-1.722401
5.717842
2.470756
0.953458
4.142748
4.423552
4.565543
3.139645
4.581336
3.189699
1.935894
3.017496
-0.202999
2.435000
3.064128
5.469277
3.367308
3.739211
2.409078
0.714368
3.917169
-0.108040
1.761641
5.931425
3.033699
-0.016479
3.064437
2.484593
4.728431
3.651001
4.568431
3.736138
1.217180
3.523039
1.827856
2.178089
2.360331
3.148302
-1.470516
1.396149
2.939175
2.312545
1.180250
4.365882
3.542629
0.435080
3.568879
1.654490
1.853209
4.889080
1.240890
0.950641
1.531538
4.074456
1.866630
5.534939
2.897561
1.522570
5.527882
2.922065
6.781852
2.727183
7.345823
5.292359
2.858620
3.442034
7.016864
2.223975
6.196045
2.757634
5.911707
4.820539
6.005465
2.902376
2.237600
4.570222
3.454508
1.775375
4.566034
4.511872
3.764031
1.314868
4.811981
2.617247
0.996512
5.847314
2.003750
4.282706
1.270978
4.995813
0.684487
1.423795
3.314230
-0.329668
5.680991
3.359259
3.709369
3.854673
1.030898
3.173755
5.022476
3.959228
5.053549
3.449247
2.613447
5.541550
2.537002
3.766307
2.815272
4.828192
5.289577
2.080365
0.585772
3.224190
4.205053
3.430351
6.037534
7.694156
1.111643
7.153615
5.395080
3.995396
2.230286
0.795042
1.761085
4.873138
7.225845
4.581053
2.062624
2.476170
5.256326
3.739941
0.770012
1.331064
3.561982
2.124582
3.265929
1.107348
5.888670
6.695031
2.678980
5.311411
5.230652
0.522331
-0.788147
7.608140
3.689551
1.631927
0.409320
2.881346
1.151263
1.691645
3.058747
3.746442
3.754434
8.048672
1.654132
3.280156
5.376139
1.460305
-0.264120
-0.128902
6.345142
1.788830
2.049344
4.386467
0.609743
1.088977
2.405717
4.532412
2.104821
3.197992
-0.270305
4.110514
3.667891
4.501662
2.284682
1.576159
5.279446
6.606609
3.797216
2.538100
5.502434
5.285844
4.400774
3.415901
3.234345
1.655386
3.458835
8.758407
-2.951270
2.543915
1.759585
4.663003
-0.504501
2.869572
3.291650
3.529416
8.235761
3.656019
2.550830
3.354217
2.639313
0.465107
3.732539
4.169703
3.306900
4.789130
3.777289
3.876825
3.816968
4.806868
3.657887
5.619504
3.393366
2.470292
3.770477
1.145500
3.826211
3.345628
7.681626
6.345180
1.171508
1.244217
4.269531
3.567088
2.925002
4.668703
4.051490
3.164116
-2.300507
1.208715
3.788457
5.866225
3.490259
4.998390
3.355827
3.692814
3.585495
1.862487
1.141257
5.865637
2.504166
5.163438
5.359297
1.995280
1.988799
4.996307
3.849335
2.105913
-0.847317
4.519845
0.000398
2.934172
3.404451
3.133072
2.850111
2.944508
4.015541
4.592841
4.249336
7.966335
1.774445
2.866390
4.442791
3.154214
1.987662
2.991523
7.634441
3.256314
4.623563
1.337574
4.407231
1.777425
2.046177
0.396931
2.020883
6.512370
1.266999
4.118597
3.064034
0.061559
3.170803
0.854928
3.494156
6.013529
1.226440
0.890860
3.740708
6.158192
0.483811
2.302664
4.085098
2.108129
5.602801
2.650035
0.332241
5.189308
2.705652
3.603666
3.250541
5.931244
1.086038
1.727874
2.840716
3.365833
2.855471
1.896361
3.015080
5.385841
5.691656
5.162846
3.800363
6.533728
7.181086
2.744885
2.861721
0.998206
4.158308
4.504709
1.766358
8.209328
1.913196
3.626814
5.131766
1.145500
2.886653
1.066052
-0.358992
-0.638581
3.604337
2.178319
2.339850
4.773921
4.380936
3.425160
3.980440
5.287762
2.049903
2.479980
2.363663
4.520782
6.295785
3.011303
4.968023
2.399435
2.815781
2.694958
0.138697
2.521537
5.531894
3.311890
2.285301
4.425841
2.691352
6.638125
3.877312
4.727654
3.280403
2.525078
0.541798
2.440459
5.775444
3.677214
5.091481
3.420256
7.150517
3.454215
2.815242
4.449122
3.245138
3.420053
4.128277
4.236194
-0.083124
6.187709
2.221536
5.246858
4.249771
2.545349
3.801460
0.482308
3.903680
3.947729
5.508934
2.945871
5.688023
0.961195
2.736171
3.450760
3.482196
4.432435
1.727069
1.656199
2.510994
1.395432
0.940605
4.577267
3.639467
3.872563
5.369364
4.294758
-0.221384
2.192673
3.120212
3.626483
2.640302
0.948809
6.059554
3.536102
2.562259
5.793327
2.807175
3.539860
0.647985
0.678918
4.725376
3.048191
5.148817
3.568379
4.163598
4.357276
4.948795
1.835032
1.223711
2.949351
1.990984
5.024052
2.591033
3.277937
2.511883
-1.210522
4.248648
5.554781
0.535444
1.207151
3.165749
4.690103
5.305456
2.825306
4.517706
3.344371
0.287954
1.778458
3.477115
3.120237
1.612970
3.991925
3.168055
4.606203
5.263259
5.955297
5.728108
1.737265
3.613858
2.747699
6.587457
2.944024
4.365121
0.617196
6.322699
1.439411
5.329047
2.340843
3.937800
0.928442
1.948010
3.790156
5.829726
5.399624
2.909520
2.909854
2.394364
5.486296
3.311289
6.529455
3.309258
4.766649
8.570214
4.666287
3.939654
3.073178
5.519350
1.287721
3.780900
4.376781
2.089580
4.352259
1.739648
1.888750
1.265368
0.203268
5.482635
0.663935
1.920139
3.386744
5.448258
8.361114
4.349762
3.809446
4.796401
2.683091
7.113448
0.412036
5.749088
6.759235
5.955042
2.036011
4.362396
3.994385
3.156555
2.288459
6.921550
4.374474
3.588863
2.112862
5.565936
4.182280
2.981623
4.447900
1.485819
4.120843
3.170488
4.922874
5.747935
3.782877
2.471102
3.097888
0.510421
0.550906
1.747144
2.210302
3.419811
4.239409
5.371258
3.234476
3.725254
0.977876
2.297844
2.301413
0.122352
3.138555
3.076428
5.742581
4.176031
2.126400
4.189416
3.460774
4.113284
7.418946
4.883328
7.269528
3.458819
5.473724
5.661011
3.035713
3.563661
0.890599
4.240990
4.172483
0.376708
0.896859
4.141795
3.754564
0.445559
4.993196
-0.287100
3.514903
2.574953
6.131820
3.202220
1.586705
5.104845
7.299242
6.168473
3.080768
5.852957
2.991562
5.862531
4.975876
1.086055
4.002686
3.400372
4.578945
2.252914
4.393795
6.024385
3.404819
2.047386
3.386250
2.540496
0.502516
-1.052544
0.290689
3.099137
5.881811
0.744554
1.358966
5.682354
1.504024
4.557520
2.195554
4.836718
2.374469
5.024374
3.826607
1.903180
3.618548
1.901134
2.462859
4.254968
5.051929
3.628172
3.772335
3.087428
2.174061
2.433228
4.105411
1.347152
1.870467
3.506453
5.125705
2.819003
2.912329
4.233918
5.077557
0.958847
4.853222
1.138459
2.840284
0.420165
3.438194
3.497914
4.399727
4.516453
1.775411
1.367681
6.687913
0.850625
4.258458
1.368814
3.847350
20.275512
19.128679
18.862094
19.133215
22.262610
16.206481
19.558614
17.091936
20.629197
16.875592
19.090577
16.936389
20.815858
19.686620
19.856739
15.947227
18.518430
18.574744
19.102730
15.335723
21.572435
19.439669
16.796469
23.010060
17.680056
21.026109
18.533819
17.328970
18.191975
20.215588
21.566766
21.753387
17.017366
15.134604
18.847617
17.971336
18.202933
19.342121
20.489178
15.409864
19.420868
20.097272
19.673261
23.786617
15.926088
20.932875
21.607934
15.522922
19.658233
17.757419
20.043670
18.503701
14.809715
17.717065
17.934613
18.381577
18.817026
15.412232
19.135016
19.307145
18.235832
21.737811
20.880082
20.043199
16.509788
24.486949
17.459541
19.762613
18.727801
19.275801
17.305191
17.864909
17.897399
23.307017
17.435314
23.434195
16.309992
19.187615
20.603635
21.262827
22.157225
20.796372
19.076505
18.969561
17.764746
19.432537
18.305585
19.290989
19.793934
18.780055
15.101860
18.303959
17.515677
18.646584
20.982378
18.333097
18.514588
18.776836
20.043094
17.154074
20.240009
19.223215
18.931798
19.591998
12.804895
15.949038
19.499966
18.160314
20.729197
20.157191
15.775714
19.491121
18.316570
17.877388
18.509046
17.168616
17.369241
17.797908
20.133667
18.041122
18.793443
18.977693
19.483144
16.158009
19.728171
16.739984
16.993875
20.105879
20.966157
24.669220
19.894281
19.659102
16.937090
18.407691
19.259977
17.493616
19.297389
19.807707
20.107787
18.956906
18.412158
20.799084
21.955795
17.825981
19.338250
21.149556
19.910422
18.953039
15.705723
17.605727
18.073264
18.091917
19.086064
17.417053
17.616919
17.476544
16.749186
19.046457
19.519772
18.648427
20.444677
19.852501
16.373109
17.710243
17.937243
22.807333
20.941032
24.531530
20.647780
20.212290
17.937904
17.294373
17.299299
20.138399
19.061919
16.562038
17.841038
17.584442
20.842262
18.983216
18.068691
21.716615
20.331442
19.833531
18.646374
18.236318
18.078499
17.368150
18.318598
18.614531
20.588369
20.089301
19.605161
17.712063
18.192357
18.081421
16.944711
17.475041
18.369751
17.119645
18.224499
20.339204
19.784022
15.531595
20.899416
15.400900
19.713824
17.325266
19.133612
20.628276
15.357590
20.274765
18.582848
19.268855
16.021347
18.065228
16.095223
19.601308
21.919980
18.140300
16.956421
17.720609
15.798089
21.047741
20.214236
19.854463
21.253560
18.943560
19.735332
21.304538
18.230172
20.268354
19.256057
19.756554
16.777232
19.806555
18.836050
19.836109
19.013173
18.745154
23.663969
19.795544
19.232348
15.649615
20.278185
19.485017
19.833559
19.096015
16.682602
17.903137
18.956083
18.921411
16.589593
20.055214
15.550935
16.274318
14.613800
21.153938
22.289843
21.669044
17.951410
17.910913
17.304288
20.454353
21.508596
20.623278
18.967558
16.422903
21.967940
22.968974
18.098955
20.035365
19.046452
17.335634
19.614946
20.600583
19.725790
18.191982
18.796382
20.030717
22.460798
17.999581
20.352873
23.076332
14.403545
18.702400
13.795379
22.444933
18.251011
19.016045
17.053741
17.927129
17.488296
18.724746
18.045445
14.891971
18.611808
20.461230
17.341972
19.664187
18.789205
17.472684
22.266286
17.714203
18.799948
17.565164
19.021762
15.973873
17.897284
17.090766
18.196987
18.833729
19.720619
19.181810
21.754063
18.047076
18.286046
17.829551
17.909328
18.669133
22.292068
20.242235
18.135071
22.046866
19.736985
15.718741
18.029344
15.717096
22.199851
18.969502
18.696625
16.973645
20.184111
21.961444
18.038157
20.205450
21.305875
17.447258
18.634737
18.428051
20.003591
20.246639
19.541762
18.302989
19.221011
16.327391
17.712982
19.262034
17.774642
18.657679
21.950025
17.361206
17.146750
18.404857
14.897834
20.683008
17.358805
15.779369
18.348820
19.373763
20.509961
18.325683
20.826395
18.239042
17.307156
20.407305
21.061599
18.047137
19.234746
18.743802
18.247966
20.163333
22.128681
18.202352
18.478352
22.371670
17.416360
18.172933
18.944141
21.612699
13.551842
24.714907
19.994260
17.095739
19.184901
25.053137
19.350673
18.456888
19.356133
18.151107
20.592091
18.164298
16.394615
19.471242
18.199945
20.149818
20.956632
22.069278
19.785636
18.668875
14.779319
17.938623
19.162481
24.610484
18.452535
15.392955
20.255064
17.487290
18.317850
20.206862
15.799594
23.011041
18.529842
17.642253
16.901675
21.794369
17.142162
18.674593
19.753805
17.458556
16.067657
23.337506
20.477786
19.928546
15.451542
23.001757
20.188719
18.758466
19.748591
19.512541
17.868517
20.019914
19.203517
17.571203
18.560563
19.671527
21.935433
18.725046
19.973722
18.416584
16.614653
21.742077
16.488661
18.778458
15.859673
20.906624
19.916542
19.393799
14.877455
21.016767
5.922850
5.723648
7.203716
8.654651
5.430656
7.039899
5.694336
6.181953
6.527621
7.729778
9.495992
10.877893
7.561908
9.089153
7.235852
9.347442
7.561471
5.975694
4.971602
10.047480
7.469058
7.721699
8.229423
8.911138
10.999083
7.501007
8.152400
8.231702
7.783994
10.025656
9.744107
8.540890
5.938332
6.752288
10.212636
10.812514
6.908723
7.042271
7.758944
6.034957
6.755105
10.109291
9.464352
6.435064
6.020691
6.515956
7.846752
8.906373
8.199410
7.404337
4.539700
10.066613
6.543201
4.575669
8.044147
7.094090
6.277133
6.689056
5.007214
7.755343
9.302264
8.494683
11.177789
9.371815
8.989575
8.412096
6.697225
6.194088
7.044355
9.635714
4.200561
10.135350
9.570023
6.948479
10.324651
9.249166
8.171454
7.757625
8.240968
5.918688
6.769565
7.430444
17.253311
13.152594
18.230966
17.125045
13.181156
14.189916
12.428091
14.201389
15.657938
20.694463
13.881445
17.565688
15.456043
17.052360
16.200223
13.474373
13.923156
14.705901
17.742858
17.222654
15.023081
13.712905
15.460278
15.413407
13.751689
16.290292
15.933235
17.479550
12.859905
16.868043
15.212197
16.180669
18.602142
15.112101
15.188424
14.871092
16.899558
15.256577
14.406395
14.989851
15.534721
16.536034
14.511074
13.175598
16.277758
14.370779
15.929367
17.854908
12.837430
14.371022
16.644466
11.208562
13.471138
13.296692
16.383720
13.909875
15.187235
15.071081
13.982737
13.688285
13.355400
14.180358
15.321739
15.059251
18.474100
15.772139
18.870032
15.951313
14.376390
15.014965
15.437582
18.436629
12.570920
16.883892
16.198573
11.072367
16.695468
14.889373
18.034406
16.142152
10.288148
16.737362
15.230812
11.554146
16.131343
14.233775
19.613117
15.773148
15.157952
16.229741
16.480261
16.571968
17.803599
14.009574
15.396633
16.627929
17.910316
14.473771
15.284413
13.747369
19.033583
14.636389
15.489704
15.393807
15.491988
14.826473
16.514647
13.464271
10.505552
14.700115
16.054404
13.810086
13.943951
16.130495
14.253571
13.426739
14.893816
16.446623
15.440671
16.088509
16.191706
17.754243
13.805351
-2.394661
-2.203072
0.737610
1.084836
-3.677139
0.312957
2.396401
-0.832051
-4.527149
-0.769655
2.726830
0.395151
-1.859221
-1.377821
-0.008474
-1.371577
-0.893205
-3.618747
-0.557525
-0.484040
-3.574924
1.967868
-0.721828
-4.425392
-1.287630
-3.326536
-0.975024
0.271475
-2.184103
-3.152302
1.942253
-2.001371
-1.273140
-3.932739
-3.710577
-3.569703
0.667530
1.093790
3.049222
0.690898
-0.890509
1.479248
-0.997268
2.784462
-1.119663
-2.630223
0.066392
-1.143168
-0.912696
-3.543101
-0.653841
2.554958
1.763671
-1.233338
2.776618
0.933823
0.550985
-1.655429
-1.992810
-2.205874
0.484219
-1.963539
-2.624442
1.614603
-1.266240
-2.513801
0.535902
0.637012
-0.995643
-3.325645
-0.564480
-1.457562
0.620089
0.069387
-1.169119
1.336640
1.874485
-0.523824
0.858151
-0.824702
0.901619
-0.884437
1.118619
0.186428
-2.737931
1.943012
-0.956981
2.044283
2.385084
0.240593
1.428308
1.505633
4.600229
1.427312
-0.057545
-1.150255
0.735537
1.745288
2.588872
1.887564
0.548368
5.149590
-2.403532
-4.596682
-3.120804
-0.657976
-1.446337
0.437907
-0.961857
1.358379
1.430439
0.071900
-0.932455
1.647060
-0.165837
-1.463815
-0.220900
1.576362
1.597723
-0.782890
-0.134322
0.711499
4.200803
-2.255718
-0.671025
0.614597
0.994720
0.412770
1.869454
2.452187
0.742120
-0.511941
2.090828
2.068156
-1.569529
1.918678
3.105706
0.543730
0.516003
-1.490177
-2.030941
1.711997
1.459597
-0.675961
0.507229
-0.382880
-0.675548
-0.006341
-1.242187
-1.676811
2.285226
0.393964
-2.659341
0.515525
-4.305746
-0.309211
-0.167877
0.326850
-1.029299
-1.188080
-2.174027
1.047755
1.322236
-1.650355
2.163238
1.953328
-0.670274
1.076122
-0.340591
-2.764512
-1.796240
-0.167712
1.973073
-1.633556
0.222615
0.354040
-1.607239
-3.863989
3.060592
-1.201025
0.840823
0.700562
-1.349541
-1.768473
1.666837
-3.390179
1.879999
-1.963329
-2.456684
1.232079
2.286962
-0.344122
-1.858555
-0.444961
-2.201607
-5.362870
-1.287068
-0.920681
1.645309
-1.517524
4.368587
0.341119
-1.467663
-2.452454
-0.646006
-4.610772
-2.566740
-3.656169
-1.179800
1.882079
1.176643
-1.176365
-0.028440
0.589740
0.555564
0.476904
-1.028672
0.964641
-3.469237
3.318421
-0.182171
-1.345344
2.013960
0.395530
2.049810
2.068648
0.583425
0.073839
0.605241
-1.317050
2.631709
0.922251
-2.003472
-0.078749
-2.646813
-1.974946
1.665578
0.172606
-1.841615
0.951101
1.038535
-0.283424
-1.221939
-0.918729
-1.807326
-1.601550
-1.985098
1.679799
2.997614
-3.394768
1.754177
1.496937
2.022496
0.855374
-2.274809
3.487833
0.198754
-2.511122
-1.063478
0.357590
-0.201854
-1.179841
5.506745
-1.792163
1.885133
-0.903322
0.797792
0.339926
-2.591404
2.409826
0.165874
-2.625571
-3.857892
-1.637339
1.421860
-1.068330
0.426312
-3.326283
-0.713989
0.644813
0.092105
-0.259130
-0.121346
3.238479
1.307440
0.129272
-3.763863
0.025909
-1.764602
1.374984
-1.747965
1.138971
0.160365
0.391606
0.100189
-4.173995
-1.144177
-1.498661
3.927742
-2.771904
-0.405603
1.611667
3.219220
0.145946
1.822363
-1.672165
-1.438827
1.489640
-0.493112
-0.546140
-0.456230
-2.409229
1.522156
-5.314033
0.236044
-3.518466
-0.399455
-1.578597
2.532335
2.155521
-1.629272
-1.998564
0.098863
-1.159806
1.827736
-1.165562
0.018885
1.631876
-3.071976
-0.291523
4.267623
-1.463362
-3.069801
1.902108
1.893200
1.019181
0.393242
1.317116
0.362857
1.261603
2.122903
1.013805
1.938623
-4.670413
2.320680
1.519757
1.204435
1.039340
-0.831483
0.495540
1.719719
-3.108124
3.440157
0.681252
0.192874
-3.871221
1.359769
1.649495
-1.227605
-1.456313
0.353006
-1.355956
1.548665
-1.661490
-1.448744
-0.669523
1.274157
-2.488409
-1.428920
2.124263
2.179143
0.804345
2.347097
1.279460
-1.246031
2.076967
0.137193
-1.316665
-1.281464
-0.403759
-1.085521
1.225617
2.035731
3.266669
-0.027493
-0.161673
-0.219330
1.617051
2.806693
-0.180015
0.787541
1.353108
2.202237
1.343727
-4.065464
0.862479
-1.181604
-0.170810
2.351308
-1.765970
-3.813501
-2.872017
0.235229
-5.596425
-0.770586
-0.309809
1.889836
-0.744673
1.960201
-0.604887
-1.021683
1.914772
-3.575625
2.909921
-2.881577
0.520716
-0.486854
-2.314029
-1.374708
-0.216628
1.356544
0.147718
1.677884
4.061828
-2.441315
0.907162
-1.422576
0.768314
3.000060
-3.095694
-2.250237
-0.763279
0.790645
-3.005639
-5.237562
3.091741
-2.075183
0.898548
-2.863513
-3.592504
-2.081720
-1.491664
-1.751411
2.951365
-2.932897
-1.669344
-2.766590
4.598095
-1.629204
-1.362461
1.105700
-1.904088
-1.383397
-0.072736
1.580310
-5.196494
1.002717
0.254289
2.482686
-2.039987
4.528992
0.065428
1.333923
-1.011194
-1.573596
0.480694
0.709649
2.952102
-1.146702
0.562262
-1.307540
0.827453
0.592578
0.574604
-0.603931
3.439575
0.117082
0.639220
0.293081
2.063924
-2.425134
1.760387
-3.521832
-2.252294
2.388665
-1.518131
0.345648
2.109052
0.370303
-1.745842
0.843584
-2.839424
-2.869850
-2.635187
-1.796248
-1.586540
-2.590886
3.328171
0.531789
-0.858008
0.159755
1.986226
-1.534392
-1.174321
-0.885041
-2.235100
0.076203
-1.874461
-2.044651
-3.440451
3.350226
0.156828
-3.260228
0.623250
-0.632957
1.383583
-0.740476
-2.115890
0.950777
0.978344
-1.127642
-2.704664
1.042393
2.279978
-2.067205
-3.431564
0.268163
0.136754
-2.976005
-1.850459
2.551464
1.889597
1.085437
0.783710
-3.150283
1.443974
-0.627193
4.030976
-2.024757
0.553895
1.491954
0.664618
0.430256
2.900931
-0.099361
-0.258956
0.267514
0.516787
-0.914698
-2.879739
-1.210127
-3.701789
-1.192227
-0.216483
3.424205
0.881427
-1.022916
-1.167034
1.338650
-1.966669
-3.844723
1.306407
3.185548
2.052681
-1.223476
-1.382707
0.534042
-0.089846
2.114687
-4.145639
-1.899726
1.768063
2.370254
1.593892
-1.062395
2.098297
5.037524
-1.034418
4.817069
-0.721374
0.963770
-0.461569
2.569375
-5.456203
-5.441948
-2.599883
0.178287
-0.765928
0.440075
-2.824173
-0.456526
0.887693
3.112451
0.147418
-1.454998
-2.750609
-1.104969
4.023650
0.285882
-0.832276
-1.184745
0.911049
-0.333092
2.628803
-0.417685
2.020246
1.807635
-0.575695
-0.398888
2.024240
-0.935360
2.766069
-0.801022
0.203705
0.909338
-2.699729
0.135123
2.702680
-1.426593
2.363384
-0.905498
1.619293
3.923762
-0.397786
0.992597
-0.199126
0.769026
1.624037
-3.705004
0.181024
1.214791
-2.159723
3.144086
2.290893
0.082928
0.525941
-3.141040
1.920323
-1.182571
-0.547185
0.247237
-0.077947
-0.248099
-1.845190
-1.592054
1.455841
4.976649
-1.801265
-1.437031
0.998899
-1.374975
-1.594434
-0.180467
-0.223604
4.224020
-3.487667
-2.024409
1.387744
-1.145335
-2.013853
0.115133
-3.465939
0.924148
2.338050
0.472579
2.414388
-1.815540
1.006981
2.412155
-0.840672
-0.823128
-0.047638
-2.551628
-3.023031
0.916570
-3.620283
4.937169
0.894151
-0.594206
-3.523764
-1.008577
-0.156726
-0.441804
-1.384025
-0.369246
1.893616
-1.294916
-0.399737
-2.549537
1.418386
-2.100723
-2.731715
-0.463088
0.289066
0.051953
0.494571
-0.058178
-0.310076
-2.976468
0.779203
0.212217
-1.156955
0.422335
-1.894418
1.394695
-2.307458
-2.140290
0.603080
1.001943
0.329546
-1.183790
-1.085572
-4.198293
0.093304
0.208498
3.170101
-0.742377
-0.856256
2.787458
-2.825767
2.849725
-0.275930
2.534102
-1.666500
0.471137
1.406181
-0.501393
2.974529
2.188007
-1.458539
1.968184
0.036528
0.807497
0.339793
0.472954
-0.012687
0.852526
2.492133
-4.026811
0.505341
-1.208112
0.077349
3.653217
1.986583
-1.282096
-1.896562
-2.267505
1.658758
1.698801
1.418057
-0.890059
-0.299096
-1.628230
-2.281205
-0.648227
1.114286
-0.003518
-1.483168
-1.147753
0.993064
0.216914
0.622385
3.922277
1.249188
0.172684
2.465128
1.326962
-0.949718
-0.587770
-1.160538
1.665702
-1.810890
-0.456539
1.160876
-2.068585
-1.072943
5.185704
0.420266
3.864775
