-0.602380
-0.276682
-0.454438
-0.783434
0.535695
-0.589802
-0.549081
-0.253001
-0.082672
0.262767
0.841735
-0.064750
0.017571
0.767970
1.830471
0.421505
-0.587405
-0.154181
1.142930
-0.795122
-0.203464
-0.694355
-1.534723
-0.763598
-0.022853
1.348060
0.200529
-1.664487
0.357502
-0.548789
-0.855917
-0.986539
0.440086
-1.092207
1.704244
-0.532514
0.538647
1.010645
-0.063465
0.330910
-0.329339
-0.253313
-0.686173
0.659672
-1.502878
0.184164
-0.032185
-0.690895
0.356083
-0.897439
0.071430
0.257982
-0.757355
0.287121
0.126680
0.321447
-1.349881
0.222789
0.475607
1.775421
-0.616850
-0.381485
0.711937
-0.024648
2.561429
-0.239019
-0.286482
1.576184
0.194750
-0.182525
1.452593
0.076755
0.068175
1.725048
-0.627599
-1.503880
-1.792234
-0.229333
-0.796463
-0.148192
-0.696089
1.350052
1.436057
1.042933
0.742044
0.162829
0.858535
-0.096704
1.042609
-0.600648
-0.860954
-0.185803
0.776800
-0.356598
-0.498748
-0.876995
0.273281
0.925257
1.130624
-2.451406
0.716970
0.747555
0.905988
0.415024
-0.878336
0.174595
-0.004837
-0.607749
-0.091673
-1.763644
0.327976
0.368061
1.988326
0.444106
-0.461562
0.281151
0.410774
-1.191846
1.571121
-0.052102
-2.464373
-1.234113
1.538782
0.174791
3.098056
-0.244728
0.285158
1.091088
1.229130
-1.644344
0.196583
-2.291612
-1.078187
2.124499
-0.492897
0.155062
1.338070
1.030771
-0.305353
0.675435
1.239416
0.477384
0.031811
0.249749
-1.318465
0.942784
0.650953
0.916240
-0.694526
0.404697
1.553705
0.520458
0.711267
1.962556
0.450518
-1.291275
-0.357310
-1.671961
-0.314505
0.743586
-0.460116
0.301197
-0.446107
0.555777
-0.136126
0.018464
0.259712
0.053782
-0.269256
-0.400807
-0.581159
0.698147
-0.590418
0.331208
-0.380582
2.477587
-0.431739
-0.503959
-2.546727
-0.604076
-0.825486
1.808659
0.153223
-0.175671
-1.070689
-0.236603
-0.156633
0.185122
1.632467
-1.058199
0.226291
1.630198
-0.986831
-0.691530
0.306583
-0.909192
-0.672584
0.004660
-0.241927
2.294995
1.030998
0.382854
0.309325
0.544608
0.402036
-0.272636
-1.224071
0.636157
-1.252215
-1.608034
-0.257017
-0.361463
-0.765887
-0.608424
-0.595851
-0.093471
-0.787367
0.374278
1.702414
-0.620768
0.083716
-1.019287
-1.014749
-0.785365
1.273144
-1.139708
-0.012029
-0.730365
-0.864979
1.582085
1.609283
-0.399174
-0.817347
-1.108192
0.499815
-0.899664
-1.124562
0.515392
2.423707
0.147623
-0.830625
0.754333
-1.136570
0.247309
-0.498129
-2.925280
0.768046
-0.714408
1.028350
-0.075806
-0.049837
-0.283404
0.646042
0.093954
0.006917
-0.369388
-0.342712
0.214225
-0.374918
1.751347
0.907653
-0.154998
-0.817246
-0.269473
-0.248905
1.323380
1.428352
-0.319726
0.363984
0.777045
0.933885
0.494112
-0.182926
0.019307
1.681826
0.963601
2.047413
0.182953
0.634048
2.681888
0.693290
-0.448092
-1.146655
0.780637
0.375139
0.004558
1.176893
0.663149
-0.056050
0.121529
1.269348
-1.358628
-1.242630
-0.442141
-0.160220
1.259460
0.609036
0.507461
0.074139
-0.394205
0.158104
2.596501
-0.266060
1.653621
0.504631
1.672073
0.805924
0.105548
-2.093966
0.592154
1.512863
-0.522301
-1.470408
-0.063795
-0.622916
-1.027739
-1.019871
0.244777
1.321330
-0.653142
0.147357
0.112240
0.633995
-0.556180
0.796277
1.093568
0.338341
1.140202
0.326518
0.356679
-0.437924
-1.854659
-0.843638
0.973253
-0.329639
1.112958
-0.905841
1.242227
-2.176273
-0.787495
0.630776
-0.024346
1.696714
0.223748
0.084678
-0.798025
1.407532
1.634645
-0.965534
-0.691609
0.600844
1.917596
-0.437400
-0.804109
0.662684
0.811305
-1.232893
0.553277
1.015550
-1.419145
1.665867
-0.916327
0.350905
0.067926
-0.263009
0.314119
-1.077063
-0.188619
1.771273
-0.155108
1.005174
-0.864747
0.469566
-0.277692
0.243063
-0.447429
0.564812
0.839440
1.677716
-0.258029
-0.640892
0.770882
-0.557778
1.785475
0.921348
-1.067619
-2.717806
-1.146457
-0.339457
0.248555
-0.738094
-1.266214
-0.718882
0.069535
-0.761485
-1.076281
0.149408
0.976490
0.587277
1.710341
0.119669
1.399315
-0.153575
1.214310
-1.419783
1.461487
0.603763
-0.260235
0.527074
12.554487
17.304523
13.781196
15.374313
16.031933
14.700793
15.342145
13.974963
16.433143
13.380048
14.272706
15.461645
14.085639
12.813847
15.254312
14.903485
14.129228
13.986828
15.288013
15.774727
14.881573
12.412936
13.889827
13.063353
14.893296
14.803508
14.644721
15.207398
14.500458
14.823986
14.954761
15.293966
13.573718
14.751919
15.833325
14.778710
16.480835
15.432586
15.539612
13.997441
14.687661
13.959615
14.162250
14.785644
14.895261
14.472441
14.007950
15.103189
14.050450
14.176518
15.841329
14.493267
15.919164
15.659165
16.385683
15.381150
15.132795
13.222233
14.814276
14.179633
15.036408
14.725325
16.067120
14.845536
15.693812
14.779183
16.081523
13.364347
15.002591
15.665213
14.884583
15.732755
14.110304
14.104607
12.871205
14.438318
15.767709
14.998465
12.303851
15.874421
14.160651
14.814763
14.022460
15.677614
14.425802
14.348639
13.866396
14.862943
15.175558
16.180229
13.974032
14.678962
14.851625
15.408731
14.573819
15.248682
12.923174
14.919031
15.504815
13.725712
14.614151
15.324130
14.452303
16.424917
14.140214
15.970260
14.426206
14.516342
14.174930
14.589225
13.039741
16.245434
15.704675
15.617951
14.413837
16.509723
12.769740
15.059183
15.868729
13.531746
13.896863
13.924482
16.054384
-4.450980
-3.446855
-3.431455
-3.175483
-3.937682
-4.517009
-3.840489
-4.271753
-2.472667
-4.903438
-2.670335
-3.954131
-4.418269
-2.996107
-3.837434
-4.253705
-3.404272
-4.878655
-2.547787
-2.284343
-5.055489
-2.512130
-0.938862
-2.146659
-1.653675
-5.648716
-4.373315
-1.129320
-4.194141
-3.215319
-3.981198
-4.909774
-3.547323
-3.106207
-4.642583
-4.281719
-4.864449
-3.201730
-2.990590
-2.877914
-3.572145
-4.529470
-3.065161
-3.624273
-2.587124
-5.064061
-3.524735
-1.604333
-5.283156
-2.934655
-3.621835
-2.049586
-2.692299
-2.215653
-3.313924
-4.875299
-3.381978
-4.450482
-3.981914
-2.181204
-3.802691
-4.397087
-4.481822
-5.790740
-3.311215
-3.436354
-2.483745
-3.844425
-4.470676
-4.500953
-3.706531
-3.776772
-3.802135
-5.117841
-4.504588
-4.966672
-3.910604
-3.422769
-4.313713
-2.656996
-4.960895
-2.828510
8.469922
6.998242
7.538963
6.665411
8.062469
8.460801
7.691357
8.233115
7.097765
7.176154
6.470610
7.353251
7.704675
7.025365
8.668356
7.462778
5.959415
7.122498
9.118899
6.312908
7.155027
4.654360
9.158342
7.945066
7.627009
7.654849
7.166546
7.363367
7.210327
6.665305
6.061969
6.136604
7.282071
7.763937
9.306231
7.690096
8.190002
8.266141
7.143010
7.891450
7.326399
6.512579
6.600480
5.888776
6.583251
8.500892
5.682201
6.500108
9.082802
8.207492
5.560609
7.702651
8.338010
7.858070
7.594657
7.783384
7.841234
7.219764
6.817011
8.347657
7.476053
7.801492
9.323961
6.112884
7.406353
6.273970
5.094487
6.785776
8.439205
7.390548
7.864271
6.537606
9.646158
8.776218
7.916615
6.251083
7.418789
7.935695
8.237096
8.532803
8.078761
7.671575
7.449109
7.092317
7.703478
5.450523
8.278675
8.706309
7.555780
7.290779
6.889259
7.772032
7.182220
7.910391
5.288161
9.571141
7.305744
8.310496
7.147065
8.353418
7.501107
8.243911
7.561952
6.295264
7.340240
6.450849
7.757513
7.010409
9.687417
7.322384
7.552809
6.073082
7.237570
4.278535
6.741470
7.674962
7.682954
7.147504
8.581410
6.977636
6.802919
6.770425
5.812262
7.033412
6.580350
5.865810
8.510757
8.191958
5.537363
8.105173
7.047394
6.634029
7.900051
6.938031
7.973449
7.971512
6.985825
4.284222
7.694354
7.583128
6.690150
6.950236
5.954353
8.389935
7.680213
7.719225
8.591399
7.809986
6.988743
7.358692
8.256166
8.515247
7.977727
8.781636
7.269607
7.397670
6.488860
6.715861
9.433598
8.917947
7.255357
6.304254
7.710140
5.184724
7.666470
7.440836
6.937990
6.673688
7.249213
6.753408
7.433593
6.415555
7.172532
7.959031
7.032675
7.249966
8.250555
7.522167
7.056486
6.896682
7.663058
7.654803
9.099222
5.129293
7.600306
6.943243
7.431285
6.451687
7.226842
7.097687
7.770871
6.990507
4.725538
6.943463
7.114893
6.927128
6.715095
7.428768
8.542899
5.390642
9.060241
5.402642
7.146275
6.095791
8.121782
5.513885
5.738316
9.073082
7.584859
6.997964
8.124838
7.781595
7.035671
8.314462
7.396238
6.938666
8.393963
6.780387
6.855929
8.102987
6.569642
8.030312
8.316189
7.060513
7.284374
7.774923
9.159777
7.413700
8.654650
5.563107
7.190021
6.311298
6.886090
7.314115
6.650962
7.375550
5.528344
7.899047
5.717175
6.290523
6.585296
9.089562
7.152789
6.972650
6.249137
6.316358
6.517764
5.565769
6.942234
6.157348
6.003968
6.999598
8.329260
5.825587
7.806278
6.759989
5.989202
8.048489
5.293638
7.826218
7.450126
8.287437
8.128125
8.803694
7.720921
5.855491
8.515424
6.300236
6.921462
9.250425
8.021994
6.494944
7.315603
9.300915
6.254726
7.821506
6.424978
6.054281
5.629420
6.901234
7.314567
6.185321
8.205944
6.872160
6.974973
6.824089
5.809660
8.416068
6.638582
7.157858
7.923176
5.338833
7.570025
7.188377
7.917318
6.374524
7.279853
7.845303
7.044236
6.295433
8.740282
7.259058
8.216355
7.260627
7.003300
8.825865
6.396689
7.025604
8.866184
9.603458
8.462338
7.325477
7.322077
7.168638
7.586617
6.072062
8.567470
7.101963
7.003199
7.160931
6.988880
7.342404
6.916689
6.354912
6.893949
8.864160
7.747952
5.590547
-7.868313
-8.220915
-8.962089
-7.557218
-8.864963
-6.744278
-8.895778
-6.960719
-5.837582
-5.570255
-6.289215
-7.172793
-8.369587
-6.169803
-8.592832
-7.657908
-8.679277
-5.556076
-6.784143
-4.577919
-7.351951
-7.013098
-8.240789
-10.338481
-6.242679
-5.428340
-8.316815
-8.392187
-7.607714
-8.429853
-6.710700
-7.451618
-8.018775
-7.255670
-7.309428
-7.564242
-8.800062
-7.505242
-6.859060
-7.711406
-9.720280
-8.444868
-5.866613
-5.988387
-7.108543
-8.329550
-4.302871
-5.702253
-7.790646
-5.970487
-7.771729
-7.863673
-7.166875
-7.892111
-7.318529
-7.502365
-7.232295
-8.115211
-6.673242
-7.486402
-5.162526
-9.015546
-5.259098
-5.599886
-8.228234
-5.855228
-7.283835
-8.699187
-5.801030
-8.282706
-7.070492
-7.612818
-6.700978
-6.421771
-9.065636
-6.897900
-6.680754
-8.499947
-7.506478
-6.847550
-5.566072
0.487178
11.686089
9.944024
10.505213
12.499775
9.498618
9.645962
9.140180
10.555346
12.203734
10.383470
11.469929
9.296907
14.413203
10.497668
11.319489
12.425768
10.220658
10.879939
11.905967
11.257861
10.754671
10.127657
10.649341
10.491799
11.479607
10.944972
10.113912
11.654359
9.435983
9.436822
10.135772
10.405528
11.366567
8.731405
11.513001
11.361261
13.177604
11.105400
11.361417
11.405429
10.859350
10.833520
11.480154
11.625733
12.208081
13.269515
11.674443
12.498703
10.189899
9.918903
10.390873
10.727258
10.930601
11.544397
9.769470
12.072582
10.747136
11.599751
10.617820
13.396713
10.596257
10.933843
12.198555
10.875259
10.003563
9.133427
10.262190
9.810154
11.551611
9.936484
11.927799
10.337272
12.066752
10.058508
12.290277
11.413006
10.564323
9.374384
10.916717
10.285093
11.951239
11.751256
12.730614
9.414452
11.239403
9.218721
9.029102
9.962339
10.981816
11.885612
11.375168
10.520079
12.103855
12.037628
12.728919
9.294627
11.998148
10.320186
11.578944
11.179109
11.315865
12.101365
11.190719
11.296953
12.487661
9.852189
11.017457
10.743429
11.319250
9.998682
10.123146
10.580527
11.981998
10.918965
11.358053
12.094673
10.229648
10.820778
11.952520
12.015365
12.791374
10.737072
11.523703
10.961482
10.519617
10.257475
9.447797
11.609099
11.332727
9.851367
11.417033
12.405372
9.238579
10.765935
12.360639
9.790463
10.862261
13.465065
12.130517
12.360792
10.648706
11.486691
8.659630
11.795534
9.588496
9.981194
11.314826
11.590207
10.532168
12.067547
12.426902
10.252498
10.884066
10.914328
9.927061
11.343135
9.013404
8.509025
10.753417
11.384180
11.391637
12.993453
12.876127
10.758191
11.016533
11.782724
13.068708
11.033007
11.996953
10.902711
11.344917
10.870046
11.112055
9.285626
10.265819
10.615839
12.170957
9.992760
12.439969
11.391527
9.339762
9.986353
9.864831
10.803744
9.974221
11.173681
10.543113
13.078685
9.793529
11.135695
11.944164
11.698728
10.246348
13.300492
12.361741
10.316850
12.000113
10.759727
11.698614
10.577746
11.330269
11.779994
11.354971
9.913115
11.830991
9.644350
11.637386
9.936859
9.478321
10.919395
11.917427
10.744450
12.091440
11.607271
11.495137
11.258693
10.872058
12.206455
10.071426
12.738211
11.214517
11.144381
12.609113
10.124006
10.891147
11.678443
10.812182
10.895094
11.207834
10.982165
11.302887
10.744711
11.014883
10.639872
9.955620
10.695839
10.588341
11.068355
10.448758
9.106759
11.515247
10.732684
11.455028
12.746868
11.544424
9.920548
10.645016
12.720696
11.379634
11.005766
9.861100
11.645643
10.088512
12.104242
12.184545
10.038360
8.925012
12.818700
10.101156
9.447692
10.907803
12.432042
12.268274
10.583060
9.098119
10.045923
10.954339
11.769795
12.090823
11.676035
12.388611
10.541397
13.087668
11.286549
11.085161
10.862660
11.173232
11.999178
10.052845
9.627134
10.902037
11.599738
11.450266
10.190025
10.131231
10.168423
12.253053
12.776108
11.655648
11.826016
11.267582
10.602501
10.458388
8.904095
11.542548
10.578299
9.581458
11.898388
9.654375
11.570121
10.268695
11.102438
10.448888
9.603098
10.287980
11.567160
10.639904
11.894456
10.256286
10.804681
11.603469
11.960108
10.578058
10.642632
13.318352
10.883347
10.738586
11.947504
9.986034
10.281145
10.072296
10.217252
8.554827
9.472317
10.657840
10.567699
9.390556
12.205140
10.247572
11.579736
10.402572
11.088685
10.663787
9.915093
12.561114
11.414080
9.839130
10.634509
9.979873
11.989761
10.017923
10.910311
10.407481
11.538534
10.374581
10.389243
9.877771
10.468990
11.996650
9.479442
12.615510
12.005508
10.794802
10.638040
11.889858
12.588851
11.444027
11.880259
12.387258
11.114238
10.363604
9.771301
12.618636
11.193127
10.664831
10.797954
10.853954
12.672214
9.684884
10.319103
10.035030
11.626748
12.045072
10.222130
10.807460
9.388555
12.172378
11.868448
11.661060
11.811031
10.417990
10.523970
12.258720
11.536404
11.226571
11.143888
12.232915
11.178526
11.518127
11.079790
10.370519
9.611977
11.944788
11.341012
11.979848
12.573033
10.318674
11.472382
11.609107
11.341461
9.405910
11.327109
9.978691
11.603626
9.819319
11.326249
10.169255
9.494812
10.761926
13.226510
12.434116
9.721193
9.779504
10.989121
11.124456
9.792243
10.960121
10.405194
10.028120
12.053009
11.445364
10.375617
10.283818
11.273177
11.753500
10.834740
13.410484
11.818387
11.688316
12.090619
6.624627
11.415818
10.591551
11.286806
11.085781
11.244571
11.138025
11.872659
9.988347
11.954070
11.718696
11.253712
10.218087
11.218657
10.002775
10.677316
8.607325
11.615111
8.710097
8.976848
11.608846
10.863208
10.118310
9.211515
9.376954
11.327832
12.102843
11.492352
9.505803
10.538035
11.081688
12.025018
11.372317
9.857183
10.412738
11.722583
9.388006
11.685764
9.579328
10.076667
12.568203
10.109050
10.767927
11.219003
12.064022
10.245166
9.718587
11.912492
11.380172
12.894189
11.497070
10.893113
9.657694
11.249193
11.817616
11.123223
11.735932
10.795904
10.099866
11.071110
11.005714
7.941729
11.081207
10.223359
12.361181
12.240623
10.724040
11.867555
11.388864
10.860354
10.016897
10.045207
10.020933
10.468381
11.311262
11.621534
10.789381
11.376761
12.834251
8.802940
12.212431
11.782961
12.174791
8.892496
12.298951
9.000140
10.003844
13.298168
10.078471
11.325832
11.870807
11.792896
11.251900
9.213549
11.241702
10.134239
11.489614
11.870444
11.325191
12.270829
11.833328
10.960806
11.746275
11.676835
11.584358
10.408887
9.179436
10.733588
10.955611
11.111008
9.743049
10.959313
10.555749
11.043362
10.297293
9.936245
11.606445
9.731076
10.351212
10.794409
10.353543
11.200458
11.257604
11.547136
11.640637
11.573164
11.338474
11.626992
9.821066
12.394570
12.740761
10.225126
11.143875
11.612994
11.429302
11.952953
10.916327
12.419461
9.455887
11.836424
9.315089
10.026243
11.721720
10.001799
11.034009
9.779647
11.538547
9.762512
9.459439
10.266428
9.918131
11.844147
11.321235
10.787427
9.549242
12.028365
10.142773
9.573279
9.741538
11.313667
10.807344
10.068607
11.468171
12.371532
11.394201
12.975100
11.618795
11.734132
10.746247
11.057236
10.727327
10.930096
9.877963
12.676037
10.814539
12.115389
11.273672
12.600039
8.609878
11.967409
10.981595
10.096400
10.235336
9.701603
-3.089499
-4.257112
-4.560556
-4.471999
-5.397303
-3.811047
-4.136130
-3.879267
-4.681333
-4.257631
-5.301284
-4.125841
-4.820204
-4.908906
-5.751885
-3.995476
-3.484959
-6.088308
-3.729857
-3.544285
-5.475363
-3.420176
-5.842852
-4.491576
-6.166988
-4.478141
-3.393904
-4.454130
-4.022284
-4.095945
-5.130333
-4.656726
-3.832540
-3.089190
-7.576281
-4.435966
-4.440490
-3.094752
-4.272486
-6.664036
-5.309265
-3.129074
-4.294225
-3.979129
-6.795186
-5.135752
-4.577985
-2.914491
-3.263946
-3.217609
-4.308672
-5.241155
-6.034445
-5.119955
-4.514108
-3.278957
-2.694325
-3.057436
-2.037275
-4.677919
-6.061850
-3.568891
-3.558949
-4.023495
-3.937467
-5.155251
-5.794546
-5.801795
-4.904714
-4.769921
-4.213688
-5.221355
-4.524786
-6.094779
-2.986501
-2.960872
-5.054150
-4.628007
-3.548218
-4.424312
-3.336914
-5.314455
-3.628126
-5.109954
-4.523977
-4.353156
-5.448133
-4.595876
-3.596415
-3.925236
-5.494076
-5.651659
-5.077645
-5.469750
-5.570032
-3.234896
-3.521160
-4.791028
-4.273352
-3.915766
-3.506409
-3.958366
-3.825401
-5.155198
-4.805179
-5.528249
-2.699987
-3.747461
-3.847832
-4.911427
-5.350667
-4.858180
-4.357370
-3.128021
-4.419622
-4.391583
-3.093915
-5.039869
-4.609619
-3.993076
-4.121795
-6.128644
-4.409811
-3.808128
-4.974950
-4.073175
-5.260889
-3.751081
-3.496237
-3.350594
-5.646891
-3.995637
-4.916932
-4.151114
-5.508515
-4.764052
-2.631556
-3.738132
-4.102128
-5.281161
-4.002577
-2.053069
-4.385500
-5.279296
-3.584699
-4.827865
-5.212615
-4.316439
-3.061020
-3.779643
-3.303016
-6.066628
-5.934139
-5.375769
-4.571925
-6.212854
-4.375805
-5.782446
-4.629432
-3.733835
-4.040355
-4.821418
-5.082499
-3.226243
3.269309
5.052546
3.443215
2.112096
3.538331
3.267823
2.946378
3.631058
4.365150
1.862645
1.889307
3.501955
1.737869
2.771168
2.674497
3.749101
3.921312
3.927574
3.769273
2.493884
3.504707
3.753430
3.156307
3.059554
4.900541
2.024777
2.570992
3.830057
3.777156
5.212867
2.664360
2.476213
2.950000
3.006695
3.964288
2.351802
3.285214
2.768199
3.026832
1.420894
2.285355
3.633908
4.320987
3.908196
4.767332
0.732207
1.834909
2.970080
6.659129
3.653339
4.385944
2.667229
3.508828
3.772313
2.813557
0.535986
4.347996
3.767112
4.442419
3.673242
2.579505
3.316485
3.518038
3.909535
4.951207
3.898091
3.380973
2.268852
3.164112
3.654702
3.762517
3.878049
3.147347
3.532666
2.251738
4.524623
4.748321
3.048402
3.084999
4.367731
2.175217
2.842120
3.008385
3.817692
2.356823
2.483077
1.801287
3.111389
3.864040
3.082928
2.930359
4.480432
3.897786
3.656216
3.058005
4.770636
4.680712
3.623748
4.300317
5.137158
4.163492
2.004724
2.924600
2.214956
4.255570
2.516879
3.614467
2.498519
2.387142
3.381180
3.440594
3.983907
2.473250
3.573824
2.300306
2.893944
2.407913
4.160144
2.260220
1.743905
1.376729
3.891786
3.354909
3.803861
3.491248
4.146916
3.406445
5.146705
2.215303
2.579493
4.175476
3.364325
5.124139
2.059961
3.258501
4.316219
1.765293
1.531048
2.862547
3.854003
2.227083
1.477839
2.681618
3.680570
3.531194
1.451649
4.026567
3.838693
3.870382
4.819742
2.450309
2.930409
2.717263
3.892826
2.874657
3.222920
3.485424
2.215447
0.817409
2.815859
3.858148
2.809900
3.012526
2.252213
4.182225
3.271281
4.559857
3.716232
2.080879
2.927857
2.637558
3.440144
4.009144
3.399781
3.558287
2.767788
3.960626
1.613653
3.485752
2.966240
3.101281
2.498363
2.961856
4.594385
2.101376
4.889891
3.698945
3.617697
4.036104
1.856433
3.622506
5.785552
3.161179
4.486433
3.634017
1.434179
3.442814
2.002309
3.834792
3.268123
3.758790
2.919974
1.890349
5.172969
1.974077
4.502657
3.183689
2.029521
3.399378
4.996325
3.396736
2.737853
3.256489
2.633973
4.664977
2.040374
4.699172
4.677508
3.168964
4.093093
4.273329
3.038355
2.401542
1.966001
1.488487
0.857856
2.074690
2.736105
2.419932
2.649340
3.416569
3.248014
3.522359
3.407024
2.840675
3.724945
3.770166
3.316591
3.066786
3.117333
3.845149
2.581088
2.893915
1.832860
3.986373
2.978303
1.394750
3.407131
2.791256
2.895338
3.974002
2.715792
2.201517
2.961682
4.459972
3.796427
3.341860
1.832720
1.474586
3.602282
3.892249
1.664065
4.229481
2.569638
2.483214
2.129321
2.220909
3.606161
2.308056
3.985265
3.053625
4.525830
3.461334
3.993434
3.643799
3.715242
2.595409
2.832139
2.894465
1.968530
3.063883
4.650726
5.345605
3.950691
3.086007
3.626204
4.638940
2.411274
3.838304
3.141997
2.165511
4.435729
4.223667
3.184186
3.555563
2.068767
2.813519
2.177919
3.575881
2.299052
3.460738
2.841667
2.479299
3.193737
3.665405
3.588449
3.784690
3.927734
3.281899
3.884835
4.344150
3.032994
3.057320
3.791992
2.591529
3.528576
1.842349
3.986888
2.420605
2.195841
2.568767
2.712365
4.447259
2.046147
3.584577
5.042600
3.980717
2.573264
0.804246
4.802092
4.634922
1.265149
3.108453
3.013928
2.839458
3.300365
4.610723
4.451164
4.228551
1.511388
3.779115
3.082504
2.478985
2.390157
4.066141
2.938204
2.345879
4.632535
2.655963
1.385096
2.081746
2.749374
3.326911
3.708622
3.592512
5.271278
1.524895
1.889758
0.936693
1.788389
2.877017
2.702632
1.759926
4.234428
3.661033
1.798300
4.292258
2.606916
1.014285
4.555776
3.164590
4.591688
2.546970
2.913061
3.467970
2.806850
2.558080
1.451443
3.137393
4.305077
1.496322
2.240089
5.025364
2.175848
2.984518
3.191820
2.679954
2.024278
3.552028
1.596249
3.848852
4.364412
3.619734
2.208474
3.308976
3.865639
2.893908
3.553291
4.546494
3.194983
3.207531
5.049235
3.765059
2.783711
1.873923
4.042818
2.634354
2.091754
4.915268
2.949592
3.516960
3.825409
2.423801
2.723966
2.100510
4.713027
3.209297
2.101483
2.357630
2.710042
2.972885
4.547283
3.069112
0.710622
4.146199
4.213990
2.548686
3.312940
3.252830
3.047976
2.137753
1.640913
3.123444
5.188711
3.290822
3.327732
4.181914
5.040594
3.792237
1.421496
4.907067
3.066564
2.245100
2.768821
5.245461
3.145970
2.200801
3.073393
3.905507
3.786984
2.436786
0.859182
3.976729
2.835144
1.675755
4.501268
3.043607
5.004724
3.873986
3.342511
3.974523
2.014235
3.643477
3.758233
3.275531
4.578218
2.239759
3.660342
5.136693
2.788130
5.810104
3.552102
3.676638
2.763064
2.957194
5.449526
4.929769
4.254454
3.788144
5.846221
3.359505
4.834167
2.237928
2.600780
2.900436
3.425714
1.121091
3.690344
2.874091
4.375360
2.910977
3.644112
2.636860
3.211015
4.665106
3.109931
2.313157
2.305613
4.032986
4.117113
4.691423
4.034610
3.171109
3.548069
3.367862
2.803630
3.182713
3.629129
4.864245
2.707039
2.757890
3.872526
4.510406
4.004521
3.316357
4.323151
2.531454
2.016362
3.899858
3.310244
3.707136
2.704798
2.042495
3.874465
3.160880
3.161633
3.919465
4.477749
3.080800
1.970327
2.630013
2.822914
2.714439
3.772494
3.432197
2.563179
2.778417
3.752655
3.619246
3.438289
4.760202
5.720168
2.204769
3.941002
2.818203
6.094404
3.254167
3.057946
3.957667
3.889576
2.710680
3.523820
2.616324
2.415210
3.526697
3.228343
3.733278
3.289442
1.034670
2.443468
3.341320
2.759701
4.371072
2.496061
4.194415
1.626122
4.785074
2.792792
4.170342
4.948339
3.804755
3.052622
3.812801
4.439062
3.714173
2.896469
3.381635
5.120495
3.259133
3.843436
3.004790
1.515302
5.362714
2.494711
4.969232
1.858649
3.580827
2.608153
3.699936
3.602031
3.955666
3.458303
3.938933
3.565551
2.694915
4.284803
3.413315
3.670829
0.903457
4.331451
4.214395
3.060045
4.845914
3.132423
5.159105
4.253348
3.294350
2.736288
4.779784
5.208863
1.907299
3.321175
3.910743
2.933878
5.095207
3.666844
2.916862
3.106048
3.837646
3.188409
3.330693
2.914772
2.946905
2.460337
2.856640
3.141709
4.550656
3.804627
3.099000
3.557261
3.638952
2.159491
1.753575
3.787379
2.893193
6.041851
3.377064
2.596895
4.374589
1.941698
2.322899
3.173793
2.320330
3.302667
1.783439
4.320969
5.598325
1.842145
3.446501
3.731786
4.309620
2.961102
2.675505
2.669113
3.286643
2.040422
1.780062
2.986953
1.032833
3.313642
2.448086
3.817322
3.910385
3.264486
2.647140
3.457007
5.299878
2.956091
2.828570
4.896935
3.559425
3.157141
4.263580
3.462852
3.814873
4.136262
1.975757
3.132551
1.792561
4.020637
3.827290
5.566184
3.141008
4.919524
3.325091
4.430602
4.320935
2.479908
3.325215
3.221452
3.039024
1.969788
3.538290
3.629168
3.435156
3.341448
2.574649
4.388734
5.739839
2.690686
2.643418
3.568553
3.231712
3.676741
3.415466
4.195527
3.586590
3.345195
2.588068
1.853617
1.697841
3.956822
1.836466
5.149240
2.153192
3.310510
2.881707
3.585959
2.628724
4.706423
3.143353
2.617079
2.578894
3.661790
2.256063
2.400092
3.840608
2.237712
4.604753
3.772600
3.703084
3.418609
4.313987
4.163838
3.603510
3.677011
2.237153
2.254082
3.275826
3.437491
1.795769
1.967348
4.708078
4.313329
3.543111
3.910850
5.763724
2.454647
3.483924
2.053607
2.768891
3.249830
1.829306
1.678701
2.422602
3.449257
3.188550
3.251073
2.714435
1.806818
3.551204
3.958076
2.674525
4.422025
3.938028
3.535153
2.850702
3.658354
4.328274
3.863280
3.331467
3.229568
2.953880
2.554527
2.855930
3.639759
2.324855
2.699553
4.026520
2.501188
4.024432
2.509644
3.391863
2.045068
4.777589
1.168588
3.441058
2.988001
4.297604
3.313827
3.312029
2.035455
5.281407
3.139644
6.035669
3.088830
2.335048
3.905384
4.030060
4.141720
3.610154
5.430285
3.867963
2.561539
4.879567
3.626537
3.359623
2.782138
1.972068
4.230069
3.669799
3.992165
2.285730
2.366092
3.607617
2.236411
2.232271
2.677015
3.068526
3.379286
3.185350
2.112126
4.382788
4.719057
2.767604
0.480638
2.850503
5.058925
4.119864
3.571542
2.346057
2.451275
2.915629
3.913155
2.508525
0.782974
2.813280
4.475035
4.126371
0.781141
3.533074
3.116076
2.823997
4.697104
4.051515
2.801412
3.384970
3.617441
2.393458
3.334656
5.192127
3.197309
3.306926
3.133872
2.697275
2.390932
3.848425
2.410368
4.151186
2.471754
18.702872
19.439357
18.911023
18.699094
18.743176
19.429309
18.238678
18.320544
19.647330
19.312691
17.333273
19.219142
20.152625
18.183160
19.316584
19.438785
19.008154
16.654246
18.250062
17.822700
18.500413
19.157454
19.940016
19.569433
20.701021
18.182684
18.381499
17.873319
19.894401
19.035547
17.865564
17.228124
18.985512
18.695698
18.442928
18.887805
17.916312
18.881405
19.677407
18.408744
19.520082
18.024245
18.854976
17.277834
19.251460
21.350338
20.651213
18.704978
19.154858
18.313058
17.948336
19.161588
17.108050
18.053237
17.730423
17.111323
19.668891
17.674170
18.336270
20.019012
19.995293
19.287145
20.047846
18.425492
18.746210
18.371135
19.890750
19.146976
18.348205
19.400032
18.376999
18.838695
15.380617
19.092945
18.828676
21.243251
20.058884
19.323377
19.864293
18.298257
19.266122
18.490063
18.253348
18.828933
18.984780
19.877147
17.500139
16.972243
19.749320
19.548417
18.209653
20.308616
18.941908
18.326592
19.225317
19.130919
18.606015
17.908671
21.128983
18.745899
19.904597
19.646533
20.411135
17.968542
18.844088
19.846529
19.048872
17.778071
18.605668
19.112392
18.843784
21.388984
17.964055
20.876274
20.003817
18.857894
17.961308
19.269461
20.073116
17.821273
18.150414
19.182589
18.842711
18.513421
19.028855
19.670201
18.967452
19.401657
18.407298
18.476054
20.785066
19.425681
18.355569
18.302681
18.942481
19.571936
20.681674
17.908681
17.964827
17.328465
18.835871
19.128084
19.145737
17.821606
19.556396
20.518980
19.427981
19.090864
17.908373
18.796651
17.685947
20.459967
19.000454
18.323041
18.742297
18.007726
19.705443
18.034210
18.192508
20.132437
18.669821
18.418924
17.761222
21.133586
19.809752
16.326515
20.352853
19.258641
19.973479
19.713394
21.195806
19.995545
20.068245
18.756368
19.997193
18.764263
18.944583
17.347823
19.801398
20.657219
19.350208
20.809227
19.220664
17.936591
18.852948
18.981371
19.878560
18.788022
18.456587
19.187564
19.574125
20.744447
19.174122
19.820088
19.178998
16.755368
18.240428
19.602703
19.860302
18.835655
19.100452
18.961221
17.948644
17.965922
17.478372
19.999364
19.844545
17.851041
18.718856
18.062841
17.685540
18.233318
17.017623
18.354186
19.789358
17.962603
17.800342
19.096117
17.714560
20.174385
19.143533
21.011760
19.826739
20.150442
20.788432
18.019314
19.041313
18.700362
17.619113
18.566712
17.549685
19.328415
18.593927
19.028483
19.237624
18.488801
19.976298
17.941273
18.615780
17.793621
19.617294
19.676104
19.855001
20.434309
19.204093
19.416360
19.323006
18.722163
18.646735
19.405754
19.921436
18.525113
19.222702
18.097751
20.867595
20.419058
17.945752
16.930860
18.170733
19.005498
17.132618
20.252171
18.942912
18.145388
17.967661
19.808893
18.228544
19.357524
19.993630
19.941116
17.549945
17.348208
18.122825
19.744157
19.507994
19.087806
19.326976
19.426991
19.100428
18.791955
17.870590
17.956065
18.953976
19.493136
20.069593
21.694014
18.626966
19.482988
19.805318
19.793684
19.934957
17.431372
18.522429
19.690589
18.890152
17.534796
18.845311
19.080240
17.596295
20.164752
17.703162
19.352729
19.287029
18.870344
17.706550
19.064599
17.948400
19.497159
19.810977
19.006294
19.271925
21.051908
18.726136
19.234721
18.301156
19.220836
19.239618
19.036201
18.571644
19.418474
18.801000
17.715800
19.191324
21.156240
18.929523
17.579896
20.060712
17.577318
17.212108
19.229717
18.917771
17.746093
18.967188
19.295330
19.301353
18.139918
20.508404
16.996872
21.331813
19.422015
20.425020
20.860005
19.239274
17.883240
18.731089
19.117955
19.845991
18.870829
17.506613
17.872536
18.798266
19.540783
16.682678
19.558384
19.531325
19.890857
18.620104
19.838866
19.296696
16.178507
17.766981
20.134208
17.403822
18.505969
17.552235
18.766381
18.764272
17.624980
18.642840
17.362567
19.131633
19.377958
21.353355
18.623267
17.095270
16.923414
18.067078
18.098064
19.298438
21.259139
19.509930
18.403879
17.600062
17.633349
19.993003
20.126134
20.115227
18.901358
19.990847
19.458108
16.979836
20.539534
17.782724
18.631574
18.631547
19.648703
18.713590
17.978723
18.095211
19.258593
20.141825
16.751293
20.058996
17.738453
18.532503
20.032340
19.537474
18.372947
19.215408
18.675036
18.146045
18.500490
18.997102
20.313944
18.127230
18.410142
18.509208
19.053273
20.930784
18.838174
19.288328
19.046730
19.490417
19.012327
19.789811
19.500741
15.725598
17.568817
19.189283
19.632151
19.089305
17.556830
18.491418
18.778632
17.687487
16.737601
18.889931
17.583324
18.675142
17.807434
19.115064
18.874954
18.048141
20.288988
18.929014
18.530426
18.353165
20.467687
18.873546
16.897682
7.683350
9.352936
9.031165
6.905886
8.028351
7.844236
8.564636
9.101353
8.152615
8.150266
8.078527
6.982675
6.326023
7.294150
8.016853
7.791874
8.816953
7.575966
8.583866
7.385410
8.384248
7.012370
8.422407
8.235767
6.384644
7.846681
7.626925
8.130435
7.760391
6.662726
8.143532
8.713755
7.229873
9.966650
8.748700
7.199500
7.229084
8.235688
5.625536
7.881875
7.447029
7.733300
8.816616
8.489168
6.031924
9.070415
7.273460
6.891149
7.810885
9.494153
8.146518
8.454983
7.288859
8.052563
8.821213
7.678531
7.203580
7.016936
7.806534
7.536574
4.704034
9.119714
8.598711
7.689147
7.671412
8.110642
5.993240
9.192199
7.181348
6.204845
8.417777
8.965978
8.988001
8.048447
6.106877
8.690562
8.157350
6.150908
7.655498
7.265829
5.934173
7.242262
13.759479
15.902449
15.363419
15.276465
15.361262
16.053472
16.745252
13.992791
16.168053
15.251792
14.128829
14.664664
16.453427
16.216638
15.193646
15.018624
14.264447
15.081581
14.872644
13.475803
14.829462
16.482860
16.550156
16.351368
14.626492
13.996751
15.564202
14.715061
13.600924
15.325469
15.685194
14.561045
17.311835
14.675527
17.464487
17.224857
15.816584
15.918141
14.909081
15.883894
15.896784
16.028445
15.432372
15.947563
16.460235
13.853277
15.207116
16.813456
15.471908
13.807995
14.729837
15.590074
14.476555
15.237733
14.856562
17.337204
15.031239
15.624914
16.199441
15.757276
15.934517
15.999139
14.613936
15.891553
15.010925
13.609565
15.411427
14.831031
14.362844
14.974574
15.989649
14.322701
17.505748
14.048389
15.842366
16.082111
16.124256
16.109241
14.766377
15.901369
15.717821
17.415845
12.977806
17.331155
16.260066
16.307579
14.667843
15.262592
16.238116
15.875921
16.050716
13.019742
14.165950
13.619738
15.059171
14.751577
14.838377
15.264731
15.711454
16.053117
14.606382
13.099833
14.491083
14.522926
14.419406
14.967004
16.448795
15.513876
14.274339
14.764949
16.907638
15.460738
14.304302
14.459878
13.707976
16.828554
13.771178
15.896601
16.297183
16.413216
14.628553
16.836004
16.266149
-0.106626
-0.121163
0.900436
-1.003400
0.976286
-0.855644
0.491651
-0.982349
-1.657244
-0.118643
1.138656
-1.849896
0.296156
0.662034
-0.774148
1.218322
-0.904634
-1.839873
0.683528
1.901729
0.885146
-0.274963
-0.867889
-1.203394
-0.210881
-2.381548
0.524984
0.381607
1.091515
-0.165516
0.041144
0.225053
-0.283377
0.423465
-1.354650
-0.093967
-0.561203
0.631052
0.251900
0.175573
0.792443
1.857379
-0.181195
-1.431253
-1.913901
0.230998
0.401914
0.793315
1.870197
-0.913139
-1.183286
1.494813
-0.623078
-0.121352
1.593129
-1.330399
-1.161022
-0.742972
2.184578
-1.443179
0.178142
-1.254419
1.698955
-2.000959
-1.058770
-0.371271
-0.442502
-0.373792
1.261300
-0.052837
-0.620207
0.446610
0.964418
-0.869462
-0.232890
-0.282527
-1.039914
0.248827
-1.303559
-0.552850
-1.230685
0.240993
0.981100
0.536890
-0.638181
0.515913
0.232880
-1.649220
0.811189
-2.029344
0.201073
1.359573
1.028849
1.083985
0.385689
-0.607023
1.052180
-1.578201
-0.726971
-0.184331
-0.091792
1.177762
1.431941
1.329990
-0.371012
-0.422748
-1.067413
1.206914
-0.575362
-0.361324
-0.098059
1.969265
-0.760431
-0.171462
0.739185
0.471331
1.013667
-2.299505
-0.136892
1.027640
1.284209
0.137424
-0.285196
0.369866
1.430121
-1.280203
-0.154587
-0.987209
1.037299
0.281949
-0.376370
0.374509
-0.561473
-0.224105
-1.220532
-0.264770
-0.784727
2.092099
0.924843
-0.056704
0.278339
0.853711
-0.390507
1.256716
-0.064393
-0.191004
-0.170434
0.122708
-0.275676
0.166428
-0.481475
0.112161
-0.313160
0.238036
0.669449
0.112721
0.765927
-0.030131
2.041701
1.460672
-1.187529
-0.730293
-0.701301
0.366517
0.327874
-0.434799
0.609874
0.922161
0.177996
1.710508
-0.524438
-1.029420
-0.168684
1.885324
-0.635129
-1.141156
0.070302
-1.451071
0.963860
-1.230602
1.061128
-0.135152
0.471291
-0.682416
2.505940
0.043856
-0.918753
0.301835
1.693481
-1.660418
-0.731232
0.599013
2.498468
-2.791050
-2.369039
-0.621218
-0.770078
-0.180625
1.031491
-0.387578
-0.037937
1.119799
-1.420536
-1.247455
-1.740312
0.276991
0.948572
-0.260233
-0.785265
-0.059175
-0.392164
0.384643
1.180429
-0.598599
-2.541830
-0.884303
-1.264738
-0.448577
0.307864
0.657788
-1.046990
0.909066
1.425779
-1.725161
0.394271
0.590631
1.470798
1.524553
-1.743491
-0.105479
-0.842653
2.320679
-0.747139
-0.695288
0.936166
0.090380
1.866115
1.780133
-0.237039
-0.204647
0.285108
1.658450
-1.448752
0.377806
-0.024161
-2.548456
-1.726113
1.210815
0.643093
0.963779
0.638298
0.622930
-0.402274
1.732496
-0.082652
0.767501
-0.033418
1.651137
0.125911
-0.652526
-0.967712
-0.219664
-0.991732
-1.101057
-0.046079
-0.369586
-0.530463
0.547398
-0.875768
-1.870445
0.016228
1.215794
1.096607
0.244934
2.216916
0.938456
0.106758
0.687692
-0.523892
1.098200
-1.352021
-0.179965
0.774997
-0.574012
-0.628460
1.421062
-0.212796
2.053913
-0.679956
-0.810138
0.074454
-1.787812
1.135728
0.278951
-0.116606
0.670675
-0.734685
0.807857
0.985693
0.680558
0.657845
-0.374918
-0.246365
0.654332
-0.516472
-0.037189
0.147658
-1.045476
0.938632
0.521547
-1.303629
-0.064957
-0.059142
0.028267
1.324723
0.392559
-1.313478
-0.493613
1.570253
1.009825
1.381694
-0.718010
-0.447572
0.497545
-0.169170
-0.124597
-1.107913
0.084025
0.833674
0.698948
0.823901
-1.248159
0.376580
-1.330887
-1.944832
-0.742600
-0.523251
-0.378970
-0.423409
-1.007242
0.891247
0.511206
-1.255243
-0.304419
-0.320104
-0.457681
-1.634841
-0.740656
0.108399
-1.649809
-2.052486
0.195972
0.320108
-1.789566
2.405719
-0.244633
-1.139956
2.437167
0.054847
-1.027813
1.135800
0.872427
-0.994819
0.774886
1.030771
1.200967
0.182423
-1.787007
0.121186
-0.237278
-0.914338
0.653399
0.118723
-0.501294
0.835788
0.201325
1.274774
-0.496861
-0.513882
-0.478633
-0.107523
-0.843645
0.491896
0.296907
-0.864265
-0.654747
-0.122811
0.129789
0.034091
-0.115244
0.615412
0.603051
-0.988786
0.818962
0.588673
0.116179
0.050563
1.108761
0.052074
0.343758
-0.333163
-0.569929
-0.838179
-0.406018
0.589294
0.663462
-0.293093
0.208214
-0.622697
0.882630
0.433995
0.267574
1.123635
1.351303
-0.709235
1.827914
-0.629643
-0.586820
0.117265
-0.522107
0.522494
0.645574
-0.098374
-0.473573
-0.639554
0.314516
1.044045
-1.425286
2.652057
-1.113204
2.671452
-1.768111
-0.970659
0.156503
-1.535708
-0.847361
0.299386
0.284842
0.558653
0.587747
0.170140
0.430654
-0.757189
-0.561027
1.673072
-0.375210
1.024818
-0.223913
-0.985420
0.338913
0.546318
0.110371
-0.454554
1.506640
0.300304
-0.662100
0.956471
-0.655375
0.242203
1.445740
-0.243151
0.784388
-0.170793
0.383240
2.467492
0.966738
0.389409
-0.828380
-0.628886
1.359744
-0.251908
-1.713261
0.261316
-0.752930
-0.022645
-0.442065
0.809139
0.582892
-1.420055
0.439858
-2.215632
0.039163
0.599997
-0.076085
-1.680745
0.011002
0.735802
1.126666
-1.264517
0.053265
-1.849013
-1.612383
-0.731083
0.952185
0.838970
-0.712253
0.416047
0.962300
-0.273946
-0.646753
-1.170866
0.583916
-0.941988
1.316139
-0.644415
-0.667753
1.097404
0.392229
-0.122597
0.647488
-0.327594
0.606499
1.332039
-0.967820
-0.358361
0.176485
-0.572416
-1.453046
0.714939
-0.711143
2.470838
2.626947
-0.312929
-1.301575
0.340697
-0.291152
-0.912038
-1.132439
1.910125
0.143080
0.050321
-0.254490
0.122366
-0.335109
-1.044402
0.978067
-0.419525
1.432305
-1.014953
0.608748
-1.232250
-0.271465
-0.324638
1.483299
1.131718
0.329485
0.706838
1.064390
1.404020
-0.488780
-0.169421
0.270976
0.615137
0.669401
0.712059
-0.454422
-0.259249
-2.014575
0.658542
-1.183635
-0.021478
0.501897
-2.403754
-0.794592
0.876264
1.321836
1.135105
-0.401221
1.667991
-1.048768
0.095682
-0.753251
0.923744
-0.152606
0.847441
0.985861
-1.087114
-0.119102
1.370258
-0.851092
0.052324
-0.842755
-1.936673
2.090920
-0.181454
0.590111
-0.683331
-0.190997
0.478291
1.187987
0.232629
0.669192
-0.518683
-0.412000
0.258658
-0.534336
1.345581
0.022275
0.712190
0.435544
-0.405919
0.885042
-0.038747
1.444696
-0.432938
1.786498
-0.497444
0.900646
1.453287
-0.261966
-0.138053
-0.020669
-0.599797
1.636730
-0.657023
-0.220841
-1.552392
0.319124
-0.685903
-1.615273
-0.351764
-0.492472
-0.655353
-0.417461
-0.800428
-0.362744
1.507483
0.488551
1.818043
1.525466
1.441901
-0.548019
-0.908630
-0.853842
0.019577
0.574165
1.011668
-1.884023
0.996787
-0.020782
1.037309
-0.263350
0.105932
-0.995133
-0.616469
-0.850501
2.353485
-1.035632
-0.334293
-1.987159
-1.177788
-0.869494
-1.111406
0.070259
0.447964
-1.243117
1.152813
-1.648959
0.309727
-2.275204
-1.421981
0.031967
-0.905018
1.414918
-0.078062
0.497831
0.888767
-0.128320
2.957788
1.758060
-0.703961
0.002838
-0.075746
-1.331727
-0.862893
-0.742090
-0.944424
-2.057430
-0.085384
0.403187
0.099552
1.052105
0.504160
0.235807
-0.043694
0.369970
0.958572
-1.005441
1.125791
0.300653
-0.575266
-1.843891
-1.703432
0.457168
1.053374
-0.526693
-0.432429
-0.499752
-0.408346
0.025836
-1.069682
0.212472
-0.599011
0.756374
-1.789855
0.829440
0.911533
2.166970
-1.064096
-1.499226
-1.589630
1.575009
-1.165871
0.278382
-1.853022
-2.063617
-1.176851
0.531404
0.632582
1.079026
0.123489
0.276754
0.433575
-0.231490
1.506287
1.006423
1.195322
0.861190
0.324523
-0.401789
0.754966
-0.183873
-0.193925
-0.254566
-0.859479
-1.641061
0.490776
1.825731
-0.210200
-0.004199
1.757311
-0.604540
-1.681253
1.638524
-0.108424
-1.340973
0.119333
0.352810
0.274618
-0.614389
-0.348108
0.125149
-1.086485
0.402088
1.498054
-2.105113
1.915869
0.661687
0.753179
0.058729
1.817454
-0.908776
0.291673
-0.649717
0.457977
0.046962
0.337199
0.586022
1.286289
-1.823364
-0.486939
-0.785162
0.102105
0.221603
-0.027092
-1.536210
-1.775419
0.633630
1.803725
