-0.072586
-0.073243
-0.072795
-0.076268
-0.074318
-0.071781
-0.073527
-0.076247
-0.073539
-0.069431
-0.066599
-0.063079
-0.063082
-0.064397
-0.064858
-0.065944
-0.056787
-0.043474
-0.031242
-0.016438
-0.004449
0.007435
0.022093
0.037585
0.048018
0.056984
0.067052
0.076365
0.088526
0.101662
0.113902
0.126520
0.142983
0.161163
0.179561
0.199264
0.218120
0.237250
0.257769
0.278918
0.299427
0.320106
0.341476
0.363152
0.385994
0.409548
0.433375
0.457775
0.480087
0.501808
0.524215
0.546416
0.569744
0.593528
0.617055
0.640806
0.666202
0.692375
0.718707
0.745644
0.772316
0.799176
0.826676
0.854508
0.805205
0.723305
0.645080
0.544976
0.464082
0.381499
0.275468
0.160703
0.075402
-0.003938
-0.093776
-0.182168
-0.292996
-0.413803
-0.532229
-0.656694
-0.747125
-0.825651
-0.911877
-0.992197
-1.085736
-1.182948
-1.273536
-1.364428
-1.478385
-1.601596
-1.724074
-1.853018
-1.974658
-2.096141
-2.224628
-2.355249
-2.330262
-2.240807
-2.160325
-2.036973
-1.955476
-1.872650
-1.743713
-1.598965
-1.514704
-1.443888
-1.353731
-1.268050
-1.138917
-0.991345
-0.850126
-0.698368
-0.620597
-0.570041
-0.505436
-0.455441
-0.379502
-0.297884
-0.232397
-0.168364
-0.058080
0.069494
0.193439
0.328841
0.446793
0.562305
0.690399
0.820855
0.807987
0.736574
0.673886
0.572299
0.511487
0.450720
0.347997
0.231761
0.170478
0.121803
0.056436
-0.004306
-0.103741
-0.219242
-0.328419
-0.446531
-0.491569
-0.509033
-0.538845
-0.553253
-0.591882
-0.634906
-0.661037
-0.684604
-0.751497
-0.833836
-0.911518
-0.999045
-1.068558
-1.134527
-1.211426
-1.289407
-1.306606
-1.299606
-1.296434
-1.277115
-1.276851
-1.277533
-1.260710
-1.238898
-1.239247
-1.244833
-1.244162
-1.245629
-1.231750
-1.211681
-1.194437
-1.173870
-1.188599
-1.217087
-1.240636
-1.272269
-1.293066
-1.312519
-1.340767
-1.370981
-1.381911
-1.386489
-1.394002
-1.397746
-1.410667
-1.426037
-1.437133
-1.448529
-1.447145
-1.440011
-1.433705
-1.423703
-1.415795
-1.407134
-1.394564
-1.380199
-1.372109
-1.365434
-1.356599
-1.348173
-1.335358
-1.320639
-1.306514
-1.291286
-1.278532
-1.266378
-1.252978
-1.239592
-1.224745
-1.209152
-1.193626
-1.177623
-1.158780
-1.138512
-1.117874
-1.096110
-1.074607
-1.052648
-1.029509
-1.005683
-0.992862
-0.984277
-0.974497
-0.967357
-0.956546
-0.945283
-0.936904
-0.929151
-0.916414
-0.902154
-0.888782
-0.874545
-0.862976
-0.852231
-0.840484
-0.828979
-0.811360
-0.791147
-0.771440
-0.750086
-0.730141
-0.710076
-0.688249
-0.665765
-0.646203
-0.627391
-0.607758
-0.588438
-0.567259
-0.545350
-0.523836
-0.501952
-0.502679
-0.512896
-0.521757
-0.536882
-0.546294
-0.556068
-0.572561
-0.591479
-0.601187
-0.608824
-0.619421
-0.629331
-0.645781
-0.665006
-0.683262
-0.703099
-0.713218
-0.719841
-0.728511
-0.735384
-0.745809
-0.757120
-0.766434
-0.775691
-0.791367
-0.809537
-0.827354
-0.846869
-0.864170
-0.881287
-0.900255
-0.919690
-0.927173
-0.929986
-0.933812
-0.934615
-0.939314
-0.944361
-0.946118
-0.947052
-0.952819
-0.959907
-0.965908
-0.972578
-0.976309
-0.978987
-0.982475
-0.985504
-0.995416
-1.008128
-1.020073
-1.033733
-1.045536
-1.057270
-1.070853
-1.084995
-1.095619
-1.105204
-1.115534
-1.125320
-1.137042
-1.149413
-1.161143
-1.173111
-1.144848
-1.099511
-1.056148
-1.001364
-0.956366
-0.910389
-0.852183
-0.789350
-0.742209
-0.698281
-0.648791
-0.600101
-0.539566
-0.473776
-0.409282
-0.341623
-0.291017
-0.246322
-0.197625
-0.151802
-0.099254
-0.044768
0.006486
0.057985
0.121288
0.189387
0.257204
0.328399
0.395988
0.463595
0.534852
0.607288
0.585320
0.524123
0.468246
0.386253
0.329365
0.271484
0.185528
0.089819
0.030760
-0.020248
-0.083156
-0.143472
-0.230320
-0.328502
-0.422952
-0.523937
-0.580567
-0.620993
-0.670063
-0.710522
-0.766760
-0.826591
-0.876895
-0.926501
-1.004162
-1.092424
-1.178678
-1.272015
-1.355019
-1.436732
-1.526209
-1.617289
-1.495128
-1.283807
-1.083402
-0.823281
-0.618723
-0.410979
-0.139110
0.155654
0.374288
0.578047
0.809298
1.037215
1.324474
1.638333
1.946400
2.270751
2.693264
3.164563
3.648439
4.170924
4.683180
5.210507
5.778341
6.369390
7.175614
8.088563
9.016588
10.023826
10.581067
10.985552
11.491557
11.921525
12.169899
12.316123
12.392273
12.371509
12.353849
12.284674
12.114487
11.877507
11.929006
12.061256
12.111123
12.194325
12.114259
11.971619
11.869871
11.738911
11.898198
12.171625
12.402624
12.699791
12.911414
13.113154
13.386740
13.677207
13.802062
13.871967
13.967058
14.029579
14.169812
14.330516
14.454353
14.580326
14.667592
14.735484
14.806963
14.866790
14.926897
14.982042
15.025143
15.060823
15.122922
15.191510
15.251181
15.312897
15.357592
15.395058
15.435303
15.471541
15.497918
15.518515
15.535412
15.546981
15.558010
15.565919
15.568308
15.566830
15.562004
15.553358
15.540808
15.524452
15.503604
15.478647
15.449914
15.417172
15.435604
15.473532
15.505075
15.548456
15.574516
15.598078
15.634590
15.673607
15.687761
15.693882
15.703772
15.708867
15.726255
15.747025
15.762333
15.778203
15.753361
15.710882
15.670697
15.618912
15.575882
15.531384
15.474519
15.412631
15.368238
15.327626
15.280961
15.235345
15.177031
15.113164
15.050883
14.985329
14.817412
14.604573
14.392773
14.149525
13.928500
13.702305
13.442606
13.168581
12.927533
12.690255
12.436459
12.180894
11.893749
11.590588
11.286826
10.971960
9.960532
8.647452
7.352905
5.851127
4.507641
3.136359
1.543880
-0.138982
-0.464334
-0.277846
-0.245208
0.105568
-0.024614
-0.226649
-0.079844
0.130793
-0.226942
-0.759666
-1.199036
-1.740872
-1.979615
-2.127526
-2.393831
-2.635853
-2.640664
-2.545701
-2.436768
-2.250018
-2.133647
-2.009276
-1.801205
-1.561224
-1.708453
-1.996621
-2.234396
-2.557778
-2.731990
-2.877512
-3.117682
-3.368884
-3.441979
-3.454483
-3.486838
-3.480386
-3.556048
-3.650566
-3.701530
-3.751493
-3.754255
-3.731852
-3.710102
-3.671839
-3.630947
-3.581267
-3.514611
-3.436336
-3.384173
-3.335877
-3.274293
-3.211632
-3.126586
-3.030104
-2.933367
-2.828791
-2.710833
-2.583481
-2.448590
-2.304671
-2.156546
-2.001602
-1.837436
-1.665704
-1.486496
-1.299585
-1.105093
-0.902973
-0.692766
-0.474741
-0.249109
-0.015720
0.172429
0.345770
0.529151
0.705075
0.901562
1.104368
1.298647
1.494436
1.717994
1.953172
2.188649
2.432638
2.668743
2.905513
3.151439
3.400736
3.680574
3.975956
4.273585
4.582688
4.890319
5.202938
5.527517
5.859365
6.183027
6.507880
6.840706
7.176615
7.524958
7.880880
8.239521
8.604188
8.681718
8.640184
8.617289
8.516126
8.491085
8.463731
8.352221
8.211879
8.188830
8.193266
8.162132
8.141161
8.039239
7.903870
7.782230
7.642185
7.632314
7.670659
7.684450
7.724172
7.719149
7.704638
7.718705
7.735747
7.671054
7.576002
7.487783
7.379589
7.302634
7.230334
7.136066
7.037938
7.032446
7.062234
7.083860
7.128355
7.140129
7.147834
7.180557
7.218555
7.220445
7.212093
7.210956
7.204265
7.218837
7.240618
7.255791
7.273782
7.232460
7.166522
7.106005
7.029980
6.968997
6.907721
6.829785
6.746216
6.691034
6.643527
6.588832
6.537681
6.469322
6.394539
6.324111
6.250702
6.241983
6.259852
6.271883
6.300739
6.312417
6.324052
6.353799
6.389413
6.394868
6.392157
6.396964
6.397950
6.417232
6.443305
6.464694
6.489208
6.487081
6.474587
6.466440
6.452464
6.446478
6.441620
6.430418
6.417892
6.421493
6.430663
6.437717
6.448188
6.451588
6.453357
6.458951
6.464659
6.489559
6.523084
6.555930
6.594562
6.629800
6.666234
6.708797
6.754169
6.791618
6.827661
6.867003
6.906250
6.951909
7.000603
7.048948
7.099246
7.144237
7.187847
7.233705
7.279309
7.327934
7.377963
7.427618
7.478092
7.533779
7.592029
7.650899
7.711785
7.772065
7.833097
7.896248
7.960589
7.961066
7.935150
7.913237
7.873896
7.851801
7.829302
7.788051
7.740457
7.718365
7.702167
7.678154
7.656279
7.616596
7.569511
7.525343
7.477063
7.458785
7.451654
7.438995
7.432385
7.415509
7.396514
7.384178
7.372597
7.342439
7.305437
7.270068
7.230220
7.197594
7.166115
7.129700
7.092488
7.086164
7.092088
7.095815
7.107617
7.109688
7.111172
7.121416
7.134082
7.134948
7.132855
7.133848
7.133518
7.140970
7.151440
7.160229
7.170542
7.163221
7.148934
7.136971
7.120864
7.109961
7.099575
7.084695
7.068695
7.062171
7.058678
7.053582
7.050228
7.042169
7.032754
7.025332
7.017625
7.013387
7.010702
7.007589
7.005387
7.002677
7.000133
6.998552
6.997405
6.994038
6.990032
6.986578
6.982824
6.980307
6.978234
6.975803
6.973558
6.971137
6.968691
6.966442
6.964248
6.962162
6.960170
6.958230
6.956367
6.954952
6.953768
6.952646
6.951706
6.950746
6.949869
6.949183
6.948614
6.926720
6.895829
6.865980
6.830100
6.799560
6.768576
6.731127
6.691284
6.659626
6.629644
6.596781
6.564343
6.525719
6.484356
6.443679
6.401355
6.368467
6.338896
6.307218
6.277198
6.243546
6.208902
6.176114
6.143266
6.104061
6.062321
6.020807
5.977528
5.936294
5.895127
5.852046
5.808399
5.816953
5.847250
5.874695
5.916643
5.944822
5.973637
6.018035
6.067905
6.097624
6.122982
6.154997
6.185666
6.231069
6.282817
6.332590
6.386055
6.388246
6.370142
6.358056
6.333589
6.324437
6.316637
6.295409
6.270722
6.271741
6.280655
6.284775
6.293275
6.288239
6.278988
6.274818
6.269402
6.093780
5.845689
5.603687
5.312293
5.062535
4.807992
4.500573
4.172822
3.605800
2.921841
2.226731
1.446743
0.689704
-0.098527
-0.975699
-1.902903
-2.306433
-2.520005
-2.808653
-2.984777
-3.361795
-3.779512
-4.072683
-4.353205
-4.891163
-5.519543
-6.122740
-6.784853
-7.335077
-7.862634
-8.455805
-9.054425
-9.184298
-9.124222
-9.090519
-8.929389
-8.906847
-8.886354
-8.728186
-8.527073
-8.496458
-8.503686
-8.458013
-8.425619
-8.269952
-8.062454
-7.873596
-7.655327
-7.659876
-7.747426
-7.795072
-7.888228
-7.905296
-7.907088
-7.958955
-8.016914
-7.939429
-7.812470
-7.698055
-7.551451
-7.458525
-7.374683
-7.255306
-7.130749
-7.005376
-6.873467
-6.735948
-6.592893
-6.434446
-6.266262
-6.092966
-5.911302
-5.729731
-5.543737
-5.349035
-5.148566
-4.938659
-4.721111
-4.497930
-4.267773
-4.007479
-3.730496
-3.447546
-3.151046
-2.853590
-2.548746
-2.229868
-1.901455
-1.574491
-1.242188
-0.899841
-0.550872
-0.188349
0.184108
0.562916
0.950516
1.323104
1.694097
2.074890
2.457515
2.853969
3.258204
3.663818
4.075128
4.504761
4.945007
5.390371
5.844825
6.300613
6.761770
7.232321
7.709526
8.124075
8.516076
8.917742
9.306319
9.719186
10.137277
10.540850
10.943264
11.377838
11.824015
12.267492
12.718663
13.156567
13.592147
14.036242
14.481465
14.549482
14.458429
14.384875
14.204284
14.118798
14.025474
13.817385
13.566861
13.458406
13.378362
13.247354
13.123018
12.889692
12.607722
12.336953
12.036614
11.906476
11.836088
11.727839
11.649504
11.505446
11.343432
11.214916
11.085279
10.841473
10.552111
10.266777
9.949719
9.669396
9.390263
9.076739
8.753029
8.758092
8.894631
9.006178
9.203516
9.301168
9.393961
9.579662
9.792062
9.872014
9.917959
9.997992
10.062567
10.212402
10.394881
10.557954
10.737095
10.741208
10.676322
10.635462
10.553958
10.524167
10.499878
10.431476
10.352358
10.369429
10.417737
10.450454
10.501360
10.505553
10.496744
10.508653
10.518339
10.531662
10.547685
10.561414
10.575817
10.593492
10.612634
10.632314
10.653256
10.664537
10.672355
10.681902
10.689538
10.700867
10.713055
10.723121
10.733076
10.755713
10.783469
10.810549
10.841082
10.867796
10.894432
10.924803
10.956322
10.983368
11.009444
11.036932
11.064092
11.094543
11.126390
11.157768
11.189948
11.198809
11.198075
11.199173
11.194086
11.195267
11.196411
11.190895
11.183193
11.185676
11.190764
11.193095
11.196552
11.193473
11.187848
11.183650
11.178172
11.182952
11.191649
11.198591
11.207708
11.213565
11.218868
11.226549
11.234638
11.236483
11.236114
11.236455
11.235399
11.236957
11.239048
11.239587
11.239991
11.253818
11.273129
11.291709
11.313971
11.332383
11.350804
11.373196
11.396873
11.415630
11.433315
11.452576
11.471483
11.493992
11.518034
11.541569
11.565987
11.583336
11.598037
11.613954
11.628398
11.645236
11.662531
11.678209
11.693666
11.713322
11.734490
11.755236
11.776956
11.796962
11.816651
11.837418
11.858313
11.842904
11.812223
11.783248
11.743998
11.713999
11.683301
11.641582
11.595825
11.563714
11.534351
11.500133
11.466581
11.422597
11.373972
11.326449
11.276115
11.242372
11.214488
11.182988
11.154451
11.119579
11.083016
11.049766
11.016462
10.972142
10.923460
10.875224
10.823968
10.776332
10.728867
10.678123
10.626448
10.591107
10.561932
10.531063
10.504092
10.471294
10.437664
10.408308
10.379763
10.344313
10.306757
10.270373
10.232769
10.198893
10.166154
10.132002
10.098177
10.054176
10.005848
9.958287
9.907946
9.859954
9.811739
9.760553
9.708247
9.660624
9.614152
9.566297
9.518888
9.468393
9.416648
9.365488
9.313664
9.332188
9.380395
9.424886
9.489155
9.535916
9.584102
9.653487
9.730706
9.780208
9.823832
9.876929
9.928367
10.000291
10.081157
10.159499
10.243126
10.296357
10.338866
10.388136
10.432039
10.487525
10.546141
10.598756
10.651511
10.724781
10.806211
10.886854
10.973157
11.052806
11.132194
11.217723
11.305037
11.357020
11.395457
11.437315
11.470539
11.515863
11.562652
11.600009
11.635320
11.685417
11.739847
11.791448
11.845441
11.891080
11.933985
11.979704
12.024456
12.090339
12.165058
12.237885
12.316287
12.389502
12.462921
12.542318
12.623806
12.695133
12.763749
12.835015
12.905062
12.981342
13.059985
13.137118
13.215375
13.219656
13.192828
13.170341
13.127290
13.102782
13.076987
13.029139
12.973269
12.947434
12.928285
12.899361
12.872590
12.824336
12.766916
12.712574
12.652971
12.624938
12.608199
12.584677
12.566904
12.537454
12.505011
12.478969
12.453011
12.406009
12.350770
12.296576
12.236740
12.184016
12.131786
12.073415
12.013416
11.992511
11.986827
11.977724
11.978437
11.966286
11.952899
11.950203
11.950113
11.934073
11.913598
11.896595
11.877303
11.867556
11.861166
11.852022
11.844289
11.813905
11.774252
11.737016
11.694065
11.657106
11.620275
11.577290
11.532380
11.498903
11.468737
11.436037
11.405021
11.367566
11.327892
11.290220
11.251676
11.245853
11.253754
11.259361
11.273887
11.280263
11.287108
11.303520
11.323359
11.329012
11.331247
11.337718
11.342888
11.357608
11.376231
11.393128
11.412131
11.417934
11.418924
11.422650
11.423886
11.429786
11.436792
11.441042
11.445132
11.457972
11.474167
11.489797
11.507686
11.522471
11.536934
11.553865
11.571367
11.562210
11.542238
11.524027
11.498673
11.481065
11.463592
11.438406
11.410822
11.393640
11.378944
11.361256
11.344560
11.320759
11.294084
11.268718
11.241811
11.228680
11.220828
11.210795
11.203767
11.192342
11.180224
11.171388
11.163159
11.146963
11.128009
11.110052
11.090383
11.074206
11.058819
11.041517
11.024140
11.007101
10.989969
10.972729
10.955435
10.937410
10.919039
10.900643
10.881996
10.863537
10.845038
10.826271
10.807391
10.788223
10.768849
10.749370
10.729719
10.708416
10.686318
10.664113
10.641316
10.618725
10.595933
10.572518
10.548765
10.525383
10.501936
10.478117
10.454150
10.429586
10.404660
10.379602
10.354255
10.330467
10.307193
10.283551
10.260158
10.236075
10.211777
10.187764
10.163699
10.138611
10.113094
10.087569
10.061731
10.036177
10.010597
9.984680
9.958638
9.931627
9.904111
9.876503
9.848518
9.820547
9.792396
9.763852
9.735058
9.706504
9.677893
9.649010
9.620010
9.590598
9.560926
9.531149
9.501162
9.506783
9.527444
9.546352
9.575333
9.595450
9.616329
9.648003
9.683690
9.705641
9.724771
9.748732
9.771972
9.805574
9.843758
9.880788
9.920571
9.944749
9.963455
9.985675
10.005174
10.030699
10.057886
10.082024
10.106281
10.141103
10.180153
10.218846
10.260488
10.298761
10.336945
10.378323
10.420661
10.442356
10.456056
10.471666
10.482155
10.499518
10.517609
10.530118
10.541321
10.561120
10.583373
10.603859
10.625654
10.642452
10.657550
10.674204
10.690195
10.718178
10.751117
10.782865
10.817699
10.849468
10.881254
10.916357
10.952554
10.982811
11.011404
11.041412
11.070614
11.103287
11.137208
11.170156
11.203643
11.142772
11.041902
10.945650
10.822628
10.722701
10.620546
10.489719
10.348094
10.243125
10.145656
10.035202
9.926618
9.790338
9.641774
9.496238
9.343302
9.230755
9.132245
9.024358
8.923335
8.806467
8.685081
8.571409
8.457225
8.315249
8.162024
8.009528
7.849128
7.697312
7.545521
7.385185
7.222133
6.850248
6.387329
5.930535
5.411574
4.938124
4.455556
3.906721
3.330235
2.830063
2.342388
1.822273
1.302292
0.717804
0.102495
-0.510151
-1.142938
-1.397733
-1.500850
-1.641091
-1.686026
-1.840776
-2.001521
-2.059167
-2.087383
-2.291020
-2.544591
-2.759312
-2.999479
-3.138321
-3.241860
-3.375798
-3.495399
-3.599313
-3.693052
-3.772868
-3.840329
-3.907271
-3.966728
-4.013309
-4.050848
-4.064363
-4.062057
-4.051325
-4.027049
-3.996209
-3.955336
-3.900660
-3.834714
-3.789015
-3.745188
-3.688712
-3.629875
-3.551362
-3.462030
-3.371002
-3.272100
-3.150624
-3.015674
-2.873532
-2.719625
-2.563271
-2.399601
-2.223801
-2.039152
-2.046702
-2.130599
-2.196953
-2.311973
-2.368398
-2.420840
-2.526044
-2.645628
-2.681322
-2.693646
-2.724892
-2.744354
-2.813601
-2.900514
-2.973232
-3.053461
-3.035486
-2.977742
-2.931893
-2.862071
-2.818851
-2.776976
-2.709231
-2.633926
-2.610929
-2.603906
-2.586597
-2.577935
-2.541673
-2.496630
-2.461648
-2.423908
-2.433313
-2.462551
-2.486982
-2.523654
-2.549334
-2.575562
-2.614899
-2.658905
-2.678424
-2.691099
-2.709769
-2.725190
-2.754898
-2.789796
-2.820763
-2.854002
-2.872666
-2.885777
-2.901838
-2.915008
-2.932665
-2.951189
-2.966552
-2.981450
-3.006385
-3.035038
-3.062754
-3.092875
-3.119172
-3.144870
-3.173217
-3.202004
-3.191807
-3.165509
-3.141370
-3.106476
-3.082250
-3.057751
-3.021677
-2.981680
-2.956483
-2.934520
-2.907765
-2.882054
-2.845572
-2.804488
-2.764910
-2.722677
-2.699596
-2.683579
-2.663999
-2.648242
-2.625795
-2.601916
-2.582254
-2.563006
-2.531933
-2.496469
-2.461978
-2.424591
-2.391734
-2.359550
-2.324181
-2.288251
-2.167733
-2.010623
-1.856555
-1.677677
-1.517825
-1.354764
-1.165224
-0.964928
-0.796347
-0.633415
-0.457772
-0.282727
-0.081884
0.131001
0.342256
0.561193
0.746382
0.920638
1.104287
1.283237
1.477108
1.676120
1.869698
2.064953
2.285630
2.517334
2.749635
2.990049
3.224238
3.459643
3.703720
3.951398
4.009977
3.990700
3.983372
3.924621
3.917732
3.910077
3.847049
3.765593
3.759224
3.770306
3.758635
3.753410
3.695938
3.616846
3.546500
3.464211
3.472632
3.514980
3.541124
3.585877
3.600032
3.608172
3.636766
3.668004
3.643888
3.599625
3.560648
3.508618
3.478668
3.452556
3.412021
3.369485
3.370980
3.388745
3.402426
3.426656
3.433977
3.438615
3.454869
3.473018
3.474645
3.471360
3.470841
3.467448
3.473347
3.482147
3.487592
3.493953
3.468985
3.430761
3.394808
3.350294
3.313226
3.275556
3.228719
3.178488
3.142300
3.109527
3.072562
3.036900
2.991874
2.943030
2.895906
2.846733
2.803915
2.763023
2.719750
2.677039
2.631378
2.584472
2.538257
2.491440
2.438548
2.382862
2.326820
2.268674
2.211644
2.154065
2.094257
2.033362
1.969651
1.903997
1.837321
1.769000
1.699668
1.629026
1.556717
1.482980
1.409066
1.334231
1.257910
1.180507
1.101298
1.020658
0.938962
0.855955
0.863653
0.909218
0.949508
1.014902
1.056747
1.099779
1.169772
1.249300
1.292770
1.328222
1.375311
1.419777
1.490089
1.571400
1.648974
1.732848
1.775852
1.804022
1.840448
1.869106
1.912479
1.959346
1.997605
2.035397
2.099561
2.173814
2.246379
2.325747
2.395684
2.464617
2.540985
2.619047
2.652230
2.667897
2.687313
2.695364
2.718135
2.742241
2.753977
2.762633
2.789234
2.820716
2.848139
2.878023
2.896927
2.911883
2.929828
2.946031
2.988414
3.041436
3.091551
3.148187
3.197737
3.247019
3.303334
3.361766
3.406854
3.448000
3.491968
3.533878
3.583136
3.634855
3.684148
3.734341
3.740431
3.727922
3.718225
3.696339
3.685262
3.673371
3.648417
3.618669
3.607541
3.600706
3.588001
3.576782
3.552596
3.522967
3.495389
3.464760
3.451945
3.445498
3.435140
3.427989
3.414264
3.398832
3.386971
3.375133
3.351216
3.322549
3.294455
3.263099
3.235771
3.208690
3.178063
3.146470
3.140264
3.144031
3.145675
3.153777
3.153744
3.153052
3.159379
3.167522
3.165352
3.160389
3.157805
3.153834
3.156189
3.160837
3.163795
3.167777
3.157448
3.141330
3.126877
3.108904
3.094857
3.081007
3.063357
3.044599
3.033267
3.024172
3.013580
3.004185
2.990800
2.976121
2.962841
2.949128
2.949989
2.956997
2.962939
2.972851
2.979242
2.985883
2.996776
3.009224
3.015162
3.019509
3.025778
3.031432
3.041408
3.053138
3.064058
3.075914
3.082246
3.086579
3.092112
3.096635
3.103133
3.110125
3.115995
3.121829
3.131430
3.142499
3.153359
3.165216
3.175786
3.186254
3.197809
3.209642
3.212154
3.210945
3.210435
3.207492
3.207398
3.207451
3.204867
3.201532
3.201909
3.203235
3.203602
3.204398
3.202793
3.200264
3.198277
3.195832
3.198428
3.203011
3.206908
3.211979
3.215560
3.218986
3.223685
3.228695
3.230949
3.232311
3.234124
3.235418
3.238058
3.241075
3.243501
3.245995
3.240320
3.231138
3.222374
3.211279
3.202051
3.192570
3.180599
3.167647
3.158018
3.149081
3.138965
3.129023
3.116603
3.103084
3.089843
3.075944
3.065171
3.055448
3.044912
3.034852
3.023498
3.011731
3.000506
2.989182
2.975559
2.960969
2.946379
2.931092
2.916432
2.901714
2.886246
2.870500
2.859352
2.849952
2.840058
2.831259
2.820856
2.810231
2.800806
2.791617
2.780415
2.768595
2.757117
2.745280
2.734516
2.724076
2.713223
2.702459
2.688951
2.674274
2.659805
2.644585
2.629991
2.615332
2.599872
2.584108
2.569615
2.555437
2.540882
2.526448
2.511177
2.495566
2.480115
2.464484
2.484847
2.520458
2.554332
2.598424
2.633665
2.669745
2.716769
2.767907
2.805150
2.839568
2.878929
2.917598
2.966807
3.020699
3.073461
3.129052
3.169091
3.203719
3.241938
3.277502
3.319159
3.362544
3.402948
3.443538
3.494788
3.550347
3.605616
3.663908
3.718891
3.773852
3.832084
3.891347
3.885010
3.851589
3.822090
3.774622
3.745019
3.715012
3.665665
3.609792
3.579557
3.555125
3.522677
3.492253
3.443638
3.387382
3.333942
3.276193
3.249965
3.235428
3.215094
3.201109
3.176275
3.149187
3.129093
3.109769
3.071007
3.025075
2.980835
2.931896
2.890507
2.850306
2.804930
2.758709
2.764908
2.792467
2.816851
2.855443
2.878966
2.902400
2.941167
2.984821
3.008536
3.027680
3.052865
3.076367
3.113926
3.157317
3.198408
3.242742
3.259925
3.266833
3.278250
3.283895
3.298482
3.314646
3.324486
3.333321
3.358119
3.388568
3.417239
3.449491
3.475020
3.499177
3.527318
3.555800
3.562666
3.560917
3.560484
3.554284
3.554848
3.555727
3.550356
3.543189
3.543810
3.546241
3.546427
3.547331
3.542773
3.535989
3.530166
3.523130
3.528690
3.539143
3.547804
3.559331
3.566952
3.574064
3.584295
3.595202
3.599195
3.600894
3.603615
3.604963
3.609564
3.615014
3.618911
3.622889
3.622852
3.620980
3.619353
3.616545
3.614319
3.611814
3.608063
3.603713
3.601361
3.599447
3.596817
3.594298
3.590355
3.585783
3.581382
3.576608
3.572444
3.568383
3.563910
3.559376
3.554395
3.549151
3.543858
3.538375
3.532024
3.525210
3.518235
3.510883
3.503547
3.496024
3.488108
3.479938
3.475404
3.472256
3.468686
3.465971
3.462018
3.457894
3.454705
3.451704
3.447015
3.441795
3.436849
3.431592
3.427201
3.423063
3.418567
3.414129
3.407653
3.400298
3.393088
3.385312
3.377977
3.370581
3.362580
3.354341
3.347044
3.339973
3.332609
3.325325
3.317406
3.309222
3.301148
3.292929
3.288660
3.286016
3.283052
3.281132
3.278151
3.275174
3.273320
3.271834
3.268601
3.264917
3.261697
3.258279
3.255969
3.254086
3.251953
3.250031
3.246388
3.242085
3.238073
3.233693
3.229854
3.226104
3.221952
3.217728
3.214548
3.211738
3.208804
3.206101
3.202956
3.199718
3.196737
3.193775
3.188489
3.182250
3.176133
3.169375
3.163277
3.157171
3.150375
3.143352
3.137176
3.131182
3.124910
3.118695
3.111852
3.104739
3.097710
3.090523
3.084548
3.079025
3.073287
3.067797
3.061890
3.055899
3.050182
3.044498
3.038085
3.031406
3.024795
3.018011
3.011517
3.005073
2.998438
2.991776
2.993779
2.999437
3.004692
3.012405
3.017933
3.023641
3.031985
3.041303
3.047354
3.052751
3.059319
3.065731
3.074648
3.084682
3.094457
3.104911
3.111457
3.116632
3.122675
3.128030
3.134894
3.142170
3.148677
3.155208
3.164361
3.174559
3.184664
3.195498
3.205487
3.215449
3.226200
3.237184
3.244212
3.249749
3.255704
3.260720
3.267154
3.273794
3.279404
3.284823
3.291928
3.299552
3.306898
3.314546
3.321295
3.327773
3.334602
3.341358
3.350580
3.360855
3.370950
3.381724
3.391936
3.402209
3.413206
3.424481
3.434629
3.444504
3.454720
3.464835
3.475702
3.486878
3.497919
3.509126
3.513656
3.515408
3.517621
3.518020
3.520154
3.522226
3.522350
3.521800
3.524065
3.527005
3.529111
3.531476
3.531937
3.531620
3.531647
3.531255
3.533757
3.537330
3.540347
3.543936
3.546531
3.548914
3.551926
3.555002
3.556235
3.556780
3.557474
3.557715
3.558652
3.559689
3.560227
3.560674
3.564808
3.570417
3.575767
3.582089
3.587280
3.592417
3.598606
3.605099
3.610167
3.614882
3.619981
3.624927
3.630820
3.637086
3.643156
3.649417
3.653643
3.657073
3.660787
3.664034
3.667894
3.671827
3.675251
3.678558
3.682983
3.687775
3.692393
3.697228
3.701528
3.705683
3.710083
3.714464
3.717801
3.720710
3.723645
3.726281
3.729226
3.732164
3.734778
3.737285
3.740098
3.742955
3.745686
3.748415
3.750872
3.753198
3.755535
3.757786
3.760661
3.763763
3.766750
3.769860
3.772741
3.775570
3.778536
3.781512
3.784112
3.786572
3.789058
3.791451
3.793985
3.796538
3.798987
3.801416
3.802523
3.803046
3.803604
3.803764
3.804195
3.804558
3.804497
3.804253
3.804498
3.804822
3.804931
3.805037
3.804723
3.804208
3.803705
3.803070
3.802913
3.802900
3.802728
3.802605
3.802245
3.801791
3.801397
3.800959
3.800124
3.799105
3.798058
3.796872
3.795759
3.794610
3.793312
3.791942
3.842660
3.915491
3.986000
4.071400
4.144054
4.218018
4.307927
4.403884
4.480123
4.552494
4.632104
4.710893
4.804963
4.905918
5.005421
5.109152
5.183155
5.246337
5.315164
5.378175
5.451934
5.528140
5.597905
5.667214
5.754844
5.849374
5.942590
6.040421
6.131438
6.221580
6.316781
6.413004
6.839446
7.407409
7.962232
8.612749
9.185672
9.769030
10.454690
11.180552
11.703549
12.169899
12.687425
13.178700
13.787850
14.440273
15.060846
15.700627
15.974583
16.098510
16.257840
16.323191
16.485728
16.649326
16.711731
16.741867
16.947992
17.203163
17.416538
17.653748
17.787400
17.883732
18.008871
18.117811
18.251532
18.391257
18.513375
18.633440
18.740940
18.840267
18.937870
19.029578
19.079387
19.108423
19.133151
19.141874
19.154692
19.161296
19.151123
19.131332
19.120571
19.107370
19.083690
19.055365
19.010740
18.955894
18.896858
18.829523
18.747172
18.654100
18.553052
18.441995
18.325507
18.201174
18.066651
17.923542
17.925422
17.983892
18.027140
18.105784
18.138113
18.165710
18.231823
18.307202
18.316466
18.306017
18.308318
18.299806
18.327662
18.367275
18.394228
18.425154
18.379923
18.302809
18.232991
18.143273
18.071944
17.999888
17.906497
17.805633
17.742741
17.690244
17.628206
17.571000
17.491122
17.402851
17.320483
17.234294
17.267448
17.350216
17.423929
17.529676
17.604666
17.680622
17.790993
17.913202
17.982945
18.039555
18.110956
18.176941
18.277168
18.390993
18.497852
18.611746
18.675997
18.721685
18.776739
18.821823
18.883464
18.948469
19.002514
19.055226
19.139527
19.235484
19.328611
19.429341
19.517850
19.604423
19.699370
19.795679
19.820524
19.816486
19.817005
19.798362
19.800856
19.803847
19.786126
19.762062
19.765216
19.774786
19.776452
19.780644
19.766023
19.743743
19.724826
19.701759
19.716848
19.746583
19.770404
19.802613
19.822677
19.840878
19.868238
19.897336
19.904624
19.904416
19.907020
19.904998
19.912664
19.922580
19.927314
19.931923
19.936959
19.941571
19.945994
19.950182
19.952587
19.954102
19.955451
19.956122
19.957614
19.959120
19.959889
19.960437
19.960100
19.959205
19.958114
19.956585
19.950847
19.943092
19.935064
19.925528
19.916540
19.907051
19.895976
19.884049
19.873049
19.861876
19.849769
19.837281
19.823289
19.808379
19.793133
19.777154
19.765818
19.756080
19.745380
19.735511
19.723726
19.711413
19.700035
19.688605
19.674326
19.658909
19.643568
19.627424
19.612205
19.597010
19.580945
19.564620
19.545541
19.525076
19.504453
19.482821
19.461350
19.439458
19.416514
19.392942
19.370188
19.347376
19.323871
19.300131
19.275284
19.249782
19.224079
19.197866
19.184827
19.177133
19.168343
19.162985
19.153892
19.144702
19.139219
19.134871
19.124785
19.113183
19.103033
19.092183
19.084911
19.078987
19.072196
19.066047
19.053709
19.038948
19.025111
19.009876
18.996483
18.983318
18.968632
18.953602
18.942132
18.931854
18.921053
18.910965
18.899231
18.887075
18.875725
18.864345
18.845708
18.824054
18.802690
18.779266
18.757818
18.736276
18.712519
18.687986
18.665957
18.644396
18.621905
18.599503
18.575094
18.549775
18.524626
18.498911
18.476923
18.456274
18.434880
18.414190
18.392114
18.369700
18.348069
18.326467
18.302511
18.277650
18.252925
18.227586
18.203079
18.178654
18.153557
18.128299
18.160834
18.217814
18.272131
18.342889
18.399280
18.456980
18.532298
18.614204
18.674222
18.729878
18.793439
18.856002
18.935385
19.022295
19.107510
19.197310
19.261525
19.316822
19.377956
19.434687
19.501426
19.570980
19.635588
19.700472
19.782748
19.872029
19.960806
20.054492
20.142728
20.230892
20.324369
20.419496
20.421125
20.384306
20.353268
20.296773
20.266108
20.235114
20.176701
20.109201
20.078386
20.056017
20.022444
19.991946
19.935735
19.868836
19.806141
19.737503
19.714409
19.708353
19.694215
19.689446
19.669309
19.646167
19.633321
19.621820
19.582657
19.533445
19.486900
19.433852
19.391883
19.351863
19.304654
19.256474
19.265099
19.296679
19.324746
19.368090
19.394576
19.420675
19.463287
19.510960
19.537297
19.558674
19.586341
19.612101
19.652776
19.699571
19.743798
19.791379
19.808301
19.813477
19.823427
19.826657
19.839705
19.854288
19.861529
19.867405
19.890807
19.920250
19.947465
19.978419
20.001625
20.023050
20.048661
20.074399
20.076803
20.069782
20.063930
20.051688
20.046487
20.041411
20.029425
20.015304
20.009228
20.004843
19.997845
19.991380
19.978871
19.963763
19.949446
19.933608
19.931118
19.933679
19.934096
19.937380
19.936235
19.934322
19.935552
19.937290
19.931374
19.922773
19.915053
19.905639
19.899507
19.894072
19.886748
19.879294
19.812323
19.719767
19.629629
19.522226
19.428566
19.332919
19.218829
19.097415
18.998659
18.904159
18.800955
18.698440
18.577978
18.449280
18.322001
18.189567
18.081324
17.981109
17.874525
17.771555
17.658295
17.541674
17.429188
17.315796
17.184687
17.046053
16.907279
16.763042
16.623498
16.483375
16.337394
16.189147
15.912095
15.578556
15.248177
14.879033
14.537226
14.189219
13.799931
13.393067
13.032455
12.678917
12.304862
11.930290
11.515514
11.081216
10.647954
10.201726
9.919740
9.701672
9.463110
9.263173
9.011517
8.753786
8.538104
8.331991
8.042921
7.727490
7.425874
7.109000
6.833926
6.570952
6.290490
6.012682
5.933034
5.937095
5.935222
5.991033
5.996013
6.005768
6.077381
6.172170
6.200503
6.217971
6.262785
6.307108
6.408007
6.535644
6.660549
6.802813
6.847955
6.859617
6.893413
6.910654
6.966958
7.034469
7.083334
7.133654
7.249065
7.390880
7.531246
7.690261
7.829236
7.968271
8.127462
8.293136
8.393318
8.470806
8.557988
8.631725
8.733522
8.841986
8.935399
9.028503
9.152106
9.286948
9.420036
9.560873
9.689485
9.816341
9.951732
10.088637
10.273515
10.480418
10.686888
10.908575
11.122627
11.340516
11.574483
11.816279
12.040477
12.262559
12.493633
12.725678
12.974207
13.231157
13.488473
13.751637
13.831422
13.835958
13.854457
13.824217
13.844061
13.863853
13.831144
13.781375
13.810036
13.858514
13.885534
13.921015
13.905591
13.870201
13.845593
13.810826
13.859495
13.940047
14.006571
14.090902
14.148692
14.202047
14.274868
14.351083
14.377085
14.385374
14.399495
14.402481
14.426708
14.455372
14.471639
14.486960
14.537815
14.602034
14.663642
14.734165
14.791442
14.846984
14.912303
14.979568
15.034744
15.086722
15.141313
15.194236
15.254871
15.318281
15.379655
15.442279
15.479492
15.506264
15.535410
15.557982
15.587279
15.616608
15.638862
15.658831
15.690852
15.726180
15.758568
15.792532
15.819291
15.843411
15.869449
15.894304
15.892008
15.877807
15.863568
15.840859
15.824199
15.806139
15.779051
15.748105
15.725059
15.702610
15.675756
15.648144
15.612265
15.572046
15.531364
15.487575
15.456180
15.428554
15.397174
15.367276
15.331310
15.293058
15.256572
15.219124
15.172125
15.120798
15.068900
15.013721
14.960484
14.906476
14.848982
14.789849
14.519538
14.158234
13.804311
13.388527
13.021362
12.646676
12.205916
11.738665
11.349187
10.973390
10.566292
10.160523
9.691042
9.191760
8.696351
8.181879
7.754894
7.356612
6.934855
6.525824
6.078806
5.619102
5.174023
4.725199
4.211919
3.671006
3.129113
2.567029
2.021462
1.473359
0.903634
0.325269
0.173857
0.197774
0.194167
0.306220
0.300083
0.294942
0.414405
0.574839
0.565385
0.516038
0.517417
0.503697
0.607302
0.759125
0.890661
1.048584
0.999805
0.873292
0.782844
0.649428
0.584850
0.533247
0.434482
0.329020
0.348447
0.412883
0.464626
0.545283
0.575130
0.595562
0.648016
0.704303
0.661928
0.582760
0.512068
0.417294
0.359710
0.307561
0.228948
0.145559
0.098218
0.061174
0.017423
-0.020539
-0.079718
-0.145922
-0.205272
-0.267245
-0.259677
-0.223023
-0.192028
-0.142447
-0.110131
-0.077051
-0.024031
0.036002
0.064051
0.083888
0.112523
0.137668
0.183181
0.236657
0.285711
0.338771
0.330740
0.298125
0.272256
0.231268
0.207532
0.184765
0.145658
0.101879
0.088567
0.084299
0.073751
0.067996
0.045529
0.017532
-0.004834
-0.029165
-0.027770
-0.015754
-0.006836
0.008466
0.017377
0.026234
0.041949
0.059879
0.063675
0.063222
0.065726
0.066000
0.073855
0.084204
0.091942
0.100540
0.135292
0.181299
0.227048
0.280731
0.328093
0.376457
0.433304
0.493560
0.545933
0.597447
0.652899
0.708788
0.772356
0.839813
0.907423
0.977735
1.035340
1.088821
1.145647
1.200618
1.261258
1.323795
1.384194
1.445173
1.515242
1.589223
1.663396
1.740445
1.815192
1.890326
1.968541
2.048003
2.045415
2.008827
1.977092
1.922802
1.890512
1.857529
1.800286
1.734725
1.701396
1.675315
1.639042
1.605240
1.548480
1.482030
1.419048
1.350571
1.320722
1.305101
1.282153
1.266845
1.238044
1.206306
1.183000
1.160476
1.113780
1.058059
1.004256
0.944482
0.893849
0.844510
0.788610
0.731492
0.713013
0.709710
0.703429
0.707083
0.698243
0.688427
0.689411
0.693211
0.681986
0.666831
0.655323
0.641935
0.638097
0.637827
0.635227
0.634320
0.610914
0.578481
0.548751
0.513559
0.484713
0.456293
0.421968
0.386001
0.361761
0.341118
0.318223
0.297297
0.270201
0.241164
0.214413
0.187072
0.186615
0.197561
0.206756
0.223396
0.233650
0.244492
0.263302
0.285101
0.295298
0.302804
0.313967
0.324197
0.342456
0.364082
0.384424
0.406648
0.418598
0.426923
0.437628
0.446560
0.459366
0.473242
0.485133
0.497092
0.516235
0.538258
0.560024
0.583791
0.605280
0.626711
0.650309
0.674560
0.682431
0.683867
0.686704
0.685386
0.689309
0.693664
0.693504
0.692180
0.697586
0.704833
0.710548
0.717188
0.719738
0.720819
0.723021
0.724577
0.735298
0.749734
0.763117
0.778763
0.791917
0.804961
0.820447
0.836655
0.848120
0.858163
0.869178
0.879440
0.892268
0.905939
0.918725
0.931801
0.929323
0.920267
0.912176
0.899766
0.891135
0.882190
0.868620
0.853334
0.844579
0.837309
0.827946
0.819079
0.805619
0.790216
0.775509
0.759701
0.750136
0.742786
0.734032
0.726381
0.716388
0.705768
0.696378
0.686969
0.673280
0.657893
0.642681
0.626293
0.611297
0.596360
0.580148
0.563570
0.555907
0.551731
0.546781
0.544078
0.538484
0.532631
0.529224
0.526430
0.519976
0.512511
0.505858
0.498690
0.493723
0.489538
0.484731
0.480257
0.470717
0.459110
0.448063
0.435750
0.424793
0.413879
0.401600
0.388904
0.378797
0.369451
0.359551
0.350047
0.339110
0.327691
0.316738
0.305606
0.299991
0.296689
0.292967
0.290735
0.287137
0.283611
0.281682
0.280323
0.276489
0.272038
0.268295
0.264303
0.261928
0.260198
0.258146
0.256431
0.252566
0.247910
0.243692
0.239063
0.235175
0.231455
0.227280
0.223070
0.220284
0.218039
0.215692
0.213705
0.211203
0.208638
0.206469
0.204385
0.198797
0.191801
0.185046
0.177363
0.170728
0.164130
0.156527
0.148626
0.142090
0.135890
0.129313
0.122877
0.115525
0.107810
0.100278
0.092557
0.086706
0.081582
0.076182
0.071204
0.065649
0.060017
0.054844
0.049768
0.043642
0.037164
0.030836
0.024296
0.018241
0.012309
0.006137
-0.000028
-0.004892
-0.009224
-0.013608
-0.017626
-0.022025
-0.026421
-0.030422
-0.034295
-0.038592
-0.042967
-0.047188
-0.051424
-0.055317
-0.059055
-0.062823
-0.066495
-0.070906
-0.075590
-0.080142
-0.084844
-0.089286
-0.093673
-0.098226
-0.102796
-0.106926
-0.110895
-0.114901
-0.118802
-0.122876
-0.126977
-0.130962
-0.134928
-0.139251
-0.143705
-0.148124
-0.152626
-0.156990
-0.161330
-0.165762
-0.170209
-0.174518
-0.178785
-0.183073
-0.187335
-0.191671
-0.196030
-0.200359
-0.204694
-0.208773
-0.212743
-0.216730
-0.220646
-0.224620
-0.228587
-0.232478
-0.236340
-0.240314
-0.244314
-0.248277
-0.252250
-0.256145
-0.260007
-0.263882
-0.267738
-0.262345
-0.253011
-0.244056
-0.232436
-0.223045
-0.213394
-0.200891
-0.187289
-0.177140
-0.167644
-0.156839
-0.146147
-0.132724
-0.118052
-0.103607
-0.088383
-0.077152
-0.067279
-0.056430
-0.046225
-0.034388
-0.022055
-0.010452
0.001247
0.015750
0.031415
0.047051
0.063515
0.079169
0.094864
0.111451
0.128351
0.140955
0.151973
0.163506
0.174062
0.186222
0.198662
0.210023
0.221226
0.234348
0.248097
0.261592
0.275476
0.288420
0.301121
0.314262
0.327378
0.343238
0.360300
0.377221
0.394935
0.412092
0.429368
0.447489
0.465967
0.483267
0.500323
0.517805
0.535229
0.553529
0.572220
0.590816
0.609648
0.560996
0.483731
0.409618
0.316292
0.239525
0.161135
0.062166
-0.044566
-0.125458
-0.201173
-0.286202
-0.370032
-0.473638
-0.586083
-0.696508
-0.812309
-0.898868
-0.975289
-1.058521
-1.136804
-1.226629
-1.319766
-1.407337
-1.495314
-1.603403
-1.719652
-1.835409
-1.956910
-2.072238
-2.187577
-2.309126
-2.432668
-2.422534
-2.357113
-2.299569
-2.205313
-2.147223
-2.088153
-1.989583
-1.877576
-1.817746
-1.769638
-1.705057
-1.644485
-1.546705
-1.433227
-1.325372
-1.208614
-1.155668
-1.126298
-1.085004
-1.056442
-1.005723
-0.950279
-0.908875
-0.868885
-0.789269
-0.694942
-0.603898
-0.503162
-0.417599
-0.334299
-0.240336
-0.144504
-0.104193
-0.085501
-0.062396
-0.053422
-0.026008
0.003095
0.016810
0.026722
0.058136
0.095286
0.127451
0.162459
0.184033
0.200697
0.220843
0.238748
0.290001
0.354761
0.415790
0.485093
0.545249
0.604997
0.673673
0.744988
0.799341
0.848658
0.901509
0.951708
1.011196
1.073769
1.133223
1.193780
1.161470
1.089832
1.023313
0.930710
0.860726
0.788683
0.688704
0.578269
0.505322
0.440467
0.362951
0.287808
0.185311
0.070947
-0.039880
-0.157661
-0.236947
-0.302739
-0.377359
-0.445336
-0.528124
-0.615036
-0.694502
-0.774301
-0.880576
-0.997483
-1.113534
-1.237007
-1.352127
-1.467080
-1.590070
-1.715516
-1.702912
-1.633570
-1.572788
-1.474441
-1.414308
-1.353737
-1.252702
-1.138291
-1.078033
-1.030263
-0.965990
-0.906282
-0.808653
-0.695280
-0.588136
-0.472249
-0.423766
-0.400524
-0.365376
-0.344127
-0.300184
-0.251838
-0.218765
-0.187723
-0.115822
-0.029106
0.053625
0.145929
0.221806
0.294759
0.378298
0.463232
0.485115
0.481944
0.483019
0.467484
0.471744
0.477093
0.464427
0.446703
0.452573
0.464204
0.469438
0.477149
0.468945
0.454453
0.443159
0.428595
0.450255
0.486134
0.517090
0.556451
0.584914
0.612158
0.648532
0.687066
0.705966
0.718491
0.734170
0.746125
0.767628
0.791781
0.811692
0.832052
0.815271
0.782447
0.751655
0.710277
0.677048
0.642542
0.596743
0.546402
0.511748
0.480445
0.443675
0.407811
0.360463
0.308075
0.257075
0.203088
0.162225
0.125693
0.085515
0.047204
0.003318
-0.042450
-0.086075
-0.130259
-0.184501
-0.243058
-0.301744
-0.363572
-0.422842
-0.482508
-0.545539
-0.609916
-0.614099
-0.593657
-0.577230
-0.544599
-0.528847
-0.513108
-0.479899
-0.441050
-0.426286
-0.417279
-0.401255
-0.387494
-0.357317
-0.320471
-0.286620
-0.249180
-0.241207
-0.244409
-0.242649
-0.247134
-0.241999
-0.235171
-0.235183
-0.236294
-0.219855
-0.197186
-0.176467
-0.151799
-0.134484
-0.118653
-0.098434
-0.077822
