-0.032467
0.202234
0.224741
0.243823
0.712905
-0.288899
-0.094895
-0.033703
-0.074881
-0.095231
-0.079323
-0.049067
0.027027
0.133189
-0.624984
0.101278
-0.545829
0.096941
-0.428639
-0.013141
-0.105485
-0.096628
-0.067731
-0.036658
0.132543
0.383681
0.303001
0.134155
0.158463
0.203348
0.276385
0.391496
0.293395
0.127269
-0.270039
-0.228387
-0.324888
-0.298948
0.732821
0.065754
0.389441
-0.462096
-0.125778
0.270155
0.199301
0.083547
-0.059669
-0.285038
-0.288434
-0.238788
0.161661
-0.096671
0.017012
0.017419
0.027970
0.029148
0.162706
0.349273
-0.314879
0.303275
0.020581
-0.134599
0.086909
0.433062
0.061899
-0.516182
0.203315
0.640931
0.357157
-0.228260
-0.117837
0.070923
-0.064522
-0.474138
-0.164318
0.288810
0.120974
-0.167745
0.287400
-0.092897
-0.085485
-0.225836
-0.032759
0.274001
0.146564
-0.077043
-0.161598
-0.278030
-0.257524
-0.178966
-0.107497
0.002659
-0.423585
0.259967
-0.134430
0.315572
0.074826
-0.178278
0.554312
-0.191872
-0.020420
-0.047115
0.002796
0.089617
-0.261360
0.384317
-0.495930
0.278388
-0.077266
0.058392
0.026116
0.032967
-0.032407
-0.127960
-0.220887
-0.334486
-0.026482
0.451503
0.244497
-0.129671
0.024771
0.221150
0.143851
0.025729
0.056592
0.102738
0.101581
0.103235
0.111967
0.120018
0.130298
0.141956
0.090567
0.013233
-0.059937
-0.150170
-0.375207
-0.665157
-0.424633
-0.003088
0.000135
-0.033636
-0.892502
-0.092112
-0.323021
-0.302564
-0.289501
-0.270994
-0.189991
-0.080628
-0.459112
-0.094635
-0.083839
0.072970
0.144673
0.362279
0.295175
0.166287
0.093395
-0.014771
-0.057846
-0.083827
0.013558
0.178338
0.137617
0.054101
0.204535
0.412699
-0.308411
0.350686
0.168324
0.176308
0.163220
0.141264
0.283166
0.174445
0.186753
0.150464
0.066180
-0.048483
0.196123
0.014550
0.086896
0.105614
0.118533
0.130740
-0.116483
0.054303
-0.117491
-0.266638
-0.093080
-0.432234
-0.164953
0.154271
0.191259
0.196713
0.223570
0.062194
0.184176
-0.052433
-0.179842
-0.056014
0.071406
0.329651
-0.067299
-0.366437
-0.078062
0.028041
0.016553
-0.068174
0.015395
0.123801
-0.045913
-0.304506
0.058747
0.350740
0.409725
0.402018
-0.359452
0.423219
-0.265987
-0.037127
-0.271176
-0.427830
-0.306846
-0.080476
0.060916
0.244933
0.201344
0.071886
-0.004309
-0.122181
-0.092775
-0.014594
0.255590
0.645923
-0.670652
-0.061552
0.009444
-0.321497
-0.250131
-0.252916
-0.203471
-0.123950
-0.253604
-0.452638
0.206221
-0.399613
-0.128353
0.014298
0.246709
0.743103
-0.268061
0.535337
-0.177279
-0.045208
-0.115291
-0.036088
-0.021383
0.014429
0.121807
0.262696
0.279505
0.508624
0.474698
0.415198
-0.134013
0.476444
-0.597698
0.478109
0.292622
0.010152
0.078817
0.117884
0.097820
0.075908
0.070526
0.065049
0.058203
0.052479
0.018333
-0.027525
0.005632
-0.083369
0.052801
0.235902
-0.027301
-0.434569
-0.042271
-0.192234
-0.122768
-0.129381
0.014589
0.210216
0.196359
0.133521
0.080235
-0.014122
-0.223702
-0.500543
-0.255470
-0.529411
-0.061719
0.533586
-0.208360
0.259737
0.102374
0.104321
0.009229
-0.086285
-0.207100
-0.349154
-0.448180
-0.541530
-0.163072
-0.427282
-0.095129
0.239572
0.154631
-0.044525
1.207412
-0.005119
0.237212
0.097357
0.168478
0.304326
0.377244
0.476056
0.078322
-0.525220
-0.113193
0.581932
0.309697
-0.133945
-0.131832
-0.122809
-0.026018
0.158557
0.390985
0.694206
0.344465
0.212390
-0.069028
-0.381131
-0.239749
0.064396
0.008334
-0.076704
-0.144374
-0.256376
-0.149766
0.030927
-0.164306
-0.135205
-0.168381
-0.162736
-0.243078
-0.348409
0.728465
0.377489
-0.356273
0.224950
-0.158151
-0.375883
-0.205930
0.104365
-0.406190
0.270421
0.133338
0.119434
0.154153
0.181124
0.233066
0.297151
0.210564
0.068201
0.044657
0.029579
-0.049557
-0.139401
-0.069519
0.056526
0.166910
0.313864
0.252790
0.325382
-0.365429
-0.001813
-0.217999
-0.267607
-0.307652
-0.326962
-0.518422
-0.170155
-0.123722
0.028975
0.063518
0.065622
-0.006824
-0.138704
-0.146361
-0.136908
-0.194927
-0.260483
-0.129200
0.075161
0.362739
0.740816
0.435389
14.259875
14.084585
14.501518
15.281396
15.255203
14.217046
14.288786
14.293569
14.682820
14.599290
14.487670
14.577241
14.689192
14.756685
14.837053
14.498591
13.983243
13.955478
14.259472
15.159299
15.190502
14.661856
14.311972
14.390396
14.675551
14.511846
14.299383
14.752409
14.043515
14.380620
13.970708
14.393038
14.930183
14.686634
14.252831
14.433565
14.746670
14.756731
14.764950
14.852651
14.941218
14.393787
14.782171
14.659680
14.691002
14.679761
14.698356
14.717744
14.746944
14.796390
14.859133
14.799786
14.696864
15.282291
14.841289
14.931795
14.840347
14.733902
14.592091
14.737521
14.736067
14.818808
14.894141
14.909473
14.904718
14.702225
15.000072
14.595210
15.247097
14.720706
15.402639
14.835370
15.079042
14.906877
14.805516
14.883795
15.027656
14.865312
14.622434
14.838420
15.179488
14.933522
14.544978
14.760098
14.726192
14.721026
14.675314
14.711404
14.766342
14.815235
14.879051
14.845572
14.777046
14.705143
14.817271
14.602170
14.808662
14.555744
14.270261
14.369683
14.568976
14.546382
14.516933
15.082594
14.586275
14.763169
14.791870
14.812815
14.832302
14.923350
15.043341
15.073037
15.085454
14.966143
14.773124
14.732733
14.925297
15.362358
15.202317
14.988240
14.497249
14.553689
13.232090
-2.276974
-2.985207
-3.321941
-3.005744
-3.340351
-3.426739
-3.730174
-4.078557
-4.557804
-4.115949
-4.137038
-4.274916
-4.008725
-3.674353
-3.992689
-3.201068
-3.375366
-3.509634
-3.559720
-3.657507
-3.649474
-3.609854
-3.152348
-3.252873
-3.687722
-3.647455
-3.815357
-3.884590
-3.914395
-3.903228
-3.709546
-3.414831
-4.242388
-3.514066
-3.758320
-3.806133
-3.740926
-3.638560
-3.743419
-3.907070
-3.890479
-3.846689
-3.873178
-3.897738
-3.942086
-4.001392
-4.058407
-4.123552
-3.794307
-3.300816
-3.456621
-3.769971
-3.811372
-3.879641
-3.864592
-4.248238
-4.044204
-3.768126
-2.801053
-3.914053
-3.561110
-3.485992
-3.963148
-3.823942
-3.684930
-3.315643
-3.641799
-4.155975
-3.839046
-3.330234
-3.629388
-4.094405
-3.759047
-3.246413
-3.528606
-2.862312
-3.052251
-3.246206
-3.217974
-3.187751
-3.109708
-2.986857
6.784043
7.389343
8.460949
6.457470
7.871580
6.783729
6.773079
6.410208
6.804443
7.469835
7.385434
7.189236
7.468833
7.354126
7.822626
7.484202
7.470509
7.513582
7.497228
7.516575
6.909247
7.951661
7.807685
7.127766
7.157105
7.838166
7.521611
7.161082
7.335962
7.612414
7.714191
7.845937
7.827716
7.741232
7.283529
7.761215
7.481562
7.278690
7.613318
7.606319
6.589038
7.389526
7.079572
7.041982
6.996365
6.957383
7.060212
7.225642
7.381848
7.578483
7.518120
7.255679
7.106896
6.884565
7.004828
7.248435
7.347919
7.480158
7.306216
7.650976
7.699412
7.832413
7.358866
7.716538
7.519943
7.412801
7.401285
7.413685
7.390518
7.373550
7.332387
7.280068
7.234043
7.182907
7.129217
7.072711
6.971839
6.925901
6.982853
7.104631
7.212954
7.356825
7.325658
7.235246
7.092538
7.032607
7.219165
7.543856
6.849801
7.331311
6.983354
7.149305
7.166600
7.036623
7.059030
7.061521
7.057316
7.057064
7.068249
7.085443
7.106184
7.132462
7.102072
7.050541
7.495227
8.135145
7.569915
7.506891
6.974715
6.828706
6.827211
7.018492
7.155481
7.375009
7.246260
6.923382
6.933847
7.494075
7.190975
6.813455
7.283578
6.670359
6.928212
7.138793
7.217584
7.540263
7.328610
6.989934
7.839991
6.873234
7.296005
7.143265
7.196213
7.214124
7.242757
7.281313
7.333605
7.397527
7.058527
6.554989
6.874434
7.424285
7.392260
7.307765
6.460105
7.187291
7.135406
7.409212
7.385002
7.304114
7.311386
7.457809
7.464387
7.486005
7.170669
7.500137
7.404359
7.394124
7.370888
7.337176
7.329265
7.271942
7.335781
7.430752
7.411303
7.370586
7.836225
7.435087
7.484833
7.540419
7.439011
7.321284
7.254322
7.184690
7.028941
7.487081
7.591520
7.824018
7.748907
7.565466
7.529939
7.474011
7.579992
7.760969
7.374896
7.837831
7.737844
7.736146
7.598490
7.389436
7.462414
7.607540
7.700979
7.836098
7.498362
7.369532
7.326594
7.368028
7.356959
7.372184
7.433865
7.522074
7.466391
7.366833
7.378561
7.401842
7.446190
7.516699
7.574607
7.641644
7.950589
8.091355
8.054602
7.889120
8.190144
7.588077
7.423170
7.070470
7.210227
7.517811
7.307738
7.008195
7.148021
7.378056
7.389609
7.396997
6.848424
7.006440
7.059989
7.341333
7.358487
7.358914
7.392812
7.405139
7.323966
7.196445
7.768593
7.227569
7.387105
7.397168
7.408494
7.424495
7.595552
7.834908
7.449486
7.270020
7.045671
7.315283
7.171936
7.079600
7.101185
7.151418
7.184899
7.236740
7.335904
7.462033
7.252256
7.595083
7.478374
7.389523
7.388232
7.388593
7.182311
7.697600
7.425924
7.135654
7.282567
7.523455
7.628361
7.771801
7.727782
7.607660
7.533421
7.423194
7.350660
7.282159
7.358105
7.149781
7.335469
7.570892
7.284962
6.842225
6.995621
7.273982
7.321123
7.391564
7.315204
7.162815
7.329143
7.579912
7.633857
7.677372
7.110019
7.124145
7.513650
8.270682
7.841177
7.118781
7.284031
7.547913
7.476442
7.402491
7.329561
7.220393
7.428784
7.187008
7.153018
7.312339
7.235779
7.171442
7.507978
7.001097
7.160257
7.250029
7.029211
7.801756
7.240140
6.543457
7.319957
6.918969
7.131466
7.209207
6.897424
7.193204
7.163106
7.237812
6.929365
6.472493
-7.492801
-7.620091
-7.288641
-7.782921
-7.397170
-6.975340
-7.165878
-7.506883
-7.481235
-7.434931
-8.355917
-7.049945
-7.277636
-7.216741
-7.423316
-7.770863
-7.418412
-6.862499
-7.170136
-7.343642
-7.329838
-7.264920
-7.299819
-7.333402
-7.345034
-7.357279
-7.299697
-7.210365
-7.124505
-7.017849
-7.263881
-7.650604
-7.323075
-6.794910
-6.900099
-7.105127
-7.079522
-7.069633
-7.221542
-7.537405
-7.407157
-7.181054
-7.278997
-7.422662
-7.408135
-7.382036
-7.658041
-8.040416
-6.968390
-7.837135
-7.163889
-7.326978
-7.054062
-6.824265
-6.835605
-6.923587
-6.960780
-7.037812
-7.039687
-7.022873
-7.366803
-7.847514
-7.489385
-7.580501
-7.465294
-7.383995
-7.297313
-7.198692
-7.326507
-7.544506
-7.508142
-7.429786
-7.497663
-7.581150
-7.348380
-7.447273
-7.278345
-7.117394
-7.067543
-7.254366
-6.858045
0.992875
10.712327
10.952443
11.818565
10.345653
10.862135
11.195284
10.950980
10.585716
10.816689
10.869869
10.921255
10.951698
11.106197
11.303478
10.512606
10.918757
10.507553
10.644088
10.715359
10.928990
10.878288
10.774915
10.981944
11.268377
11.126840
10.873282
10.889553
10.922824
10.863215
10.800625
10.715443
10.609416
10.887855
10.800273
10.958296
11.090552
11.029329
10.899715
11.153318
11.517443
11.304392
10.938125
11.007689
11.129783
11.152643
11.509110
10.760806
11.608727
11.305846
11.144330
11.035329
10.893061
10.775597
10.658659
11.321586
10.869579
10.719840
10.935977
10.769364
10.643352
10.964498
11.454406
11.574540
10.954826
10.793277
11.145061
10.913249
10.722189
10.838263
11.042321
10.850291
11.218972
11.291020
11.457667
11.188171
10.862628
10.901797
11.023704
10.977349
10.936792
11.073307
11.270065
11.655212
11.523046
11.378315
11.091813
10.630423
10.143572
10.660361
10.736904
10.931942
11.369901
11.269496
11.066402
10.950468
11.594250
10.823693
11.460620
11.112161
10.854225
10.985788
11.221159
11.187126
11.433268
11.338235
11.164398
11.292851
11.017592
11.100513
11.178664
11.090015
11.090681
10.727286
11.091824
10.695605
10.999302
10.532893
10.931097
10.963260
11.163297
11.672829
11.159700
11.068444
11.495920
11.008945
10.420630
10.657127
11.100258
10.827712
10.434817
10.748943
10.355961
10.533493
10.697282
10.850642
11.053536
11.128203
11.170418
10.903962
10.477382
10.383691
10.906053
10.491746
11.281595
11.050375
10.849792
10.774997
10.659960
10.781962
10.869972
10.948806
11.032908
11.181826
11.032291
11.079553
11.077557
11.085622
11.095724
11.149856
11.224741
11.229185
11.218045
11.162985
11.074476
11.228342
11.465013
11.338608
11.122184
11.123312
11.136378
11.072950
11.005605
11.014757
11.369930
11.052837
10.619947
10.991484
11.784534
11.261748
10.461786
10.266787
11.093488
11.006394
11.073323
11.310331
11.595123
11.281984
10.754828
10.838011
11.017286
10.952876
10.894438
10.817917
10.710698
11.022040
10.733524
10.660609
10.442651
11.256747
10.996348
10.087008
11.308422
11.156887
11.350950
11.325423
11.223033
10.920955
10.474639
10.667011
10.883841
10.940582
11.008297
11.021019
10.998532
11.006053
11.004019
11.004761
11.005384
11.079858
11.185994
10.786137
11.127576
11.011209
10.993849
11.079112
11.205960
11.051417
10.807498
11.280110
10.957796
11.044268
11.008038
11.057434
11.129049
11.142428
11.324369
11.082020
11.244724
11.180458
11.164502
10.970051
10.698256
11.066206
10.851720
11.125951
10.715399
10.710631
10.609375
10.771970
10.720794
10.815523
10.900098
10.939026
10.969223
11.030443
11.095938
11.019826
10.888750
10.709231
10.248739
10.547313
11.032070
10.580526
11.164257
10.903639
10.669751
10.852879
11.136564
10.868243
10.933863
10.745704
10.547601
11.174924
10.751678
11.067714
11.293405
10.859558
11.157048
11.165290
11.323334
11.211877
11.234307
11.198321
11.171683
11.153413
11.136900
11.099562
11.055074
11.019853
10.909902
10.840460
10.754216
10.692899
10.638604
11.301187
11.565109
9.896357
11.289067
11.021116
11.276550
11.206032
11.066241
11.011021
10.924808
11.023695
11.195771
10.636253
11.183316
10.876458
10.647349
11.249423
10.654025
10.879879
10.982034
11.105573
11.267207
11.112453
10.970847
11.362354
10.896414
11.156314
11.379698
11.164937
10.823495
10.611594
11.131003
10.962003
10.856506
11.005333
11.583173
11.310784
10.904598
11.108089
11.303721
11.142063
10.615431
10.788285
11.049905
11.150790
11.298947
11.219315
11.047891
11.200449
10.923866
10.923364
10.873539
11.076960
10.848208
10.967751
11.059787
10.975678
10.840609
11.039984
11.339131
11.145253
10.823762
10.593633
10.290370
10.599462
11.144513
10.873609
10.430935
10.396113
10.367935
10.127096
10.734387
10.980240
11.447228
10.889790
11.183599
11.071930
11.078161
11.013058
10.929916
10.833459
10.715331
10.754334
10.848630
10.886674
10.943332
11.084705
10.947943
11.074542
11.068857
10.976338
10.812768
11.106117
10.688603
10.840522
10.949997
11.031567
11.141671
10.913504
10.551819
10.737554
11.115589
11.020158
10.871349
11.150665
11.537000
11.300802
10.895204
11.309988
10.574764
10.926207
11.007843
10.826423
10.521704
10.714144
11.032490
11.205426
11.428135
10.959163
10.911144
10.918787
10.480623
10.070345
11.220989
11.238477
11.508233
11.410347
11.154259
11.122765
11.073771
11.008862
10.952762
11.062860
11.108882
11.140340
11.153173
11.249885
11.372017
11.067190
10.961296
11.022563
11.202967
10.886219
10.525656
11.523191
10.520268
10.851681
10.957219
11.000958
11.053847
11.087989
10.529780
10.952279
11.512499
11.140137
10.539350
10.640938
10.561754
11.602220
10.558782
10.978144
11.161935
10.956840
11.028335
10.949593
10.895361
11.065781
11.327366
11.396058
11.330857
10.999489
10.471699
11.014850
11.199597
11.124496
10.884280
11.321609
10.904245
11.188338
11.442124
11.319725
11.097334
11.199941
11.354144
11.387836
11.428844
11.321891
11.142650
11.063667
10.977800
10.685839
10.978468
11.037630
11.249575
10.555176
10.964761
10.703678
10.578598
10.631872
10.753751
10.837772
10.956719
10.832219
10.549985
10.819965
11.225215
10.966154
10.546294
10.774806
11.133503
11.229261
11.342800
11.181456
10.883639
11.075496
11.030579
11.078977
11.107976
11.150404
11.199337
11.289143
11.400812
11.352196
11.417306
11.648142
11.401712
11.568062
10.853374
10.828940
10.729050
10.894624
11.210883
10.917320
10.463001
10.678468
10.839534
10.910039
10.987441
11.113412
11.253693
11.412119
11.590113
11.368488
11.548679
10.880194
11.233831
11.419771
11.181344
11.300849
11.356033
11.306284
11.219646
11.240506
11.278709
10.799012
11.063125
10.849498
10.726313
10.939577
11.287795
11.167518
10.946765
11.001634
11.077086
11.169825
11.308751
11.254719
11.142058
11.012651
10.968529
10.884611
10.821953
10.784051
10.762430
10.497744
10.737814
10.676990
10.698935
10.856927
11.079732
10.905154
10.606269
10.704534
10.871453
10.889765
10.919072
10.979307
11.042117
11.145821
11.241286
11.113452
10.891075
11.375669
10.697666
11.063506
10.769186
11.143034
10.685475
10.708596
10.617389
10.954750
10.865739
11.074827
11.381129
10.544460
11.481853
11.284691
11.315099
11.361858
11.402079
11.237327
10.984028
11.239271
11.647699
11.648322
11.185619
11.288918
10.371964
10.864097
10.315434
-4.466397
-3.777225
-4.543731
-4.514151
-4.496848
-4.265853
-4.276133
-4.290235
-4.270840
-4.264532
-4.240878
-4.212429
-4.197506
-4.184255
-4.287716
-4.443052
-4.337467
-4.200400
-4.163130
-4.125940
-3.944656
-3.845034
-4.035461
-4.372314
-4.362277
-4.303970
-3.998071
-3.527472
-3.996310
-4.761479
-4.394274
-4.622719
-4.714800
-4.908080
-4.660943
-4.259394
-4.560200
-5.040860
-4.416779
-3.481287
-3.808904
-4.411059
-4.246770
-4.018764
-4.092671
-4.184024
-4.358705
-4.325707
-4.450088
-4.552935
-4.416384
-4.016071
-4.201684
-4.487653
-4.522133
-4.558677
-3.148352
-4.142542
-3.818999
-3.908343
-3.956610
-4.041347
-4.161103
-4.308501
-4.529567
-4.798641
-4.321744
-3.979356
-4.298689
-4.883624
-4.891120
-4.319043
-4.295644
-4.172965
-3.998806
-3.814317
-4.090766
-4.553049
-4.311596
-3.906599
-4.771838
-4.020342
-4.318744
-4.440756
-4.483267
-4.520464
-4.609471
-4.709616
-4.801394
-4.900318
-4.878539
-4.807864
-4.747593
-4.656054
-4.606248
-4.536858
-4.446451
-4.342344
-4.347153
-4.389661
-4.308971
-4.205061
-4.109416
-4.717249
-4.599702
-4.504043
-4.529185
-4.539174
-4.480735
-4.398870
-4.347872
-4.291785
-4.224783
-4.154019
-4.350536
-4.657862
-5.030291
-4.212877
-4.557150
-3.998358
-4.742477
-3.800371
-3.779848
-4.189787
-4.250716
-4.462449
-4.157386
-4.455889
-4.433354
-4.502334
-4.391683
-4.532419
-4.455377
-4.490394
-4.432895
-4.365484
-4.291454
-4.200166
-4.247800
-4.345755
-4.419804
-4.521971
-4.579813
-4.629439
-4.532797
-4.365374
-4.849433
-4.448487
-4.551326
-4.522783
-4.541015
-4.570928
-4.353148
-4.495697
-4.482317
-4.545216
-4.557148
-4.566629
-4.743836
-4.361674
-4.434262
-4.134441
-4.467290
-4.606307
2.853584
2.566310
2.781884
2.879329
2.877800
2.832047
3.187400
3.682218
3.122584
3.595441
3.511272
3.562274
3.339546
3.004708
3.504925
3.628751
3.587780
3.388730
3.050493
3.531731
3.442007
3.478620
3.206194
3.347680
3.229588
3.162286
3.214548
3.313999
3.909911
4.092131
3.236082
3.676841
3.388341
3.287304
2.768773
3.479275
3.421183
3.567789
3.438715
3.206879
3.038217
2.819089
3.032580
3.413189
3.436586
3.432113
3.356502
3.199738
3.230224
2.408289
3.766769
2.932205
3.328494
3.451700
3.464477
3.122499
2.572928
3.611977
3.277225
3.080393
3.051504
3.013236
3.187107
3.464630
3.175326
2.715874
3.436633
3.270060
3.484247
3.569604
3.967700
3.935076
3.063948
3.842090
3.208664
2.658701
3.091518
3.832147
3.630939
3.277294
2.635677
3.895053
3.520338
3.310659
3.411428
3.548598
2.733918
3.018437
3.159520
3.653879
3.630811
3.537941
3.135722
3.268382
3.108455
3.041928
3.094298
3.124180
3.270773
3.469077
3.268255
2.934195
3.196577
3.430362
2.895808
3.427640
3.308569
3.330903
3.431033
3.561605
3.240540
3.513330
3.418344
3.397336
3.364486
3.322320
3.269823
3.207310
3.239424
3.306013
3.284652
3.252043
3.254135
3.256407
3.245505
3.232758
3.231665
3.240688
3.243119
3.248719
3.150528
3.008960
3.271700
3.675155
3.370870
2.874196
3.638833
3.339232
2.996794
3.281179
3.319473
3.542257
2.618235
3.180122
3.401655
2.930950
3.059868
3.083492
3.088405
3.099507
3.324501
3.641425
3.129304
3.251642
3.351343
3.650941
3.087129
3.660450
3.537426
3.559559
3.527708
3.467173
3.114309
2.617902
2.657672
2.827362
2.818631
2.851641
3.022815
3.253444
3.221230
3.119669
2.905628
3.289993
3.269622
3.345548
3.323983
3.263204
3.321289
3.401251
2.909029
2.915142
2.903499
3.057240
2.847194
3.072878
3.087272
3.177429
3.289472
3.423957
3.298463
3.075183
3.421465
3.936740
3.745565
3.393301
3.096465
3.711998
3.352970
4.144174
2.796431
3.503078
3.388034
3.659585
3.228569
3.715495
3.553315
3.470709
3.411377
3.330505
3.458645
3.668088
3.536754
3.320652
3.293798
3.424445
3.390823
3.381152
3.184425
2.901935
3.349314
2.672755
3.069390
3.473258
3.367508
3.161945
3.309566
3.506728
3.573282
3.644876
3.698478
3.732955
3.185904
3.063994
3.033843
3.180385
3.146856
3.129223
3.213019
2.952214
3.204388
3.524090
3.442740
3.276706
3.252446
3.271632
2.993803
3.103430
3.181875
3.397169
2.408308
3.513323
3.385252
3.586217
3.377657
3.018465
3.831652
2.925901
3.070194
3.101399
3.482465
4.070591
3.861397
3.447023
2.932345
2.194410
2.337799
2.786206
2.939848
3.204327
3.262472
3.253550
3.152940
2.960041
3.150780
3.451800
3.479248
3.482594
3.302361
3.003754
3.196618
3.523692
3.430149
3.272569
3.309227
3.353986
3.218820
3.403012
3.400809
3.449897
3.462530
3.463948
3.532972
3.621646
3.465770
3.222206
3.105099
2.974813
2.739649
3.528467
3.290496
3.084375
3.199839
3.358335
3.305664
3.217359
3.119543
2.978620
3.568099
3.328465
3.414280
3.327381
2.833179
3.045165
2.951849
3.016429
2.820869
2.975445
2.997746
3.100298
3.174766
3.260885
3.500938
3.365187
3.473197
3.525121
3.482995
3.400379
3.237875
3.456026
3.337508
3.245658
3.196875
3.244187
3.012260
3.411824
3.423698
3.536968
3.580185
3.272535
3.172137
2.988085
2.923004
2.891289
3.013995
3.230641
3.229352
3.195705
3.106281
3.254724
3.335211
3.492345
3.330724
3.712549
3.455930
3.421949
3.217408
2.977021
3.246869
3.050882
3.120150
3.138016
3.080886
2.995846
2.924932
2.839008
2.936184
3.105730
2.819998
3.223973
3.197202
3.262146
3.345058
3.432982
3.515908
3.600960
3.271368
3.535104
3.567503
3.558453
3.438338
3.570558
3.405542
3.220541
3.181338
3.163333
3.281286
3.395859
4.016420
2.994123
2.343047
3.445765
3.157513
3.138565
3.491629
3.981894
3.724899
3.253633
3.423238
3.685994
3.744885
3.736140
3.741530
3.699652
3.778514
3.595556
3.651225
3.698521
3.712827
3.734439
3.704410
3.652338
3.609794
3.555507
3.523934
3.497531
3.572169
3.694626
2.965301
3.180978
3.112780
3.276441
2.779661
3.380708
3.084942
2.852107
3.649623
2.934728
3.199650
3.122541
3.277739
3.475254
3.326767
3.075487
3.105518
3.240940
3.202462
3.195856
3.234451
3.288800
3.342440
3.407948
3.404060
3.376131
3.363473
3.338698
3.350737
3.374380
3.371285
3.366150
3.480021
3.640742
3.210428
3.649338
3.424954
3.263087
2.640803
3.351492
2.869538
2.456012
2.983908
3.818155
3.549809
3.055560
3.143205
3.017991
3.279240
3.666796
3.545060
4.118054
3.048713
3.759499
3.548449
3.239002
3.201278
3.135449
3.014297
2.885206
2.938553
3.059949
3.164823
3.313872
3.310177
3.260441
3.255510
3.231895
3.200861
3.080245
2.986230
2.860769
2.992347
3.221375
3.407718
3.648783
3.624013
3.507253
3.092729
3.195515
3.184193
3.335208
3.394357
2.910384
3.130275
3.385417
3.177274
3.536236
3.518847
3.558017
3.490459
3.364141
3.997297
3.383612
3.420709
3.230846
3.152004
3.082955
2.948802
2.803292
2.977236
3.274890
3.494923
3.773727
3.932185
3.482748
3.528032
3.486209
3.079621
3.345735
3.500575
3.223812
3.407239
3.572437
3.666107
3.769529
3.442984
3.795004
3.632071
3.522481
3.751521
3.333830
3.275143
3.102001
3.122522
3.209825
3.257403
3.339879
3.286696
3.187937
3.252383
3.350551
3.261872
3.126775
3.006470
2.850922
3.304637
3.673532
3.729615
3.677363
2.846741
3.599816
3.433155
3.534868
3.565251
3.593656
3.812186
3.836270
3.771858
3.598802
3.660330
3.856434
2.486529
3.378822
3.003470
2.983012
2.951045
2.946259
3.114487
3.367849
3.551427
3.763526
3.014221
3.873704
3.622881
3.551724
3.049074
2.929059
3.461747
3.022267
3.284603
3.459103
3.361644
4.124137
3.931728
3.707198
3.602511
3.432651
3.198467
2.919062
2.950752
3.086809
3.162131
3.293460
3.271925
3.205161
3.193960
3.169021
3.284945
3.460251
3.229227
3.595175
3.482987
3.313430
3.209411
3.055766
3.092129
3.193023
3.315561
3.497669
3.187479
3.487142
3.408633
3.402869
3.485987
3.290541
3.232165
3.110985
3.093934
2.943515
3.098757
3.332584
3.309760
3.246925
3.387387
3.568424
3.433007
3.203481
3.031217
2.805709
2.828574
2.938234
2.984381
3.070476
3.058344
3.016411
3.138526
3.147493
2.940321
3.012559
3.168283
3.467580
3.464186
3.408119
3.565414
3.756759
3.705667
3.589967
3.521664
3.417579
3.347801
3.280871
3.237896
3.210082
2.887068
2.930025
3.543104
2.922314
3.237510
3.016875
3.385679
3.661971
3.589156
3.386860
3.401070
3.409760
2.884909
2.928307
3.244400
2.580798
2.848667
3.082652
3.212479
3.380743
3.715960
3.345513
3.449470
3.442280
3.366572
3.259860
3.687179
3.279967
3.252818
3.052862
3.564509
3.102643
2.988683
3.300809
3.398691
3.102478
3.814964
2.954528
3.013415
2.833189
2.787589
2.784567
3.063834
3.203615
3.281296
3.151925
3.540468
3.413096
3.546362
3.603606
3.543233
3.424787
4.116157
3.688640
3.649257
3.336450
3.280936
3.247867
3.399498
3.056015
3.110292
3.121356
3.128133
3.154955
3.257010
3.400015
3.175952
2.822858
2.990604
3.280632
3.381154
3.513495
3.500094
3.419525
3.376672
3.302960
3.238346
3.167136
3.192960
3.257945
2.907165
3.911157
3.347026
3.176442
3.255639
3.459491
3.355518
3.268593
3.650807
3.382059
2.550770
3.054738
2.985636
3.238846
3.252124
3.727105
3.323388
3.406352
3.206632
3.021653
3.117867
2.992640
2.968898
2.914341
2.925411
2.960710
3.015699
3.097371
3.042277
2.943580
3.647595
3.087187
3.441811
3.095258
3.208243
2.966497
3.035401
2.974361
2.944933
2.900956
2.964853
3.071181
2.963648
3.200760
3.215383
3.274198
3.355773
3.444184
3.475035
3.487009
3.508720
3.519632
3.483709
3.423829
3.354867
3.265856
3.326744
3.441058
3.441761
3.435032
3.786047
3.029571
2.888702
2.528667
2.770145
2.741163
2.870490
3.004129
3.031095
3.031457
2.984101
2.892679
2.989602
3.308102
3.164489
2.948025
3.459757
3.169426
3.284789
3.274024
3.549470
3.590617
3.501843
3.278300
3.329002
3.419481
3.395214
3.369804
3.379610
3.391714
3.405781
3.425488
3.411424
3.385843
3.615185
3.468168
3.478980
3.407574
3.454795
3.530676
3.531249
3.525771
3.517698
3.014254
3.290299
3.234572
3.355496
2.853897
4.050016
2.930483
3.189458
3.129608
3.090282
3.056254
3.270571
3.595216
3.562284
3.566016
18.598477
18.467771
19.843830
18.994325
19.215715
19.009391
19.041584
19.088229
19.032088
18.964240
19.011626
19.091674
19.108635
19.126261
19.313137
19.061030
19.078991
19.024073
19.167696
19.390242
19.349655
19.255113
19.298203
19.346707
19.196858
18.979721
18.896327
18.817305
18.873208
19.002733
19.019093
19.036089
19.135247
19.257680
19.242394
19.188115
19.139169
19.059636
19.136221
19.265465
18.413770
19.349311
19.016564
18.877816
18.806712
18.721001
18.785645
18.914582
19.046398
19.225488
19.105910
19.149119
19.117684
19.099145
18.870040
18.549480
19.328674
19.623310
19.455709
18.985034
19.127148
19.339032
19.288173
19.223100
19.245981
19.271803
19.199652
19.096505
19.001546
18.885172
18.813983
18.752852
18.677407
18.586656
18.601563
18.652739
18.699225
18.771900
18.830728
18.895440
18.987822
19.093268
19.069629
19.000117
19.113259
19.268954
19.365290
19.158910
19.144862
19.064508
19.256918
19.100259
19.270135
18.507090
18.647197
18.768991
18.673215
18.571917
18.960988
18.882747
19.200051
19.518594
19.313283
18.927538
19.251514
19.737449
19.294815
19.299852
19.043420
18.787193
19.330140
19.126141
19.377289
19.556697
19.165221
18.545412
18.972138
19.676712
19.275863
18.645679
18.971483
18.317184
18.496959
18.673570
18.761812
18.953658
18.973922
18.960370
18.999435
19.026873
19.050741
19.073211
19.084218
19.089315
19.107926
19.128303
19.141888
19.154843
19.226362
19.321786
19.339700
19.342038
18.729780
19.367989
19.172810
19.143934
19.134164
19.075921
19.019024
18.942007
19.123932
19.406749
18.776675
19.517073
19.104517
18.746938
18.517020
19.068713
19.024831
19.450142
18.866748
18.770433
18.862987
19.157344
19.261973
19.400439
19.363841
19.248519
19.257557
19.063036
19.231703
19.304612
19.124241
19.365092
19.338673
19.369100
18.881676
19.162623
19.326039
19.744679
18.908537
18.833877
19.261208
18.859602
18.896993
18.785882
18.877003
19.031068
19.319285
19.715495
18.562302
18.522823
18.640972
19.184026
19.092370
18.946454
18.530047
18.952330
18.826453
18.831713
18.599606
18.731480
18.725299
18.742024
18.953761
18.930389
19.004060
19.029498
19.344904
19.265477
19.275046
19.168163
19.272436
19.421408
19.063480
18.533172
18.688316
19.000664
18.986885
19.395681
19.129205
18.738893
18.778361
18.349953
18.535338
18.808147
18.929712
19.092885
18.334131
19.232692
19.144958
19.128863
19.236528
19.325986
19.368614
19.395889
19.220447
18.946596
18.578107
19.124171
19.009259
19.031654
19.062916
19.092304
19.186706
19.308831
19.057315
19.156819
18.927562
18.873096
19.158019
19.634449
19.064373
18.698374
18.769178
19.010660
19.012536
19.038695
18.978538
18.867661
18.629994
18.305471
18.547585
18.751400
18.963602
19.221426
18.941014
18.453852
18.734175
19.187182
19.123772
19.002819
19.134819
19.292801
19.113529
19.341585
19.331935
19.376308
19.122316
18.741515
18.993827
19.424508
19.165321
18.763222
18.580542
18.351204
18.904341
19.791788
19.457789
18.843586
18.759047
19.198465
18.935101
18.674323
19.251502
19.296604
19.157050
18.778319
18.970826
19.274759
19.129028
18.904671
19.610465
18.361655
18.739270
18.991465
19.969369
18.797968
19.141610
19.199551
19.208440
19.223001
19.357410
19.540278
18.921290
19.240675
19.163636
18.807579
19.073238
18.975232
19.033056
19.052600
19.408824
19.607408
19.318872
19.159678
18.643587
18.942973
18.944344
19.163263
19.109686
19.010552
18.944967
18.843454
19.318114
18.923454
19.146071
18.975699
19.042881
19.092345
19.113046
19.138361
19.142622
19.137042
19.146308
19.155050
18.928877
19.087511
18.933211
18.801210
19.106415
18.937239
19.078462
19.175751
18.885027
18.441484
19.094639
19.088703
19.132388
19.004457
19.050828
19.096196
19.089291
19.078130
18.754188
18.853002
18.911475
19.117772
18.340542
19.106734
18.684441
18.856197
18.801106
18.802023
18.895581
19.030784
18.962008
18.835765
18.877746
18.942776
18.939443
18.935637
19.101994
19.333295
19.270874
19.131927
19.104623
19.057860
18.908808
18.749537
18.923538
19.223725
18.907253
18.422818
18.532024
18.749814
18.763237
18.803447
18.886455
18.978585
19.062026
19.150576
19.136822
18.713016
18.789432
18.875701
18.932563
19.034500
18.873243
18.618005
18.912598
18.758463
18.816722
18.813295
18.893910
19.003867
19.099833
19.212495
19.382543
19.406948
19.526970
19.625504
19.221443
18.603584
18.103541
18.863288
18.626810
18.569270
18.697303
18.952950
19.142397
19.383127
18.940429
18.682380
18.762995
19.001872
18.777108
18.465090
18.993216
18.491112
18.571580
18.506115
18.685807
18.963115
19.279015
19.683040
19.332199
18.705547
18.668252
18.672546
7.734447
8.323061
7.003476
7.706000
7.613919
7.929266
7.920465
7.880526
7.934812
7.980276
7.920204
7.821071
7.631327
7.744196
7.599951
7.478520
7.509201
7.331393
7.484047
7.113533
7.274028
7.450295
7.585415
7.766647
7.758686
7.687475
7.665204
7.614084
7.647790
7.709252
7.737581
7.773802
7.859559
7.966583
7.754930
7.422892
7.018365
6.856312
7.030673
7.454128
7.457213
7.433783
7.506884
7.564120
7.449891
7.591627
7.626287
7.717178
7.381416
7.776213
7.717927
7.764027
7.766819
7.752124
7.746030
7.730816
7.879532
8.094638
8.040134
7.786457
7.641980
7.609962
7.527866
7.488725
7.274676
7.207421
8.123967
7.433648
7.708566
7.745365
7.205973
7.586955
7.498039
7.579470
7.506021
7.396741
7.415413
7.079287
7.386603
7.814988
8.123753
8.506489
15.376737
14.885942
15.157770
15.542263
15.475180
15.349504
15.679550
15.833505
15.783166
15.611639
15.495318
15.324064
15.055972
14.726780
14.899066
15.245843
15.506979
15.866545
15.782716
15.547281
15.461063
15.320340
15.097198
14.829244
15.792342
14.784402
15.023739
15.000489
14.977339
14.963253
15.329959
15.862949
15.762460
15.510673
15.639718
15.792828
15.696952
15.546736
15.325623
15.022513
15.100916
15.295720
15.223895
15.133564
15.504785
16.099768
14.315259
15.692401
15.208981
15.163526
15.267075
15.442248
15.604642
15.810942
15.519372
15.035181
15.168959
15.422697
15.320867
15.189395
15.191727
15.199451
15.123168
15.027837
14.820871
15.454608
15.410582
15.420464
15.393862
15.305231
15.439833
15.636488
15.655094
15.650656
14.784460
15.698400
15.444939
15.437698
15.464069
15.496509
16.114050
15.606257
14.491775
15.772866
15.385984
15.324911
15.366040
15.426714
15.526225
15.662241
15.438559
15.083046
15.332121
15.738579
15.662701
15.519361
15.590382
15.669925
15.294304
15.435216
15.266083
15.158884
15.473060
15.567025
15.539113
15.801063
15.982827
15.665368
15.221516
14.895661
15.995101
15.206113
14.927109
15.373743
15.175923
15.097935
14.587415
14.845275
14.996027
15.415477
15.226919
14.894229
14.849805
-0.116906
0.284942
0.263811
-0.301384
0.331076
-0.027821
0.860715
0.389779
-0.180019
-0.754367
-0.164019
-0.154388
0.153460
0.276717
-0.054103
0.150194
-0.118721
-0.206940
-0.449078
-0.655448
-0.899593
-0.445117
0.292706
0.206656
-0.023193
0.081345
0.173537
0.073279
-0.079243
-0.016049
0.094061
0.088612
0.078821
0.495900
1.080339
0.945682
0.623250
0.511444
0.325120
0.299120
0.328721
0.234538
0.130717
0.022955
-0.087876
-0.038553
0.077060
-0.140612
-0.212282
0.048443
0.379166
0.326769
0.179354
0.086158
-0.069062
-0.159438
-0.245546
-0.232841
-0.169224
-0.071647
0.074701
0.359041
0.728546
0.283491
0.506504
0.275670
0.078539
0.255933
-0.007471
0.003793
-0.034980
-0.092418
-0.152161
-0.229397
-0.317134
-0.034965
0.397825
0.193017
-0.173336
-0.335417
-0.553797
-0.313074
0.118245
0.056821
-0.076335
0.019036
0.125854
0.047040
-0.010445
-0.085123
-0.176778
-0.181035
-0.157880
-0.164034
-0.160559
-0.106115
-0.028575
-0.004580
0.012852
0.266072
-0.071325
-0.028972
-0.076841
-0.184438
-0.069087
-0.103592
-0.103708
-0.198001
-0.332118
-0.179983
0.065315
0.074839
0.058010
-0.031294
-0.188750
0.529366
-0.445048
-0.415807
-0.659942
-0.489178
-0.163707
0.006147
0.226217
0.587849
0.046530
0.085699
-0.036280
-0.026643
0.024947
0.168711
0.135910
-0.119062
-0.541548
0.091626
-0.882969
-0.445348
-0.048472
-0.178708
-0.402784
-0.206404
0.069088
0.245118
0.421996
0.381218
0.237694
0.136133
-0.018767
-0.035094
-0.013011
-0.051785
-0.083780
0.074548
0.310590
0.069049
-0.319131
0.199323
0.134274
0.184638
0.106676
0.240713
0.022881
0.008580
-0.061561
-0.208495
-0.272741
0.452858
-0.441737
-0.249896
-0.271387
-0.343829
-0.422878
-0.287799
-0.070101
0.131120
0.386721
0.381736
0.289610
0.264881
0.200401
0.044775
-0.161124
-0.392975
-0.669079
-0.669980
-0.577268
-0.103615
-0.310649
-0.184242
0.135874
0.243124
0.073109
0.228802
0.370611
0.214229
-0.041051
-0.056465
-0.047737
-0.156456
-0.278435
-0.094424
0.201134
-0.070241
-0.296819
-0.272925
-0.181495
-0.234747
-0.325033
-0.174107
0.046780
-0.821825
-0.133297
-0.019100
0.465048
0.250540
1.063535
0.852583
0.287529
0.145070
-0.091939
-0.012618
0.201743
0.023796
-0.530989
0.074630
-0.197764
-0.020415
0.059725
0.122682
0.180399
0.153420
0.086129
0.016207
-0.082695
0.048413
-0.259767
-0.205128
-0.177611
-0.323519
-0.517511
0.224717
-0.321400
-0.119317
-0.103477
-0.158895
-0.252683
-0.073396
-0.330380
-0.276060
-0.264808
-0.247745
-0.259371
-0.225478
-0.185045
-0.174980
-0.190807
-0.141080
-0.078810
-0.516742
0.106562
-0.070785
-0.144465
0.050492
-0.072367
0.075593
0.218298
0.514493
0.902213
0.034375
0.447618
0.302812
0.387939
0.321052
0.238143
0.201016
0.159766
0.080852
-0.011172
-0.105478
-0.210887
-0.143956
-0.009140
0.291675
0.713184
-0.287635
0.227292
-0.120078
-0.417589
-0.311123
-0.100710
-0.100697
-0.098721
-0.081822
-0.079932
0.158395
0.036949
0.062162
0.006220
-0.053551
-0.137452
-0.038242
-0.002742
0.071210
0.151057
0.105294
0.012919
-0.051039
-0.138051
-0.147529
-0.131812
-0.062493
-0.139408
0.048474
0.286175
-0.268785
0.408865
0.362647
0.502108
0.248613
-0.161723
-0.039637
0.193887
0.230200
0.291198
0.304107
0.287239
-0.088504
0.112884
-0.037428
-0.051940
-0.113985
-0.169858
-0.224592
-0.280982
-0.140652
-0.350001
-0.117812
-0.159613
-0.039837
0.067049
0.186768
0.323016
0.310038
0.242669
-0.173895
0.251869
0.102507
0.066179
0.029467
0.499521
0.067179
0.498289
0.502448
-0.348107
-0.318968
-0.361261
0.014410
0.300293
0.428684
0.492245
0.211268
-0.567594
0.010341
0.490448
0.361108
0.070277
0.449033
0.424295
0.357522
0.154683
0.255647
-0.055107
-0.072027
-0.124690
-0.000536
-0.197087
-0.116790
-0.050259
-0.186813
-0.386915
-0.385322
-0.349191
0.085142
0.172486
0.019987
-0.087151
-0.218678
-0.364722
-0.098063
0.334815
-0.134803
-0.866837
-0.521231
0.064372
-0.139128
-0.451813
-0.176069
0.215328
0.359866
0.515871
0.385041
-0.622304
-0.386277
-0.062318
-0.210571
-0.386882
-0.229107
0.007671
-0.741084
-0.366752
-0.316347
0.018165
-0.094936
-0.299660
-0.186481
-0.028368
-0.626315
-0.439785
-0.381356
-0.089877
-0.501013
-0.136729
-0.155877
-0.049202
-0.117044
-0.240782
0.074711
0.532422
0.400355
0.202053
0.140586
0.043852
0.274182
0.641640
0.426637
0.062691
0.041968
0.035813
-0.143950
-0.354413
-0.217639
0.034114
0.093165
0.160871
0.142971
0.072297
0.012742
-0.075878
-0.108043
-0.128630
-0.044073
0.096625
-0.099694
-0.026347
0.135641
0.426029
0.121990
-0.365420
0.474709
-0.162546
0.001602
-0.045003
0.025796
0.132648
-0.244735
-0.008213
0.083857
0.439213
0.388755
0.273708
0.292539
0.295095
0.167740
-0.008341
-0.087191
-0.161260
-0.601151
-0.224793
0.601343
0.126880
0.344627
0.295057
0.257858
0.173951
0.315791
-0.149419
-0.297424
-0.571027
-0.354951
0.044213
0.026328
-0.056771
-0.065362
-0.116971
-0.221128
-0.359913
-0.341889
-0.278934
-0.259005
-0.219722
-0.226986
-0.249542
-0.255250
-0.265884
-0.207808
-0.153844
-0.110765
0.096106
0.028215
-0.080985
0.016751
-0.153173
-0.214030
-0.331996
-0.470282
-0.632428
-0.564328
-0.411591
-0.293642
-0.126452
-0.067389
-0.034942
0.052863
0.140300
0.074883
-0.049882
-0.003897
0.070745
0.063732
0.053484
0.028334
0.081701
-0.138111
-0.438942
-0.585092
-0.732319
-0.234290
0.554168
0.306715
-0.177091
-0.022252
0.188414
0.119231
0.024760
-0.211919
0.076346
-0.002519
-0.006659
0.002936
0.014517
0.050361
0.098914
-0.016191
-0.194485
0.345970
-0.560426
0.640185
0.009133
0.120399
-0.087714
-0.064264
-0.013347
0.011644
0.062994
-0.238100
0.058910
0.226363
-0.044095
-0.030484
-0.114933
0.550017
0.040893
0.167943
0.094849
-0.172578
-0.549119
0.540591
-0.123494
0.201891
0.281701
0.264761
0.196348
0.134003
0.039875
-0.337026
-0.848497
-0.352362
0.479503
0.241894
-0.186750
0.097007
0.481120
0.708015
0.160667
0.000805
-0.373651
-0.185315
0.182958
0.024904
0.214398
0.754082
-0.205625
0.006901
-0.360936
-0.314055
-0.238552
0.351548
0.038162
0.078401
-0.099789
0.459937
0.106653
0.298008
0.371395
-0.527883
0.178186
-0.369874
0.146792
0.144934
0.288590
0.008398
-0.438856
-0.267223
0.044576
0.026444
-0.000855
0.136085
0.303677
0.270590
0.183869
0.138836
0.065157
0.072514
0.105343
0.105356
0.111923
0.011164
-0.135667
-0.003309
0.214887
-0.130551
-0.346056
0.439084
-0.148885
0.907951
-0.079900
-0.536661
-0.233634
-0.319186
-0.157793
-0.023413
0.174049
-0.140058
-0.247959
-0.160509
0.052522
0.026908
-0.020714
-0.036137
-0.073442
-0.237690
0.182003
0.172963
0.031796
-0.008340
-0.112802
0.002149
0.191013
0.221499
0.242465
0.302283
0.357402
0.505136
0.222239
0.013489
-0.016450
0.035043
0.212830
0.338160
0.508975
0.411313
0.215174
0.077279
-0.110409
-0.079640
0.026916
0.072972
0.151931
0.169025
0.168809
0.183097
0.188893
0.019714
-0.226360
0.176100
-0.448559
-0.250250
-0.114419
0.064546
0.319729
-0.190033
-0.080393
-0.221597
-0.260274
-0.078112
0.219501
0.156200
0.016816
-0.516435
-0.312116
-0.200363
0.175931
-0.291802
-0.050664
-0.132289
-0.108435
-0.142118
-0.185031
-0.276464
-0.398959
-0.040998
0.501702
0.158279
-0.424740
-0.155799
0.269541
0.252330
0.210319
0.160419
0.048681
-0.174495
0.257496
0.043915
-0.149136
-0.450162
0.177236
-0.265287
-0.063653
-0.478578
0.014146
0.025697
0.192559
0.252306
0.288305
0.307023
0.295919
-0.083183
0.048090
-0.023967
0.017660
0.547616
0.295695
0.376084
0.283180
0.234130
0.157720
0.093475
0.026228
-0.069516
-0.177504
-0.098913
0.050312
0.153414
0.289749
0.269534
-0.087786
0.110261
0.370066
0.289479
0.151805
0.597823
0.327030
0.417435
0.387430
0.373239
0.347597
0.258472
0.138645
0.183886
-0.211687
