0.538373
-0.736108
-0.224359
-2.010005
1.365928
-0.477099
-0.332087
-0.792356
-0.597064
2.213485
0.360614
-0.272300
-0.025763
-0.774675
0.976678
-2.042427
-0.919880
2.109252
0.405106
1.909401
-0.352081
-1.168760
-1.638745
1.196533
1.013545
-0.610276
-1.220999
-0.584228
1.059234
0.444962
0.305190
-0.308469
1.352851
-0.197059
0.163778
0.028527
-0.884231
1.178320
0.924822
0.093659
-0.339273
0.319213
-1.838039
-1.036590
1.401816
0.299368
2.067785
-1.848416
1.183132
0.010831
0.873083
-1.664573
-0.496983
1.754578
-1.330850
1.049371
0.946766
-1.677316
-1.760323
1.304346
-0.808847
-1.294114
1.102618
1.179075
0.709288
0.542222
-1.948835
0.122188
-0.262728
-0.595184
0.967482
-0.571200
2.079952
1.567828
-0.898158
-1.792805
1.702988
-1.860972
0.926245
-1.147977
-0.259489
-2.580067
-1.580045
1.283321
0.693565
0.216067
-0.572661
-1.143596
-0.622384
0.290355
-0.457028
1.280254
-0.032949
0.310148
1.073950
0.365737
0.612236
-0.500687
-0.617591
0.097315
0.467111
-2.400112
0.036520
-1.230818
0.211625
0.012560
0.325631
-0.575749
0.011750
-2.420753
0.071148
-0.559576
-0.133144
0.977448
-0.710509
0.211979
1.030487
1.549082
0.097071
1.086298
-0.048018
1.740501
2.077781
-1.718829
-0.195004
0.893197
1.113840
0.212802
-0.393773
-0.926370
-0.782465
0.113296
-0.647253
0.422760
0.344397
1.288929
1.168596
0.256204
1.018727
-0.668292
-1.263116
0.788104
1.109762
-0.600684
-1.517664
-0.612196
0.074401
0.589416
-1.382611
0.406229
-0.268790
0.201671
1.475680
0.502198
-0.719452
1.085669
0.378676
1.257760
-0.459519
-0.373510
-2.185124
-0.380568
-1.937768
0.707356
0.554202
0.214236
1.445007
0.408119
0.537408
1.600730
0.727047
-1.068025
-1.378391
0.325083
-0.642701
0.874013
-0.551924
-1.586054
1.250320
-0.093613
0.262268
1.316870
0.361596
1.027336
-3.507744
0.667473
0.956772
0.109472
-0.786850
-0.390284
-0.243946
0.113971
0.561155
-0.371306
-0.344287
1.019931
0.839929
-0.625961
0.576451
-0.077288
-0.713184
-0.625922
0.039936
0.874910
0.167708
-0.798539
-1.085554
0.552753
-1.559145
0.740177
0.616772
1.477512
0.349770
0.700806
-0.098101
-0.770830
2.683058
-0.246022
-3.313546
-2.215371
0.956436
0.101838
-0.113416
-0.305090
0.662179
-1.454567
-0.181151
-0.069314
0.087315
-1.027804
0.697806
-0.350638
-0.896403
-2.200909
-0.130938
1.000901
-1.359657
0.562507
-0.660026
0.004951
-0.758945
-0.745482
2.138330
-1.032185
0.676810
-2.303049
-0.137789
0.832426
-0.906482
-0.252983
0.044587
-0.396877
-1.397919
0.383223
0.120444
-0.989195
-1.873731
-0.719155
-0.497060
0.890681
0.128407
0.043718
1.112454
-1.363660
1.426468
0.744966
1.504167
-0.674882
-0.534475
1.976908
0.621458
-0.569817
-1.969781
1.846974
0.749254
-2.070973
0.160712
-1.637748
-0.691427
-1.180349
-1.242118
1.206644
-0.248133
0.023022
0.670310
-1.600873
2.080932
0.370340
0.093234
-0.297483
0.378944
1.495246
-0.877799
-0.825611
1.030843
0.194000
0.815925
0.109931
1.414044
-0.954917
-0.757220
0.562893
0.909267
1.201463
0.430446
-0.284154
0.226676
-1.150189
0.062238
0.755342
-0.722598
-1.204232
-0.343565
1.079316
-0.653099
0.959185
0.599105
0.921858
-0.513236
-0.847259
0.090681
0.367923
-0.293465
-0.003133
-0.076173
-1.339188
-1.159486
-0.386572
0.513680
-0.832600
1.132968
0.983356
0.616126
-0.354243
-1.185070
0.720211
-1.457414
-1.120889
-1.414645
-2.058071
1.412993
2.827292
1.394866
0.667264
1.856564
-1.636168
-0.030964
-1.462985
0.801417
0.156675
0.186168
-0.226730
-1.150580
-0.462407
-1.315398
-0.357245
0.127864
-0.598693
0.150384
-0.042735
0.112984
0.149642
-0.925170
0.346956
0.621174
1.396121
0.947565
0.560085
0.693999
1.546245
1.097009
1.518161
1.318361
-2.017195
1.215505
0.593271
-1.372704
-0.134162
1.239918
-1.994152
-0.327385
0.439517
2.029810
-0.425925
1.280625
0.937470
-0.730670
0.637585
-0.241012
1.330587
-0.117359
-0.871712
-0.261978
1.408728
-0.206936
-0.636831
1.155460
-1.486776
-0.826372
-0.942781
-0.157322
-0.377687
-0.414967
-1.023538
-0.150684
1.104093
-0.453115
0.940342
0.876863
15.341940
13.598345
14.635661
15.877840
15.831069
14.492342
14.890437
15.681400
13.976749
14.774223
16.026181
14.190817
15.441806
15.134514
14.329165
15.603401
14.435727
14.770188
14.629066
15.183437
14.358659
14.248793
15.956354
15.218724
13.390774
16.448556
13.369161
12.901688
15.703396
13.592827
13.648972
14.310783
13.286266
13.939194
15.000905
14.091949
14.012852
14.784793
14.119672
14.990020
13.836996
14.151813
14.061317
15.705994
12.331929
16.235631
14.381682
15.018274
15.418037
13.695578
13.940891
14.902278
13.854616
15.304303
14.588914
14.956856
13.584888
14.856398
13.849185
15.493618
15.770961
15.375906
14.576066
14.160910
14.414248
15.006085
13.956667
16.286987
13.910034
13.706640
13.206126
13.859069
14.404682
13.499356
13.933858
14.176672
14.567995
15.638789
13.856294
14.022371
14.757622
15.402686
14.275881
15.166981
13.611947
15.660907
13.814836
15.403412
15.315058
15.342814
17.266129
15.923505
14.400065
15.016281
12.238362
16.221639
13.931431
14.103955
14.230949
14.247858
15.309512
13.276664
15.047371
15.401401
14.769071
14.598942
13.270939
15.771116
14.191490
13.924554
15.617219
12.821503
13.857253
13.744864
14.125476
15.195410
15.038348
14.515742
13.883804
14.447939
15.347619
14.016857
15.046767
-3.197781
-3.433525
-3.268804
-3.164599
-3.873659
-4.552760
-3.494031
-3.205634
-3.463281
-2.776160
-2.165084
-5.040877
-3.565291
-3.145107
-5.082653
-2.908231
-4.946835
-3.955378
-1.833181
-3.966079
-3.768652
-4.437585
-4.754480
-4.150672
-3.053774
-2.766494
-2.076068
-4.151549
-3.690431
-3.895125
-2.594133
-6.031315
-2.127325
-5.090024
-4.760579
-4.389214
-3.068537
-4.733307
-2.333752
-5.003794
-5.320596
-2.661566
-2.250392
-5.235093
-4.144440
-2.306690
-1.447699
-3.124552
-5.788456
-2.851069
-1.903740
-5.592210
-3.846731
-4.717122
-4.245170
-3.746087
-3.108112
-2.581339
-3.738787
-5.258075
-2.283709
-2.371837
-3.967830
-1.829676
-1.791641
-3.983231
-4.010982
-3.646347
-3.100499
-4.016618
-4.453796
-2.322444
-1.642094
-3.010602
-3.920222
-6.646478
-2.450479
-5.349373
-3.205250
-2.047293
-2.520075
-2.287808
5.568990
7.844141
8.761593
6.433984
6.112474
6.881476
6.387710
7.755771
6.947449
7.312442
6.580870
6.392101
7.744374
6.836419
5.970699
5.740624
8.899988
7.422185
9.506040
8.245005
7.372467
8.662933
6.739625
6.572737
6.662906
7.996641
4.428497
6.068162
6.932622
9.493339
8.127671
8.483217
9.076118
5.506723
7.225199
6.785942
8.413945
5.247171
7.487441
7.062062
7.949404
6.755510
8.476923
7.771638
6.319702
5.493790
7.366429
8.154073
7.690913
8.678364
7.537600
7.001608
6.039438
7.346121
6.257319
7.853567
7.300578
8.397457
5.852525
8.545501
7.251468
6.856145
6.082657
6.549742
7.050729
7.396685
7.598542
7.108044
6.545168
7.588745
8.228550
8.767557
7.421480
8.709323
7.237832
7.267665
8.282289
7.790953
6.166114
5.877081
6.025334
7.282495
7.077418
7.062109
6.386374
5.384817
8.077280
6.839809
5.041382
7.946642
7.582054
7.320228
7.421456
8.151175
7.899788
8.301558
5.084301
7.178763
8.594159
6.704198
7.959451
8.363618
8.583322
6.297581
6.948182
6.068059
7.124253
8.917107
8.993388
7.683536
6.818127
5.826894
6.883096
6.306368
6.760329
8.098344
7.802253
7.549901
5.662908
5.547832
9.369478
6.354643
7.426859
5.471481
9.618536
5.699108
6.212429
9.585347
7.708808
8.396648
8.744531
6.998721
7.517076
7.272297
7.669416
7.009152
6.942261
8.168807
8.479848
6.455762
7.615806
8.680264
6.541649
5.740822
7.240525
6.077971
8.103574
4.755418
7.954630
8.009546
7.226077
8.139083
7.157660
6.630340
6.697303
6.439272
9.205302
8.080146
6.383369
8.856739
7.219829
7.067954
7.439554
6.793573
7.306034
6.142311
8.966168
6.500743
7.133442
8.494853
7.695435
6.616685
8.711197
5.882982
6.745870
6.482833
6.860600
7.636725
7.414450
6.912584
6.710006
9.790401
4.645777
8.628493
7.621017
7.190271
7.221099
6.797156
6.813451
7.401008
8.344467
8.497845
7.436314
7.217510
7.176621
6.993139
7.153493
5.385284
7.133461
6.495564
9.135073
7.547941
7.776070
7.085280
7.086328
8.284330
8.228073
8.125118
8.727589
7.748464
7.505412
7.258653
6.747992
8.865350
8.412948
6.790884
6.330362
7.058067
7.669688
5.703253
8.368633
7.799731
8.612082
8.260156
7.171137
6.735228
6.927853
10.068488
6.534513
8.375286
4.351908
7.546647
7.950795
7.577050
6.521817
7.404586
8.548290
8.333302
7.879353
6.215023
7.799451
7.217136
7.987066
6.491768
5.921098
7.387015
6.481929
8.862847
8.325480
5.104759
9.868348
6.766880
5.221967
6.051003
8.428307
6.179184
5.484755
6.741552
8.591064
6.595325
8.890395
7.323330
7.356803
8.113376
7.373315
8.038282
6.849053
7.226931
6.704347
8.037978
9.567222
5.838855
6.223633
8.955839
5.703674
7.171589
6.330930
6.222295
6.258075
5.672160
7.590090
7.217602
6.587763
7.148606
8.647913
7.954341
6.856367
8.505428
7.217424
7.797905
7.857202
9.222491
5.226638
6.678604
6.683841
8.024590
6.863469
6.796214
7.663478
5.919796
8.153386
8.562550
6.627023
8.751136
7.658501
6.200456
7.503558
7.504012
5.037335
6.858666
7.153176
6.144588
8.096537
5.726126
6.719610
7.148104
8.483485
7.047144
7.401114
8.169592
8.198405
7.067980
8.783626
4.686419
7.626350
6.210266
7.058257
7.872065
-6.587100
-5.887986
-5.890202
-6.717663
-8.436126
-7.565885
-8.072127
-6.394954
-8.230959
-7.546046
-6.387060
-7.555582
-7.552583
-5.835388
-7.431489
-6.835466
-7.456184
-7.035267
-8.238510
-8.116052
-7.018830
-7.905161
-8.393030
-6.738797
-6.519309
-7.417735
-5.868220
-5.821138
-7.476362
-7.809931
-7.402118
-7.292573
-5.733115
-6.856885
-6.789856
-7.208952
-7.736497
-6.692973
-7.219691
-7.975589
-8.302877
-6.643901
-6.299426
-7.738252
-8.526964
-6.759525
-7.526845
-6.757277
-8.154517
-5.015983
-5.706335
-8.086290
-7.634752
-6.839347
-8.441190
-6.488217
-8.541371
-7.616380
-6.027103
-6.322861
-7.605594
-8.250925
-5.535234
-6.920326
-7.122513
-6.607102
-5.429034
-5.800450
-6.033780
-7.234613
-8.502481
-7.945144
-7.640933
-7.549835
-8.719116
-4.306031
-7.276418
-7.636155
-7.849340
-6.736379
-7.498193
2.358989
10.593315
11.243450
10.812083
13.896915
10.823778
11.997953
11.118672
10.904616
11.198485
13.026124
11.185312
9.457267
9.191126
10.579601
10.875067
9.707602
11.792461
11.011146
10.329967
11.157597
9.884321
11.090731
10.211604
10.409591
11.098765
10.699601
9.164517
11.007264
10.783328
11.780612
10.106229
10.004924
11.646785
11.359078
9.494812
9.951335
10.709360
10.877207
10.580092
9.186479
10.817469
10.837823
10.654183
8.792136
11.905598
11.169930
11.425016
11.757573
10.804602
10.128916
11.420276
12.743251
11.912327
12.533360
10.021876
11.634135
11.426534
10.605452
10.643968
10.376684
9.604451
13.082924
9.771392
10.779911
11.321645
11.111769
11.710608
10.541008
9.801081
9.851100
10.988085
11.062345
11.726116
11.521933
11.489821
12.913631
10.205841
11.232881
10.778173
9.764811
10.059645
9.996220
11.476192
12.121033
9.669855
11.220755
11.801172
11.719510
10.383422
11.386821
10.959038
9.306150
12.033127
9.004567
10.499642
11.621509
11.144113
10.016099
11.406334
12.137948
12.666572
11.153281
11.745879
11.907441
12.133266
9.310733
13.395769
10.217462
10.553087
11.289353
12.322254
9.609948
12.395524
10.288440
9.879664
11.128603
11.400698
11.134119
12.276200
10.202103
10.803710
12.329043
12.487251
11.589516
11.574137
9.925422
11.768738
11.917752
12.189572
10.940918
10.408031
11.428566
11.650532
11.229744
8.881652
11.962015
10.673397
11.459749
11.560126
11.159373
10.088273
9.817822
14.620488
10.149677
9.931694
11.211573
11.511047
13.166750
11.788080
10.375908
11.199284
12.944990
9.979048
12.667509
10.701910
11.955204
13.441229
10.617249
10.122606
11.826877
11.957851
11.728706
9.987054
9.953845
11.846298
10.456115
11.640687
10.259605
10.201065
11.089496
10.300717
12.904465
10.024081
11.977168
9.894774
10.368751
9.678970
12.127842
12.334848
11.588323
9.823709
10.506536
11.328209
10.857740
13.243935
10.510994
8.952848
9.921337
10.848206
12.581598
10.626772
10.343461
10.607438
11.694227
11.555490
9.492380
10.528827
12.654684
10.297371
12.923256
10.489430
11.469016
10.886874
12.018366
11.354426
11.428776
13.087061
11.933615
11.527080
9.521480
11.325234
10.190542
10.207818
11.759099
10.785266
11.597660
10.067263
9.700246
10.741658
13.359599
11.766881
10.073262
11.463921
9.748272
9.700590
10.113078
9.586616
12.253703
11.314192
10.651464
9.921944
10.116398
10.254582
11.631547
11.533776
9.992856
9.284873
11.341768
9.926343
10.259130
13.420956
12.450003
10.878439
9.788432
11.273671
10.750719
11.347653
10.464959
10.896368
10.716014
12.070563
10.270675
9.226418
13.061927
10.554953
11.505245
12.138205
11.431394
10.868203
10.395350
11.386682
12.160647
11.423007
9.977045
11.594824
11.850846
11.043421
11.165451
11.481107
13.060938
11.082472
12.051738
11.307744
12.005458
9.846413
10.547594
13.059186
11.972506
11.249389
11.357791
11.622545
11.100160
11.994679
9.356583
7.917656
11.486748
10.438992
11.698597
12.062318
10.684250
12.271568
11.909456
10.067283
9.093676
11.605854
9.988714
10.901867
11.181170
10.529272
12.294387
10.653042
10.921853
11.318022
10.211966
12.636495
9.272015
12.567761
11.043476
11.550764
11.485674
11.598331
11.681717
9.636700
10.434984
13.183104
11.016431
11.557841
10.059913
10.871103
12.945329
11.798937
12.686645
9.325333
9.607376
10.057287
12.312243
11.621679
9.647788
11.117095
9.842841
10.273115
10.323185
11.794236
9.716725
12.423149
11.324829
9.958170
11.822029
10.909149
11.104638
8.793124
11.470473
10.685406
12.811777
10.818392
10.346093
12.055670
13.310513
9.722505
10.141153
11.556397
9.963764
8.752256
12.013665
9.819314
10.813361
11.337930
10.035921
9.801856
12.787031
10.548431
10.471109
11.599422
11.531304
11.764257
12.138420
11.490930
11.784542
11.521961
9.209229
9.485402
11.530788
11.043544
7.248294
10.951406
9.077083
11.243999
10.221106
11.728806
10.909707
9.722919
9.183937
10.071412
11.575501
12.313169
9.530919
11.699636
11.233553
10.757608
9.410311
11.726976
11.919758
11.501293
10.589732
8.532494
9.407347
12.513023
10.610085
10.182012
10.550411
10.775138
10.741094
10.136194
11.737941
11.133418
8.910871
10.839568
11.429586
12.186367
9.410381
10.536544
11.009653
11.488241
10.879749
12.517052
8.799668
12.247050
10.595429
11.626187
10.370351
12.473707
11.362527
11.231465
10.759398
11.990848
11.730200
10.033992
11.252933
11.513593
11.096663
10.022753
8.975629
11.018962
12.148278
11.907980
13.444915
12.385853
11.802236
10.099391
9.795046
10.027610
14.032747
9.275747
10.019128
11.787735
11.121883
9.812322
10.428553
10.940157
10.745229
10.401414
12.465148
10.198661
9.617560
11.908873
11.699538
11.147564
9.045310
12.484323
11.121918
9.924295
11.905350
10.551137
11.329927
12.166093
10.776488
12.514272
12.035763
13.628394
11.059535
12.083486
9.911372
11.676926
9.530645
11.334967
10.864730
13.126906
11.904908
10.814575
11.153848
10.824728
10.924464
10.660624
13.917067
9.701802
11.062024
11.185434
11.432046
10.481883
11.860156
10.790269
7.767391
11.745995
12.968176
12.311661
11.098334
12.453467
10.970144
11.732144
10.510484
11.157326
12.130863
11.399547
11.941299
11.548399
10.665090
11.646835
11.278012
11.360016
11.856088
10.901716
10.076162
11.287902
9.097344
10.604082
11.374222
11.101335
10.777832
10.836487
10.628931
14.333336
10.375762
11.574844
10.823113
11.223228
11.680322
9.784496
12.846364
12.368522
11.567829
12.036332
11.413124
11.835017
10.424335
12.813238
11.367668
11.070324
11.786517
9.873710
10.476516
11.783365
9.105320
9.649749
12.035348
11.158520
11.617974
10.097436
10.035863
11.834651
10.056648
11.378814
11.670254
11.665103
12.096214
11.329242
10.903427
11.741742
10.621204
9.642918
12.715115
11.401708
11.542400
12.318329
10.271976
10.826443
10.229583
10.717854
10.734405
12.466352
8.494655
11.548799
11.861866
11.470898
11.038748
10.803688
11.821978
12.947689
11.443407
10.404444
11.393509
11.395186
12.245314
10.152348
12.848574
10.968998
11.131503
11.267877
10.722874
10.321769
11.931057
12.262154
11.514940
11.234582
13.185141
10.089960
11.950084
11.663809
10.073886
10.007702
12.175843
10.820012
12.098108
11.909173
9.378561
11.095347
11.406184
10.743989
10.518097
11.309782
11.246691
10.735805
13.725793
10.991559
11.657141
-3.245615
-6.236321
-2.570658
-5.748266
-4.018211
-4.881606
-4.650769
-5.397365
-5.032391
-4.327550
-5.947490
-4.190502
-6.366482
-5.232908
-4.723386
-3.579201
-5.352494
-4.391535
-6.470705
-5.031711
-4.041136
-7.103825
-5.153525
-6.193491
-3.963335
-4.885384
-5.508229
-5.085756
-4.438928
-3.662728
-3.720919
-3.766175
-2.248697
-4.292434
-6.192243
-2.533480
-5.636010
-5.603123
-4.667684
-5.140114
-3.051995
-3.007322
-2.710226
-4.506774
-3.977909
-4.339207
-3.283092
-5.156841
-4.951551
-5.231933
-5.196750
-4.949615
-4.255944
-4.733111
-4.774349
-3.958870
-5.019980
-3.709832
-5.638414
-4.118904
-5.807181
-4.242384
-3.384083
-3.669436
-3.781182
-5.389378
-4.660987
-2.847427
-3.962780
-4.380577
-5.710948
-4.518605
-3.691897
-4.598984
-5.081161
-4.681465
-3.066949
-3.469041
-3.457425
-3.705508
-5.618474
-4.350900
-4.992386
-3.679335
-4.285784
-3.637259
-3.756468
-6.021880
-4.014254
-5.535649
-4.715767
-5.054611
-5.927270
-5.162144
-5.451727
-6.032813
-6.364949
-4.397039
-5.233597
-4.431130
-4.084663
-5.725492
-4.352454
-4.693789
-6.454763
-4.988208
-2.845233
-4.750185
-3.469636
-6.046383
-5.291111
-5.019169
-3.171328
-5.027094
-5.172999
-4.538128
-3.643994
-3.798071
-4.347286
-5.458620
-5.012140
-3.527495
-4.187301
-3.558596
-3.854806
-5.276839
-2.501118
-4.358643
-4.487510
-5.750527
-2.809086
-2.954476
-4.629438
-4.194863
-4.690853
-4.273473
-4.492889
-2.349397
-4.142460
-3.200840
-2.926621
-4.465553
-4.255781
-5.189266
-3.625403
-5.336166
-4.234154
-3.856043
-4.579809
-4.462130
-4.326971
-4.182272
-4.428572
-3.170727
-4.094402
-5.914997
-4.261971
-4.511117
-4.631959
-4.133357
-3.424006
-4.545061
-5.986197
-4.472866
3.105179
4.250476
3.905400
4.137192
4.110256
4.155316
4.951451
2.078916
3.628688
3.644325
3.202266
2.061933
0.872378
0.955600
2.638094
3.335411
2.457324
3.277869
3.726405
4.000646
2.933239
3.823492
4.113612
3.680617
3.358035
3.702254
1.978555
2.647310
3.858524
1.373088
4.903765
1.975939
2.631365
4.179500
2.828394
3.928446
5.340319
3.795551
2.767476
3.393602
3.808386
3.556245
4.193291
4.613365
4.715547
2.749262
4.385048
3.042869
4.123862
2.199562
2.187865
2.532833
4.330766
2.027211
2.766509
3.300151
4.157546
3.669769
2.185296
3.957360
3.327849
3.396058
1.556666
3.614574
3.754276
2.257794
2.926840
3.829967
3.643535
4.241222
3.730461
3.359148
2.855807
4.200313
3.947194
1.874804
5.312919
3.278815
3.584731
3.451137
5.202082
2.968103
1.324929
3.611781
3.165799
4.109518
2.063561
4.658084
3.092694
1.042320
2.826105
2.448724
3.633852
3.151503
2.175923
3.646495
2.673635
3.245095
2.111666
2.852411
2.635096
2.477773
5.313730
5.013125
3.765812
4.828246
2.980626
3.376128
3.739315
3.387884
3.444213
4.080274
3.302464
3.334354
2.939810
3.275024
4.366768
3.751052
3.365492
3.205789
4.110903
4.079096
2.530955
3.105630
3.881293
3.111604
4.078516
3.581353
1.804272
3.495987
3.605515
1.373075
3.621000
3.431559
4.085513
3.364582
3.795451
6.087211
4.249336
5.329870
3.157720
3.626837
4.840319
3.200095
1.266413
3.599568
3.452938
3.804123
2.671541
4.354257
3.945578
4.909852
3.190044
5.186513
2.692716
4.869349
3.755497
4.590284
3.595674
3.813526
2.687966
3.598191
2.460722
3.662817
2.110147
2.939773
3.506041
3.200294
3.012116
2.413983
3.224902
3.764103
1.928968
3.920324
3.900196
3.693248
4.556312
2.680002
4.752813
1.915119
4.825490
2.471862
3.591119
2.853466
3.557518
1.614189
1.681717
2.509458
2.861747
1.624939
1.267849
3.223914
4.248783
3.208828
4.390071
2.504520
2.424762
2.841548
2.656263
2.213439
3.825878
1.698922
3.913033
1.925916
3.414266
3.442922
2.588491
3.646697
2.482516
3.709596
3.119126
2.621673
4.337796
2.055548
3.643444
1.947055
3.768970
3.397393
4.674938
3.295448
4.673428
4.695465
3.658257
3.622741
4.448374
1.854625
3.030210
3.452094
2.966724
3.840051
2.927350
3.619217
4.333610
4.370693
3.795372
4.580999
2.935799
5.820767
4.043317
2.189122
4.022463
2.278054
4.207275
3.809601
1.676791
2.397751
2.539620
4.017633
1.462016
2.596229
2.594063
3.085075
2.403491
2.006891
3.380741
3.639149
3.752548
2.659075
2.218441
3.629847
3.362563
4.661628
4.035578
4.313790
6.397395
3.857957
3.625137
5.228394
2.995081
3.057133
2.781391
3.231341
4.470236
2.702978
4.858294
3.889434
4.330759
3.626342
3.375404
4.088888
3.785475
4.073315
3.638455
1.442512
3.812345
3.664175
2.626906
3.689424
4.038242
2.547489
4.194035
1.774898
5.020841
3.989168
3.539692
5.004529
3.685972
2.609660
3.838120
4.279544
2.755036
4.238080
3.938791
4.957650
2.438323
2.537541
3.102897
2.523497
1.921140
2.815463
2.845791
3.494048
2.374226
2.013415
2.398677
2.245243
3.778350
3.128235
1.644535
3.337456
3.355032
1.742194
4.860064
3.692379
3.012443
3.567841
0.484452
3.747316
2.581091
1.789495
3.693913
3.117303
3.629638
2.644258
3.958536
1.287285
5.771132
3.146937
2.712063
2.816665
3.465110
2.719193
4.520084
3.338607
3.182623
3.377992
3.183262
3.586673
4.137617
1.573209
3.406832
2.670439
3.197634
2.270134
2.595144
2.186980
3.111535
3.080139
3.288901
3.740162
2.532766
1.458522
2.837066
1.922338
2.249233
2.884182
4.857554
3.690168
2.717738
4.383623
3.495817
3.891116
2.684223
4.645252
4.688145
4.700800
3.850092
2.584446
2.689530
3.247623
2.731385
3.583637
2.174946
4.072800
3.538086
3.211072
4.829953
3.622908
3.535282
3.408452
4.307275
4.322254
4.389481
3.929537
2.360744
1.682010
3.133852
2.754940
3.491431
1.951629
2.433207
3.085982
3.828598
2.384513
4.629148
3.290273
2.990127
3.454813
0.296337
3.040948
3.381970
2.176189
3.217656
2.415962
1.853371
2.577361
4.316940
4.298386
4.745347
4.750544
3.979264
3.119215
3.996778
1.756096
1.478517
1.149795
3.435065
3.823816
2.498051
2.100468
3.252047
4.849602
4.379404
2.532128
3.611507
3.856426
4.881525
2.541287
2.441706
2.864697
5.784550
4.588821
2.058016
4.716074
3.397162
4.621681
2.123217
2.455614
2.356142
4.491233
2.407656
3.151640
1.344458
2.298509
1.411311
3.931614
3.450519
2.059036
4.775512
4.150563
1.449666
2.995536
2.193381
3.990778
1.953914
3.108178
3.818233
4.360630
1.287267
2.209327
2.525252
1.761150
5.561782
2.138062
2.737212
3.243882
2.952471
3.259284
3.460826
3.525130
1.866303
4.412408
2.906873
2.008329
4.334766
3.518030
2.684055
4.652627
3.113739
1.978787
3.380836
3.734673
5.053440
5.399395
3.937255
3.705118
3.882616
3.959959
1.937660
1.641890
4.211836
3.991427
2.841645
1.436615
2.416667
3.355448
4.576912
2.457206
4.058888
3.659854
3.290981
3.950942
2.720573
4.462107
3.671490
3.102294
3.327584
3.301313
1.301048
2.046035
4.170288
3.374457
3.999051
2.303942
2.231938
3.381345
4.111771
3.862772
4.612734
3.659358
4.809782
3.515674
3.859155
3.856234
3.799905
3.161043
2.517416
3.147557
2.622493
4.310702
3.213124
3.153917
3.840827
1.697812
3.187233
4.758561
2.435508
1.426660
4.346249
4.847546
4.665205
4.478615
4.754780
3.275311
4.482779
2.718430
3.919854
4.759517
5.563062
1.924587
2.964646
3.198460
5.676423
2.481532
3.728735
2.678076
1.477974
3.446431
2.836474
2.312744
3.836367
3.523994
3.296114
4.094624
2.143832
5.270144
3.786456
3.575169
4.277192
3.363871
3.477082
0.727087
4.688886
2.773821
3.706216
4.302109
3.040258
3.964274
3.242948
2.492291
3.726897
3.239323
2.446115
5.921340
4.401610
3.838808
1.615881
3.355416
2.114503
1.769326
2.968606
3.901545
1.999459
1.747862
5.390731
2.296979
2.709777
3.109555
3.334675
1.908116
3.442980
2.552362
3.674876
3.803216
3.422533
3.094028
3.394061
2.783380
2.255292
3.146638
3.065488
2.816002
5.932260
2.804115
3.836825
3.559273
3.340338
3.450697
2.925770
4.432478
3.562728
4.434937
4.062269
2.016092
4.885977
3.192385
2.329337
4.273113
2.932901
3.681470
3.956629
2.838810
2.653473
4.672742
3.316925
4.416471
3.520738
3.289382
3.972252
3.708073
2.770760
3.527930
2.504418
0.708769
3.044284
4.540504
2.150727
2.989767
3.894176
3.267506
3.130618
3.189864
4.802440
2.470384
0.990586
3.457283
2.654971
5.245632
4.704910
2.067336
2.089481
3.584017
4.683305
4.097671
2.920250
3.635160
2.923350
2.165076
5.009934
4.613671
2.958370
2.510024
4.309493
2.529390
2.272805
3.117552
4.214331
1.801448
2.921275
1.607009
3.063086
3.598788
2.748376
3.927189
3.499522
3.639599
4.874620
4.210460
3.330855
5.160045
5.666272
2.679719
1.945316
3.000758
2.337063
1.426135
2.398013
2.082173
4.605540
3.104489
3.139554
3.834105
4.482283
4.068243
2.730537
3.662787
3.385830
3.509202
3.268160
2.603950
1.962015
2.138886
2.900319
3.941897
2.480916
2.249340
3.318134
3.071734
3.481934
4.358439
2.321720
3.348600
3.024749
2.513294
4.379835
2.429271
3.692920
2.616616
3.869033
3.587347
4.622107
1.825961
2.223861
3.361175
2.389148
4.108244
2.249977
2.601335
2.782360
5.459018
2.429223
2.983176
2.417062
3.749943
2.664350
2.536248
2.836087
2.774728
2.623102
3.372868
4.252800
2.997713
3.415458
3.210258
2.452510
4.494983
4.022553
3.413658
2.658800
3.522388
2.972458
0.772637
4.935349
3.417999
3.298492
3.713920
4.453517
3.841527
1.753970
1.944937
3.888498
1.352751
2.133728
1.712306
3.524286
1.124803
4.947843
3.241512
2.889756
3.571462
1.768276
2.799675
4.803525
3.307022
2.617237
2.716446
2.390441
2.759099
2.477814
3.916479
4.511994
3.911012
4.431095
3.673356
3.251194
4.646796
0.645270
2.666486
4.662114
3.915219
3.862629
2.999840
2.751203
2.893434
3.610977
2.055041
4.118205
1.673164
3.093281
3.414967
1.892414
3.338171
3.250994
3.136532
2.111673
3.556131
3.831710
2.037039
3.299958
4.750511
4.606317
2.311438
2.560299
2.173515
4.328096
4.123107
3.774475
4.821141
4.524935
4.307980
2.625069
3.786114
3.375964
3.649442
2.689457
2.807931
3.830788
2.144044
6.499840
4.093528
3.664972
1.872517
2.532387
3.808846
4.410466
3.307292
5.299699
3.158506
2.591515
4.528537
19.233733
19.578261
20.113439
19.625400
19.482930
17.644870
19.209074
18.634661
19.634805
19.380877
19.403703
17.926549
19.654357
17.831616
20.710914
19.489812
19.285168
17.224418
19.854428
18.220573
18.498967
19.768742
17.613521
19.536623
19.200780
17.269673
19.496776
18.013816
18.679702
19.517894
19.041061
19.074366
20.154721
18.316327
18.625467
18.095620
18.509347
18.004358
17.497833
18.915660
17.460864
19.535919
17.607725
16.096410
18.363467
19.545912
18.955967
19.136606
18.063039
19.504930
18.238133
18.596630
20.058087
18.518374
19.548396
20.822160
20.295989
20.794726
18.007731
18.591024
20.240317
18.630316
17.000510
19.766528
19.049931
19.712546
18.327214
19.181337
16.593914
20.020573
19.366828
18.059999
17.829208
18.131957
20.699915
19.335991
19.727929
19.270951
16.853149
18.072320
18.674979
21.318339
18.890678
18.398475
20.141599
17.506067
20.388215
16.844519
20.392526
19.850077
17.589667
18.535762
19.871736
19.752439
20.435267
18.777585
17.613262
18.811557
19.801883
18.699756
17.484513
19.497475
18.853653
21.022588
18.179676
18.484615
18.624115
19.523322
18.503076
20.005814
16.604645
17.764750
18.886249
18.609732
19.109328
19.750045
18.903487
18.585108
18.377096
19.064482
19.770632
18.789874
18.707143
18.561598
18.555713
21.018924
19.501931
18.446585
17.155466
18.647582
19.636263
18.716756
20.201113
19.234811
18.455704
19.565722
17.973663
18.267135
19.054278
19.062742
18.256810
17.938059
19.538098
18.721125
18.386829
17.709598
19.504489
19.596679
19.182189
18.364342
18.845601
19.862000
19.616292
17.790203
20.807894
19.900225
17.962675
19.369531
20.244479
19.427184
18.077216
18.499536
18.189973
19.347248
18.511514
20.463392
18.248199
18.796634
19.811890
20.804877
17.907256
18.131283
19.566851
18.388329
17.500518
18.823200
18.292910
18.333941
19.272053
20.385866
18.749859
17.859694
18.660875
19.041415
17.388637
20.153067
18.012813
19.553216
18.017652
17.842539
19.962865
18.646212
17.190738
21.624255
19.076163
21.216561
20.048776
20.322667
18.155152
19.305738
18.732975
17.731987
18.768988
18.193385
16.516480
18.881647
20.065552
17.737697
19.269525
21.356860
19.955567
18.782469
19.885560
17.688957
19.393174
19.732737
19.229538
18.731321
18.237967
16.372923
18.235113
19.443822
20.693561
20.696604
19.548036
19.794955
17.450136
17.638451
19.826162
18.015592
18.168778
20.195217
21.490438
19.872380
17.628368
18.827113
19.929347
18.332695
18.932074
18.559175
19.901208
18.831293
19.150485
19.299538
19.456996
21.314744
21.521616
20.592114
19.155928
19.613032
20.292121
18.722765
18.850382
19.676933
21.623053
16.783603
19.419665
17.061759
17.923022
18.662450
19.129500
20.760358
18.423060
19.567533
19.509438
18.933958
18.312870
19.932964
18.067415
18.659736
20.050688
19.162530
18.635844
20.053654
17.896322
18.272735
18.004751
19.406559
20.475649
19.224635
18.711583
17.670195
19.180540
18.328985
17.617404
17.727312
18.704472
19.496258
21.846789
18.431206
18.715909
19.140045
18.442691
20.379319
18.126358
19.416366
19.074941
19.500824
18.738103
17.720127
18.353130
17.949505
19.355140
18.834010
19.177113
19.190235
19.810401
16.955880
19.424722
20.170135
19.757148
19.007451
19.233416
18.339039
18.323917
20.036710
18.114639
17.412598
19.354502
19.534718
18.104984
19.398511
19.275326
18.257933
18.253239
18.515527
19.429711
18.123692
19.017992
18.712746
20.175855
18.302339
18.616874
18.287218
19.342629
18.969650
18.272664
21.001984
18.335015
19.083244
18.182240
20.118286
20.677573
20.022474
18.859331
19.214119
19.709825
19.896139
19.990567
18.851677
17.920528
20.351877
19.516907
19.478130
20.021421
19.961183
18.596594
19.781611
20.317173
17.754903
19.349609
18.358371
19.529842
18.337194
18.951165
20.260418
19.235793
18.560356
18.522206
18.227894
19.047830
18.183985
20.001916
17.657059
17.180780
19.391693
19.317807
20.201573
19.574620
20.019505
19.954770
18.798365
18.089894
18.301101
19.212027
19.497152
19.207213
18.920440
17.586097
19.556865
18.611492
18.536088
19.421973
20.944468
20.601719
19.523625
20.619634
18.285529
19.576187
20.476964
20.208989
18.808560
19.126856
19.302718
20.021168
19.468020
20.576040
18.514231
18.717122
19.205403
20.904301
17.441620
19.201745
17.435790
18.953202
18.405802
18.540872
17.731001
18.139079
19.014777
19.509529
20.465235
19.267720
19.317570
18.207968
19.997849
18.404069
20.341467
19.363896
18.215112
17.956919
19.438971
18.965414
18.736141
19.577041
19.128364
19.279486
19.503874
19.177638
19.943723
19.222296
21.183743
19.768410
19.795526
17.644566
20.347059
21.032172
18.474149
18.955347
20.480882
10.562793
7.777161
6.612545
7.377570
6.484351
7.053449
9.134054
7.004562
7.550547
9.759888
8.790038
7.845116
7.475062
7.732025
7.945497
8.380977
8.179493
7.648169
7.924455
7.204629
6.043836
8.259162
7.841404
7.468682
6.537022
7.548846
8.285873
7.675170
6.838300
7.541661
9.054305
7.890534
8.898000
8.566108
6.172854
9.092890
8.732108
6.862725
7.675076
6.626886
7.576978
8.512828
7.828290
8.979821
8.868731
7.816385
7.935576
6.428055
6.020952
8.746877
6.511437
11.046567
6.873455
8.858224
6.343459
7.463686
7.764533
8.205222
8.058831
8.018397
6.172138
6.515585
6.866750
7.081893
8.091541
9.521545
8.703324
7.860275
8.762255
7.111483
6.853618
7.693671
8.369315
8.145228
9.946205
8.129629
7.288917
7.396844
7.643822
7.656765
8.018185
6.976774
15.940985
15.653650
14.408480
14.746242
14.239994
16.575226
15.078686
14.856633
15.242167
14.971970
14.589076
15.489749
16.171748
14.081273
15.191619
15.763554
16.552817
15.790507
16.898432
16.766439
16.350958
16.388407
14.035836
16.863677
17.163043
15.002478
15.807982
13.904832
15.173483
16.306995
16.766040
15.520375
15.852324
15.617560
14.340647
15.088177
13.917484
15.973034
15.227439
15.994254
16.145377
14.722267
15.113803
15.645877
14.486986
15.195209
16.077795
15.492124
15.035812
16.792138
15.610666
15.324423
16.557519
14.726592
16.995566
15.812139
14.643583
14.989508
13.211437
18.076106
14.986861
14.464430
14.639795
13.783581
15.716455
14.962886
14.867714
14.849653
17.797522
14.336934
16.015125
14.340341
15.602373
13.881335
14.989975
16.223628
16.830502
14.737186
15.587292
14.653679
15.411671
16.542935
13.830376
15.814500
14.678889
15.381070
13.987585
15.051322
15.467455
14.340111
13.704451
15.675040
16.028777
15.600183
15.328583
14.703694
14.946247
15.083990
13.568460
15.149688
15.607230
16.537040
16.345639
14.938504
17.872956
15.755995
15.436523
14.022180
18.090819
15.520100
17.232224
15.478890
15.424235
15.390808
15.120043
17.071417
15.500066
15.007595
15.716370
15.365167
15.063074
15.475590
16.996627
0.352823
-0.392981
0.707575
1.933713
-1.704286
0.769297
0.745239
0.345314
-0.119554
0.717655
1.113012
1.119236
-0.274342
-0.717496
-0.011948
-0.356964
-0.594424
-0.608753
-0.673209
1.021031
0.601326
-0.627437
0.780841
1.037899
-0.381788
-2.559416
0.826237
0.182223
-0.844619
-0.719683
-1.141186
-0.232845
0.822010
-0.522588
-0.402598
-0.562307
-0.919693
-0.459566
0.167219
-0.124216
-1.003684
0.637371
-0.013548
0.113335
1.008075
0.510872
-0.424410
-0.122230
1.569940
-0.308862
-0.558937
0.910745
-0.674363
-0.404698
0.067215
0.542945
0.429769
-0.165039
-0.093658
-0.405751
-0.065059
0.378877
0.590033
0.755582
1.321942
-0.100304
-0.005044
-0.659552
-0.684420
1.215028
0.211409
0.621830
-0.424165
0.265534
0.913462
0.045755
-0.355301
-0.715424
-0.328180
1.807011
0.269923
0.631237
0.888050
1.287370
1.337492
2.229428
1.758093
0.509794
-1.107134
-0.382473
-0.840382
0.066614
-0.254811
1.877001
-0.431400
0.215710
0.963355
0.369804
0.256798
-1.398048
-0.260976
-0.204983
0.557142
-0.049344
-0.562054
0.516506
1.236499
1.944097
-0.397859
0.288279
0.479406
-0.040896
0.504229
-1.183788
-0.920036
-0.997897
-0.307362
-0.665767
-0.387371
-1.646627
-0.441004
-0.409377
1.139175
-0.904595
-0.060044
-0.075810
0.806963
1.211509
0.388637
-0.649789
-0.041458
1.756487
0.849385
-1.018738
-1.244937
-1.012570
0.264860
0.002940
0.088689
0.979264
-0.202362
-0.749759
0.558740
-0.729392
-1.365508
-0.563868
-0.156853
-0.297404
-0.805386
-0.026288
0.811631
0.414780
0.459864
0.377252
-0.335866
-0.358973
0.466366
-2.350326
-0.534632
0.040691
1.872692
-1.678181
0.348834
-0.247020
-0.497582
1.197196
0.376001
-1.480095
-0.956313
-0.296874
0.068906
0.895234
1.718147
-0.686791
-0.941408
0.118886
-0.634971
0.067750
-0.366915
0.352965
1.458713
-1.178600
-0.763366
-0.022212
1.113530
0.772679
1.285567
-0.506270
-0.861234
-0.254448
-0.447977
0.875617
0.876432
-1.096493
0.780598
-0.552364
-0.798000
-0.923935
-0.271822
-0.727231
0.476734
0.809310
0.440391
-1.470580
-0.970517
0.544578
1.165262
0.072407
-1.276234
0.426502
-1.039626
-1.312995
-1.593118
1.741181
-1.078018
1.249580
-2.639414
-0.310016
-1.419020
0.190373
-2.069755
0.600118
1.349422
1.620702
0.696420
-0.123579
1.474285
-0.025422
0.888202
1.064081
-0.982052
1.095759
-0.479383
0.371199
-0.480125
0.335143
-0.434774
-0.447040
1.416697
-0.508071
-0.934631
-0.935305
-1.121954
1.478572
1.347735
-0.014690
-0.560206
-0.807673
1.251018
2.112631
0.420695
-0.406320
-0.203034
0.019420
1.133643
0.684536
0.472576
0.353190
1.874784
-0.048218
-0.798279
0.747154
0.434821
0.111576
0.101830
-1.477841
0.386721
-0.761764
0.416110
-1.381185
0.578130
0.295897
-0.331267
0.244656
-0.480584
0.168849
-0.996966
0.671926
-0.973727
1.715816
1.012748
-1.199403
-0.026013
-0.393034
-1.797134
0.814026
0.025768
0.317920
-1.866841
-0.367133
0.482271
-0.265379
1.464387
-1.018970
-0.497609
0.140278
1.262211
-1.218550
-0.394821
0.298410
-0.511199
-0.250875
1.518171
-0.468045
-0.939522
0.731301
-0.832794
0.354829
0.058868
-0.427028
-0.846002
-0.584580
-1.684872
0.203730
-0.620718
-0.206181
1.587921
0.154922
-0.690822
1.404960
0.730175
0.275265
-0.092049
-0.756773
0.706856
1.960361
-0.410066
1.848870
1.701754
-0.027343
-0.965757
0.860820
0.229124
0.919576
0.105355
-0.911914
0.371229
1.083688
2.682273
-0.880053
0.143908
0.790174
1.467841
1.002919
0.536641
0.599165
0.474766
-0.235910
-0.023709
0.365782
-0.792224
1.011677
0.020059
-0.040939
-2.378275
1.977707
0.110192
-0.979852
-0.875855
1.905860
-1.183813
-0.340782
0.903160
-0.234960
0.976454
1.197358
-1.368646
0.970184
1.874368
-0.834759
-1.762663
0.212559
-0.697560
-1.154567
0.451516
-0.364507
1.076650
2.193885
-1.071986
-2.644831
-0.940428
0.088206
1.652830
0.151196
-0.408044
-0.597519
0.023670
-0.601438
0.756291
-0.089925
0.595439
-1.424755
-0.314495
1.424565
-0.685774
-1.187571
1.384220
0.885412
-0.085171
0.912971
-1.138690
0.766958
-0.141581
-2.362115
-0.679492
-1.764462
-1.233858
0.070288
-1.078144
2.592811
0.227565
0.806944
0.430927
0.069902
-1.528196
0.373300
-0.331150
0.691846
0.183061
0.069867
0.483760
-1.111298
-0.171062
0.006376
0.346344
-0.384926
-0.620152
0.887951
-0.309974
1.808656
-0.058681
0.921396
0.328879
0.529039
0.141290
-0.541188
-1.547462
-1.293439
-0.731268
-0.735283
0.941497
-0.347026
-0.994486
0.809258
1.280469
-0.536903
-0.237818
-0.635632
2.214395
0.250340
0.533472
1.224099
0.718616
1.076242
-0.438773
1.253776
-1.218753
1.287273
-1.674619
-0.183085
-0.471465
-0.355699
0.448758
2.090640
0.649331
0.622754
-0.036484
-1.843525
-0.229008
0.872539
-1.373230
0.402284
-1.047645
-0.473384
-1.141505
-0.864184
-0.222590
-0.035576
-0.191636
0.504536
-0.471939
0.478457
1.694179
-0.158220
-1.009044
-0.244291
0.239130
-0.275414
0.030243
-0.393269
-1.388473
1.454783
0.523458
-0.177136
1.527161
-1.086936
0.037193
-0.777242
-2.273605
1.053775
-0.435699
-0.492167
0.300955
-1.405447
-0.963520
-1.739042
-0.261574
0.733869
-0.860274
-3.166515
0.620347
-0.387324
1.129949
-0.040862
-0.347411
1.482351
-2.889941
0.008583
1.217110
-1.143690
-1.711217
0.361812
0.547469
-0.245266
0.813336
-1.629455
1.719239
-0.233594
-0.839183
0.360843
-0.324905
0.331959
0.017161
-1.666294
-0.488917
-0.022430
-0.054298
0.307529
-1.004112
-0.156243
0.281781
-1.640929
1.218498
-0.860162
0.752713
0.109417
-0.606527
1.493926
-0.130252
-0.656260
0.599081
0.351347
0.923171
1.374698
0.654367
-1.366671
0.427647
0.852440
0.080293
-0.574115
1.464846
0.060663
-0.506149
-0.616604
1.761861
-2.001984
-0.120660
0.892025
-1.044268
0.795566
-0.138791
1.078359
0.471561
1.366524
0.575430
0.378470
0.746932
-0.672375
-1.050219
0.684695
2.140521
-0.899142
-0.196123
-1.476032
-1.926077
0.768291
-1.052105
-0.827086
0.337502
0.542965
0.743400
0.817967
-0.931608
1.598304
-0.240175
0.063395
1.215580
-1.349871
-0.851789
-1.200779
0.340202
0.045524
0.826406
-0.530385
0.852971
2.491279
-0.619732
1.832992
0.678563
-0.765036
0.250887
0.754291
-0.003181
-0.981396
1.254401
1.210144
-2.644930
0.349294
-0.298224
0.158387
-0.545968
-0.372360
0.514577
1.071227
-0.309524
1.115328
-0.346318
-0.071767
0.414931
-0.100357
-1.117394
-0.942447
0.125137
-0.689007
-0.630972
1.222835
0.665223
1.758855
-0.286678
0.250957
-0.205016
-1.569811
1.840247
-0.927642
-0.575935
0.233758
-0.482747
-0.275435
0.741270
-0.608858
-2.002592
-2.157360
0.024102
0.444888
0.489730
0.931521
-0.259658
-1.296858
-0.031121
0.265905
-1.449314
0.824454
0.610134
-1.277687
-0.318373
-0.230934
0.405343
0.609780
0.011197
1.349562
0.065762
-0.838117
0.757548
0.010985
-0.842015
0.814917
-0.477586
-0.079757
0.272702
-1.832699
-0.576458
1.832010
-0.234079
2.234268
-0.495327
-0.645805
0.952271
-0.375033
0.762829
0.549845
-0.527011
-1.250325
0.254022
-0.350578
0.605696
0.558012
-0.820810
1.316913
-2.326786
-0.806733
-0.667242
0.561910
2.384847
-1.081725
0.690209
0.443227
0.202245
0.315541
0.364142
-0.646949
-1.273449
-0.427921
0.016395
-0.147622
-0.181729
0.693971
2.377122
2.069175
2.613290
0.658361
0.059930
0.362275
0.239239
0.669279
-1.452305
-1.590080
1.877069
0.116683
-0.990322
0.054831
1.584142
-0.516100
1.118752
2.275618
1.672120
1.860563
1.044338
-0.047416
0.425951
-1.116612
0.392089
-0.713827
-0.427987
-0.018532
-0.329053
-0.422132
-0.340234
0.707064
-1.740658
0.510524
-0.790837
1.916072
1.135684
2.544093
-0.746600
-1.046916
-0.475121
0.892262
0.444109
-0.372542
-0.790810
-0.486884
0.790147
-0.666156
1.053478
0.093449
-0.418176
-0.253266
1.128428
-1.415762
-0.832826
-0.324101
0.355835
0.242665
-1.474239
-0.454223
-0.515681
0.122435
-1.534433
