-1.031114
-0.045083
-1.008944
-1.306582
1.314365
-0.052059
-0.321977
2.412093
-0.351852
-0.531569
-0.905215
0.160067
2.008894
-0.507083
-0.626288
0.949217
-0.646054
-0.233756
2.064042
-0.351510
-2.269883
-0.412990
1.222977
0.091631
1.111584
0.879410
-0.536927
1.607433
1.005045
0.985842
-0.638868
-0.219529
-1.043880
-1.907790
-0.522944
-0.256645
-1.313187
-1.245997
-0.508374
-1.514318
0.296227
-0.409707
0.551267
0.786336
-1.798389
-0.084016
-0.849649
0.010463
-0.625776
-1.349397
1.141124
-2.577860
0.338995
-1.336627
0.738509
1.907411
-0.633131
-1.001761
-1.095560
0.546399
-0.207562
-0.232129
1.360098
-2.811147
-1.133022
0.049242
-2.233044
-0.718406
-0.894396
-1.036516
0.659975
-0.204185
-0.978322
0.658911
0.423544
0.622201
0.208021
-0.705278
0.760167
0.985169
-0.270389
0.318899
-0.171257
-0.600003
1.149736
-0.037021
0.104257
-0.563935
-0.625606
-0.414322
-0.873017
-1.705015
0.053593
-0.835347
-0.822830
0.547754
0.748703
0.216807
0.365706
0.311906
0.121622
-0.690101
-1.573033
2.245000
0.043051
0.118280
0.283349
0.313472
-1.546140
1.037367
1.325933
-1.712697
-0.953162
-1.824355
0.717153
0.298371
-1.260606
0.627035
0.802385
0.414087
1.695470
-0.205826
-2.783101
0.899654
0.533426
1.261102
-2.418912
-0.961403
0.549731
-1.574227
0.137517
0.966419
0.889607
-1.155747
-1.961079
0.419871
-0.157042
0.030809
-1.291639
-1.095842
0.924279
0.057571
-0.391678
-1.224734
-0.464440
0.318242
0.271521
-0.466475
-1.451750
0.529728
0.340309
0.260180
-1.435746
0.521366
0.284062
-1.635257
1.436906
-0.317288
0.567581
-0.730398
0.442401
0.931073
-0.661601
0.856453
-1.219673
-0.330714
-0.143235
-0.514507
-2.268804
0.448756
0.605288
1.317444
-0.430899
0.615170
0.423829
-1.086622
0.350372
-2.392974
-0.566727
0.724051
-0.495003
-0.001278
1.075526
-0.769766
-0.089444
-1.254935
-1.381535
1.220765
-0.062326
-0.914809
0.343043
0.756068
-1.004375
-0.093371
0.824441
-1.413676
1.870310
0.772602
-2.330422
0.108238
1.473856
1.291628
0.627773
-0.788599
1.363939
0.955515
1.174206
-0.508844
-0.745833
1.351131
-0.218121
-0.812264
-0.579322
1.022759
-1.439724
-0.184545
-0.940249
0.486033
0.487026
0.357660
-0.326888
0.894543
-0.589103
0.480405
0.527256
0.410340
0.442090
-0.564020
1.118939
0.337387
1.972574
-0.416074
0.863362
0.243966
1.195355
-1.642132
0.402648
-0.868637
-1.629807
-0.321349
0.478633
0.508061
0.171790
-1.486032
-0.083954
1.534704
-0.296585
-1.096458
-0.999828
-1.078034
0.820774
-0.787997
-1.383741
0.042603
1.761783
-0.001590
2.223593
-0.703293
-0.469045
-0.602078
1.248507
0.176167
0.275477
0.440787
0.235486
0.457494
-0.087322
-0.420240
-0.489999
0.828709
0.914629
-1.719220
-1.023989
0.046005
0.049649
1.132759
-0.526394
-0.111096
-1.979938
-0.932721
0.884112
-2.136587
-1.341254
1.133047
1.033993
0.075476
0.317218
0.605373
0.196025
0.143750
-1.098065
0.373442
-0.002017
-0.220261
0.212349
-0.830796
-0.251596
0.407544
-0.006115
0.066933
-0.497410
0.945716
0.796010
-1.530230
0.457544
-1.262702
1.311386
-0.479538
-0.399236
0.078561
1.769256
-1.603142
0.741398
-1.094978
0.064201
-0.082179
1.831997
-0.338764
0.256829
0.259635
0.112171
-1.089471
-0.070982
0.169216
-0.300613
0.840206
-0.742363
0.366752
-1.054057
-0.189698
1.496201
-1.481851
0.070262
-0.977273
-1.488215
-0.936126
-0.024441
-0.037838
-0.841838
-0.636604
-0.217394
0.614748
0.875986
0.127986
-1.432466
0.317894
-0.524911
1.809726
1.104507
-0.729076
-0.289258
1.404367
-2.416402
0.123568
1.918591
0.201807
0.587100
-1.419117
0.710173
0.595571
-0.335376
-0.933377
-0.415612
0.740605
-1.607650
-0.493345
0.220083
0.926640
-0.820672
-1.166805
0.182426
-0.131624
2.352411
0.100626
0.712795
0.934156
1.293930
-0.425010
-0.695860
0.011349
0.197783
1.628088
0.676040
0.670928
0.287726
-0.442390
1.402003
-0.573507
-1.030904
0.712557
0.098925
1.146790
1.271286
-0.535231
-0.636142
1.260467
0.789707
0.629025
0.709937
-0.036458
-0.258687
0.022514
-1.514960
0.331415
0.251762
1.839041
-0.223479
2.011368
2.069247
15.063771
14.013148
15.995941
14.616824
14.447923
14.262644
15.517263
14.748539
16.214252
14.325108
14.079127
13.424666
14.315467
14.842379
14.400747
15.293477
14.977111
13.631592
15.476067
13.895805
14.150668
14.829098
15.593057
16.498873
15.905058
14.494335
12.720115
13.699234
16.674888
14.867692
15.416041
13.064930
15.477242
14.452567
13.096547
13.693901
13.644780
13.709175
14.700157
13.873304
14.188033
14.994976
15.143521
16.809582
15.771112
12.730203
15.467366
14.033666
14.013059
13.859142
14.826365
14.647886
13.641942
13.613298
12.596781
14.937530
12.538619
14.493799
13.244174
18.420503
14.174395
14.174188
15.388588
16.396703
15.162865
14.389753
13.832256
14.447219
14.023425
14.288607
13.653592
14.464327
13.619807
15.908850
12.924095
13.898983
16.367707
14.036329
15.733974
13.796793
16.851121
15.143548
14.849106
13.354155
16.096536
12.834871
15.136186
15.229242
14.979136
11.856115
14.551047
14.786235
14.515355
12.938541
13.462391
13.849664
15.471323
15.762678
14.776765
13.830131
15.191002
15.103932
14.151156
14.742512
14.717311
16.239937
14.054812
15.645977
14.370905
15.591324
15.153260
13.406539
15.487808
14.694405
15.499467
15.417211
14.777861
14.481301
15.921987
13.997052
15.460849
13.204434
16.617609
-3.896950
-4.624181
-3.391533
-2.880048
-3.705662
-4.017372
-3.343893
-4.438667
-3.309302
-2.995377
-3.434409
-3.856884
-4.071352
-2.816303
-4.052103
-4.398595
-2.222189
-2.965909
-3.190224
-4.205162
-4.305396
-4.440681
-4.132330
-2.794172
-2.244224
-0.706114
-3.199142
-1.935160
-3.319454
-1.618655
-3.584793
-3.108890
-2.304038
-2.627720
-3.554983
-5.093257
-4.719324
-2.921779
-3.715101
-3.559499
-3.308758
-4.067732
-4.727376
-3.604500
-4.382675
-3.279737
-3.097131
-4.284129
-3.258001
-2.388830
-2.683732
-2.974336
-4.528133
-4.693105
-3.077201
-6.505661
-6.450414
-5.317438
-4.894097
-3.000615
-5.155680
-4.580581
-3.176674
-1.663842
-2.316239
-2.938360
-4.670816
-2.523738
-2.635166
-2.960936
-4.294667
-4.694397
-4.772900
-4.299234
-3.224948
-5.978155
-3.736288
-4.128576
-2.039779
-1.981602
-3.501377
-2.007132
7.556735
6.300446
6.821809
7.235256
6.080137
8.416772
7.939117
8.086223
5.775391
8.203247
5.947127
6.563350
7.145338
7.226757
7.820764
9.036112
6.828037
6.477446
8.462874
6.304669
8.005650
6.159841
10.774062
6.371446
7.934808
9.716956
7.538877
6.367136
6.974936
9.073664
7.254620
7.124384
10.174862
9.158214
6.275011
6.688337
6.397842
8.285075
7.090479
6.085857
6.628529
7.410109
9.261395
8.335774
8.377222
7.701148
7.326348
7.696683
5.712139
6.461348
6.746839
8.232391
7.655605
8.065458
7.174516
6.918638
8.407448
7.172938
8.942809
6.921403
6.600156
7.695465
8.736795
9.063889
7.723360
7.425860
6.901931
7.205073
5.288947
6.738946
8.315892
7.167355
7.700131
8.142489
7.287523
6.505725
6.517336
7.223690
9.191903
7.822323
8.054984
6.510398
7.573600
8.592085
7.793411
6.500679
5.926745
8.569020
7.517341
6.085078
6.662638
7.194782
7.383340
6.476646
6.298557
7.086647
6.973656
5.982619
6.985288
8.071398
7.524054
7.349032
5.594681
8.562610
7.555685
7.724623
7.946013
7.806295
8.894316
6.762250
7.421926
8.992539
6.257812
7.197737
6.265412
7.319961
6.398029
7.084727
6.890386
7.760305
6.931425
6.802400
6.979145
8.522794
7.022216
7.584048
8.407564
7.737411
5.923409
7.931065
7.744251
8.052343
6.821433
8.141664
8.725043
9.517731
7.394286
7.986877
8.875861
8.066133
8.028422
5.914451
7.690211
5.877733
8.347598
7.677714
6.536890
8.247866
5.800295
6.035352
7.126556
6.652927
7.189253
7.920286
7.370217
9.389608
7.370356
5.977425
8.030621
9.084123
6.357260
8.867442
6.177209
7.116076
5.854821
8.497247
7.719281
7.272954
6.239392
8.236118
6.626182
7.113016
8.678279
9.021444
6.717776
6.680237
5.975498
7.243005
8.134205
9.463350
7.204246
6.960493
7.425350
8.580464
6.005852
5.936674
8.573153
6.374408
7.146150
6.785287
8.012396
7.966091
7.339124
6.054734
8.369823
7.502522
6.667207
6.089351
7.156518
6.538253
7.341667
7.004443
8.035877
9.073238
6.489527
5.687179
10.492789
7.302570
7.732951
7.545186
8.453603
7.074701
8.117474
7.794733
7.857190
7.485424
6.075519
6.436724
6.379731
6.415805
8.119879
5.391155
6.878413
7.206657
7.651561
6.756311
7.802365
7.389643
6.012305
6.720475
6.429287
8.792670
9.345804
8.069010
7.308595
7.758170
7.785466
6.737082
7.593131
8.110293
6.660346
6.299650
7.178894
6.773474
8.255328
8.694763
6.045831
6.575688
9.436218
8.007627
6.182025
7.918168
7.915624
9.110842
6.971359
7.789897
6.101864
7.368609
9.312703
4.723987
8.273328
7.338595
5.720996
6.673263
7.321877
5.970035
6.780053
8.545519
7.297640
9.102193
7.904696
8.911403
8.623964
6.263309
7.422201
5.621284
7.526797
9.395709
8.184153
7.051923
8.815653
7.299619
6.462982
6.285011
6.429638
6.607373
7.749477
6.292011
7.101092
8.249597
7.206219
7.195173
6.047592
8.477060
5.877838
7.350432
8.973909
7.383952
8.276636
7.923091
7.919781
7.417074
6.396494
6.869332
6.459068
7.281334
6.623884
6.696547
7.779432
7.441508
7.131901
7.930815
7.162462
7.884173
7.408867
8.297791
11.326257
8.474812
7.142169
7.939576
7.095685
8.036820
6.997616
7.333458
7.366512
7.992943
8.420205
7.041964
-6.840885
-8.059625
-5.542971
-6.312573
-6.156028
-7.658663
-8.858308
-7.578273
-7.435391
-6.653359
-9.919633
-7.570366
-7.364272
-7.894287
-9.530704
-8.216593
-6.464857
-8.489609
-5.932083
-7.747593
-6.274340
-7.551378
-8.369261
-6.466494
-6.834367
-8.470148
-7.801134
-6.723478
-6.230575
-7.750113
-7.361662
-8.406750
-8.723219
-7.782001
-7.760215
-7.054141
-6.233525
-7.226336
-7.411978
-6.871114
-6.125005
-8.912827
-8.073891
-8.451061
-6.893067
-5.612375
-8.635547
-8.597076
-9.412467
-6.655802
-5.249854
-6.409326
-9.893331
-8.074755
-6.774034
-8.932624
-6.972013
-7.194451
-6.884980
-7.744508
-7.650296
-8.716923
-7.150435
-6.706184
-6.691858
-5.277385
-5.342581
-8.507944
-7.467638
-6.025470
-7.743202
-8.294778
-7.096785
-6.828025
-5.083029
-7.462821
-7.316708
-8.550155
-7.666924
-6.625373
-8.589515
1.595649
10.466365
12.396649
12.485286
10.377342
10.206425
8.546714
12.520411
10.143850
11.276650
12.461063
11.218858
11.333794
10.646376
9.911540
10.536921
10.492098
11.189945
11.972053
11.434314
9.270276
13.289073
10.939768
11.564365
11.813575
10.677948
11.850327
12.018955
10.689694
10.463233
9.671078
12.402405
13.041516
12.817267
11.593904
11.822976
11.225528
10.182477
9.603569
11.843684
9.850915
11.706731
10.416592
10.490052
11.175757
12.572609
11.315052
10.496580
10.877665
10.512372
10.655293
9.504421
9.773725
13.072224
10.105394
11.102347
12.500074
13.034788
10.442634
11.170860
9.651501
11.464129
10.691321
9.700734
11.905402
10.371516
9.121099
12.047553
12.131876
11.127750
11.345603
11.781052
10.481032
11.882239
10.619456
10.841764
12.102466
11.044826
12.405669
12.391896
11.704752
12.357562
10.611628
10.426938
12.056327
11.926112
11.206169
11.515485
10.478225
12.652157
10.040871
11.587733
10.290506
11.287621
11.025439
11.356019
9.686573
11.620525
10.414862
12.136289
10.839680
9.816884
11.490408
9.830322
11.092516
10.879195
11.232271
9.631370
9.507451
12.215229
9.839429
13.190635
10.117756
11.022929
11.006727
11.155851
11.923529
10.225288
10.438796
10.986695
11.976049
10.339348
12.535907
12.930281
11.969565
11.864498
12.185577
10.424011
11.608819
10.561073
11.098599
12.470537
11.862066
8.611679
11.234642
11.227325
11.123479
12.759678
11.415800
11.971262
9.971537
10.208708
10.440526
10.191766
12.703834
11.017711
10.183492
9.975556
11.291105
10.054132
11.471062
12.288523
9.945114
10.354894
11.525288
12.295569
9.103786
9.539855
11.640064
10.945877
11.488116
13.141743
11.256049
11.042382
11.269935
10.107260
10.317903
12.012233
12.841785
11.822864
10.941756
11.133468
10.251264
10.421204
10.124835
11.721327
10.472121
11.863453
11.127104
9.345642
11.093750
10.634795
11.642298
11.766178
7.298547
8.307250
11.894660
11.751502
9.342521
11.639892
11.788804
10.787830
10.155937
11.066210
10.420767
9.982053
9.570141
10.626881
10.276950
13.199616
11.888147
11.996117
11.653703
9.612143
12.502401
13.250876
12.240488
12.372328
10.743319
11.882927
11.594977
11.956223
11.096480
9.437547
11.010660
10.295326
10.639933
10.774869
10.341057
11.200838
12.145721
11.895571
11.898029
10.897025
10.399829
11.803417
10.880725
8.309421
11.744870
10.850364
9.547866
10.750516
11.391937
11.566613
11.411843
10.285443
11.081900
9.128997
10.861591
9.548566
11.032197
10.193477
11.633443
11.825309
10.059546
10.187231
9.995964
10.767964
11.604680
9.241843
11.558199
11.528698
10.867093
11.571197
11.622160
10.378590
12.782537
9.425548
11.679058
12.053179
10.231253
10.739529
9.772912
11.405331
9.806513
11.782386
8.866541
11.428317
9.341008
10.572206
10.631748
12.460884
10.181483
10.763543
11.079212
10.728074
10.388633
13.619289
11.823564
11.451812
10.730783
9.755203
11.240249
11.875295
12.395492
10.590790
10.206520
10.294389
10.172165
10.188479
11.649454
12.228116
9.444197
8.753968
11.238450
12.866712
13.184454
11.100522
11.578550
12.053754
11.954832
9.858994
12.327705
11.094159
11.194486
10.559219
10.104127
10.449472
11.630863
9.186824
9.973089
10.425811
12.555625
11.062552
9.797650
10.407137
10.565367
13.503495
10.674172
11.047381
9.733117
9.099869
9.769134
9.553490
8.835692
11.747341
11.752382
9.189224
10.310557
9.618975
10.694636
11.292188
10.655107
10.838337
11.743382
11.341099
11.553095
10.786192
11.786421
9.234902
10.398396
11.848549
10.900456
12.188777
11.471402
10.849059
11.149486
10.999545
10.589858
10.892547
11.217868
10.628150
10.986882
11.149797
12.062846
11.247114
11.640824
11.675783
11.298877
12.150590
12.013052
10.817214
9.804676
12.014945
12.048990
11.920719
9.084132
10.909623
10.340312
10.638398
11.814892
11.627752
10.729945
11.010909
11.060615
10.850976
12.506288
12.204898
10.817833
11.267960
11.995319
10.221629
11.831100
10.290941
10.488284
10.884556
9.814303
12.470234
11.626620
11.745008
12.309181
10.751682
10.450392
9.250763
11.950707
10.777208
11.017019
9.771360
10.035872
11.183583
12.066808
10.992462
10.412478
10.279280
11.481825
10.026576
10.392940
11.573217
11.826963
10.169198
11.399256
11.366805
13.168726
10.669178
12.453269
10.896894
10.600902
10.407168
10.712190
10.720893
11.370334
11.771658
12.061825
9.921018
12.834391
12.202177
11.785649
10.497704
9.737724
10.838297
11.158786
11.217645
10.303161
9.221076
11.179047
9.586651
10.954889
9.594769
10.430805
11.046863
9.995810
10.741133
11.381597
11.886657
8.181429
10.723438
10.749211
10.728714
9.849454
11.371687
9.728580
11.269035
10.821288
11.543556
10.460079
12.394547
10.318740
11.826210
11.081883
11.398442
12.348133
12.727666
11.449503
11.124612
11.464317
12.086109
11.091978
10.566692
11.571564
11.876982
11.325063
9.872631
12.306277
11.377192
11.063502
13.468889
9.869920
12.336047
10.691265
11.990765
9.954462
12.056959
10.443050
10.299973
11.458041
9.897886
11.234612
10.733858
10.992204
12.532942
12.336216
11.356525
10.669626
9.989382
11.240052
11.727050
10.346527
10.916400
12.570932
10.880599
11.135661
10.202612
11.687302
11.186083
9.808031
12.201685
10.734132
12.398577
12.724826
11.659971
11.589030
10.471388
9.347558
11.797978
8.754833
12.755998
9.016373
11.151276
11.258632
10.696010
11.013643
9.257427
10.428062
10.988475
10.008007
12.928621
11.614271
8.929879
10.144107
9.259347
10.402848
9.700207
11.094752
10.636665
9.849952
10.550997
9.925068
10.618817
11.654920
10.779348
10.002750
12.017547
12.838831
11.266035
13.433104
10.919433
10.770705
11.592299
9.876063
10.732555
10.376798
11.226643
9.804689
13.036470
12.426433
10.577249
11.285387
11.113827
8.504364
11.622330
10.963098
12.399740
12.398166
10.222058
10.170778
10.375640
11.167750
9.937114
10.414768
11.581965
11.963287
10.214303
11.386808
10.161095
10.829939
11.506774
10.832353
10.130930
12.410971
11.788287
10.763257
10.901958
11.735336
10.755369
11.369983
9.561143
10.956404
11.223764
9.249618
9.463765
10.998439
10.007527
10.673366
10.736163
10.591842
11.009900
12.573489
9.352613
9.613448
12.613888
12.473050
10.243052
9.754860
10.971870
11.685598
9.237427
11.314105
12.662488
11.382951
10.371448
10.047608
10.878510
10.383756
10.785999
10.874924
-3.235985
-2.902317
-3.853068
-4.173025
-4.291781
-3.417432
-5.270231
-4.144661
-5.360129
-3.803254
-3.900125
-5.988056
-5.120875
-6.406363
-4.135868
-5.557082
-3.659697
-3.589687
-3.359462
-4.289471
-4.927315
-4.421208
-5.626901
-5.537643
-4.938172
-2.989255
-4.211829
-3.980655
-4.492406
-3.600480
-4.140326
-5.047214
-3.971104
-5.071286
-4.815513
-2.772794
-4.605396
-4.527234
-6.037341
-3.213508
-5.283565
-3.411003
-4.408943
-4.604834
-4.156991
-4.669144
-2.628325
-3.003592
-5.066986
-5.766156
-2.036855
-3.504338
-5.008567
-4.766685
-5.213854
-2.361043
-5.280609
-4.029892
-5.613773
-6.247660
-4.120969
-4.514941
-3.857257
-4.872141
-3.464155
-5.198781
-4.051799
-4.476925
-4.845364
-5.067718
-3.479139
-3.751269
-5.701950
-3.618914
-5.000280
-4.608438
-2.416132
-4.420686
-4.436826
-2.252721
-4.389584
-4.964147
-6.713675
-2.526355
-3.781563
-3.910913
-5.728521
-6.166510
-3.435944
-5.119201
-4.856319
-4.170019
-4.831539
-5.843403
-5.227326
-2.330091
-5.046599
-5.015846
-5.093149
-4.273422
-4.856416
-3.104431
-4.517953
-4.310203
-6.060806
-6.637403
-4.768137
-3.615138
-4.468091
-5.934226
-3.841221
-4.124655
-3.637033
-3.050634
-4.450370
-4.698415
-4.111771
-3.118756
-4.497529
-3.943325
-5.543475
-3.655797
-4.073422
-4.233512
-3.001823
-5.325543
-5.508266
-5.038542
-2.989716
-4.120780
-1.858839
-3.654313
-3.014372
-3.780534
-5.630870
-2.669385
-3.595439
-3.483920
-3.631976
-4.542014
-5.381029
-4.879040
-3.959188
-3.868394
-5.949578
-4.347731
-5.223093
-5.519355
-4.465970
-5.101314
-4.546812
-5.309841
-4.002188
-7.512004
-3.966605
-5.282814
-4.083833
-2.926747
-2.256741
-3.365544
-5.308698
-3.147622
-4.002497
-5.435064
2.461705
1.724252
1.377747
3.842456
2.241587
3.386751
1.581476
3.271289
2.710327
2.497310
2.695544
0.315279
2.720131
2.659283
2.536054
3.376002
3.254390
3.444528
3.954337
3.256200
3.542470
4.264578
3.150264
4.521091
5.193428
2.999626
4.823758
3.928396
2.664993
3.096585
3.866846
3.163128
2.603908
4.055116
2.768164
3.591414
4.997553
2.615919
5.667589
3.413251
2.994161
4.466104
1.178867
2.925662
4.269846
3.663907
3.304221
3.903929
1.952090
3.730273
4.985086
4.375911
1.256116
2.651283
2.925313
2.632210
3.381835
2.546913
2.695642
3.700109
3.386648
2.549445
2.906303
2.595256
2.282455
3.624228
4.052205
2.587366
4.040500
3.833014
3.226236
3.069170
6.570294
3.937264
4.830714
3.129331
3.636609
2.683254
3.983890
1.039460
2.271175
5.874752
3.029307
1.850333
5.279498
2.940893
3.172485
2.881786
2.106928
2.864851
3.200696
3.744394
4.030238
1.936280
3.255766
1.806598
4.086466
2.414856
4.377140
3.853442
1.594960
2.653547
3.029652
4.635101
3.680426
4.052906
3.584220
1.411451
2.739161
3.877450
4.029918
2.794257
3.139151
4.118054
3.591204
2.698613
4.442253
2.989283
2.388493
5.076684
2.393309
4.878725
3.848380
5.037061
2.181755
3.243246
2.965603
4.786596
3.776349
3.141805
3.936881
3.588364
4.360433
2.819412
3.764681
1.672939
2.270085
2.889349
4.596282
3.621320
3.695659
3.475181
1.628834
6.032008
1.632396
3.047536
2.979763
1.937961
5.070809
5.640129
5.627714
1.402241
2.846355
1.704964
2.946939
4.954057
1.988268
2.609124
2.136258
2.836520
3.570512
4.462490
2.666340
3.877779
5.396509
3.764393
4.427313
4.307416
2.262015
2.658668
3.466118
4.015955
4.131909
4.649487
3.851811
3.350022
2.428388
3.154705
3.412492
3.697420
2.336778
3.203211
3.840035
3.682423
4.677310
4.891281
1.747385
3.504401
1.985323
3.693844
2.859550
3.168398
2.708316
3.672300
2.340529
3.721821
2.386039
3.600320
2.664111
2.117288
3.636379
3.711651
5.293497
2.759934
5.396344
2.926431
4.039319
5.150277
3.885227
4.900358
1.903242
3.098924
3.425957
2.997957
3.694801
3.541720
3.195584
3.841820
2.859357
4.027273
4.943554
3.727945
2.358939
2.455757
3.519855
2.618776
3.092336
2.141052
4.484865
3.111086
2.757458
2.359894
2.115493
2.751094
3.712273
2.805467
2.369724
2.852636
3.143745
3.097402
3.478388
4.318042
2.203478
1.880236
3.223824
2.215927
3.466172
2.972327
2.724710
2.901765
5.242154
2.728632
3.800341
2.479940
3.811053
4.620843
3.150238
2.452266
3.666086
3.324294
3.333666
2.649595
3.407813
3.609995
4.030018
4.282587
1.957830
1.913433
4.142649
2.733446
4.749038
4.586779
4.895366
4.082862
1.291055
2.290030
3.174894
1.170919
3.186740
2.716897
2.937577
2.735878
3.350945
3.067950
2.121012
3.905213
3.328907
4.169734
3.141451
5.063735
2.610869
1.711079
3.293562
2.378861
4.189895
3.202929
1.883974
5.199537
3.931567
2.895564
4.738128
0.623913
2.778229
3.184660
3.756375
3.326843
6.329410
3.591681
4.111748
3.461719
1.974389
1.893524
2.905009
4.035907
1.190398
4.171773
3.828956
4.062955
4.570697
3.110674
2.182159
3.996843
1.886687
3.276777
3.859582
2.345565
3.639114
3.540142
2.123770
3.811322
3.098167
2.521211
4.859539
3.448585
4.627215
2.544233
2.601342
3.686472
3.698615
3.354655
1.540911
4.547823
4.214157
2.972765
2.247304
3.521435
2.299162
5.325857
0.516872
1.769008
2.588967
2.564352
3.010854
4.329068
3.390489
3.501497
3.908164
3.688229
2.487345
1.780513
2.686767
2.869829
2.968468
3.751213
0.911379
3.744988
2.397733
3.910575
4.297131
2.257339
1.589682
4.294922
1.955799
4.524488
3.301552
2.741681
3.001547
4.418188
3.187121
3.893007
2.099239
4.577507
3.465534
4.824584
3.266798
3.591645
3.265235
1.802891
4.288645
3.800663
3.312870
3.887393
1.620739
2.001115
5.269337
3.485581
3.075739
2.334313
3.393924
0.156911
3.964642
2.187710
3.782690
4.423130
4.048903
3.016104
3.624445
3.585882
5.070987
5.206619
3.381351
3.171634
2.131408
3.790961
2.570995
3.722185
4.167153
3.163136
2.529557
2.134137
3.852610
3.450466
3.615988
4.646929
2.922880
3.604674
3.027864
2.649533
1.165898
4.168991
3.867907
2.847736
3.694022
4.323533
3.259248
4.328831
2.705204
4.143246
3.450415
2.169418
3.219286
3.356969
4.968293
3.209428
3.049125
3.157506
2.088408
5.647687
3.459981
3.361991
3.771591
3.166728
4.026327
2.543479
4.782281
4.731331
3.772642
2.540768
3.440806
3.473032
2.700597
2.821624
3.480325
3.377869
3.710808
3.647515
2.569668
3.182809
3.747174
2.522250
3.404975
1.440153
3.839749
0.564158
2.962157
3.644173
2.305913
3.708144
4.563431
3.558888
4.554673
3.027446
3.835434
2.082991
4.767332
4.093099
3.416224
2.515427
2.127189
3.030548
4.048547
5.142052
4.333789
2.215636
4.463629
3.672851
2.918595
4.383363
2.091654
1.106149
3.778601
3.146788
3.893577
1.819571
4.636115
3.903851
3.660982
3.759094
3.590952
4.159794
2.776286
4.455754
3.285206
2.709856
3.776057
0.610474
4.577569
2.685996
4.299864
3.906633
3.758753
1.414139
2.975047
4.192078
4.253427
3.708170
5.026238
2.556282
4.554611
5.286778
4.116363
3.655414
2.991433
1.893345
2.776040
1.656743
3.319647
2.925393
3.208193
1.354284
0.584631
1.302595
3.494433
4.843477
3.645107
2.429987
3.136647
2.124936
3.377593
3.474918
2.702152
2.889664
3.239530
2.857927
3.538605
2.767148
4.491387
5.114313
2.377045
3.451687
1.893091
3.752355
2.561029
4.140546
1.667455
3.081868
4.192710
3.438421
3.346819
5.070594
3.964139
3.812588
4.327400
4.016245
4.800635
4.195399
2.909291
1.147265
4.288412
4.186231
1.742167
2.216932
4.795988
2.703013
2.253861
2.738108
4.986717
5.205195
3.572912
2.321505
4.769784
3.199316
2.526584
4.286565
1.288281
4.864356
4.326490
1.979940
4.705698
2.213966
2.234737
3.187754
4.167785
2.717945
3.152468
2.690560
2.414571
2.393204
3.471821
4.565939
2.214341
3.907152
6.003761
3.011093
3.303652
3.758593
1.689464
2.926951
2.557651
4.113946
2.028591
3.811982
4.472868
4.409535
2.324038
3.531355
2.008112
2.517595
2.265720
2.331223
3.272455
3.090383
2.206926
2.215994
4.593238
4.076166
3.878306
3.337835
4.624436
1.128804
4.301576
2.362461
3.696455
2.787248
3.580606
3.775936
5.610213
3.847931
3.491519
1.866966
3.886171
2.936018
3.727898
2.336622
4.087244
2.924203
3.418813
2.866116
2.632593
4.647244
5.928165
2.432859
2.033869
2.614402
4.154993
2.946136
3.901041
2.886593
4.088203
4.598851
2.415016
3.214151
2.504710
2.929733
2.489320
3.555208
4.150734
3.392164
2.913051
3.189342
3.286918
1.106834
4.078709
3.769821
4.832636
3.254328
3.793426
3.949356
2.562372
3.421381
5.131653
4.081188
4.603509
2.447012
1.794094
2.464169
3.942086
3.491811
2.970397
2.521091
4.318566
3.641460
2.396092
3.498652
3.188410
4.116134
3.111851
5.472379
2.218785
2.006078
3.354020
2.200360
1.203734
3.787291
0.732260
3.111943
5.073438
2.161810
3.100450
1.600729
4.381875
4.813472
2.673447
3.341828
3.427202
3.998654
2.761757
3.210261
3.744742
2.373349
3.589212
2.097926
3.277245
2.760979
3.473948
6.508159
3.821731
3.647888
3.322657
3.980434
3.562280
3.217660
3.965054
3.863026
4.301956
3.481052
3.041210
2.587897
3.905068
3.900477
4.724563
2.612618
4.546859
3.277689
3.954800
3.034057
3.506445
2.986094
3.412139
3.501844
2.247544
4.517001
3.304038
4.290387
2.914308
2.109075
5.182798
2.904823
1.993770
3.591624
2.976628
2.477003
2.840681
3.343481
2.811836
4.345894
3.225584
2.327583
2.262646
2.700104
3.831219
4.358413
2.261027
3.106541
3.188277
2.017954
3.743582
3.304171
4.943940
3.410361
2.886176
4.805327
5.582961
2.626025
2.122334
3.251595
2.580131
4.738765
2.637268
5.155536
2.415868
3.340226
4.064655
4.335230
1.902817
2.454734
2.907339
3.271666
3.312712
3.722703
2.991829
2.319245
2.381826
3.382201
3.739269
5.391885
4.434981
3.086359
2.829465
4.976078
3.899482
4.096707
3.099968
2.744727
2.940474
3.468731
3.105028
2.237573
3.823674
2.616691
5.888433
2.950367
3.142806
3.645086
2.034056
3.679766
3.798524
3.622260
5.115479
2.563270
3.201448
3.912657
2.129738
3.074433
3.004009
4.961988
2.339583
2.776261
3.047528
3.125327
4.382033
1.338792
3.282401
2.284327
4.095543
2.855725
2.685218
3.246272
2.611106
2.022767
18.491831
17.913281
19.653807
19.089773
20.088278
18.932489
20.190091
19.133248
18.550724
19.214491
18.358791
19.636407
18.561065
18.797121
18.893899
19.605728
19.401130
17.939265
17.602973
20.165726
18.536153
17.496462
18.913679
20.598188
20.147549
20.142508
19.972953
18.956055
19.102294
18.642603
19.477841
18.903836
18.585812
20.384326
18.455202
17.321346
18.845885
20.073755
16.758844
17.440288
18.643281
19.929766
19.410914
17.079814
17.961486
17.430413
19.894993
18.807836
19.563358
19.860067
19.266543
19.344573
18.967695
19.114965
17.191084
18.949719
19.718143
18.934902
18.549618
18.524696
18.567960
20.608509
19.115382
19.785368
17.784534
17.977688
17.483022
19.129436
20.235047
19.732242
19.491758
16.778905
19.654896
16.949945
20.286931
20.490895
18.743789
19.662754
19.040132
19.232908
17.790190
18.228475
17.571445
18.431705
19.530911
19.842556
19.506495
18.715278
19.701057
18.696608
18.454765
18.237429
19.137811
20.594340
18.913376
18.049513
17.700507
18.022860
18.442657
16.979508
19.139097
20.886874
17.097528
21.029357
18.238310
18.335718
19.786455
17.503501
20.055839
18.819091
18.109192
18.992638
17.853504
18.544815
20.310559
18.734040
18.551407
18.151394
18.242823
17.468781
19.006385
18.739349
20.246007
19.812813
18.686478
18.096051
17.213098
20.684568
16.993623
19.569852
19.107936
19.474985
17.441246
20.718639
19.439305
18.192041
17.476764
18.676771
19.805622
18.737081
20.165449
18.434237
18.552286
18.192981
19.493100
17.892461
18.994665
19.031096
19.460577
18.564807
19.739804
18.132779
18.391836
18.473589
18.453991
18.768169
17.035577
19.640914
20.025221
19.000798
18.810844
18.785946
19.938307
21.485631
19.854480
19.013536
18.522785
19.625339
19.395248
19.230351
18.621509
19.255498
19.403725
19.394398
19.858480
18.858595
17.742972
18.932677
18.555672
19.475263
19.252943
18.782413
19.721822
17.734041
19.358067
17.816528
16.782048
19.335292
17.634839
18.670280
18.076418
18.952481
19.051998
19.081317
17.178061
18.723492
19.453259
19.013782
19.242121
17.823457
19.458115
19.785167
18.563316
20.287804
21.241591
19.925997
18.863245
20.115177
16.676194
19.531180
19.798457
19.501673
17.318216
19.987808
17.762093
17.702554
21.528640
17.959400
19.586335
20.099292
18.826773
17.948924
19.159480
19.450520
17.889102
18.472428
18.090274
19.966828
17.788353
17.427528
18.283788
18.078262
18.931682
18.966103
19.843949
19.284211
17.856634
18.252508
18.100311
18.660418
18.536900
20.233538
18.343727
18.005384
18.072883
20.009580
18.385251
17.935195
19.356461
19.863576
19.294429
19.148152
18.304058
18.903884
19.497060
19.535072
18.534554
18.411427
19.077802
18.719987
19.982981
19.329567
19.561257
19.162961
18.079348
20.421777
18.186988
21.463291
18.282758
19.103656
21.606668
18.015072
19.641933
21.254720
18.813323
19.047207
19.860059
16.270538
19.875366
18.296093
18.013670
17.519829
17.569269
19.257157
18.861178
19.083910
18.177310
18.982776
18.889406
19.577626
18.584201
18.597666
19.110924
19.736590
18.687766
19.095234
18.272467
19.561451
20.987505
18.346406
17.208933
19.720020
19.187474
18.321679
17.711125
18.774292
20.899684
20.380043
20.364796
19.958239
18.496819
18.955160
18.613313
18.161136
19.722488
19.600308
19.633645
18.750838
19.385699
19.177659
20.248798
18.869371
18.205750
20.324488
20.206463
20.479684
22.212187
18.642485
17.060011
22.705542
18.329649
18.706681
18.977774
19.905062
18.803898
19.953622
19.040178
17.774127
19.521650
17.714459
18.192793
20.456750
17.966546
17.691969
16.682173
18.403264
19.792340
21.731384
19.531690
18.142127
19.584015
20.543924
21.523561
17.689579
19.190683
17.957502
18.619184
18.849359
18.122305
18.862301
18.330996
19.824497
18.321699
19.488549
18.578033
18.759170
17.703463
19.055465
18.046968
17.786177
19.393130
18.790308
17.524331
19.571257
20.018039
19.899718
21.326927
18.944022
19.259456
20.021726
18.544193
17.876463
20.533122
19.101459
18.108283
18.055804
20.386403
19.033090
19.552021
18.638807
20.332628
19.856267
19.304672
18.659206
19.758121
19.520900
17.259463
17.990212
18.696326
18.811000
18.673187
18.401193
18.940732
19.267120
18.056265
19.012195
18.426445
18.644265
18.172733
18.880945
19.107889
19.204102
17.659975
18.271252
19.773541
18.261492
19.191158
19.460936
19.805319
20.009656
19.032820
20.899813
21.075277
19.777331
19.657589
19.870009
17.321290
19.257914
17.068680
17.760262
19.660883
18.934374
19.390272
19.975709
17.823931
19.120945
20.164370
18.088957
19.292088
18.333830
18.917654
18.339468
17.795509
18.388018
17.365370
18.375128
20.059285
18.399356
20.470706
20.256458
8.450954
8.046913
5.615066
7.762073
9.491982
8.023645
7.755408
8.540744
7.546992
8.946492
6.456290
8.432341
7.024222
5.745764
6.791642
8.992181
7.612593
7.563569
8.390419
7.127120
8.840127
6.600842
7.391574
8.748464
8.161841
8.551445
6.529879
8.822561
8.548695
9.289096
7.585713
7.551553
7.388044
8.901382
8.795622
8.214880
7.008230
8.061460
8.131124
6.273507
7.123931
6.946577
6.892784
8.733854
9.238652
7.826070
7.729028
8.068290
8.027524
7.553547
6.798928
7.496800
6.899943
8.493544
7.937450
8.725352
8.657465
7.685182
6.795848
5.698247
7.137581
7.763020
8.564971
7.917218
9.321542
7.044148
9.538634
7.884499
7.649604
6.897884
9.259176
6.163890
6.991466
8.633919
7.672080
6.188146
6.067003
7.730327
8.293420
6.336449
9.567222
7.741530
15.363619
14.981619
14.133415
13.943095
14.535312
16.667599
14.123802
15.055460
14.047205
13.616979
13.713090
15.087692
15.341313
16.079159
15.311274
15.998005
14.469611
17.279080
15.522136
17.015490
15.216511
13.440377
14.902686
15.613058
16.358477
13.781004
15.793433
15.742000
14.743109
13.176796
15.192088
14.937015
14.052649
13.096789
15.312500
14.596882
15.815488
17.271161
16.175025
15.890562
15.338596
15.666006
15.168221
13.703585
15.696169
15.572059
15.345669
15.109423
13.886057
16.051014
14.610672
15.588947
14.945204
14.473406
15.251105
16.548581
18.232348
15.620361
15.270552
14.665276
17.339209
14.252418
15.048701
14.408171
16.057910
15.038922
16.701081
15.766666
16.708858
15.131746
16.965649
14.025973
14.427075
16.020037
15.885762
14.847730
15.364652
14.957561
15.312556
14.800635
14.659879
15.270841
16.359099
16.293663
15.330531
15.119830
16.314009
15.959608
16.866227
15.805993
15.027297
13.193031
16.429571
16.306190
15.624878
14.228326
13.936841
17.138158
15.957254
14.432151
16.209325
18.057144
16.474214
14.789265
16.045685
14.128929
15.526860
14.810323
15.103490
15.359723
15.148378
15.381184
15.158491
14.688909
15.507029
14.574625
15.384740
15.115868
14.780796
14.219916
15.353151
16.766551
16.815295
-0.337764
-0.303827
-0.640231
-0.266958
-1.140343
-1.569775
-1.034828
0.130642
-0.437471
2.218754
-0.042634
0.385440
0.619133
0.630656
0.432292
1.072015
1.161776
0.144579
-1.220396
0.653371
0.834952
0.055227
-0.049407
0.090952
0.834403
0.836213
-0.140427
-1.053618
-1.535516
-0.999219
-0.143335
0.688876
3.107057
-1.421201
0.907242
0.214715
1.211883
-0.907167
-0.512728
-0.907965
0.781037
0.795766
1.602256
2.123470
-0.228934
1.635068
0.215719
0.145709
0.624520
-0.018254
-2.564643
0.513976
-0.536546
2.162339
0.073061
0.241504
1.141725
-1.302846
0.285274
-0.757025
1.142276
0.245645
-0.614422
0.724781
-1.611467
-0.176262
-1.252209
-0.710187
0.813544
1.073144
2.379346
-0.308442
1.138403
-0.107186
-1.022125
0.228132
-0.610678
-1.293842
-0.710322
0.574187
0.810752
-1.445158
-0.835798
1.779290
0.284832
-2.105953
1.985594
-0.565103
-1.478460
0.531267
1.770435
0.347343
-1.269821
1.489228
0.239773
-0.292201
0.108864
-0.224693
0.571851
0.637570
-0.617584
-0.200915
1.005760
-1.464303
-0.244762
0.592836
-0.061205
1.312377
-0.934246
0.127093
-0.091991
0.676304
0.094269
-0.046141
-0.131703
0.292439
-1.930749
-1.187985
0.757243
1.313702
1.098527
0.801598
1.251448
-0.788022
-0.101992
1.392722
1.861919
-0.842796
0.180076
1.287297
0.225930
-0.131377
0.892801
0.932633
0.239310
1.742470
0.633226
0.451951
0.096221
0.127654
1.606636
-0.829688
1.311722
0.212444
-2.188873
-1.007179
1.168051
0.245711
0.524648
0.478825
0.541382
-1.170772
-0.402989
-0.230822
0.195714
-1.312675
0.341419
-0.166552
-0.771193
-0.497597
-0.933479
1.027595
2.405640
1.733126
-0.490736
-0.060616
0.017888
1.618348
0.349111
-0.533222
1.020220
0.280518
0.153284
0.368542
0.482269
-1.054030
-0.407571
-0.558718
0.798207
0.282547
-0.088577
-0.319878
2.627406
0.497686
0.984706
0.493276
-0.586814
-0.346807
0.107416
1.452248
1.811039
0.373400
-1.575009
-1.635652
-0.397544
0.214198
-1.076229
-0.301047
0.784249
-0.455358
-1.825112
-0.581024
1.216310
0.978116
1.347909
0.785856
-0.154839
1.261171
-0.557296
-1.415773
1.744867
0.647915
-0.262792
1.411864
0.889068
0.982819
-0.952492
-1.707027
0.423991
1.928661
2.038276
0.542693
0.437847
-1.823138
0.554950
-2.203748
-0.724405
-0.105020
-0.167402
0.918365
-0.507320
-0.380368
1.185457
-0.045978
-0.275812
-0.789234
0.379808
0.207839
1.131279
0.141216
-0.517703
-1.543653
-0.360081
-0.371608
-0.377293
1.543739
-0.653037
0.122661
-0.634945
2.063234
0.151729
-0.038464
-0.414906
0.075663
0.277705
0.542172
1.302590
-0.398640
-0.158758
-0.372559
0.776852
1.406801
-1.016682
-0.508682
0.890255
0.511022
0.638395
0.002639
-1.618019
0.200502
-1.440803
-1.021029
-0.994564
0.392620
0.366342
-0.141842
-0.078116
-1.694472
1.808495
-0.661952
-1.150164
-0.702032
1.139303
-1.280182
-1.502512
0.710654
0.176857
0.680561
-0.270678
1.039598
0.663053
-0.249011
0.613382
0.004081
0.338528
-0.071444
-0.199609
-0.527556
0.278904
1.772142
-1.243181
1.337821
0.571392
-0.298899
1.552184
-0.101139
0.048734
-2.028121
-1.200611
-1.029638
0.184986
0.506454
1.314394
0.167059
-1.959687
-0.650070
-0.433501
-1.654459
1.496256
-1.506867
-0.766988
-0.303461
-0.522881
-1.679916
0.730863
1.296929
-1.048755
0.495377
0.032089
0.817870
-0.986225
0.481628
0.341144
-1.337493
-1.246050
0.898207
-1.231444
0.865611
0.161711
2.189486
1.845907
-0.004371
-1.032141
-0.778483
-1.397204
1.619536
-2.200589
0.231987
-1.522891
0.328572
-0.871835
1.033576
-0.185324
0.393725
-1.022877
0.006016
-0.732879
0.768674
0.701471
1.574906
0.388600
-0.193963
0.247023
2.562381
-1.863622
-0.016533
-1.668772
0.609816
0.954083
1.048604
0.388969
-0.812337
0.800088
1.073365
0.672572
-1.462903
0.353357
-0.310425
0.375493
0.150914
-1.034407
1.157732
0.976326
-0.297457
-0.393699
-0.155020
-0.705918
0.665113
0.055904
1.460008
0.752060
-1.141608
-0.725949
0.254557
-1.219233
-1.208426
-0.243511
-0.031969
0.308873
0.862940
1.200505
-0.179941
0.811748
-0.957911
-0.196040
-0.065059
0.056000
-1.516502
-1.230024
-1.695325
-0.200259
0.704388
0.454602
-0.313874
-0.372219
-0.639465
-0.802519
0.524741
0.911709
2.357821
-0.888971
-0.531642
1.214144
0.421097
-0.840958
-0.462065
2.400581
-1.269686
-0.981422
-0.227804
-0.021414
-0.316724
-0.213829
0.016881
0.383370
0.367793
0.595499
0.225599
-1.109538
1.166062
-0.270742
1.174590
-0.320665
-1.609817
-0.195293
-1.047309
1.042729
-0.326104
0.508939
-1.352657
-1.011887
-2.060939
1.131801
0.006783
-0.404534
0.131050
-0.384156
-1.376825
-0.477688
-0.742224
-0.465422
-1.498601
-0.933133
1.618876
-0.610575
-0.075359
-1.655271
-0.544534
0.607094
1.294879
-1.956065
0.567512
0.030032
-0.215884
0.683749
-0.535679
0.850868
0.607227
1.136324
-1.022657
-1.632842
0.388333
0.641181
1.221036
-0.220540
0.775507
3.162661
0.273246
-0.880026
1.074266
0.841367
0.590520
-0.419901
1.083573
0.086057
-1.647923
0.614856
0.534321
0.712067
0.078269
-0.496985
-0.437764
0.198943
-0.605239
0.492718
0.314389
0.496717
-0.584399
-0.979183
-0.328072
-2.521606
0.818578
1.224940
-0.447795
-0.009588
0.547865
0.125613
0.095475
-0.442522
-0.137752
-0.714214
-0.258906
1.073387
1.149726
-0.938447
0.510785
0.023030
-2.105563
-0.496072
-0.068704
0.274494
-1.223579
0.019427
-0.178935
0.331674
-0.642849
-0.089218
-1.031264
1.265874
1.973533
-0.481833
-0.572567
-0.018986
0.184929
-0.380227
1.291445
1.511048
-1.689575
-0.536178
-0.420953
-0.256579
0.149471
1.351353
0.959387
-0.856075
0.991923
-0.283130
0.260791
-0.282464
1.236939
-0.538639
0.475380
1.553165
-0.700509
-0.360402
-0.223544
-0.309936
1.891643
0.216314
-0.537140
0.900634
0.972248
-0.141555
0.063970
-1.570143
0.556302
-0.641635
0.869778
0.127272
0.203676
0.581954
-1.453989
0.382630
1.182639
-1.215721
-0.634719
-2.007115
-0.037793
-1.631419
0.521033
0.398535
-1.424952
-1.232804
0.245353
-0.384343
-0.403583
-0.744989
-0.652253
1.342749
-0.229470
-1.535381
1.161337
0.031543
1.538670
0.680274
0.587791
1.578990
0.315052
0.804067
0.757121
-0.365037
-0.515400
1.333927
0.579523
-0.402575
-0.418562
-0.924913
1.487743
-0.768051
-1.068482
1.194568
1.395360
0.615109
0.384226
0.664711
0.826273
-0.549864
0.308146
-1.575665
1.517932
-0.636907
-1.084925
-0.110627
0.964294
-1.208084
-2.320489
-0.114966
-0.096212
0.317790
-0.112292
-0.947333
-0.872451
-0.543666
-0.117626
0.096175
1.502095
1.454667
0.551895
1.099666
0.512367
0.602984
-0.063776
-1.682311
-0.198257
-0.830763
0.547373
-0.075700
0.202767
0.925673
-0.659427
1.249078
0.010079
-0.980649
0.755632
-1.359075
-0.834820
-1.984040
-0.374743
-1.975531
0.077481
0.866783
0.229789
0.142693
0.391282
-1.216985
-1.651509
0.021376
-0.338697
1.033637
-0.345859
-1.019230
0.352264
0.762750
1.350582
0.096647
-0.512973
1.131238
0.769709
-0.674616
1.257372
-0.875573
-0.194093
0.735041
-0.143373
0.725211
-0.947807
1.847615
0.364895
-1.395307
-1.669050
-0.757386
-1.515102
1.143247
0.529690
-0.614960
-0.152754
-0.449830
-1.640568
1.038197
0.235947
-0.346232
-1.387910
-1.071961
-0.613678
-0.074736
-1.006912
-0.045374
0.608047
1.005795
-0.476135
-2.014626
1.285148
0.151489
-0.464731
1.573003
-1.020752
-0.008740
-0.669961
2.420171
-0.423812
2.531104
0.016009
-1.960854
-0.994834
-0.288644
0.422987
0.358401
-1.903175
-0.155980
-1.563026
-1.018469
1.042775
0.127518
-1.358299
0.543664
-0.226738
-2.225113
-0.399791
0.980908
-0.423414
0.951073
-1.283419
-0.655652
-0.491933
0.535317
-1.100601
-0.503704
0.757325
-0.483755
0.569744
1.312035
0.419976
-1.163020
0.492900
-0.207686
0.554609
-1.525237
-0.818445
0.665802
0.614067
0.353610
0.059225
1.635742
0.554354
-1.069740
-0.642472
0.412598
-0.802130
-0.327055
