-0.248736
-0.251296
-0.253854
-0.256579
-0.259116
-0.261650
-0.264365
-0.267136
-0.269786
-0.272430
-0.275139
-0.277859
-0.280716
-0.283643
-0.286577
-0.289561
-0.292131
-0.294549
-0.297037
-0.299440
-0.301992
-0.304576
-0.307066
-0.309546
-0.312261
-0.315062
-0.317843
-0.320679
-0.323421
-0.326147
-0.328935
-0.331732
-0.334561
-0.337416
-0.340279
-0.343160
-0.346061
-0.348979
-0.351916
-0.354871
-0.357814
-0.360762
-0.363729
-0.366706
-0.369709
-0.372729
-0.375758
-0.378801
-0.381884
-0.384991
-0.388111
-0.391253
-0.394401
-0.397564
-0.400749
-0.403951
-0.407160
-0.410382
-0.413620
-0.416874
-0.420148
-0.423439
-0.426744
-0.430065
-0.432584
-0.434771
-0.437008
-0.439027
-0.441261
-0.443488
-0.445480
-0.447391
-0.449628
-0.451941
-0.454155
-0.456397
-0.458413
-0.460336
-0.462297
-0.464207
-0.466485
-0.468899
-0.471244
-0.473663
-0.475956
-0.478222
-0.480570
-0.482926
-0.485052
-0.487093
-0.489153
-0.491158
-0.493251
-0.495357
-0.497402
-0.499436
-0.501874
-0.504473
-0.507043
-0.509719
-0.512268
-0.514810
-0.517467
-0.520155
-0.522689
-0.525183
-0.527719
-0.530237
-0.532857
-0.535517
-0.538155
-0.540813
-0.543243
-0.545582
-0.547952
-0.550269
-0.552653
-0.555044
-0.557377
-0.559696
-0.562138
-0.564620
-0.567081
-0.569565
-0.571988
-0.574394
-0.576826
-0.579255
-0.579820
-0.579592
-0.579441
-0.578755
-0.578526
-0.578247
-0.577396
-0.576325
-0.575946
-0.575698
-0.575189
-0.574704
-0.573673
-0.572393
-0.571159
-0.569770
-0.569204
-0.568921
-0.568442
-0.568099
-0.567425
-0.566653
-0.566035
-0.565402
-0.564199
-0.562763
-0.561337
-0.559745
-0.558324
-0.556898
-0.555293
-0.553629
-0.552808
-0.552298
-0.551689
-0.551273
-0.550542
-0.549757
-0.549184
-0.548643
-0.547729
-0.546694
-0.545709
-0.544649
-0.543774
-0.542947
-0.542036
-0.541130
-0.539685
-0.538003
-0.536350
-0.534543
-0.532846
-0.531127
-0.529242
-0.527288
-0.525567
-0.523895
-0.522141
-0.520398
-0.518485
-0.516495
-1.158312
-2.074013
1.955970
7.893811
-15.256594
5.570262
-0.508769
-0.507988
-0.507473
-0.507040
-0.506166
-0.505171
-0.504281
-0.503332
-0.502647
-0.502058
-0.501397
-0.500779
-0.499729
-0.498508
-0.497349
-0.496090
-0.494954
-0.493831
-0.492600
-0.491341
-0.490330
-0.489400
-0.488430
-0.487507
-0.486466
-0.485393
-0.484374
-0.483350
-0.481741
-0.479887
-0.478054
-0.476053
-0.474205
-0.472346
-0.470306
-0.468201
-0.466296
-0.464427
-0.462479
-0.460536
-0.458428
-0.456244
-0.454071
-0.451849
-0.449918
-0.448089
-0.446197
-0.444357
-0.442404
-0.440421
-0.438496
-0.436570
-0.434454
-0.432263
-0.430079
-0.427843
-0.425669
-0.423497
-0.421269
-0.419025
-0.415686
-0.411868
-0.408079
-0.403963
-0.400079
-0.396145
-0.391861
-0.387429
-0.383397
-0.379429
-0.375287
-0.371144
-0.366659
-0.362010
-0.357373
-0.352628
-0.348301
-0.344103
-0.339776
-0.335498
-0.331020
-0.326466
-0.321971
-0.317445
-0.312584
-0.307573
-0.302544
-0.297401
-0.292327
-0.287228
-0.282008
-0.276731
-0.271987
-0.267429
-0.262789
-0.258259
-0.253510
-0.248711
-0.244033
-0.239361
-0.234426
-0.229394
-0.224379
-0.219299
-0.214324
-0.209365
-0.204334
-0.199290
-0.193888
-0.188319
-0.182752
-0.177070
-0.171442
-0.165784
-0.160004
-0.154164
-0.148456
-0.142763
-0.137001
-0.131231
-0.125335
-0.119375
-0.113411
-0.107402
-0.128975
-0.162263
-0.194316
-0.234252
-0.267456
-0.301359
-0.343704
-0.389257
-0.424339
-0.457364
-0.494227
-0.530650
-0.575176
-0.623349
-0.670748
-0.720384
-0.758071
-0.791640
-0.828034
-0.862436
-0.901608
-0.942175
-0.980496
-1.019020
-1.065817
-1.115992
-1.166002
-1.218401
-1.268308
-1.318256
-1.370783
-1.424163
-1.464452
-1.499844
-1.536703
-1.570506
-1.609063
-1.648367
-1.684314
-1.719685
-1.760772
-1.803667
-1.214090
-0.356850
-4.349696
-10.213839
12.458579
-8.014006
-2.097856
-2.149976
-2.201572
-2.255467
-2.307586
-2.359971
-2.414809
-2.470627
-2.522795
-2.574128
-2.626653
-2.678908
-2.733710
-2.789596
-2.845102
-2.901223
-2.637783
-2.238619
-1.853868
-1.377809
-0.979711
-0.573523
-0.069570
0.471518
0.891065
1.286652
1.726696
2.161559
2.690321
3.261315
3.823251
4.411065
4.860690
5.262683
5.697352
6.108971
6.575721
7.058589
7.515478
7.974704
8.529620
9.123597
9.715659
10.335345
10.926189
11.517504
12.138641
12.769634
12.944972
12.934206
12.953526
12.850188
12.875617
12.901542
12.795183
12.646404
12.678416
12.753468
12.775763
12.814923
12.730434
12.595649
12.483234
12.343676
12.430271
12.602741
12.737541
12.920501
13.029821
13.126388
13.275685
13.433644
13.457691
13.434401
13.426272
13.388230
13.406716
13.436841
13.433686
13.427810
13.525708
13.662962
13.792661
13.948577
14.066732
14.180304
14.322583
14.470931
14.583377
14.686431
14.797543
14.903881
15.033293
15.171138
15.303111
15.438980
15.502892
15.537390
15.578978
15.602179
15.644726
15.687639
15.710741
15.727634
15.779245
15.840620
15.893913
15.952019
15.989889
16.020548
16.056998
16.090390
16.101306
16.101839
16.100222
16.090444
16.084985
16.077313
16.060990
16.040405
16.022066
16.001770
15.976898
15.949399
15.914737
15.875312
15.833440
15.787536
15.717100
15.634077
15.547919
15.451930
15.357360
15.258455
15.149287
15.033872
14.921793
14.807118
14.685751
14.560673
14.425812
14.284342
14.139399
13.988845
13.876233
13.776768
13.669831
13.569894
13.454428
13.334845
13.223116
13.111157
12.976680
12.833347
12.690807
12.542069
12.400943
12.260236
12.112791
11.963482
10.166672
7.667268
5.236914
2.332243
-0.176679
-2.732171
-5.795176
-9.054044
-8.571008
-6.641326
-5.079764
-2.600692
-1.366408
-0.270801
1.825331
4.150387
3.508356
1.817060
0.498620
-1.467054
-2.196060
-2.662690
-3.849672
-5.089260
-5.070934
-4.618297
-4.280077
-3.653818
-3.599338
-3.665285
-3.409319
-3.133359
-3.301354
-3.614794
-3.885838
-4.254009
-4.398629
-4.489155
-4.689526
-4.887615
-4.959611
-4.988516
-5.021368
-5.022356
-5.084899
-5.159119
-5.197731
-5.233182
-5.222808
-5.187684
-5.150980
-5.097154
-5.040728
-4.975006
-4.891657
-4.796178
-4.721014
-4.646943
-4.559297
-4.468539
-4.356125
-4.231599
-4.104677
-3.968768
-3.823469
-3.669709
-3.507030
-3.335598
-3.157263
-2.970944
-2.775791
-2.572406
-2.358682
-2.135766
-1.904705
-1.664775
-1.416943
-1.160731
-0.895614
-0.621945
-1.133205
-1.973499
2.850573
9.847511
-16.376763
7.666127
0.949906
1.183857
1.448040
1.724967
2.002392
2.289203
2.567623
2.846924
3.136306
3.429502
3.756457
4.100631
4.447377
4.806862
5.164788
5.528293
5.905072
6.289948
6.665921
7.043306
7.429562
7.819312
8.222843
8.634814
9.049879
9.471673
9.536536
9.453007
9.391859
9.232900
9.167767
9.099091
8.925296
8.715049
8.649452
8.617190
8.540122
8.474926
8.308653
8.100190
7.908020
7.692308
7.637682
7.642290
7.615714
7.620683
7.569350
7.505542
7.476568
7.450610
7.322434
7.155867
6.997104
6.812848
6.666720
6.525697
6.356701
6.182232
6.189293
6.268067
6.333127
6.445179
6.499624
6.550125
6.651647
6.766930
6.811372
6.837522
6.881377
6.916693
6.997522
7.095590
7.182996
7.278764
7.271165
7.222373
7.186608
7.126137
7.095386
7.067083
7.012028
6.949883
6.942552
6.952390
6.952314
6.961869
6.943393
6.916453
6.900612
6.882561
6.885982
6.898680
6.908250
6.923111
6.934030
6.945421
6.962432
6.981639
6.986672
6.987299
6.990853
6.992088
7.000521
7.011239
7.019268
7.027987
7.034377
7.039816
7.046047
7.051923
7.058201
7.064568
7.070555
7.076465
7.084971
7.094506
7.103846
7.113859
7.123056
7.132201
7.142077
7.152153
7.135639
7.107981
7.081684
7.047927
7.021027
6.993694
6.958355
6.920132
6.892088
6.866175
6.836775
6.807968
6.771565
6.731838
6.693024
6.652238
6.623630
6.599376
6.572562
6.547988
6.518879
6.488621
6.460856
6.433134
6.397445
6.358652
6.320265
6.279752
6.241963
6.204380
6.164482
6.123984
6.108760
6.103764
6.097038
6.097046
6.089661
6.082104
6.081822
6.083772
6.075758
6.065322
6.057683
6.049044
6.047115
6.047868
6.047319
6.048184
6.035967
6.018708
6.003465
5.985333
5.971311
5.957897
5.941330
5.924142
5.914451
5.907324
5.899207
5.892663
5.882766
5.872074
5.863149
5.854248
5.834271
5.809781
5.785806
5.758764
5.734963
5.711157
5.684040
5.655854
5.631481
5.607877
5.582978
5.558292
5.530678
5.501781
5.473220
5.443892
5.420706
5.399811
5.377858
5.357179
5.334389
5.311186
5.289383
5.267760
5.242511
5.215952
5.189745
5.162691
5.137107
5.111788
5.085530
5.059154
5.059867
5.071950
5.082735
5.101164
5.112629
5.124575
5.144724
5.167852
5.180791
5.191659
5.206114
5.220047
5.241728
5.266839
5.291104
5.317437
5.331273
5.340671
5.352743
5.362548
5.377075
5.392832
5.406061
5.419292
5.440745
5.465430
5.489741
5.516278
5.540060
5.563673
5.589706
5.616398
5.630977
5.640968
5.652183
5.660485
5.673074
5.686252
5.696241
5.705602
5.720035
5.735995
5.751061
5.766999
5.780155
5.792442
5.805744
5.818776
5.839324
5.863050
5.886182
5.911345
5.934738
5.958267
5.983971
6.010477
6.033485
6.055611
6.078735
6.101500
6.126523
6.152445
6.177906
6.203831
6.248398
6.301065
6.353406
6.411377
6.465125
6.519680
6.580244
6.643295
6.700168
6.756214
6.815150
6.874273
6.939047
7.006619
7.074165
7.143610
7.204961
7.263756
7.324864
7.384902
7.448681
7.513796
7.577659
7.642011
7.712468
7.785618
7.859002
7.934394
8.008389
8.082755
8.159263
8.236707
7.956601
7.525023
7.109848
6.592811
6.164010
5.726757
5.180385
4.592964
4.141347
3.716724
3.242886
2.775139
2.202928
1.583911
0.975311
0.338147
-0.142282
-0.568302
-1.030565
-1.466156
-1.963493
-2.478441
-2.963405
-3.450403
-4.044698
-4.682426
-5.317395
-5.982903
-6.615263
-7.247536
-7.912832
-8.588628
-8.710025
-8.603944
-8.532898
-8.311456
-8.244300
-8.176023
-7.945687
-7.662207
-7.597048
-7.582719
-7.502676
-7.441610
-7.228724
-6.953174
-6.703291
-6.418888
-6.430922
-6.555631
-6.632028
-6.772060
-6.815461
-6.842450
-6.939093
-7.047451
-6.982813
-6.857430
-6.752187
-6.608728
-6.539251
-6.485477
-6.389114
-6.289822
-6.053380
-5.752697
-5.454558
-5.112875
-4.788854
-4.452212
-4.069752
-3.663754
-3.314462
-2.973415
-2.605193
-2.235277
-1.815642
-1.371182
-0.926895
-0.465783
-1.128875
-2.262447
-3.330133
-4.709298
-5.800054
-6.907080
-8.348451
-9.909171
-8.906481
-6.904399
-5.139044
-2.734649
-1.165030
0.323789
2.508235
4.862409
5.255463
4.967262
4.944844
4.508608
4.917439
5.520067
5.660000
5.783357
6.759882
8.042665
9.267828
10.702330
11.774808
12.785242
14.027531
15.301064
15.322179
14.849585
14.465176
13.754314
13.446492
13.166520
12.531936
11.802194
11.541892
11.399192
11.134930
10.923762
10.402277
9.760762
9.186622
8.552043
8.708905
9.181333
9.557609
10.124655
10.463217
10.783775
11.310900
11.893289
12.064980
12.109689
12.230955
12.281802
12.546539
12.877392
13.126736
13.395030
13.331976
13.128184
12.957648
12.700223
12.516404
12.326710
12.044162
11.727146
11.584023
11.488907
11.349874
11.233066
11.013653
10.756347
10.526121
10.278795
10.325469
10.492093
10.628555
10.839525
10.971274
11.101035
11.311101
11.546017
11.636490
11.685652
11.767403
11.828366
11.971957
12.144414
12.292050
12.451401
12.492821
12.486924
12.498041
12.481737
12.497570
12.516030
12.504853
12.485699
12.535459
12.607665
12.668407
12.742087
12.782613
12.813880
12.859879
12.904296
12.847077
12.747432
12.650648
12.524439
12.425832
12.325483
12.193506
12.050178
11.939270
11.833488
11.714307
11.595259
11.448131
11.287698
11.805635
12.603008
8.251605
1.912191
26.156216
4.155097
10.432636
10.310037
10.198440
10.086746
9.940466
9.780589
9.622189
9.454384
9.298192
9.142690
8.976964
8.808440
8.822383
8.911571
8.989916
9.118228
9.196575
9.275928
9.409076
9.560293
9.640566
9.704816
9.791257
9.872121
10.003415
10.155902
10.300616
10.457296
10.525489
10.560816
10.612281
10.645842
10.709776
10.779952
10.830412
10.878625
10.981167
11.103684
11.221376
11.352128
11.461645
11.567736
11.688223
11.810983
11.851118
11.858687
11.872285
11.864437
11.883105
11.903644
11.900889
11.891906
11.914435
11.944988
11.967551
11.993810
11.999544
11.997430
11.999965
11.998627
12.045454
12.111454
12.171404
12.242866
12.300403
12.356770
12.425605
12.497722
12.544406
12.583128
12.626443
12.665287
12.717147
12.772936
12.823573
12.875238
12.862016
12.821122
12.784047
12.728760
12.688621
12.646797
12.585497
12.516724
12.475234
12.439789
12.395277
12.352630
12.290461
12.219899
12.152037
12.079323
12.031417
11.992079
11.946671
11.905323
11.854206
11.800193
11.750755
11.700872
11.633235
11.558321
11.483747
11.404028
11.329576
11.254988
11.174850
11.092845
11.049036
11.020017
10.987374
10.964164
10.928260
10.890992
10.864008
10.839415
10.798692
10.753316
10.711193
10.666566
10.631202
10.598951
10.563734
10.529694
10.473678
10.408550
10.345564
10.276892
10.213764
10.150556
10.081241
10.009877
9.949362
9.891858
9.831716
9.773011
9.707906
9.640471
9.574778
9.508058
9.502862
9.523547
9.540529
9.574578
9.593266
9.613023
9.651081
9.695800
9.715280
9.729080
9.751009
9.771063
9.809025
9.854588
10.746378
12.003695
6.712579
-1.103980
29.439951
1.991878
10.030936
10.055816
10.075434
10.094974
10.131850
10.175509
10.218298
10.265731
10.307299
10.348457
10.394667
10.442214
10.456535
10.457880
10.462081
10.457898
10.464554
10.472196
10.470715
10.466961
10.476726
10.490212
10.500691
10.513065
10.517272
10.518573
10.522164
10.524504
10.545937
10.575151
10.602264
10.634151
10.660920
10.687526
10.719278
10.752602
10.776196
10.796932
10.819755
10.841096
10.867827
10.896378
10.923179
10.950659
10.952550
10.943687
10.936616
10.922558
10.914818
10.906680
10.891052
10.872720
10.865522
10.861002
10.853143
10.846296
10.831947
10.814525
10.798449
10.780712
10.773157
10.769298
10.763291
10.759180
10.751443
10.742823
10.736306
10.729885
10.716654
10.700793
10.685342
10.668113
10.653261
10.638630
10.622059
10.605017
10.603433
10.608000
10.611399
10.618819
10.621463
10.623836
10.630569
10.638525
10.640341
10.640579
10.642382
10.643461
10.648494
10.655036
10.660670
10.667045
10.664950
10.659502
10.655178
10.648863
10.645026
10.641428
10.635673
10.629374
10.627661
10.627418
10.626397
10.626219
10.623766
10.620659
10.618516
10.616236
10.615129
10.614558
10.613802
10.613343
10.612762
10.612248
10.612045
10.611993
10.611058
10.609853
10.608844
10.607697
10.607001
10.606453
10.605745
10.605087
10.604562
10.604101
10.603684
10.603329
10.602939
10.602569
10.602265
10.601995
10.601790
10.601635
10.601512
10.601434
10.601391
10.601388
10.601430
10.601513
10.599747
10.597218
10.594812
10.591905
10.589499
10.587084
10.584130
10.580996
10.578614
10.576412
10.573985
10.571628
10.568755
10.565671
10.562679
10.559572
10.557325
10.555401
10.553322
10.551419
10.549227
10.546978
10.544923
10.542893
10.540334
10.537583
10.534881
10.532055
10.529440
10.526860
10.524143
10.521406
10.520215
10.519657
10.519012
10.518790
10.518134
10.517481
10.517285
10.517239
10.516610
10.515853
10.515279
10.514662
10.514464
10.514445
10.514363
10.514382
10.513616
10.512557
10.511636
10.510553
10.509737
10.508973
10.508032
10.507068
10.506576
10.506257
10.505892
10.505638
10.505194
10.504717
10.504363
10.504025
10.503049
10.501822
10.500641
10.499294
10.498154
10.497030
10.495726
10.494374
10.493261
10.492209
10.491096
10.490011
10.488768
10.487466
10.486198
10.484901
10.483983
10.483217
10.482404
10.481683
10.480851
10.480010
10.479268
10.478553
10.477637
10.476660
10.475719
10.474744
9.764662
8.752844
13.190319
19.729969
-5.751237
17.224105
10.558047
10.596370
10.628996
10.662250
10.702718
10.745946
10.780348
10.813052
10.849051
10.884721
10.927305
10.973025
11.018134
11.065184
11.102068
11.135472
11.171319
11.205497
11.243784
11.283296
11.320923
11.358758
11.403681
11.451517
11.499246
11.549047
11.596756
11.644533
11.694544
11.745315
11.773142
11.791799
11.812251
11.826739
11.848182
11.869978
11.885317
11.898809
11.921664
11.946953
11.969876
11.993926
12.012021
12.027859
12.045100
12.061251
12.089523
12.122590
12.154016
12.188275
11.506717
10.521735
15.012701
21.615682
-3.970753
19.096543
12.396486
12.421772
12.450314
12.479780
12.507834
12.536065
12.468815
12.360872
12.257218
12.126208
12.018094
11.907357
11.767349
11.616083
11.501415
11.393945
11.273009
11.153591
11.005877
10.845409
10.687625
10.522011
10.481588
10.491048
10.487026
10.513900
10.503854
10.491150
10.511914
10.541761
9.862602
8.889563
7.956764
6.828294
5.890406
4.946178
3.791501
2.564487
4.889600
8.669952
12.220597
16.731579
13.005347
6.199906
0.741908
-6.457950
-6.246717
-3.555663
-2.976558
-1.349248
-2.751889
-5.176197
-6.401579
-7.916427
-7.851307
-7.122609
-6.752153
-6.055863
-5.653568
-5.261611
-4.522533
-3.671732
-3.352553
-3.170466
-2.847046
-2.584026
-1.982280
-1.249746
-0.593217
0.128128
-0.044416
-0.574983
-1.000516
-1.643786
-2.032208
-2.403106
-3.009551
-3.681022
-3.894183
-3.967747
-4.130258
-4.216668
-4.546441
-4.953520
-5.272036
-5.614866
-5.585702
-5.400272
-5.255345
-5.015034
-4.861106
-4.703524
-4.443800
-4.148050
-4.051730
-4.012570
-3.926705
-3.868871
-3.697973
-3.487157
-3.309861
-3.116150
-3.129065
-3.225756
-3.296811
-3.418097
-3.483935
-3.547004
-3.664257
-3.797396
-3.818661
-3.805504
-3.814047
-3.803846
-3.852064
-3.918653
-3.963493
-4.013873
-3.989427
-3.933434
-3.886231
-3.820062
-3.770694
-3.720518
-3.650054
-3.572358
-3.536718
-3.513435
-3.480691
-3.454165
-3.404518
-3.346944
-3.296730
-3.243484
-3.255669
-3.295053
-3.328537
-3.379184
-3.413331
-3.447874
-3.500850
-3.560107
-3.588156
-3.607822
-3.635483
-3.659312
-3.702179
-3.752196
-3.797490
-3.846142
-3.870080
-3.884575
-3.903574
-3.917447
-3.939048
-3.962012
-3.979372
-3.995806
-4.028020
-4.065920
-4.102136
-4.141971
-4.175417
-4.207662
-4.243915
-4.280635
-4.271769
-4.244150
-4.219011
-4.181312
-4.156316
-4.131101
-4.092356
-4.049098
-4.022859
-4.000313
-3.972253
-3.945380
-3.906052
-3.861397
-3.818464
-3.772448
-3.749487
-3.735073
-3.716488
-3.702575
-3.680689
-3.657159
-3.638775
-3.620966
-3.589127
-3.552132
-3.516378
-3.477251
-3.443619
-3.410876
-3.374414
-3.337368
-3.133826
-2.858773
-2.590264
-2.273399
-1.995240
-1.711582
-1.376250
-1.020453
-0.727331
-0.445814
-0.139999
0.164079
0.518195
0.895363
1.268768
1.656672
1.975862
2.272211
2.586502
2.890447
3.223565
3.566149
3.896907
4.230159
4.613441
5.017926
5.422742
5.842931
6.249768
6.658163
7.083052
7.514275
7.519257
7.347590
7.200988
6.937138
6.787589
6.634384
6.355077
6.032505
5.877021
5.759004
5.587994
5.429686
5.152120
4.824151
4.514051
4.175307
4.037512
3.973688
3.871690
3.809392
3.676798
3.528854
3.424734
3.324625
3.098722
2.825815
2.562830
2.268721
2.022107
1.782167
1.508038
1.227518
1.244727
1.382002
1.499554
1.696505
1.804932
1.910810
2.102540
2.320232
2.423223
2.498667
2.606613
2.703333
2.878188
3.084469
3.276020
3.484304
3.533677
3.521715
3.533810
3.510570
3.537171
3.570969
3.566233
3.553750
3.631383
3.739649
3.835704
3.950462
4.024458
4.088580
4.173722
4.258865
4.222092
4.135670
4.054672
3.939807
3.860847
3.781869
3.666327
3.539020
3.452885
3.374883
3.282637
3.192502
3.070286
2.933901
2.800970
2.659472
2.586625
2.539339
2.480253
2.435393
2.366866
2.293684
2.236157
2.180604
2.084635
1.974052
1.867379
1.751243
1.651485
1.554675
1.447393
1.338771
1.346108
1.401047
1.449517
1.529820
1.577583
1.625733
1.708187
1.801974
1.852283
1.893036
1.947666
1.999119
2.082123
2.178533
2.270404
2.369967
2.410571
2.429211
3.095851
4.021678
0.069090
-5.769176
17.184953
-3.412736
2.669893
2.744771
2.816318
2.896299
2.962101
3.025469
3.098153
3.172158
3.198685
3.206615
3.218036
3.217199
3.231928
3.247907
3.250555
3.249763
3.266869
3.288566
3.305826
3.325244
3.333067
3.336497
3.342626
3.346618
3.379091
3.422967
3.463424
3.510784
3.550041
3.588723
3.634874
3.683075
3.716495
3.745377
3.777078
3.806287
3.843263
3.882674
3.919194
3.956446
3.954395
3.935657
3.919350
3.892096
3.874191
3.855392
3.824877
3.789947
3.771669
3.757168
3.737286
3.718647
3.688284
3.652944
3.619355
3.582936
3.561793
3.546010
3.526653
3.509906
3.487319
3.463093
3.441790
3.420345
3.388203
3.351752
3.315637
3.276514
3.240733
3.204999
3.166009
3.126010
3.109193
3.101423
3.091582
3.087555
3.075975
3.063685
3.057722
3.053320
3.039300
3.022589
3.007958
2.991933
2.981615
2.973294
2.963299
2.954131
2.931795
2.904067
2.877750
2.848112
2.821941
2.795840
2.766162
2.735362
2.711236
2.689045
2.665376
2.642691
2.616255
2.588526
2.561966
2.534902
2.537537
2.552698
2.566064
2.587681
2.601972
2.616823
2.640517
2.667459
2.682128
2.694033
2.709901
2.724861
2.748520
2.775875
2.801946
2.830124
2.846019
2.857539
2.871759
2.883778
2.900370
2.918162
2.933499
2.948838
2.972481
2.999399
3.025941
3.054737
3.080780
3.106670
3.135008
3.164024
3.176652
3.182885
3.190545
3.194081
3.202968
3.212349
3.217241
3.221022
3.231510
3.243857
3.254728
3.266552
3.274349
3.280724
3.288247
3.295166
3.311482
3.331635
3.350766
3.372256
3.391244
3.410164
3.431626
3.453873
3.471345
3.487422
3.504538
3.520937
3.539998
3.559966
3.579085
3.598549
3.606357
3.609277
3.613051
3.613662
3.617170
3.620519
3.620477
3.619225
3.623114
3.628266
3.631915
3.636061
3.636798
3.636159
3.636168
3.635448
3.639351
3.644948
3.649595
3.655122
3.659036
3.662575
3.667087
3.671666
3.673183
3.673532
3.674090
3.673866
3.674740
3.675738
3.675880
3.675832
3.682966
3.692977
3.702475
3.713863
3.723072
3.732185
3.743345
3.755099
3.764037
3.772271
3.781259
3.789939
3.800480
3.811749
3.822626
3.833873
3.841240
3.847087
3.853482
3.858988
3.865666
3.872484
3.878335
3.883964
3.891741
3.900226
3.908381
3.916954
3.924507
3.931786
3.939540
3.947260
3.919914
3.877681
3.836930
3.786119
3.743923
3.700835
3.646975
3.589026
3.544132
3.501737
3.454461
3.407660
3.350597
3.288874
3.228047
3.164332
3.331528
3.595719
3.846969
4.162618
4.419820
4.680961
5.011181
5.366452
5.629834
5.873172
6.146951
6.414560
6.748856
7.111858
7.465840
7.836497
6.858548
5.313630
3.844049
1.998031
-0.467286
-3.364538
0.705571
7.472285
-26.162942
6.874306
-0.464034
1.983398
3.457096
4.826868
6.988053
9.334173
9.015066
7.732379
6.762334
5.191551
4.679779
4.370206
3.395592
2.344895
2.415372
2.856830
3.165904
3.711217
3.712500
3.578985
3.712422
3.838671
3.811559
3.744091
3.677916
3.577141
3.587294
3.628569
3.629255
3.639001
3.634196
3.623147
3.621782
3.620070
3.618171
3.617056
3.615667
3.614510
3.611406
3.607554
3.604022
3.600070
3.596725
3.593475
3.589766
3.585971
3.583342
3.581121
3.578756
3.576645
3.574031
3.571307
3.568866
3.566440
3.561521
3.555577
3.549759
3.543251
3.537447
3.531633
3.525075
3.518270
3.512366
3.506650
3.500634
3.494675
3.488040
3.481112
3.474269
3.467253
3.461540
3.456310
3.450846
3.445646
3.439993
3.434246
3.428791
3.423368
3.417157
3.410658
3.404227
3.397608
3.391298
3.385038
3.378569
3.372067
3.366142
3.360425
3.354648
3.349004
3.343126
3.337205
3.331431
3.325675
3.319696
3.313647
3.307627
3.301562
3.295612
3.289693
3.283724
3.277760
3.271366
3.264786
3.258230
3.251552
3.244967
3.238367
3.231636
3.224853
3.218252
3.211689
3.205063
3.198447
3.191699
3.184891
3.178100
3.171274
3.164304
3.157258
3.150183
3.143044
3.135912
3.128751
3.121523
3.114254
3.106980
3.099678
3.092332
3.084954
3.077519
3.070039
3.062528
3.054977
3.047477
3.039977
3.032433
3.024876
3.017259
3.009605
3.001940
2.994247
2.986477
2.978660
2.970817
2.962933
2.955037
2.947114
2.939149
2.931152
2.922455
2.913442
2.904425
2.895184
2.886070
2.876905
2.867502
2.857988
2.848696
2.839420
2.830018
2.820593
2.810938
2.801160
2.791368
2.781489
2.771858
2.762289
2.752620
2.742962
2.733158
2.723286
2.713433
2.703540
2.693416
2.683178
2.672909
2.662548
2.652212
2.641841
2.631374
2.620852
2.610622
2.600482
2.590271
2.580103
2.569784
2.559412
2.549091
2.538751
2.528235
2.517639
2.507033
2.496365
2.485738
2.475098
2.464394
2.453661
2.442692
2.431602
2.420491
2.409290
2.398100
2.386870
2.375545
2.364163
2.352838
2.341500
2.330099
2.318672
2.307148
2.295563
2.283955
2.272299
2.276477
2.287369
2.297527
2.312196
2.322971
2.334126
2.350112
2.367919
2.379684
2.390243
2.402986
2.415454
2.432557
2.451735
2.470446
2.490420
2.503501
2.514193
2.526486
2.537612
2.551457
2.566082
2.579393
2.592798
2.610936
2.630994
2.650935
2.672226
2.692063
2.711900
2.733198
2.754963
2.769178
2.780555
2.792753
2.803170
2.816299
2.829835
2.841417
2.852645
2.867138
2.882647
2.897635
2.913221
2.927095
2.940465
2.954526
2.968463
2.987087
3.007720
3.028028
3.049637
3.070201
3.090895
3.112977
3.135601
3.156102
3.176101
3.196763
3.217247
3.239172
3.261699
3.283983
3.306600
3.321501
3.333251
3.345673
3.356089
3.368614
3.381167
3.391557
3.401262
3.414462
3.428600
3.441862
3.455560
3.467115
3.477869
3.489161
3.500080
3.514370
3.529978
3.545058
3.560887
3.575710
3.590399
3.605904
3.621587
3.635276
3.648288
3.661576
3.674453
3.688227
3.702218
3.715747
3.729277
3.747495
3.767659
3.787618
3.808897
3.828901
3.848959
3.870438
3.892412
3.912725
3.932714
3.953297
3.973807
3.995613
4.017999
4.040257
4.062869
4.083105
4.102483
4.122328
4.141720
4.161982
4.182451
4.202416
4.222356
4.243789
4.265793
4.287702
4.309997
4.331753
4.353450
4.375569
4.397783
4.386962
4.362175
4.338914
4.306259
4.281831
4.256664
4.221429
4.182436
4.155952
4.131963
4.103463
4.075538
4.038007
3.996181
3.955327
3.911858
3.883044
3.859344
3.832311
3.807808
3.777583
3.745756
3.716769
3.687632
3.648551
3.605469
3.562685
3.517099
3.474642
3.432235
3.386795
3.340420
3.319772
3.309311
3.296748
3.290789
3.276796
3.262257
3.254883
3.249452
3.233512
3.214769
3.198548
3.180972
3.169934
3.161309
3.151022
3.141851
3.118631
3.089780
3.062677
3.032191
3.005661
2.979413
2.949508
2.918597
2.895152
2.874025
2.851506
2.830273
2.805180
2.778899
2.754104
2.728976
2.810742
2.937992
3.060301
3.213141
3.340192
3.470054
3.632593
3.807623
3.941483
4.067140
4.207761
4.346545
4.516921
4.701462
4.882859
5.072902
5.217667
5.346884
5.486978
5.619620
5.770429
5.926628
6.074416
6.223075
6.403393
6.596700
6.789477
6.991466
7.184061
7.376919
7.579716
7.785869
8.399522
9.189191
9.964844
10.860167
11.662823
12.480645
13.426228
14.423469
15.270217
16.090667
16.972094
17.851208
18.853951
19.914671
20.968150
22.058808
22.098983
21.708836
21.402411
20.818719
20.522580
20.227728
19.634126
18.944458
18.712109
18.597697
18.361748
18.177778
17.702421
17.114569
16.592120
16.013929
16.157546
16.589094
16.932338
17.449368
17.758625
18.051562
18.532655
19.064159
19.219200
19.257604
19.365920
19.409461
19.648472
19.947704
20.172011
20.413356
20.355096
20.169406
20.013676
19.779252
19.610925
19.437017
19.179036
18.889667
18.757657
18.668992
18.540380
18.431747
18.230065
17.993922
17.782155
17.554757
17.532890
17.593731
17.629724
17.715667
17.744410
17.769590
17.848746
17.943141
17.929420
17.882552
17.856551
17.812447
17.825179
17.855820
17.865438
17.880521
17.814827
17.715099
17.624344
17.512904
17.419857
17.325892
17.209793
17.085794
17.005808
16.938502
16.860945
16.789629
16.693532
16.588729
16.491374
16.390484
16.421222
16.507101
16.583704
16.696138
16.775571
16.856771
16.976410
17.109739
17.186079
17.248654
17.328164
17.402394
17.514918
17.643055
17.764211
17.893767
17.969739
18.026108
18.093428
18.150548
18.226463
18.306753
18.375762
18.444011
18.547532
18.664511
18.779093
18.902697
19.013630
19.123146
19.242527
19.364101
19.407601
19.419952
19.438017
19.435649
19.457253
19.480087
19.480782
19.475171
19.500261
19.533116
19.557943
19.586245
19.594491
19.594983
19.599871
19.600872
19.644577
19.705096
19.759785
19.824394
19.876316
19.926871
19.988197
20.052121
20.092707
20.125721
20.162517
20.194903
20.238642
20.285544
20.327422
20.369847
20.387623
20.394636
20.403238
20.404861
20.411461
20.417078
20.415269
20.410366
20.416778
20.425768
20.431009
20.437061
20.435218
20.430001
20.425933
20.419936
20.421138
20.424620
20.425804
20.427842
20.426666
20.424280
20.422898
20.421035
20.413101
20.402466
20.391603
20.378735
20.367188
20.355241
20.341158
20.326119
20.329025
20.338891
20.346977
20.359467
20.366062
20.372023
20.382783
20.394665
20.398734
20.400512
20.403825
20.405891
20.412354
20.420266
20.426709
20.433671
20.430616
20.423385
20.417112
20.408230
20.401824
20.395350
20.386075
20.375839
20.370548
20.366614
20.361450
20.356921
20.349445
20.340881
20.333094
20.324815
20.317597
20.310683
20.303220
20.295779
20.287852
20.279670
20.271526
20.263229
20.253565
20.243253
20.232840
20.221935
20.211228
20.200364
20.188981
20.177325
20.165470
20.153348
20.140947
20.128281
20.115250
20.101910
20.088310
20.074415
20.060275
20.045865
20.031158
20.016173
20.000892
19.985323
19.969477
19.953345
19.934733
19.914901
19.894880
19.873944
19.853258
19.832230
19.810244
19.787715
19.765728
19.743617
19.720914
19.697958
19.674071
19.649607
19.624916
19.599761
19.575275
19.550832
19.525876
19.500794
19.475043
19.448893
19.422637
19.396079
19.368572
19.340509
19.312173
19.283359
19.254458
19.225267
19.195583
19.165545
19.167736
19.183423
19.197349
19.220263
19.234878
19.249988
19.274745
19.302961
19.318569
19.331456
19.348542
19.364805
19.390288
19.419754
19.448002
19.478575
19.494611
19.505422
19.519256
19.530389
19.546867
19.564675
19.579480
19.594196
19.618400
19.646282
19.673639
19.703501
19.730072
19.756362
19.785382
19.815084
19.829230
19.837365
19.846898
19.852562
19.863463
19.874927
19.882171
19.888439
19.901041
19.915435
19.928511
19.942536
19.952832
19.961848
19.971996
19.981632
20.000521
20.023228
20.045013
20.069175
20.090952
20.112730
20.137064
20.162234
20.182834
20.202151
20.222550
20.242325
20.264766
20.288162
20.310806
20.333860
20.340436
20.340115
20.340922
20.337232
20.337697
20.337942
20.333362
20.327065
20.327808
20.330233
20.330538
20.331476
20.327635
20.321834
20.316875
20.310850
20.311648
20.314937
20.316836
20.320033
20.320826
20.321058
20.322726
20.324488
20.321775
20.317354
20.313234
20.307968
20.304309
20.300828
20.296093
20.291079
20.285796
20.280134
20.274184
20.267906
20.261053
20.253770
20.246170
20.238172
20.230114
20.221809
20.213093
20.204081
20.194615
20.184772
20.174639
20.164158
20.152653
20.140519
20.128066
20.115074
20.101915
20.088400
20.074331
20.059842
20.045246
20.030350
20.015019
19.999350
19.983145
19.966508
19.949541
19.932174
19.875357
19.801532
19.728992
19.644850
19.569800
19.493319
19.404446
19.310593
19.859576
20.678438
16.662007
10.782710
33.290518
12.857394
18.693435
18.590134
18.503358
18.421986
18.336161
18.252724
18.162066
18.068983
17.978647
17.887579
17.784332
17.675851
17.567159
17.454635
17.345203
17.235270
17.121235
17.005547
16.473325
15.762659
15.068210
14.252932
13.535875
12.805707
11.946356
11.036294
10.281535
9.555415
8.769078
7.986984
7.080555
6.116834
5.162388
4.171875
4.192002
4.626234
4.979630
5.599701
5.943541
6.286253
6.916287
7.638798
7.920329
8.087986
8.372667
8.607084
9.122102
9.745351
10.305400
10.918988
10.837086
10.477652
10.203125
9.761026
9.518910
9.292350
8.884377
8.427679
8.333486
8.351494
8.301992
8.314730
8.139003
7.905102
7.743219
7.564762
7.674734
7.907290
8.110826
8.390001
8.605350
8.825913
9.127297
9.458754
9.638472
9.776278
9.952399
10.109115
10.355298
10.634514
10.890088
11.160557
11.247199
11.260099
11.296154
11.288041
11.331393
11.378397
11.377643
11.363731
11.448404
11.563802
11.660948
11.775165
11.838689
11.886711
11.954444
12.017932
12.152884
12.318340
12.476477
12.653362
12.814867
12.977837
13.160820
13.351377
13.503690
13.645398
13.796754
13.943196
14.112075
14.289218
14.460384
14.635255
14.659865
14.621642
14.593687
14.524745
14.493927
14.461211
14.384505
14.292228
14.263905
14.250840
14.218550
14.192001
14.122027
14.034231
13.954097
13.864275
13.837319
13.833384
13.816770
13.812204
13.785587
13.753890
13.735516
13.718096
13.659680
13.585679
13.514539
13.432971
13.366259
13.301286
13.224901
13.146047
13.165543
13.224521
13.276612
13.354690
13.403153
13.450464
13.525896
13.609619
13.654906
13.690701
13.736959
13.779150
13.846943
13.924832
13.997491
14.075366
14.100418
14.104885
14.116987
14.117099
14.133352
14.151664
14.156927
14.159312
14.191173
14.232847
14.270166
14.313351
14.342745
14.368559
14.401006
14.433137
14.448626
14.457587
14.466992
14.471765
14.482276
14.493106
14.498896
14.503299
13.717265
12.593718
17.574673
24.911216
-3.662859
22.047286
14.544551
14.545583
14.534003
14.516530
14.498391
14.475873
14.455370
14.433602
14.407207
14.378464
14.352555
14.326261
14.297378
14.267512
14.233355
14.196637
14.159067
14.119480
14.426488
14.879937
15.316346
15.850830
16.299107
16.754857
17.315713
17.915665
18.381917
18.820731
19.306616
19.785514
20.365317
20.989766
21.603006
22.243083
20.567318
17.917559
15.395342
12.225743
9.639630
7.011923
3.689922
0.114795
-0.439894
0.098469
0.239055
1.042440
0.665792
0.055519
0.179071
0.380432
-0.017351
-0.555901
-0.982243
-1.490248
-1.558455
-1.465914
-1.475981
-1.407808
-1.156118
-0.800543
-0.372706
0.153994
0.678868
1.256944
1.938012
2.687641
2.528906
2.026699
1.635448
1.034266
0.748942
0.511387
0.043782
-0.465878
-0.546548
-0.488751
-0.494813
-0.417733
-0.553631
-0.747952
-0.847531
-0.956729
-0.969868
-0.936611
-0.916697
-0.870549
-0.828175
-0.776527
-0.697663
-0.603272
-0.582116
-0.581962
-0.562362
-0.552085
-0.501231
-0.435421
-0.380856
-0.319771
-0.234645
-0.137424
-0.034580
0.078870
0.189234
0.303851
0.429625
0.561812
0.697962
0.839985
0.988565
1.143106
1.306085
1.476143
1.652060
1.834681
1.788324
1.648300
1.525135
1.341003
1.220475
1.100226
0.914258
0.707191
0.595867
0.508434
0.394511
0.290651
0.123902
-0.067694
-0.246373
-0.437860
-0.521458
-0.563785
-0.623918
-0.660863
-0.732127
-0.809013
-0.860557
-0.907587
-1.018784
-1.152485
-1.278546
-1.418695
-1.531393
-1.638204
-1.760723
-1.884259
-1.889313
-1.846093
-1.809160
-1.739734
-1.704736
-1.669827
-1.599847
-1.518632
-1.480136
-1.450839
-1.407791
-1.367725
-1.296153
-1.211116
-1.130416
-1.041915
-1.017227
-1.016494
-1.004970
-1.006837
-0.987197
-0.963538
-0.954583
-0.947724
-0.903303
-0.845438
-0.791478
-0.728904
-0.681845
-0.637764
-0.584126
-0.529461
-0.509300
-0.502327
-0.492726
-0.491841
-0.478740
-0.464247
-0.459282
-0.456425
-0.441089
-0.422440
-0.406588
-0.389052
-0.379398
-0.372606
-0.363753
-0.356199
-0.325784
-0.286031
-0.248592
-0.205342
-0.168236
-0.131266
-0.088033
-0.042850
-0.008838
0.021997
0.055383
0.087182
0.125414
0.165910
0.204508
0.244039
0.292847
0.345838
0.399382
0.456103
0.510881
0.566380
0.625256
0.685701
0.744581
0.803887
0.864912
0.926703
0.991368
1.057797
1.124909
1.193441
1.257150
1.319545
1.383624
1.447293
1.513675
1.581198
1.648192
1.715784
1.787320
1.860758
1.934639
2.010019
2.084845
2.160184
2.237101
2.314871
2.305941
2.260688
2.220069
2.155219
2.112673
2.068754
1.998827
1.919552
1.873971
1.835591
1.785875
1.738278
1.665872
1.582701
1.502704
1.416386
1.369299
1.336278
1.295048
1.261071
1.212589
1.160465
1.116408
1.072542
1.003020
0.923525
0.845397
0.760460
0.684357
0.608967
0.526159
0.441464
0.398116
0.370690
0.339470
0.318474
0.283440
0.246822
0.221364
0.198425
0.158562
0.113861
0.072586
0.028710
-0.005326
-0.036030
-0.069825
-0.102332
-0.159608
-0.227147
-0.292309
-0.363892
-0.429188
-0.494566
-0.566843
-0.641428
-0.703904
-0.763040
-0.825143
-0.885660
-0.953366
-1.023702
-1.092111
-1.161693
-1.170495
-1.153782
-1.140888
-1.111227
-1.096829
-1.081472
-1.048130
-1.008303
-0.993710
-0.984911
-0.968168
-0.953431
-0.921048
-0.881256
-0.844239
-0.803063
-0.787469
-0.781106
-0.769356
-0.762348
-0.746058
-0.727471
-0.714150
-0.701011
-0.670919
-0.634256
-0.598554
-0.558387
-0.524089
-0.490299
-0.451640
-0.411769
-0.405316
-0.412000
-0.415948
-0.428428
-0.430195
-0.431111
-0.441298
-0.453898
-0.453063
-0.448624
-0.447335
-0.444275
-0.449537
-0.457845
-0.463985
-0.471511
-0.460085
-0.441014
-0.424177
-0.402703
-0.386475
-0.370543
-0.349601
-0.327221
-0.314704
-0.305180
-0.293702
-0.283840
-0.268723
-0.251919
-0.237000
-0.221535
-0.230818
-0.250575
-0.268716
-0.293698
-0.312733
-0.332273
-0.359139
-0.388727
-0.407683
-0.424166
-0.443985
-0.462939
-0.489244
-0.518624
-0.546818
-0.576727
-0.597009
-0.613872
-0.632917
-0.650268
-0.671210
-0.693118
-0.713135
-0.733180
-0.759877
-0.789217
-0.818284
-0.849179
-0.877917
-0.906565
-0.937194
-0.968397
-0.984735
-0.995226
-1.006966
-1.014925
-1.027625
-1.040702
-1.049670
-1.057568
-1.071537
-1.087152
-1.101366
-1.116398
-1.755440
-2.660231
1.257237
7.035954
-15.556380
4.728431
-1.220779
-1.243884
-1.264708
-1.285414
-1.308324
-1.331876
-1.351102
-1.369021
-1.387808
-1.405894
-1.426297
-1.447450
-1.467783
-1.488365
-1.483373
-1.467529
-1.453039
-1.431330
-1.415810
-1.399685
-1.375831
-1.349061
-1.332516
-1.318137
-1.300236
-1.282935
-1.258079
-1.229916
-1.202672
-1.173468
-1.154858
-1.139935
-1.122535
-1.106930
-1.087189
-1.066268
-1.047365
-1.028328
-1.001945
-0.972588
-0.943427
-0.912176
-0.883191
-0.854211
-0.822972
-0.791016
-0.772522
-0.759181
-0.744498
-0.733085
-0.717049
-0.700437
-0.687397
-0.675118
-0.657125
-0.637436
-0.618809
-0.599234
-0.582837
-0.567461
-0.550975
-0.534832
-0.510673
-0.483146
-0.456310
-0.427342
-0.400305
-0.373164
-0.343737
-0.313494
-0.287075
-0.261658
-0.235213
-0.209204
-0.180811
-0.151498
-0.122732
-0.093516
-0.074848
-0.060516
-0.045266
-0.032775
-0.017467
-0.002156
0.010185
0.021563
0.037765
0.055254
0.071513
0.088362
0.102240
0.114999
0.128489
0.141450
0.158855
0.177982
0.196375
0.215734
0.233739
0.251542
0.270396
0.289461
0.305836
0.321276
0.337058
0.352262
0.368633
0.385265
0.401253
0.417211
0.439790
0.465103
0.490096
0.516936
0.541949
0.567016
0.594071
0.621803
0.647142
0.671990
0.697659
0.723194
0.750546
0.778695
0.806634
0.835049
0.860094
0.883907
0.908357
0.932143
0.957131
0.982386
1.006909
1.031371
1.057917
1.085243
1.112412
1.140101
1.167008
1.193809
1.221179
1.248661
1.251174
1.243177
1.236374
1.222511
1.214978
1.206956
1.191361
1.172985
1.164068
1.157071
1.146727
1.136860
1.119799
1.099545
1.080070
1.058667
1.048560
1.042437
1.033839
1.027251
1.016346
1.004283
0.994468
0.984610
0.967225
0.946855
0.926782
0.904640
0.884961
0.865392
0.843576
0.821118
0.810116
0.803450
0.795607
0.790507
0.781346
0.771618
0.764897
0.758758
0.747780
0.735334
0.723724
0.711270
0.701445
0.692431
0.682437
0.672684
0.655842
0.635993
0.616691
0.595463
0.575885
0.556164
0.534382
0.511831
0.492563
0.474114
0.454710
0.435632
0.414412
0.392331
0.370673
0.348563
0.339717
0.336348
0.331943
0.331070
0.326683
0.322346
0.321807
0.322536
0.317446
0.310876
0.305899
0.300291
0.298432
0.298041
0.296847
0.296396
0.290232
0.281901
0.274579
0.266066
0.259396
0.253058
0.245416
0.237570
0.233253
0.230205
0.226782
0.224168
0.220113
0.215785
0.212353
0.209021
0.197917
0.183648
0.169826
0.153887
0.140198
0.126522
0.110562
0.093874
0.080073
0.066918
0.052867
0.039043
0.023145
0.006376
-0.010075
-0.027019
-0.039855
-0.051142
-0.063113
-0.074214
-0.086679
-0.099389
-0.111145
-0.122754
-0.136775
-0.151651
-0.166264
-0.181421
-0.195568
-0.209513
-0.224062
-0.238667
-0.242226
-0.241177
-0.240665
-0.237054
-0.236355
-0.235500
-0.231314
-0.225946
-0.224693
-0.224283
-0.222447
-0.220834
-0.216107
-0.210008
-0.204263
-0.197697
-0.196401
-0.196998
-0.196521
-0.197032
-0.195600
-0.193689
-0.192877
-0.192103
-0.187943
-0.182476
-0.177203
-0.171041
-0.166068
-0.161203
-0.155370
-0.149301
-0.147967
-0.148434
-0.148445
-0.149609
-0.149110
-0.148396
-0.148943
-0.149748
-0.148612
-0.146905
-0.145559
-0.143895
-0.143326
-0.143111
-0.142521
-0.142054
-0.138646
-0.134006
-0.129616
-0.124443
-0.119986
-0.115493
-0.110161
-0.104532
-0.100292
-0.096417
-0.092166
-0.088072
-0.083109
-0.077809
-0.072707
-0.067439
-0.068777
-0.072870
-0.076507
-0.081941
-0.085678
-0.089485
-0.095222
-0.101634
-0.105245
-0.108184
-0.111958
-0.115476
-0.120890
-0.127078
-0.132927
-0.139194
-0.142647
-0.145063
-0.148031
-0.150451
-0.153844
-0.157454
-0.160458
-0.163408
-0.168169
-0.173612
-0.178916
-0.184673
-0.189758
-0.194754
-0.200245
-0.205836
-0.207712
-0.208106
-0.208766
-0.208452
-0.209281
-0.210167
-0.209997
-0.209527
-0.210500
-0.211836
-0.212789
-0.213902
-0.214063
-0.213853
-0.213846
-0.213651
-0.215504
-0.218162
-0.220538
-0.223389
-0.225627
-0.227797
-0.230483
-0.233290
-0.234978
-0.236301
-0.237803
-0.239092
-0.240923
-0.242904
-0.244642
-0.246404
