-0.059607
-0.022164
0.015963
0.063197
-0.125222
-0.409571
-0.199761
0.150405
-0.100346
-0.488688
-0.701900
-0.968704
-0.179269
1.053023
-1.136575
-4.462804
-0.636457
5.338310
2.004802
-3.525191
-2.146411
0.157082
-0.185010
-0.487891
-0.351523
-0.290019
-0.227890
-0.154065
-0.084862
-0.012077
0.073018
0.164540
0.146987
0.087337
0.039142
-0.035457
-0.073844
-0.107984
-0.170925
-0.240297
-0.261041
-0.267157
-0.282255
-0.289171
-0.322615
-0.364464
-0.396771
-0.431765
-0.446318
-0.452422
-0.462114
-0.467208
-0.476911
-0.486800
-0.491760
-0.495198
-0.512829
-0.535263
-0.555471
-0.578486
-0.595140
-0.610167
-0.628355
-0.646454
-0.634981
-0.611219
-0.588663
-0.557730
-0.534836
-0.511566
-0.479286
-0.443848
-0.418691
-0.395475
-0.368474
-0.341861
-0.307066
-0.268570
-0.230799
-0.190735
-0.296525
-0.463377
-0.621574
-0.820147
-0.999206
-1.187965
-1.416026
-1.663289
-1.373097
-0.867380
-3.036922
-6.465665
5.770343
-7.216190
-3.237552
-2.201168
-3.229048
-2.755272
-2.748896
-2.456285
-2.319994
-2.165576
-1.929002
-1.665529
-1.528373
-1.423660
-1.285003
-1.160482
-0.955242
-0.718687
-0.499976
-0.265634
-0.157917
-0.098642
-0.017870
0.035939
0.129783
0.230301
0.301355
0.367238
0.510003
0.679939
0.840975
1.019096
1.164822
1.303828
1.461848
1.621378
1.534286
1.344978
1.168018
0.922298
0.743541
0.562362
0.307216
0.026553
-0.163048
-0.333693
-0.535266
-0.731474
-0.996081
-1.290551
-1.417460
-1.494308
-2.512485
-3.889993
1.899913
-3.122519
-1.569793
-1.527208
-1.446956
-1.362108
-1.122370
-0.810586
-2.186667
-0.990192
-1.305310
-1.236799
-1.193656
-1.141595
-1.134204
-1.144327
-1.143494
-1.150936
-1.146805
-1.140466
-1.143105
-1.147306
-1.114575
-1.067812
-1.024328
-0.971753
-0.923008
-0.871980
-0.811403
-0.746097
-0.731938
-0.736314
-0.733516
-0.741766
-0.317248
0.286993
0.067434
-0.372604
-0.164517
0.128796
0.159384
0.186751
0.400074
0.663191
-0.063791
-1.169033
3.448285
-0.689353
0.518174
0.503323
0.499528
0.493610
0.471488
0.442647
0.436605
0.435398
0.426124
0.418099
0.393336
0.361182
0.330977
0.296365
0.273993
0.254970
0.230874
0.207484
0.120348
0.005882
-0.105145
-0.234265
0.075552
0.564020
1.104454
1.797196
-0.861656
-4.869727
0.285815
0.707932
0.662499
-0.829691
-0.664049
-0.520483
-0.238486
0.267614
0.758068
1.361541
-0.686798
-3.812170
-3.131921
-1.617901
0.230776
5.304412
1.957224
-3.426307
-2.952470
-1.832274
5.155447
-0.952558
-0.373806
-2.974862
-1.983619
-0.245906
3.236449
-1.993660
-0.847017
-0.885120
-0.833763
-0.624298
-0.608880
-0.592464
0.271602
1.476261
-3.644644
0.877381
-0.419322
-0.342881
-0.302640
-0.250470
-0.022738
0.281451
0.590132
0.955142
1.277886
1.609517
2.001318
2.418411
2.341316
2.072170
1.850991
1.507893
1.326584
1.162061
0.864738
0.535907
0.420249
0.366469
0.269826
0.206515
0.021813
-0.203459
-0.310480
-0.399053
-0.859703
-1.457504
1.482123
-0.905545
-0.056693
0.047423
0.215172
0.403716
0.470909
0.502950
0.562256
0.603841
0.713611
0.846976
1.101381
1.425565
0.554859
-0.778753
4.337400
-0.272071
0.969992
0.827271
1.334595
0.811563
0.972843
1.011292
1.039149
1.077399
1.086330
1.086534
1.098678
1.108708
1.078867
1.032335
0.985428
0.926319
0.878491
0.829704
0.767796
0.701050
0.643222
0.585531
0.522344
0.457827
0.382638
0.301704
0.219810
0.133684
0.086447
0.053673
0.014835
-0.015689
-0.059915
-0.106716
-0.144367
-0.180783
-0.242434
-0.313276
-0.381678
-0.456021
-0.520322
-0.582876
-0.651993
-0.722021
-0.786710
-0.850249
-0.915014
-0.979195
-0.671185
-0.204665
0.270772
0.863693
-1.115315
-4.132675
-1.084038
1.707133
1.029256
-0.603019
1.624395
0.509344
0.943103
0.878252
0.843486
0.751868
0.753660
0.771743
0.722646
0.662488
0.727020
0.832312
0.718605
0.931523
0.951313
1.018797
1.103315
1.196981
1.297409
1.406805
1.525514
1.653105
1.529241
1.303531
3.111669
5.710852
-4.124825
3.824932
0.792554
0.105080
-0.197697
-0.400826
-0.769447
-1.121052
-0.630317
0.209280
1.028858
2.092595
2.918162
3.754684
4.712023
5.700684
7.320910
9.237336
4.852902
10.113787
9.715481
10.761935
11.737911
12.761683
13.011894
12.947892
12.966161
12.790280
12.825717
12.868799
12.702445
12.472936
12.627805
12.894452
13.077486
13.318025
13.342766
13.293780
13.312962
13.303749
13.602061
14.025136
14.674089
15.510182
14.206391
12.103699
22.188452
13.989524
16.148189
15.436527
14.785484
13.911921
13.617630
13.471960
10.552800
6.584513
18.570424
8.430019
11.944357
12.589445
12.837147
13.017086
13.465592
13.954539
14.017891
13.947542
13.939541
13.850350
13.967207
14.140292
14.220943
14.310430
14.169147
13.924026
13.399698
12.683473
13.441369
11.383614
12.269475
13.244479
12.913781
12.380981
12.279631
12.128893
12.596473
12.139950
12.273546
12.290662
11.769734
11.027773
10.327005
9.483213
10.475033
12.185240
13.668575
15.586394
15.579752
14.933839
14.818863
14.426449
12.718564
10.377158
11.888624
14.603307
14.032383
13.035265
13.455960
13.932299
14.050225
14.191854
14.417805
14.652790
14.707993
14.699861
14.709503
14.677991
14.724006
14.785605
14.801402
14.813222
14.731280
14.602728
14.473739
14.312793
14.157032
13.988455
13.786571
13.565059
13.459355
13.390202
13.295472
13.219250
12.824682
12.300624
11.809247
11.237386
10.620381
9.949913
9.374634
8.810023
1.913575
-5.692996
-4.047786
0.530784
-1.555400
-4.123142
-3.511384
-2.478150
-2.815951
-3.202938
-3.069244
-2.882230
-3.208686
-3.673500
-4.056842
-4.524725
-4.660902
-4.686928
-4.814124
-4.897625
-4.669951
-4.300110
-3.899258
-3.385640
-2.936877
-2.459583
-1.862513
-1.207977
-1.467917
-2.077352
-2.586918
-3.314602
-3.240701
-2.917367
-2.845963
-2.679989
-2.758940
-2.924465
-2.644983
-2.893277
-2.770062
-2.688973
-2.616553
-2.528223
-2.519426
-2.537933
-2.536611
-2.548068
-2.527881
-2.498118
-2.482790
-2.465767
-2.445440
-2.424441
-2.401945
-2.378146
-2.357905
-2.338410
-2.317401
-2.296475
-2.299717
-2.313121
-2.237018
-2.130152
-2.697341
-3.527445
-0.364540
-3.252435
-2.431380
-2.444847
-2.461558
-2.477979
-2.501287
-2.527733
-2.553608
-2.581439
-2.046098
-1.271984
0.374545
2.563810
-0.728351
4.031179
4.082603
5.323446
5.634282
5.608243
5.705310
5.598416
5.853689
6.180519
6.281578
6.358455
6.622553
6.931076
7.204699
7.504114
7.667290
7.780888
7.926782
8.048759
8.112794
8.144388
8.153977
8.132867
8.113041
8.077046
8.009040
7.919972
7.988890
8.111772
8.205785
8.329531
8.385493
8.423490
8.494959
8.565074
8.549127
8.499469
8.452387
8.381490
8.340284
8.300824
8.235452
8.163018
8.148935
8.153626
8.148284
8.153649
8.130404
8.098941
8.079716
8.058818
7.911061
7.709839
8.303142
9.196026
5.367000
8.238077
8.344651
7.270534
7.525304
7.499492
7.469039
7.445843
7.408894
7.369002
7.337178
7.305951
7.259189
7.206952
7.064896
6.880411
7.442597
8.293096
5.018441
7.982675
7.095639
7.056715
7.030804
7.000057
8.736279
11.223453
10.269291
8.389859
8.944100
9.735868
9.437547
9.044404
8.994041
8.929666
8.743693
8.535711
8.562420
8.665798
8.735308
8.851187
8.852774
8.823872
8.847628
8.867401
7.935695
6.602846
5.305360
3.734190
4.939061
7.200621
8.972648
11.492346
10.993507
9.508822
8.783288
7.599160
7.584117
7.931999
7.760784
7.662561
7.619129
7.578247
7.606436
7.671012
7.634447
7.579212
7.566553
7.552551
7.505423
7.448080
7.391113
7.326012
7.280519
7.239597
7.189412
7.139505
7.090228
7.040368
6.880127
6.672713
7.312176
8.278189
4.248407
7.770704
6.667421
6.605969
6.543840
6.479839
6.524276
6.613903
5.870768
4.805954
8.626995
5.061267
6.013261
5.943355
5.871656
5.798697
5.725002
5.650212
5.646752
5.673051
5.695137
5.736929
5.724245
5.697171
5.692812
5.685605
5.870675
6.138629
5.994291
5.733726
5.839112
6.002087
6.025690
6.055729
6.076495
6.081574
6.092606
6.097838
6.113751
6.132121
6.144074
6.155578
5.967587
5.693822
7.140919
9.258919
1.009858
7.512563
7.964887
8.122008
2.871350
8.025498
6.576411
6.620871
6.636231
6.639892
6.887928
7.231381
6.144851
7.221910
6.977511
7.033302
7.090821
7.149819
7.210019
7.271608
7.367273
7.478216
7.589136
7.710813
7.825895
7.943210
8.071944
8.205886
8.328935
8.450999
8.579013
8.707944
8.847860
8.993510
9.139683
9.289928
8.855813
8.175019
7.523640
6.707303
6.036668
5.353842
4.494207
3.569056
4.020262
5.007679
5.866527
7.067688
7.958412
8.863845
9.068157
8.948166
13.726056
8.559432
8.831069
8.220601
7.692867
7.362824
6.666031
5.914589
6.740245
8.172508
9.477286
11.179082
10.447688
8.853527
7.774242
6.252083
6.513874
7.381713
7.718277
8.301688
8.191011
7.844421
7.779065
7.649324
7.409776
7.123114
6.776773
6.371333
6.641173
7.164329
7.576346
8.131286
8.124116
7.932978
7.008547
7.364794
7.159164
7.236951
7.188883
7.160579
7.698729
8.473838
9.243984
10.183042
9.819540
8.980431
8.910488
8.807020
6.318791
8.892366
8.238628
8.331184
8.088957
7.712266
7.294297
6.760303
7.368328
6.869044
7.042939
7.105298
7.062914
6.994977
6.953292
6.899712
7.027783
6.806212
6.797671
6.735163
6.873810
7.095315
6.012392
4.434566
10.482592
5.014533
6.599459
6.596318
6.593782
6.594150
6.599251
6.607790
6.921748
7.367772
7.804224
8.330834
8.788039
9.256947
9.705420
10.143334
9.949583
9.479949
3.845495
5.773879
3.262226
1.858495
0.014871
-1.966892
-2.728752
-3.082861
-3.638800
-3.960365
-4.819352
-5.818551
-6.675209
-7.360057
-7.679462
-7.747765
-7.850512
-7.811549
-7.823089
-7.793357
-7.615028
-7.359478
-7.565895
-7.916956
-8.166981
-8.490716
-8.584948
-8.605369
-8.711991
-8.796399
-8.610402
-8.308067
-8.030856
-7.612434
-7.397580
-7.205831
-6.190270
-4.856562
-8.282424
-4.853375
-7.707000
-6.535975
-7.124103
-7.240010
-7.493922
-7.771542
-7.805206
-7.760791
-7.892737
-8.037303
-7.227667
-6.036609
-11.126732
-6.645568
-7.894753
-7.762062
-7.640924
-7.483920
-7.347899
-7.205222
-7.024605
-6.826947
-6.738649
-6.684880
-6.608454
-6.550148
-6.437847
-6.308662
-6.200384
-6.087371
-5.708291
-5.215994
-4.730436
-4.166516
-3.682574
-3.196655
-2.615701
-2.001853
-2.857955
-4.314038
-4.946125
-6.562348
-6.210284
-2.506825
0.433532
4.828120
5.528686
5.258125
6.326552
7.118474
8.089703
9.149438
9.925853
10.642177
10.356761
9.586948
8.666104
7.347929
8.506181
10.515958
6.244401
11.034771
10.719776
11.813874
13.095422
14.576444
14.142732
13.007630
12.163064
10.910689
11.211395
12.012593
12.326985
12.833236
12.666732
12.252332
12.123984
11.929947
11.429826
10.798974
12.882361
10.709877
11.080374
10.825954
10.573937
10.299371
10.237006
10.254620
10.239763
10.271039
9.718661
8.936120
8.226241
7.377620
7.573236
8.155850
8.550395
9.156844
9.381392
9.522829
10.051584
10.665756
10.175019
11.003861
11.027833
11.210708
11.579197
12.015901
12.170073
12.723653
12.681427
12.542938
12.445613
12.257605
12.171327
12.090200
11.911139
11.703594
11.681900
11.715566
11.710954
11.735678
11.658997
11.548861
11.473160
11.385697
11.446864
11.569408
11.673641
11.814583
11.918796
12.022644
12.165930
12.321937
12.395190
12.443369
12.508597
12.560567
12.656467
12.766652
12.861354
12.960814
12.907304
12.789297
12.682688
12.534505
12.423227
12.309377
12.093245
11.836295
12.074105
12.492475
10.282310
12.018399
11.299964
11.108068
10.919411
10.718967
10.554759
10.400789
12.036489
14.442323
5.787428
12.337520
12.644369
10.285923
10.970668
11.040196
11.069264
11.115061
11.123205
11.118884
11.133180
11.145570
11.126751
11.095729
11.064228
11.023499
10.994159
10.965290
10.926375
10.884612
10.882316
10.894416
10.901785
10.918067
11.137960
11.448164
11.766180
12.151402
10.900527
9.068500
9.730874
11.009028
11.130766
11.313145
9.713146
12.027376
11.430001
11.239271
11.181218
11.061871
11.126952
11.255833
11.314366
11.392392
11.252712
11.022084
10.637152
10.120891
11.063061
12.547909
5.693027
11.340947
10.316800
11.429599
12.479275
13.796992
13.087738
11.634936
10.546495
9.050019
9.384297
10.344927
11.090489
12.231914
10.478065
7.655019
17.946949
8.831785
11.587730
11.689114
11.739220
11.780569
11.861320
11.949304
12.026117
12.105738
11.850749
11.453518
11.073533
10.598796
9.925727
9.125693
7.666973
5.847486
8.988012
7.642093
9.195950
10.406460
10.472211
10.197029
10.342476
10.385915
10.454349
10.530157
10.502634
10.437247
10.396656
10.337930
10.238117
10.114949
10.269830
10.527725
10.749129
11.032722
11.214520
11.378283
11.610522
11.852666
11.841056
11.733367
11.647417
11.498824
11.441738
11.396534
11.282711
11.154948
11.124568
11.121827
11.099911
11.093101
11.028865
10.945243
10.879581
10.806395
10.810645
10.846220
10.816349
10.781509
11.144693
11.667977
9.750149
11.558202
11.108290
11.185128
11.267104
11.359013
11.387476
11.394141
11.061829
10.568350
12.196800
10.684987
11.071734
11.019434
11.197888
11.469821
11.229612
10.839729
10.905633
11.041103
10.997914
10.959567
10.936437
10.903134
10.872768
10.840496
10.830858
10.830269
10.826754
10.828631
10.824111
10.819086
10.819896
10.822274
10.812390
10.798643
10.787094
10.773371
10.765857
10.760199
10.752041
10.744346
10.596188
10.388215
10.405306
10.475259
9.231285
9.607208
10.160583
9.037126
9.355018
9.519203
9.657056
9.864299
9.980404
10.087459
10.270065
10.470926
10.402966
10.237176
10.102475
9.906693
9.816063
9.744843
9.606108
9.458874
9.425061
9.428376
9.417468
9.429917
9.386505
9.328765
9.297498
9.264865
9.320182
9.415086
9.474370
9.546363
9.785792
9.756631
9.920983
10.059539
10.158227
10.248355
10.352887
10.455314
10.586595
10.730691
10.871480
11.019922
11.057849
11.051989
11.058789
11.038756
11.051727
11.067508
11.054188
11.033297
11.067104
11.117555
11.157579
11.206759
11.274971
11.354469
11.074287
10.648365
12.410421
10.884248
11.369070
11.400340
11.452871
11.514852
11.399920
11.216392
12.253208
11.774433
10.724058
8.849465
16.337943
11.937628
8.081757
13.112446
11.664657
11.682305
11.698919
11.715815
11.730163
11.743449
11.601874
11.393638
12.486944
14.086416
7.821001
11.832474
14.350602
10.782303
11.833554
11.840102
11.845596
11.850242
11.854266
11.857518
11.860134
11.862051
11.863190
11.863603
11.863613
11.863029
11.861704
11.859744
11.856964
11.853459
11.849324
11.844496
11.911206
12.007963
12.100912
12.213897
12.308690
12.404728
12.522260
12.647596
12.557861
12.382547
12.224755
12.011541
11.864306
11.721031
11.517678
11.297605
11.347098
11.497093
11.617680
11.801394
12.248315
12.833699
13.472848
14.227631
13.411350
11.986466
10.749447
9.140806
9.350160
10.178813
10.545882
11.199266
11.058713
10.665636
10.599507
10.470088
10.663424
10.999054
11.257851
11.584812
11.626242
11.569987
11.595994
11.580992
11.676205
11.807806
11.892858
11.986827
11.970458
11.906391
11.855941
11.777249
11.617278
11.410930
11.835752
12.498794
9.471602
12.388043
11.686114
11.839089
11.191159
10.219918
10.729504
11.632864
11.410581
11.050672
11.158686
11.282112
11.310188
11.354463
11.422523
11.498197
11.430375
11.307583
11.199050
11.055629
11.153656
11.339579
11.479091
11.665612
11.559695
11.346461
11.194129
10.986454
10.879935
10.796972
10.759512
10.763165
10.133909
9.259437
13.191686
9.884754
10.968191
11.036321
11.156450
11.287811
11.252225
11.156372
10.970703
10.700898
11.335778
12.306663
8.308269
11.754821
10.712648
10.723141
10.725419
10.742186
10.725135
10.699614
10.690484
10.680779
10.659149
10.633910
10.704176
10.812125
10.359853
10.763071
10.644638
10.645817
10.632661
10.614218
10.598083
10.578934
10.564941
10.551973
10.535682
10.519004
10.553467
10.609158
10.662216
10.729516
10.677356
10.580761
10.504039
10.402301
10.410076
10.454829
10.469123
10.499380
10.460727
10.397007
10.352542
10.297227
10.472441
10.742698
10.991938
11.301183
10.820797
10.030318
8.608895
6.690080
19.745936
7.112505
10.758953
10.879762
10.899623
10.948238
10.995935
11.046027
10.951475
10.796402
10.650037
10.463700
10.314417
10.163091
9.968858
9.759336
9.821563
9.987711
10.223207
10.565683
10.504144
10.328173
14.598428
12.366863
11.070751
7.596641
9.276102
12.226808
11.123887
9.437589
9.282978
9.077480
8.845298
8.740106
8.595560
8.490954
8.205301
7.857161
7.557858
7.230883
7.759085
8.643366
8.767612
8.825882
9.372785
10.016202
10.564216
11.168606
11.089014
10.734706
10.467488
10.036165
9.871896
9.753579
9.454562
9.128470
8.432693
7.547793
6.649370
5.617420
4.376514
2.982693
1.459553
-0.212397
-0.097400
0.694510
-0.186867
-1.273794
-1.506149
-1.648391
-2.053556
-2.437876
-2.724282
-2.987098
-3.234648
-3.454279
-3.597832
-3.694314
-3.765054
-3.794728
-3.852606
-3.900515
-3.904492
-3.888090
-3.818445
-3.711943
-3.586293
-3.429586
-3.601850
-3.897509
-4.146683
-4.468737
-4.659959
-4.824741
-5.070239
-5.323837
-5.534514
-5.739270
-5.954905
-6.167848
-5.710221
-4.967160
-5.620421
-6.663050
-6.425882
-5.974483
-5.992420
-5.974150
-5.897273
-5.828189
-5.727881
-5.611734
-5.523010
-5.435225
-5.329614
-5.219761
-5.173136
-5.149538
-4.937656
-4.663146
-4.602866
-4.584455
-4.490480
-4.406658
-4.308247
-4.200384
-4.103059
-4.004245
-3.865500
-3.710183
-3.555128
-3.388192
-3.232714
-3.076573
-2.907639
-2.734164
-2.800327
-2.964973
-3.114484
-3.329081
-3.477433
-3.626495
-3.845668
-4.087992
-4.235605
-4.361193
-4.515385
-4.661398
-4.873305
-5.112445
-5.340505
-5.583589
-5.662297
-5.676930
-5.714116
-5.713465
-5.763474
-5.819696
-5.941085
-6.098478
-5.527401
-4.670135
-8.603877
-5.290688
-6.379177
-6.451876
-6.544046
-6.634580
-6.532086
-6.348755
-6.239266
-6.102876
-5.502364
-4.699583
-6.867233
-4.432439
-4.963929
-4.915336
-4.836900
-4.788030
-4.661243
-4.511997
-4.396480
-4.276538
-4.291871
-4.366261
-4.430506
-4.532435
-4.607567
-4.687880
-4.808277
-4.945320
-5.016582
-5.071901
-5.147606
-5.217549
-5.331194
-5.462892
-5.586903
-5.720730
-5.735976
-5.704551
-5.688340
-5.644175
-5.635686
-5.630889
-5.595739
-5.553180
-5.569493
-5.604170
-5.628400
-5.663023
-5.667246
-5.662298
-5.669337
-5.673960
-5.359723
-4.909948
-4.471516
-3.940631
-3.488414
-3.027547
-2.467675
-1.869952
-1.237674
-0.562472
0.151208
0.905034
1.431245
1.883494
2.387420
2.854574
2.955347
2.888466
2.799726
2.584325
2.438756
2.261231
1.949405
1.572854
1.518353
1.556331
1.512355
1.510946
1.330035
1.084015
0.889148
0.666527
0.705519
0.848236
0.951351
1.113925
1.202367
1.282936
1.427935
1.588811
2.206038
3.031703
3.854639
4.822412
4.520613
3.746199
3.176433
2.337838
2.623036
3.282097
3.616047
4.105857
4.131891
3.999202
4.045268
4.043906
3.716611
3.247336
2.744437
2.126185
2.428830
3.065697
3.543182
4.206983
4.081605
3.690866
3.525758
3.248736
3.290353
3.438998
3.459850
3.510220
3.489405
3.438602
3.420411
3.394504
3.375100
3.358302
3.333496
3.307193
3.363118
3.452481
3.536685
3.643071
3.725691
3.808048
3.914350
4.028200
4.109391
4.182758
4.265537
4.345197
4.455374
4.578071
4.696297
4.821720
4.706804
4.492523
4.870450
5.428346
3.094239
5.060184
4.384802
4.294371
4.222836
4.153768
4.072623
3.989496
4.065424
4.206821
3.982794
3.650803
3.622562
3.634277
3.518230
3.398709
3.295121
3.183155
3.065891
2.944133
2.813589
2.676639
2.535375
2.388344
2.237617
2.082158
1.920853
1.754453
2.468255
3.553574
4.595620
5.886555
5.155325
3.675719
2.540600
0.987234
1.683690
3.177922
4.211859
5.662024
5.004013
3.595289
5.676521
2.956470
3.612778
3.825323
3.779170
3.772510
3.550071
3.226933
2.951924
2.627355
2.489583
2.413164
2.277772
2.165818
1.972022
1.748142
1.551584
1.343887
1.562306
1.959708
2.327425
2.811506
2.993679
3.098777
3.714413
4.479195
4.556747
4.465836
4.563004
4.588485
5.449609
6.652618
7.746884
9.043578
8.296912
6.764147
5.528166
3.833720
4.686625
6.440004
7.611321
9.226683
8.652078
7.292100
6.481582
5.304926
4.901664
4.714084
4.118511
3.532303
3.604188
3.917277
4.208444
4.672999
4.490663
4.112007
3.940555
3.696771
5.395748
7.909410
6.099354
3.037060
3.739288
4.998659
4.765078
4.555957
4.577616
4.550847
4.209725
3.736589
5.131206
3.675402
3.949822
3.822477
3.729831
3.646889
3.553183
3.463120
3.353730
3.236683
3.124154
3.007913
2.993013
3.019973
3.038757
3.084409
3.103353
3.122659
3.170864
3.228707
3.199781
3.141511
3.097190
3.035864
2.987027
2.937012
2.868968
2.794023
3.167493
3.726618
4.259123
4.914784
3.970519
2.400384
3.273930
4.724550
3.908551
2.657296
2.120558
1.443866
1.877455
2.793541
3.522560
4.515653
4.336387
3.762225
3.510486
3.086744
3.139383
3.348259
3.361104
3.414198
3.411255
3.382573
3.396412
3.410349
3.416633
3.424210
3.432554
3.441021
3.446616
3.451128
3.455897
3.459962
3.465071
3.470321
3.474802
3.479131
3.612608
3.800886
3.983432
4.202896
4.390665
4.581642
4.812155
5.057638
4.835101
4.424625
4.050138
3.553335
3.196040
2.844596
2.360805
1.838216
2.060454
2.567417
3.001051
3.615780
3.973464
4.298874
4.822248
5.387513
5.339129
5.070233
4.872733
4.537296
4.449789
4.410698
4.218697
4.010574
4.055900
4.185320
4.285909
4.440477
4.472301
4.474140
4.536918
4.598577
4.615270
4.618758
4.623511
4.617852
4.640422
4.670258
4.688109
4.707255
4.762649
4.832805
4.902642
4.983100
4.984369
4.956888
4.686628
4.291209
6.046474
8.632490
-1.185035
6.283139
3.722958
3.682645
3.312428
2.920785
3.760666
5.079583
6.549646
8.438910
6.406799
5.476697
3.745728
1.775175
2.014682
2.997488
3.347528
4.010670
3.739678
3.150934
2.694811
2.047299
3.725250
6.317034
-0.935608
7.646015
1.581522
-4.337126
5.490814
3.028349
3.892445
2.079934
2.330873
2.557757
2.480653
2.481429
2.486808
2.498454
2.268720
1.939703
1.941654
2.012347
0.668186
2.296592
2.133319
2.450859
2.316140
2.024581
1.847850
1.598592
1.618068
1.730060
1.036910
0.072985
3.349871
0.184577
0.962848
0.849261
0.722099
0.588806
0.453388
0.312755
0.606421
1.082211
1.533860
2.106572
2.568414
3.037256
3.636006
4.281573
3.748420
2.749421
1.850738
0.651623
1.757031
3.712844
5.259094
7.273612
6.960489
5.833030
5.287411
4.361282
4.316744
4.530619
4.317215
4.136452
4.010710
3.878431
3.774173
3.684601
3.483552
3.244919
3.026518
2.787308
2.959715
3.299655
3.685114
4.212035
4.122414
4.786920
5.105553
5.565127
4.464981
2.730601
1.101997
-0.943968
0.075978
2.216079
3.792791
5.979351
5.396805
3.862139
4.298502
4.834137
-0.836701
4.786201
3.281466
3.379137
3.353470
3.271490
3.283059
3.294983
3.291068
3.290485
3.291696
3.293556
3.278217
3.256054
3.235317
3.210169
3.190342
3.170862
3.146598
3.121024
3.136488
3.168293
3.196935
3.236234
3.078524
2.841645
2.806862
2.800109
2.540177
2.207052
7.814697
0.307628
2.725294
3.849243
3.050917
1.879340
3.551614
6.055481
5.481874
4.289641
4.598622
4.930598
4.533007
3.994725
4.082354
4.293122
4.325467
4.405876
4.526686
4.668316
2.920376
0.382464
9.295063
0.150933
4.881899
2.654746
3.126709
2.955696
2.796223
2.626160
2.615593
2.669150
2.704960
2.780158
2.810192
2.837588
2.907561
2.989634
2.991957
2.970525
2.773990
2.483372
3.682602
5.453128
-1.251924
5.195324
2.518222
3.306992
3.081913
3.083426
3.093660
3.106433
3.114877
3.123592
3.127964
3.130155
3.132781
3.134109
3.271639
3.466560
3.392528
3.245373
3.325854
3.440449
3.467398
3.497143
3.543099
3.587983
3.634367
3.682602
3.731284
3.781181
3.832989
3.886226
3.941551
3.998636
4.057126
4.117260
4.181959
4.249519
4.318595
4.390140
4.462549
4.536643
4.613269
4.691852
4.771032
4.851652
5.046886
5.291624
4.673705
3.724063
7.863240
4.313063
5.394177
5.381410
5.373794
5.346167
5.338794
5.331208
5.302074
5.265817
5.260219
5.262048
5.255009
5.250923
5.226201
5.193144
5.163964
5.130341
4.950513
4.706802
5.191668
5.941122
2.381613
5.307469
4.439429
4.539953
3.277821
1.488032
8.686819
2.299973
3.306645
2.044625
2.578375
3.595977
3.562972
3.499829
3.997123
4.607510
5.527206
6.690853
6.985150
7.056612
7.113614
6.967986
5.834074
4.183162
7.424203
4.008658
4.448183
3.926671
2.768974
1.298438
-1.046142
-3.976589
3.568738
5.533359
6.180042
4.760027
4.471138
3.555503
7.524001
1.842162
3.254419
3.680095
3.619296
3.640368
3.650080
3.641811
3.714917
3.813018
3.844213
3.867270
3.919732
3.973809
4.059106
4.161557
3.952565
3.622399
5.150003
3.893738
4.343443
4.411193
4.299419
4.112915
3.937958
3.713884
3.536611
3.357456
3.125532
2.875229
2.698494
2.538862
2.356614
2.180546
1.951917
1.701425
1.470984
1.233263
1.102703
1.145619
1.875210
2.989621
-0.524622
2.840178
2.072817
2.280720
2.365979
2.418523
2.501820
2.569885
2.713689
2.885839
3.039199
3.205868
3.289229
3.341390
3.410770
3.464034
3.561381
3.671756
3.676935
3.648125
4.228099
5.040040
2.127819
5.206842
4.477937
4.541995
4.683034
4.825202
4.799978
4.712212
4.415401
3.982609
5.269006
7.201056
-0.765251
6.147546
3.808304
3.456761
3.094845
2.680284
3.160995
3.996874
4.614894
5.401452
6.682099
8.228890
4.390916
9.078081
6.907369
5.243453
3.661028
1.624593
1.709311
2.492447
3.016208
3.981501
2.237776
2.887109
2.259236
1.922479
1.933899
2.094645
2.159035
2.289271
2.390539
2.500135
2.525064
2.514803
3.279268
2.635677
2.862067
2.880834
2.975398
3.097039
3.196895
3.308195
3.291975
3.224553
3.174303
3.093863
3.048547
3.005847
2.857787
2.669841
3.044598
3.628938
1.433421
4.419207
1.278271
3.427177
2.860500
2.968484
2.376506
1.515300
4.819249
1.823669
2.683370
2.672486
2.663373
2.655279
2.636676
2.614266
2.593379
2.570243
2.551149
2.532882
2.512125
2.491124
2.264496
1.949997
2.995616
4.557011
-1.469970
7.311565
-2.897216
4.487690
2.312904
2.304259
2.294850
2.287928
2.271178
2.251330
2.234475
2.216401
2.273524
2.362388
2.334277
2.279230
2.475586
2.401732
2.481664
2.527028
2.567115
2.605043
2.647612
2.690585
2.742307
2.798431
2.854634
2.913859
2.956366
2.993184
3.011999
3.018718
3.200275
3.448651
2.706444
3.457421
3.306190
3.365905
3.425471
3.488291
3.547780
3.607361
3.670453
3.734730
3.769714
3.793161
3.819125
3.837652
3.865456
3.893988
4.071286
4.313206
3.362134
1.949482
7.620750
2.579583
4.086105
4.108772
4.133455
4.156972
4.086559
3.975846
3.867993
3.732525
3.553954
3.344406
3.108153
2.841456
3.123333
3.621531
4.156013
4.865393
1.797086
-2.792815
2.611769
3.334101
3.986041
3.472174
4.807806
6.376627
7.158957
7.911754
8.954551
10.023622
12.213064
14.922242
14.652038
13.476306
15.154570
17.307374
18.376073
19.508072
19.722341
19.460987
19.296113
18.852230
18.691199
18.529989
18.068529
17.509180
17.838670
18.468694
18.956676
19.619174
19.136772
18.233959
17.560032
16.665253
16.909169
17.558338
17.931610
18.497972
18.649398
18.685540
18.937260
19.182747
19.223781
19.197727
19.175749
19.102418
19.137812
19.195834
19.196043
19.193768
19.207859
19.221627
19.231661
19.241687
19.409856
19.644915
18.483441
16.775837
23.289242
17.376296
19.057450
19.017236
18.969987
18.917223
18.860862
18.799642
18.779892
18.775131
18.763522
18.760414
18.870069
19.030962
18.214106
17.017171
21.798132
17.877678
19.220495
19.358216
20.222971
21.389678
18.109327
21.655957
20.692056
20.537254
20.420657
20.221852
20.144247
20.083733
19.933199
19.765205
19.751136
19.784846
19.793131
19.829286
19.801388
19.756602
19.743228
19.728522
19.552857
19.311406
19.075767
18.794728
19.309119
20.141304
19.454422
18.354331
18.491201
18.799907
18.615467
18.432700
18.318857
18.182907
18.041798
17.895433
17.944719
18.074243
18.189850
18.357853
18.471907
18.586086
18.756720
18.945721
19.356802
19.876964
18.091187
15.398871
26.455366
16.828724
19.859004
20.038228
19.998332
19.869391
19.761544
19.597742
19.494557
19.393176
19.231428
19.051257
18.974280
18.926187
18.854094
18.796253
18.677847
18.537808
18.414941
18.282831
18.244980
18.244723
18.230969
18.239070
18.220793
18.200104
18.203070
18.212177
18.167003
18.104115
18.050113
17.985844
17.947650
17.916680
17.874027
17.832551
17.865114
17.928496
17.905200
17.867303
18.459152
19.302935
16.346778
19.178570
18.464968
18.552747
18.649566
18.750349
18.868001
18.995645
19.126738
19.265766
19.242503
19.154270
19.081276
18.967136
18.900861
18.837284
18.729171
18.608441
19.188293
20.055612
20.879309
21.893341
21.453603
20.479864
19.765487
18.757290
19.302132
20.397563
21.054051
21.946234
20.593988
18.350713
16.805491
20.865934
24.218629
18.386188
19.844794
20.026501
19.147748
19.464435
19.246428
19.248817
18.433487
19.667099
19.351376
19.249989
19.375707
19.534439
19.632843
19.745097
19.769020
19.755461
19.759568
19.744274
19.676603
19.579424
20.288806
21.322002
17.393948
20.797593
19.700423
19.598558
19.514872
19.428745
19.317600
19.196590
19.119977
19.054982
18.977663
18.905246
18.805237
18.694479
18.589887
18.479960
18.498397
18.569605
18.629804
18.723642
18.783189
18.842744
18.938510
19.046056
19.097037
19.133304
19.184492
19.229144
19.309519
19.403611
19.489515
19.582146
19.557068
19.484189
19.423285
19.332611
19.294341
19.265687
19.204052
19.138439
19.105518
19.081151
19.050995
19.025845
18.979079
18.924848
18.876685
18.825318
18.979332
19.219877
19.448296
19.733854
19.930695
20.115279
20.362740
20.621816
20.437829
20.077421
19.748641
19.303729
17.321072
14.633037
15.110465
16.441408
16.002457
15.545578
16.073699
16.825120
17.041412
17.238949
17.698540
18.204182
18.275077
18.210317
18.214054
18.137332
18.288395
18.505928
18.630895
18.771744
18.767238
18.698524
18.651783
18.568912
18.508321
18.442606
18.338704
18.218511
18.199694
18.212335
18.203438
18.210853
18.166838
18.106304
18.064702
18.017968
18.146009
18.348015
18.537324
18.774399
18.969969
19.168918
19.419002
19.688031
19.878626
20.050139
20.245054
20.432678
20.672570
20.933764
21.185344
21.448350
21.414330
21.258262
21.126753
20.917048
20.787227
20.657353
20.443284
20.201826
20.092865
20.018531
19.909462
19.815869
19.638982
19.430228
19.240811
19.035867
19.120434
19.322957
19.497081
19.745052
19.914036
20.081011
20.490142
20.993006
20.066302
18.600887
24.508636
19.280422
21.289535
21.891109
22.466355
23.137164
21.783347
19.610052
21.284064
23.996689
22.357708
19.761226
18.154863
16.060305
23.393293
34.613744
18.050499
18.360249
17.579057
21.298584
20.431521
19.606454
19.690644
19.695728
19.668633
19.687057
19.626099
19.549289
19.522765
19.501803
19.417153
19.313335
18.859846
18.241847
19.791537
18.144725
18.431056
18.271546
18.298107
18.399614
18.479172
18.604213
18.757425
18.941614
19.027753
20.025839
17.864210
14.775097
27.221739
16.206642
19.579067
19.723931
19.862984
20.010572
19.825584
19.502470
19.202485
18.812397
18.014359
17.002965
16.867124
16.960649
17.163604
17.613318
18.302704
19.221292
19.340347
19.251989
19.437271
19.557127
19.504552
19.376923
19.191178
18.927274
18.350211
17.597121
19.648471
22.777453
9.288176
21.609112
18.164171
18.346205
18.379291
18.379211
18.464589
18.555016
18.379332
18.101833
17.841713
17.513097
17.220623
16.913269
16.983726
17.211794
13.596837
13.487874
10.949402
8.613201
8.455047
9.061173
9.207095
9.745985
9.383582
8.773099
8.604609
8.412495
8.669943
9.154411
9.598553
10.179525
10.203636
10.050653
10.063002
10.003745
10.196122
10.479521
10.679261
10.912702
10.784871
10.510254
10.285437
9.974768
9.758196
9.546704
9.242680
8.911629
8.789917
8.734814
8.641972
8.586453
8.426833
8.236411
8.088813
7.933979
8.049969
8.282337
8.495879
8.784624
8.049009
6.910781
5.894417
4.632767
9.176011
16.087181
11.719925
4.278048
6.202275
9.476678
9.074870
8.733327
8.806263
8.694528
8.598092
8.465514
8.373044
8.282323
8.152582
8.011305
7.947970
7.908260
7.852938
7.810298
7.726135
7.628593
7.479850
7.298656
7.933656
8.895316
6.857386
9.414200
9.138240
9.492475
9.939426
10.421186
11.089333
11.862915
12.665231
13.548917
13.805057
13.835352
13.977165
13.994144
14.395685
14.914166
14.676459
14.212518
14.193682
14.178148
13.903222
13.566606
13.539100
13.586745
13.555140
13.557762
13.416801
13.222394
13.068979
12.892756
12.946995
13.092947
13.205679
13.371657
13.472646
13.567417
13.719844
13.887009
13.982231
14.059852
14.156289
14.244867
14.382145
14.538454
14.684677
14.840683
14.612756
14.224984
13.863813
13.398400
13.708657
14.302927
14.756058
15.364361
15.325988
15.070227
15.212578
15.353977
14.109716
12.317569
19.944100
13.193233
15.257573
15.332658
15.424276
15.524175
15.454985
15.319480
15.199969
15.038282
15.827578
17.003444
16.394106
15.307019
15.685531
16.274738
16.292017
16.319868
16.149313
15.838731
15.543101
15.167206
15.086959
15.096478
15.010281
14.956728
14.919389
14.894112
14.901168
14.929351
14.955455
14.993999
15.054759
15.130581
15.116881
15.074501
15.051748
15.014428
14.948214
14.864956
14.912554
15.004783
14.745519
14.371467
20.477579
16.916488
16.018056
12.408578
15.256886
19.864479
17.859045
14.548021
13.394602
11.847173
12.217100
13.446685
14.202880
15.363523
15.062717
14.279470
13.974146
13.491346
13.600780
13.929647
14.053060
14.254594
13.237939
11.717801
10.329422
8.632173
7.241901
5.851457
4.129094
2.297924
1.679477
1.490905
1.134775
1.037209
0.443073
-0.258928
-0.673193
-1.068155
-1.270801
-1.352102
-1.419428
-1.403579
-1.329439
-1.190039
-0.966941
-0.671477
-0.483098
-0.297509
0.103117
0.582593
0.145289
-0.622381
4.720267
0.904421
2.174323
1.963423
1.830879
1.576278
1.509899
1.474707
1.421374
1.394866
0.767084
-0.105887
4.212147
0.687354
1.866837
1.922395
2.046130
2.170321
2.114440
1.989371
1.873081
1.709035
1.609646
1.516321
1.413846
1.317165
0.950517
0.470746
1.861673
0.297349
0.823282
0.422260
0.428836
0.395796
-0.238598
-1.104269
2.229698
-0.781064
0.071305
0.038899
0.035904
0.039871
-0.026320
-0.115987
-0.195188
-0.288366
-0.349111
-0.401496
-0.469666
-0.537199
-0.341857
-0.036035
0.320870
0.779118
0.236670
0.012482
-0.442876
-0.953419
-0.873904
-0.593658
-0.474306
-0.266867
-0.294057
-0.396839
-0.399600
-0.420069
-0.396171
-0.351101
-0.325482
-0.293519
-0.258819
-0.222040
-0.178967
-0.131953
-0.090363
-0.048568
-0.002409
0.045130
0.099590
0.158105
0.217782
0.280588
0.298276
0.298356
0.303627
0.298079
0.306767
0.316991
0.315442
0.311111
0.233298
0.121669
0.010234
-0.124745
-0.248072
-0.377454
-0.531710
-0.698153
-0.198490
0.576254
1.309465
2.224444
1.805915
0.900762
0.240936
-0.683746
-0.552842
-0.070926
0.093255
0.398505
0.545235
0.656977
0.919059
1.211929
0.118486
-1.534482
0.130875
2.799172
0.993433
-1.894628
4.455454
-1.581604
-0.472323
-1.148851
-0.524976
0.572085
0.240316
-0.339977
-0.358502
-0.405756
-0.474810
-0.507118
-0.563762
-0.615848
-0.947466
-1.398466
0.256336
2.721608
-7.184282
1.582166
-1.078665
-1.161639
-1.239240
-1.316565
-1.398723
-1.482239
-1.494942
-1.478662
-1.466880
-1.435932
-1.469504
-1.522023
-1.551956
-1.587989
-1.300116
-0.874888
-0.469762
0.025475
-1.537693
-3.936609
-2.346766
0.330677
-0.311095
-1.433152
-1.254550
-1.099058
-1.131438
-1.116861
-1.107771
-1.098905
-1.117787
-1.149163
-1.179617
-1.218472
-0.904624
-0.444541
0.029981
0.616523
-1.275813
-4.168881
-1.251937
0.134392
-0.218818
-1.414246
-1.306792
-1.223840
-1.218623
-1.120002
-1.033039
-0.915496
-0.839201
-0.767360
-0.802845
-0.890451
-0.200636
0.784181
-4.565348
-0.386140
-0.762984
0.716139
1.917385
3.387688
-1.757848
-12.519252
-2.355860
3.016439
1.852645
-2.121695
-1.524713
-0.991809
-1.085188
-0.991022
-0.899856
-0.788397
-0.687581
-0.582100
-0.455178
-0.318074
-0.145273
0.049759
0.414679
0.866084
0.089979
-1.149910
4.890410
-0.033423
1.172191
0.618815
0.105983
-0.564840
-0.336004
0.205892
0.545772
1.041664
0.879926
0.490086
0.288493
-0.009529
-0.062187
-0.035699
-0.118114
-0.183797
-0.143220
-0.061121
-0.120683
-0.209811
0.571013
-0.021607
0.258394
0.358198
0.398314
0.420992
0.456413
0.482765
0.542488
0.613510
0.586081
0.525591
1.047462
1.791208
-1.420424
1.336386
0.449896
0.391252
0.338280
0.289875
0.167146
0.015533
1.270885
0.414954
0.580865
0.341172
0.156437
-0.086784
-0.077985
0.016459
0.039933
0.100030
0.060550
-0.011652
-0.042214
-0.080936
-0.119687
-0.157865
-0.204159
-0.253640
-0.298236
-0.343106
-0.391551
-0.441128
-0.354258
-0.210239
-0.073303
0.101848
0.241765
0.383849
0.566954
0.764799
0.640276
0.389837
0.168880
-0.132673
-0.426283
-0.751161
-0.422463
0.170518
-3.213712
0.135260
-0.735075
-0.666589
0.140725
-0.394256
0.000044
0.238968
0.102330
-0.168520
0.836314
-0.083186
0.237520
0.319242
0.364965
0.414704
0.496269
0.589447
0.685124
0.790675
0.881432
0.970785
1.071018
1.173657
0.780653
0.179034
-0.398639
-1.116366
-0.750745
0.012742
0.584730
1.376396
1.225406
0.755987
0.553093
0.214567
0.254975
0.421283
0.422490
0.452571
0.486425
0.400902
0.408075
0.399148
0.388717
0.379918
0.368205
0.355857
0.352598
0.352600
0.351530
0.352495
0.349780
0.346339
0.345155
0.344201
0.339467
0.333471
0.327894
0.321504
0.316928
0.312788
0.307730
0.302679
0.290995
0.276396
0.262081
0.245818
0.230893
0.215655
0.198345
0.180148
0.232476
0.314177
0.391903
0.489170
0.567875
0.647419
0.747959
0.855861
0.634513
0.278742
0.389592
0.601133
-1.742237
-0.110191
-0.987686
-1.340590
-0.944477
-0.249563
0.386577
1.217044
1.452802
1.520354
3.471688
6.082767
-0.335212
4.143709
1.893670
0.930828
0.343621
-0.193082
-1.041829
-1.959909
-1.846585
-1.359933
-0.992002
-0.390424
-0.215016
-0.124023
0.226263
0.602194
0.875158
1.143783
1.445455
1.748251
1.436451
0.867168
1.751550
3.068722
2.458100
1.383946
0.607475
-0.463683
0.227550
1.562104
-8.360869
-1.679128
-2.818539
-0.696691
-1.359004
-2.505878
-1.831588
-0.904284
-0.579228
-0.199020
-0.140111
-0.255839
-0.251401
-0.311691
-0.551773
-0.885965
1.119686
-0.550886
-0.068038
-0.143879
-0.202485
-0.287543
-0.115918
0.154355
-0.093115
-0.487476
-0.365599
-0.147724
-0.108278
-0.045103
-0.285641
-0.663182
-1.004483
-1.426724
0.110551
2.447503
1.384635
-0.542617
0.264337
1.469620
1.735081
1.884916
1.832911
1.541324
0.976148
0.160915
1.384189
-0.216337
-0.218600
-0.648220
-0.556666
-0.274381
-0.051924
0.289641
0.430247
0.534825
0.770891
1.024742
1.057348
1.018072
1.007791
0.952736
1.007719
1.091612
1.124642
1.161228
1.046560
0.863814
0.690867
0.474172
0.282167
0.081203
-0.166034
-0.434545
-0.376466
-0.194292
-0.048589
0.174331
0.284079
0.377995
0.556433
0.751433
0.698660
0.557170
0.444179
0.275504
0.237070
0.230977
0.161853
0.094856
-0.250240
-0.719343
-1.174756
-1.711902
-0.907235
0.431518
-0.853815
-2.863325
-1.445162
0.814246
0.247031
-0.765732
7.730763
-1.547866
-0.013467
-1.200886
-0.972122
-0.271272
-0.004368
0.449077
0.631214
0.739376
1.048890
1.380683
1.221102
0.884203
0.593154
0.186490
-0.019328
-0.189011
-0.486671
-0.800583
-0.831973
-0.764316
-0.726683
-0.625494
-0.661824
-0.730064
-0.726822
-0.722680
-0.765003
-0.819106
-0.869706
-0.929255
-0.955134
-0.970510
-0.996574
-1.018698
-0.997919
-0.958170
-0.916278
-0.860042
-0.347144
0.367012
1.076344
1.926291
-0.561963
-4.405229
-2.556044
0.726807
-0.193928
-1.628672
0.114035
2.522752
1.842758
0.497085
-0.402230
-1.750630
0.775438
0.302755
1.664699
2.812282
1.696529
-0.288451
0.209123
1.116022
0.594509
-0.080097
-0.249667
-0.427340
-0.438422
-0.328940
-0.231015
-0.063870
-0.024422
-0.008095
0.085301
0.187133
0.128375
0.013399
-0.085307
-0.220439
-0.285448
-0.335967
-0.427088
-0.521269
-0.558934
-0.578285
-0.603563
-0.616797
-0.658860
-0.708173
-0.743821
-0.780106
-0.780863
-0.765354
-0.751927
-0.728001
-0.709169
-0.687806
-0.655371
-0.617579
-0.672263
-0.762613
-0.843341
-0.946481
-1.018815
-1.087525
-1.180686
-1.279291
-0.937832
-0.414267
0.084495
0.704639
0.368498
-0.320285
-0.842384
-1.560071
-1.427870
-1.008049
-0.826015
-0.520382
-0.554632
-0.700760
-0.706178
-0.740142
-0.633779
-0.466184
-0.333071
-0.171077
-0.027542
0.118021
0.294003
0.481924
0.631710
0.774085
0.930705
1.085875
1.270700
1.468972
1.664579
1.868492
1.744542
1.484698
1.247568
0.921703
0.682362
0.440659
0.103551
-0.266097
-0.312156
-0.245881
-0.228000
-0.143804
-0.197469
-0.283842
-0.296009
-0.306526
-0.304604
-0.288758
-0.271152
-0.244954
-0.197844
-0.137624
-0.069398
0.010592
0.071142
0.129780
0.201499
0.275829
0.368357
0.471238
0.576141
0.688683
0.646167
0.541468
0.451377
0.321944
0.237912
0.156308
0.032137
-0.104202
-0.192000
-0.269353
-0.361732
-0.450470
-0.533544
-0.614092
-0.691235
-0.765145
-0.550946
-0.212282
0.117333
0.531932
0.880729
1.240394
1.690797
2.177933
1.924851
1.383630
0.913071
0.259172
-0.153291
-0.541455
-1.129257
-1.765052
-1.683644
-1.340697
-1.079941
-0.655652
-0.510653
-0.416560
-0.141794
0.156419
0.152734
0.050712
-0.012587
-0.137459
-0.118134
-0.062209
-0.075931
-0.086868
