0.071605
-0.000331
0.001747
-0.002416
0.001673
0.014186
0.009187
0.001559
0.050530
-0.005530
0.004812
0.000183
-0.013663
-0.031417
0.061661
-0.012623
-0.015769
-0.055337
-0.019418
-0.071059
0.069085
0.024002
0.018858
-0.035784
-0.022267
0.001285
-0.003149
-0.007571
-0.006280
-0.005517
-0.008145
-0.011857
-0.000566
-0.021967
-0.012751
-0.045823
0.018924
0.108719
-0.263288
0.061719
-0.017626
0.008707
0.014929
0.019299
0.023976
0.025786
-0.007663
-0.057426
-0.034040
0.009092
-0.000122
-0.014609
-0.008754
-0.002257
-0.014637
-0.032595
0.030331
-0.012350
-0.011639
-0.033389
0.066869
0.027061
-0.123283
0.046104
-0.003463
-0.008068
-0.007249
-0.006239
-0.007371
-0.008751
-0.009796
-0.011041
-0.012041
-0.012995
-0.001347
0.015710
-0.038536
0.050763
-0.051384
0.030040
-0.018501
-0.056589
-0.029097
0.017436
0.001028
-0.026293
0.005963
-0.019515
-0.011810
-0.010733
-0.007090
0.038208
-0.084699
0.007252
-0.030194
-0.041017
-0.007406
0.043885
0.008260
-0.051357
-0.020762
-0.012973
-0.015835
-0.024363
-0.002771
0.027854
-0.104728
0.009050
-0.021217
-0.014609
-0.008824
-0.001362
-0.022298
-0.054619
-0.032152
0.005286
0.097744
-0.038248
0.002207
0.016510
0.015676
0.014830
0.011875
0.006413
-0.031698
-0.163242
-0.031822
0.112097
0.012924
0.004031
-0.019350
-0.032329
-0.018494
-0.044100
-0.018771
0.012587
-0.132388
-0.032851
0.018368
0.016323
-0.135047
0.016568
-0.024440
-0.021239
-0.018629
-0.015951
0.038608
0.115212
-0.094976
-0.195941
-0.071488
0.057119
0.037772
-0.018714
0.008622
0.038553
-0.019040
-0.103781
-0.046076
0.050250
0.027687
-0.012281
-0.006013
-0.000816
-0.003471
-0.005074
-0.007747
-0.011214
0.002802
0.023772
0.010453
0.044637
0.004959
-0.047518
-0.090098
0.118293
0.004232
0.029091
-0.169350
0.011890
0.045849
0.057972
-0.127539
0.073032
-0.035231
-0.214898
-0.037439
0.043557
0.036314
-0.015862
0.018499
0.059283
-0.050315
0.037073
0.014870
0.022424
-0.033789
0.044014
-0.045601
-0.067603
0.011627
0.147888
-0.045601
-0.053862
0.003773
-0.016412
-0.007276
-0.015155
-0.003294
0.012096
0.016706
0.020473
0.065447
0.014643
0.022499
0.014796
-0.018933
-0.064816
-0.013515
0.070686
-0.001240
0.017801
0.006069
0.007340
0.012594
0.022377
0.018089
0.010359
-0.007825
-0.033561
0.077692
-0.029514
0.012151
0.029292
-0.016034
0.033711
0.015956
0.007418
0.007753
0.009035
-0.020759
-0.001443
0.025642
-0.081309
0.050287
0.014194
-0.008787
-0.079511
0.075059
-0.028993
-0.063485
-0.016739
-0.021607
-0.003002
0.013412
0.034428
0.020982
-0.005203
-0.024178
-0.049705
-0.043964
-0.027226
0.030737
0.031337
0.029887
0.005050
0.038900
-0.004081
0.023774
0.051981
0.037829
0.013320
0.049374
0.101859
-0.034066
0.093132
-0.019154
-0.129986
-0.062011
0.057368
-0.040659
-0.068007
-0.029463
-0.005735
0.027641
0.065156
0.028974
-0.035604
-0.024075
-0.001273
0.021870
0.058499
-0.100461
0.039006
-0.005993
-0.010345
-0.004914
0.004193
-0.021945
0.001488
0.006363
0.022838
-0.038275
0.019350
0.005386
0.008388
0.008775
0.008420
0.014848
-0.032955
0.069651
0.003165
0.002773
0.015021
0.006771
0.002722
0.008011
0.017070
0.029747
0.046719
0.005543
-0.057979
0.139032
-0.007307
-0.084225
0.023861
-0.013046
-0.017600
-0.009829
0.002615
0.057032
0.132802
0.071395
-0.033929
-0.025328
-0.003359
-0.013598
-0.019215
-0.007466
0.010427
-0.015424
-0.055170
-0.000086
-0.020917
-0.017606
0.137308
-0.011507
-0.055523
-0.049346
-0.004864
-0.015231
-0.025672
-0.020917
-0.015540
-0.012358
-0.008210
0.041373
0.110508
0.008751
-0.063885
-0.044449
0.020672
0.030297
0.047468
0.051013
0.046421
0.035356
0.016281
0.023728
0.038020
0.030499
0.019713
0.059172
-0.021498
0.005542
0.027439
0.021502
0.012718
0.018462
0.026106
0.082507
0.010162
0.053943
0.029123
0.012496
-0.020495
-0.066882
-0.125769
-0.078486
0.006696
0.074298
0.108333
-0.148854
-0.028409
-0.064268
-0.020507
-0.020954
-0.036392
-0.001922
0.042079
-0.020793
0.047838
0.030260
0.026308
0.110771
0.230112
0.134360
-0.027206
0.334554
14.656916
14.443652
14.643057
14.664963
14.632401
14.585547
14.488291
14.712410
14.678174
14.645115
14.525518
14.582099
14.673216
14.556653
14.677625
14.644416
14.634924
14.630201
14.622296
14.603230
14.578427
14.550605
14.517628
14.534733
14.570413
14.599934
14.661727
14.629938
14.572802
14.690619
14.719833
14.721838
14.689271
14.683203
14.713482
14.623607
14.596240
14.588573
14.605857
14.605138
14.610538
14.635531
14.669822
14.696644
14.642940
14.645357
14.633127
14.633339
14.637923
14.642733
14.651006
14.647505
14.640640
14.642308
14.644785
14.628462
14.654998
14.655128
14.662115
14.669256
14.676879
14.666643
14.725064
14.671973
14.603297
14.808250
14.584499
14.780959
14.984296
14.464780
14.596934
14.537843
14.626215
14.621557
14.626168
14.634526
14.638971
14.676093
14.670710
14.708854
14.749059
14.583961
14.731439
14.688805
14.690016
14.681724
14.669804
14.694980
14.664235
14.675495
14.682350
14.643717
14.614997
14.743610
14.617520
14.640265
14.623641
14.576119
14.559968
14.611315
14.631727
14.599181
14.536752
14.497330
14.540493
14.747139
14.602152
14.480681
14.640801
14.591068
14.586490
14.665046
14.777915
14.869720
14.693753
14.686506
14.623339
14.547958
14.655707
14.647494
14.505938
14.369255
14.610586
-3.649474
-3.395970
-3.685977
-3.591093
-3.591284
-3.509118
-3.529931
-3.566036
-3.538328
-3.580919
-3.599405
-3.633820
-3.566590
-3.451211
-3.538846
-3.596226
-3.600004
-3.588294
-3.617637
-3.651516
-3.619831
-3.609073
-3.637845
-3.686300
-3.443020
-3.702663
-3.628984
-3.618262
-3.701213
-3.558812
-3.584633
-3.724452
-3.694282
-3.663015
-3.709776
-3.687351
-3.707590
-3.721823
-3.559096
-3.682962
-3.616248
-3.645103
-3.676228
-3.543576
-3.580894
-3.614027
-3.642785
-3.685718
-3.600133
-3.679650
-3.662019
-3.666812
-3.712751
-3.776420
-3.740672
-3.675287
-3.671193
-3.668764
-3.680907
-3.698839
-3.741887
-3.680747
-3.696563
-3.698959
-3.694526
-3.689047
-3.701759
-3.720997
-3.632460
-3.703996
-3.674619
-3.665904
-3.629496
-3.580302
-3.437987
-3.425201
-3.481990
-3.619222
-3.595042
-3.547245
-3.563351
-3.578488
7.299606
7.333528
7.369879
7.360652
7.276323
7.199679
7.253666
7.358885
7.357806
7.349338
7.368960
7.385815
7.392545
7.396645
7.374643
7.327910
7.312034
7.244359
7.248782
7.262878
7.293032
7.342186
7.296472
7.326019
7.262176
7.298336
7.303171
7.331650
7.276979
7.194691
7.225219
7.282005
7.304677
7.337084
7.331649
7.311061
7.301912
7.286522
7.318997
7.370125
7.348051
7.308638
7.322345
7.342777
7.381396
7.376826
7.196306
7.382497
7.327928
7.324132
7.318525
7.310447
7.267685
7.350648
7.306398
7.265947
7.235029
7.196477
7.326232
7.525033
7.287195
7.290773
7.284265
7.340360
7.324522
7.306344
7.308438
7.310444
7.344532
7.394375
7.248852
7.371938
7.341282
7.350396
7.346930
7.340468
7.335495
7.328420
7.332861
7.341375
7.287057
7.317215
7.322441
7.306109
7.285596
7.250562
7.366530
7.261248
7.290521
7.289356
7.244659
7.291766
7.284374
7.284753
7.302896
7.326468
7.323901
7.314637
7.314286
7.311822
7.301833
7.288595
7.323755
7.377190
7.348130
7.297656
7.302559
7.312254
7.310577
7.312170
7.352651
7.306055
7.449930
7.370142
7.344151
7.256408
7.113185
7.581077
7.267076
7.352526
7.378809
7.346027
7.317768
7.257490
7.517137
7.264271
7.335569
7.338503
7.335659
7.332646
7.329066
7.324553
7.339564
7.362385
7.261721
7.348114
7.265429
7.289512
7.320691
7.387019
7.364750
7.322006
7.313328
7.300169
7.289332
7.280990
7.473183
7.277664
7.282445
7.212000
7.226506
7.263116
7.251536
7.275403
7.298392
7.332516
7.333748
7.472184
7.327118
7.339795
7.263447
7.193120
7.208986
7.254923
7.275728
7.309057
7.324173
7.334746
7.271564
7.334035
7.333477
7.357174
7.222389
7.321932
7.318666
7.364682
7.353833
7.321374
7.233241
7.324620
7.365402
7.301466
7.338312
7.363610
7.307028
7.376426
7.336496
7.300413
7.323601
7.362234
7.355400
7.404333
7.327348
7.361240
7.366468
7.352913
7.358211
7.359695
7.364187
7.370168
7.588344
7.312613
7.362142
7.396757
7.385510
7.382201
7.378289
7.427037
7.403608
7.374082
7.328074
7.310806
7.500238
7.394432
7.253054
7.409250
7.371253
7.357094
7.359958
7.360672
7.361743
7.365936
7.357247
7.344578
7.391544
7.299983
7.444031
7.344805
7.356530
7.361441
7.399798
7.348150
7.352001
7.340830
7.338486
7.338735
7.359865
7.456297
7.224005
7.322667
7.312185
7.375544
7.328153
7.256685
7.456908
7.289840
7.310473
7.267624
7.285900
7.320311
7.319181
7.316962
7.333465
7.353659
7.311265
7.245951
7.297328
7.380988
7.340160
7.314621
7.315476
7.321543
7.284273
7.319599
7.349548
7.287771
7.294732
7.369336
7.428161
7.308476
7.316159
7.292713
7.315211
7.356157
7.044813
7.347517
7.272786
7.287903
7.286836
7.281020
7.280551
7.269463
7.312732
7.374720
7.121495
7.343447
7.314330
7.367680
7.329398
7.264186
7.307881
7.375593
7.504842
7.226576
7.360731
7.328845
7.330090
7.311293
7.315172
7.322817
7.326384
7.332383
7.316545
7.292123
7.271467
7.246079
7.295040
7.373818
7.286861
7.122183
7.185800
7.252561
7.129757
7.223341
7.224689
7.268121
7.139982
7.227976
7.265671
7.270350
7.307699
7.338152
7.396795
7.380202
7.243565
7.023579
7.199414
7.484495
-7.244240
-6.957861
-7.458885
-7.246113
-7.269963
-7.186752
-7.328949
-7.283497
-7.281959
-7.235040
-7.257386
-7.292589
-7.363171
-7.395987
-7.310712
-7.400343
-7.367529
-7.305425
-7.306325
-7.307342
-7.413377
-7.330226
-7.349236
-7.334180
-7.361238
-7.328634
-7.306808
-7.266069
-7.241908
-7.183990
-7.198356
-7.229416
-7.263354
-7.313993
-7.304068
-7.420257
-7.339585
-7.231554
-7.192835
-7.313268
-7.288487
-7.283839
-7.297118
-7.312082
-7.313250
-7.311237
-7.322026
-7.335311
-7.344640
-7.354812
-7.302037
-7.222454
-7.262697
-7.334698
-7.297751
-7.242016
-7.251538
-7.268485
-7.227915
-7.173262
-7.229283
-7.267239
-7.263875
-7.246183
-7.275507
-7.313746
-7.189121
-7.242545
-7.128095
-7.233396
-7.248318
-7.309985
-7.385087
-7.478241
-7.406858
-7.275346
-7.272829
-7.279600
-7.243846
-7.208011
-7.176114
1.657091
10.868806
10.903277
11.068396
10.908458
10.937656
11.014806
11.065066
10.981188
10.973914
10.933528
10.872159
10.993740
10.996140
10.992141
10.850879
10.954772
10.922698
10.933118
10.942698
10.957436
10.921540
10.866428
11.095943
10.906261
10.957382
10.995909
10.957838
11.004996
10.999308
11.002964
10.991826
10.973176
11.070715
11.034340
11.013212
10.948120
10.918229
10.884329
11.022676
11.074803
11.076123
11.028605
10.994596
10.938070
10.925389
11.000687
10.994044
11.026921
11.032160
11.035481
10.998287
10.895877
10.928504
10.983738
10.845569
10.951877
10.952149
11.001389
10.963546
10.900367
11.282850
10.841140
10.994805
10.981460
10.996286
11.007880
10.917532
11.032772
10.990927
10.979191
10.994229
11.018135
10.936138
10.951758
10.960970
11.001987
10.993441
10.978032
10.973002
10.963924
11.010892
10.973549
10.988652
10.992496
10.996145
10.999988
11.005408
11.011569
10.993856
10.966499
10.982001
10.929804
10.951049
10.976358
10.999016
11.030227
11.002887
10.954361
11.074803
10.948121
10.991434
11.009167
10.954377
10.874741
11.185602
10.896801
10.970342
10.958398
10.988602
11.035048
10.979490
10.892605
10.975078
10.939666
10.954888
10.954346
10.947230
10.935291
10.963237
10.933483
10.939692
10.938389
10.936762
10.935286
10.935791
10.937175
10.924250
10.905859
10.976349
10.920026
10.942286
10.947969
10.939404
10.925330
10.913683
10.898979
10.959831
11.051656
11.012558
10.890720
10.929317
10.983544
10.986059
10.990883
10.969319
10.932135
10.979251
11.052122
10.944109
10.938886
10.949973
11.007755
10.980644
10.941021
10.886745
10.838483
10.986421
10.959945
10.945429
11.115810
10.974877
11.014534
10.975309
10.954181
11.073977
10.907266
10.950527
10.992042
10.855532
11.170400
11.099577
10.895102
10.943275
10.995477
11.071805
10.973473
11.009267
11.022839
11.007026
11.027810
10.996143
10.956197
10.972311
11.002844
11.021531
10.967556
10.996263
11.024846
10.917656
11.004901
10.981861
10.913404
11.071944
11.012614
10.831809
11.011457
10.994454
11.049827
11.021133
10.969763
10.975921
11.028604
11.025291
11.026045
11.031166
11.034122
10.855097
11.155965
11.024350
10.960273
10.979175
11.019237
10.987352
10.943557
10.932181
10.960020
10.823256
11.006089
10.955962
11.024462
10.986614
10.934438
10.942277
11.108831
11.041247
11.014590
11.005285
10.997750
10.992336
10.990490
10.981378
10.971071
10.962441
10.953196
11.010969
10.965726
10.989846
11.002303
11.016693
11.033785
10.979044
10.895209
10.917048
10.970849
10.956626
10.982886
11.015480
10.940570
10.986385
11.033860
11.000052
10.945221
10.934914
10.925094
11.139689
10.961309
10.881004
11.007022
10.992568
10.971599
10.974141
10.968758
10.998707
10.975845
10.980943
10.976931
10.983676
10.993690
10.958749
11.044686
10.960743
11.050934
10.976170
10.894830
10.948455
10.921825
11.046239
11.102124
11.039034
10.909202
10.951893
11.024118
10.952285
11.002507
10.995533
11.006164
11.001330
10.992110
11.041557
10.970227
10.930050
11.068413
10.981853
10.989105
10.968147
10.955331
10.983292
11.029431
10.999795
10.950754
10.960571
10.978314
10.975194
10.973143
10.960252
10.941040
11.028231
10.954812
10.978808
10.980256
10.980617
10.980263
10.998580
11.024391
10.953895
11.026317
11.002431
10.994342
10.946687
11.043190
11.015710
10.998840
10.997733
10.995177
10.998920
11.006334
11.012101
11.019555
10.986224
10.936155
10.989167
11.073877
11.000956
10.886732
10.942160
11.033730
11.009213
10.970203
10.974603
10.978391
10.981172
10.987834
10.978734
10.994821
10.972611
10.944240
10.966754
10.987790
10.965008
10.928277
10.994119
10.960726
10.970971
10.964142
10.964886
10.965473
10.965989
10.967203
10.968317
10.969707
10.966572
10.961631
10.984216
11.017188
10.890693
11.006185
10.973612
10.974550
10.975972
10.977625
10.979341
10.981243
10.981404
10.980918
10.986182
10.993404
10.968616
10.992945
10.988174
10.990648
10.960567
10.916950
10.976887
10.980032
11.096017
10.948214
10.977249
10.969862
10.971428
10.978462
10.988599
11.003568
10.974034
10.928156
10.982810
11.067867
11.103667
11.103912
10.955063
10.993633
10.913186
10.997289
10.975250
10.972555
11.012734
10.952388
10.979192
11.000509
10.883299
10.980961
10.977202
11.016311
11.035389
10.981316
10.945462
10.962055
10.854844
10.870386
10.980765
10.926468
10.969730
10.987376
10.967756
10.930604
10.941135
10.959793
10.957951
10.956245
10.958645
10.960685
10.959495
10.957197
10.975028
11.000562
10.881540
10.965301
10.964665
10.945070
10.953732
10.956596
10.956445
10.955285
10.945324
10.930826
10.978752
10.937366
10.950489
10.951562
10.945793
10.937239
10.929988
10.921262
10.956728
11.010444
10.994484
10.914046
10.942070
10.955309
10.939984
10.917061
10.975262
10.949150
10.975685
10.993702
10.960311
10.906630
10.941109
10.998148
10.983985
10.959432
10.957390
10.952519
10.997041
11.063639
10.882620
11.005439
10.979847
11.007269
11.021497
11.009741
10.991342
10.956543
10.959905
10.971116
11.061444
10.947601
10.973651
10.971925
10.967376
10.963424
10.959128
10.954666
10.975563
11.007137
10.985875
10.949820
10.945415
10.941949
10.914018
10.879468
10.889946
10.913892
10.928851
10.951064
10.959263
10.963948
10.977738
10.992271
10.880031
10.727027
10.847917
11.052823
10.865957
10.959729
10.848926
10.977014
10.951553
10.951043
10.866550
10.867349
11.031175
10.966010
10.976823
10.929920
10.953770
10.988723
10.960261
10.917511
11.098713
10.940961
10.987858
10.986708
10.985256
10.982830
10.922668
10.970013
11.033603
10.955664
10.981611
10.987158
10.995801
11.007201
11.004947
10.998504
11.031786
10.915985
10.961354
11.009645
10.910636
11.022572
11.006085
10.999294
11.127212
11.004662
11.008259
10.962423
11.082654
10.940991
10.987334
11.008530
11.000280
10.987624
10.993189
11.001323
10.961654
10.904777
11.107558
10.915426
10.973364
10.980139
10.925095
10.962619
10.942848
10.935531
10.926627
10.916819
10.928776
10.949403
10.924161
10.970289
10.947289
10.923463
10.951899
10.994866
10.962830
10.912582
10.947106
10.859182
10.925906
10.945251
10.903806
10.940284
11.068902
10.970396
11.025386
11.049012
11.039776
11.018114
10.999423
10.972695
10.963541
10.958414
10.945919
10.934037
10.902400
10.861863
10.947614
10.936785
10.973093
11.164199
10.983938
10.865922
10.838768
10.840121
-4.361724
-4.364754
-4.516704
-4.330290
-4.310613
-4.219090
-4.312698
-4.513915
-4.452063
-4.348305
-4.391450
-4.449608
-4.454571
-4.459489
-4.437767
-4.399056
-4.518461
-4.389661
-4.388314
-4.341630
-4.347138
-4.462389
-4.426140
-4.382382
-4.378603
-4.372273
-4.361386
-4.351600
-4.339968
-4.327583
-4.321676
-4.317977
-4.368877
-4.420757
-4.518683
-4.340137
-4.505278
-4.451044
-4.418662
-4.372316
-4.368620
-4.378842
-4.400225
-4.437396
-4.437940
-4.442631
-4.429685
-4.407301
-4.390532
-4.369862
-4.353803
-4.338473
-4.370818
-4.327371
-4.368130
-4.414250
-4.392742
-4.230874
-4.339035
-4.423606
-4.385999
-4.313944
-4.356327
-4.418325
-4.373542
-4.443904
-4.388495
-4.322222
-4.361007
-4.426086
-4.419978
-4.407026
-4.423559
-4.441892
-4.441363
-4.436773
-4.362402
-4.394138
-4.407726
-4.455927
-4.414153
-4.348394
-4.370062
-4.408163
-4.317331
-4.363668
-4.388812
-4.360408
-4.364041
-4.353967
-4.299217
-4.368043
-4.355410
-4.361295
-4.348554
-4.327939
-4.344350
-4.370854
-4.374569
-4.377238
-4.391632
-4.408111
-4.403964
-4.393259
-4.385696
-4.374212
-4.378209
-4.387287
-4.392086
-4.399085
-4.396351
-4.390054
-4.405124
-4.390639
-4.386469
-4.375100
-4.417012
-4.479313
-4.223766
-4.448524
-4.379359
-4.376552
-4.382908
-4.393136
-4.428995
-4.427492
-4.435104
-4.431799
-4.408323
-4.410830
-4.364681
-4.307869
-4.200008
-4.429718
-4.377650
-4.358469
-4.365460
-4.369161
-4.354591
-4.333476
-4.423849
-4.337773
-4.368268
-4.377483
-4.383393
-4.390269
-4.395323
-4.399704
-4.341394
-4.391941
-4.385283
-4.398659
-4.570656
-4.212207
-4.428018
-4.347156
-4.371971
-4.363534
-4.402737
-4.457820
-4.386845
-4.274720
-4.259617
-4.253166
3.226702
3.235795
3.433632
3.211900
3.235720
3.187393
3.213026
3.262320
3.258723
3.251541
3.203581
3.130988
3.125354
3.132349
3.137592
3.155099
3.241383
3.257558
3.267955
3.255825
3.261688
3.264037
3.234862
3.237906
3.269483
3.324961
3.281524
3.265556
3.267026
3.311899
3.303988
3.295805
3.274215
3.241203
3.352901
3.174755
3.373390
3.216637
3.262304
3.267458
3.272488
3.279914
3.270912
3.256029
3.304322
3.274597
3.285595
3.284049
3.284261
3.283653
3.287851
3.293894
3.248860
3.279627
3.270012
3.273327
3.275134
3.278081
3.280957
3.284177
3.289044
3.294767
3.277791
3.251732
3.293327
3.316525
3.249412
3.303209
3.288340
3.291351
3.286162
3.278592
3.268544
3.255457
3.296458
3.358787
3.223901
3.276750
3.262950
3.287884
3.278128
3.264705
3.279115
3.291411
3.300702
3.310669
3.274975
3.192607
3.233276
3.299590
3.274343
3.276543
3.288277
3.307235
3.310053
3.285182
3.280406
3.267587
3.257811
3.247689
3.303786
3.253480
3.264714
3.259284
3.243265
3.221448
3.273830
3.217148
3.225200
3.217544
3.223202
3.234019
3.241975
3.252541
3.257303
3.260515
3.201511
3.258095
3.242341
3.243386
3.229679
3.209907
3.240624
3.288421
3.297986
3.304633
3.058438
3.315927
3.280886
3.251148
3.266073
3.271512
3.201657
3.334031
3.231761
3.281244
3.262552
3.261121
3.273566
3.292786
3.309828
3.330587
3.279973
3.187399
3.253571
3.316765
3.309655
3.288044
3.235516
3.285306
3.294304
3.330619
3.253185
3.366005
3.354034
3.366076
3.301985
3.203537
3.310376
3.298740
3.173490
3.271610
3.291574
3.370926
3.028871
3.330100
3.291602
3.376295
3.315683
3.215000
3.248497
3.304923
3.265731
3.210806
3.424356
3.221009
3.271166
3.262253
3.270416
3.285007
3.290835
3.297754
3.290053
3.275713
3.309467
3.269516
3.279721
3.281821
3.273797
3.277842
3.275013
3.273845
3.272816
3.271898
3.287196
3.309460
3.330630
3.356314
3.267990
3.127449
3.159104
3.227487
3.502860
3.249228
3.357381
3.187302
3.235441
3.284358
3.292445
3.292876
3.291646
3.281798
3.276220
3.268244
3.258152
3.246489
3.268769
3.234770
3.285352
3.349145
3.305243
3.230663
3.260511
3.309013
3.320401
3.335796
3.277936
3.186854
3.269968
3.403878
3.256421
3.282671
3.268976
3.289892
3.274330
3.255236
3.264143
3.243481
3.261134
3.284199
3.298444
3.315530
3.321873
3.221881
3.313038
3.267723
3.123400
3.274879
3.301299
3.218523
3.358768
3.215249
3.257381
3.269147
3.293675
3.329061
3.271071
3.229155
3.304151
3.254560
3.273661
3.275988
3.255468
3.224641
3.424171
3.277921
3.317833
3.299311
3.285828
3.266817
3.269194
3.278615
3.300043
3.328719
3.250711
3.319913
3.290586
3.277024
3.329716
3.291443
3.307471
3.310993
3.295811
3.249653
3.308388
3.335858
3.311103
3.260582
3.240380
3.230781
3.494051
3.198253
3.315979
3.376564
3.136428
3.362412
3.304160
3.311554
3.308438
3.301515
3.296439
3.289252
3.323139
3.368817
3.326556
3.256752
3.272202
3.284734
3.277347
3.269145
3.283708
3.305466
3.460166
3.412517
3.420004
3.317836
3.331104
3.347942
3.013583
3.344203
3.350509
3.326144
3.310466
3.249771
3.330863
3.206321
3.304056
3.415021
3.225872
3.290025
3.269862
3.300743
3.296613
3.292577
3.285574
3.273645
3.240087
3.318672
3.158063
3.334632
3.177182
3.283032
3.262627
3.276519
3.304030
3.340039
3.274830
3.302866
3.221895
3.110796
3.326109
3.370813
3.344313
3.242129
3.299345
3.330494
3.313885
3.281619
3.274005
3.264487
3.284599
3.327253
3.319187
3.303242
3.306105
3.307909
3.311703
3.317838
3.322939
3.328909
3.320073
3.305234
3.319290
3.341258
3.332951
3.318530
3.341485
3.321136
3.326104
3.325508
3.324222
3.322716
3.321100
3.319262
3.317195
3.314915
3.314189
3.314000
3.313521
3.313336
3.312563
3.311646
3.311056
3.310475
3.310225
3.310155
3.314285
3.320320
3.295288
3.258375
3.411669
3.278527
3.302383
3.278954
3.270435
3.236413
3.315801
3.433073
3.355032
3.237653
3.262327
3.308329
3.294089
3.279254
3.307303
3.346941
3.319708
3.273994
3.291585
3.299341
3.302131
3.304903
3.286042
3.315315
3.345388
3.336867
3.318244
3.277322
3.267640
3.380805
3.342950
3.301713
3.281538
3.272902
3.272364
3.282910
3.302687
3.332444
3.262281
3.317305
3.311969
3.329033
3.269418
3.336932
3.324914
3.330509
3.337231
3.320594
3.316899
3.307886
3.305386
3.304537
3.281302
3.282898
3.288458
3.304972
3.264931
3.394480
3.169472
3.356079
3.305434
3.309182
3.307439
3.303726
3.297255
3.288106
3.315987
3.358076
3.254214
3.380435
3.280828
3.226396
3.282862
3.332991
3.362406
3.294237
3.312388
3.319345
3.296777
3.265542
3.235474
3.198714
3.216553
3.254613
3.290406
3.340492
3.307169
3.244813
3.510391
3.295265
3.337946
3.299783
3.258486
3.205270
3.271122
3.381718
3.258047
3.281772
3.277642
3.303658
3.285023
3.291784
3.289325
3.290115
3.289400
3.288590
3.285180
3.280460
3.275742
3.270136
3.284294
3.306444
3.292834
3.269847
3.277128
3.289106
3.223403
3.302616
3.282942
3.280875
3.286552
3.293304
3.298648
3.304716
3.306680
3.307088
3.330941
3.301837
3.318010
3.314751
3.303584
3.284739
3.280921
3.279062
3.345354
3.374566
2.973527
3.283200
3.265152
3.329829
3.450614
3.305188
3.254675
3.125740
3.317493
3.304918
3.309965
3.260717
3.267323
3.274117
3.273344
3.275353
3.272912
3.269079
3.338386
3.437691
3.238559
3.396396
3.263873
3.333693
3.264783
3.200919
3.270083
3.218078
3.012452
3.409137
3.334931
3.326346
3.326945
3.312340
3.308403
3.302854
3.281853
3.254651
3.255953
3.264842
3.299691
3.294643
3.281265
3.248394
3.401474
3.299220
3.256249
3.266396
3.185058
3.285408
3.308397
3.373924
3.321180
3.229853
3.245622
3.276355
3.262054
3.246943
3.274610
3.315330
3.292280
3.213347
3.290161
3.247024
3.268385
3.277472
3.272130
3.261726
3.256714
3.250096
3.270836
3.303035
3.315337
3.327440
3.078610
3.344383
3.276193
3.279423
3.280276
3.278223
3.278067
3.277106
3.278910
3.281713
3.283578
3.285805
3.278237
3.266573
3.254959
3.240409
3.252299
3.265810
3.266097
3.264316
3.240161
3.204117
3.450562
3.265681
3.321708
3.308027
3.299352
3.285650
3.257557
3.221515
3.223749
3.237021
3.236145
3.267526
3.295289
3.335132
3.294392
3.224642
3.241507
3.273099
3.283265
3.300388
3.279237
3.242791
3.258670
3.285593
3.311704
3.348187
3.205871
3.152654
3.302110
3.285919
3.307936
3.290048
3.226241
3.318940
3.249155
3.293630
3.278224
3.273678
3.303227
3.299578
3.300810
3.292174
3.294864
3.298265
3.296142
3.293200
3.310251
3.334840
3.314846
3.281532
3.283333
3.289112
3.284419
3.280853
3.271592
3.259328
3.476075
3.345828
3.291336
3.130721
3.143148
3.403851
3.295655
3.157848
3.480658
3.250357
3.295819
3.248196
3.339590
3.219195
3.289370
3.356105
3.225187
3.296835
3.277821
3.294226
3.295961
3.298451
3.283524
3.259986
3.286451
3.328313
3.294468
3.274718
3.374268
3.308607
3.287323
3.294033
3.265853
3.240646
3.261195
3.298913
3.296388
3.289632
3.328147
3.379681
3.328276
3.243964
3.258375
3.288472
3.279432
3.271542
3.280519
3.293068
3.302632
3.314385
3.314632
3.275639
3.287020
3.300230
3.170231
3.269990
3.353275
3.273900
3.291864
3.273275
3.229944
3.312521
3.328225
3.279627
3.293576
3.296924
3.298705
3.301473
3.302389
3.302812
3.309817
3.300746
3.300112
3.296232
3.300036
3.306482
3.271885
3.297708
3.288004
3.287151
3.285927
3.284931
3.278700
3.270310
3.295086
3.332408
3.178001
3.318930
3.276962
3.292320
3.262119
3.295775
3.272321
3.288364
3.292577
3.304219
3.298071
3.297662
3.352761
3.310847
3.285746
3.312630
3.295201
3.285059
3.274516
3.262525
3.272030
3.289960
3.290229
3.145704
3.316286
3.216464
3.258246
3.266932
3.267851
3.264951
3.266298
3.266840
3.241132
3.204327
3.254864
3.334586
3.288278
3.211269
3.349806
3.206016
3.254070
3.274275
3.263811
3.332549
3.288766
3.312499
3.313593
3.324779
3.293486
3.246450
3.436516
3.083330
3.221149
3.266486
3.285542
3.302069
3.385336
3.283328
3.278960
3.236381
3.337791
3.271745
3.295789
3.294940
3.272350
3.238384
3.342131
3.232882
3.252807
3.242463
3.247879
3.259493
3.176155
3.252685
3.259009
3.300322
3.214319
3.380717
3.379372
3.411449
3.506162
3.372722
3.326442
3.314335
3.409367
3.575229
18.990834
18.887149
18.958697
18.987076
18.965268
18.920432
18.954691
19.006499
18.901237
18.941081
18.999225
18.688950
18.960357
18.957806
18.980762
19.091093
19.006282
18.863692
18.810404
18.944460
18.965169
18.914746
18.945691
18.965922
18.894865
18.967344
18.948572
18.948568
18.975332
19.012618
18.890534
19.011397
18.970896
19.042322
18.939275
19.186164
18.940602
18.991107
18.976886
19.021719
18.976108
18.912835
18.927019
18.956308
18.963254
18.975973
18.978946
18.978111
18.981128
18.982967
18.997908
19.018279
18.931775
19.005749
18.980650
18.977279
18.987958
19.004308
18.936034
19.007112
19.006004
19.030523
18.935191
18.897649
19.034304
19.013904
19.025987
18.996738
19.002163
19.006413
18.998201
18.987807
19.029412
18.990094
19.011746
19.026925
19.017954
19.002131
18.994304
19.009241
19.002744
18.998641
18.981593
18.957890
18.968037
18.988098
18.774733
18.980244
18.963070
18.949292
18.976760
18.984404
18.962158
18.922271
18.965316
19.032216
19.078744
19.136565
18.999415
18.782441
18.914742
19.137608
19.047732
18.981789
18.979024
18.981240
18.895021
19.174931
19.041012
18.893219
19.024011
19.054163
18.934243
19.056762
18.968982
19.018102
19.034313
19.019847
19.007341
18.977807
19.097797
18.958459
19.063179
18.978834
18.966112
18.997264
19.000539
19.020097
19.007417
19.048722
19.034854
18.986377
19.005268
19.030764
19.024461
19.014857
19.017650
19.020804
19.020684
19.020653
19.020643
19.020338
19.017784
19.014135
19.034651
19.115143
18.879431
19.105217
19.053713
19.067005
19.067545
19.063662
19.066093
19.067787
19.036881
18.882005
19.101593
19.092554
18.807681
19.115506
19.059072
18.884832
18.947105
19.016238
18.939203
19.022689
19.007323
19.009641
19.036705
19.072117
18.979406
19.031747
19.049094
19.105959
18.784736
19.060077
19.070777
19.001431
19.023896
19.019894
19.019787
19.018656
19.023903
19.031797
19.038750
19.047219
19.036389
19.017958
19.030714
19.020122
19.097663
18.948861
19.219554
19.044449
19.061846
18.996666
19.208252
19.028505
19.064455
19.184583
19.152567
19.095181
19.063684
19.015202
19.233112
18.998364
19.051205
19.042501
19.014891
18.980850
19.037527
18.958234
19.031261
19.034287
19.045187
19.042762
19.054390
19.066586
19.069778
19.070894
19.024148
19.071190
19.058718
19.059806
19.043451
19.019726
19.106053
19.022294
19.060427
19.049374
19.032546
19.014296
19.068272
19.151702
19.097393
19.061506
19.030858
18.996485
19.021218
19.069910
19.056099
19.033178
19.113929
19.008856
19.028773
19.162816
18.971934
19.085787
19.042968
19.041883
19.002618
19.071784
18.972151
19.051883
19.017296
19.027747
19.014684
19.000616
19.023798
19.059870
19.072899
19.102210
19.118971
19.037447
19.002393
18.939725
19.006316
19.012850
18.983221
19.047176
19.067158
19.059731
19.304715
19.060904
19.051206
18.938795
18.923943
19.004615
18.988063
18.985237
19.017307
19.060363
19.069695
19.073522
18.950904
19.070734
18.958241
19.046000
19.028803
19.036188
19.031238
19.021445
19.025032
19.030736
19.029638
19.028056
19.029065
19.030229
19.027077
19.022435
19.018160
19.012886
19.030171
19.056626
19.039015
19.009340
19.015369
19.026271
19.020272
19.014619
19.016521
19.020009
19.023573
19.026380
19.023286
19.017335
19.036090
19.045549
19.051374
19.053913
19.064537
19.076676
19.051874
19.012920
19.095912
19.026932
18.963460
19.046492
19.032952
19.047557
19.103035
19.067662
18.996425
18.893446
19.316483
18.941510
19.055622
19.059579
19.050402
19.035804
19.005373
18.964273
19.052956
18.997214
19.041062
19.073347
19.013254
19.034691
19.045517
19.080253
18.977779
19.046643
18.995766
18.973611
19.060723
19.195110
19.095412
18.929834
19.050962
19.045416
19.045567
19.055769
19.044116
19.028476
19.094591
19.092125
19.095380
19.077587
19.071337
19.060742
19.040139
19.014464
18.992059
19.115696
19.085444
19.058497
19.064170
19.068975
19.058739
19.045151
19.031466
19.014577
19.057521
19.124412
19.090142
19.039495
18.949853
19.071004
19.023149
18.998033
19.041405
18.992389
18.997487
18.989569
19.006696
19.034109
19.028745
19.077062
19.054906
19.024448
19.052804
19.094832
18.859108
19.119667
18.965293
19.055489
19.010938
19.007193
18.993129
18.979529
19.001365
19.037404
19.014604
18.977177
19.011648
19.063628
18.945623
19.061823
19.012577
18.984685
18.992453
19.007883
19.020256
19.038693
19.052155
19.066019
18.886738
19.084974
19.039228
19.046126
19.053926
19.060944
19.071082
19.082276
19.065136
19.036766
19.057650
18.961968
19.046000
18.929846
18.953011
18.960676
19.043752
18.937446
18.966896
18.973349
18.880247
18.726930
18.902843
18.756996
7.819884
7.765981
7.578497
7.736961
7.742475
7.830879
7.712712
7.740284
7.656110
7.570809
7.431905
7.310522
7.485479
7.789063
7.691165
7.669540
7.681407
7.700754
7.691680
7.622408
7.676774
7.752528
7.746396
7.728537
7.770297
7.823258
7.467186
7.687717
7.670547
7.660825
7.655375
7.501631
7.546097
7.605860
7.625294
7.655724
7.675597
7.691860
7.704436
7.712632
7.752730
7.803959
7.754169
7.669989
7.682482
7.709296
7.695540
7.681471
7.686600
7.695454
7.703972
7.716125
7.720634
7.723558
7.668016
7.488912
8.062834
7.629919
7.733514
7.673312
7.683574
7.703871
7.695630
7.687410
7.693793
7.703377
7.676547
7.637270
7.808978
7.665939
7.694503
7.690341
7.744511
7.682324
7.691494
7.682675
7.669767
7.654244
7.693974
7.755557
7.773738
7.789543
15.295983
15.294988
15.496281
15.390958
15.346309
15.348689
15.309718
15.281615
15.303996
15.348571
15.308077
15.247132
15.262031
15.290610
15.286153
15.282081
15.294198
15.309884
15.306101
15.297421
15.292722
15.285361
15.295578
15.312448
15.295526
15.327453
15.337225
15.356885
15.399581
15.454365
15.368251
15.472671
15.413320
15.415498
15.382989
15.347213
15.339463
15.338433
15.377864
15.339017
15.361417
15.377479
15.379131
15.378166
15.382994
15.387536
15.385748
15.381746
15.377765
15.372087
15.369420
15.367241
15.363174
15.358851
15.356491
15.354647
15.352438
15.350524
15.360135
15.374750
15.389170
15.407072
15.342747
15.245047
15.297992
15.390688
15.366354
15.326803
15.352872
15.352311
15.338743
15.314110
15.345504
15.394176
15.148279
15.368999
15.354239
15.328884
15.350084
15.361193
15.391941
15.431245
15.347028
15.380389
15.382315
15.327690
15.338301
15.346842
15.348866
15.354054
15.340152
15.324237
15.341417
15.307716
15.315083
15.319585
15.320320
15.347405
15.287540
15.331696
15.340185
15.373036
15.254857
15.362900
15.333911
15.336634
15.355997
15.382791
15.452117
15.445487
15.362084
15.059817
15.354162
15.362243
15.238443
15.285389
15.266371
15.285334
15.304281
15.334034
15.430340
15.282734
15.158473
-0.009291
0.075152
-0.039349
-0.074148
-0.090939
0.001780
0.150756
0.069002
-0.072967
-0.062256
-0.039230
0.019055
-0.006302
0.019239
0.030975
0.149516
0.002204
0.020139
-0.004886
0.004094
0.024910
0.036996
0.054514
0.061505
0.065638
0.150865
0.134808
0.136320
0.106430
0.090083
0.066644
0.107609
-0.041473
0.022982
0.074386
-0.053958
0.063088
0.020869
0.006841
0.154359
0.035819
0.086323
0.101182
0.097484
0.087087
0.078582
0.065778
0.060486
0.056577
0.050792
0.045652
0.038601
0.030842
0.175642
0.138746
0.043230
0.119347
0.069150
0.039431
0.061224
0.032890
0.116679
0.064782
0.081943
0.076776
0.076909
0.076145
0.065242
0.055363
0.042181
0.027000
0.028701
0.036299
0.040499
0.047803
0.051434
0.054596
0.061104
0.068427
0.056687
0.037572
-0.027770
-0.118257
0.024179
0.249046
0.042323
0.007075
0.013091
0.071320
0.020416
-0.048087
-0.003363
0.069737
-0.015862
0.012795
0.004938
0.018282
0.003002
-0.018390
-0.024591
0.057434
0.007900
-0.054660
-0.068996
-0.012263
-0.015824
-0.006631
-0.019558
-0.042305
0.082853
-0.144314
0.003721
-0.017726
-0.029109
0.028213
0.017100
0.010129
0.013225
0.015298
-0.001224
0.020330
0.031675
0.054549
-0.012444
0.053113
0.037939
0.041014
0.016015
-0.020926
-0.007114
0.019725
0.043177
0.020219
0.042300
0.061438
0.050541
0.030255
0.053222
0.087012
0.086989
0.092248
0.070409
0.035934
0.034511
0.038360
0.024324
0.008648
0.016330
0.031288
-0.049008
0.011570
-0.009055
-0.008304
-0.057833
-0.035649
-0.024893
0.009283
-0.078560
0.024059
-0.019424
-0.048740
0.026546
-0.052377
0.015149
0.083800
0.017948
-0.089099
-0.051617
0.013815
0.117573
0.069043
0.078525
-0.113622
-0.035111
0.070222
0.033516
-0.022397
0.019706
0.079472
0.048197
-0.003160
-0.140163
0.004693
-0.033913
-0.027569
-0.002872
0.031271
0.001388
0.002101
-0.014339
-0.030520
-0.007894
0.029551
-0.036600
-0.001932
-0.012540
-0.006138
-0.007419
-0.008793
-0.008318
-0.007914
-0.008451
-0.009225
-0.005459
0.000029
-0.026226
-0.004562
-0.009239
-0.006030
-0.003184
0.000413
-0.010132
-0.026381
-0.007132
0.023051
0.022330
-0.112431
0.008268
0.006879
0.012601
-0.008813
-0.025617
-0.005607
-0.007922
-0.001996
-0.012608
-0.028760
-0.013021
0.011941
0.025788
-0.051954
0.005973
0.077529
-0.148688
0.051550
-0.006257
-0.005549
-0.002328
-0.002727
-0.004579
-0.008479
0.005078
0.024950
-0.048184
0.071444
-0.076589
0.023268
-0.031618
-0.064526
0.075348
-0.054720
-0.012962
-0.006295
0.024349
0.066946
0.055502
-0.032006
0.031858
-0.115797
0.017971
-0.026002
0.012252
0.032001
0.021986
-0.000658
0.010595
-0.025434
-0.012032
0.003836
0.013404
0.026681
0.024308
0.016348
-0.004482
-0.035064
0.036235
-0.048648
-0.034081
-0.039599
-0.040964
-0.039444
-0.035846
-0.029571
-0.013416
0.008417
0.071896
0.085708
-0.025393
-0.208510
0.016301
0.172203
0.060965
-0.153037
0.039464
-0.055151
0.014499
0.062541
0.044219
0.052313
0.046522
0.040175
-0.015117
-0.092965
0.058046
-0.114657
-0.121473
-0.185167
-0.028581
-0.011653
-0.119951
-0.062151
-0.065147
-0.029436
-0.016456
-0.001447
-0.003294
-0.013770
-0.012708
-0.012565
-0.064914
-0.069463
0.018588
-0.066002
-0.074793
-0.023297
0.030545
0.009970
-0.084749
0.017969
-0.151916
0.021540
0.009482
0.050516
0.005519
-0.070849
-0.063180
-0.043563
-0.049676
-0.068670
-0.054106
-0.006088
0.006102
0.022277
-0.008392
-0.060919
-0.016975
-0.097103
-0.077135
-0.062503
-0.032801
0.011411
-0.090804
-0.032817
-0.035739
-0.100306
0.015177
0.011714
-0.000845
-0.053949
0.004924
0.010949
-0.062448
-0.000909
-0.018400
-0.014694
-0.013141
-0.010940
-0.012434
-0.015424
-0.014644
-0.019035
-0.017130
-0.014570
-0.013765
-0.012733
-0.030164
-0.008343
-0.016091
-0.056466
0.061432
-0.035902
-0.006289
-0.006761
-0.019394
-0.037858
-0.134889
-0.018442
0.023487
0.125428
0.065638
-0.042735
-0.080982
0.024636
-0.045740
-0.116159
0.240687
-0.106452
-0.014201
-0.019645
-0.006789
0.014599
-0.003841
-0.033291
-0.019607
-0.012564
-0.010517
-0.009140
-0.007242
-0.005965
-0.003716
-0.001289
-0.001748
-0.003249
-0.004434
-0.006277
-0.006961
-0.007426
-0.007079
-0.006162
-0.016586
-0.031482
0.031593
-0.007001
-0.031726
0.004246
-0.005502
-0.004792
-0.006907
-0.010164
-0.013260
-0.017122
-0.028233
-0.042770
-0.038588
-0.028814
-0.079871
0.006897
0.171876
0.005700
0.043086
0.020186
-0.169813
0.042711
-0.023702
-0.037868
-0.002213
0.049588
-0.083308
0.019734
0.052241
0.011029
-0.008593
-0.061043
-0.028214
0.027803
0.019542
0.003828
0.022873
0.046408
-0.033053
-0.150553
0.155851
-0.009517
-0.028587
0.031091
0.020770
0.033057
-0.008570
-0.069954
-0.062778
-0.041397
-0.041338
-0.036436
-0.027479
-0.016785
-0.010383
-0.004565
-0.012546
-0.027127
-0.047326
0.004565
0.006345
0.019990
-0.006446
-0.049683
-0.019113
0.030744
0.024952
0.012335
0.022670
0.033680
0.023081
0.006033
-0.001891
-0.011244
0.092683
-0.019317
0.007786
0.004886
0.006374
0.010398
0.000715
-0.026176
-0.000668
0.037620
0.009293
-0.081041
0.040595
-0.026097
0.004722
0.011226
0.008651
0.001144
-0.003541
-0.010297
0.030522
0.090912
0.070272
0.029363
-0.000611
-0.084527
-0.031741
0.039422
0.040337
0.034449
0.019145
-0.010793
0.002297
0.025841
0.024694
0.022496
0.028448
-0.052101
-0.015411
0.017442
0.045247
0.065771
-0.119760
0.051582
0.000054
-0.000887
-0.001927
-0.002903
-0.004067
-0.005291
-0.005068
-0.004277
-0.012125
-0.023230
0.027654
-0.014787
-0.002385
-0.003816
-0.009093
-0.016683
-0.024547
-0.010650
-0.005252
0.006699
-0.020800
0.003455
0.032882
0.015792
0.013974
-0.002596
0.014706
0.041124
0.128237
-0.090522
0.005393
0.098292
0.067775
0.016652
0.007808
-0.005772
-0.003757
0.007153
0.004713
0.002413
-0.059443
0.040613
0.032015
0.046753
0.030417
0.000289
-0.026078
-0.060599
-0.055857
-0.037831
-0.029908
-0.015902
-0.021870
-0.034555
-0.039992
-0.047607
-0.022052
0.017363
0.001316
-0.042800
0.003232
0.068595
-0.172445
0.002101
0.051396
0.107918
0.003222
-0.031727
-0.029221
0.004835
-0.046082
-0.016705
-0.004151
0.029875
0.029272
0.022216
-0.012107
-0.113193
-0.050487
0.047739
0.022230
-0.021939
-0.011316
0.000774
0.001083
0.002867
-0.006872
-0.022071
0.041569
0.017929
-0.106311
-0.006717
-0.032858
-0.018260
-0.008229
0.010988
-0.004662
-0.031325
0.033997
-0.034774
-0.017563
-0.016865
-0.018957
-0.020869
-0.012589
-0.000183
0.011946
0.026971
-0.027434
-0.110053
-0.059256
0.027735
0.008777
-0.024174
-0.004548
0.019674
-0.026608
-0.005161
0.018929
-0.052909
0.047138
-0.018785
0.008026
0.014720
0.006317
-0.008116
0.003483
0.021736
0.018645
0.012346
0.009283
0.003834
0.027141
0.061908
-0.119151
0.024060
-0.011190
0.006729
0.024409
0.048007
0.026737
0.020845
0.042364
0.078002
0.016331
0.014941
-0.001170
-0.005600
-0.038458
-0.079497
0.159683
0.009219
-0.016199
0.037191
0.010520
-0.000045
0.002195
0.008952
-0.003231
-0.020001
0.037379
-0.121233
0.159791
-0.073454
0.007976
0.028858
-0.054164
0.020902
-0.002530
-0.004793
0.001775
-0.005267
-0.020099
-0.043688
-0.038167
-0.013719
-0.024168
-0.037514
0.017096
-0.012675
-0.009492
-0.024633
-0.030377
-0.037219
-0.035259
0.039040
0.033438
0.028669
-0.169463
0.033958
0.003637
-0.026505
-0.012298
-0.003887
0.003152
0.011587
0.023184
0.036636
-0.018729
-0.025267
-0.024639
-0.005369
-0.000078
0.008759
0.001266
-0.012996
0.038096
-0.003981
0.000281
-0.012480
0.024694
0.021364
-0.059613
0.026812
0.006200
0.010270
0.008043
0.003368
-0.029655
-0.003646
-0.022103
0.058079
0.024885
-0.015034
-0.044188
-0.083918
0.170143
-0.054700
0.015805
0.018668
0.012713
-0.009217
0.061747
-0.017553
0.010115
0.022717
-0.127705
-0.181150
0.025498
0.074952
