-1.582063
-1.559592
-1.541328
-1.504077
-1.484960
-1.465109
-1.424853
-1.377492
-1.357847
-1.344505
-1.322450
-1.302576
-1.263141
-1.215482
-1.170856
-1.121595
-1.073023
-1.022895
-0.967963
-0.910331
-0.849084
-0.784525
-0.717289
-0.646978
-0.568278
-0.484284
-0.397448
-0.306034
-0.212954
-0.116719
-0.015793
0.088782
0.115755
0.111916
0.115240
0.098954
0.106337
0.115360
0.103121
0.085110
0.101143
0.126705
0.144656
0.167438
0.170121
0.165710
0.167107
0.165523
0.203485
0.257490
0.306751
0.365699
0.414002
0.461814
0.520074
0.581423
0.621756
0.655701
0.693831
0.728524
0.774370
0.823795
0.869212
0.915783
0.922637
0.912706
0.905650
0.887747
0.879352
0.870223
0.849479
0.824455
0.817166
0.814189
0.805925
0.799309
0.780863
0.757595
0.736502
0.712823
0.704033
0.700596
0.693857
0.689799
0.680351
0.669517
0.661663
0.653857
0.635792
0.613699
0.592121
0.567789
0.546889
0.526213
0.502542
0.478065
0.473832
0.477518
0.479473
0.486546
0.487048
0.486969
0.492458
0.499348
0.497995
0.494381
0.492618
0.489708
0.491795
0.495667
0.498153
0.501415
0.472486
0.430076
0.389846
0.340818
0.299909
0.258561
0.207774
0.153624
0.113170
0.075968
0.034620
-0.005518
-0.054988
-0.108300
-0.159991
-0.213780
-0.122748
0.029094
0.172531
0.356224
0.503311
0.652796
0.845464
1.053754
0.973348
0.781997
0.619607
0.386980
0.252085
0.128929
-0.070919
-0.287550
-0.259376
-0.143023
-0.055208
0.087708
0.132339
0.157948
0.244608
0.337923
0.329496
0.287361
0.256987
0.205049
0.202457
0.212001
0.197188
0.182923
0.208547
0.248822
0.287751
0.337196
0.370139
0.400847
0.443141
0.487571
0.481880
0.457089
0.436762
0.404077
0.389049
0.376217
0.349866
0.320662
0.332196
0.358296
0.379578
0.409950
0.423679
0.434077
0.454564
0.476019
0.491178
0.505180
0.520537
0.535262
0.555468
0.577853
0.599357
0.622089
0.597410
0.553040
0.511977
0.458073
0.416556
0.374643
0.318929
0.258470
0.218053
0.182478
0.141017
0.101443
0.048381
-0.010159
-0.066211
-0.125200
-0.167884
-0.204744
-0.245327
-0.283039
-0.326717
-0.371983
-0.414049
-0.456128
-0.509634
-0.567669
-0.625200
-0.685850
-0.742777
-0.799527
-0.859662
-0.920760
-0.918468
-0.890012
-0.865314
-0.823242
-0.798469
-0.773314
-0.729458
-0.679297
-0.653807
-0.633880
-0.606215
-0.580475
-0.537181
-0.486500
-0.438509
-0.386342
-0.364783
-0.354574
-0.338745
-0.329085
-0.308883
-0.286492
-0.270897
-0.256050
-0.222351
-0.181702
-0.142694
-0.099132
-0.062896
-0.027816
0.012281
0.053196
0.066529
0.069042
0.073629
0.071108
0.077557
0.084713
0.084139
0.081557
0.089541
0.100261
0.108385
0.117806
0.120444
0.120529
0.122228
0.122699
0.139450
0.162722
0.184035
0.209293
0.229935
0.250254
0.274842
0.300605
0.317894
0.332579
0.348882
0.363755
0.383077
0.403794
0.422852
0.442329
0.471329
0.504401
0.537484
0.573487
0.607075
0.641005
0.678064
0.716357
0.752111
0.787695
0.824692
0.861942
0.901913
0.943311
0.984863
1.027439
1.064921
1.100732
1.137822
1.174133
1.212689
1.251971
1.290361
1.328948
1.371062
1.414673
1.458331
1.503084
1.546900
1.590834
1.635943
1.681508
1.662165
1.615542
1.572199
1.510596
1.465516
1.419258
1.353409
1.280423
1.232370
1.189506
1.138022
1.087943
1.019193
0.942244
0.867485
0.787839
0.737436
0.697417
0.651095
0.610054
0.557984
0.503028
0.453963
0.404886
0.336443
0.260378
0.185180
0.104730
0.030740
-0.042870
-0.122190
-0.203077
-0.230109
-0.235564
-0.245008
-0.240337
-0.251924
-0.264235
-0.261264
-0.253853
-0.267958
-0.287519
-0.301434
-0.317782
-0.320124
-0.317049
-0.317052
-0.314342
-0.298721
-0.276662
-0.252377
-0.222759
-0.194649
-0.164446
-0.128640
-0.089630
-0.050433
-0.009061
0.035664
0.082856
0.134707
0.190052
0.247775
0.308640
0.310763
0.289615
0.274272
0.244274
0.232196
0.221489
0.194885
0.164058
0.159876
0.163369
0.161215
0.163075
0.149706
0.131139
0.117341
0.101524
0.600845
1.318916
2.012724
2.853264
3.568416
4.296407
5.181505
6.126190
6.872355
7.578609
8.356355
9.124797
10.044827
11.032567
12.004708
13.017994
13.227417
13.112429
13.074568
12.832379
12.819146
12.815748
12.591579
12.302326
12.385690
12.573726
12.676567
12.831666
12.768585
12.628136
12.550512
12.440262
12.567121
12.786232
12.961846
13.187289
13.343476
13.488939
13.688625
13.899024
13.953363
13.952061
13.969008
13.951121
13.997511
14.056859
14.077522
14.094603
14.192962
14.320129
14.439776
14.578330
14.682137
14.779223
14.897320
15.017527
15.110162
15.194279
15.281936
15.364189
15.461451
15.562941
15.658217
15.754420
15.783698
15.784276
15.788650
15.774102
15.774783
15.773479
15.751962
15.722527
15.721224
15.726040
15.721286
15.718306
15.694958
15.662762
15.633204
15.598467
15.641061
15.714412
15.779088
15.862673
15.923425
15.982405
16.061876
16.146817
16.193691
16.229100
16.271977
16.308627
16.365835
16.429664
16.486220
16.544962
16.465474
16.327424
16.197538
16.029046
15.893938
15.755809
15.576342
15.381404
15.243738
15.118814
14.975079
14.835374
14.654757
14.456630
14.264290
14.061875
13.874184
13.688650
13.492098
13.293427
13.083450
12.866502
12.647762
12.423794
12.176788
11.917340
11.653460
11.379425
11.105518
10.826437
10.536803
10.240268
9.341277
8.181591
7.040653
5.721733
4.539238
3.333373
1.937533
0.464354
-0.302196
-0.824434
-1.458709
-1.951344
-2.745403
-3.613206
-4.322282
-5.030295
-5.241202
-5.223287
-5.224444
-5.073848
-4.994939
-4.877440
-4.599911
-4.243797
-4.109541
-4.015913
-3.830098
-3.647590
-3.289076
-2.847461
-2.416124
-1.931581
-1.953262
-2.166494
-2.302905
-2.549995
-2.627356
-2.676229
-2.846382
-3.036817
-2.948690
-2.764383
-2.614045
-2.403593
-2.316352
-2.256963
-2.130303
-2.001118
-2.008629
-2.065998
-2.114324
-2.196641
-2.223147
-2.240877
-2.296127
-2.357320
-2.378259
-2.388827
-2.407581
-2.420696
-2.460479
-2.509833
-2.552265
-2.599061
-2.533972
-2.422590
-2.320493
-2.188807
-2.086271
-1.983257
-1.848428
-1.702926
-1.608180
-1.526661
-1.431650
-1.342472
-1.221346
-1.087932
-0.961825
-0.829686
-0.458472
0.016521
0.487393
1.030458
1.519018
2.017780
2.593593
3.201200
3.730028
4.248394
4.803682
5.361434
5.991443
6.657262
7.322811
8.012677
8.137909
8.034257
7.980121
7.780006
7.739621
7.704036
7.510845
7.269757
7.280608
7.359523
7.376741
7.426281
7.322127
7.161191
7.039849
6.892471
6.975091
7.147565
7.283486
7.470315
7.588808
7.698210
7.862966
8.039779
8.079083
8.071390
8.082546
8.065137
8.109113
8.167819
8.194458
8.220857
8.160482
8.059677
7.962109
7.837783
7.724604
7.603971
7.455186
7.292108
7.168661
7.052397
6.919407
6.786863
6.622771
6.443693
6.266303
6.079269
6.068947
6.129476
6.172414
6.259781
6.295728
6.328754
6.409847
6.504580
6.516834
6.505476
6.512174
6.506756
6.548669
6.606955
6.650802
6.701191
6.669357
6.604075
6.548993
6.473872
6.420490
6.368048
6.294004
6.213511
6.177800
6.155835
6.125091
6.101795
6.055057
6.000905
5.955403
5.907626
5.914589
5.944695
5.970153
6.010275
6.037589
6.065833
6.109772
6.159468
6.182904
6.199528
6.223368
6.244306
6.281762
6.325651
6.365880
6.409316
6.404132
6.379376
6.360007
6.328609
6.310915
6.293986
6.264058
6.230408
6.278747
6.358851
6.431464
6.524457
6.590146
6.652973
6.738015
6.828277
6.802628
6.732458
6.672866
6.584637
6.536129
6.492223
6.417046
6.334924
6.299814
6.278141
6.247005
6.223118
6.171866
6.111366
6.059473
6.004012
5.998703
6.013972
6.023454
6.045426
6.054473
6.063261
6.085491
6.111951
6.111815
6.103769
6.101354
6.094812
6.102753
6.115518
6.123432
6.133075
6.140777
6.147950
6.156959
6.166295
6.176268
6.186858
6.197775
6.209188
6.225215
6.243472
6.262046
6.282288
6.301977
6.322245
6.344268
6.367249
6.388545
6.409758
6.432051
6.454586
6.478961
6.504348
6.529914
6.556226
6.584313
6.613524
6.643431
6.674349
6.705592
6.737520
6.770487
6.804251
6.802507
6.786138
6.772133
6.748522
6.734584
6.720512
6.696096
6.668240
6.654812
6.644817
6.630556
6.617616
6.594822
6.568001
6.542939
6.515695
6.505118
6.500795
6.493509
6.489658
6.480243
6.469757
6.463043
6.456842
6.440457
6.420378
6.401301
6.379840
6.362469
6.345829
6.326553
6.306931
6.333500
6.379282
6.422693
6.478990
6.522964
6.567483
6.625853
6.689067
6.734913
6.777105
6.825171
6.872185
6.932145
6.997743
7.061741
7.129070
7.159555
7.175754
7.196978
7.209744
7.234098
7.259951
7.276589
7.291235
7.325483
7.366162
7.403861
7.445382
7.477496
7.507084
7.541009
7.574600
7.575781
7.563475
7.552255
7.531745
7.520087
7.507958
7.485838
7.460184
7.445223
7.432096
7.414770
7.397650
7.371599
7.341400
7.311764
7.279480
7.264269
7.255142
7.242540
7.233118
7.217233
7.199720
7.185750
7.171840
7.147114
7.118188
7.089819
7.058574
7.031077
7.003887
6.973561
6.942443
6.929813
6.924347
6.917237
6.914742
6.906072
6.896763
6.892485
6.889395
6.878775
6.866041
6.854901
6.842651
6.834861
6.828617
6.821045
6.814104
6.766198
6.701017
6.638245
6.564065
6.500013
6.435179
6.358119
6.276563
6.211766
6.150699
6.084157
6.018809
5.941478
5.859029
5.778288
5.694606
5.482085
5.213546
4.947531
4.642697
4.366856
4.085428
3.762585
3.422571
2.790272
2.021175
1.246577
0.374583
-0.455174
-1.313183
-2.273879
-3.287033
-3.587401
-3.619937
-3.738326
-3.692259
-3.899377
-4.146249
-4.212647
-4.247693
-4.612230
-5.083163
-5.506000
-5.993120
-6.316412
-6.595027
-6.946868
-7.291582
-7.313388
-7.202211
-7.098162
-6.900636
-6.796793
-6.689763
-6.481985
-6.239766
-6.091151
-5.955558
-5.779474
-5.602177
-5.339390
-5.035372
-4.733461
-4.404072
-4.638547
-5.100292
-5.509299
-6.062073
-6.452885
-6.836570
-7.375644
-7.960345
-8.287907
-8.543894
-8.859434
-9.139545
-9.571805
-10.058508
-10.502449
-10.969818
-11.013583
-10.883557
-10.795707
-10.599507
-10.515185
-10.432158
-10.232483
-9.995626
-9.965800
-9.994288
-9.974436
-9.983264
-9.871724
-9.717290
-9.597350
-9.459241
-9.015308
-8.436385
-7.852115
-7.169927
-6.555210
-5.922750
-5.185979
-4.403652
-3.699594
-2.996447
-2.241938
-1.474291
-0.613342
0.298902
1.221134
2.181531
3.268132
4.427374
5.620763
6.876086
8.139728
9.439549
10.803395
12.212318
12.633488
12.662275
12.780821
12.649092
12.818624
13.008565
12.927151
12.771741
12.769788
12.769722
12.684283
12.579653
12.286352
11.894740
11.490717
11.015364
10.637823
10.267161
9.818344
9.349854
8.786784
8.165974
7.528256
6.846272
6.975073
7.426328
7.796666
8.369534
8.699027
9.011304
9.543084
10.134424
10.352931
10.463953
10.654449
10.788912
11.136025
11.555779
11.908992
12.290451
12.302459
12.163456
12.069093
11.883837
11.794688
11.708566
11.524565
11.310513
11.296224
11.342487
11.348249
11.386308
11.318129
11.215592
11.150745
11.074586
11.032407
11.003376
10.961470
10.923843
10.878697
10.830994
10.787943
10.744878
10.662260
10.563297
10.466062
10.357714
10.260347
10.162629
10.052947
9.939173
10.034939
10.216678
10.385051
10.610214
10.777103
10.944394
11.172878
11.421416
11.587123
11.733463
11.904621
12.068492
12.289774
12.534698
12.769802
13.017884
12.882712
12.589509
12.326187
11.960942
11.697892
11.433726
11.059883
10.649672
10.643334
10.780186
10.861106
11.028094
11.029843
10.995695
11.057321
11.125379
11.040824
10.904488
10.782152
10.625348
10.540488
10.471569
10.363979
10.255024
10.192099
10.144025
10.092245
10.050722
9.985090
9.913613
9.853763
9.793569
9.770860
9.765170
9.757600
9.761174
9.758841
9.759017
9.770969
9.788483
9.788665
9.785324
9.788581
9.791160
9.806727
9.828200
9.848463
9.872355
9.862504
9.839867
9.822431
9.797644
9.784090
9.772421
9.752699
9.731623
9.729367
9.733631
9.735619
9.741686
9.739487
9.735442
9.735959
9.736675
9.761562
9.797310
9.832259
9.874518
9.912479
9.951952
9.999171
10.049938
10.090877
10.130116
10.173515
10.216847
10.268237
10.323466
10.378311
10.435644
10.486136
10.534842
10.586417
10.637651
10.692769
10.749685
10.806103
10.863563
10.927683
10.995073
11.063249
11.133998
11.203962
11.274881
11.348503
11.423639
11.424279
11.394217
11.368956
11.323463
11.298275
11.272754
11.225452
11.170876
11.146197
11.128525
11.101860
11.077819
11.033114
10.979895
10.930210
10.875850
10.856749
10.850833
10.838587
10.833559
10.816649
10.797395
10.786076
10.775777
10.743879
10.704110
10.666390
10.623567
10.589333
10.556580
10.518190
10.479005
10.452423
10.430235
10.406636
10.385829
10.359517
10.332022
10.307645
10.283457
10.254525
10.223994
10.193888
10.162711
10.133802
10.105401
10.075797
10.046160
10.040079
10.043879
10.046619
10.056032
10.059338
10.063060
10.073946
10.087427
10.092249
10.095361
10.101591
10.107430
10.119972
10.135512
10.150383
10.167085
10.197980
10.235701
10.274699
10.318943
10.361265
10.405362
10.454983
10.507581
10.557919
10.609276
10.663857
10.720048
10.781255
10.845692
10.911606
10.980192
10.977363
10.945555
10.919605
10.875006
10.850686
10.826876
10.782933
10.732809
10.713561
10.702422
10.683394
10.668078
10.633389
10.591360
10.553948
10.513008
10.528779
10.567517
10.600195
10.647062
10.678251
10.708775
10.754615
10.805001
10.827298
10.841394
10.861528
10.877414
10.909009
10.945935
10.977836
11.011759
11.022320
11.023355
11.027452
11.025915
11.030431
11.035208
11.033914
11.030801
11.040888
11.055096
11.066803
11.080774
11.088001
11.093156
11.100926
11.108122
11.172609
11.261480
11.347309
11.449336
11.537721
11.627568
11.734749
11.848546
11.939231
12.025018
12.118788
12.211212
12.320694
12.437648
12.552536
12.671854
12.700543
12.692528
12.692988
12.670257
12.673050
12.676732
12.655376
12.626485
12.639336
12.663768
12.678401
12.698711
12.694258
12.680891
12.674391
12.664014
12.676737
12.698200
12.714707
12.735648
12.749408
12.761666
12.778783
12.796503
12.797728
12.792731
12.789108
12.781407
12.779740
12.778875
12.773539
12.767316
12.753726
12.736112
12.717861
12.696674
12.675090
12.651894
12.625670
12.597361
12.571423
12.545196
12.516683
12.487314
12.454494
12.419562
12.383874
12.346509
12.212257
12.035914
11.862006
11.659150
11.477985
11.292742
11.076617
10.847738
10.652865
10.463213
10.258647
10.053784
9.819360
9.570639
9.322766
9.065423
9.177016
9.441241
9.679764
10.017943
10.257997
10.500278
10.849745
11.235474
11.466735
11.660613
11.899539
12.123758
12.451879
12.822089
13.172953
13.546310
13.493726
13.268398
13.084565
12.792336
12.618733
12.449204
12.162681
11.840847
11.720088
11.655951
11.545662
11.463561
11.264192
11.023248
10.816172
10.591607
10.572925
10.637236
10.674836
10.761762
10.792516
10.819656
10.900067
10.995503
10.977542
10.924013
10.891351
10.838891
10.844133
10.866860
10.866771
10.871278
10.806460
10.711881
10.624868
10.519787
10.428962
10.336537
10.224855
10.105738
10.239517
10.475380
10.692490
10.976238
11.185853
11.393167
11.672509
11.973571
11.895612
11.674187
11.492160
11.219531
11.080976
10.961184
10.742137
10.503846
10.426879
10.399027
10.343511
10.316322
10.201972
10.060882
9.952653
9.836646
9.832192
9.875039
9.905286
9.964150
9.998551
10.034620
10.101266
10.179114
10.194939
10.192860
10.205294
10.208946
10.247400
10.298084
10.338292
10.383457
10.376472
10.348510
10.327846
10.294936
10.276180
10.258480
10.227550
10.192985
10.188424
10.193526
10.193466
10.198914
10.189676
10.176223
10.169065
10.161055
10.166859
10.178806
10.189327
10.203583
10.215585
10.228228
10.244823
10.263161
10.273491
10.281649
10.291988
10.301389
10.315564
10.331561
10.346400
10.362105
10.373940
10.384412
10.395938
10.406865
10.419196
10.431954
10.444040
10.456188
10.471450
10.487994
10.504464
10.521833
10.538303
10.554805
10.572275
10.590076
10.612042
10.636037
10.660204
10.685835
10.711061
10.736819
10.764113
10.792266
10.819161
10.846086
10.873967
10.902136
10.931882
10.962536
10.993426
11.025010
10.961905
10.858859
10.760616
10.635672
10.534416
10.431235
10.299431
10.157056
10.231792
10.390923
10.529522
10.721923
10.843092
10.956992
11.129494
11.315981
11.262400
11.119431
11.001756
10.827533
10.742361
10.671259
10.537983
10.394274
10.350156
10.336941
10.308139
10.297732
10.234608
10.156024
10.098630
10.037426
9.981373
9.927971
9.870570
9.813256
9.757497
9.702016
9.646526
9.591327
9.523241
9.449808
9.377232
9.301150
9.228465
9.155672
9.079110
9.001254
8.457586
7.714710
6.990548
6.131674
5.383409
4.621062
3.714643
2.752036
1.963810
1.208195
0.385752
-0.431379
-1.387115
-2.406414
-3.414769
-4.462931
-4.726730
-4.674280
-4.696768
-4.519888
-4.567380
-4.624850
-4.466861
-4.245630
-4.386460
-4.628893
-4.788538
-4.998907
-4.996993
-4.919756
-4.903524
-4.855472
-4.880631
-4.928490
-4.940739
-4.956227
-4.942415
-4.913885
-4.889686
-4.857330
-4.732412
-4.564745
-4.392659
-4.188859
-4.001138
-3.804928
-3.575161
-3.328839
-3.375664
-3.535910
-3.666114
-3.867727
-3.972554
-4.066480
-4.238261
-4.427813
-4.487937
-4.509561
-4.555780
-4.580717
-4.677240
-4.796854
-4.891547
-4.994037
-4.941137
-4.823133
-4.719703
-4.575511
-4.468824
-4.360538
-4.208555
-4.041201
-3.950617
-3.880868
-3.791550
-3.711798
-3.585789
-3.442508
-3.310969
-3.171433
-3.085333
-3.019465
-2.943109
-2.877430
-2.794809
-2.708873
-2.634637
-2.562030
-2.453773
-2.332349
-2.214243
-2.087604
-1.974672
-1.863926
-1.743781
-1.622113
-1.618057
-1.662335
-1.699890
-1.769688
-1.806698
-1.844153
-1.916346
-2.000057
-2.039128
-2.068281
-2.111558
-2.151470
-2.223520
-2.309163
-2.390050
-2.478686
-2.523771
-2.553452
-2.592996
-2.624905
-2.673234
-2.726015
-2.770265
-2.814710
-2.889093
-2.975402
-3.060554
-3.153973
-3.237743
-3.321159
-3.413539
-3.508546
-3.520035
-3.498167
-3.482691
-3.445459
-3.433655
-3.423153
-3.389085
-3.348292
-3.341156
-3.342694
-3.335632
-3.332539
-3.307850
-3.274921
-3.246965
-3.214976
-3.227648
-3.257962
-3.282214
-3.316884
-3.338428
-3.358626
-3.390125
-3.424413
-3.434260
-3.436211
-3.442192
-3.443599
-3.456965
-3.473703
-3.485223
-3.497369
-3.309721
-3.036803
-2.773107
-2.452219
-2.178798
-1.899750
-1.559527
-1.195662
-0.909308
-0.638378
-0.339148
-0.043311
0.312015
0.694060
1.070253
1.462775
1.536398
1.481364
1.456937
1.351474
1.336948
1.326382
1.228253
1.104351
1.128205
1.193580
1.225208
1.277581
1.243465
1.178696
1.138862
1.086114
1.159265
1.282574
1.387286
1.520921
1.619392
1.714487
1.840889
1.975308
2.035861
2.072057
2.119983
2.153665
2.222244
2.300238
2.362075
2.425145
2.444095
2.443138
2.445231
2.434622
2.431000
2.424722
2.405017
2.379095
2.375464
2.376984
2.370999
2.366595
2.346885
2.320609
2.296570
2.268784
2.301946
2.359522
2.410610
2.476832
2.525423
2.572917
2.636787
2.705242
2.744201
2.774492
2.810932
2.842805
2.891084
2.944854
2.993237
3.043638
3.097277
3.152670
3.209969
3.269244
3.328008
3.387683
3.449440
3.512455
3.578716
3.647169
3.716801
3.788306
3.860835
3.934803
4.010675
4.088139
3.989802
3.817608
3.654659
3.442417
3.274882
3.104249
2.880736
2.638005
2.803057
3.127014
3.413075
3.800656
4.055317
4.296982
4.649167
5.028213
5.026966
4.888196
4.794507
4.615286
4.586892
4.587367
4.493156
4.388156
4.444441
4.554269
4.645222
4.770314
4.817588
4.845749
4.912455
4.978366
4.968503
4.930109
4.894463
4.838594
4.811974
4.788614
4.743079
4.692733
4.660892
4.632321
4.597797
4.564231
4.514965
4.458837
4.404331
4.345637
4.310881
4.284519
4.252803
4.225277
4.188495
4.149170
4.114540
4.079736
4.028818
3.971459
3.914652
3.853355
3.797218
3.741231
3.680378
3.618071
3.601260
3.602610
3.600455
3.610137
3.605951
3.601039
3.608951
3.620510
3.613695
3.602129
3.595233
3.586152
3.588827
3.595974
3.600390
3.606984
3.536733
3.434516
3.337846
3.220419
3.122854
3.024600
2.904048
2.775788
2.680615
2.593548
2.496898
2.403473
2.288047
2.163756
2.043675
1.918903
1.954197
2.055847
2.145772
2.278752
2.369768
2.461863
2.600245
2.754383
2.839690
2.907995
2.995946
3.077001
3.203531
3.348261
3.484046
3.629370
3.598258
3.495596
3.410343
3.280286
3.199294
3.120027
2.992403
2.850206
2.791866
2.757257
2.703563
2.661750
2.571306
2.463717
2.370371
2.269900
2.277224
2.328583
2.368034
2.434467
2.472352
2.509472
2.575660
2.650835
2.670697
2.674313
2.689848
2.696984
2.734757
2.782891
2.821106
2.863199
2.872221
2.867938
2.869018
2.862643
2.864946
2.868017
2.863038
2.855914
2.869741
2.890626
2.908321
2.930185
2.942521
2.952419
2.967018
2.981465
2.947708
2.893867
2.841985
2.776421
2.723821
2.670534
2.602541
2.529339
2.472996
2.419828
2.360426
2.301645
2.229440
2.151155
2.074042
1.993156
2.307028
2.787223
3.246503
3.816625
4.287818
4.766646
5.364313
6.005648
5.854991
5.400392
5.026088
4.459654
4.162212
3.897694
3.423329
2.903586
2.985585
3.280137
3.500104
3.851659
3.951308
3.997537
4.190250
4.393584
4.345072
4.209888
4.097721
3.928065
3.873651
3.843769
3.749590
3.651751
3.634110
3.642068
3.642270
3.659661
3.634770
3.599122
3.583029
3.565737
3.526992
3.480628
3.434104
3.381671
3.339209
3.298204
3.250650
3.202048
3.246951
3.330455
3.408791
3.512918
3.591407
3.670528
3.777410
3.893687
3.974525
4.047625
4.132199
4.214275
4.322156
4.441062
4.556362
4.678027
4.382768
3.912710
3.467188
2.906044
2.450910
1.989299
1.403625
0.773353
1.023960
1.615343
2.121593
2.844587
3.274582
3.672462
4.306665
4.995347
4.906673
4.537789
4.260696
3.809036
3.668419
3.588065
3.314323
3.019471
3.051243
3.191622
3.294530
3.466974
3.482028
3.458732
3.513906
3.567832
3.571214
3.560813
3.551922
3.531864
3.546551
3.570948
3.582299
3.596328
3.609527
3.622245
3.637668
3.653929
3.668978
3.684189
3.700342
3.716843
3.693555
3.653600
3.615729
3.566721
3.527974
3.488594
3.437260
3.381630
3.341344
3.304307
3.262066
3.220759
3.168082
3.110455
3.054242
2.995108
3.084514
3.235904
3.377876
3.560616
3.705010
3.851197
4.041163
4.246537
4.390904
4.521168
4.670361
4.814538
5.001210
5.205618
5.403153
5.610574
5.526863
5.323182
5.142233
4.883908
4.703416
4.522190
4.257692
3.965659
3.800808
3.668351
3.501245
3.348045
3.112983
2.845936
2.596537
2.330990
2.460110
2.751462
3.009222
3.370503
3.626202
3.881930
4.249105
4.652535
4.877251
5.054715
5.278300
5.480442
5.793644
6.148939
6.477615
6.826449
6.738353
6.470971
6.243085
5.901722
5.677260
5.453545
5.107635
4.722461
4.540415
4.413460
4.236130
4.084691
3.810198
3.490144
3.201796
2.892560
2.908815
3.057135
3.170048
3.364250
3.469422
3.571056
3.760394
3.975965
4.028085
4.032238
4.071290
4.085406
4.190292
4.325809
4.431877
4.549380
4.512865
4.413055
4.331490
4.211718
4.131177
4.051356
3.930438
3.796526
3.745737
3.719875
3.676650
3.646522
3.571614
3.481952
3.407638
3.328199
3.300606
3.294296
3.280567
3.279145
3.264957
3.250317
3.248909
3.251568
3.222960
3.184356
3.151414
3.112886
3.089758
3.071163
3.046168
3.022204
3.093624
3.205436
3.314153
3.450580
3.562917
3.677660
3.822103
3.977761
4.100575
4.217815
4.348316
4.478369
4.635895
4.806305
4.975172
5.152330
5.102331
4.959399
4.834831
4.650474
4.528541
4.407094
4.221210
4.014747
3.907571
3.826175
3.718683
3.622681
3.463805
3.280797
3.112187
2.931737
2.931620
3.004209
3.056882
3.154246
3.201079
3.245246
3.337697
3.444092
3.460226
3.449601
3.457686
3.451634
3.495154
3.555123
3.598470
3.647702
3.622008
3.565431
3.518045
3.452162
3.404975
3.358048
3.291243
3.218080
3.186394
3.167272
3.139623
3.118626
3.075594
3.025401
2.982976
2.938167
2.929385
2.935638
2.937932
2.949401
2.952233
2.955270
2.968146
2.984391
2.981458
2.972986
2.968905
2.962066
2.966015
2.973725
2.978151
2.984084
3.007037
3.037590
3.068944
3.106002
3.139361
3.173903
3.214517
3.257876
3.297988
3.338648
3.382338
3.427232
3.477327
3.530521
3.584759
3.641445
3.579097
3.467357
3.363292
3.226742
3.121676
3.015597
2.874595
2.721591
2.617149
2.524048
2.416153
2.312420
2.175086
2.023839
1.878231
1.724945
1.730957
1.801749
1.857769
1.954728
2.007531
2.059167
2.154968
2.264339
2.300052
2.315458
2.348438
2.371581
2.438672
2.521715
2.592819
2.670972
2.734202
2.793123
2.859888
2.926391
2.999546
3.076238
3.152435
3.230783
3.328789
3.436115
3.544816
3.660551
3.773394
3.888449
4.010921
4.137278
4.090040
3.971544
3.864614
3.710832
3.605041
3.498940
3.342360
3.169239
3.110258
3.086746
3.040788
3.013988
2.928720
2.825174
2.743802
2.657108
2.659490
2.699627
2.730591
2.784777
2.819040
2.854737
2.915259
2.984906
3.007381
3.016690
3.037676
3.052466
3.094767
3.147108
3.191940
3.241196
3.227908
3.189287
3.157880
3.111049
3.081284
3.052316
3.006702
2.956187
2.938058
2.929649
2.914637
2.904801
2.877478
2.844441
2.817462
2.788532
2.895269
3.059458
3.215825
3.410154
3.571572
3.735948
3.940977
4.161205
4.325777
4.478096
4.648870
4.815862
5.022911
5.247186
5.465965
5.694719
5.630487
5.445681
5.283791
5.044125
4.883240
4.721855
4.476745
4.204118
4.059200
3.946861
3.799866
3.666915
3.451853
3.204765
2.975480
2.730067
2.705334
2.768828
2.806253
2.897299
2.925020
2.948163
3.029336
3.126349
3.110232
3.059547
3.030599
2.982721
2.994682
3.025536
3.034387
3.049065
3.078483
3.114574
3.155888
3.204111
3.247608
3.292885
3.345560
3.401716
3.466682
3.537810
3.612222
3.691851
3.774851
3.862078
3.954587
4.051681
4.030669
3.962112
3.903435
3.814176
3.759466
3.706171
3.619807
3.523694
3.478259
3.446316
3.401834
3.363705
3.294140
3.212850
3.139392
3.060443
3.039617
3.041779
3.035813
3.043315
3.033917
3.022779
3.026248
3.033326
3.007896
2.971873
2.941104
2.904165
2.882910
2.865994
2.842056
2.818824
2.802131
2.787809
2.773880
2.761922
2.746924
2.731597
2.718445
2.705742
2.693307
2.681426
2.670016
2.659094
2.649187
2.639989
2.631257
2.623163
2.607381
2.588676
2.570966
2.551497
2.534633
2.518159
2.499758
2.480995
2.466049
2.452354
2.438105
2.424610
2.409269
2.393437
2.378461
2.363424
2.417661
2.501435
2.582166
2.682780
2.766794
2.852741
2.959960
3.075379
3.164390
3.248259
3.341924
3.434552
3.547713
3.670162
3.790730
3.917024
3.987036
4.035585
4.092474
4.136893
4.199781
4.265568
4.317717
4.367377
4.447872
4.538876
4.625867
4.719339
4.798879
4.875103
4.958606
5.042177
5.774215
6.782976
7.763905
8.931335
9.943764
10.974690
12.205137
13.512735
14.273210
14.858167
15.548163
16.142669
17.002618
17.941888
18.771699
19.620213
19.799041
19.690095
19.628514
19.381319
19.281121
19.161504
18.843783
18.448236
18.360100
18.345318
18.235144
18.151306
17.859949
17.482532
17.140569
16.751388
16.920291
17.308284
17.623619
18.069802
18.346905
18.605689
19.006635
19.441583
19.582293
19.628794
19.724308
19.765372
19.952654
20.181827
20.348719
20.524225
20.487152
20.357069
20.244573
20.073465
19.943233
19.804790
19.604050
19.377283
19.258667
19.167276
19.043785
18.930845
18.748402
18.537931
18.341124
18.129638
18.147070
18.256474
18.340920
18.482087
18.558045
18.630195
18.763673
18.914557
18.952472
18.956969
18.984842
18.995039
19.067503
19.160654
19.233009
19.312802
19.294212
19.235043
19.187652
19.115838
19.068612
19.021649
18.948439
18.866789
18.838902
18.827158
18.804148
18.789603
18.746163
18.693200
18.650156
18.603811
18.661949
18.764048
18.858303
18.980885
19.078013
19.176754
19.305854
19.445931
19.539063
19.620578
19.715723
19.806253
19.927651
20.061465
20.189279
20.323626
20.300583
20.212997
20.138912
20.023661
19.950917
19.878398
19.761539
19.630420
19.570485
19.529462
19.470255
19.419712
19.325117
19.213911
19.113429
19.005060
19.070021
19.206174
19.326776
19.492475
19.611954
19.731252
19.899104
20.082636
20.185729
20.267085
20.368527
20.459811
20.599999
20.758362
20.904262
21.058554
21.006924
20.870289
20.751120
20.577744
20.458444
20.338600
20.160450
19.962962
19.859408
19.780588
19.677235
19.584982
19.434170
19.261044
19.101737
18.931654
18.928136
18.991904
19.037444
19.124397
19.164983
19.203315
19.286372
19.382492
19.395378
19.383705
19.389500
19.382405
19.421275
19.475513
19.514564
19.559222
19.542040
19.499563
19.465437
19.416461
19.383180
19.350502
19.301843
19.248328
19.230585
19.224094
19.210909
19.203935
19.178899
19.148380
19.125016
19.100216
19.109692
19.133837
19.155073
19.185575
19.208570
19.232405
19.266133
19.303668
19.324345
19.340680
19.361763
19.381046
19.410983
19.445114
19.476959
19.510926
19.552480
19.598014
19.645399
19.696240
19.746547
19.798443
19.853954
19.911691
19.953920
19.990975
20.031033
20.068301
20.112515
20.158696
20.201714
20.245043
20.168341
20.040377
19.917885
19.760989
19.632541
19.500655
19.331973
19.149035
19.012565
18.885291
18.740964
18.598611
18.420478
18.226241
18.035453
17.834799
17.911080
18.100937
18.268668
18.509531
18.674990
18.840292
19.084375
19.353922
19.502449
19.619757
19.769267
19.905035
20.117868
20.360462
20.585763
20.825813
20.733347
20.504478
20.305076
20.019081
19.822387
19.626234
19.336826
19.017447
18.851028
18.725772
18.562157
18.417705
18.179838
17.907141
17.658006
17.392683
17.444647
17.626524
17.778151
18.011383
18.159543
18.306543
18.541446
18.804199
18.915996
18.985921
19.091883
19.177572
19.352583
19.559917
19.742699
19.939640
19.897106
19.756711
19.641103
19.464825
19.352540
19.241680
19.065453
18.868856
18.790851
18.746840
18.676110
18.622498
18.501248
18.356411
18.231999
18.098062
18.058445
18.056660
18.041111
18.047421
18.028054
18.006549
18.008669
18.017121
17.970077
17.904888
17.848834
17.782288
17.742282
17.709619
17.665023
17.621601
17.684052
17.790839
17.894181
18.028044
18.133739
18.241385
18.381814
18.534123
18.651123
18.762139
18.887237
19.011782
19.165955
19.333966
19.500241
19.675399
19.680474
19.617159
19.570359
19.480527
19.439777
19.401495
19.316683
19.218426
19.198937
19.201737
19.186853
19.183231
19.133824
19.068341
19.016348
18.957714
18.951221
18.965230
18.970224
18.986510
18.987969
18.987458
18.999204
19.013672
18.994751
18.964197
18.937997
18.904664
18.885684
18.869930
18.846207
18.822124
18.781304
18.732350
18.683683
18.629553
18.576741
18.521960
18.461470
18.397768
18.341615
18.286563
18.227816
18.168812
18.103234
18.034346
17.965447
17.894295
17.892203
17.918439
17.939366
17.978622
17.999008
18.019392
18.059520
18.106050
18.122936
18.132299
18.149724
18.163915
18.197274
18.238126
18.274869
18.315404
18.267487
18.183277
18.106773
18.007175
17.931357
17.855650
17.755073
17.646483
17.578261
17.520826
17.453159
17.390469
17.302950
17.206115
17.115421
17.020345
17.033728
17.091857
17.140822
17.218341
17.267286
17.316484
17.396399
17.486477
17.527237
17.555028
17.595710
17.630577
17.696229
17.773621
17.843768
17.919595
17.950283
17.963660
17.984804
17.996361
18.022022
18.050015
18.067537
18.083190
18.126622
18.179889
18.229941
18.286175
18.330755
18.372934
18.421989
18.471610
18.110197
17.574883
17.057932
16.423778
15.891911
15.350588
14.683675
13.969725
13.410066
12.880716
12.295024
11.715899
11.017224
10.264793
9.523867
8.749987
8.540367
8.556615
8.514511
8.613173
8.547456
8.471583
8.548049
8.667170
8.518072
8.290967
8.120792
7.909883
7.850095
7.841549
7.784773
7.747491
7.714140
7.686490
7.678465
7.681879
7.688139
7.703047
7.729830
7.766019
7.842999
7.943001
8.051077
8.177695
8.306853
8.446635
8.605568
8.777896
8.663542
8.435511
8.233860
7.959806
7.773655
7.593770
7.335357
7.055774
6.901397
6.782060
6.634787
6.505304
6.301858
6.072319
5.864164
5.645048
5.645249
5.735895
5.805910
5.932753
6.002545
6.072508
6.203594
6.354727
6.400721
6.417846
6.460741
6.489940
6.581930
6.696949
6.795288
6.903969
7.349078
7.940418
8.527825
9.217710
9.830709
10.458600
11.195854
11.978480
12.654681
13.318441
14.034625
14.756016
15.578888
16.452931
17.328405
18.239213
18.305196
18.028418
17.824654
17.401876
17.217656
17.040041
16.626004
16.139727
16.028305
16.017494
15.913862
15.857574
15.571112
15.199069
14.885223
14.531662
14.567938
14.757639
14.889884
15.110858
15.217472
15.310922
15.500696
15.713177
15.701704
15.615780
15.563783
15.467619
15.476178
15.512193
15.498242
15.486985
15.463030
15.429644
15.399198
15.364238
15.319826
15.269587
15.215108
15.155092
15.115574
15.081733
15.041245
15.002759
14.952815
14.898230
14.846159
14.791770
14.706701
14.607759
14.507759
14.397560
14.293377
14.186862
14.069521
13.947118
13.831986
13.716430
13.595234
13.472209
13.339393
13.200956
13.061004
12.916736
12.941906
13.036989
13.120286
13.249273
13.332652
13.416787
13.550091
13.699842
13.779139
13.841371
13.924056
13.999988
14.123307
14.265790
14.399401
14.543236
14.607697
14.642237
14.690711
14.722688
14.780858
14.843917
14.888880
14.931209
15.021887
15.129987
15.233131
15.347450
15.442107
15.533110
15.636490
15.741342
15.675614
15.539305
15.411972
15.237322
15.109156
14.979545
14.799019
14.601074
14.419044
14.230230
14.022295
13.804729
13.551560
13.276705
12.993264
12.692237
12.325735
11.922224
11.503263
11.053452
10.065062
8.831414
7.588931
6.170726
5.402574
4.827736
4.042900
3.328134
2.287714
1.119328
0.035849
-1.105953
-1.199563
-0.865511
-0.636352
-0.140423
0.072034
0.277779
0.771064
1.353534
1.350563
1.170728
1.110742
0.956880
1.115621
1.376072
1.526820
1.711652
1.470205
1.051734
0.686054
0.214742
-0.154201
-0.523497
-1.006134
-1.526323
-1.679944
-1.707191
-1.790016
-1.798453
-1.965299
-2.170574
-2.292457
-2.413638
-2.207175
-1.852140
-1.509844
-1.068651
-0.681109
-0.271399
0.242898
0.806402
1.228517
1.624606
2.078560
2.529968
3.093506
3.709689
4.318861
4.961594
4.814921
4.347344
3.948487
3.344902
2.962219
2.584868
1.986610
1.320245
1.006922
0.788508
0.482617
0.221363
-0.256207
-0.814163
-1.317281
-1.857640
-1.819545
-1.546964
-1.337440
-0.983611
-0.788569
-0.600144
-0.255994
0.134501
0.317421
0.450226
0.641194
0.811446
1.122605
1.490171
1.830679
2.201028
2.137835
1.901290
1.714113
1.420798
1.252541
1.092986
0.818561
0.512580
0.424086
0.401182
0.335322
0.304949
0.157500
-0.027682
-0.171422
-0.327607
-0.322552
-0.250332
-0.197620
-0.104659
-0.050016
0.005119
0.103414
0.216247
0.238879
0.234513
0.249428
0.250345
0.299830
0.365463
0.414663
0.469582
0.468813
0.445288
0.429954
0.401543
0.387063
0.373250
0.345365
0.313282
0.315112
0.327914
0.334795
0.347889
0.344564
0.336538
0.335604
0.333747
0.335159
0.338281
0.340362
0.343147
0.346409
0.350094
0.354478
0.359409
0.360009
0.359096
0.358941
0.357941
0.358716
0.359932
0.360202
0.360464
0.364083
0.369027
0.373810
0.379501
0.384086
0.388608
0.394116
0.399897
0.404615
0.409113
0.413948
0.418710
0.424285
0.430206
0.436021
0.442038
0.428704
0.407219
0.386777
0.360911
0.339897
0.318516
0.291319
0.261989
0.240304
0.220257
0.197626
0.175473
0.147705
0.117497
0.088006
0.057082
0.034573
0.015050
-0.006313
-0.026170
-0.049200
-0.073068
-0.095255
-0.117455
-0.145290
-0.175351
-0.205170
-0.236525
-0.266019
-0.295416
-0.326481
-0.358014
-0.283009
-0.163068
-0.048217
0.096806
0.215050
0.335500
0.488297
0.653057
0.777285
0.893298
1.023698
1.152078
1.311298
1.484217
1.653830
1.831721
1.754552
1.572383
1.409756
1.179230
1.017352
0.854935
0.619428
0.359837
0.210437
0.088896
-0.062906
-0.202861
-0.414240
-0.653663
-0.877982
-1.116580
-1.091567
-0.959479
-0.853418
-0.680341
-0.580073
-0.482137
-0.311896
-0.119691
-0.053216
-0.022290
0.037367
0.079278
0.194149
0.334791
0.454144
0.584241
0.576486
0.512855
0.466121
0.385794
0.342589
0.301225
0.223622
0.135394
0.121225
0.129752
0.123798
0.130160
0.097636
0.052803
0.022282
-0.012036
-0.050226
-0.090327
-0.134077
-0.180685
-0.225610
-0.271546
-0.320542
-0.371135
-0.429621
-0.492539
-0.556795
-0.624531
-0.692779
-0.763018
-0.836850
-0.913197
-0.887509
-0.819966
-0.759454
-0.671516
-0.611772
-0.551918
-0.462512
-0.363466
-0.306103
-0.258829
-0.199543
-0.144289
-0.060943
0.033738
0.123131
0.218560
0.197121
0.128224
0.070572
-0.016909
-0.071964
-0.126008
-0.212241
-0.308262
-0.349335
-0.375023
-0.413469
-0.444315
-0.507405
-0.582003
-0.647446
-0.717800
-0.715902
-0.684593
-0.661411
-0.620254
-0.598479
-0.577389
-0.536921
-0.490580
-0.481445
-0.483338
-0.477393
-0.477221
-0.456658
-0.429292
-0.408719
-0.385690
-0.376547
-0.372880
-0.366125
-0.362093
-0.354431
-0.346174
-0.340867
-0.336152
-0.320713
-0.301300
-0.282987
-0.262143
-0.245347
-0.229203
-0.210275
-0.190897
-0.254746
-0.353502
-0.448182
-0.566297
-0.662966
-0.761060
-0.884306
-1.016652
-0.952811
-0.812420
-0.690108
-0.518841
-0.411299
-0.309844
-0.155110
0.012693
0.077808
0.110996
0.162564
0.196117
0.282938
0.385929
0.468121
0.554681
0.688786
0.842966
0.999452
1.171361
1.329578
1.489441
1.665879
1.848690
1.826869
1.722719
1.634122
1.491894
1.410286
1.330987
1.193681
1.039193
0.968299
0.918779
0.847409
0.785610
0.669879
0.533373
0.408925
0.274162
0.290276
0.367029
0.426695
0.523483
0.577612
0.629177
0.720872
0.823925
0.850798
0.854829
0.874220
0.881375
0.929792
0.991659
1.039203
1.091325
1.080494
1.043506
1.013857
0.968407
0.938211
0.907880
0.860592
0.807640
0.789030
0.780583
0.764657
0.753949
0.724470
0.688657
0.658995
0.626993
0.628061
0.642754
0.653649
0.672815
0.683616
0.694330
0.713937
0.736401
0.741245
0.740872
0.744287
0.745003
0.755363
0.768963
0.779384
0.790992
0.791414
0.787298
0.784867
0.779841
0.777685
0.775714
0.770946
0.765379
0.766656
0.770176
0.772550
0.776213
0.776620
0.776124
0.777093
0.777917
0.764258
0.744523
0.725274
0.701852
0.682248
0.662364
0.637999
0.612000
0.590896
0.570633
0.548434
0.526322
0.500135
0.472051
0.444219
0.415172
0.491396
0.611871
0.726552
0.870651
0.988155
1.107516
1.258429
1.420823
1.541527
1.653214
1.778832
1.901738
2.055070
2.221554
2.384028
2.554180
2.457938
2.251518
2.064501
1.805901
1.617921
1.428499
1.162087
0.869717
0.691007
0.540343
0.357296
0.185649
-0.061204
-0.338143
-0.600297
-0.878222
-0.892778
-0.801095
-0.736976
-0.606914
-0.551102
-0.498900
-0.375453
-0.231245
-0.214999
-0.235928
-0.229283
-0.241876
-0.182417
-0.098395
-0.037176
0.033482
0.027970
-0.007943
-0.030983
-0.070859
-0.090258
-0.107470
-0.142890
-0.182865
-0.173783
-0.147891
-0.128974
-0.099951
-0.092601
-0.090476
-0.077011
-0.063466
-0.027999
0.018034
0.063296
0.115503
0.165889
0.218674
0.278720
0.342787
0.396138
0.447582
0.503707
0.559797
0.624458
0.693246
0.761663
0.832765
0.847932
0.840517
0.838290
0.821765
0.821218
0.821319
0.805972
0.786047
0.791600
0.804212
0.810864
0.820987
0.815965
0.805494
0.799221
0.790577
0.745978
0.685414
0.623980
0.550886
0.485547
0.417951
0.337945
0.252422
0.175691
0.098802
0.015724
-0.069130
-0.165050
-0.267166
-0.370693
-0.478895
-0.478682
-0.434678
-0.400201
-0.337775
-0.306467
-0.276311
-0.215959
-0.146593
-0.125280
-0.116991
-0.097059
-0.083366
-0.040433
0.013252
0.059311
0.110260
0.110153
0.089807
0.076663
0.051692
0.041405
0.032586
0.010948
-0.013900
-0.009918
0.003470
0.012189
0.026382
0.026696
0.023175
0.025882
0.027971
-0.046415
-0.152971
-0.256819
-0.382688
-0.488714
-0.596328
-0.727572
-0.867513
-0.981034
-1.089891
-1.209079
-1.327679
-1.467996
-1.618372
-1.767286
-1.922590
-1.877260
-1.749401
-1.636796
-1.470762
-1.358957
-1.246805
-1.077127
-0.888553
-0.786202
-0.705592
-0.601245
-0.506117
-0.354951
-0.181746
-0.020312
0.152374
0.195928
0.188562
0.198319
0.177826
0.195689
0.217510
0.206499
0.187436
0.237793
0.310438
0.371492
0.445410
0.485014
0.514819
0.559328
0.601866
0.581349
0.534636
0.488719
0.424189
0.377531
0.329839
0.262115
0.187275
0.129695
0.074003
0.010041
-0.054727
-0.136417
-0.226560
-0.316874
-0.413014
-0.381748
-0.299018
-0.227813
-0.123906
-0.056429
0.009651
0.111064
0.222999
0.277594
0.316463
0.368977
0.413856
0.493195
0.585064
0.667653
0.755813
0.784882
0.790437
0.804233
0.804260
0.821060
0.839418
0.842864
0.842472
0.875411
0.919155
0.957370
1.001824
1.030086
1.053798
1.084622
1.114627
1.111163
1.093827
1.077141
1.050688
1.033724
1.016290
0.988340
0.956700
0.934739
0.914054
0.889048
0.863826
0.829614
0.791018
0.752552
0.711135
0.689033
0.673781
0.654642
0.639104
0.616144
0.591302
0.570478
0.549695
0.516865
0.479354
0.442437
0.402304
0.366343
0.330712
0.291577
0.251548
0.211773
0.171316
0.129894
0.087769
0.043684
-0.001666
-0.047668
-0.094747
-0.142560
-0.191258
-0.241045
-0.291788
-0.343564
-0.396343
-0.450075
-0.504793
-0.562885
-0.622976
-0.683949
-0.746591
-0.809630
-0.873712
-0.939512
-1.006575
-1.073728
-1.141695
-1.210977
-1.281210
-1.353126
-1.426343
-1.500482
-1.575801
