-4.463778
-1.781084
6.613640
9.115036
-4.763172
2.755397
5.247168
-0.413544
4.620987
-5.375326
8.412806
-4.580305
-12.900748
-7.410902
0.854882
2.136796
-2.346001
-3.543099
-11.068777
7.670780
2.609502
6.019662
-3.363101
3.564418
-0.907850
-3.607421
-7.233842
-1.914729
-3.717798
-1.884893
6.843573
8.854721
3.097900
9.132236
-2.833022
-1.495586
-3.025215
-4.374961
-6.625523
-0.306265
-2.965248
7.192710
-7.245615
0.565642
-5.719614
3.302554
6.571329
4.065890
5.124646
-6.452709
3.491268
-1.026157
-3.736895
6.627095
3.143483
7.303228
-4.713809
0.627182
-1.061375
11.381641
-3.382491
4.619690
-12.809341
-2.690078
2.730335
-4.480834
0.090137
3.720817
-6.482160
12.592362
-6.216632
1.266666
-2.497017
2.992257
-2.417096
1.049430
-4.880809
3.899923
0.258326
-0.685020
5.483246
-12.005470
-2.712682
8.075768
-2.303406
-1.065783
5.333879
2.361122
0.128288
4.108493
-6.283624
-0.620961
0.007781
7.233165
6.009267
6.159577
1.183500
-2.471351
-3.283229
-5.619155
-7.213006
3.845450
-7.689603
1.766167
6.356943
4.663485
-10.097016
-1.038751
6.501910
4.537925
-4.417946
4.187344
2.597846
8.468638
1.131966
-0.217859
8.089601
-1.493138
0.594447
2.242728
-3.686575
-3.066832
-2.032486
-3.030219
-0.496565
-3.327306
-4.848156
0.096805
1.131826
-2.865632
-0.560480
-3.748272
-4.280257
-5.846429
-0.207405
9.261830
-2.459647
-0.182445
1.566082
-0.460527
10.653465
5.666997
0.259354
-4.764340
1.917498
-6.835689
0.914552
1.157965
4.627694
8.320993
6.768598
3.701452
-1.544474
-12.062021
-8.797245
0.156541
-7.385795
6.115417
-1.810808
2.413840
-4.632906
-7.008070
-0.408899
1.995737
-7.793593
-2.639817
1.713216
-1.866360
0.802865
4.394895
2.213704
4.673300
0.640960
-5.370761
-7.380121
12.224707
7.285869
1.062797
5.754465
-1.938817
-5.261509
-1.188586
-2.599142
2.595173
-4.995805
-1.617600
-2.591507
-2.566268
-6.347081
-2.147205
-1.199575
-0.126542
3.868517
0.576155
-10.393497
9.216530
-5.449149
5.269571
12.962641
1.887155
-2.652425
-7.013151
-0.220013
2.744821
0.268468
-3.328275
-0.271288
9.436576
0.232438
1.001016
2.615123
-5.348634
-2.962550
-2.141418
0.982445
0.632261
1.564496
-1.774496
-7.722130
3.763726
-7.356202
1.557268
8.919669
5.134960
6.388441
-2.004115
1.326236
1.995381
-1.167275
1.489615
-3.135826
-3.464938
-0.217473
5.691425
0.992037
-11.219448
-7.444788
-3.381427
-3.836530
-8.375312
-2.663979
4.298483
-0.038220
4.407008
6.683892
1.623947
2.315659
-0.192999
6.296165
0.665690
9.874942
8.077382
-1.529582
1.893483
4.624885
-0.607330
-0.753264
-3.998538
-9.930991
-3.172614
-0.082544
-3.643277
-1.433387
10.701318
2.838358
-13.951876
-2.120434
2.917261
-1.563032
2.219467
-9.643790
13.753252
-3.471385
3.237090
-3.013492
-2.616165
4.523731
-9.235020
-7.646247
-9.958558
-2.648570
-1.092418
-1.096096
6.571531
5.333799
-2.509041
-5.751881
14.851289
0.336343
6.117429
-1.484550
10.298697
2.884720
1.088943
-9.575422
-1.987044
-2.642267
3.008894
7.657045
10.140427
3.163863
1.501206
-2.840759
0.451218
-7.685154
-11.261514
-2.410856
2.498551
-4.512454
-3.706501
0.614688
-1.208851
10.454952
6.238250
-0.826171
-3.453930
5.045613
-0.362759
6.183913
3.561361
-4.568918
8.258816
-0.771920
4.490887
0.156884
5.674914
5.549997
2.644058
-4.609112
8.246564
7.803094
5.222686
-0.140978
5.891506
-3.102314
1.841326
-1.393785
9.947127
6.779755
5.699368
5.045305
-1.757295
-2.444872
0.198650
1.617478
5.604961
-4.496458
0.609365
-3.780104
-1.383656
-4.867896
-7.409403
5.524913
2.385344
-5.057216
5.495403
0.110820
0.777942
-7.359388
-6.614807
9.300318
-5.988831
-1.315873
-1.290363
4.710487
-12.040999
0.245530
3.788748
2.526036
6.717764
-8.318471
-3.281528
-15.415166
-0.647866
5.323877
-3.473268
-2.574829
-5.344483
-4.491911
-7.699827
6.144980
7.626982
-6.586169
7.270920
-2.171956
-3.763678
-2.882516
0.329973
5.407550
-10.392678
-5.816963
-2.620955
-2.983111
-0.024745
5.632593
7.133755
-1.944346
9.487921
4.279452
1.609285
2.480647
1.030907
-5.693928
-0.217881
3.958981
6.007842
-3.567997
-2.620862
5.088573
20.624948
9.400491
19.852502
21.804157
7.874214
12.138147
15.083953
16.778081
13.824537
23.721083
19.871935
19.200867
12.531650
20.864665
22.917293
13.826439
21.022991
8.085505
17.927188
12.605067
19.726203
13.967374
8.719650
10.107309
17.096706
6.843138
20.621745
16.433448
12.326398
11.969711
16.736754
12.482524
13.952056
18.159817
13.817253
11.902311
12.485677
14.868993
19.928741
26.907230
18.338296
17.005307
16.218048
12.211354
6.746256
19.641934
13.067071
9.405249
4.658771
21.366077
8.305855
19.465448
18.127275
11.329674
14.711180
17.924113
8.532221
10.961378
22.426140
11.053693
9.891076
7.135413
16.224064
22.884071
10.442511
17.012402
16.090963
9.808970
14.790212
14.541190
11.821702
16.156000
16.740810
17.160498
11.304684
10.207125
20.140695
15.053459
20.323265
7.019711
16.844062
12.902445
6.976809
8.567130
11.747591
21.588408
11.686290
12.709481
16.835112
17.985363
4.945769
18.089570
18.030013
18.128421
12.283412
15.264370
14.274467
22.554311
15.713463
21.097494
19.591395
13.847956
25.346883
19.707956
17.554713
9.956738
5.313670
8.495541
25.686854
11.773192
16.243195
12.494595
9.610674
9.222295
20.292339
16.186884
16.049327
15.678395
19.401968
13.645889
11.814884
8.109323
14.673051
5.389733
-2.598790
-8.173256
-8.924654
-2.039045
-2.999350
-6.961555
-7.733912
-0.026754
9.726347
2.487935
-7.712007
-9.507760
2.885599
-6.367276
-7.073837
-4.339809
6.299255
0.955914
-9.887888
-12.753229
-10.065265
-8.723058
-7.808656
-4.079691
-2.784380
3.460054
1.345454
-14.134807
-5.633461
-1.216368
-2.019251
-11.258071
-10.150350
-7.062193
-10.402136
6.496405
-9.083402
-3.083147
-5.870870
-3.003589
-9.901015
-11.857890
1.287198
-5.147501
-2.833873
0.285344
-1.356428
3.623751
-1.056022
-2.717815
-2.616662
-1.660727
-3.620085
-8.862721
-14.687731
0.625693
-7.593684
-6.834236
0.153064
-5.915058
-0.321460
4.072086
-0.087120
-7.054226
-7.599161
-9.504919
-11.083441
-5.474875
-1.625554
-12.984930
-9.442866
-2.098091
-4.890588
-8.281772
-5.361230
-3.206649
-6.790176
1.099321
-9.313542
-5.533874
-6.310736
11.103536
10.781707
8.556829
10.627035
6.905196
5.048949
2.473858
-1.496454
2.515770
6.537431
14.497390
-3.176717
22.226190
6.823742
4.738189
1.275725
8.334201
6.061910
-1.611961
16.159447
6.828979
12.718942
13.524143
8.057958
0.962416
7.164825
7.311812
13.338778
5.998577
11.869922
4.859504
6.970092
6.397640
18.030083
16.549615
9.342170
-0.234271
17.723995
6.267840
1.510626
5.955350
7.434109
6.556052
3.095588
12.134008
12.304030
7.396000
9.272383
11.686501
1.231764
4.971687
5.199471
-1.236639
8.260735
9.365224
18.338832
1.427169
7.092520
-1.360899
8.199512
2.346089
9.629718
9.865655
10.680328
13.703162
13.821684
2.053589
7.541737
3.506294
5.778304
3.211914
4.138260
8.825529
12.627261
5.444534
14.600279
4.974724
0.714296
5.299524
9.323353
13.033241
7.107782
1.323911
3.654317
15.168789
8.224235
4.143581
3.405279
11.526638
5.212848
7.895878
3.794075
6.771554
3.919631
12.686568
8.011983
5.724581
9.861239
3.153254
-1.887680
16.244073
3.663779
6.146434
13.111162
2.142820
-1.213197
6.460123
8.716481
13.897625
4.426334
11.344900
10.976944
7.177409
9.492609
17.899787
-0.896981
4.405733
14.580023
2.970678
10.601708
13.218054
11.751074
7.859416
-1.161280
1.574460
2.185426
10.660895
2.951367
4.159940
-5.571003
13.559880
18.840017
2.756440
12.080201
8.728020
6.668821
5.127408
12.131950
7.730576
3.885650
5.529191
3.594150
12.179295
6.113084
6.851858
3.200653
1.524835
17.126816
13.748975
15.062635
10.210391
2.435344
11.768680
0.344229
8.291898
6.611097
8.692519
13.922323
8.007911
16.194272
-0.292058
7.497865
8.206718
12.707663
12.073572
14.970464
2.685662
5.276293
2.593473
13.776605
6.945214
4.502270
1.529546
-1.058934
2.736310
7.482980
6.461075
6.980327
2.725510
8.594559
4.157723
8.262201
6.375162
0.057509
8.731321
10.192813
11.146046
4.457666
10.401829
7.515252
15.201003
0.931987
4.162613
6.970727
4.715283
6.889626
8.259446
5.719220
15.610507
12.287071
-1.569017
1.185457
4.760488
2.949320
-0.290648
2.703215
8.147569
13.517854
3.177232
3.980139
10.474607
0.809353
3.682933
6.011294
2.901412
7.152185
-3.231751
15.688973
5.343633
13.885799
9.843730
3.581063
10.386214
8.885799
8.818749
6.496782
0.761363
4.710012
5.756401
12.640982
1.815226
0.846212
10.058339
-4.013415
-1.543635
4.346298
4.753332
7.446504
12.579819
11.254503
-0.314826
10.230918
8.188498
8.660885
12.809928
7.121615
7.538180
6.297501
17.561868
-2.048908
-2.153591
-0.099342
1.508269
7.425980
6.418870
8.962522
13.401810
12.522499
12.007687
0.051890
8.266766
-0.796536
5.819919
14.704272
5.569153
6.129720
12.152809
4.926312
9.613794
7.688124
0.374583
6.704480
1.568160
13.001743
10.183280
7.382412
-0.193554
6.442280
8.034863
5.034260
6.044423
5.787593
19.053156
3.645780
11.500811
10.857934
7.933730
6.011930
-1.222845
9.022696
1.135814
14.214880
2.748751
12.281398
8.311663
8.569632
2.793056
1.346526
4.041149
17.639446
0.473977
10.724854
8.926455
7.298266
5.082821
-1.007885
4.859335
13.908280
7.525577
5.572262
15.478329
12.145862
10.057113
17.962552
8.426860
7.254998
3.012194
10.068388
4.932202
6.119858
7.600837
6.960557
4.467574
6.720980
8.130932
11.566712
1.894041
4.887609
-9.393889
-13.718365
-12.209368
-4.863144
-5.158761
-8.069350
-0.230259
-16.515291
-16.475582
-14.098258
-6.007769
-12.014446
-6.304109
-1.101416
-10.827664
-13.015188
-5.538475
-3.476314
-2.080983
-12.822624
-8.493848
-4.125443
-21.102289
-6.202252
-3.262969
-11.008488
9.457106
-12.994243
-6.274053
-11.103170
-7.676490
-0.486068
-7.226909
-13.645138
-8.292027
-8.291945
-15.090578
-5.087647
-11.402740
-7.314411
-2.384658
-4.654080
-8.009635
-5.704592
-4.536183
-12.394125
-5.362910
-0.889372
-4.681209
-10.946471
-7.424424
-8.863768
3.201999
-0.983166
-5.016184
-6.501777
-14.756166
-4.762968
0.622735
-8.264884
-9.414390
-0.452148
-4.734857
-11.142070
-2.550487
-16.345156
-8.381048
-7.849188
-14.743779
-5.177173
-11.091495
-14.768819
2.683955
-10.433728
-10.113397
-9.419173
-8.065041
-9.097599
-8.263319
-10.023618
1.281621
4.444799
10.833107
15.141762
17.828754
4.767575
7.446472
18.391303
15.139132
1.405457
17.382798
13.166842
13.229969
16.233036
13.253249
6.815422
8.693771
11.464536
12.287169
13.073837
16.739641
11.755179
14.357611
8.800175
9.104722
8.609904
-0.979229
11.912123
13.996262
3.968623
10.270465
15.268729
11.448359
10.679707
18.011210
10.752285
6.127632
9.393071
12.022494
6.717669
21.478893
8.308490
5.569080
17.257417
8.241365
11.258587
11.996260
15.276537
7.932077
17.809188
7.623666
6.364665
13.674602
17.310084
8.439468
8.700218
9.056380
17.713301
7.669410
7.147093
5.147061
8.543227
14.015322
12.038069
13.715819
9.817742
3.020516
8.522392
15.957596
6.486605
8.878387
6.618815
16.543000
14.040423
10.556618
6.235649
13.471076
9.449509
12.367969
16.903528
14.444548
7.546371
20.629356
8.078912
1.864828
12.771811
11.042526
17.265834
8.285140
10.250372
5.632603
18.911032
10.435462
3.336765
10.402539
15.897684
19.378218
13.235120
9.237056
13.865879
10.427383
7.209796
3.007621
15.038976
12.949738
10.971930
17.039209
17.167474
11.582243
12.580104
6.777890
4.337892
15.581371
8.413189
13.507913
7.509056
6.654888
10.317787
7.591792
0.820175
2.321812
12.553896
13.730760
13.823436
21.749323
10.123226
8.464591
8.005851
5.726798
9.643194
11.324310
8.454367
16.240511
13.050935
11.774438
16.192123
8.716651
15.428962
12.996050
9.835720
3.336281
10.090762
18.073137
7.144307
21.446721
14.178782
-1.223065
24.515289
4.414083
10.853693
9.708047
5.039544
16.057632
8.664850
9.029759
10.163842
10.064120
12.992165
17.442857
4.225182
12.185174
17.409445
14.645123
12.111956
14.799242
16.695765
-0.052324
12.556435
4.891846
2.725909
9.383256
4.179449
13.817032
-3.576840
7.894363
11.521746
12.827684
6.854565
15.314923
2.958886
11.142385
11.399693
6.719618
7.443297
20.019374
8.979947
13.920411
8.604424
17.544763
5.303839
13.122593
14.435379
15.929164
8.550759
4.804785
10.072207
15.878351
17.880594
10.580698
4.907981
7.575787
10.810998
8.343020
8.705281
9.070749
9.112831
2.633247
14.183215
14.697606
14.425322
8.235947
14.374301
11.001190
8.682329
0.820355
14.799127
13.768869
8.790669
8.910230
11.899423
15.935895
4.102070
7.521174
5.169507
10.104524
9.792223
0.160098
4.094575
17.048877
15.185489
12.750703
1.498876
12.401498
3.292775
13.491172
8.527784
0.575458
19.596018
1.151482
12.542061
-0.314132
13.010070
4.242652
12.770676
6.600523
4.748980
19.406167
9.698457
4.907431
14.549121
9.107595
11.159188
12.166267
-0.124286
10.233395
8.915411
7.956315
11.156082
15.603931
8.564591
15.854895
15.048078
10.292594
5.026366
15.544730
10.993116
10.758168
15.801844
6.591423
7.584820
6.538983
11.148342
13.230356
7.334961
10.451470
5.210254
14.892067
16.441717
8.541246
9.709658
16.804488
11.539698
15.295277
1.393284
13.754770
12.392971
11.368696
14.506926
22.959202
16.705082
13.358454
11.966153
5.645168
11.608788
12.485548
18.298760
3.780018
12.571038
9.994813
1.971761
15.485762
13.394984
13.457596
7.897961
9.174308
8.407373
15.117295
3.153953
10.736625
2.876830
13.114899
9.508990
9.431449
4.917956
8.563741
11.584718
12.862923
15.477440
13.178069
9.758102
5.818992
1.760498
4.981630
2.278077
11.304393
11.992180
5.462649
20.779697
14.436380
11.585245
14.985943
7.406441
7.249417
10.288039
11.231516
12.657329
8.371334
14.964070
12.702409
13.943746
9.077459
7.081220
14.664285
20.069002
9.532151
15.319075
15.790388
8.898451
13.924417
17.178688
4.229433
14.053874
6.377652
14.366701
9.611755
7.158149
14.430686
7.822236
8.153969
17.880266
6.405523
6.480349
4.473159
10.830368
11.749509
7.136968
6.925872
8.460026
3.775885
15.966133
5.298775
7.238975
11.624935
15.762377
1.902309
10.239123
4.879865
13.550472
13.947741
15.099157
8.200835
9.297123
7.689720
2.381599
13.821793
14.176222
13.628268
5.790813
11.905782
9.726085
12.507317
17.537102
17.103105
10.018365
9.251338
12.459333
11.223457
5.078662
12.794171
5.450796
14.116775
10.108241
9.412264
5.206573
18.720425
21.554303
14.479105
16.028677
5.024377
2.671600
18.119919
12.788635
9.529498
18.571410
5.625488
14.705162
14.097113
11.926867
10.926859
14.870885
17.183567
8.450848
14.589071
4.365673
10.941353
14.405953
10.054688
8.704300
13.344530
14.475916
9.535559
15.042485
13.995933
13.556221
11.485144
15.298108
9.884654
9.655411
11.384584
18.115586
12.478410
1.601270
10.126893
2.337763
19.643954
7.340470
16.938158
11.140349
10.948736
8.693438
8.515453
17.192357
12.989262
9.979363
9.212417
4.148377
14.781755
11.627570
8.833556
8.532397
12.357863
16.003305
13.122121
11.073028
8.002387
6.569063
11.302529
21.723222
0.444933
12.651162
16.062004
8.706396
11.381354
13.467951
9.956930
17.211869
17.190529
12.575759
13.190524
20.454331
9.377537
3.155228
-0.247039
11.852078
7.646020
13.919037
11.667312
19.457075
8.221090
9.016978
8.191476
6.995598
14.406377
19.955481
7.058857
18.058490
5.093145
8.644856
12.325212
10.730229
20.891421
8.404554
8.267373
11.097609
-1.948583
12.799483
13.552403
9.112225
12.737653
11.256159
11.585529
12.665129
12.392971
3.538143
16.545385
8.007396
11.754493
12.989899
10.622817
10.711463
14.775889
13.340382
7.744080
5.940944
12.985919
10.485180
-1.047018
7.216831
5.706656
9.414040
7.899483
4.790252
7.781687
26.940356
6.919556
11.260799
14.010314
7.579433
20.162718
16.207092
15.960181
13.242751
4.864826
11.382140
16.399900
14.508880
12.160466
5.299238
12.449477
7.377631
10.103711
2.295636
6.831146
12.106530
18.021627
7.224243
16.534822
17.358145
13.237230
8.748088
-2.808467
11.820906
8.883713
15.292595
12.789293
7.199812
11.542027
13.284865
5.530654
10.330716
9.957634
10.926015
13.352650
16.073837
16.682875
6.003368
15.730343
18.172903
8.574862
8.760841
1.691798
1.131433
8.571123
12.326464
21.267875
4.777946
15.209033
17.231094
18.232475
12.485310
10.365453
16.973669
9.546181
6.963869
-1.177830
21.367991
8.825488
12.167920
16.514884
4.071530
6.872279
19.968362
9.907705
9.777059
7.619365
9.728759
16.768381
15.620384
7.608352
13.396643
9.238452
18.734375
4.457323
16.053327
12.453968
3.052262
-12.739436
0.779236
-9.701885
-6.409874
0.134792
-1.323578
5.735140
-9.258124
-8.475704
-4.047213
2.909512
-1.013528
-8.985379
-14.582019
-2.616945
-3.003822
-12.591273
-0.903752
-4.192827
-14.269386
-4.219162
-4.995355
-3.079694
-10.225059
-7.803080
-2.413898
-1.903074
-1.935436
-9.122679
4.738256
3.974512
-6.526102
-2.990978
-12.746626
-8.671343
-3.659012
-8.817641
-4.888924
4.883504
2.125866
-8.675422
0.245304
3.909474
6.097459
-5.876455
-7.508691
-7.175927
-2.996051
-3.509887
1.477009
0.751309
-5.945293
-12.126930
-10.977735
-2.486343
-5.880486
-6.323029
1.366975
-14.126820
2.473809
7.831530
-4.794282
-3.208455
-11.095599
-2.602079
-1.859628
-5.228441
-2.647549
-10.545989
-4.486692
3.887384
-7.795726
7.030429
1.933034
-6.454276
-2.648665
3.214578
-10.104665
-4.949480
-2.027722
-12.959814
-6.197469
-9.607750
-3.793836
-2.841613
-5.091864
-9.995080
-9.207506
0.312636
-3.006691
2.941680
-3.938851
-9.022580
0.131475
0.254987
-0.856052
2.543939
-2.202468
-13.456448
-4.388912
3.969329
-7.879162
-9.871062
-5.266101
-9.231803
8.265738
-3.730611
-2.368431
-9.256176
-12.397201
2.580421
2.748184
6.352741
-1.911349
-0.532976
-5.480333
2.791351
-4.836823
-0.886944
-10.000518
-8.498510
-3.536099
3.741111
-3.761784
-8.629918
-6.192314
-2.566905
-2.255389
-7.874144
-12.416961
0.723225
-8.542168
-8.234638
-7.490346
-11.264766
-6.965013
-12.169378
-4.209795
-1.824039
-2.101870
-0.838675
-5.886744
-5.582424
-1.137051
-13.496873
-6.914369
-2.377527
-1.486424
-0.980085
2.676308
-0.746132
-8.243649
-4.688141
-10.151206
-7.067627
0.511080
-4.341567
-0.527464
8.570470
-8.515692
-1.486862
-8.148387
-10.284271
-11.570232
-7.952057
4.389373
5.418678
9.802051
-1.539060
10.459207
0.266044
3.912193
-0.671245
6.600849
-0.372948
7.259932
1.247149
4.690289
7.335115
1.251556
12.073306
-5.973035
-6.693036
-1.395800
-6.308242
8.502212
1.116833
0.557242
-2.803318
4.085044
0.436927
2.936297
2.313463
3.962086
8.295556
7.465425
6.128675
1.725074
5.882795
0.630112
-4.709571
7.641110
0.857012
2.377236
2.574683
11.123501
-0.040942
0.955421
-2.417478
0.514278
2.193839
-1.476893
8.583958
-0.683298
8.413236
4.111128
-0.144618
0.801173
1.878198
5.777823
11.370739
-5.574964
-5.089618
8.488367
-6.065863
4.953837
10.128667
-2.585014
3.019585
-4.863486
3.342508
3.686979
2.801468
-4.503907
-4.893323
2.665806
5.267639
9.366978
7.225674
2.634247
-4.156001
6.975583
-1.011781
-2.807969
-12.831564
12.586139
0.588769
3.763775
1.860647
-2.278603
-5.193114
6.556227
3.648453
2.220387
4.688473
17.171032
-1.274852
8.013595
-3.626101
3.234801
8.148369
-11.036306
1.044414
-2.785621
9.066294
-0.982384
4.918737
7.890610
5.249838
-1.730825
8.561586
1.391005
9.447036
3.455279
0.923737
10.195301
8.658316
-4.759437
3.717344
4.813760
7.404822
0.007045
5.065880
-3.895323
0.996500
0.324954
4.646319
-3.015544
8.314743
-3.327445
1.892487
0.222602
-0.720235
9.288432
5.185260
1.565338
-0.444150
4.184538
5.676590
0.423261
1.324221
7.097392
3.537678
9.198799
5.895791
-5.992195
-9.072189
2.855943
-0.958570
-5.474460
0.154011
3.498186
-0.176929
1.720582
-5.775889
8.606694
-0.761104
7.308794
0.871442
0.055177
4.324266
-4.510419
-5.660389
2.670606
1.138339
-0.050151
1.281983
20.909185
-0.987305
10.031534
2.199831
-1.287938
11.028212
-2.987749
6.136608
-5.850326
0.486220
-1.695807
-3.603647
-3.979116
-0.650233
12.604087
2.242305
4.877232
-0.771192
7.032327
7.513879
8.604199
-5.003651
-0.587275
10.917404
4.844355
-2.229250
3.374368
4.259492
4.360823
6.606199
0.339396
10.127577
1.214854
3.307487
3.014812
4.391015
2.432307
0.706366
4.967053
2.784651
8.608254
7.201285
-5.426208
4.010086
4.725432
10.711265
-2.213030
-0.394967
14.486860
-3.065056
0.817810
1.323355
-1.612309
-0.972040
-5.920495
0.417409
-2.227020
6.922210
-11.057285
1.158458
1.467474
4.811887
-3.059770
1.389809
6.986858
-7.473064
-0.736086
6.778332
4.082998
9.506596
2.622033
9.117109
11.824569
0.527073
8.753315
5.792850
5.826430
7.983602
0.064522
8.889965
9.594825
8.160764
-1.340828
1.810277
12.861217
5.635668
8.689284
5.103409
3.936334
0.263843
1.008834
-0.266919
-0.359156
-0.225701
-2.015150
1.882368
15.092722
8.988861
-0.025472
3.707900
11.141087
-7.289891
7.208893
12.404909
1.078648
3.400453
-6.522075
9.951673
3.166261
0.135588
-3.081730
13.481983
7.055917
-0.819666
3.534978
5.933254
1.124461
-0.652690
0.399079
2.324732
1.049764
1.093370
4.146752
1.582592
6.054074
-6.445594
1.446464
-5.769859
-1.448834
10.265868
3.096263
5.996888
5.774893
-0.242190
-1.123373
5.742947
6.147134
6.941748
-6.489343
2.914613
-2.683378
0.787191
5.929157
3.310733
-1.819875
4.428992
-2.133229
-0.135373
6.383532
6.155727
-2.770377
8.483867
-5.386745
2.419786
4.102361
8.432255
2.395514
8.810399
-0.748820
1.244013
-1.257899
-2.657523
8.162969
7.289538
5.462441
5.889273
-0.001434
9.196255
-3.009663
2.199042
-1.747758
-0.371623
-0.562431
2.749197
1.336247
3.252069
0.499202
1.191812
2.435992
-3.155454
9.998594
-2.032554
3.331055
-6.486459
11.090602
5.245915
-2.024461
8.598624
11.895162
3.113957
4.009161
3.359402
0.794146
5.689537
0.593765
-2.175805
2.084108
13.140842
4.167206
2.467716
5.711235
4.326286
7.875510
3.066674
4.621901
7.946451
-2.688898
-3.296295
-2.024263
3.145953
1.388316
0.848476
-4.411933
-3.364699
6.167230
2.223024
4.997519
2.579183
5.475796
-4.719939
4.960266
0.129916
9.361286
3.503681
4.738329
-4.267804
0.906832
0.290239
4.763739
-0.228765
4.547575
3.225710
0.397203
4.604164
2.556122
2.825213
5.192119
9.705489
8.316372
-4.960711
-0.618954
13.168111
-9.366780
-6.314190
5.087908
7.975855
-2.051874
0.638868
-2.066412
2.741354
4.888473
0.492162
-3.031938
-4.918874
-0.675792
2.260933
-1.922229
-2.644213
-0.893442
5.336340
0.525256
10.114369
1.596202
-2.268295
-0.949830
-4.509367
-2.446259
-1.160474
-3.195401
-0.111201
-3.068438
-7.538592
9.790827
11.841490
2.240570
-4.050638
10.866816
5.464387
2.926459
4.753869
8.351976
4.961775
0.586828
6.669858
8.806726
6.363502
7.787559
4.068999
2.694311
3.254627
2.881513
7.303502
14.580895
0.684657
2.013691
3.823268
2.980690
11.569583
-3.241877
-6.864564
10.812087
-6.260995
3.818315
5.471952
14.165867
-2.041906
-2.554119
-3.152637
6.974239
-0.399133
3.477500
7.683433
-1.601335
3.910904
10.373109
8.759963
-3.709242
5.703715
11.639450
-4.151415
7.692543
-6.381593
4.370756
5.529079
2.707431
4.714327
9.958437
-1.238041
3.875148
1.804894
3.305519
1.782209
10.409759
14.155753
8.524463
-0.843355
-1.939704
3.153778
8.442680
-2.887689
1.339539
-3.616673
4.986697
-0.136010
8.498261
-1.144021
6.890670
-1.697741
-0.119573
3.791355
6.549180
2.253387
-0.656956
4.558824
8.367776
6.089993
10.277940
-0.914000
8.835768
8.727890
9.877500
-6.111575
2.805127
5.133858
-1.495135
11.233421
-2.642570
4.857510
2.302845
-1.027547
-6.051552
-3.199954
1.373672
12.086300
-3.104286
-0.964551
4.337224
-6.547737
6.734694
6.515868
5.492627
7.691685
-5.088526
0.279382
10.199638
-0.188892
7.134745
3.767284
1.375190
9.717968
-2.579518
-2.830960
8.258175
-0.760033
6.115823
6.669108
1.541433
-2.748053
-0.045914
-1.225780
7.281651
0.256747
-3.642170
-10.699880
5.550973
6.913369
0.270834
2.070160
-0.075177
-14.402128
5.631966
2.280952
6.695378
2.635671
9.156713
7.648209
0.965975
9.383103
-1.049565
-2.762127
3.393573
-0.821854
-1.054156
-0.727318
2.653680
-1.674736
2.849036
6.099637
3.848399
4.226138
9.557359
4.336153
-0.185163
-0.832967
-4.373574
9.169299
4.574683
2.210880
-1.112834
11.338902
11.837922
-2.048089
13.103822
2.103421
7.039247
4.915229
2.919798
17.140353
2.948920
4.159506
-6.884665
6.476479
3.833943
-3.381469
12.622119
3.980731
3.813913
-3.624359
-1.360402
10.637757
4.346583
-6.803809
1.050855
8.551004
5.056990
3.990616
3.083796
8.127773
1.471084
4.234190
9.630996
-6.244794
7.402597
5.739963
0.123137
-6.778901
4.432229
0.162835
4.277538
4.478777
3.977425
6.328099
-10.890759
7.406595
4.419858
11.343381
9.696354
5.763278
2.027706
-4.473432
3.678266
-0.069813
-1.466203
-8.486350
7.073412
3.181070
-6.289088
3.369065
5.169102
-1.797491
-0.897890
-1.289499
-3.953628
2.257663
4.336695
0.256129
-5.384934
4.704831
-1.130187
6.058433
4.121671
9.659472
-6.919615
7.117924
4.857813
3.565047
-3.108968
6.775324
7.779197
10.177322
-5.216865
6.177854
2.932165
5.244078
7.728250
10.729425
3.668104
11.477817
-3.436120
1.123575
-0.104917
2.870623
-1.361901
-7.996844
4.661807
10.704495
1.883090
4.646746
2.075854
-5.113282
-0.216501
-6.733729
4.821233
6.811207
6.598829
7.258130
-6.169858
-1.977544
10.589364
5.454404
-2.144364
9.197218
-0.004858
5.275466
9.559666
2.308913
4.241546
8.082296
-0.778722
1.351786
-7.880579
9.992044
-0.191488
7.665869
13.408473
2.448832
-0.937947
5.231505
1.899127
-5.477784
1.458653
1.525549
5.878349
0.889187
-2.662674
3.987390
-2.374781
0.023335
1.453620
-3.012736
-3.369190
-9.528391
-8.016493
1.627206
5.314911
-2.747753
7.347429
-3.573867
-3.381182
-0.489393
5.374692
1.549527
-2.025981
9.540199
4.894372
7.931559
8.058718
1.627495
8.488815
12.621330
2.959454
0.521565
4.187862
5.210616
5.690933
13.959280
6.157089
9.634765
3.715987
1.906847
8.273060
0.559793
7.472289
9.251413
4.775772
0.769876
5.916006
-3.974804
8.234284
-0.808004
0.729353
9.385207
-3.683143
6.586767
1.880136
1.411894
5.828113
3.841953
7.713729
5.057872
7.957411
-5.488317
3.671551
6.623062
4.053927
0.037246
15.640239
3.129477
0.187517
-1.994143
1.832124
-0.884517
9.822274
12.773861
-1.822415
-2.349186
3.971525
2.281442
5.101849
4.499122
0.423709
1.860834
-0.072821
8.525651
1.426886
9.061913
1.862633
-4.483937
-5.975865
3.097721
0.709199
2.727835
3.666744
2.682875
6.150298
2.721862
9.017892
6.392847
1.122748
12.277359
7.719860
3.562666
11.771396
4.237696
4.053087
1.678394
-9.409169
4.716004
-1.098723
-1.742037
-4.557284
-0.010567
-1.971832
6.456569
-8.768867
2.916430
0.664146
3.979809
8.997175
1.041739
-5.664084
-0.330183
3.588854
7.754308
3.019982
11.390006
4.275142
23.691606
13.273890
5.880117
23.701932
17.361345
21.915425
20.507827
21.390842
20.443016
12.531447
20.418814
23.270680
20.154922
30.845459
21.589851
25.994414
18.617361
16.029167
18.034692
15.353996
11.304272
14.654373
15.251922
10.850004
16.918043
18.235127
21.356075
17.474639
16.071192
25.943217
14.950550
7.871770
16.449204
24.396063
28.931874
20.618780
12.377049
18.219334
26.861369
16.340514
24.459925
23.096469
7.217081
17.658259
22.303378
16.460705
18.283993
20.639789
35.526424
23.137339
25.512580
19.008641
22.210336
19.704947
14.555981
17.889841
20.502590
16.050743
21.664282
19.926468
26.339252
23.475497
25.496393
28.677644
19.214422
10.686168
20.827776
23.576166
17.501962
18.898964
23.868193
17.871092
19.837623
19.030325
15.692975
16.832352
18.227504
21.746563
21.467049
23.660673
15.379148
16.957271
18.286377
19.964233
7.925831
17.045910
11.043085
23.719262
25.598648
13.010517
10.232759
24.098889
19.790161
18.979505
21.761321
14.309941
15.188692
18.429583
26.721772
18.101272
23.431218
16.717428
21.881893
17.492578
16.914742
25.738131
24.481858
21.628231
20.220698
15.673152
20.100404
22.023385
22.439584
20.736464
13.448005
24.462348
15.268535
13.930398
7.485199
20.075671
18.331559
20.581505
12.773840
17.791936
29.575053
9.517109
25.123759
17.090607
14.402330
20.796488
36.264026
11.111109
19.857482
20.209800
26.022898
22.193529
10.665813
15.006773
10.572035
26.485683
15.213127
16.342913
10.960196
20.166535
15.733690
31.721057
25.037183
13.143620
19.797776
16.379224
18.979432
23.711812
20.085899
15.903096
17.176422
25.270761
18.833543
17.177535
12.951335
19.139021
21.085331
23.152572
9.039794
28.973851
28.484255
15.894933
17.109535
18.998388
24.875876
23.610076
24.220646
23.102089
20.010090
19.895217
19.268763
16.554328
14.874791
18.956472
22.136812
9.709138
18.047217
19.653521
34.385360
17.322147
17.239697
27.024129
14.399091
17.056266
21.222286
15.449819
13.289597
14.347726
11.802982
24.100928
15.204896
19.134510
23.692571
21.934357
20.057274
20.839095
22.466957
20.240052
14.728598
17.396074
18.066712
15.560069
21.390071
21.087968
18.374276
8.632371
12.392914
24.414420
17.838990
16.876618
21.168198
17.182114
14.363187
25.546299
15.473455
18.359595
16.371215
24.116906
14.416244
27.159483
27.272140
18.729222
11.035486
18.715557
17.860974
18.756686
20.532428
17.854454
15.261522
20.160458
26.251820
11.215937
26.436851
22.710305
19.948995
15.398632
29.793575
32.769473
22.422041
27.359345
21.630851
16.546059
15.761278
28.123271
18.635532
10.325888
23.120566
12.834448
17.679823
27.288939
29.441990
25.629234
22.191721
20.271443
15.474411
15.960410
8.947140
17.139249
17.939785
18.093573
17.349547
16.962069
13.334119
20.695830
19.672533
17.761451
16.711055
19.601473
17.598475
12.873654
18.641773
19.244092
22.645280
29.697957
16.384686
13.298281
21.678492
13.790842
20.214824
16.320369
11.563925
18.191283
19.290039
17.713123
24.977446
18.811209
25.052314
17.001425
20.330473
22.134523
17.894808
15.579937
17.179330
19.424308
11.650040
8.061960
11.914944
27.919031
15.201420
12.152925
21.322055
29.055825
24.757622
20.269527
19.748535
10.842748
25.424848
19.728602
19.060529
19.085292
27.682879
6.434146
24.239121
17.502726
19.720414
23.454175
10.546107
17.039675
10.885985
16.072040
21.471028
18.215843
20.360642
19.868302
17.519662
20.130797
26.458833
26.656299
20.811125
16.069565
23.304196
20.747439
19.477080
23.720274
24.348094
20.024963
15.273779
15.802399
19.340607
16.641786
13.628736
19.319624
17.229076
13.834571
24.160554
16.513066
15.529255
16.741730
21.965482
20.511543
13.372023
25.830815
16.427563
23.604273
21.619039
24.201554
19.186040
19.072077
26.017319
20.255563
22.753193
16.111697
22.400576
17.115032
16.288372
21.660131
22.124828
15.233430
12.195110
25.754034
20.188293
26.642000
9.671498
19.607671
23.343125
5.920822
14.028704
24.984827
13.963043
20.853989
23.188768
22.094015
15.651232
29.128669
21.955242
13.543375
18.783615
27.875759
21.720249
20.768579
18.055469
24.103069
30.406888
10.338475
22.768234
17.723684
11.054108
23.606091
25.918447
19.854927
26.839290
16.208156
20.247207
19.170419
14.908589
11.182810
15.352011
18.008580
16.212948
15.489717
15.681339
14.001234
16.565226
17.218735
26.410216
22.242007
20.620658
23.318046
11.599932
14.380603
17.765660
24.996598
21.089226
22.972261
11.707604
16.525349
23.078732
25.553530
17.809895
18.212633
26.761167
9.612573
19.252905
20.311559
24.594891
19.774572
26.334255
17.018580
24.213287
14.288012
18.063172
18.344844
18.748445
21.225803
21.489764
25.489680
-3.102998
8.950275
4.471372
10.221697
11.641311
1.335112
6.786948
0.028876
17.592402
11.803813
6.919922
5.399180
13.247098
2.629029
-3.241607
9.656713
1.667289
11.178069
3.804540
2.886550
15.114094
5.829950
11.073551
8.319315
8.278366
6.828352
5.376041
7.500702
11.708108
-0.617718
-1.509395
13.434584
17.794487
14.560904
6.548613
8.445969
7.339878
12.356176
10.923489
9.841802
11.211731
8.259933
7.373775
9.751042
16.932282
13.825529
9.656338
6.660395
1.906990
4.698958
3.506205
14.899111
2.832843
0.435751
4.394382
-0.508880
11.380389
1.798172
2.440932
3.040821
-0.874761
7.906103
5.432016
9.236106
15.534468
11.922818
15.796735
9.405835
17.860691
3.614743
-0.423215
6.723965
2.995164
2.775496
-3.667033
1.683563
13.268561
1.611255
4.191691
-4.006658
10.132408
13.973039
10.544501
29.650319
29.415337
19.938802
16.117081
18.021446
15.396577
20.041592
22.528818
14.697228
19.070960
10.507720
12.624403
19.974043
16.505340
10.538931
4.683887
13.999343
10.916000
8.699423
16.228335
8.910359
14.843648
19.881048
11.737442
18.908087
13.397323
9.882337
12.402408
15.734144
16.254428
9.945127
22.272761
15.157467
19.325237
13.633957
13.508649
19.190088
17.442331
12.091163
18.029470
8.730029
14.721816
18.079233
14.910491
10.647175
12.031298
15.278252
16.029961
13.163166
6.985056
14.856007
14.890245
11.804676
19.340035
14.601318
13.309081
17.419658
15.682621
24.650796
19.337604
15.769181
14.681532
14.316673
11.287846
19.327135
13.362506
18.861151
16.165590
11.370489
12.493617
18.869922
23.690552
8.438080
6.875179
17.858058
9.497955
19.768793
13.551004
21.474593
16.058048
10.816905
11.471524
13.295150
8.006225
13.608534
16.880963
19.091123
5.451704
20.137797
13.439147
22.376088
11.957646
15.624212
15.369198
13.636128
17.005229
10.786940
20.551908
11.442373
18.325978
15.803566
13.434979
19.409547
20.104243
19.852072
22.951624
20.188409
10.195561
12.056640
14.368934
16.012639
22.333555
9.056481
11.823447
14.593345
9.996573
11.358445
20.351351
16.189274
8.328928
16.611380
16.182331
-4.414309
5.532120
5.776996
-0.146497
3.851676
6.650590
-8.133514
-3.570201
7.792852
3.832758
2.374165
2.184896
-0.274001
-5.416894
0.431053
3.683475
0.396440
3.228145
-0.505884
2.201324
-5.439885
6.537649
0.589456
-3.803775
3.582111
0.410097
1.682825
-2.280928
2.372071
6.284757
3.540747
6.088168
-2.883617
-4.133210
1.747105
-0.593323
7.026930
-8.983863
-2.849768
3.886568
2.898218
3.752391
1.294112
-4.599461
-3.394401
-7.022410
-6.304232
2.228713
3.219727
-3.115004
-0.827814
4.588299
6.434463
-6.242461
6.375280
4.681735
3.420806
2.007467
-3.083376
-3.989798
0.566028
5.953477
1.312893
2.201069
-2.389867
-8.596957
1.237283
1.313803
1.644710
-3.063323
-8.693745
-1.683880
-0.072252
4.209275
0.697717
0.410642
-0.973924
6.088753
2.427506
-0.120371
-7.120446
0.185034
3.073573
-1.552663
8.573852
6.109288
3.804942
2.866978
-1.422690
-6.400294
1.159741
-12.937137
-6.632488
-9.000452
-4.884495
-5.214605
6.764223
-5.454654
-2.698660
8.325940
3.958808
-8.695626
-1.619618
-7.094344
0.709251
-0.684450
10.692070
-4.305966
2.823481
10.103894
9.505741
-5.412925
1.244725
1.715301
2.023494
0.519954
-7.720402
6.166759
2.233420
-0.507970
0.264864
0.620376
0.780888
7.751245
4.227127
4.265844
5.436206
0.544146
3.467914
-3.307483
-3.249433
-14.646366
-4.513555
-6.959709
-6.892949
-2.907548
5.559548
2.838844
-0.222106
-4.223732
0.132453
8.597536
12.710267
-2.766358
2.430883
2.672733
-1.311340
-2.092598
6.837744
4.492839
-0.245564
3.973571
-3.271801
-2.093129
2.838616
11.392882
-0.234598
1.961976
0.773676
6.351969
3.995145
1.668414
1.595900
-1.260830
-11.428729
-2.277180
2.392003
1.453789
-3.720174
-10.347750
2.356918
-1.048456
-7.557857
9.375010
-4.037160
-0.606422
0.760210
4.078029
0.336338
-9.315653
-1.206491
0.178460
-8.779150
-5.099996
-6.576709
1.524556
-3.944848
-6.902914
-1.001512
2.454860
-1.876239
-2.976937
-0.649255
-6.423981
-2.125260
2.564419
1.265556
-9.740131
5.618655
-4.923444
-3.377855
-3.655565
2.719988
-3.750397
2.262535
-1.976858
-1.687467
10.833824
4.851796
3.578078
-11.239194
2.712290
2.879748
-0.109454
-1.616659
-0.942361
5.473719
-4.256414
-6.057598
-2.282529
3.441077
4.499265
-1.496075
-3.836844
-6.180860
5.523853
-9.846371
-4.378025
4.002185
-3.721969
2.726486
-7.019962
-10.682938
-3.210181
-3.093507
0.410696
-1.140836
5.545905
-0.976275
-3.066757
-2.978612
0.564294
1.842753
-2.336590
-1.100922
-14.026527
-1.871891
3.826056
-1.605142
-2.388769
-8.151637
-4.003164
-1.137489
2.320441
4.270744
-3.549143
5.857547
8.149335
-5.473744
-5.559663
8.303276
2.512069
8.280555
5.959363
-7.698594
1.623116
5.679982
-3.447746
-5.153728
-4.140684
0.908368
-0.946779
0.487900
-4.486196
-4.695264
11.136096
8.519275
-5.651347
8.180890
1.213866
-6.041232
5.593265
9.453384
-3.465499
0.736085
-1.318413
0.935573
-4.664750
4.083343
3.431623
4.410029
-3.389912
-3.891632
-5.094727
3.666508
-6.068638
-0.340622
-7.419208
6.885002
0.293634
1.927155
-1.678858
-1.202447
7.799759
0.306351
0.442895
-0.560878
7.898972
4.516895
0.637996
-2.606058
8.059355
-2.553328
-5.320781
-4.532463
4.655081
0.899032
2.133249
-2.293407
-1.842440
3.454447
4.331316
-4.812932
2.351542
-3.240601
13.483518
3.314185
-2.561576
1.483012
-2.260893
0.389660
7.277032
2.604798
-2.409016
1.707390
-1.418259
3.353425
-9.479098
3.242620
4.006586
-1.232001
-3.680834
-0.622837
7.108680
6.473096
1.064972
-4.096295
7.326285
5.545825
-7.373218
-4.701705
-2.310120
3.240761
2.394211
-1.523501
0.244262
2.148444
-2.520475
9.051639
0.697945
5.013628
6.745709
-8.388917
-1.775857
-1.625122
6.894301
9.028570
-1.496451
12.129214
2.832754
4.370626
-1.789288
-4.079748
-4.748285
2.676181
-3.184118
2.508046
3.034350
-3.502480
0.066331
1.653913
3.410815
3.652858
2.415783
-5.681305
9.702836
4.508876
5.915263
-1.589358
-0.501361
-7.124846
-2.516047
-8.165670
-3.573713
-4.567134
-1.051843
-1.551329
-5.265932
0.647746
-4.188135
10.349215
-0.737273
-9.586654
6.633358
-1.207922
-1.938209
2.986582
-2.905947
-0.293602
0.558062
-0.181054
-1.061901
-2.151796
0.246401
-3.462560
1.957740
3.161891
-1.148299
7.082382
-3.786928
6.384659
-0.702422
3.591955
-11.217329
4.222163
-1.723012
1.118438
-3.390919
-5.963614
1.902752
2.526115
-3.685929
-5.973082
2.915769
-3.759432
0.206371
-2.348579
2.821110
7.563718
9.979136
-5.174663
6.879386
-0.330983
-6.526398
4.127909
-8.684079
-9.231991
6.196242
-1.427275
0.918639
8.127961
1.519211
-7.778836
3.263330
-8.657813
-2.613248
-5.531991
4.835839
-3.179962
1.032513
5.013630
3.640464
-1.552964
-3.872179
-3.726279
4.574175
-4.618267
-12.404352
-8.586337
8.671199
-0.879369
3.919723
-16.953045
-1.746643
1.957179
-3.246914
-6.606756
2.492048
-4.565207
-2.221812
-5.580633
-1.410041
1.352675
-3.081150
8.598639
-2.308561
-5.888633
1.268484
-2.687720
9.137523
6.140797
-1.805443
-3.853388
-6.502373
7.260067
-1.680270
-1.088137
6.663518
0.100722
2.948382
6.830976
1.250050
3.261755
8.598422
3.061976
0.956222
6.055165
3.015286
-5.029971
-5.325279
-2.627979
-2.163614
1.740793
8.616381
8.379773
-4.966032
5.899331
9.237345
2.338970
2.270114
2.020232
10.357149
5.234372
-0.438828
-0.921011
0.277061
-2.082636
-2.352169
-1.293714
5.168127
-7.908506
-6.576157
-3.807493
10.178839
-5.335208
-0.317616
-9.151574
-4.450603
-1.162526
5.701050
-1.261903
6.369499
2.394506
-1.451575
-3.189801
-2.401337
1.473263
3.410434
1.717812
-1.660212
0.313829
3.942100
3.122502
-12.648870
4.361016
4.180247
5.849057
-3.789460
0.173684
2.757711
-3.362402
2.370717
-11.551600
2.021858
-0.791560
2.193960
-3.463619
-5.378131
-5.332305
5.301564
-14.904947
1.874086
3.178398
-3.787906
-7.015432
-1.161143
-14.048136
4.088062
5.267163
2.180784
3.091078
-0.520906
0.642570
-0.601867
0.158766
4.078101
1.079430
-6.745435
2.326879
-13.450767
1.501220
-6.915352
-0.274619
7.508047
-1.551773
1.620956
-2.717278
-4.613061
0.399998
1.968908
8.874023
-3.063679
3.645214
-3.777427
7.718745
-8.632646
-7.451361
6.339418
4.505615
-6.539231
7.929898
-5.668671
-1.840566
-9.661525
2.255504
-1.340414
-0.714451
4.586020
5.209079
-0.841526
-1.825163
2.195349
4.084606
5.430902
-2.319602
1.706109
1.449085
-3.765600
-1.796583
-7.433286
-5.852565
-3.584681
-5.195947
6.996968
-5.047236
1.267171
3.134667
-9.403339
1.460483
-7.343134
2.973723
8.029356
-8.266288
-0.887318
-1.260808
6.694209
-0.164758
-2.824998
7.399570
0.005979
5.208414
6.072868
2.735233
2.008419
3.769720
0.576466
3.185948
-3.711512
1.708227
-0.666530
0.374744
-3.375721
-9.261979
-6.089926
3.717522
6.268252
-2.024046
-7.065224
-5.653359
-3.737926
-0.350750
1.094157
-0.410860
3.528680
0.505180
5.996774
-11.548407
2.131964
-8.530259
5.731391
1.884313
-2.488770
1.327749
4.635069
-0.635149
4.004596
-1.311518
0.265462
9.466546
-1.063899
8.629360
-5.324370
1.694439
-1.945405
-3.990094
-0.978724
-1.298852
7.550790
-8.418175
3.662194
-5.207676
5.430046
4.666213
-2.201169
-0.597846
-1.242711
3.914534
-9.315316
-2.073089
6.262044
0.923414
3.951561
7.635804
0.469043
-6.202209
2.227533
-4.533127
4.745994
-4.764365
-2.654357
0.063208
7.956180
5.334639
4.988064
-2.924253
-2.301556
-1.780091
-4.017909
-4.770843
-4.929449
-0.775292
8.489878
-2.604091
-2.674966
3.145738
7.090435
-0.681404
-3.355393
-0.363120
-9.536596
-0.190877
-3.996278
0.242968
-2.538375
4.879688
-8.709081
1.755551
-0.047388
0.079648
-4.386345
-5.840191
8.404445
0.565533
2.505688
2.405435
1.334862
-5.218303
6.380044
2.574267
-1.789095
-3.987175
-1.571661
-9.618380
2.953205
-0.896950
4.324129
-3.833404
1.306357
9.988426
3.117353
3.742552
-0.189697
0.799039
-3.018640
-3.292289
-3.618758
1.760523
-6.461787
-4.011762
