0.226482
0.224568
0.222639
0.220711
0.218790
0.216870
0.214951
0.213035
0.211065
0.209074
0.207088
0.205087
0.203102
0.201117
0.199117
0.197113
0.195154
0.193211
0.191261
0.189321
0.187360
0.185395
0.183440
0.181485
0.179509
0.177526
0.175543
0.173555
0.171575
0.169596
0.167612
0.165626
0.163505
0.161327
0.159153
0.156939
0.154755
0.152565
0.150333
0.148084
0.145885
0.143695
0.141484
0.139274
0.137022
0.134751
0.132483
0.130202
0.127973
0.125762
0.123535
0.121315
0.119072
0.116819
0.114575
0.112329
0.110041
0.107736
0.105429
0.103110
0.100799
0.098487
0.096160
0.093827
0.091675
0.089595
0.087502
0.085455
0.083354
0.081251
0.079200
0.077162
0.075051
0.072920
0.070808
0.068687
0.066614
0.064558
0.062492
0.060434
0.058284
0.056097
0.053923
0.051728
0.049560
0.047395
0.045206
0.043013
0.040870
0.038745
0.036611
0.034488
0.032339
0.030184
0.028040
0.025895
0.023664
0.021397
0.019133
0.016844
0.014579
0.012312
0.010018
0.007715
0.005440
0.003170
0.000888
-0.001393
-0.003698
-0.006014
-0.008328
-0.010650
-0.012927
-0.015188
-0.017458
-0.019720
-0.021999
-0.024283
-0.026557
-0.028832
-0.031135
-0.033449
-0.035762
-0.038083
-0.040394
-0.042705
-0.045024
-0.047345
-0.054087
-0.062711
-0.071148
-0.080855
-0.089494
-0.098255
-0.108375
-0.119017
-0.127995
-0.136653
-0.145934
-0.155155
-0.165680
-0.176799
-0.187803
-0.199174
-0.208643
-0.217464
-0.226745
-0.235717
-0.245462
-0.255439
-0.265066
-0.274735
-0.285737
-0.297288
-0.308823
-0.320748
-0.332285
-0.343838
-0.355812
-0.367933
-0.377970
-0.387233
-0.396740
-0.405768
-0.415566
-0.425492
-0.434891
-0.444208
-0.454448
-0.464986
-0.475395
-0.485987
-0.496117
-0.506124
-0.516338
-0.526534
-0.538049
-0.550138
-0.562153
-0.574545
-0.586662
-0.598831
-0.611402
-0.624140
-0.636303
-0.648341
-0.660580
-0.672786
-0.685408
-0.698212
-0.710966
-0.723827
-0.715014
-0.697023
-0.680078
-0.656983
-0.639230
-0.620978
-0.596137
-0.568825
-0.549868
-0.532611
-0.512383
-0.492571
-0.466421
-0.437455
-0.409169
-0.379183
-0.358594
-0.341279
-0.321804
-0.303938
-0.282398
-0.259820
-0.239050
-0.218174
-0.190870
-0.160972
-0.131256
-0.099721
-0.070191
-0.040679
-0.009201
0.022894
0.044469
0.062065
0.080767
0.096962
0.116880
0.137326
0.155023
0.172193
0.193868
0.216921
0.239212
0.262302
0.282973
0.302909
0.323770
0.344424
0.371532
0.401388
0.430758
0.461892
0.491545
0.521343
0.553027
0.585426
0.614848
0.643537
0.673109
0.702399
0.733650
0.765697
0.797374
0.829474
0.831896
0.821850
0.813518
0.796930
0.787826
0.778219
0.759756
0.738082
0.728359
0.721279
0.710289
0.700139
0.681398
0.658983
0.637776
0.614452
0.607128
0.605749
0.601497
0.600503
0.594001
0.586377
0.582340
0.578721
0.565396
0.548517
0.532517
0.514198
0.499706
0.485850
0.469435
0.452635
0.425578
0.393705
0.361855
0.326672
0.292841
0.258027
0.219703
0.179569
0.143266
0.107371
0.069410
0.031166
-0.010769
-0.054625
-0.098630
-0.143990
-0.046108
0.112074
0.262676
0.453477
0.608221
0.765657
0.966202
1.182532
1.071723
0.833680
0.626425
0.338006
0.156775
-0.013622
-0.272415
-0.552392
-0.517012
-0.366737
-0.252691
-0.066826
-0.004028
0.036225
0.155840
0.285628
0.282678
0.236420
0.207045
0.150504
0.159656
0.185818
0.181160
0.178315
0.186954
0.198064
0.210312
0.225418
0.230152
0.231932
0.237127
0.241292
0.251062
0.263095
0.273849
0.285712
0.296277
0.306674
0.318266
0.330150
0.312545
0.282656
0.254350
0.217838
0.189114
0.160024
0.122118
0.081114
0.051423
0.024161
-0.006866
-0.037159
-0.075769
-0.117973
-0.159089
-0.202306
-0.231678
-0.256029
-0.283143
-0.307615
-0.337093
-0.367756
-0.395488
-0.423059
-0.459470
-0.499256
-0.538471
-0.579960
-0.618270
-0.656232
-0.696682
-0.737690
-0.631082
-0.462189
-0.300259
-0.096472
0.070240
0.240054
0.454739
0.686044
0.861373
1.025423
1.209448
1.390760
1.614817
1.857906
2.096501
2.346630
2.767538
3.266040
3.769081
4.328500
4.856001
5.396820
5.997411
6.626297
7.210336
7.794882
8.411125
9.036345
9.717088
10.429020
11.148101
11.890719
12.041843
11.953075
11.914231
11.721580
11.696676
11.676356
11.489985
11.252871
11.274876
11.365775
11.391654
11.449589
11.346864
11.183916
11.060563
10.908823
11.033886
11.267619
11.460348
11.715863
11.889481
12.053332
12.285383
12.533205
12.622102
12.657989
12.717595
12.745624
12.847599
12.968752
13.054217
13.141315
13.233453
13.324723
13.417181
13.510271
13.592913
13.671532
13.751264
13.828480
13.914546
14.003316
14.089107
14.175835
14.258384
14.339278
14.421298
14.502580
14.555657
14.596505
14.637814
14.670602
14.709875
14.747962
14.776953
14.802205
14.836647
14.872284
14.903581
14.934566
14.957060
14.975335
14.993617
15.009027
15.033299
15.059996
15.083337
15.107325
15.126463
15.143485
15.161359
15.178091
15.186869
15.191818
15.195935
15.197060
15.199295
15.200514
15.198582
15.194950
15.185564
15.172599
15.158098
15.140657
15.122062
15.101435
15.077803
15.051817
15.025991
14.998811
14.969165
14.937852
14.903380
14.866521
14.828053
14.787448
14.496405
14.097629
13.707425
13.243866
12.838543
12.424533
11.932143
11.408499
10.976200
10.559821
10.106528
9.654660
9.127596
8.565295
8.007419
7.426951
6.849552
6.263342
6.261817
6.505269
3.112281
5.141033
3.853989
3.311723
2.701028
2.059123
1.413083
0.743412
0.087096
-0.575050
-1.262266
-1.961467
-2.192991
-2.233790
-2.307360
-2.255975
-2.336844
-2.418902
-2.366168
-2.270643
-2.364940
-2.505681
-2.592869
-2.699135
-2.678455
-2.607029
-2.560400
-2.487100
-2.642966
-2.886469
-3.092679
-3.348355
-3.530836
-3.701405
-3.926039
-4.160345
-4.259808
-4.312152
-4.380752
-4.419910
-4.517172
-4.627083
-4.704140
-4.779297
-4.757268
-4.689518
-4.623731
-4.527062
-4.442267
-4.348261
-4.221791
-4.078449
-3.976181
-3.880046
-3.764416
-3.647715
-3.495386
-3.325332
-3.155550
-2.973805
-2.807802
-2.642920
-2.464978
-2.283671
-2.087371
-1.881731
-1.673151
-1.457356
-1.216365
-0.960961
-0.699151
-0.425193
-0.149669
0.132893
0.428013
0.731940
0.969583
1.184480
1.411452
1.625883
1.868463
2.118423
2.354283
2.590582
2.863142
3.149843
3.435323
3.730750
4.013547
4.295500
4.588286
4.883948
5.223711
5.584734
5.946919
6.324232
6.696823
7.074616
7.468281
7.870638
8.258518
8.645993
9.043214
9.442860
9.858981
10.284281
10.711457
11.145478
11.157238
10.992734
10.853537
10.597794
10.451459
10.299742
10.022866
9.701797
9.550464
9.437392
9.270261
9.116030
8.841311
8.515645
8.208099
7.871630
7.778394
7.777018
7.735359
7.745361
7.674627
7.589482
7.560978
7.541272
7.379330
7.166986
6.970333
6.741677
6.572873
6.416201
6.223944
6.028568
6.007785
6.056060
6.093296
6.176685
6.204069
6.228081
6.302195
6.390118
6.415328
6.425630
6.453328
6.474801
6.539584
6.621721
6.695684
6.778888
6.757519
6.695118
6.646727
6.573996
6.532856
6.495235
6.431167
6.360840
6.346626
6.350555
6.345376
6.350765
6.328681
6.298896
6.281162
6.262039
6.276084
6.304868
6.330878
6.366127
6.395659
6.426793
6.467716
6.512949
6.540701
6.564072
6.592736
6.619749
6.658008
6.700839
6.741518
6.784614
6.821605
6.856903
6.894949
6.932726
6.973608
7.015977
7.057953
7.100788
7.150295
7.203001
7.256305
7.312069
7.366905
7.422563
7.480812
7.540450
7.563009
7.570716
7.581481
7.582661
7.594921
7.607729
7.610161
7.609607
7.624671
7.643881
7.659246
7.676572
7.684172
7.688147
7.694539
7.699232
7.722848
7.753975
7.782545
7.815551
7.843097
7.870129
7.901967
7.935031
7.957683
7.976987
7.998047
8.017183
8.041447
8.067178
8.090710
8.114537
8.121957
8.122303
8.123643
8.120354
8.120658
8.120426
8.115255
8.108112
8.108127
8.109741
8.108965
8.108680
8.103314
8.095763
8.088919
8.080815
8.078326
8.077709
8.075551
8.074210
8.070534
8.066084
8.062567
8.058838
8.050807
8.040945
8.031056
8.019841
8.009751
7.999516
7.987860
7.975651
7.974076
7.976615
7.978112
7.982220
7.982799
7.982991
7.986028
7.989722
7.988842
7.986624
7.985305
7.983258
7.983795
7.985185
7.985716
7.986556
7.981350
7.973625
7.966472
7.957743
7.950511
7.943238
7.934273
7.924726
7.918149
7.912385
7.905877
7.899748
7.891843
7.883280
7.875180
7.866781
7.852555
7.835757
7.818906
7.800209
7.782783
7.765028
7.745308
7.724732
7.705767
7.686879
7.667019
7.646953
7.625098
7.602282
7.579321
7.555659
7.534666
7.514464
7.493421
7.472672
7.450573
7.427948
7.405681
7.383176
7.358573
7.333004
7.307282
7.280820
7.254752
7.228488
7.201440
7.174009
7.148123
7.122633
7.096672
7.070860
7.044076
7.016898
6.989913
6.962722
6.934511
6.905791
6.876903
6.847597
6.818402
6.789042
6.759242
6.729190
6.697617
6.665231
6.632645
6.599433
6.566219
6.532691
6.498511
6.463908
6.429572
6.395082
6.360136
6.324953
6.289108
6.252823
6.216317
6.179439
6.157928
6.142759
6.126541
6.114475
6.098268
6.082134
6.070468
6.060299
6.043793
6.025766
6.009597
5.992834
5.980365
5.969641
5.958132
5.947562
5.910477
5.862466
5.816563
5.763631
5.717775
5.671859
5.618378
5.562398
5.518099
5.476799
5.432349
5.389201
5.338588
5.285075
5.233207
5.179889
5.031384
4.841872
4.654977
4.439899
4.247037
4.050699
3.824249
3.585711
3.163026
2.653133
2.138426
1.561306
1.008388
0.436010
-0.202059
-0.874635
-1.212038
-1.429952
-1.698561
-1.897255
-2.229511
-2.591202
-2.875164
-3.153989
-3.599575
-4.105480
-4.598259
-5.131377
-5.595781
-6.048461
-6.545757
-7.049267
-7.187016
-7.176770
-7.189082
-7.102909
-7.124738
-7.148760
-7.066356
-6.951132
-6.973596
-7.027996
-7.041640
-7.067488
-6.996970
-6.886851
-6.793196
-6.677786
-6.734436
-6.855845
-6.947445
-7.074928
-7.145178
-7.204735
-7.303667
-7.408282
-7.409368
-7.373236
-7.347763
-7.298422
-7.291408
-7.292349
-7.266841
-7.238289
-7.094336
-6.897052
-6.701383
-6.469189
-6.254142
-6.029445
-5.766214
-5.483879
-5.246190
-5.014463
-4.760732
-4.505159
-4.209164
-3.892776
-3.576051
-3.245345
-2.942351
-2.644562
-2.331103
-2.016350
-1.681619
-1.336123
-0.990024
-0.636508
-0.250186
0.153633
0.563721
0.988150
1.411784
1.842463
2.288072
2.743251
3.093253
3.404567
3.730442
4.033245
4.375062
4.724209
5.047907
5.368342
5.740383
6.130158
6.514129
6.909405
7.281422
7.648226
8.027690
8.407634
8.671579
8.887734
9.109488
9.298945
9.520804
9.741908
9.928227
10.102822
10.319033
10.543774
10.754308
10.967201
11.148481
11.315912
11.487034
11.649890
11.717654
11.741474
11.760866
11.747711
11.750952
11.745449
11.705512
11.648563
11.613353
11.575774
11.519373
11.456156
11.361274
11.247733
11.128351
10.994386
10.898756
10.811985
10.708420
10.605919
10.478639
10.339535
10.202469
10.058106
9.877219
9.677588
9.471995
9.251212
9.033034
8.808216
8.567515
8.317220
8.353939
8.506605
8.636838
8.842252
8.964245
9.083598
9.284195
9.509289
9.614410
9.688564
9.793897
9.885281
10.053311
10.250719
10.430630
10.624980
10.676807
10.672905
10.689955
10.674713
10.702343
10.735302
10.733150
10.723096
10.793927
10.891752
10.977631
11.079642
11.144013
11.198664
11.271542
11.343635
11.353604
11.338701
11.325809
11.295539
11.285092
11.275150
11.246379
11.211933
11.195492
11.182058
11.161824
11.142011
11.106814
11.064548
11.023328
10.977612
10.972061
10.981605
10.984770
10.996549
10.994671
10.990343
10.995469
11.002024
10.985982
10.961997
10.940540
10.914043
10.897220
10.882420
10.862006
10.841175
10.851520
10.874341
10.895341
10.924714
10.944443
10.963798
10.992222
11.023308
11.043253
11.060665
11.081386
11.101149
11.128853
11.159837
11.189513
11.221011
11.234492
11.241023
11.250206
11.255352
11.266186
11.277829
11.285071
11.291420
11.307782
11.327521
11.345869
11.366269
11.382074
11.396738
11.413713
11.430649
11.437463
11.440197
11.443346
11.443689
11.447146
11.450658
11.451133
11.450671
11.453437
11.456815
11.459061
11.461453
11.461265
11.459928
11.458845
11.457059
11.461376
11.467987
11.473609
11.480531
11.485388
11.489871
11.495781
11.501904
11.504539
11.505941
11.507726
11.508727
11.511204
11.513983
11.515889
11.517722
11.506447
11.489470
11.472974
11.452622
11.435117
11.417066
11.394906
11.371043
11.352201
11.334262
11.314312
11.294461
11.270550
11.244745
11.219202
11.192453
11.170654
11.150424
11.128734
11.107681
11.084373
11.060249
11.036871
11.013189
10.985647
10.956398
10.927007
10.896348
10.866564
10.836543
10.805170
10.773203
10.748092
10.725476
10.701939
10.679905
10.655243
10.630069
10.606557
10.583235
10.556683
10.529023
10.501711
10.473685
10.447122
10.420883
10.393846
10.366776
10.335317
10.301891
10.268614
10.234014
10.200206
10.166131
10.130653
10.094537
10.060205
10.026184
9.991414
9.956661
9.920451
9.883551
9.846723
9.809450
9.795299
9.790785
9.784812
9.785183
9.779549
9.774177
9.775620
9.779449
9.773828
9.766026
9.761156
9.755511
9.756458
9.760158
9.762794
9.766966
9.760904
9.751093
9.743305
9.733537
9.727376
9.722035
9.714506
9.706811
9.705682
9.707037
9.707920
9.710463
9.710599
9.710438
9.712094
9.714130
9.733930
9.761660
9.789032
9.821847
9.851259
9.881737
9.917993
9.956848
9.989201
10.020616
10.055047
10.089634
10.129984
10.173180
10.216312
10.261360
10.300369
10.337699
10.377273
10.416376
10.458728
10.502478
10.545619
10.589499
10.638746
10.690558
10.742901
10.797239
10.850788
10.904993
10.961302
11.018731
11.026458
11.013785
11.004429
10.981663
10.972638
10.963526
10.939965
10.911671
10.903429
10.899972
10.890635
10.883162
10.862015
10.835300
10.811058
10.783810
10.780387
10.785955
10.787405
10.793838
10.792411
10.789540
10.792133
10.795542
10.784585
10.768475
10.753872
10.735976
10.723979
10.713109
10.698586
10.683662
10.692799
10.711600
10.728919
10.752683
10.769133
10.785334
10.808511
10.833765
10.850137
10.864440
10.881332
10.897417
10.919713
10.944548
10.968300
10.993438
11.005134
11.011645
11.020163
11.025681
11.035437
11.045802
11.052897
11.059333
11.073309
11.089838
11.105335
11.122388
11.136008
11.148786
11.163315
11.177831
11.159894
11.128329
11.098162
11.058769
11.027761
10.996145
10.954626
10.909498
10.876183
10.845154
10.809800
10.774929
10.730808
10.682521
10.635096
10.585107
10.550460
10.521231
10.488693
10.458909
10.423252
10.386036
10.351899
10.317720
10.273444
10.225179
10.177329
10.126718
10.079444
10.032339
9.982235
9.931288
9.940888
9.975538
10.006680
10.054480
10.085899
10.117782
10.167587
10.223501
10.255920
10.283103
10.317764
10.350666
10.400419
10.457308
10.511709
10.570180
10.599645
10.618412
10.642624
10.661067
10.689623
10.720356
10.744725
10.768477
10.810262
10.858758
10.905786
10.957244
11.001830
11.045412
11.093864
11.143190
11.142983
11.122626
11.105347
11.074691
11.058339
11.042129
11.011479
10.976266
10.960019
10.948175
10.930675
10.914840
10.885758
10.851220
10.818932
10.783642
10.774042
10.774204
10.770169
10.771643
10.764741
10.756412
10.754113
10.752825
10.736522
10.714943
10.695105
10.671945
10.655196
10.639802
10.620707
10.601352
10.602626
10.612165
10.620514
10.634415
10.641952
10.649255
10.662571
10.677661
10.685399
10.691477
10.699757
10.707418
10.720344
10.735454
10.749714
10.765192
10.768769
10.767762
10.768524
10.766631
10.768514
10.770946
10.770481
10.769441
10.775036
10.782879
10.789818
10.798127
10.803411
10.807955
10.814041
10.820116
10.817658
10.811727
10.806165
10.798228
10.792816
10.787405
10.779430
10.770631
10.764681
10.759285
10.752893
10.746639
10.738147
10.728662
10.719409
10.709551
10.704544
10.701344
10.697311
10.694283
10.689580
10.684548
10.680622
10.676836
10.670198
10.662530
10.655137
10.647077
10.640172
10.633476
10.626041
10.618512
10.609960
10.600851
10.591683
10.582119
10.572492
10.562647
10.552395
10.541862
10.531730
10.521594
10.511146
10.500606
10.489580
10.478271
10.466886
10.455283
10.443497
10.431524
10.419333
10.406943
10.394370
10.381602
10.368634
10.355470
10.342045
10.328396
10.314554
10.300497
10.286258
10.271821
10.257168
10.242312
10.213524
10.178689
10.144243
10.105653
10.070184
10.034143
9.993681
9.951400
9.914092
9.877580
9.838936
9.800284
9.757382
9.712441
9.667659
9.621539
9.605474
9.601587
9.595021
9.596205
9.588888
9.581303
9.582085
9.585400
9.389249
9.110298
8.842637
8.519858
8.250359
7.978897
7.648171
7.296949
7.757753
8.548192
9.281932
10.232004
8.871172
6.622428
4.696811
2.247895
2.001552
2.481390
2.327127
2.476583
1.696931
0.597130
-0.153251
-1.003364
-1.306036
-1.385508
-1.589047
-1.682813
-1.897813
-2.126095
-2.236502
-2.315816
-2.611332
-2.971788
-3.289799
-3.643074
-3.879115
-4.077304
-4.316715
-4.543515
-4.654829
-4.715460
-4.768343
-4.781949
-4.824124
-4.859231
-4.852386
-4.827403
-4.816322
-4.798214
-4.760398
-4.712375
-4.631264
-4.529203
-4.417847
-4.289215
-4.233333
-4.199326
-4.144225
-4.098103
-4.015279
-3.918813
-3.833056
-3.741576
-3.597065
-3.428441
-3.256265
-3.065663
-2.885766
-2.701414
-2.497497
-2.284301
-2.304431
-2.417421
-2.510590
-2.663547
-2.745289
-2.822649
-2.964812
-3.124955
-3.186707
-3.221881
-3.280425
-3.326038
-3.431971
-3.559986
-3.672201
-3.794428
-3.794743
-3.746203
-3.713158
-3.650903
-3.622870
-3.597351
-3.540242
-3.474493
-3.474370
-3.494777
-3.503160
-3.522996
-3.509262
-3.485338
-3.474623
-3.461197
-3.465546
-3.477586
-3.486160
-3.498745
-3.508453
-3.518450
-3.532695
-3.548579
-3.550404
-3.547464
-3.546861
-3.543530
-3.546431
-3.550954
-3.552404
-3.553965
-3.556064
-3.558120
-3.560243
-3.562432
-3.563669
-3.564539
-3.565518
-3.566271
-3.567701
-3.569324
-3.570685
-3.572096
-3.573163
-3.574079
-3.575061
-3.575963
-3.548692
-3.509403
-3.471248
-3.424959
-3.385448
-3.345129
-3.296109
-3.243725
-3.201819
-3.161874
-3.117927
-3.074305
-3.022353
-2.966585
-2.911481
-2.853990
-2.808667
-2.767473
-2.723288
-2.681054
-2.633823
-2.585063
-2.538514
-2.491660
-2.436236
-2.377256
-2.318348
-2.256897
-2.197905
-2.138774
-2.076905
-2.014067
-1.847673
-1.636472
-1.428711
-1.190450
-0.975565
-0.756698
-0.505279
-0.240618
-0.014064
0.205929
0.441531
0.676665
0.943316
1.224810
1.504585
1.793921
2.041248
2.275000
2.520447
2.760060
3.018340
3.283066
3.541041
3.801142
4.092815
4.398203
4.704377
5.020654
5.329239
5.639369
5.960297
6.285728
6.275491
6.125681
5.995091
5.771731
5.637268
5.499192
5.261402
4.988904
4.847712
4.735566
4.581038
4.435993
4.196377
3.916477
3.650134
3.360667
3.227458
3.151335
3.044647
2.968250
2.836289
2.691645
2.580510
2.471806
2.264000
2.018712
1.780481
1.517193
1.290332
1.067975
0.818168
0.562647
0.582271
0.713384
0.826503
1.013345
1.119810
1.224715
1.409260
1.618450
1.721006
1.798171
1.906078
2.003876
2.174739
2.375208
2.562307
2.765328
2.824771
2.829167
2.856129
2.851695
2.893028
2.941513
2.955703
2.963497
3.054014
3.173102
3.281730
3.408056
3.497961
3.579555
3.680956
3.783034
3.768800
3.707491
3.652054
3.564740
3.512242
3.460242
3.373788
3.276595
3.219820
3.171562
3.110171
3.051461
2.962455
2.860423
2.762371
2.656699
2.616788
2.601709
2.575939
2.564221
2.530585
2.493077
2.470974
2.451290
2.393683
2.322704
2.255988
2.180802
2.121736
2.066011
2.000858
1.934967
1.945270
1.986647
2.023901
2.082029
2.118142
2.154234
2.212851
2.278712
2.316813
2.348881
2.389824
2.428776
2.488069
2.556023
2.621111
2.691192
2.720692
2.734962
2.756127
2.768792
2.795132
2.824038
2.843609
2.861859
2.904073
2.954876
3.003203
3.057040
3.101008
3.143095
3.191291
3.240161
3.260714
3.270181
3.281614
3.285690
3.299109
3.313265
3.319417
3.323498
3.337942
3.354978
3.369360
3.384924
3.393613
3.399650
3.407186
3.413389
3.436922
3.467362
3.495687
3.528184
3.555677
3.582771
3.614384
3.647201
3.671006
3.692018
3.714703
3.735837
3.761654
3.788914
3.814379
3.840253
3.841440
3.832123
3.824279
3.809526
3.800604
3.791080
3.774164
3.754439
3.745086
3.738045
3.727591
3.717866
3.700753
3.680477
3.661248
3.640200
3.628729
3.620591
3.610165
3.601343
3.588801
3.575186
3.563372
3.551428
3.532716
3.511253
3.489962
3.466737
3.445575
3.424402
3.401142
3.377206
3.367681
3.363751
3.358485
3.356797
3.350349
3.343412
3.340374
3.338262
3.330110
3.320235
3.311609
3.302068
3.296038
3.291206
3.285285
3.279834
3.266116
3.248985
3.232687
3.214270
3.197972
3.181669
3.163088
3.143759
3.128548
3.114499
3.099480
3.085029
3.068189
3.050495
3.033485
3.016113
3.022378
3.038605
3.053442
3.074860
3.090410
3.106400
3.129443
3.155073
3.171054
3.184889
3.201873
3.218169
3.241365
3.267508
3.292667
3.319518
3.336433
3.349808
3.365357
3.379119
3.396588
3.415026
3.431473
3.447919
3.471053
3.496821
3.522284
3.549560
3.574614
3.599539
3.626434
3.653873
3.668612
3.678412
3.689337
3.697080
3.709008
3.721345
3.730218
3.738251
3.751494
3.766192
3.779770
3.794105
3.805342
3.815497
3.826560
3.837175
3.855138
3.876114
3.896316
3.918378
3.938511
3.958611
3.980715
4.003453
4.022493
4.040469
4.059276
4.077546
4.097912
4.119008
4.139463
4.160210
4.163280
4.158898
4.155574
4.147336
4.143467
4.139266
4.129798
4.118396
4.114271
4.111779
4.106929
4.102612
4.093122
4.081431
4.070496
4.058302
4.053456
4.051227
4.047385
4.044861
4.039599
4.033620
4.029110
4.024600
4.015129
4.003703
3.992501
3.979953
3.969051
3.958241
3.945969
3.933292
3.930290
3.931060
3.930983
3.933336
3.932522
3.931410
3.932945
3.935131
3.933354
3.930476
3.928463
3.925884
3.925677
3.926304
3.926249
3.926547
3.921281
3.913741
3.906799
3.898458
3.891592
3.884760
3.876420
3.867611
3.861620
3.856448
3.850657
3.845284
3.838333
3.830839
3.823843
3.816637
3.812975
3.810775
3.808209
3.806548
3.803980
3.801412
3.799816
3.798538
3.795475
3.791904
3.788746
3.785338
3.782954
3.780933
3.778611
3.776440
3.772974
3.768996
3.765227
3.761170
3.757478
3.753828
3.749866
3.745830
3.742591
3.739624
3.736542
3.733624
3.730349
3.726985
3.723806
3.720625
3.714766
3.707786
3.700922
3.693298
3.686379
3.679416
3.671637
3.663565
3.656459
3.649541
3.642272
3.635043
3.627058
3.618733
3.610479
3.602017
3.594851
3.588147
3.581170
3.574432
3.567205
3.559852
3.552765
3.545679
3.537754
3.529500
3.521288
3.512849
3.504697
3.496564
3.488187
3.479745
3.470422
3.460670
3.450886
3.440794
3.430780
3.420653
3.410202
3.399570
3.389221
3.378873
3.368321
3.357714
3.346768
3.335631
3.324449
3.313122
3.301945
3.290759
3.279417
3.268020
3.256437
3.244732
3.232977
3.221124
3.208992
3.196691
3.184300
3.171762
3.159184
3.146510
3.133685
3.120747
3.108307
3.096011
3.083575
3.071198
3.058549
3.045796
3.033117
3.020392
3.007331
2.994114
2.980864
2.967491
2.954178
2.940830
2.927352
2.913808
2.899858
2.885690
2.871471
2.857084
2.842696
2.828223
2.813577
2.798818
2.784136
2.769416
2.754573
2.739669
2.724587
2.709388
2.694131
2.678776
2.684279
2.698605
2.711930
2.731172
2.745246
2.759787
2.780669
2.803920
2.819164
2.832782
2.849249
2.865318
2.887471
2.912328
2.936533
2.962373
2.979091
2.992625
3.008239
3.022280
3.039874
3.058463
3.075287
3.092203
3.115328
3.140951
3.166387
3.193571
3.218803
3.244005
3.271099
3.298777
3.316452
3.330344
3.345287
3.357845
3.373950
3.390558
3.404553
3.418047
3.435818
3.454898
3.473255
3.492370
3.509188
3.525308
3.542307
3.559108
3.582063
3.607637
3.632749
3.659544
3.684925
3.710446
3.737764
3.765764
3.790928
3.815395
3.840704
3.865743
3.892653
3.920321
3.947638
3.975358
3.949456
3.900891
3.855053
3.794077
3.746378
3.697524
3.632448
3.561334
3.511163
3.465355
3.412265
3.360339
3.292762
3.218299
3.145658
3.068908
3.015329
2.969877
2.919186
2.872529
2.816936
2.758876
2.705335
2.651614
2.582150
2.506381
2.431141
2.351504
2.276879
2.202383
2.123123
2.042428
2.016775
2.013366
2.006059
2.013346
2.004497
1.995209
2.001692
2.012971
2.002282
1.986162
1.976080
1.963696
1.965909
1.973893
1.978912
1.986921
1.966563
1.935223
1.908176
1.874806
1.850233
1.826895
1.796666
1.765014
1.749528
1.739524
1.727297
1.718404
1.702174
1.684151
1.669877
1.655582
1.654722
1.659966
1.664638
1.673349
1.679912
1.687394
1.699145
1.712916
1.720733
1.727414
1.736477
1.745390
1.758936
1.774634
1.789997
1.806717
1.820468
1.833557
1.848175
1.862818
1.879358
1.896878
1.914356
1.932475
1.953968
1.977192
2.000935
2.026068
2.050974
2.076490
2.103457
2.131304
2.149046
2.163053
2.178418
2.191541
2.208380
2.225893
2.240936
2.255637
2.275228
2.296479
2.317145
2.338858
2.358319
2.377249
2.397356
2.417477
2.443658
2.472549
2.501203
2.531667
2.561028
2.590744
2.622379
2.654881
2.684851
2.714354
2.744878
2.775348
2.807827
2.841243
2.874526
2.908404
2.918852
2.919595
2.921964
2.917995
2.920229
2.922304
2.917564
2.910507
2.913269
2.918401
2.920656
2.923839
2.920405
2.914285
2.909387
2.903050
2.907135
2.915109
2.921153
2.929303
2.933939
2.937863
2.944102
2.950620
2.950621
2.948226
2.946418
2.943048
2.942219
2.941801
2.939660
2.937248
2.944826
2.956345
2.967140
2.980530
2.990723
3.000695
3.013487
3.027036
3.036777
3.045550
3.055295
3.064596
3.076384
3.089126
3.101309
3.113964
3.120812
3.125350
3.130624
3.134513
3.140087
3.145807
3.150027
3.153856
3.160759
3.168629
3.175949
3.183814
3.190112
3.195941
3.202397
3.208733
3.224069
3.243244
3.261913
3.283118
3.302219
3.321558
3.343610
3.366705
3.386075
3.404634
3.424456
3.444042
3.466331
3.489793
3.512903
3.536700
3.527536
3.504633
3.483858
3.454061
3.432796
3.411160
3.379832
3.345109
3.323993
3.306050
3.283929
3.262958
3.232571
3.198274
3.165540
3.130642
3.137296
3.160780
3.180245
3.210287
3.228687
3.246665
3.276061
3.308886
3.322218
3.330070
3.342403
3.352010
3.373013
3.398063
3.419835
3.443316
3.448579
3.446544
3.447037
3.443256
3.444513
3.446178
3.443222
3.439025
3.445185
3.454680
3.462407
3.472041
3.476603
3.479712
3.485001
3.489999
3.556325
3.648842
3.738430
3.845540
3.938161
4.032518
4.145614
4.265962
4.362229
4.453632
4.553729
4.652697
4.769981
4.895448
5.019026
5.147574
5.251087
5.346076
5.447275
5.544471
5.651845
5.762332
5.868286
5.974847
6.099254
6.231058
6.362686
6.499595
6.631381
6.763444
6.901192
7.040948
7.478470
8.044234
8.599282
9.241396
9.814902
10.398880
11.075860
11.790054
12.393923
12.978136
13.606369
14.232438
14.948324
15.706075
16.458064
17.236729
17.444656
17.421625
17.450772
17.333455
17.377913
17.428096
17.320105
17.164623
17.268420
17.443535
17.557055
17.705241
17.698165
17.634750
17.613425
17.567166
17.692412
17.883406
18.041529
18.234637
18.375385
18.506768
18.676363
18.852283
18.913947
18.934005
18.965842
18.971094
19.021531
19.079982
19.109060
19.134180
19.100438
19.036685
18.971139
18.884534
18.799623
18.705373
18.589236
18.459590
18.352475
18.246298
18.124991
18.000073
17.850378
17.686846
17.520523
17.343905
17.361889
17.457556
17.534152
17.659644
17.727413
17.791516
17.908570
18.040325
18.082834
18.099864
18.136381
18.159800
18.234662
18.327338
18.404392
18.488595
18.479680
18.432839
18.397289
18.338910
18.305129
18.272310
18.214890
18.150058
18.135359
18.135914
18.126439
18.125153
18.097316
18.060957
18.034140
18.004578
17.997243
17.999090
17.997213
18.000407
17.998506
17.996419
17.999772
18.004814
17.994896
17.979981
17.967502
17.952133
17.943621
17.936930
17.926971
17.917202
17.903237
17.887229
17.871573
17.854664
17.837965
17.820806
17.802344
17.783135
17.766556
17.750608
17.733762
17.717108
17.698720
17.679589
17.660724
17.641442
17.658463
17.690764
17.721069
17.761529
17.792872
17.824882
17.867782
17.914663
17.947126
17.976473
18.010650
18.043894
18.087664
18.135988
18.182931
18.232536
18.266376
18.294610
18.326268
18.355085
18.389813
18.426088
18.459195
18.492305
18.535943
18.583726
18.631033
18.681194
18.727851
18.774303
18.823857
18.874265
18.930446
18.989811
19.049835
19.112243
19.174990
19.239067
19.305603
19.373845
19.440573
19.507717
19.576711
19.646527
19.719056
19.793321
19.868334
19.944766
20.021636
20.099436
20.178692
20.259050
20.340863
20.423965
20.508157
20.593571
20.680927
20.769797
20.859857
20.951338
21.043827
21.137536
21.232684
21.329121
21.313245
21.250336
21.193617
21.105600
21.046467
20.985612
20.891162
20.784669
20.722258
20.669403
20.601914
20.537344
20.440621
20.330034
20.223740
20.109370
20.045486
19.999752
19.943518
19.896666
19.831268
19.761263
19.701688
19.642429
19.550201
19.445197
19.342025
19.230153
19.129718
19.030267
18.921332
18.810035
18.809583
18.854185
18.891486
18.958531
18.993610
19.028254
19.095008
19.171836
19.205246
19.228303
19.263914
19.295419
19.356615
19.429849
19.497651
19.571928
19.589517
19.585446
19.590477
19.583228
19.594180
19.608085
19.608567
19.606647
19.637724
19.680295
19.718851
19.764579
19.795998
19.824264
19.860540
19.897231
19.885345
19.853833
19.824909
19.782745
19.755168
19.727866
19.686251
19.640219
19.611341
19.586176
19.555586
19.526244
19.484270
19.436931
19.391386
19.342753
19.321473
19.310575
19.295315
19.285960
19.267606
19.247729
19.234318
19.221992
19.193990
19.160510
19.128881
19.093811
19.065514
19.038683
19.008014
18.977116
18.953512
18.932497
18.910901
18.891043
18.868043
18.844459
18.822806
18.801367
18.777686
18.753357
18.729361
18.704967
18.681901
18.659248
18.636128
18.613143
18.583936
18.552095
18.520659
18.487502
18.455841
18.424052
18.390421
18.356104
18.324457
18.293430
18.261563
18.229912
18.196413
18.162140
18.128164
18.093756
18.100458
18.124482
18.146288
18.179621
18.202667
18.226502
18.262696
18.303428
18.327902
18.348893
18.375382
18.400857
18.438273
18.480876
18.521958
18.566088
18.592391
18.612377
18.636274
18.656988
18.684434
18.713667
18.739345
18.765061
18.802736
18.845140
18.887039
18.932206
18.973436
19.014470
19.059051
19.104633
19.115271
19.111885
19.111069
19.101075
19.101567
19.102491
19.093483
19.081562
19.083611
19.089188
19.091067
19.094506
19.088821
19.079592
19.072342
19.063306
19.072738
19.089400
19.103434
19.121694
19.134393
19.146427
19.163054
19.180735
19.188140
19.192152
19.197735
19.201308
19.209750
19.219489
19.226950
19.234565
19.231760
19.224352
19.217535
19.207708
19.199867
19.191523
19.179983
19.167057
19.158826
19.151605
19.142721
19.134101
19.122076
19.108549
19.095427
19.081415
19.070276
19.059986
19.048653
19.037577
19.025087
19.012007
18.999246
18.986194
18.970535
18.953665
18.936609
18.918630
18.901105
18.883323
18.864563
18.845315
18.784074
18.704633
18.626488
18.535920
18.454782
18.371971
18.275903
18.174410
18.088185
18.004511
17.914456
17.824499
17.721735
17.612893
17.504652
17.392463
17.297346
17.207708
17.113250
17.021117
16.921309
16.818815
16.719020
16.618302
16.504674
16.385405
16.265759
16.141943
16.021202
15.899776
15.773897
15.646127
15.253189
14.746065
14.248382
13.673129
13.159059
12.635673
12.029425
11.390033
10.848583
10.324500
9.761226
9.199786
8.558419
7.879753
7.206120
6.508686
6.421094
6.582368
6.692750
6.962676
7.063831
7.162550
7.433295
7.758225
7.813918
7.798658
7.852464
7.873899
8.063486
8.316765
8.529834
8.773445
8.662781
8.411428
8.206649
7.918243
7.732366
7.555858
7.288732
6.998297
6.899592
6.861949
6.791189
6.755255
6.623565
6.463943
6.344237
6.218286
6.235362
6.314597
6.381517
6.487471
6.564901
6.647182
6.771001
6.911747
6.979460
7.028427
7.098396
7.160784
7.269336
7.396203
7.513398
7.639949
7.742840
7.839024
7.945835
8.051520
8.168829
8.291682
8.412952
8.537378
8.687940
8.850934
9.016055
9.190674
9.361447
9.535259
9.719086
9.908192
10.106456
10.312151
10.522994
10.740481
10.963733
11.193097
11.429129
11.671474
11.916555
12.166464
12.422842
12.684526
12.953496
13.228737
13.509207
13.795613
13.844998
13.796867
13.765141
13.669600
13.638700
13.607138
13.506859
13.383876
13.358576
13.356925
13.327014
13.306503
13.220217
13.107357
13.006840
12.892157
12.887841
12.925153
12.943141
12.984101
12.988688
12.986518
13.009542
13.036268
12.995842
12.931247
12.873579
12.800421
12.754630
12.713957
12.656126
12.596290
12.636952
12.717618
12.791740
12.892466
12.961760
13.029454
13.125991
13.230721
13.298260
13.356869
13.425792
13.490982
13.581598
13.682377
13.778275
13.879552
13.923020
13.943895
13.972791
13.988390
14.021598
14.056916
14.077775
14.095336
14.144431
14.203867
14.258414
14.319065
14.364605
14.406058
14.454444
14.502263
14.576979
14.663607
14.748546
14.841196
14.928882
15.017890
15.115081
15.215848
15.303989
15.389299
15.478921
15.567713
15.665401
15.766941
15.867273
15.969839
16.064552
16.156843
16.251775
16.345863
16.443594
16.542759
16.640915
16.739700
16.845304
16.953999
17.063042
17.174403
17.284398
17.394934
17.507932
17.622087
17.314126
16.827360
16.360011
15.772435
15.289057
14.795730
14.173611
13.503062
12.992934
12.514732
11.978457
11.449420
10.797071
10.089496
9.394269
8.665359
8.071688
7.521084
6.929879
6.355901
5.721155
5.064326
4.427628
3.782711
3.125613
2.461612
1.789789
1.110114
0.431731
-0.250611
-0.941199
-1.637015
-1.813366
-1.772009
-1.758525
-1.599875
-1.574606
-1.541014
-1.351621
-1.106159
-1.063030
-1.063221
-0.995409
-0.940387
-0.736556
-0.468199
-0.218959
0.068143
0.040136
-0.106232
-0.199973
-0.360153
-0.414054
-0.448296
-0.555479
-0.673230
-0.607077
-0.475350
-0.363074
-0.208870
-0.131206
-0.068521
0.040711
0.154624
0.138064
0.073112
0.019000
-0.066991
-0.102901
-0.131293
-0.194760
-0.264324
-0.287798
-0.298232
-0.317244
-0.328915
-0.368079
-0.416408
-0.456022
-0.499133
-0.447351
-0.355908
-0.272108
-0.162927
-0.077421
0.009097
0.122848
0.246155
0.326090
0.394932
0.475752
0.551877
0.655724
0.770434
0.879185
0.993426
0.995042
0.950676
0.916804
0.853922
0.821723
0.790096
0.727201
0.654519
0.634463
0.628902
0.610692
0.599464
0.556836
0.502780
0.457205
0.406559
0.403733
0.419776
0.428575
0.448197
0.454008
0.458247
0.474229
0.493007
0.483688
0.464967
0.450446
0.430332
0.423204
0.419427
0.409332
0.399494
0.406819
0.420899
0.434455
0.452771
0.465260
0.477446
0.494807
0.513609
0.527793
0.541235
0.556411
0.571488
0.590602
0.611571
0.632278
0.654170
0.664017
0.669268
0.676262
0.680569
0.688832
0.697704
0.703638
0.709025
0.720913
0.735002
0.748221
0.762789
0.774380
0.785245
0.797629
0.810002
0.802776
0.787366
0.772804
0.752691
0.737781
0.722573
0.701402
0.678106
0.661837
0.646930
0.629472
0.612312
0.589650
0.564515
0.539905
0.513777
0.497265
0.484188
0.469129
0.455856
0.438980
0.421199
0.405405
0.389651
0.367716
0.343381
0.319369
0.293715
0.270197
0.246852
0.221718
0.196130
0.178236
0.163212
0.147373
0.133347
0.116489
0.099189
0.083882
0.068915
0.050728
0.031540
0.012861
-0.006413
-0.023984
-0.041054
-0.058809
-0.076440
-0.099059
-0.123816
-0.148235
-0.174040
-0.198725
-0.223548
-0.249851
-0.276729
-0.301373
-0.325492
-0.350315
-0.374956
-0.401126
-0.427937
-0.454498
-0.481414
-0.459540
-0.417047
-0.377023
-0.323221
-0.281511
-0.238750
-0.181225
-0.118206
-0.074207
-0.034163
0.012506
0.058126
0.117980
0.184101
0.248576
0.316794
0.363883
0.403561
0.448013
0.488785
0.537707
0.588878
0.635927
0.683139
0.744699
0.812004
0.878826
0.949654
1.015913
1.082054
1.152535
1.224324
1.212061
1.165106
1.123164
1.058197
1.016153
0.973603
0.906271
0.830584
0.787691
0.752214
0.706477
0.663323
0.596880
0.520653
0.448020
0.369867
0.332204
0.309564
0.279491
0.257583
0.221743
0.183015
0.153280
0.124543
0.070861
0.007985
-0.052711
-0.119429
-0.176448
-0.231930
-0.294047
-0.357240
-0.357022
-0.331030
-0.308939
-0.269715
-0.248882
-0.228259
-0.189138
-0.144193
-0.123367
-0.108115
-0.085647
-0.065274
-0.027994
0.016264
0.057680
0.102947
0.115052
0.114550
0.119441
0.117208
0.125784
0.136192
0.138801
0.140096
0.160719
0.188125
0.213274
0.242688
0.263825
0.283200
0.307329
0.331779
0.330321
0.318494
0.308154
0.290843
0.281551
0.272561
0.256021
0.237261
0.227698
0.220208
0.209963
0.200490
0.184420
0.165613
0.147869
0.128596
0.124344
0.125880
0.125194
0.127865
0.125776
0.122998
0.123883
0.125501
0.118760
0.109194
0.100775
0.090635
0.084315
0.078937
0.071621
0.064326
0.056211
0.047552
0.038934
0.029993
0.020686
0.011076
0.001147
-0.009099
-0.018560
-0.027869
-0.037543
-0.047217
-0.057476
-0.068022
-0.078547
-0.089259
-0.101074
-0.113445
-0.125963
-0.138919
-0.151778
-0.164816
-0.178315
-0.192083
-0.205741
-0.219527
-0.233601
-0.247846
-0.262509
-0.277462
-0.292575
-0.307937
-0.306689
-0.298506
-0.291298
-0.279496
-0.272005
-0.264297
-0.251657
-0.237273
-0.229512
-0.223230
-0.214818
-0.206894
-0.194235
-0.179565
-0.165588
-0.150461
-0.142800
-0.137850
-0.131393
-0.126357
-0.118638
-0.110284
-0.103503
-0.096810
-0.085301
-0.071949
-0.058909
-0.044629
-0.032073
-0.019703
-0.005977
0.008057
0.012469
0.013076
0.014426
0.013290
0.015186
0.017285
0.016686
0.015356
0.022944
0.033698
0.043288
0.054811
0.062670
0.069752
0.078984
0.088379
0.062225
0.021249
-0.018008
-0.067244
-0.107058
-0.147358
-0.198379
-0.253193
-0.068082
0.216204
0.486135
0.821839
0.656789
0.307973
0.048718
-0.311569
-0.232915
-0.005355
0.099407
0.268177
0.262441
0.199445
0.209256
0.204736
0.220674
0.246312
0.256810
0.267578
0.281854
0.296146
0.310445
0.325127
0.337745
0.349663
0.362067
0.374131
0.387057
0.400243
0.413044
0.425893
0.440133
0.454946
0.469747
0.484958
0.499763
0.514586
0.529851
0.545270
0.551158
0.553110
0.555635
0.555551
0.558056
0.560501
0.560137
0.558823
0.561248
0.564522
0.566630
0.569034
0.568792
0.567440
0.566500
0.564935
0.567928
0.572611
0.576453
0.581212
0.584402
0.587266
0.591139
0.595124
0.596293
0.596423
0.596797
0.596490
0.597274
0.598229
0.598433
0.598514
0.603020
0.609272
0.615199
0.622274
0.627933
0.633494
0.640302
0.647445
0.652892
0.657907
0.663351
0.668595
0.674942
0.681709
0.688226
0.694949
0.699108
0.702246
0.705707
0.708556
0.712146
0.715799
0.718788
0.721603
0.725775
0.730371
0.734724
0.739316
0.743214
0.746904
0.750869
0.754780
0.759779
0.765245
0.770610
0.776267
0.781691
0.787143
0.792906
0.798788
0.804111
0.809285
0.814611
0.819871
0.825474
0.831209
0.836863
0.842581
0.848001
0.853316
0.858709
0.864055
0.869508
0.874993
0.880425
0.885860
0.891528
0.897291
0.903047
0.908870
0.914623
0.920377
0.926203
0.932052
0.936983
0.941540
0.946163
0.950540
0.955185
0.959835
0.964222
0.968526
0.973199
0.977963
0.982624
0.987323
0.991777
0.996133
1.000539
1.004893
1.009715
1.014717
1.019647
1.024679
1.029566
1.034431
1.039408
1.044407
1.049138
1.053777
1.058451
1.063068
1.067806
1.072572
1.077275
1.081976
1.055406
1.015524
0.976988
0.929475
0.889526
0.848730
0.798327
0.744240
0.701955
0.661947
0.617541
0.573581
0.520395
0.463027
0.406483
0.347352
0.301684
0.260619
0.216303
0.174186
0.126620
0.077421
0.030708
-0.016289
-0.072699
-0.132984
-0.193138
-0.256048
-0.316194
-0.376441
-0.439661
-0.503899
-0.493099
-0.451161
-0.413538
-0.355214
-0.316943
-0.277961
-0.216718
-0.147795
-0.108118
-0.074928
-0.032349
0.008088
0.069557
0.139967
0.207327
0.279807
0.316922
0.341065
0.372009
0.396022
0.432508
0.471774
0.503383
0.534357
0.587572
0.649143
0.709036
0.774487
0.831637
0.887682
0.949824
1.013163
1.010220
0.980281
0.954488
0.910789
0.886130
0.861621
0.817788
0.767819
0.743370
0.724857
0.698739
0.674869
0.633210
0.584231
0.538285
0.488315
0.472421
0.469462
0.460893
0.459606
0.447185
0.432845
0.426478
0.421427
0.396382
0.364289
0.334483
0.300231
0.274469
0.250477
0.221535
0.192216
0.190988
0.201012
0.209394
0.225326
0.232596
0.239545
0.254669
0.272204
0.279670
0.284849
0.293021
0.300330
0.314813
0.332261
0.348529
0.366444
0.368206
0.363740
0.361667
0.355983
0.355411
0.355574
0.351799
0.347234
0.351670
0.359149
0.365391
0.373486
0.377467
0.380435
0.385489
0.390519
0.388892
0.384642
0.380672
0.374887
0.371324
0.367885
0.362474
0.356517
0.352557
0.348983
0.344743
0.340610
0.334885
0.328463
0.322216
0.315549
0.313327
0.312819
0.311684
0.311557
0.310009
0.308262
0.307614
0.307190
0.304375
0.300763
0.297495
0.293747
0.291121
0.288784
0.285904
0.283048
0.281196
0.279724
0.278229
0.277009
0.275403
0.273760
0.272418
0.271145
0.269655
0.268136
0.266701
0.265266
0.264040
0.262911
0.261773
0.260699
0.258795
0.256566
0.254440
0.252116
0.250052
0.248017
0.245768
0.243468
0.241587
0.239837
0.238016
0.236271
0.234312
0.232291
0.230357
0.228408
