0.246543
-17.741212
0.192425
-4.067602
-0.785553
10.408812
-9.438158
-8.628911
-9.631007
4.797357
4.551377
-6.442331
5.316314
3.962747
-10.832614
3.701857
-6.118727
-0.149490
-9.858024
0.229557
-7.068753
-3.563904
-3.249202
1.152252
1.349886
4.256495
-12.717733
-8.520092
-2.974407
-0.794181
-8.904196
-3.286037
8.049035
2.125245
-0.542649
-4.456607
-0.289560
1.467545
-2.569339
-3.046300
-9.119305
2.958602
8.777262
-0.080901
-6.304703
-2.454625
3.821692
-3.569789
8.282044
-0.938360
-5.313319
5.604250
-1.121547
1.983407
-3.728665
1.083370
5.931236
0.232731
5.235497
5.007111
-1.583489
-5.324462
0.280637
0.439265
4.710806
-2.068710
6.135223
-6.166443
-0.016598
-2.757028
0.526018
6.365003
3.725721
-0.955719
4.130393
-7.373853
4.939487
0.805066
-1.599635
8.155640
3.762785
4.362089
-2.660225
-2.496882
6.293227
5.624896
6.505222
3.306535
-1.809544
1.966963
-3.356319
-12.276105
9.850066
-5.509115
-3.142179
-9.252880
-6.000074
1.689387
5.155574
1.307797
-8.581582
2.267706
-3.672889
-5.942157
5.496721
-1.267035
-2.544725
-4.507666
-3.409892
1.809814
0.553414
-1.297826
-0.531762
4.085981
6.789670
-8.821665
-4.880896
3.684025
3.699809
-1.777850
-0.277511
4.882473
-8.843688
1.754842
-1.193475
-10.003659
-4.399507
3.280006
-6.861470
-1.713669
-2.653588
-6.913794
0.362430
3.714263
0.979371
2.422988
-3.219003
-7.448634
1.412764
-8.156065
-6.587695
-2.592635
-8.228765
0.172926
1.833189
-1.894447
-8.429215
7.273858
-5.385349
7.201446
2.661424
3.967554
-2.735298
2.761050
6.829263
2.025016
-5.176244
-6.802861
-11.248474
-2.227350
5.790580
3.181954
1.085551
-3.429592
-4.115131
2.286648
1.621521
-4.638643
-0.716352
-0.601410
0.053915
-4.675798
-3.567820
5.769843
1.665840
2.075001
2.043984
4.637388
8.224769
-1.589334
-1.668818
-2.175747
6.713299
3.620773
-6.025701
-2.775494
-0.240161
-2.714694
-1.698936
0.687900
-1.089769
-5.558782
-1.944032
-2.500898
6.967717
1.239200
-4.265175
-4.992053
8.790348
-3.831596
7.279030
0.614318
3.278367
3.472865
-1.740488
10.031427
-2.746601
1.553393
4.518201
-1.555783
2.376532
0.992674
7.079361
9.793286
8.892385
-3.392094
10.038070
1.131345
0.221925
-0.738837
8.479732
2.136599
4.042353
1.764558
-6.651269
-3.148403
-0.354821
-2.977035
-1.537286
1.322161
-1.263215
-0.881809
1.994981
-1.478458
-4.489901
-1.878733
0.728176
-8.074445
3.614587
-1.913251
-9.425366
-11.220541
-1.180382
-5.297975
-0.978447
-5.198983
-5.266632
7.986463
-5.902456
-10.050316
-6.624928
3.341380
2.984764
-1.161864
1.641149
-1.011709
-6.875180
-3.808489
-10.704396
-1.237838
1.179812
0.274120
0.256003
-1.519901
9.109636
0.410576
-8.547925
-2.086131
-3.715824
4.523610
1.496623
0.600441
-0.377761
8.199637
-1.901332
-0.456577
1.715441
-3.286187
4.006148
0.935811
-1.313609
-3.328828
-3.087277
2.194985
5.644702
-3.216576
1.359678
5.257978
-2.697605
5.802750
0.085461
0.068124
6.934554
-2.291866
2.148751
0.841873
5.362573
0.493221
3.467267
8.162400
-3.768430
-5.516960
-5.239595
4.421119
-1.578048
5.541634
2.383216
-6.870696
4.254621
0.062868
1.277888
-3.020382
7.761414
-3.258006
-2.040538
1.796726
-6.268880
8.735923
-2.120611
1.426579
4.666397
-3.177567
-4.003125
-1.965024
-3.963758
8.813607
0.594506
-9.903701
-8.783976
-2.340215
-4.984171
-2.392403
-4.042956
-4.041481
1.708318
7.847942
2.705431
-13.264700
3.472553
-8.584430
0.281762
4.570373
-4.845746
3.699426
-0.321900
-8.353698
-6.141697
-3.728304
3.002524
4.162437
-5.079933
4.258838
-2.890937
2.639900
1.166922
-4.809947
-5.587651
-0.294896
8.285316
-0.043610
2.857288
0.397049
1.804817
-8.612860
2.510237
-2.468341
7.880707
7.595703
-6.305992
6.127321
0.086814
2.672510
-6.904369
1.452860
5.728621
-1.985560
5.507964
-5.557386
-4.964994
-0.069070
-5.648943
-8.176093
-1.564959
1.727441
9.729644
-4.516424
9.099327
0.075508
-2.124868
6.061821
1.601469
-2.515870
-4.275769
-0.357784
-4.805077
0.925171
-0.315806
-6.719106
0.392585
-6.422232
6.920008
4.680038
7.377601
5.859995
-0.858898
12.165109
-1.191967
4.121688
-4.567096
8.416287
6.515074
18.833754
21.236093
20.354219
23.760278
8.821910
25.345218
17.415725
14.423674
14.639221
10.161599
21.862653
22.363086
15.408406
9.121305
17.533290
14.918212
11.582730
15.772526
16.160694
15.156428
14.920012
13.722767
13.605287
15.972720
23.282878
21.997871
21.432798
7.951935
16.511607
20.204244
16.253201
18.503514
18.652814
11.988963
11.859039
10.587750
19.345630
16.176722
23.327556
14.991673
9.685427
9.239832
5.422641
8.336036
9.155554
12.133698
12.764375
14.122998
20.004991
4.605469
25.050845
12.994358
7.099861
16.624700
9.872106
21.355341
18.874170
17.532577
10.725228
15.070230
22.504615
16.730587
10.034797
12.667378
16.185956
16.164060
12.126978
13.849205
12.410737
9.848912
22.153635
13.635854
16.823718
14.137254
4.352885
10.500779
16.698781
15.175958
8.317441
15.951384
3.660287
9.850979
25.761232
9.606502
20.403462
10.216136
8.319218
13.530860
18.320103
21.543186
12.674947
7.603019
17.222749
18.410722
9.916818
20.468322
15.045271
20.445596
21.776527
14.186353
14.028418
7.023247
15.818476
17.386453
25.493535
14.930918
13.866190
13.737755
7.222209
14.467998
17.857209
10.505633
13.151512
15.895111
4.886702
24.721259
12.064419
15.391856
13.875198
13.045234
14.099308
3.285060
-3.092470
-2.046388
-1.641339
-12.164150
-3.639549
-7.634567
0.166908
-2.273779
-5.284095
2.437793
1.178771
-1.154549
-6.806126
7.211010
-1.470248
-5.985801
-6.187174
-5.897538
-2.799984
-9.464067
-4.056841
-0.504901
-3.481495
-8.875429
-13.595879
-1.234827
-0.062906
-7.881507
-9.929734
-6.001716
-0.705652
-12.948379
0.862106
-6.577626
2.969373
-7.944152
-1.489120
-6.660811
-8.124730
0.155105
-18.826580
-1.100456
3.383591
-1.959796
-0.910041
0.293361
-7.127278
1.000092
-10.760038
3.117818
-1.458337
-8.015795
-11.361496
-3.075230
-5.519298
-2.038111
-10.485507
-7.899804
-8.674727
-6.896321
-4.361864
-11.590252
-7.884767
0.199657
-2.134186
-3.088189
-3.948023
0.860598
-0.418362
-6.107127
-5.627339
-3.888321
-8.944077
-4.252434
2.189897
0.882174
-4.009248
-5.518161
2.860158
-2.133446
-7.446540
2.663792
16.067036
3.517948
0.727914
2.602316
18.143709
7.052445
4.465675
7.609894
-0.371444
14.366108
15.184559
2.431410
3.213070
15.942173
16.935675
13.927791
11.476602
16.258198
13.017027
12.558971
5.813496
0.113443
8.547392
16.773180
15.171840
4.935741
-0.249702
-0.632304
3.157298
17.157609
13.900666
7.144224
10.760071
-0.955607
5.240508
17.004988
-0.112382
7.306019
3.014175
-1.020504
11.025240
11.577329
-3.871928
5.060375
7.120943
18.178149
16.951382
4.378129
10.815092
4.465859
3.533672
12.947697
3.471078
8.423295
10.575121
2.579844
5.591108
15.051323
11.490952
2.863452
7.461242
4.234644
-2.654296
7.158529
14.414355
-3.952232
3.130548
7.554117
7.338093
13.987033
5.663290
1.251528
4.937328
10.371036
5.790047
4.752589
11.850328
2.638691
8.046063
12.856963
14.099797
7.209367
11.010608
3.478683
6.773200
10.286760
14.697004
3.927002
14.162859
13.480580
2.754324
2.677041
-0.911437
-0.462058
-2.325709
0.215971
10.463666
4.324983
8.552817
10.200315
6.722057
3.186699
10.570584
7.298334
17.221204
9.168523
8.935306
11.608654
4.721124
6.625755
12.456891
8.288545
1.460918
6.664679
3.316341
9.325476
1.662729
5.671748
5.763787
7.993679
11.476400
-2.341652
16.244072
18.238475
6.829450
5.588652
17.004204
6.142223
3.810524
10.944694
9.247398
5.419300
6.721366
2.855910
5.766229
15.964309
-1.654866
13.342947
6.441975
3.944319
3.388084
7.164043
9.801379
11.702137
3.109233
5.558052
6.930793
3.818350
5.176155
5.012034
13.085730
2.865856
10.430186
4.584330
10.306119
16.705124
4.723131
4.843873
6.554267
7.210241
10.806289
15.051893
2.806689
1.464711
7.560010
11.723835
4.366446
5.359979
8.817609
0.468092
6.409917
5.896268
16.191857
1.753785
0.779014
-2.121657
12.559650
5.846839
9.266384
8.712205
3.115021
3.537914
3.756763
-2.584477
9.331967
11.352156
1.979408
1.527327
11.395280
11.779148
1.468322
5.623604
3.109037
7.000002
2.647314
9.785652
-0.853759
10.387713
4.461349
7.218233
12.785587
6.168434
5.737603
12.556385
4.011989
13.237534
8.103644
10.661745
10.391282
6.184983
9.364383
-6.774809
1.882928
6.129632
8.660902
4.455567
8.539913
-4.155568
3.256057
16.019104
8.453286
6.719417
5.606417
8.009530
8.495334
3.813335
10.677255
7.180933
17.051551
15.065799
8.041323
3.003582
8.950531
5.350080
20.837453
8.032812
9.200233
3.420802
-2.248577
-0.146634
0.095182
9.877638
3.063256
11.822802
12.191493
4.113224
-1.188707
17.638122
14.276807
9.506777
13.942040
11.356288
14.188328
8.100041
8.760900
10.373789
-5.286055
14.826334
3.325416
4.408055
2.755916
8.831522
11.447052
2.813542
5.113866
1.927103
11.350791
3.398184
4.624974
3.707261
7.395094
9.182668
7.313346
0.294320
14.665843
9.483682
9.789697
15.158120
6.439555
13.831128
4.250554
9.233032
6.344328
8.526460
6.577402
6.782812
9.954932
11.876130
21.028930
9.053268
4.774210
-0.095183
11.144470
6.454411
8.457198
5.139922
11.519530
12.354895
9.019431
5.399841
8.745091
8.993454
7.267371
9.665981
15.770792
3.083770
6.306390
8.586416
16.613920
11.219225
3.547416
15.696791
5.462682
8.792364
9.152549
5.042254
-0.466886
3.139154
11.818635
4.745281
4.347853
1.042686
3.961187
18.865406
-0.652199
12.972175
10.454943
-11.672802
-5.619447
-14.300600
-1.487017
-11.700332
-3.179430
-9.417217
1.253802
-3.176044
-9.229170
-4.297046
-5.204319
-11.747788
-11.242618
-9.305079
-12.593135
0.419371
-7.775605
-6.891675
-8.967174
-2.435303
4.984992
-7.341678
-3.887190
-7.219503
-13.191980
-10.741241
-5.601333
-11.348644
-8.233153
-11.330190
-2.865654
0.203188
-9.751497
-15.391532
1.382546
-0.898035
-8.941266
-4.053564
-0.837740
-10.600473
-9.315102
-8.136561
-7.011067
-3.485597
-3.959732
-13.162599
-17.057254
-4.365013
-10.650912
-6.854928
-8.434793
-0.551654
-7.214877
-15.507426
-6.899044
-11.943648
4.757358
-13.199349
-6.849494
-6.962943
-1.765849
-6.322592
-2.667777
-10.408119
-10.445582
-8.979479
-5.783609
-2.155926
-5.111006
-6.948560
-2.184407
-13.918894
-0.143913
-2.783932
-7.775458
-3.366434
-9.324596
-24.352823
-5.973096
-8.645434
-0.366693
19.795005
12.106594
9.665174
13.250021
7.606342
4.063827
8.026883
19.376032
6.160283
14.368847
2.401150
8.065432
16.398491
18.128375
9.462910
10.707308
6.010312
8.912820
11.005136
5.318214
17.227645
4.025010
11.939605
19.740692
12.010884
7.374251
7.089081
10.099163
6.154872
11.021638
12.654475
6.423110
11.295641
8.431118
7.287382
2.896732
7.340049
13.046359
9.638865
17.311495
10.314853
15.849081
19.468396
11.572983
14.689853
15.620873
23.113270
10.096475
17.365280
16.286311
13.529723
7.207095
6.102688
5.041780
12.295829
21.159760
24.448499
8.593416
11.020634
12.977559
11.015957
11.658484
10.727353
11.310033
12.391681
14.566814
9.939737
3.072695
8.728796
12.280981
15.328479
6.575340
14.488546
12.401518
19.136929
5.081515
17.473749
16.891851
15.479028
6.927498
1.514111
6.962347
13.453766
11.293474
8.100210
0.684437
17.003999
12.461095
10.096364
0.433997
8.695574
15.450982
11.833783
11.917876
14.151686
4.244708
2.220254
12.508692
10.615137
11.509761
15.190441
-3.172748
12.087571
15.782478
1.940482
11.461772
8.661048
12.486033
12.619038
8.433136
2.024389
12.345102
15.891185
-0.070446
11.510550
8.424604
14.396600
6.204718
5.496431
5.486331
9.306186
-0.640355
6.648640
8.730207
15.851148
8.888425
4.777806
13.998555
11.915273
14.774878
3.512059
8.214379
0.528379
20.241898
15.214803
11.334057
7.331231
2.531175
6.021658
15.846422
17.917048
10.400473
11.722740
8.148538
16.182235
6.486017
10.106959
12.112849
11.875213
23.150875
18.223232
12.253727
5.279880
11.847938
2.905814
2.903768
9.720544
13.211089
11.204226
8.474306
19.219754
9.083193
7.455402
9.126207
19.101956
14.080958
5.147316
14.981266
4.813229
5.363563
5.349839
-1.692233
14.985088
13.092089
5.802593
12.209783
14.183879
2.024710
8.862798
5.411568
6.355687
6.614928
12.179703
7.610210
7.362155
11.649973
9.840393
12.269485
6.917529
15.894538
11.951412
9.685904
1.613178
9.435548
9.585558
21.952984
8.651480
9.609752
7.031063
14.545385
12.118211
1.552626
15.020672
13.566136
19.456657
12.625714
16.784768
9.316608
4.651037
8.495864
8.289991
6.004145
13.617021
11.765657
4.246342
10.145623
10.665808
11.476434
3.710673
3.576488
16.103024
2.897736
10.113961
7.824292
1.394614
11.822924
18.723925
3.469714
6.749440
10.326006
14.277780
12.827711
11.318141
7.252475
4.871978
12.346276
9.809194
12.314543
27.424552
5.223925
9.979270
22.901586
11.132630
1.636935
19.262885
7.792756
12.252510
10.553493
5.354308
7.168583
10.119102
11.980276
17.526906
6.381670
10.111180
12.260123
12.098828
9.838277
12.587126
26.585452
-4.466734
18.297661
10.331638
12.152517
9.592761
11.238476
12.342547
16.430550
8.020254
9.940481
5.991330
9.378417
1.073517
-0.155850
18.261724
14.677620
10.170382
14.970825
6.626076
5.810624
11.681122
5.657312
16.070434
15.026224
7.880497
8.972549
19.818412
14.979834
21.045757
5.234367
17.843384
16.294932
10.093606
0.791362
13.765880
10.986475
8.293899
15.519631
12.364117
5.391382
11.108349
1.099955
14.055230
9.161680
7.815868
3.849635
11.506063
6.093560
8.235365
15.468970
17.396408
21.105179
12.923016
16.124131
12.321600
15.245827
15.081632
8.985181
16.772756
1.977260
6.718574
11.872819
9.283472
14.884984
23.480913
12.440826
11.681907
22.868531
8.581187
11.337209
17.302183
9.504419
8.162573
8.840493
13.471588
8.843480
14.229760
14.748745
5.295109
11.698051
-1.350478
0.750151
9.807762
10.576761
13.380325
11.030428
4.642719
6.567710
8.798897
-0.604211
7.046039
18.378586
19.612502
6.549155
14.458665
14.661698
15.877823
6.661821
12.408113
13.879031
12.096290
13.548595
2.192851
12.965491
14.252874
3.933929
11.323489
18.338390
15.025112
19.900242
16.575147
7.973575
14.668883
14.119154
8.243328
14.841323
15.913020
12.248323
16.957481
20.658241
11.924716
13.311358
10.398510
10.251258
9.263441
14.937444
6.098226
7.509026
6.337015
19.464895
7.517167
6.759203
8.438116
11.977111
21.077518
16.951427
10.088011
12.099253
14.364770
11.932916
9.894839
13.472334
10.084808
3.132488
13.888517
18.959148
10.489801
12.450422
10.298317
5.076532
11.050615
0.003497
9.909227
10.264515
2.194050
7.091211
16.866736
21.705124
15.634474
13.993786
16.524476
14.471910
11.977233
8.823487
4.680889
15.936865
11.138931
22.096312
11.929818
11.088928
19.892299
6.754534
9.148594
8.959253
11.099525
13.771080
5.448728
11.708460
18.630768
10.033082
7.434950
11.060984
15.102141
5.474401
17.947590
10.727307
10.780858
14.086979
12.518987
5.677782
11.406330
15.819337
10.969906
-0.518323
13.960629
18.865892
20.861280
9.764482
6.551123
3.390022
16.059561
17.436121
12.211899
13.462866
20.934580
9.217965
7.846380
11.084609
11.507443
18.126887
6.154774
10.013292
5.871848
9.698658
11.965384
18.955003
16.644883
15.867504
18.029797
9.715751
11.441196
6.597059
15.158651
15.052254
10.707711
8.721437
14.085347
8.433558
10.658459
16.622190
2.733433
18.279861
11.795220
7.775691
16.745597
13.543364
22.115397
11.089636
14.751784
12.278496
19.492589
17.015724
13.910936
10.649401
16.513781
3.388030
9.486280
15.030285
10.731308
14.557578
11.794595
9.859100
9.323564
10.718951
5.778729
3.580592
16.057071
13.503064
6.452531
-2.795560
18.111721
7.922629
8.330608
7.650671
8.343479
11.478491
13.262990
13.493906
18.853629
17.054728
6.986401
22.619553
11.898897
26.041238
12.592940
7.629427
6.137546
8.475238
9.221052
17.283550
17.475776
1.299614
17.636613
8.232474
5.713272
17.147108
9.596154
11.686142
9.337543
16.148721
10.395610
8.997296
12.676999
9.213253
11.368803
6.956177
16.045269
14.233605
8.153886
2.566756
21.726302
5.026617
10.255331
10.700533
5.928349
8.924890
14.709247
12.019710
10.742108
15.696866
9.973238
14.681242
9.744763
10.037619
11.630590
10.048606
16.885438
5.150039
3.816489
13.639082
7.361348
10.951433
7.173558
2.255148
12.578270
16.023344
11.322388
12.689958
14.315511
13.394743
22.659105
4.969151
12.782096
6.017716
14.825605
10.625733
8.571419
12.796104
1.704432
12.617221
7.453223
14.863695
5.355107
7.841677
21.726999
12.603499
12.073415
2.926834
2.809412
8.957451
10.696949
10.929555
20.607976
4.288033
-0.105721
-2.201281
-0.731345
-6.487479
-3.816169
3.420767
-7.121059
6.753158
-0.007067
-0.954131
0.082096
-4.943581
-7.096960
-4.661234
-1.252987
-0.717142
-9.476180
3.928541
-4.924704
-3.732551
-7.223109
-11.716069
3.675898
1.540482
-8.561092
1.769540
0.108239
-5.752812
-4.436557
-0.169335
-5.628675
-3.696758
-5.615844
-3.362614
-13.402660
2.096633
-5.647052
-5.707729
-3.600498
-3.808524
-3.455041
-11.048923
-6.081775
-10.880251
0.131784
-3.085551
-20.221940
-4.705110
-12.093057
-11.903275
0.470807
-2.068807
-2.005369
-4.324182
-7.824941
0.587842
1.693591
-8.811565
-6.853916
-9.511912
3.489131
2.030149
6.375336
-2.816824
-2.716099
5.833912
-3.664996
-5.127767
-1.267957
-3.469373
-5.191297
0.051698
2.867625
-6.642040
-2.337910
-3.604203
4.274112
-6.471137
-6.306811
-2.297311
-5.713672
-3.533420
-2.211899
-4.090880
-12.065771
-14.403935
-3.461630
-3.924818
-2.096615
-4.081900
-3.649795
-5.891402
-7.761502
1.903886
-1.826005
-1.063865
-8.559994
0.588795
-5.550942
-4.772697
5.516542
-9.384767
-6.277342
-8.885936
-10.322620
-7.168435
-4.459142
-0.368143
-3.129096
-2.395578
4.546093
-5.272462
-12.433248
-7.114416
-5.017711
-8.211532
-6.200309
-5.520760
-4.795786
-1.707145
-4.365999
0.785491
2.383532
-6.432049
-4.981671
-5.943272
-10.641962
-9.219273
-6.526494
-7.821876
1.873494
-5.260543
0.721858
0.095446
-2.766467
-2.932394
-18.294726
0.971443
-6.843097
-1.347994
-1.604683
-6.416637
-5.082448
-8.084551
-10.717799
-5.485067
-1.374185
-8.505716
-0.797429
-4.638709
-4.519045
-10.450447
-1.585455
3.992503
-13.172245
-10.370004
-4.965341
-6.735315
-1.744369
1.665738
-4.728508
-14.924915
-2.210221
-9.544644
-1.785084
4.491559
-2.189809
2.083070
0.856214
4.349666
8.017956
15.778119
1.006935
4.303002
0.202691
2.404219
6.938099
6.936699
2.783581
1.728120
0.474135
-2.892924
5.543166
2.884730
-0.759562
4.711812
1.231687
8.715931
-4.343947
6.262447
-2.709424
5.179402
7.269200
2.804910
-3.491891
-0.412150
9.492516
2.791549
9.594220
10.834055
2.707078
1.058062
6.777653
0.786240
3.787473
4.131624
4.301176
5.330333
-7.669725
2.442754
5.730122
1.617477
8.868163
-0.593083
6.973871
-0.979783
-0.011639
7.649619
2.857336
10.953304
7.933524
-1.915218
0.832130
8.120153
1.661536
-4.952110
2.895007
-6.258081
2.861472
0.843509
9.399310
0.007799
10.457247
8.683786
6.890833
6.681200
14.791177
-0.450670
13.453810
-1.334098
3.565782
1.314635
-2.222642
-0.171927
1.428265
8.620166
6.007768
-8.899890
11.319849
2.460126
7.628114
4.114644
-0.732417
4.214926
9.805815
6.020747
0.225605
7.929674
9.611062
2.753965
-4.456392
9.074027
4.482054
-0.265636
5.365582
3.528594
1.977184
1.308111
8.519838
6.673436
-0.892486
-1.795848
-5.250276
5.015447
4.827022
4.977173
-2.916640
4.641640
0.063013
8.463687
5.741007
-3.990767
-0.723116
9.746681
6.938960
-1.002205
5.764186
-1.639698
11.012889
3.180657
8.782797
2.057537
8.447526
1.435776
-1.479674
11.804731
-0.606836
8.888693
5.945450
0.004102
2.616035
-2.112914
0.893691
8.497554
-4.239319
2.054295
-1.141441
-3.375155
5.317638
2.856883
2.169124
4.354801
1.415090
7.548202
-2.779804
-2.365427
2.108246
6.253922
2.919768
6.988562
10.697255
3.297129
1.289431
6.501720
-4.200680
0.593978
6.340419
10.489128
9.036350
0.923223
2.641519
-0.019832
3.865848
3.662467
6.467911
1.440807
-2.576181
6.882598
-3.327710
6.125727
9.737802
2.253113
-1.570786
0.239373
0.360461
1.502316
11.726768
8.979469
6.731369
5.072907
11.732291
2.056716
5.444504
-1.875980
7.726219
7.029745
9.254473
10.814738
3.398393
-8.378603
-1.342722
3.818873
9.409645
1.201412
-5.336599
4.484281
2.771076
3.302727
6.334443
6.306664
-4.201259
2.726321
-2.509697
3.113291
4.744470
9.075136
2.389314
4.021286
2.962857
7.113117
-5.124778
-3.114229
2.870846
-3.351667
12.504395
0.215197
-1.409238
-4.236851
3.795790
1.937123
3.998808
1.779628
2.784697
6.132517
5.456864
8.623294
-5.481103
0.996623
3.822801
6.674627
2.261696
-2.558358
11.508491
-2.157266
0.567995
4.792905
12.314915
1.079888
3.113445
-1.048131
-1.286018
7.423012
12.948288
6.898163
-0.908615
-2.877717
10.546733
-5.572028
8.662312
2.423515
2.975107
-1.999558
2.492246
-1.848422
5.397334
-5.866612
-3.578346
0.591757
3.386109
1.000396
2.278691
-2.279836
1.362825
5.985479
7.714308
9.609036
11.774412
7.025317
-5.011388
-6.565382
-0.341930
-0.165043
-5.695335
9.280452
6.225788
-0.197750
-2.900683
-1.056632
9.845569
1.010853
1.471864
-0.131300
4.324168
9.555545
4.348681
6.140507
-1.409551
5.522900
2.964395
-4.667844
-9.884001
3.890045
3.008266
1.714117
4.898867
1.133355
2.000676
7.468552
1.574572
5.251726
-5.726614
2.930673
5.898093
5.585872
0.846439
-2.372058
5.801930
4.231174
6.192027
1.931801
2.710774
-1.061712
6.151128
7.354911
0.400823
8.763875
4.668287
-7.822554
1.046252
0.594029
13.036459
9.897563
-4.231040
2.540283
-2.130339
8.097271
1.787751
-1.539589
-8.747353
-0.472104
0.366288
0.089305
9.519148
6.724871
-10.196343
10.640153
4.614136
5.117387
7.048874
0.245205
1.245046
7.190723
2.104718
5.509706
14.182577
8.282909
7.144366
-0.788266
-4.471388
-3.735281
-1.276487
-0.917596
6.807216
8.434226
9.966939
0.196101
-6.048834
2.405779
8.562236
1.222786
5.738728
4.230384
9.958992
8.985815
7.759243
-2.487437
7.607615
7.802390
3.198941
6.808073
2.839140
1.716603
-3.719504
-2.454342
2.563036
2.706952
6.246621
11.219211
1.485925
10.172836
9.243648
2.270014
2.803982
11.120479
3.329670
9.095868
5.599781
6.732201
2.475818
2.991760
10.909000
-4.118780
6.402683
9.115287
1.897932
1.668756
9.608315
9.829331
0.895739
-1.176088
-6.042541
-0.013004
1.346753
10.658209
4.519810
-1.155356
3.823981
6.834083
7.978297
5.591877
7.621149
13.534729
6.821752
-1.306805
5.248382
-0.077692
8.720149
7.076302
-0.117249
9.492480
3.142955
8.223536
4.323827
8.208706
2.669082
11.052303
5.590915
-4.938255
10.028307
-14.224415
-3.948880
-1.959827
4.648913
3.093950
5.269025
3.121453
3.724693
8.092974
1.997395
-2.039663
4.186242
-0.187914
6.505447
4.177617
9.777924
2.334170
0.909650
0.615099
1.404396
3.889891
-8.762037
2.374445
7.566841
0.653153
11.138740
3.626177
7.940490
5.496653
2.902701
2.833162
4.420566
-7.587492
1.916275
-0.435148
-0.142419
-0.273896
5.878733
-0.757345
-0.403214
9.519846
-6.609000
3.374752
14.961485
9.811550
6.139117
-1.666890
4.884878
2.780081
3.133286
3.517820
13.777135
3.075423
1.699692
8.182525
4.184916
3.005144
7.028896
-3.130568
0.960438
3.554897
8.854369
-1.645935
2.684761
4.478294
3.501022
0.621105
3.919480
-1.723141
0.665925
2.093287
7.172299
1.645700
4.010562
7.729909
5.044873
8.459378
-2.002626
-3.246508
-5.319534
11.701794
-6.574122
7.134789
4.895916
2.877758
0.868835
2.787592
1.313394
8.339350
2.467201
0.585690
1.798998
3.624995
9.290016
3.606381
5.667150
0.776875
3.989377
-9.781125
2.883145
2.555621
2.690252
4.916718
1.597173
0.532254
5.144394
-1.719597
6.445490
2.702619
3.998117
3.044123
6.606649
11.039043
0.230804
6.922812
0.710486
5.538115
0.157801
3.702034
2.113285
9.910590
-0.948669
8.140337
0.758597
4.222944
1.655288
0.983164
-4.521880
8.305358
1.799585
-4.992727
1.957281
2.468578
1.522830
-5.575222
-5.228384
1.429607
2.028751
10.664599
7.640334
5.828137
9.046311
2.986126
8.969924
-1.067368
1.385188
4.552933
3.321289
-0.388046
3.845241
6.552368
10.552646
2.841369
6.957914
-3.691767
-4.032721
-1.608726
11.188499
-0.071510
5.653978
1.624236
-1.180550
4.920869
4.290402
6.109140
8.767805
1.055876
5.990200
-0.251863
2.593095
-1.942310
4.305077
5.608486
4.169421
5.417709
2.552563
-1.771075
7.221271
-0.358527
3.803551
2.138037
-1.165716
4.525788
4.297336
-1.651522
3.253469
0.933054
-2.381894
2.008180
-1.441241
-5.343660
1.192736
1.204407
0.635686
3.755676
-2.971311
-3.605406
0.164807
4.846483
2.110093
-2.427732
-5.641066
-0.341178
-8.617730
4.129797
11.709868
6.580687
8.994537
0.449099
4.969903
3.203467
2.397839
9.019120
4.140921
-2.349647
5.111731
3.987614
1.748681
3.824306
-1.366467
8.816500
4.817979
-0.396588
-2.401312
2.262206
4.270203
-4.806261
13.683885
-5.087844
3.496863
-2.370421
3.233950
3.922856
-1.918566
8.236278
-0.260478
1.969099
1.360592
4.276886
-0.201781
2.796030
6.382417
-3.183594
-5.829375
2.427717
2.903693
-7.430000
-9.653246
7.599602
-3.206003
4.647659
3.332267
12.145840
-5.557316
3.069891
11.919519
7.618779
-0.181639
5.686639
7.293267
3.483866
-1.491184
1.447193
5.566506
7.403483
-2.426579
2.838065
-0.236946
1.265485
-1.563345
4.796905
9.013238
4.300058
-0.518214
-2.027761
8.088949
-1.904462
3.861112
4.858420
-7.624934
1.236998
9.068534
4.051146
8.892277
3.740284
5.187616
-2.634010
-0.914134
-3.438750
13.252849
2.610911
2.608533
0.550756
0.210652
-2.551377
6.892742
7.684435
0.700081
-2.237319
7.642316
-1.832443
2.628654
2.726379
13.398936
2.234301
1.691926
1.006352
1.353154
0.667070
5.129749
-0.338466
-1.404127
-1.469422
4.246208
-2.642239
11.735136
9.080100
2.695441
2.679632
0.795031
4.072093
-0.512098
2.243872
2.159124
0.115102
-3.333255
5.545858
4.133820
-1.238721
2.661651
-0.581770
8.608124
1.708299
-0.610431
-8.786967
2.909905
5.841237
-1.365128
0.224137
0.587484
9.789246
3.630688
-1.669459
-2.186042
10.512355
2.796128
2.947699
0.664813
-4.320051
4.229886
2.079996
0.873723
-7.904153
-1.908702
1.033108
6.728627
3.687708
-2.491361
-6.431828
0.435516
1.529531
-0.219535
2.983097
2.645475
2.925908
-2.152177
-1.766610
6.598413
0.972998
2.393273
5.524122
3.145099
6.630079
8.362659
3.052842
7.026569
1.965140
4.605127
1.800642
2.151140
5.642369
6.112417
-5.693374
-3.890490
-4.208330
1.010528
7.153795
-4.369929
0.786971
-10.913416
10.219651
-2.937996
6.196339
5.138357
6.806734
-0.745968
5.566058
5.033331
4.072767
2.662807
5.822988
-3.036894
2.167225
-2.578879
3.339101
10.648798
4.881593
12.347303
10.368442
2.243886
-0.484875
9.970705
11.676198
6.036947
-6.365215
8.795332
6.249834
3.548285
2.597466
-1.694375
6.567030
0.492029
-0.120757
9.266609
9.185540
30.219723
21.713616
12.493623
17.582030
17.192737
26.084745
22.315659
15.935184
15.093247
20.012787
15.248930
25.500450
28.990473
23.194510
23.641251
17.479673
19.378442
18.179461
21.101307
17.255537
19.480295
23.062021
22.162012
15.684708
15.125052
14.783093
27.176547
22.774576
20.272749
24.335984
12.859430
18.903558
11.549669
14.324300
19.672765
18.834551
17.799374
25.126154
23.063868
11.791495
15.391810
11.054499
15.624238
19.330576
18.386668
23.283340
14.061833
12.529254
18.869146
12.676859
26.788894
21.613287
25.625921
18.839122
23.120272
12.281608
21.754808
24.637848
24.982984
19.130974
20.409954
22.173314
23.715010
18.795439
19.012541
19.955966
20.210150
19.102537
13.330656
13.034308
10.958076
21.197794
24.581956
14.040270
8.843978
23.237494
22.329438
21.843257
26.252463
15.248993
20.363588
21.446082
14.351436
11.893944
17.669735
10.692259
18.546925
11.305690
21.136047
14.092619
23.133992
11.763306
23.189182
15.287947
16.362864
23.323491
17.376917
18.604658
24.357285
25.279701
21.707755
24.412419
23.564087
23.252303
22.753934
23.584101
11.908260
22.186658
25.982353
21.083091
1.332336
26.485445
20.901829
16.553355
14.075483
19.383228
20.218412
19.197768
13.796925
26.246708
25.308787
18.124856
10.489446
11.972340
18.300366
21.590546
13.349955
21.055926
15.226923
31.863552
10.304896
21.788756
21.209104
16.539249
15.153843
22.398316
22.953545
19.686544
24.762552
17.972236
23.987085
22.769486
19.438214
19.065701
22.834068
12.408520
20.966843
14.927395
21.645897
18.766792
11.941758
11.460490
12.553529
20.524574
14.974128
25.101189
16.678184
13.964486
15.359245
21.235864
11.534959
9.359881
19.346921
19.266053
20.733032
14.550164
23.265211
22.430297
15.391361
16.074151
10.274056
20.784215
18.774712
19.973964
13.723520
21.860062
16.079747
15.498694
13.075392
19.396232
21.358974
19.602307
24.372914
20.702790
13.726051
15.116688
29.253292
22.248458
18.317285
16.182381
19.563767
12.869199
20.605417
23.805531
25.537989
13.270995
21.876457
26.668595
23.705428
26.898523
17.084659
16.636980
13.137139
24.287103
20.208917
15.837935
17.079977
19.085766
23.042286
18.976055
20.383289
17.814165
19.519435
12.544879
17.125753
8.935582
22.019113
20.767830
19.012640
22.521366
29.365501
25.169318
16.774808
20.908662
20.811177
12.005017
15.323128
20.483675
30.187465
28.591455
16.534266
24.407029
9.409401
15.891760
28.187513
20.763032
16.397359
9.717787
24.143226
23.900559
23.960465
11.126687
23.070643
19.373193
14.336326
18.119020
27.032026
20.590555
15.809514
20.744542
23.959385
16.333389
24.926373
16.324378
4.383746
20.495037
23.770681
19.475659
16.533011
22.572134
16.504750
19.605281
16.863892
17.998171
15.437168
25.545737
16.660671
29.398081
17.395936
21.016776
17.083994
15.955866
25.468949
21.492342
17.557081
19.169936
18.151471
14.832716
18.063068
22.102653
25.360567
11.166769
21.542100
16.233866
13.691767
25.937245
23.612040
17.074760
17.592110
15.135966
16.442766
20.562184
22.823170
16.464906
20.482489
15.848696
18.383129
17.339647
24.187564
14.301892
24.814427
11.183437
28.406157
21.068068
23.592964
14.717973
15.786417
21.757518
27.408423
27.099334
15.370735
20.312139
16.932029
23.142961
17.967951
19.245328
30.534352
13.768014
17.952443
30.972638
23.595985
15.073970
12.443478
15.180921
22.796101
17.560073
20.854256
9.551320
11.447825
17.498557
18.817054
19.401312
19.238600
22.003070
13.283887
26.360695
12.344834
24.361723
13.722116
10.742762
20.856984
17.282887
23.917401
20.544505
8.630257
17.032989
15.622951
14.832621
20.115274
22.350181
21.817029
20.321277
19.106366
21.398809
24.561781
14.369593
22.147947
11.659264
8.395105
16.843738
18.184077
12.552648
16.588046
20.788923
12.768382
8.646211
22.592278
17.331443
22.610646
19.446918
19.920123
21.049434
17.024144
24.402942
25.517739
19.302905
15.626036
13.207512
18.957785
15.065345
18.118156
15.254052
19.036921
22.187454
19.994943
12.929492
19.708660
27.357420
14.737126
13.963926
19.982076
24.974007
19.108114
14.689404
21.410334
11.973302
9.263746
12.888702
18.111395
15.102163
18.736512
15.309658
22.284837
23.324652
5.904917
15.468245
21.620334
19.438754
14.891146
16.163476
21.179660
14.507622
22.027931
14.034100
16.157304
17.452606
23.472571
16.105197
17.384438
16.317888
18.098612
17.402375
14.481566
22.940590
26.622027
27.786604
19.471620
18.156190
18.769332
17.082651
17.627893
18.081761
24.862423
20.048084
20.526535
17.725919
24.991974
25.981973
13.716588
12.427938
5.409462
19.211588
23.008266
12.537678
12.434133
21.703901
24.496330
29.213839
23.100083
26.411107
11.042807
6.740516
9.401021
13.778291
7.636872
6.530477
8.962364
2.153187
9.473402
12.522941
-3.849485
2.905183
3.854296
17.563189
10.656515
16.465905
13.610684
8.746992
9.891895
8.350538
10.152812
9.852312
11.788401
4.916469
3.923124
9.102088
6.581690
12.728144
-3.480337
6.773991
7.495682
3.252790
15.265940
9.614409
10.531783
2.147341
10.126379
8.793374
6.131869
18.818694
6.250905
8.616142
7.520243
-0.488579
10.012939
8.295101
5.809888
6.913165
13.764335
4.984826
7.287263
10.973243
18.437094
10.226826
6.261093
1.014349
7.192995
17.652829
10.129650
6.619099
8.513672
10.712848
3.198521
5.792383
11.006307
16.363683
11.463991
14.504879
8.991539
8.829408
8.671156
7.765841
9.385120
-10.221979
5.522388
9.143122
8.425081
-4.059783
3.469972
4.050795
9.770042
8.884157
16.284972
13.876072
20.259086
15.909461
14.339184
16.050784
6.646654
24.036766
11.375186
15.099106
14.052472
23.838435
12.226180
10.726534
13.321487
12.871400
16.761719
23.250634
14.302434
18.168178
17.112430
14.786909
20.256395
20.206858
15.365383
14.948356
10.447059
12.934513
9.068218
18.482159
17.036250
19.404801
16.333981
12.880216
12.501589
19.483488
7.677538
16.026418
14.132461
15.047986
17.764593
14.761951
11.979149
9.360876
10.313745
24.447493
5.647296
5.259058
13.459959
13.257294
17.197472
18.296113
13.058553
18.133554
20.665602
13.253385
16.581468
13.464198
11.475373
12.824702
18.050446
10.276675
12.065124
21.572859
7.759060
16.879346
13.747512
8.287558
18.105451
21.490717
7.708532
13.427215
8.642343
6.393673
7.524746
14.997949
21.981325
15.541386
10.049280
22.529053
12.843206
13.361266
18.028195
16.449046
20.409079
19.502949
12.666763
15.641055
24.460523
12.554531
10.798299
12.940284
11.433869
13.246559
12.209800
10.465082
6.436306
12.952121
15.849561
9.868009
19.863568
17.857812
16.211008
23.076380
20.895751
14.199539
13.762135
11.038139
8.132372
16.806432
19.981152
11.448568
19.441766
5.599047
20.287331
11.917166
12.054971
15.442557
13.707011
16.202707
9.301928
20.703585
20.568647
6.540953
-1.331124
3.289934
3.957886
-4.461773
-1.356059
-11.583035
-9.351250
15.806382
-3.085365
-5.036834
5.266094
-3.070830
3.839669
-3.774419
-3.148977
0.454384
-3.594795
-5.011586
2.586896
-4.782159
-5.430668
1.525006
2.075589
2.348018
4.819580
2.649033
-4.023985
-8.157134
-1.175832
-1.833267
-2.380619
1.099850
8.915220
2.972341
3.823506
-1.342868
3.535395
1.961937
0.790667
-8.047762
1.974597
-1.282887
-1.366987
5.653975
-0.620178
3.968641
9.335933
-1.761441
-4.900514
2.040155
1.855736
-1.549106
4.450217
-5.587699
-3.455458
-0.541922
2.267484
-9.939697
-4.544664
-0.587687
-5.936227
9.309298
-1.624005
4.544109
-6.294065
2.804225
-0.950458
2.020355
3.686885
-5.961713
1.734767
4.234991
-8.017096
-1.139129
-7.292524
-2.622584
1.579238
3.861152
0.608701
2.773645
-2.674182
-0.139208
10.613883
3.627974
1.291162
-3.411798
4.409209
-7.812037
1.608039
-5.154261
0.206158
1.214812
-6.785183
7.789426
0.115458
-0.338132
1.044966
-0.872498
5.017938
2.700224
-7.334226
-0.168003
0.110291
-0.420713
-4.183129
0.070139
4.124884
0.473976
-3.149270
-0.918940
1.661747
-6.327951
2.961047
4.872055
-5.974464
3.111396
-1.197508
3.217466
-1.899934
9.534732
2.895448
-1.545853
-0.489181
9.026281
-8.080186
-4.549102
2.353459
3.139427
2.321802
-2.893145
-1.306156
-1.187638
5.161240
-1.141261
5.331790
6.505712
-8.974781
1.009948
7.280671
-3.819674
-0.923443
-0.383834
2.942629
0.917090
3.434077
-0.586409
-2.639331
6.888762
0.460502
5.368265
11.012423
4.164114
3.130956
-8.856470
-1.593041
-7.880102
4.325831
0.196720
2.153008
1.839070
0.182647
-3.154930
0.840010
-1.875018
-0.306213
-2.710540
10.232967
3.727377
8.256028
6.925683
-0.857588
-4.462214
-5.371746
2.225136
7.196773
9.277464
5.490062
-0.287399
4.424141
3.007076
-0.405294
3.729947
-3.914243
-5.105866
5.370067
-5.170296
-4.591224
-3.294132
-6.048379
2.396870
-5.589423
2.657292
3.157299
-3.348079
2.723977
-2.302256
1.455728
-4.118114
-3.713073
-1.500596
-10.546467
0.054181
-7.724348
-2.946551
-7.898976
6.062326
-2.495064
-1.107621
-1.181286
3.695969
6.512291
-8.623898
1.642254
2.831839
-0.161338
-1.218394
2.177761
-0.005000
2.959332
-1.670034
4.133534
5.982966
4.360288
3.369149
-1.292462
0.864385
-2.649676
-0.069176
1.401554
-0.006751
-0.891002
1.041795
-1.408647
-2.729655
-2.498762
1.141966
-0.722367
-5.999623
5.103107
-3.767630
2.542494
3.920470
0.750442
1.755745
-1.069140
2.766044
-2.508584
1.359535
-2.464282
0.756988
4.987009
-17.215796
3.540585
-2.233649
-4.280443
4.310693
4.736071
4.483773
0.796514
-4.594124
-8.631848
6.670899
-1.177673
0.302270
-3.721366
-8.354830
-4.520816
2.089415
-8.863514
5.092609
-6.643072
-3.408085
-1.128456
4.608140
8.101128
6.584755
5.852429
-9.156258
-5.772600
2.756274
-8.821056
-3.190965
-2.530477
7.305283
18.080059
3.083001
-7.062174
-2.854628
3.987146
6.004957
0.291326
-11.748121
-5.956693
3.119546
6.197235
3.971940
7.185091
1.257918
4.295234
5.802822
-2.474404
-4.402125
4.961227
7.629709
-2.442878
11.136608
4.364944
-12.677969
4.917107
0.618972
4.587356
-5.520000
-7.846141
-0.400023
-2.030108
1.335709
0.219175
-5.259350
0.289740
-0.910891
-1.922006
5.494283
-0.755958
5.343146
2.034701
-1.391025
6.191155
2.649285
-6.177866
-4.565164
7.788302
6.184698
-9.051721
5.561640
3.626107
-1.881336
4.998600
-1.406323
5.390619
-1.685388
3.117473
10.900395
-7.125066
0.342785
4.461613
-5.915136
2.136526
2.517451
-5.765474
5.181570
7.413885
2.230842
2.758976
-3.638279
1.240899
-2.099719
4.452519
-3.618881
1.270411
-9.554377
-3.899261
0.038550
3.774999
-2.389604
-1.061922
0.248078
1.596235
-4.198550
-6.892044
3.253533
-3.893345
-0.693971
0.440764
0.478332
-2.467176
0.556793
-2.396065
-4.818049
-2.390886
-1.578586
5.662359
-9.487644
1.166797
6.635035
1.391208
-4.428336
-0.467247
-2.526315
4.282799
-7.359894
-3.744295
-3.080594
-7.026106
-10.851202
4.167120
1.023021
-2.173703
-2.002015
11.703198
-2.106180
5.526807
2.945364
-10.286240
-3.393371
-5.193403
-3.525479
-2.476594
3.354957
0.978025
5.995100
6.720464
-4.453424
0.835687
2.006905
-2.585982
1.377520
-0.749708
-5.133489
0.895270
1.823077
14.152389
-4.209050
9.283356
6.374221
8.847567
1.273440
-1.741830
-7.841311
-5.049847
-1.490032
-1.583258
5.240122
-0.033844
-2.406556
-5.794264
-1.927548
-3.012308
-0.979929
-10.454874
4.209691
-4.306790
-2.427648
0.544771
-1.587946
1.943734
-7.452974
-1.312591
2.617859
1.788803
6.384814
3.901824
6.305815
-3.252455
2.119141
-5.607988
-1.134062
-8.053186
-3.959709
-4.730619
-0.294768
-0.234860
-1.814367
-4.333925
-9.338704
6.917607
5.072539
4.478794
-3.607548
2.156381
-7.424355
0.159960
2.838202
3.855827
-7.684282
-1.394801
4.542049
3.117177
3.729194
-4.141672
7.259273
-2.071204
-1.749271
-4.586645
-5.755180
-5.984308
0.088463
-0.086412
-3.834781
3.570063
8.223228
4.494820
-2.087649
1.950847
-11.251579
0.683620
3.197144
-4.003878
-0.391681
2.196066
-15.345234
-2.121859
4.140926
-1.074799
1.946139
-4.982297
-3.214966
7.399665
-0.626625
1.337256
-6.519045
-0.716478
1.038883
2.886068
-2.449463
6.233100
4.589859
7.822647
-7.104523
-1.301148
-10.438563
-1.239236
0.354489
0.884023
9.550311
-4.499771
0.087466
-0.766624
11.169763
14.487031
5.697278
-4.621440
-3.817397
-7.388361
-5.179644
3.258556
-3.303263
10.683035
3.969732
5.332749
-0.406337
-0.942078
-5.148312
0.789150
-3.358135
2.399424
-4.217721
1.942879
-0.402268
14.562636
-3.356688
1.083898
-7.214572
8.994504
-0.730715
4.976357
3.857845
-0.835897
2.799857
-5.036821
-6.329690
0.332291
-1.419584
3.852733
-2.214101
-8.086679
10.613472
8.549979
3.557325
-4.856073
-2.700959
-1.153254
6.233509
-1.602081
1.861675
-7.865475
0.706142
-1.678508
-0.580020
2.210174
-1.102725
1.012565
-0.318651
10.188686
1.697567
-2.203243
6.068638
4.067276
0.270105
3.735829
3.239688
3.880175
-1.017561
6.056184
-6.233339
1.056430
-6.018937
1.854800
5.398888
1.528140
3.949625
-2.668552
3.793588
-1.729166
-9.822240
7.949441
0.490116
5.713792
3.806145
-2.726970
7.243591
6.729411
-2.546966
2.061736
-13.357536
-0.517954
3.453147
8.246612
-0.531961
-3.524355
-5.808077
0.518837
1.751779
-4.638711
0.918987
-5.299508
3.211395
9.514189
4.074552
-7.158046
0.763547
1.260771
1.060727
-0.920978
6.742377
-8.241645
0.354599
-1.472091
7.796154
-13.017192
-4.314722
3.322771
-1.336511
-3.707411
-0.370688
-4.365902
-3.780877
2.210514
6.700980
-5.807975
-3.318496
-3.349794
1.446201
0.082378
-1.623624
-1.945903
4.369057
0.740057
8.657311
4.691736
5.332323
-1.134142
1.496997
5.205544
4.241363
-3.106163
-7.420321
-3.509223
8.453336
-12.167093
-2.157637
-2.596095
-0.663967
2.919989
0.912861
12.953783
0.242731
-0.926880
4.113770
0.122478
3.776995
-2.796139
3.228730
6.446276
0.032604
-1.463606
7.139858
-1.971051
2.711200
-12.361885
0.844689
0.141026
0.750548
4.120466
-3.905128
2.876245
-5.820666
-8.097041
-3.277544
0.136498
7.159574
-2.932642
1.191356
6.812273
0.081480
8.497724
-3.605806
2.829935
1.228100
-10.216107
-4.821310
0.721659
1.055521
-7.494777
-4.450433
5.115361
-4.920394
1.275833
8.458472
-2.764247
2.484046
-1.665664
3.152920
-3.367031
-7.805263
-0.970372
6.481485
4.964229
5.851982
17.244733
-1.596285
3.242023
-6.622081
-5.591980
-4.796333
-4.919457
-6.597396
-8.003046
-2.309050
4.552398
6.889429
-3.681128
-1.979638
-6.419607
-4.242961
-1.860185
5.247944
-3.477230
-3.644877
-5.540058
-6.928458
-3.038687
-6.367501
2.769302
2.925590
3.773054
1.867542
-3.335836
4.028842
3.989996
-2.242851
-1.319929
2.837564
-4.068457
5.147914
-6.223869
0.941590
0.609622
7.301733
-3.472291
-3.231202
8.409728
-1.245356
-6.466617
0.768496
-0.010600
-0.655221
0.901050
9.522466
