0.112146
-0.192166
0.142947
0.146991
0.031843
0.112023
-0.171765
-0.019892
-0.017773
-0.047739
-0.358388
-0.078061
-0.063305
0.085371
0.195240
-0.085330
0.158178
0.097344
0.070801
0.007397
0.124621
0.220038
0.019475
0.099519
-0.056674
0.003471
0.033370
0.042654
-0.185417
0.001046
0.052254
0.089603
-0.078918
-0.072093
0.018360
0.163476
-0.094530
-0.084161
0.224678
-0.114183
-0.196409
-0.072375
0.012923
-0.072858
-0.016217
-0.030023
-0.008822
-0.141240
0.054360
0.113211
0.003834
0.142579
-0.010631
-0.149938
0.033455
0.035615
-0.059876
0.203005
0.003637
0.063618
0.033690
-0.072651
0.182466
0.118852
-0.048750
0.011099
-0.054345
0.156324
-0.082509
-0.161706
0.052447
0.017967
-0.124859
-0.127441
0.011789
0.140731
0.065442
0.160895
-0.150364
-0.043954
-0.083355
0.095373
0.030025
-0.132461
-0.029504
0.010849
0.013736
0.028703
-0.011130
0.060531
-0.070048
-0.081375
0.178164
-0.073712
0.057567
0.112541
-0.246428
0.030897
0.029441
0.070606
0.070046
0.002151
-0.004008
-0.089461
-0.026343
-0.087461
0.002326
-0.108728
-0.052130
0.172864
-0.146419
0.105323
0.167908
-0.140762
0.079580
0.005100
-0.002145
-0.107447
-0.120232
-0.052898
0.079869
-0.001871
-0.118067
-0.019030
0.002652
0.050072
0.103714
-0.004745
-0.102594
-0.104896
0.101115
0.005555
-0.150361
0.099060
0.113332
0.023823
-0.004359
-0.070321
0.098252
-0.166735
-0.169842
0.070004
0.103648
-0.048158
-0.008347
0.270022
0.067027
0.058341
-0.068835
0.148140
0.045003
0.045216
-0.127899
0.019781
0.076261
0.061642
-0.045274
0.171618
0.154394
0.158024
0.005837
0.025866
-0.045198
0.236711
-0.121575
0.019960
-0.021976
-0.101813
-0.163363
0.052299
0.132105
-0.004626
0.001904
0.096184
-0.101946
-0.109094
-0.185409
-0.103320
0.084420
-0.069087
0.121308
-0.114285
-0.042825
-0.113379
0.074827
0.109597
0.033532
0.123812
0.069639
0.073027
-0.082344
-0.087594
0.040424
0.098157
0.126632
0.049122
0.124474
-0.023421
0.079444
0.081375
0.003147
0.002525
0.050950
0.017399
0.118062
0.081108
0.260880
0.146952
0.246966
0.082593
0.064784
-0.086827
0.008382
0.014757
0.058881
-0.230738
0.004302
0.072875
-0.011045
0.094374
0.023299
-0.038233
-0.133358
-0.035889
0.149451
0.044173
-0.014642
0.036239
0.010515
0.075359
0.136663
0.013861
-0.110489
-0.125183
0.127154
-0.019547
-0.075215
-0.039652
0.090369
-0.084077
-0.084341
-0.036462
0.124831
0.108994
-0.184675
0.047164
0.221388
-0.155626
-0.031674
0.005590
-0.113432
0.071569
-0.058954
0.050629
-0.186341
-0.213325
-0.191489
-0.001472
-0.013097
-0.034841
0.024102
0.085282
0.110750
-0.050157
-0.182442
-0.114752
-0.030878
0.020417
0.199680
0.023697
0.010712
0.079489
-0.154151
0.015819
0.070868
0.046420
-0.006665
-0.159161
0.113667
-0.132500
-0.011757
0.049445
-0.056649
-0.014866
-0.031327
-0.010330
0.230852
-0.194506
0.007160
0.177605
-0.011836
-0.011975
-0.091125
0.183522
0.225100
-0.156904
0.194422
-0.093020
-0.095364
-0.077154
0.088282
-0.039464
-0.196637
-0.139523
0.019677
-0.145777
0.224545
-0.163584
0.074466
0.067187
0.060977
-0.068391
-0.097173
0.166335
-0.009679
-0.052138
-0.197794
-0.025118
-0.040816
0.008281
-0.040857
-0.033804
0.059202
-0.126583
-0.177651
0.065428
0.017760
0.000758
-0.097200
-0.023480
0.089936
0.091553
0.033277
0.062844
-0.004868
-0.042658
0.174897
-0.180105
-0.004881
0.036280
0.022772
-0.092059
0.068290
0.015132
-0.221828
-0.023384
-0.101657
-0.166356
-0.030811
-0.047202
0.002485
-0.036537
-0.182758
-0.057475
-0.014225
0.094396
0.008236
-0.120862
0.071770
0.079226
0.058049
-0.095574
0.020343
0.036752
0.108097
0.064983
0.271801
0.006122
-0.010330
0.177277
0.028966
-0.083008
-0.047977
0.026326
0.034618
0.108786
-0.112663
0.102595
-0.021639
0.091822
0.105684
-0.086594
0.004303
0.007209
0.094869
0.128056
-0.123074
-0.082125
0.025304
-0.116064
-0.083918
0.046437
-0.073636
0.061256
-0.020716
0.053403
-0.022807
0.025487
-0.004767
-0.081953
0.184802
-0.117760
0.032426
0.124955
-0.110561
0.143460
0.087444
0.084853
0.109511
14.678755
14.523590
14.747277
14.697630
14.648234
14.801065
14.535682
14.448755
14.429458
14.726952
14.612840
14.709250
14.518427
14.754718
14.672729
14.762259
14.602111
14.651120
14.493470
14.562725
14.776948
14.685156
14.887714
14.509346
14.515919
14.678686
14.629709
14.706362
14.629628
14.577861
14.583407
14.544572
14.750547
14.672508
14.732092
14.608941
14.503709
14.689043
14.647740
14.708807
14.618391
14.565270
14.618725
14.555138
14.620793
14.467514
14.609840
14.560741
14.525455
14.623216
14.685262
14.638966
14.572279
14.634918
14.519549
14.587887
14.660357
14.625113
14.503175
14.610724
14.506972
14.670964
14.728988
14.795183
14.606172
14.706564
14.611766
14.489339
14.704959
14.600794
14.559162
14.660087
14.786122
14.718405
14.580690
14.684716
14.809656
14.723284
14.807946
14.786675
14.524857
14.722577
14.427561
14.766109
14.706333
14.632602
14.812757
14.640807
14.573234
14.587256
14.613587
14.775694
14.740963
14.647678
14.545724
14.632160
14.555392
14.840467
14.597133
14.563607
14.703359
14.665117
14.791599
14.647439
14.567035
14.655429
14.572546
14.578229
14.558876
14.705946
14.651994
14.757880
14.687314
14.603856
14.652466
14.706967
14.668175
14.614747
14.570255
14.583879
14.559251
14.594554
14.646866
-3.642041
-3.505116
-3.777140
-3.638769
-3.713018
-3.856592
-3.775449
-3.603681
-3.757610
-3.760078
-3.645216
-3.621867
-3.736561
-3.694268
-3.607287
-3.673432
-3.585990
-3.825137
-3.779303
-3.696212
-3.536952
-3.667301
-3.632089
-3.695159
-3.666916
-3.771769
-3.827745
-3.543947
-3.618712
-3.628551
-3.506877
-3.708616
-3.883691
-3.491927
-3.743393
-3.765514
-3.543625
-3.700825
-3.707368
-3.841197
-3.550470
-3.618144
-3.625451
-3.817858
-3.564709
-3.693824
-3.662899
-3.645069
-3.665455
-3.677306
-3.620503
-3.761408
-3.860763
-3.589706
-3.491380
-3.613261
-3.569735
-3.683560
-3.637806
-3.557888
-3.711665
-3.653694
-3.682211
-3.777575
-3.760332
-3.744555
-3.774023
-3.629337
-3.654291
-3.623871
-3.523805
-3.611033
-3.702728
-3.595888
-3.688182
-3.767142
-3.500779
-3.496439
-3.501060
-3.681116
-3.729168
-3.766906
7.253577
7.309499
7.299891
7.187728
7.275606
7.268163
7.121478
7.346789
7.252685
7.354744
7.377262
7.341484
7.403696
7.324254
7.282260
7.173875
7.266669
7.340205
7.388732
7.351730
7.151243
7.317360
7.467983
7.357761
7.276262
7.276804
7.123890
7.441882
7.302134
7.257045
7.381843
7.356122
7.378814
7.312685
7.230483
7.341338
7.366867
7.120653
7.369615
7.199252
7.500639
7.399027
7.274905
7.316926
7.397744
7.219617
7.432541
7.218388
7.425461
7.330980
7.313996
7.212696
7.281013
7.241446
7.442015
7.269925
7.389762
7.473891
7.487186
7.475105
7.295678
7.217285
7.253156
7.280651
7.376149
7.165966
7.420577
7.280788
7.194109
7.271022
7.304557
7.339294
7.170608
7.301471
7.183105
7.106530
7.280381
7.566118
7.302169
7.263088
7.211688
7.255205
7.247563
7.336216
7.160666
7.236116
7.392795
7.075451
7.272128
7.479377
7.310550
7.244272
7.369128
7.257295
7.239838
7.294947
7.350065
7.231634
7.387788
7.498276
7.484776
7.210117
7.467608
7.481310
7.297282
7.177892
7.433559
7.299210
7.443752
7.568427
7.435755
7.239941
7.335076
7.326393
7.404341
7.249734
7.234678
7.088460
7.339307
7.341618
7.335240
7.457395
7.284041
7.373090
7.342494
7.371757
7.513929
7.187240
7.301895
7.480681
7.309052
7.207415
7.431890
7.225573
7.155598
7.490326
7.312252
7.271977
7.266279
7.260726
7.325576
7.410315
7.381680
7.319680
7.237416
7.439191
7.390086
7.236705
7.292384
7.269054
7.221275
7.293636
7.238302
7.368859
7.315400
7.136062
7.218534
7.203407
7.276746
7.239920
7.250936
7.257386
7.406262
7.316156
7.375178
7.203229
7.362973
7.136113
7.326992
7.216632
7.294035
7.446296
7.371453
7.377122
7.249979
7.292177
7.376069
7.066259
7.276988
7.246767
7.131535
7.347810
7.437947
7.167368
7.333178
7.369692
7.291456
7.344122
7.231697
7.278347
7.388325
7.335776
7.360429
7.495892
7.281287
7.244863
7.411517
7.252276
7.465163
7.436701
7.246897
7.215079
7.344032
7.325788
7.232939
7.191543
7.267020
7.373202
7.273950
7.417575
7.344358
7.285481
7.182859
7.434836
7.273471
7.325017
7.321097
7.402551
7.416477
7.433663
7.276090
7.332306
7.254725
7.279206
7.337188
7.315442
7.293723
7.385978
7.193777
7.304211
7.282475
7.379529
7.427525
7.329381
7.296909
7.241510
7.360021
7.089061
7.317495
7.434057
7.482592
7.311838
7.242452
7.434217
7.240044
7.265229
7.261065
7.368296
7.353919
7.404835
7.197327
7.235141
7.293577
7.214034
7.346866
7.190016
7.291196
7.321302
7.344504
7.229229
7.302780
7.401333
7.355432
7.356439
7.226318
7.217221
7.186568
7.201271
7.238315
7.290576
7.147128
7.271757
7.378555
7.270677
7.267576
7.296607
7.393828
7.267139
7.419692
7.422368
7.451983
7.421258
7.334735
7.329341
7.199477
7.506302
7.347136
7.505042
7.249833
7.305392
7.436511
7.276279
7.325494
7.244408
7.277566
7.306219
7.254444
7.276022
7.277915
7.359721
7.306749
7.290262
7.284929
7.379292
7.407255
7.202818
7.213531
7.294819
7.309416
7.340115
7.358520
7.276403
7.151295
7.463716
7.455093
7.272338
7.422005
7.316782
7.256719
7.256526
7.381713
7.347530
7.321665
7.341603
7.493823
7.406704
7.363236
7.141774
-7.348776
-7.393447
-7.288821
-7.297449
-7.327857
-7.440360
-7.160078
-7.191755
-7.359976
-7.391219
-7.311401
-7.401317
-7.319700
-7.330327
-7.361312
-7.309039
-7.364210
-7.171324
-7.213514
-7.074089
-7.407867
-7.370490
-7.211623
-7.186555
-7.169697
-7.177940
-7.390833
-7.201370
-7.377292
-7.322959
-7.513450
-7.249140
-7.230624
-7.488216
-7.404365
-7.417568
-7.132748
-7.148734
-7.219765
-7.332820
-7.245093
-7.370482
-7.319968
-7.280806
-7.523121
-7.357423
-7.268383
-7.234733
-7.358258
-7.202579
-7.343870
-7.267402
-7.192909
-7.244986
-7.304763
-7.088694
-7.331164
-7.422589
-7.318062
-7.463636
-7.329288
-7.333886
-7.285463
-7.288148
-7.239112
-7.414096
-7.131595
-7.294574
-7.328345
-7.293220
-7.279342
-7.287440
-7.260781
-7.357130
-7.100678
-7.346610
-7.207056
-7.123747
-7.457992
-7.389090
-7.184215
1.907962
10.957302
10.961277
10.912772
10.950532
10.925160
11.066185
10.896702
11.062075
10.917101
10.977674
11.057048
10.757492
10.941343
11.035083
10.769979
10.787699
11.005974
10.984204
10.973316
10.928256
10.991970
10.909015
10.956594
10.718122
10.719867
10.778400
10.922326
10.798576
10.915887
11.199364
10.719778
11.135080
10.976018
10.993769
10.919140
10.804332
10.901837
10.943232
11.043731
10.918273
10.988603
11.143296
11.107826
10.881647
11.050595
10.829945
11.109628
10.891606
10.948341
11.077532
11.015656
10.987586
10.941271
10.864388
10.941460
10.958070
11.043599
11.065768
11.043437
11.058380
11.167743
10.953783
10.866589
11.074395
10.948137
10.911759
11.195130
11.091101
11.017991
11.028359
10.971680
10.942929
10.902542
11.145380
11.026573
10.806348
10.944358
11.032179
10.930374
10.965180
11.046797
10.889235
10.911582
11.185385
11.019573
11.118191
10.745780
10.935141
10.907125
11.025831
11.025144
10.951785
11.036864
10.964318
10.979592
11.130444
11.057217
11.024026
11.099382
11.004110
10.960164
10.925107
11.011092
11.025591
10.917006
11.040143
11.053853
11.014049
11.083685
10.968621
10.911441
11.045056
11.093436
11.168818
10.980200
10.857375
10.858831
11.024103
10.937507
10.981992
11.059816
11.015919
10.992009
11.072589
10.934491
10.745284
11.161316
11.163614
10.982518
10.988900
10.936541
11.054194
10.854399
10.921335
10.834355
10.825597
10.851730
10.948502
10.994407
10.899143
10.987527
10.867851
10.800438
10.845333
11.050165
11.147968
11.051533
10.878363
10.894070
10.848138
10.850750
10.859424
10.957452
11.026767
11.099543
11.015149
10.886246
10.976514
10.965053
10.977350
10.845029
10.949561
10.927602
10.911606
11.140024
11.091613
11.064882
11.015478
11.043272
11.082400
10.889519
10.865398
11.019767
10.901313
11.052784
11.170270
11.046118
10.907552
10.984247
11.012865
10.930621
11.087014
10.964387
10.896325
11.078529
10.851090
11.082028
10.904802
11.041872
11.058967
11.037923
11.015071
11.024936
10.907616
10.958696
11.143113
10.844921
11.198920
11.101960
11.060455
10.960962
11.071416
10.826502
11.081647
11.043586
11.143475
10.975003
10.986422
11.036437
10.742330
10.833558
11.037642
10.840842
11.024257
11.002960
10.923226
10.902026
10.938243
10.832358
10.838970
11.195177
11.022777
11.011109
10.924945
11.177639
11.081990
11.041135
10.975826
11.133443
11.053898
10.986918
10.976111
11.009937
10.887592
11.141012
10.868573
11.131452
10.891208
10.996192
10.967560
11.133076
10.801454
11.096321
10.891731
10.995503
11.093566
11.028003
10.913536
11.062880
10.977540
10.959134
11.167691
10.877801
10.916620
11.156168
11.085855
11.106218
10.890378
10.903832
10.843449
10.784022
11.056452
10.988834
10.976870
11.002581
10.904015
10.840424
10.914435
11.074226
10.745631
10.870055
11.024416
11.084885
10.933780
11.005688
11.064165
10.799517
10.928497
10.784747
10.910842
11.033990
10.958694
10.983788
10.934329
10.941874
10.995872
10.919489
11.072158
11.144791
10.884053
11.020370
10.746749
10.831248
10.963130
10.925987
11.074745
10.802306
10.976381
11.111112
11.133691
11.102001
10.797700
11.108438
10.993172
10.833957
10.849517
10.825380
10.983169
10.934339
11.051961
11.117215
10.620871
10.966236
11.064458
10.991889
11.132668
11.044919
11.004561
10.937949
11.029051
11.128975
10.932344
10.983739
10.901193
11.077976
10.864123
11.138806
11.140823
11.133496
10.882237
10.887715
10.898488
11.003735
10.942601
11.036134
10.960207
10.989205
11.069742
10.891290
10.919589
10.963744
11.020684
10.912139
10.921603
11.084152
10.970284
10.909324
11.118704
11.104200
10.883068
11.193851
10.898981
10.973065
10.969706
10.917504
10.959611
11.024366
10.901332
11.045845
11.033270
10.906970
11.092879
11.051342
10.981141
10.886120
10.943527
10.872069
10.929366
11.039203
10.976150
11.073634
11.018836
11.025970
10.759206
10.920682
11.149961
11.093251
10.943683
11.051867
10.911280
11.072551
10.861033
11.105993
11.011365
10.914706
10.997475
11.013315
10.980024
10.926988
10.835230
10.935332
10.868063
10.940300
10.776162
11.038430
10.860200
10.977336
11.081503
11.070262
10.900823
10.805790
11.018701
10.915984
10.935646
11.038452
10.818958
10.952485
11.116978
10.973995
11.026178
10.969686
10.848850
10.962765
11.013470
10.915908
10.758399
11.143953
11.055202
11.095104
11.186837
10.888057
10.865298
10.960517
10.964173
11.062726
11.036227
11.078497
10.945136
10.842385
11.084374
10.944953
10.935650
11.105390
11.075636
10.996995
11.083130
10.925978
11.098562
10.876337
10.849550
10.723939
11.168827
11.051648
11.001901
11.010136
10.965980
11.119147
11.071029
10.929987
10.799691
11.037457
10.937685
10.851373
10.957910
10.845197
10.903473
10.974696
11.015603
10.962832
11.030646
10.824722
10.925919
10.777563
10.915075
10.840124
10.886630
11.118271
11.001008
11.052204
10.966634
11.064099
10.886006
10.998931
10.922055
10.790733
10.898029
11.083333
10.933955
10.960056
10.956618
11.017210
10.843496
10.932052
10.959139
10.928343
10.856086
11.053421
10.998607
11.344079
10.840426
10.931901
10.879904
10.879960
10.884138
10.967851
11.181735
10.908233
10.860066
10.938967
10.853690
10.811527
11.033656
11.091551
10.905186
11.030436
10.932279
10.976655
10.995695
10.835681
11.028936
10.932647
10.801988
11.033905
11.021525
10.823890
11.036389
10.980110
10.868791
11.101700
10.886967
10.863470
11.054006
11.016765
10.823824
11.114274
10.841918
10.907783
11.149486
10.898283
10.968302
11.080954
10.928971
11.078444
10.855505
11.066854
10.977962
10.927405
10.984805
10.976208
10.898632
10.828563
10.843387
10.870911
11.018824
11.091034
10.978174
11.035956
10.945933
10.994597
10.799083
10.683689
11.047928
10.983131
10.840920
10.958916
11.031011
10.923229
10.917413
11.051646
10.864355
10.881073
10.938248
10.878578
11.002921
10.977005
11.161980
10.930006
11.097637
10.933576
11.000905
10.939630
10.889415
10.848636
10.938645
11.029065
10.935520
10.913660
11.103226
11.093898
10.899318
10.922065
10.907464
11.032436
10.825361
10.943873
11.083358
10.918265
10.988554
10.861758
10.886108
11.034311
10.954199
10.884343
10.990091
10.913940
11.023236
11.128980
10.990856
10.873008
11.082078
11.030109
10.908113
10.802676
11.000944
11.031352
10.963563
10.880761
11.103396
10.963205
10.976586
10.849923
11.114611
10.898116
10.906140
-4.351286
-4.379907
-4.228464
-4.387985
-4.500626
-4.276049
-4.364565
-4.270336
-4.420504
-4.184161
-4.374842
-4.356398
-4.382435
-4.339191
-4.338881
-4.461042
-4.461325
-4.352646
-4.418336
-4.440077
-4.309108
-4.298667
-4.337943
-4.330367
-4.425236
-4.350888
-4.341158
-4.419208
-4.243281
-4.422684
-4.455898
-4.290799
-4.356610
-4.438013
-4.530180
-4.409792
-4.395348
-4.359931
-4.510300
-4.153065
-4.416129
-4.329968
-4.343773
-4.377597
-4.543015
-4.293351
-4.231955
-4.256112
-4.346970
-4.382235
-4.334161
-4.371384
-4.440840
-4.548328
-4.523054
-4.294140
-4.483405
-4.495048
-4.326543
-4.252482
-4.338674
-4.331993
-4.479700
-4.490088
-4.262999
-4.262037
-4.285348
-4.511196
-4.304295
-4.450688
-4.484947
-4.359218
-4.386782
-4.593157
-4.420564
-4.418933
-4.582586
-4.341139
-4.391787
-4.394396
-4.372865
-4.346058
-4.363934
-4.393019
-4.441687
-4.373042
-4.356058
-4.447268
-4.410643
-4.263412
-4.301134
-4.505890
-4.290858
-4.368198
-4.183256
-4.312231
-4.410723
-4.410087
-4.434982
-4.357074
-4.177384
-4.348681
-4.139275
-4.409672
-4.438339
-4.248105
-4.335269
-4.383894
-4.465526
-4.479911
-4.184977
-4.257167
-4.364507
-4.388537
-4.493768
-4.502798
-4.484810
-4.367115
-4.568231
-4.424341
-4.381369
-4.631066
-4.400176
-4.393968
-4.366437
-4.523763
-4.398664
-4.260355
-4.430714
-4.264372
-4.415146
-4.353435
-4.393938
-4.438781
-4.405254
-4.330992
-4.587122
-4.389686
-4.363435
-4.307999
-4.476467
-4.516029
-4.537693
-4.508186
-4.389370
-4.362109
-4.393499
-4.234357
-4.353119
-4.459759
-4.342261
-4.119372
-4.346685
-4.345641
-4.196683
-4.516073
-4.383236
-4.389651
-4.492259
-4.407083
-4.388321
-4.251238
-4.327830
-4.282034
3.347143
3.346179
3.272905
3.481464
3.126827
3.422767
3.233727
3.264186
3.134941
3.331241
3.068649
3.313757
3.424727
3.282728
3.178443
3.251592
3.358210
3.169165
3.344160
3.332197
3.111509
3.294745
3.364450
3.174148
3.360238
3.264984
3.162320
3.397526
3.142619
3.218939
3.381834
3.207288
3.168620
3.264924
3.233717
3.209458
3.326107
3.296234
3.235032
3.454268
3.408809
3.196479
3.381308
3.377736
3.231761
3.224799
3.169245
3.212637
3.382971
3.364458
3.355983
3.262429
3.342793
3.123515
3.295783
3.247838
3.431835
3.332280
3.265759
3.289059
3.290420
3.234250
3.212856
3.383363
3.545036
3.250603
3.363665
3.250798
3.149542
3.337416
3.268099
3.271332
3.298697
3.267479
3.194888
3.218485
3.389985
3.384880
3.368604
3.195622
3.319471
3.226750
3.119198
3.384665
3.438932
3.261246
3.483481
3.396243
3.262009
3.188555
3.289686
3.385718
3.324009
3.139436
3.392539
3.352708
3.148066
3.131748
3.192572
3.449067
3.346745
3.143235
3.241766
3.311729
3.304361
3.276998
3.208997
3.324855
3.367293
3.256199
3.274741
3.281176
3.171477
3.399276
3.274874
3.264025
3.509759
3.505404
3.226761
3.301034
3.216132
3.305652
3.336948
3.178371
3.075953
3.259478
3.254770
3.268511
3.284301
3.295159
3.490668
3.314906
3.310084
3.378016
3.351867
3.240706
3.188524
3.326014
3.179045
3.381846
3.452718
3.300441
3.328002
3.208462
3.281853
3.449251
3.263713
3.364840
3.233982
3.319648
3.522977
3.408878
3.511254
3.432017
3.191713
3.313305
3.216898
3.269648
3.294206
3.346339
3.289269
3.360387
3.150273
3.381636
3.371127
3.366785
3.408256
3.378935
3.253603
3.220816
3.390992
3.360277
3.236683
3.214102
3.219145
3.201066
3.067147
3.360959
3.149507
3.262924
3.388676
3.387351
3.234341
3.324457
3.357934
3.273027
3.177400
3.425577
3.409649
3.191364
3.391579
3.172220
3.180913
3.184063
3.177602
3.256368
3.186844
3.182367
3.302019
3.427054
3.391122
3.362481
3.209764
3.168865
3.202178
3.296009
3.120323
3.187767
3.268352
3.403013
3.111312
3.423482
3.203962
3.299316
3.271961
3.311907
3.348977
3.435658
3.388855
3.189953
3.125292
3.432478
3.332669
3.399532
3.298837
3.239757
3.519541
3.047246
3.389886
3.304803
3.388761
3.351060
3.385831
3.297612
3.256645
3.436532
3.313954
3.295971
3.179225
3.393061
3.161686
3.111047
3.345442
3.218912
3.214508
3.405050
3.183974
3.181262
3.356872
3.386850
3.409012
3.227010
3.368827
3.118910
3.244139
3.419703
3.127101
3.407112
3.066083
3.399653
3.272247
3.149850
2.978993
3.160972
3.437294
3.398687
3.158388
3.323982
3.217635
3.373931
3.396927
3.130301
3.156829
3.042727
3.299012
3.216528
3.320188
3.252678
3.386255
3.450163
3.105522
3.377737
3.325185
3.178613
3.387209
3.264966
3.199758
3.554521
3.080375
3.196449
3.093243
3.453258
3.250315
3.271893
3.245040
3.308394
3.438484
3.306522
3.457494
3.132808
3.361191
3.325586
3.149905
3.283289
3.188728
3.275928
3.328253
3.268854
3.248229
3.276254
3.288084
3.365044
3.338920
3.313093
3.384416
3.280471
3.361148
3.206985
3.144756
3.242215
3.394040
3.188821
3.190816
3.492971
3.128686
3.175302
3.333404
3.324897
3.200370
3.359702
3.314662
3.154778
3.135970
3.370232
3.343055
3.375091
3.300372
3.316610
3.237204
3.343776
3.053266
3.396948
3.444722
3.277502
3.352873
3.275564
3.268429
3.315318
3.479566
3.384514
3.255263
3.418346
3.295068
3.277264
3.412043
3.506176
3.023248
3.279479
3.229343
3.268071
3.322060
3.418022
3.151199
3.495769
3.168549
3.372697
3.188478
3.406309
3.370866
3.024806
3.483644
3.148516
3.479798
3.201198
3.393133
3.474826
3.146393
3.227069
3.318513
3.385653
3.283117
3.393678
3.481786
3.398231
3.329892
3.308411
3.390548
3.080473
3.055634
3.284845
3.285109
3.354987
3.245493
3.248976
3.286998
3.163482
3.348153
3.473046
3.405261
3.358748
3.339354
3.160683
3.121474
3.409276
3.283928
3.285018
3.409329
3.359487
3.283033
3.192380
3.383952
3.202969
3.399040
3.279489
3.336373
3.226105
3.268248
3.172442
3.164461
3.182990
3.258289
3.249311
3.330257
3.499982
3.188552
3.550712
3.416913
3.341374
3.293457
3.433977
3.396372
3.372481
3.212814
3.469908
3.308125
3.356543
3.309725
3.233280
3.359285
3.350709
3.286119
3.344374
3.407385
3.350741
3.078648
3.155818
3.291200
3.218995
3.094059
3.196909
3.321973
3.330718
3.036404
3.434933
3.293208
3.174395
3.301861
3.299367
3.122075
3.305889
3.259108
3.251141
3.284469
3.257981
3.148783
3.274920
3.391890
3.279243
3.175576
3.338902
3.378957
3.331432
3.194049
3.394220
3.259736
3.317066
3.167201
3.383798
3.346648
3.318165
3.328903
3.275687
3.434495
3.245467
3.253988
3.470048
3.342441
3.382335
3.252359
3.339740
3.305065
3.225870
3.285244
3.373317
3.302620
3.297333
3.221841
3.421834
3.330642
3.142683
3.263033
3.364765
3.275459
3.450443
3.191924
3.179163
3.256086
3.064145
3.280862
3.245572
3.332415
3.238962
3.369507
3.270665
3.355495
3.209922
3.376540
3.326007
3.325932
3.390123
3.334942
3.197958
3.317619
3.370390
3.497912
3.350353
3.287559
3.351638
3.213616
3.198768
3.298939
3.269891
3.272766
3.397180
3.280135
3.187459
3.436991
3.268285
3.328427
3.334723
3.435710
3.321224
3.351282
3.459890
3.265023
3.313990
3.416422
3.197113
3.404985
3.221377
3.348605
3.148990
3.402051
3.328454
3.196704
3.373533
3.150789
3.332482
3.307911
3.372042
3.256603
3.394705
3.264896
3.463454
3.202493
3.355928
3.221849
3.476902
3.493008
3.290334
3.172992
3.282727
3.262893
3.313571
3.327680
3.324102
3.342278
3.271551
3.166500
3.252981
3.206268
3.219318
3.150960
3.252174
3.307997
3.488551
3.325621
3.123651
3.207055
3.115590
3.207462
3.234638
3.284410
3.225002
3.307277
3.188560
3.291012
3.378499
3.172044
3.277467
3.251067
3.139134
3.401580
3.008605
3.448057
3.347759
3.317145
3.348553
3.396253
3.130183
3.459582
3.297704
3.368924
3.245778
3.274574
3.253407
3.357398
3.270915
3.171257
3.125539
3.407142
3.237875
3.377506
3.155168
3.435225
3.380095
3.296168
3.376603
3.370916
3.331968
3.332880
3.190915
3.314053
3.238577
3.173670
3.332199
3.249449
3.368818
3.359682
3.204310
3.343205
3.543291
3.368575
3.296079
3.271826
3.247384
3.263026
3.153498
3.285980
3.420931
3.154476
3.204255
3.241102
3.332922
3.354301
3.102921
3.288384
3.226487
3.249600
3.034675
3.193881
3.209706
3.227374
3.305400
3.093356
3.402998
3.144837
3.303670
3.166770
3.128348
3.158417
3.442980
3.409297
3.158059
3.285036
3.198070
3.303047
3.111828
3.369543
3.386684
3.373753
3.308009
3.198930
3.392838
3.217555
3.459609
3.280699
3.321045
3.368770
3.268212
3.261861
3.348635
3.133234
3.205392
3.328983
3.247367
3.403793
3.172997
3.267388
3.244087
3.362401
3.168740
3.270425
3.203292
3.378930
3.473063
3.159706
3.273924
3.245585
3.283182
3.443350
3.329149
3.211445
3.250431
3.224032
3.266405
3.446923
3.206175
3.433184
3.327865
3.347131
3.418571
3.198352
3.226713
3.398577
3.411275
3.213286
3.061896
3.393471
3.274409
3.290981
3.219527
3.487994
3.193527
3.231744
3.465975
3.284549
3.403976
3.166513
3.344733
3.270244
3.379885
3.229465
3.295041
3.279118
3.231070
3.272069
3.390338
3.214803
3.282625
3.117180
3.588754
3.182302
3.333839
3.392665
3.352173
3.422302
3.281871
3.136509
3.322519
3.341332
3.285036
3.239256
3.132980
3.275826
3.183726
3.269952
3.402959
3.220541
3.124032
3.302393
3.184067
3.269209
3.267108
3.362662
3.207806
3.134112
3.333105
3.249840
3.117953
3.297775
3.221263
3.321352
3.254147
3.498068
3.381527
3.122716
3.402676
3.322801
3.211472
3.314993
3.262139
3.272910
3.207131
3.361225
3.321925
3.331419
3.285149
3.176606
3.360852
3.323340
3.335329
2.998247
3.175995
3.272529
3.276338
3.226643
3.272275
3.332994
3.243420
3.165085
3.378736
3.187932
3.298483
3.204041
3.201448
3.339574
3.357155
3.232071
3.394732
3.137305
3.277776
3.254351
3.342002
3.327269
3.367350
3.324670
3.246793
3.351861
3.329489
3.159274
3.254939
3.471878
3.231714
3.136060
3.317328
3.265262
3.221694
3.330109
3.292765
3.200742
3.193629
3.228839
3.528904
3.246521
3.307954
3.251301
3.330103
3.355641
3.259877
3.313095
3.463155
3.231805
3.379566
3.323307
3.363300
3.298836
3.288187
3.154058
3.255745
18.810258
19.126857
19.000630
19.127661
19.085015
18.937231
18.861425
19.045913
18.963023
19.068383
19.166138
18.906734
19.201347
19.131488
18.972753
18.860568
18.997536
19.079309
18.928101
19.083582
19.037304
18.853660
19.224940
18.914058
19.088861
19.025473
19.062901
19.270214
19.113165
19.080336
19.004758
19.151319
19.168367
18.966856
19.139251
19.018401
19.127339
18.991802
19.211983
19.181248
19.002400
19.060596
19.259067
19.181710
19.068774
19.054801
19.029063
18.953206
18.974145
19.032097
19.036051
19.009938
19.019498
19.083024
18.931803
18.986319
18.960464
18.842848
19.151192
18.841689
19.114854
19.113582
19.091454
19.015927
18.992382
19.078190
18.934135
18.859297
18.982007
19.001067
19.030886
19.061146
19.038067
19.041559
18.901411
18.783307
18.977332
19.126130
18.969636
19.022900
18.941418
19.246342
18.959961
19.042321
18.934216
18.950678
19.028434
18.898998
18.889089
18.971763
19.079540
18.971933
18.943280
18.956207
19.052563
19.198626
19.101565
19.239285
19.035097
19.094791
19.017499
19.079866
19.072069
18.950221
18.963856
18.887768
19.189254
19.048987
19.139894
19.113710
19.080628
18.906506
19.011168
19.026386
18.884293
19.141025
19.036997
18.995628
18.925553
19.045955
19.029497
19.146597
18.884739
19.132752
19.127025
19.146206
18.987923
18.844529
19.204812
19.107091
19.198610
19.037539
19.074055
19.009282
19.113607
19.168810
19.032725
18.993280
19.177346
18.920895
19.033758
19.187794
19.309088
18.996909
18.927993
19.272441
19.069124
19.137404
19.024390
19.138962
18.950620
19.026459
18.940439
19.068874
18.912341
18.893945
18.958392
18.853082
19.028853
19.000453
18.870061
18.874762
18.905766
18.979765
18.753832
18.981300
18.919732
19.019963
18.990605
18.884866
18.865143
19.097411
19.220647
18.915762
19.066934
19.152405
18.965839
19.098040
19.147141
18.966386
19.080365
18.916023
18.997881
19.103030
19.141298
19.022379
18.954409
18.854601
19.068826
19.094853
19.065262
18.883823
19.028106
19.189644
18.931398
18.973207
19.131824
19.022341
18.950227
19.005169
19.019023
18.967961
18.969797
18.855156
19.156570
18.959232
19.145608
19.000432
19.063661
19.146656
18.897099
19.107987
19.004944
18.911502
19.104750
18.940819
19.156706
18.923154
18.931746
19.154982
19.066979
19.160224
18.995166
18.924990
19.043632
19.140578
19.071211
18.835024
19.276364
18.916560
18.986891
18.806689
19.138630
18.893582
18.985213
19.037971
18.957385
18.917434
19.100578
19.078691
18.932654
18.929660
18.924163
18.904512
19.004832
19.056962
18.990624
19.076721
19.055817
19.007313
19.061372
18.990886
19.135662
19.029406
18.909327
19.096389
19.095970
19.096185
18.944489
19.037382
18.986703
19.075087
19.024259
19.101063
19.077941
18.941628
19.059303
18.873381
19.183726
18.887436
18.994992
19.003641
18.840264
18.930900
19.055960
19.183116
19.043564
19.185990
18.995980
19.100299
19.077687
19.069096
19.053470
18.864190
19.159107
18.966085
19.091499
19.078351
19.090060
19.021602
18.952682
18.953156
19.013269
19.079835
18.814582
19.157309
18.929790
18.998632
19.146798
19.063276
19.191358
19.081976
18.995940
19.060011
19.007462
18.980756
19.165748
19.127207
18.929892
18.955537
19.116143
19.149342
19.025001
19.113214
19.051563
19.038435
19.062737
18.903277
19.076447
18.952123
19.057682
18.973401
19.017675
18.792715
18.819124
19.126972
18.905256
18.885839
19.055127
19.022491
19.045737
18.889163
19.001741
19.198235
19.105680
18.984018
19.105001
19.102290
18.970972
19.073362
19.084850
18.981015
19.116096
19.181903
19.011743
19.035577
19.056983
18.902253
18.857855
19.122485
19.047512
19.178376
19.100644
19.147938
18.839501
18.836625
19.028159
18.993320
18.952434
19.195121
19.206234
19.013613
18.987858
19.205283
19.097393
18.804597
19.192541
19.090225
19.065470
18.959272
19.114682
18.999483
19.149958
19.117066
19.275650
18.962758
18.888847
18.903436
19.045765
19.115420
18.922040
19.075453
19.048686
18.942805
18.986832
19.099007
18.914784
19.045713
18.807475
18.975495
18.953515
19.059410
19.091601
19.010899
19.036938
18.714530
19.027350
19.080738
18.953361
19.139911
19.016942
18.986394
18.894340
18.922461
18.901690
18.959581
19.040816
18.969611
19.076938
18.814162
18.978266
19.163507
18.993164
19.054053
19.059829
19.041532
18.853778
19.009011
18.953368
18.929596
19.040994
19.208947
19.015194
19.021447
18.994699
19.111646
19.111406
18.999317
18.993839
19.234844
19.000999
19.037621
19.063767
19.106027
19.057033
18.998331
18.946305
19.159565
19.067100
19.087996
18.961070
18.989139
18.940550
18.957513
19.115480
19.151032
19.024846
18.877129
18.969257
19.067217
7.617638
7.694925
7.662037
7.749042
7.535091
7.599350
7.812066
7.660067
7.775632
7.787124
7.451484
7.697135
7.528779
7.675089
7.748986
7.593210
7.690362
7.749179
7.595041
7.706624
7.668419
7.789978
7.696278
7.721103
7.601759
7.617810
7.729587
7.613654
7.810830
7.732224
7.540695
7.661960
7.748181
7.677802
7.640364
7.761041
7.555663
7.765618
7.717057
7.878541
7.697172
7.561289
7.684547
7.602551
7.623001
7.721040
7.818622
7.663709
7.689214
7.659470
7.724760
7.735775
7.639991
7.702203
7.703520
7.657852
7.823846
7.606529
7.563426
7.815740
7.647996
7.707769
7.490884
7.765067
7.768519
7.724718
7.707093
7.603899
7.747700
7.585954
7.725197
7.685051
7.861228
7.585442
7.689746
7.685798
7.598456
7.854743
7.653328
7.623047
7.749701
7.599712
15.322029
15.408322
15.355675
15.248139
15.413381
15.322980
15.550206
15.386532
15.264108
15.454595
15.351505
15.469632
15.106733
15.264814
15.086853
15.315955
15.313405
15.296917
15.267871
15.431899
15.138579
15.242194
15.322756
15.228910
15.280157
15.293255
15.379850
15.350649
15.407594
15.506938
15.300253
15.064411
15.437942
15.321481
15.297444
15.464141
15.410198
15.340818
15.342221
15.512097
15.295820
15.336164
15.516122
15.358635
15.236008
15.430379
15.457969
15.306647
15.320107
15.334900
15.456671
15.228017
15.341861
15.368203
15.449823
15.374695
15.381077
15.297463
15.281023
15.162739
15.265528
15.529692
15.300592
15.235971
15.477954
15.255036
15.470560
15.357034
15.380627
15.246760
15.278862
15.361437
15.269685
15.314654
15.288312
15.453006
15.258246
15.302139
15.359025
15.418620
15.387502
15.439196
15.382506
15.209811
15.234887
15.217868
15.457368
15.278684
15.327698
15.316062
15.323692
15.513850
15.300358
15.371129
15.434353
15.487945
15.550868
15.372176
15.306705
15.432332
15.227084
15.419737
15.206388
15.410759
15.411987
15.304015
15.296606
15.444554
15.262689
15.251313
15.362024
15.374552
15.305193
15.297993
15.423737
15.295424
15.303063
15.225919
15.361421
15.293101
15.451051
15.300201
15.246870
-0.105022
-0.010217
-0.077172
0.151835
-0.105099
-0.131406
0.165157
0.115665
-0.016417
-0.002290
0.014032
0.044429
0.053230
0.009105
-0.008148
-0.077887
0.302015
0.065878
0.034395
-0.100345
0.141239
0.147695
0.006947
0.096664
0.062564
0.011449
-0.090214
0.099398
0.245239
-0.007567
0.045434
-0.102511
-0.067640
0.228006
0.029385
-0.115532
-0.009444
0.081441
0.109739
-0.141184
-0.024088
0.128501
0.019043
0.027791
0.116264
0.032183
-0.008952
0.029871
-0.023116
-0.123465
0.011179
-0.062667
0.009933
0.022551
0.006763
-0.106223
-0.089257
-0.112137
-0.168582
0.056408
-0.005393
0.108485
-0.022714
0.138455
0.004807
-0.080693
0.025230
0.127305
0.023410
0.135468
-0.109639
-0.026812
0.018609
0.042923
0.009064
0.233786
0.044042
0.096725
0.034893
0.034811
-0.082870
-0.118427
0.003169
0.090268
0.050401
-0.025380
0.032597
-0.097167
0.039333
-0.035190
-0.134742
-0.088614
0.114785
0.051209
0.036460
0.004579
0.017459
0.168072
-0.219212
-0.079415
-0.116865
-0.127093
-0.093219
0.074728
-0.110387
0.121356
-0.092158
-0.194973
0.126009
0.090173
0.054941
0.197160
-0.007549
-0.135659
-0.078373
0.053686
0.011878
-0.157752
0.036493
-0.075185
-0.107410
-0.016573
0.006665
0.005525
-0.121515
-0.082783
-0.072495
-0.051987
0.029887
-0.014427
0.025608
0.143227
-0.147648
0.055782
0.032666
-0.090964
0.029112
0.083400
-0.085988
-0.013388
-0.059267
-0.050104
0.051565
0.015317
0.104641
-0.034156
-0.002403
0.011680
0.106625
0.014889
-0.178025
-0.091526
-0.095949
-0.017120
0.084539
0.146031
-0.049018
-0.066104
-0.123249
-0.030195
-0.086811
0.122604
-0.059208
0.041081
0.021990
-0.104852
-0.177077
-0.034776
0.161762
-0.214786
0.071077
-0.135990
0.012826
-0.072451
0.018700
0.172806
0.055435
-0.053286
0.022628
-0.090156
0.159521
0.046933
0.139316
0.114790
-0.081900
0.065510
-0.086737
0.219369
0.184956
-0.107725
-0.009975
-0.052535
0.038210
-0.139150
0.013579
0.076962
0.067748
0.223510
0.068295
0.086944
-0.055372
-0.189186
-0.218677
-0.043177
0.048291
-0.195962
-0.093738
0.032902
-0.020494
0.007278
0.179178
0.036671
0.085638
-0.026746
-0.015585
-0.067077
0.103296
-0.087021
-0.032005
-0.052211
0.014560
0.193720
0.091858
-0.062434
-0.175563
-0.050355
-0.094243
-0.014597
0.046416
-0.128288
-0.007933
0.030236
0.037581
-0.012642
-0.002679
-0.012040
0.114160
0.101325
-0.210490
-0.029883
0.193771
0.199346
-0.044284
0.109423
0.071526
-0.022031
0.041098
0.083530
-0.019802
0.085588
0.119320
0.020314
0.156449
-0.043053
0.108996
0.088835
0.070611
-0.030090
0.094793
-0.028945
0.040311
-0.197605
0.028025
-0.107871
-0.165045
0.102990
-0.053032
-0.030615
0.156502
-0.007436
0.040899
0.120390
-0.042980
-0.092526
0.053124
0.043174
-0.214661
-0.032153
-0.053235
-0.051737
-0.071795
0.052448
-0.027022
-0.092433
0.002591
0.046723
0.040722
-0.014175
-0.157850
-0.153097
0.089195
-0.238519
-0.029812
-0.041966
0.108156
0.024844
-0.033682
-0.015509
-0.021594
-0.041077
0.078364
0.006428
-0.073636
-0.018908
0.006577
0.056517
0.159439
-0.060961
-0.176451
-0.076398
-0.139018
-0.089891
-0.006248
-0.069334
0.145021
0.093327
-0.152687
-0.120168
0.004366
-0.099135
-0.097696
-0.057546
-0.054993
-0.014954
0.086339
0.071004
-0.005241
-0.169094
0.100535
0.004811
-0.049654
0.126475
-0.093535
0.099850
0.090548
-0.003020
0.141965
0.028955
-0.002200
-0.136797
0.025574
0.029530
0.029699
-0.024367
0.043240
-0.085087
0.133311
-0.073905
-0.061528
0.125393
0.171800
-0.059225
0.261324
0.112296
-0.044148
0.004878
0.119315
0.081899
-0.002043
-0.200018
-0.206360
0.093100
0.130840
-0.321633
0.010596
0.094230
-0.149550
-0.035271
-0.091117
0.033574
0.070244
-0.105837
0.078462
0.171698
0.130576
-0.108299
0.033313
0.034329
-0.004876
-0.148479
0.141501
0.111617
-0.059568
0.075199
0.105862
0.134278
0.174164
0.115857
0.087934
-0.144490
0.246717
-0.031778
0.144213
-0.007952
-0.040171
0.022816
-0.057785
-0.032309
-0.194063
0.078917
0.081801
0.066967
0.027558
-0.057303
0.098101
-0.044454
-0.083986
-0.032113
-0.037195
-0.031185
0.062893
-0.010638
0.086263
-0.143496
0.269796
0.093999
-0.090791
-0.003342
0.072140
-0.183990
0.059808
0.037657
0.178865
0.064047
-0.051425
0.070465
-0.126400
-0.110573
0.021366
0.024405
-0.059753
0.014187
0.019949
-0.199048
0.068571
0.120515
0.071736
-0.159191
-0.009579
0.177695
0.098698
0.003636
0.042636
-0.016471
-0.091527
0.056043
0.166629
0.145296
0.027318
-0.117571
0.155119
0.154093
-0.023941
0.130342
0.214308
-0.029224
0.116248
-0.064942
0.028918
-0.017647
0.039544
0.073302
-0.005248
-0.251549
0.078243
-0.016776
-0.098579
0.000626
-0.093676
0.088306
-0.007162
0.150286
0.116858
0.134554
-0.005818
0.031913
-0.078424
0.055059
0.200725
-0.097869
0.063488
-0.030684
0.164059
-0.098739
0.024135
0.113661
0.120332
-0.035961
-0.062346
-0.085642
-0.072784
0.019855
-0.078046
-0.087736
-0.004228
-0.008895
0.126735
0.141245
-0.161538
-0.050491
-0.073295
-0.045530
0.132722
-0.182616
-0.052266
0.050858
0.008922
0.009828
-0.099550
0.014045
0.111615
0.069233
-0.030067
0.032905
0.090926
0.152516
-0.173668
0.040455
0.066711
0.180649
0.065167
-0.011360
0.068092
0.039114
-0.084557
-0.124950
0.038041
-0.123184
-0.054749
-0.040420
0.055163
-0.121758
-0.053872
0.162013
0.005864
-0.098974
-0.132498
0.096606
0.011450
0.122629
-0.000828
-0.006324
-0.123119
-0.108232
0.100447
-0.050637
-0.184220
0.156793
-0.105755
0.031799
-0.024688
0.189479
-0.231955
0.033892
0.060142
-0.023597
-0.125265
-0.003382
0.034934
-0.032107
-0.001759
0.139653
0.169191
0.111393
-0.018500
-0.031500
0.203372
-0.032107
0.036055
-0.101314
-0.010140
-0.063231
0.050972
0.175060
-0.084604
-0.161017
-0.085989
-0.009076
-0.235081
0.071414
0.001349
-0.008893
0.085589
-0.012684
-0.143145
-0.089315
0.028104
-0.082929
-0.053608
-0.140305
-0.003702
0.038751
0.070545
0.002142
0.082607
0.055712
-0.072333
0.095402
-0.078359
-0.029904
0.125183
0.146639
-0.070044
0.085830
-0.010430
-0.043357
0.069764
-0.061742
-0.042053
0.070484
-0.198375
-0.013344
-0.042686
0.063279
0.024070
-0.048867
-0.186070
0.083886
-0.011569
-0.050610
0.119726
-0.110672
-0.072567
-0.127527
0.046475
0.104099
0.032818
-0.021918
0.058070
-0.132823
-0.128017
-0.250563
-0.162883
0.082519
-0.062358
0.171286
0.102940
-0.168273
0.040197
0.010884
0.040102
0.087497
-0.096256
-0.054850
0.154596
0.084591
0.106994
0.113183
-0.005693
0.031540
0.096717
0.040036
-0.052196
-0.036505
0.018766
-0.050845
-0.047055
0.083955
-0.079193
-0.223230
0.117312
0.004476
0.233513
0.013311
0.019207
0.009938
0.075425
-0.126317
-0.033228
-0.094521
-0.022069
0.062664
-0.156080
-0.041113
0.015719
-0.137026
-0.014829
0.032642
0.185112
0.018913
0.097829
-0.026571
-0.032448
0.061203
-0.006626
-0.019978
0.110594
-0.074510
0.112034
-0.120059
0.135591
0.050910
0.103214
-0.019800
-0.006478
-0.014596
-0.035220
-0.128495
0.105437
0.131652
0.000189
0.037985
0.070688
0.142072
-0.203642
0.023617
-0.147830
0.170876
-0.010881
-0.018800
0.127954
-0.026978
0.037403
-0.031307
-0.154866
0.123259
0.029253
-0.003724
0.049125
-0.039159
0.151952
-0.066382
0.105346
0.031469
-0.153840
-0.222907
-0.043054
-0.032300
-0.029312
0.055480
0.000934
-0.121020
0.116895
-0.091540
-0.067464
-0.068565
0.114202
0.398452
-0.040060
-0.020304
-0.062276
-0.163172
0.033506
-0.085410
0.199896
0.019423
-0.084404
-0.057000
-0.231303
0.047768
0.092270
-0.025642
-0.136566
0.017716
0.080703
-0.107160
0.032174
0.013234
-0.050525
0.110386
-0.135749
-0.131305
0.018754
-0.051857
0.024398
0.198035
0.097998
-0.122083
0.126210
0.048207
-0.214119
0.044044
0.007492
-0.115944
0.112343
0.086963
-0.028217
-0.102575
-0.049458
