-3.264474
5.892195
2.454328
-3.419358
-0.976984
4.005428
10.165866
5.108028
-0.670900
-6.359481
-3.639069
-5.003584
-8.618049
8.810632
7.794692
3.756808
2.265697
-8.837364
5.350165
-2.040278
2.843855
6.337956
-3.760733
-6.566387
3.144882
4.095809
7.446258
-2.391681
-3.481651
-5.187197
1.148885
-0.344755
-7.109621
4.122894
-3.856760
3.395151
-4.837816
1.707268
5.011238
5.251444
0.238426
-4.199441
4.437890
-1.598854
0.694495
3.220648
3.159229
-6.009390
-8.379597
-6.505924
9.245756
5.079409
-1.106224
12.133203
5.026670
-2.621380
-4.738805
-5.428329
-5.312739
1.562689
-7.114754
-4.262356
18.595471
5.526649
-6.796556
-0.463713
-4.342884
10.556754
-8.812152
6.286365
5.385740
1.627328
5.227675
2.421148
4.471893
-7.952351
0.527369
6.970195
3.370177
3.993400
-3.569440
-4.112286
2.021663
-3.071510
12.105114
6.925594
4.131916
11.343498
-1.433822
5.324980
-1.900080
8.896399
-2.039211
7.140594
0.117439
-3.521878
3.250767
2.660601
0.285121
-3.136983
6.321989
-2.471951
-2.105800
10.180150
7.501593
3.332739
2.973526
-2.865515
0.300834
6.422436
-2.472776
3.484324
0.438292
-1.743595
-0.284328
0.352587
-0.982750
-1.617110
-2.933384
-7.337676
-2.998912
-0.947719
-0.095096
-1.851756
8.591132
4.951683
1.785088
4.266385
5.511537
-1.290659
-5.464167
2.116363
-0.386684
-2.045841
-0.800657
8.294583
8.128697
0.786489
6.687711
-0.497156
2.997872
-6.810119
6.177007
-11.587358
-4.074300
-4.080088
3.014865
1.423838
-5.525720
1.823917
6.372282
-9.250266
5.467975
-3.690809
-2.106608
10.829852
8.849378
4.753296
3.264551
-5.861676
-0.213552
-2.735336
-3.595530
3.089370
-4.016585
-1.785563
0.523352
-2.626282
4.464329
-4.446841
3.211168
-4.909547
7.523922
3.993463
9.096218
-6.734221
-3.869694
-0.085849
-1.402047
-10.726372
-4.348554
0.659854
-0.937283
-4.797310
0.417429
-7.089624
-8.619091
-0.235709
-7.252812
-4.738859
-7.385582
1.859674
1.799304
-3.874496
7.817613
6.527723
-5.522850
1.562770
-15.587151
-1.891411
-0.420685
8.489500
4.353644
-2.423159
9.390646
7.552386
9.216239
-9.249860
1.453793
5.261113
-0.252689
0.761814
-4.003193
-5.210186
0.724676
-3.669203
-7.276008
0.934310
-3.621463
4.708337
4.973068
6.367330
-10.868349
6.567445
-3.045131
2.915135
9.209748
-1.661883
-2.188390
1.041022
2.527417
-0.937368
-5.069286
6.240140
-6.030271
1.294905
3.302769
-4.185241
-1.094419
-5.142973
1.454998
-5.421454
1.002159
1.855467
0.843372
9.706152
-1.351539
-7.209878
-2.954464
-0.150567
0.890762
-5.699961
4.009870
6.881889
-4.045387
2.437776
3.963808
-5.885396
-6.474739
-8.053757
-0.720045
-4.782874
5.458863
0.378162
7.530629
1.168908
-9.110078
-4.282663
-0.936798
-8.104790
-4.311609
-7.073030
2.878511
6.543279
-9.785480
3.831683
-7.367502
-1.853144
7.707925
-1.513955
-3.843705
2.755295
-0.736297
0.903960
7.256846
3.634015
-4.974769
-6.574556
7.907661
6.290888
4.253361
6.304660
1.851545
-3.214086
-3.910744
-3.619404
-3.706547
-1.334156
-5.108637
9.312887
4.493314
-8.609301
1.740521
6.840693
1.167680
2.040757
-3.409962
-9.752363
-5.517297
-4.454945
5.007344
4.538670
6.398281
-1.709844
6.217494
-2.673221
6.315215
-2.516139
1.331433
-6.302909
-4.806927
-0.803558
-4.388668
-1.748786
2.513803
-0.459454
-0.316668
5.479784
1.437698
-9.277843
3.478029
6.907347
8.284692
-3.890235
-6.089818
5.788546
3.471964
-3.246798
0.782549
-1.361269
4.285988
8.218220
0.132365
-1.925978
-1.999305
3.872727
-3.077543
-1.175521
4.210091
1.847553
-5.939323
-6.165736
-5.346360
-5.520037
-2.939642
-7.420462
3.463901
-4.212827
13.612069
8.093029
-9.645519
-0.420397
-0.295662
0.328168
3.750765
-4.362504
0.777263
-2.782560
-2.053915
12.192025
-5.928535
-1.648856
-0.687721
1.246978
-2.345075
4.352754
2.477688
2.990603
-5.182511
0.005517
5.980306
1.018486
0.484182
15.861017
3.267542
-4.888897
3.064846
13.297144
-10.425606
-1.337604
1.494689
12.469320
-0.272210
3.012523
-0.008508
5.881928
-3.401070
5.568188
-3.383475
-1.038200
-7.403305
3.360883
-5.003306
2.703399
7.761152
4.648710
2.352650
-2.423728
-7.506337
11.164970
11.374833
13.000832
22.764709
15.586640
16.066386
14.138674
16.810968
13.297048
7.521925
12.955875
13.902364
15.282946
18.651505
7.875953
9.901158
20.183247
18.609032
14.889534
20.276010
14.284825
20.648077
13.868888
21.411294
11.499667
16.221282
6.746592
17.649809
22.857791
13.455530
20.384282
18.174120
14.154237
17.021672
19.772028
15.946278
17.452509
8.782750
13.259678
15.036225
6.504222
10.369202
19.070943
18.431140
21.810180
14.928661
13.459787
10.494536
2.007930
13.867324
11.663849
18.132588
30.928843
14.956393
9.717574
20.688634
18.730400
2.962637
9.115867
12.227136
11.551977
18.867700
16.859963
15.762839
13.104837
16.972485
15.043672
1.057524
11.781511
10.628160
9.146548
14.733312
15.091979
10.123326
20.932989
14.840961
18.912081
9.051701
13.544291
10.940805
17.862853
17.526644
13.169847
16.053534
13.613779
23.351649
14.570155
10.111634
14.657634
11.543024
19.685251
17.136216
14.642909
11.855011
14.196985
2.551649
19.023624
13.728838
19.706927
22.703749
2.091394
20.010628
17.036945
18.367530
15.220631
19.802241
14.204116
16.710131
17.293159
12.732612
20.257791
17.825270
15.484314
22.200294
14.254233
16.390309
16.403164
11.959037
21.303270
14.460130
11.861069
11.039709
4.899148
-5.052778
-15.525945
-8.679342
-6.737071
-5.671605
-7.747013
-2.207818
-10.234765
-7.126175
-1.748324
-0.552317
0.805728
-10.498159
-8.791821
-6.138456
2.106910
-6.461125
13.942265
-2.020383
-0.423737
-3.669901
2.962230
0.904573
-4.210262
-2.260189
-0.779863
-2.747566
-2.472483
-5.061408
-11.028430
-4.205081
1.474693
-4.724522
-0.300635
-4.619672
-12.487404
5.662255
-9.395676
-6.408857
-2.942043
1.546457
-3.842543
-2.642537
3.288060
-10.998329
-9.876254
-0.701321
-8.228480
-2.379205
-8.922516
-7.983099
-8.985727
0.224597
7.642386
-1.553883
-0.664965
-3.438420
-4.343136
1.201714
-7.053268
-7.943407
-6.856332
-7.062524
-1.944854
-7.361328
-8.857673
-10.340461
1.529271
1.188238
1.548560
2.855482
-8.365131
4.940922
-0.803780
-6.281274
-2.335724
-6.405166
-2.203838
-5.804990
-1.829801
-9.034362
-3.176018
10.249948
7.166895
5.938497
5.474600
13.403146
12.001092
3.110248
2.660958
10.567531
5.410092
9.490436
11.184766
10.629028
15.046725
4.991041
4.884562
9.846652
5.475779
2.415365
8.657377
-3.007179
6.507618
-1.355543
4.474967
2.634903
8.487460
1.988359
9.050622
-0.829529
15.180725
2.704651
12.636341
5.160665
-5.675819
9.121067
3.469166
3.564317
7.511088
-4.017252
5.506728
11.358597
12.367714
9.046025
16.941973
-0.725433
11.308735
12.463461
10.127482
4.675196
5.983207
6.939748
8.954134
0.063508
7.266959
-4.221057
3.864546
7.077421
15.215110
8.541580
10.111707
-1.780678
13.546585
3.128510
6.169447
5.321948
4.709916
16.481581
9.129254
10.406252
-0.926708
-3.206010
6.439641
5.049394
3.598752
6.288121
6.849137
14.623109
10.671304
6.616697
11.976482
9.941410
6.270062
7.875985
8.286329
7.849066
9.037340
7.417634
9.142082
9.569873
6.090727
2.758779
3.612288
2.899821
3.974959
6.297390
5.312605
11.200925
1.714504
8.265454
11.648082
11.692875
10.852069
13.012456
-2.707273
16.503601
4.915701
4.518210
6.546283
6.900420
3.312185
6.090533
14.531836
-3.095813
5.780168
11.399947
7.943316
9.086777
13.750460
12.763449
7.969413
11.095342
10.050785
5.704143
3.186046
14.271624
2.811186
-12.133837
1.925432
16.409994
-0.828958
6.892134
3.608965
-2.559053
13.023611
1.864673
7.198553
10.857833
-1.546198
4.113877
12.534547
8.780485
9.359039
13.690620
10.879259
15.487317
10.275115
7.743422
10.486135
9.312306
7.063976
7.893484
3.289911
3.852076
15.015661
11.076137
9.735244
-1.781453
10.279590
4.941885
6.862755
-1.554508
13.909113
8.410391
3.417433
3.363118
3.846971
5.586608
2.807161
8.493024
7.291028
-0.675721
15.915352
4.559925
6.958070
6.063406
15.513304
5.470911
-4.765174
9.315279
4.844953
5.996126
4.452376
3.432808
4.208153
-2.548872
8.694242
7.236659
20.892762
6.815381
5.807986
14.394747
8.444845
8.387265
7.597922
10.812480
1.825275
6.391327
5.119385
12.843285
-3.678896
20.071861
6.878524
14.606565
8.092482
7.190216
2.983139
-0.086257
8.869168
5.379419
6.652152
-0.929787
12.404784
-1.554863
9.397226
14.565069
7.231722
0.580388
9.862169
8.011415
14.490658
9.410812
9.234613
10.588266
2.075435
5.207595
11.355206
1.877230
8.269944
7.555037
-1.936093
14.731224
10.358877
3.691564
5.471832
12.356622
12.832687
10.061896
1.457745
11.048479
4.293220
9.247145
-5.644307
11.577676
10.994730
0.566262
12.014710
5.983387
15.119397
14.479380
-0.338597
9.147845
11.006039
5.266052
3.469121
3.917868
9.286533
9.819810
6.193325
1.060174
-1.519419
0.520928
6.895430
9.690600
9.422937
8.140000
-0.684423
17.592822
7.351505
4.748287
-0.941971
3.376538
4.688795
2.923567
-2.507687
1.232080
8.053946
4.175120
4.120625
6.405188
8.349266
0.808530
4.831503
12.587899
16.504669
8.209874
8.777907
8.065640
9.475490
1.561430
20.904653
4.067131
12.576516
4.933750
10.499956
9.777924
14.903928
3.867458
7.232653
10.341222
13.704589
0.961245
12.332251
14.671876
14.549776
8.997052
5.672281
8.792296
2.535915
2.608322
5.394527
15.402330
12.720790
4.163207
2.988263
11.999659
9.360206
7.324120
5.277105
6.083892
5.956120
14.949111
19.050045
3.128499
0.180593
8.634859
2.050890
11.546837
6.702225
-8.406780
-0.339031
-3.456731
-15.118873
-7.756318
1.540885
-12.109977
-16.806742
-6.698255
-4.300117
-1.203118
-8.961410
-11.693111
-4.346165
-14.889153
3.536062
-6.864918
-14.416109
-11.893818
-11.242560
-8.261600
-3.878724
-12.116815
-6.346306
-5.751795
-6.288601
-2.975843
-6.469195
-2.135787
-5.034226
-7.597439
-8.269188
-5.041199
-9.089746
-4.507508
-3.453103
-13.616043
-13.361236
-6.334903
-2.322419
-2.949617
2.307292
-6.985124
-11.269314
-16.353682
-12.295763
4.665290
-6.721298
-11.802528
-8.083968
-12.755996
-2.484236
-4.020860
-7.523157
-11.397856
-8.929089
-7.608858
-8.028809
-6.954793
-4.439099
-6.892996
-10.885620
-15.705991
-2.457131
-6.578798
-8.551579
0.694368
-5.746105
-8.628284
-12.427258
-12.910898
-10.476185
-13.712614
-11.966249
-8.862512
-2.134542
-3.848151
-4.596007
-14.478820
-8.471568
-11.320151
0.661844
15.214599
15.178344
8.369726
10.555969
16.219346
6.932173
17.180951
12.555189
8.177102
5.824268
13.135340
3.619906
8.068235
7.504135
6.410823
16.278746
11.824520
4.111651
16.755532
14.207248
16.631639
17.328818
10.110405
14.497823
16.559642
12.028513
14.131449
5.740817
9.620807
10.104289
11.251247
6.700131
14.069144
5.208258
3.796416
9.189405
-4.054279
11.402465
8.230190
19.402624
18.049012
6.373244
4.918884
17.083277
2.725462
7.435338
7.549137
24.030520
19.040451
4.101191
5.725620
13.008492
11.293610
11.863055
11.127874
8.968830
7.040263
20.505565
14.158298
4.513424
19.990782
12.083513
8.735167
10.544421
13.013540
5.527998
14.865565
13.388998
22.563396
12.935135
10.634214
7.383108
6.844881
19.059993
4.288559
9.667721
8.976262
14.658906
12.755189
-0.387282
5.882151
16.748077
17.071969
18.251100
14.114900
15.936242
14.245537
5.406088
20.642472
10.685439
14.478632
14.521537
14.891179
10.696712
4.418094
3.243065
13.694203
13.526996
15.467188
5.465780
10.471821
16.566097
0.814981
15.511286
16.456056
9.168324
9.130167
9.567885
9.711205
23.205236
16.958189
6.873947
3.346434
7.670039
3.508105
21.752180
20.339417
12.564847
12.401499
14.467695
6.224877
11.777826
1.987056
10.228928
6.554590
17.502446
10.555815
7.642445
3.745299
14.255238
11.028002
5.795057
9.511149
13.577611
3.644120
5.425146
10.840183
2.058677
14.427334
12.137478
13.607171
6.549712
14.294338
14.036272
9.283813
19.436379
10.564025
14.809199
11.793985
12.507350
20.532466
10.279079
7.101781
17.274884
2.024367
0.857059
5.932213
7.937786
14.895958
4.255442
-2.672845
10.424979
9.813213
16.992545
15.281644
10.598381
15.201006
9.276614
14.985898
1.760234
12.353812
5.800889
5.215952
5.939531
11.198097
5.212668
6.407022
9.787491
8.554042
7.466439
17.546531
13.822239
12.059150
11.206423
7.971831
20.825927
9.690257
10.100568
16.349669
15.241534
13.381703
7.510985
15.732424
16.739976
8.888380
19.804491
21.935652
14.654028
4.879773
5.269365
12.156787
6.709054
21.915093
6.767078
18.374512
19.307431
22.205375
4.184171
10.211176
15.464540
13.800391
8.671446
15.176458
13.381834
11.913242
10.127357
8.035947
12.988106
9.545338
14.968683
7.274987
11.589607
6.285291
10.708526
13.601692
9.781282
6.368294
9.418998
11.096955
13.328336
20.168481
8.928651
10.823459
14.163680
13.646107
13.330544
15.824259
6.505337
8.870010
-0.266889
11.982760
10.744849
12.721242
12.220264
15.150333
14.396560
19.503072
8.864010
16.207908
14.715485
6.025767
11.423376
15.633747
15.846069
4.503325
12.567554
7.105044
15.832010
10.061577
8.891791
9.339404
1.802822
10.668963
9.285950
14.580977
3.275945
9.830462
16.299523
10.399419
17.642774
11.206589
10.483866
10.506075
16.116593
1.701758
10.998889
18.860930
6.561616
13.251070
2.135429
6.908753
5.876676
22.538950
11.641407
6.603756
3.631586
8.973182
5.589511
13.876608
10.328397
5.664388
12.953680
10.722487
21.887128
11.042934
13.559747
11.577649
6.361077
10.438284
17.900307
6.540518
11.835952
16.516081
21.630291
16.870597
11.736933
12.632399
5.746145
16.122095
12.445131
9.386473
19.164030
3.822676
19.354962
10.632047
9.794817
4.142622
5.613278
15.331134
9.430771
11.808533
6.313205
5.518822
3.650343
10.073921
8.373571
11.096350
14.931217
15.933945
18.991672
6.168286
16.563697
12.455750
7.913771
13.143816
8.827531
8.894493
13.862084
9.895396
5.611696
8.214299
7.387957
19.110118
8.103667
7.069885
7.969607
14.297866
18.096142
6.601881
2.179077
13.937422
9.042320
7.189464
12.518338
7.978861
17.967539
9.180282
8.385111
6.798973
9.123424
12.348196
16.343863
13.368747
-2.183457
9.963518
4.848287
12.727704
8.920967
8.916004
-1.730754
10.056530
11.863843
-0.624011
11.793531
10.808440
19.764941
13.000913
8.314510
8.400233
21.026713
5.360410
5.428855
11.900878
13.864912
9.911035
13.829042
-0.294732
4.838104
6.000175
12.056472
19.638094
15.020847
8.915784
6.384211
9.544163
14.615420
1.370114
8.227939
10.574499
7.895323
24.028858
20.595953
10.323271
17.752107
8.474680
10.497157
15.996280
9.401552
4.906864
21.387201
9.826929
15.144181
17.139943
13.479722
15.414902
12.635624
8.000611
7.963802
5.781111
1.952900
11.777939
14.782603
9.717555
4.710109
11.130447
1.774715
15.913727
5.086392
15.100599
10.202397
11.162014
11.745630
17.963623
-3.741680
6.413667
10.557804
7.426635
16.874585
8.241138
7.650053
4.436920
19.166957
14.640073
5.824862
11.087346
14.958429
7.279089
12.267246
-5.596342
14.151379
13.335337
6.499786
9.074551
14.028698
15.590516
2.258716
20.606678
8.269133
2.808536
10.357715
8.898347
15.269366
14.860609
10.116396
1.473198
13.499815
14.033082
9.667798
13.360779
-0.413564
9.273897
12.156108
5.241809
10.693934
5.450617
5.763022
-2.209390
11.397960
15.313513
8.055523
7.620434
16.832196
6.711235
16.036125
8.986345
19.138717
12.118935
16.000548
9.006304
16.696731
18.764216
12.310957
4.686942
14.154096
8.193026
7.209116
16.433546
11.594681
9.756275
13.837893
14.475555
17.908462
11.180662
14.179197
8.298499
15.355556
6.420007
5.711873
19.490222
7.628285
9.010080
15.912418
4.008948
12.985020
17.951961
8.546756
12.483809
17.895288
11.235175
11.131752
12.210118
9.313638
6.448421
16.412830
17.458989
11.283500
9.783104
4.772023
6.164171
26.260488
6.033992
4.934603
4.345068
9.045162
8.433496
10.921724
14.671570
10.578230
16.236065
3.033775
13.609858
2.645394
15.272194
11.777888
3.847518
5.984261
7.204676
14.253744
11.313142
4.663543
19.617405
12.820760
2.509640
11.304586
19.041530
21.971881
10.236487
13.515644
2.142794
21.713658
10.955255
13.077607
13.191981
12.808652
7.634812
11.410866
4.481088
2.460161
9.724489
10.406654
16.181639
12.330401
18.659829
8.302192
3.919216
9.973717
7.686669
7.993187
8.739797
17.057287
15.143088
9.367765
4.771079
2.602478
13.349104
10.074837
11.397814
15.080977
11.708379
10.575602
15.380702
8.977493
20.632147
9.000988
14.551686
10.750649
9.236795
10.628005
14.163721
9.869729
9.466446
15.237105
11.475348
12.939889
8.210775
13.816678
11.073646
13.556655
10.027885
4.391802
10.702165
19.928714
7.825099
7.945046
-2.422061
-5.104504
0.082883
-4.464292
-9.403178
-2.669231
-6.987886
-12.200806
1.834249
-6.008736
0.610735
-7.586120
2.388054
-7.124733
-6.748457
-13.899050
0.071318
1.371979
-8.290350
-11.642022
1.147463
-2.735357
-7.017742
-4.040341
-7.829264
-4.486344
-3.190186
-6.388512
-4.046526
-7.242352
-4.787411
-4.965368
-7.444601
-2.448695
-3.561859
-0.314092
-3.076151
-6.613963
-8.103173
-7.582468
0.973404
-11.033362
1.659377
-6.207986
-0.502807
-7.940295
-6.569048
-11.477059
-1.627207
1.121143
-13.530829
-0.117151
3.129222
-11.082663
-4.500608
-2.673999
1.069700
-5.105527
3.271147
-10.088687
-1.119161
-1.484220
-6.513662
3.791097
-3.980443
-6.625461
-6.254149
-5.255047
-5.443504
-5.261921
-2.355224
-4.053329
3.631033
8.887348
0.343915
-11.106430
-3.646023
-5.056228
-5.107896
-5.927785
-6.472925
0.143351
1.060202
-3.985441
-3.364452
6.039022
-16.185042
-2.271243
1.344355
-7.720469
-2.895217
-11.110404
-16.956463
-5.465685
2.933750
8.152074
-5.480200
1.187953
-8.198348
-11.051082
-1.426241
-3.590789
-6.350371
-5.464175
-0.321040
-2.727986
-9.948625
-13.032945
-0.421299
-3.295755
-9.003360
-12.046415
-10.204457
0.827089
-9.834497
0.857454
-5.777259
-9.897890
-9.978233
-0.653915
-1.252373
1.482238
-5.861744
-2.285910
-13.535747
-2.015939
0.182435
-6.667971
-2.157452
-0.759311
-4.055224
-3.798219
1.418165
-11.334856
-9.346868
5.609375
-4.625867
5.474812
-8.635611
1.164815
-5.773612
-7.975224
-5.009276
-1.555514
-3.538659
-6.267336
-9.164356
-2.067633
-6.029712
-13.309223
-2.812103
5.242363
-9.446108
-3.925472
-0.808438
-8.440693
-3.184740
-2.931773
-6.050321
0.660361
-2.093174
-6.592543
-2.587229
-0.380995
-5.537297
3.808454
-1.460747
14.536124
3.422175
6.493069
-0.164491
7.727109
8.586413
4.669011
8.289687
5.692709
11.153172
2.204249
5.526527
-2.330947
6.585937
9.453742
6.084046
4.341166
0.473330
8.969366
14.012705
4.719776
6.178262
6.456966
11.066870
1.911652
-0.161410
10.196851
-2.307503
3.046232
3.238808
7.932815
-3.230316
3.832488
-6.866606
-5.267314
2.561012
3.834847
6.871769
13.778453
5.872144
6.091012
-1.501762
4.754618
1.084988
5.651069
-6.892866
7.285466
-4.883326
14.582033
11.233460
-0.114726
3.258296
0.080790
0.638242
-5.308142
0.795181
-5.422346
-4.053877
14.802547
2.762361
4.799105
5.616062
-5.499879
3.778943
1.288110
6.701279
-2.147809
1.777239
6.162929
3.879872
-6.772045
3.371728
-2.307077
3.488400
-3.237150
4.885995
1.576271
3.354755
-3.608717
8.202423
-0.201920
-1.706395
0.899305
-2.789477
3.585501
-2.383593
8.763976
3.442866
-0.672435
2.843057
7.075976
-1.662798
4.177260
-0.415073
8.068246
1.216926
-8.479389
11.778692
11.217224
4.539554
7.837813
3.882746
-2.854664
1.051626
2.138781
1.267750
-2.813991
-2.666765
12.381244
8.143326
15.518735
9.643717
0.922649
1.593890
10.575520
11.708736
4.062220
0.378111
0.622897
-1.093931
-0.502216
2.602728
4.065841
14.070580
1.160408
5.871476
11.012251
4.368246
-1.355791
1.124958
-3.552173
10.254407
0.264617
6.288820
12.490283
0.397129
6.792398
4.394352
-2.335098
11.813914
3.380872
-2.683785
2.047843
6.646299
5.770540
9.976432
5.512024
9.058674
-1.993517
5.033533
2.884865
0.101127
7.174054
5.745065
-5.049788
2.492831
5.536826
5.718993
1.619209
6.878559
2.218693
5.257150
12.372794
-0.336030
5.993003
0.844606
-3.145196
-2.085526
-5.660755
2.955012
8.437237
2.986506
-2.516768
11.087583
-4.366210
2.701795
-1.995833
0.366773
9.392547
-4.555798
7.362502
6.669782
-5.566630
4.172779
4.068911
-8.739312
4.861939
7.496430
-2.165144
6.960944
3.203773
5.893333
-4.573432
0.408374
8.941704
6.001819
4.292989
5.698369
-2.869902
-0.070540
-1.334498
2.782180
8.227285
10.253439
-7.328418
2.979814
-1.302115
6.206448
-2.463344
-1.676071
2.744090
3.717262
-1.114986
4.247700
9.681856
8.628648
5.516494
9.896242
7.846583
7.187855
11.321037
-6.158577
0.902211
17.154465
4.075862
-5.902375
4.470841
10.191570
-3.423745
4.806461
3.446680
6.616697
7.325010
6.747852
2.444516
11.737611
6.585345
2.151228
2.058304
6.928132
3.618276
2.683614
7.923292
3.652027
-2.147149
-0.661583
-7.805541
-0.619393
5.718974
9.653149
-1.162217
11.782554
0.594166
8.506201
11.759929
5.999035
6.439881
3.574761
3.722518
2.754386
-3.172349
0.515698
7.347595
-3.503531
5.894086
2.103407
9.438967
-2.046582
-1.630492
-6.355111
-1.322800
8.536792
3.353808
7.500047
6.975482
4.501931
1.251068
-0.009949
5.673057
4.359968
3.731751
-1.995834
0.649279
4.524378
1.862629
2.881662
11.258032
2.776553
0.249218
-2.214810
0.642406
4.107128
3.937751
-0.393967
3.279109
5.390035
2.934058
12.182196
2.600239
7.523964
13.936197
5.000070
-4.966772
10.687557
4.663212
5.878357
7.605856
-0.308692
2.747473
4.394912
-0.831476
12.178592
-4.579579
2.528846
-0.985354
5.473927
0.681249
-2.250447
14.134989
4.801801
-1.955816
11.567097
12.967560
1.530301
4.172634
3.680811
-2.277354
7.152589
2.255489
-2.939624
2.952511
4.904005
8.175934
12.375811
-5.004045
-1.265971
0.626281
-11.335471
0.155367
2.752888
5.079111
-2.601615
15.937485
-4.669959
-1.931569
1.311923
-6.211853
10.200343
-5.362028
-0.033085
3.592384
4.380159
-0.324286
9.486276
4.970293
5.172556
-0.764947
-4.295050
-0.972261
4.441161
1.900276
-0.142795
2.691708
-1.579518
6.403072
10.915109
2.722197
2.334222
3.176836
5.247874
6.093245
-0.412688
1.345800
8.381647
1.635708
-0.357249
5.902734
1.829770
0.847832
6.128201
8.490491
10.119075
5.613945
0.038193
9.254389
-7.471407
12.769202
5.096929
5.691044
4.129185
4.225171
2.725957
-0.283658
2.053165
0.732881
5.692043
6.724705
2.808163
0.256262
-0.102781
-3.519348
5.564593
0.710954
4.627674
-0.229470
6.153956
-0.526625
5.383471
-1.202234
14.695983
-4.538330
-2.085822
-4.216169
9.350503
6.917627
-0.114891
4.248306
-0.089535
6.913758
4.948854
-2.989740
2.357711
7.834177
10.053393
-4.217887
2.931487
-0.537631
11.060767
-0.316174
-3.499860
10.010740
1.177260
0.474887
3.637866
5.430206
2.770241
2.898157
1.136165
3.498068
2.499571
14.276855
8.955260
4.213819
11.640564
6.183536
-0.297313
10.588320
9.127008
-5.262305
-0.598105
18.582181
9.568651
2.280463
-1.270464
10.036384
2.260310
8.304022
0.806608
9.321682
2.678051
2.727256
5.688802
10.168321
8.812733
-6.227907
2.621592
0.658629
-8.956802
0.624956
2.621619
1.928784
2.457874
-0.006746
-3.177740
4.574182
0.702494
-3.955811
7.171353
5.768621
2.833144
-7.102082
-9.605980
1.383053
10.108142
1.925457
4.383159
4.310640
2.453114
3.707953
7.323893
-1.017069
-4.828334
8.276810
5.928234
3.617701
3.186603
2.133692
7.949902
8.792725
4.577036
7.911522
10.303884
11.148445
5.846385
-2.983278
-0.441035
11.189710
6.010897
4.593552
7.759258
4.017456
-4.874211
-2.482831
7.514670
1.464304
9.856941
3.488659
1.790278
4.031838
12.860156
4.393124
-2.644568
-4.648369
5.117483
12.392977
8.202744
6.973795
8.687412
-3.549743
-3.048881
-1.561247
-1.045580
10.707660
13.395894
11.665768
5.879401
6.100212
8.243421
5.313173
-4.999673
-0.600243
-0.771623
-0.224077
4.803638
0.161073
2.205403
0.682670
0.775869
10.623357
11.656808
3.011902
9.438474
0.131462
1.506548
-6.068383
-2.137625
1.937201
11.806057
8.214673
-1.742772
7.286049
5.308695
5.136482
1.346733
9.747285
-0.146409
10.767761
2.123200
7.696375
0.286886
4.164415
5.856392
8.585933
8.684513
9.348280
2.070874
8.570988
-3.334565
3.209824
0.954190
11.566603
1.692153
5.896992
3.661843
-0.683576
-4.976685
6.175574
2.358615
-2.373326
7.107753
-3.171894
4.768365
-3.420672
0.627934
13.749557
-0.037507
-0.343054
5.339128
7.597369
7.764060
-3.559636
9.333356
-0.773071
0.456283
2.637954
-1.909976
4.865611
3.582192
6.365996
8.137706
2.062042
4.682894
8.573737
-1.241929
-7.626274
1.978127
-5.368595
4.883906
3.986801
-1.879496
6.336711
-0.969581
2.499274
-0.516747
7.018282
2.447222
8.979187
10.806740
-0.028322
2.519915
0.438952
5.261393
-1.309611
2.870209
4.917260
-1.994212
3.063348
0.447527
7.284267
-3.376111
3.302468
5.751947
-1.307815
2.835216
6.446468
6.115952
-1.995322
8.608083
4.459441
9.791551
5.479201
6.587887
-0.177542
5.354148
14.897093
7.287556
8.861566
19.877456
5.217245
1.310666
5.312536
0.694020
16.534295
4.960929
-2.489836
11.294016
3.135105
-1.735017
8.994924
4.170401
10.916812
-3.534467
11.119149
1.296346
-0.528899
9.643235
2.523573
5.254247
3.510191
-1.068130
6.320115
1.606270
-1.675861
6.436604
1.614696
4.277892
-0.852314
0.904235
4.064226
5.880896
7.329429
-0.567049
9.884267
1.914444
9.289313
5.264802
7.787050
16.416480
7.988547
11.529359
12.477029
7.127735
-3.265105
-1.554315
6.248263
0.800432
4.307486
9.289309
13.187872
7.480699
-1.687698
-0.752519
1.291288
-1.822143
11.516680
-8.049141
-3.051322
10.565518
-11.152489
4.966852
3.992606
6.975469
0.275507
-1.401100
6.000332
1.626986
11.532562
-2.744913
5.947158
3.471246
0.677919
6.582664
9.149745
-4.349006
15.000422
7.609446
-5.611067
0.723749
3.989953
15.418321
-1.032982
2.977999
1.757666
7.716738
-5.155238
3.919397
10.615813
2.017300
4.188557
8.635343
0.191466
4.661524
7.449445
8.427228
4.710256
4.898860
2.706933
-4.314450
4.498774
-0.291722
9.078083
1.244419
4.244608
1.644169
2.637009
4.364736
-0.757895
12.738664
-1.846683
-0.408694
9.668347
4.572617
-3.315297
5.536199
6.550783
4.729567
2.238313
1.039728
6.617188
-0.950954
6.479303
5.212594
3.527738
9.961598
2.238061
0.632058
-3.273579
0.697357
9.007293
10.140236
5.743315
13.697126
5.434957
8.296005
2.775438
-2.112621
1.484633
-2.822427
3.797344
5.548697
4.415662
1.625484
1.918507
0.809663
-3.146737
3.686808
4.805660
6.127894
9.631965
4.917498
-2.902039
-6.450172
4.761703
8.535287
0.897544
-4.050864
7.418146
8.930607
9.075528
4.392917
7.495885
-3.844924
3.803491
-0.476599
-2.331568
5.673046
-3.110156
4.730543
2.093916
2.742895
10.696791
5.567819
10.322126
-0.636567
4.692009
-1.010550
1.015075
5.828423
4.190332
6.934699
0.536097
3.709763
-1.847341
6.222907
-3.991236
7.579754
14.153472
2.737040
-1.010522
5.342442
9.920112
8.497763
1.910276
-3.990472
-1.607926
-6.458191
-2.310711
13.808831
21.376219
20.648122
12.502942
16.028785
24.363486
15.205724
24.959884
15.867935
14.168383
20.730680
15.734032
29.759270
18.998034
20.518269
18.677254
22.224095
9.578176
21.708536
20.547333
8.347678
25.700544
8.058517
18.422352
16.826549
11.403231
13.761742
24.117902
20.592283
28.355180
12.219291
21.458458
20.477652
20.806743
19.888540
19.357123
18.737479
3.338158
13.921797
24.032008
22.544461
20.035712
18.193994
19.751724
21.256917
29.248952
23.486669
25.399786
11.954131
19.942695
21.989751
28.612353
22.909389
11.318132
18.974991
22.283287
21.074944
20.712483
16.169685
23.543164
19.496902
13.620483
21.376608
25.667441
23.671514
14.998984
12.534522
25.687602
20.252973
24.793749
22.123323
27.070542
17.401514
30.664600
24.189009
17.792555
21.043864
23.833780
23.215147
13.845572
22.402360
18.545267
23.492080
17.404246
17.605340
20.814495
19.155591
20.788603
18.511043
21.712139
14.955737
14.686150
23.239619
12.281299
30.981503
20.480920
21.579332
19.202558
15.483849
21.289805
23.214836
23.765585
27.631060
19.861875
18.465235
21.455389
20.550246
16.984756
22.536137
8.127136
22.760873
23.186140
16.561115
19.961963
28.770629
26.572064
20.261072
25.861557
16.168944
28.232571
17.879912
11.918282
6.196099
7.388103
26.029657
19.353628
20.800543
27.254819
15.231850
20.183611
22.315677
21.647890
23.135134
18.467123
24.602696
18.955183
21.314540
15.443394
13.177892
19.677969
29.886116
19.402030
14.153312
24.064518
21.352150
23.402606
15.320450
9.198385
20.711355
29.111506
21.162432
16.459658
29.348009
21.393516
18.715179
23.020709
13.007348
22.191474
19.312002
21.951041
11.825341
21.419835
20.953749
20.885026
22.908695
21.663542
11.008124
12.528307
17.744053
17.741871
12.117838
12.029933
15.278650
11.781288
26.022821
14.678514
17.921658
11.184392
19.915403
21.624600
13.882620
24.426904
12.697062
19.371569
12.428065
15.810288
18.981326
16.713502
13.863620
25.776304
8.045477
24.383849
18.303672
22.150525
23.942315
18.203409
22.613322
14.208600
16.097759
16.773552
18.589100
20.096269
18.759137
11.460001
23.123900
13.509843
21.172631
12.772937
21.831657
7.545903
16.470542
18.516708
23.178676
19.118242
17.436960
11.973863
15.711545
14.449772
30.714152
26.318232
11.863046
21.118296
16.966180
19.542296
23.102392
20.917939
13.540597
27.208462
12.944291
17.266192
16.137447
21.550287
15.279090
25.150107
17.532161
25.452856
6.307929
11.434326
13.982179
17.094801
22.703399
26.615586
20.389948
22.113581
16.322665
25.243802
25.533168
25.062953
17.724708
20.298292
21.434817
20.443812
18.071078
31.630575
16.828894
13.299622
20.420907
18.683513
15.407247
22.792308
20.241718
20.535356
19.802968
19.300509
8.895910
23.428305
21.521703
12.178035
21.263242
14.207624
9.950726
13.100949
22.523496
12.957172
17.749004
16.794114
20.421185
5.209880
16.979281
16.475605
12.683294
27.459429
15.428137
13.414470
19.606572
21.370352
8.469997
17.415714
23.543337
22.787982
21.427452
17.092915
15.556925
21.035328
21.786081
18.436402
27.570441
23.227254
15.939641
9.300457
15.679879
19.614071
20.339323
21.718445
14.180471
26.003080
12.475821
18.222283
8.145247
15.355840
21.644174
12.001050
24.567668
27.606249
21.231752
10.654799
12.746200
16.959669
20.955925
20.549827
14.786323
26.328293
11.885490
25.347453
24.675379
17.935855
26.332055
16.144798
20.885069
16.623534
27.592363
28.018699
22.989052
14.613224
15.417682
18.589908
16.685454
23.772127
24.306397
19.129111
13.999328
14.502579
8.020276
13.070546
13.350633
20.399294
16.523086
22.964250
20.059533
16.584232
17.763566
19.140203
30.280479
26.264906
21.896262
20.611864
18.641145
19.319231
10.808084
32.638554
9.204900
22.362314
23.146017
22.109168
19.199524
19.017599
13.715035
25.333092
21.396652
13.196088
13.315633
18.617762
13.809845
22.975724
22.080485
23.198578
19.585684
23.490266
21.573202
12.460566
19.512149
14.328436
21.316834
11.966915
17.932005
16.394475
23.249303
15.621635
11.101563
8.554199
15.870843
16.867716
17.496629
22.289888
15.016184
19.430841
16.893156
24.686757
18.194941
19.870723
14.920964
17.336961
22.355823
21.357945
14.433363
16.114117
19.557559
20.041762
14.280351
22.871461
21.091087
20.159132
20.194846
20.649835
16.822033
20.977715
20.047592
19.767706
24.317593
23.846156
18.340615
20.191663
17.332941
6.046348
18.593010
34.741473
4.337433
24.424029
29.749288
17.894921
20.757180
25.857154
17.931262
11.997368
17.243784
22.001031
16.730726
20.724275
19.475276
18.961044
23.583171
17.550177
22.997715
20.122126
19.869665
29.049679
21.598685
17.416935
22.624614
19.241620
9.669016
10.961177
15.875492
10.393281
12.927389
0.562965
10.356827
6.514242
-3.957134
5.707244
2.088851
4.795672
9.677967
0.721340
11.935284
14.032973
-4.017435
9.165032
6.007813
15.154304
12.625324
11.018025
9.785022
4.206187
15.962824
13.308286
7.362626
9.300277
1.069182
3.364132
5.544628
7.467175
11.261544
1.408106
7.944454
11.559330
14.814854
1.124191
0.350098
8.745986
14.071040
7.432043
2.558942
12.238426
2.580978
8.520455
15.517823
10.041992
12.527628
10.970029
1.038743
4.135998
10.424336
4.457611
18.713213
10.725421
5.238342
13.765116
7.011359
9.330461
15.265503
10.675126
7.137093
8.272023
5.528876
-5.362401
7.928635
9.467034
6.526687
8.354221
14.460296
15.749722
12.463657
12.109229
19.256601
12.836807
4.120614
8.138147
11.220115
0.327684
-1.295568
6.545861
9.392610
18.007079
13.313572
15.572621
20.571819
12.101238
15.953111
19.724403
17.579935
12.940540
6.801084
15.331734
18.761964
19.759171
25.024319
8.858621
17.179680
13.616492
13.265808
17.335050
18.620222
10.403733
23.063911
22.634665
18.353842
13.474835
13.503734
9.914052
14.364561
17.178534
22.472783
7.950343
24.716941
9.440658
18.622581
20.072915
22.168885
17.230814
16.278499
19.578196
18.089842
16.059830
10.784107
10.510732
12.222148
17.800674
20.917857
17.913008
8.144451
18.316042
13.509009
19.404882
6.885633
16.958813
10.554123
6.382438
18.979789
12.871713
14.741922
12.538695
15.794800
20.897134
6.180982
21.667548
23.525660
18.191940
13.657983
15.035528
9.002807
27.202503
6.722142
22.855081
9.896135
22.868129
10.492077
10.746600
10.840253
24.531522
11.060839
23.085689
25.204016
19.864808
6.074298
17.007203
12.725182
16.753437
11.103140
11.211627
20.146847
8.468035
14.006348
17.448568
13.776210
23.563359
21.942051
18.365532
11.343330
15.653600
18.568903
16.931944
10.395097
16.976017
15.706820
17.936838
16.213432
21.671845
17.287964
12.207430
11.201585
12.083258
13.012766
4.880033
14.584725
11.239063
15.987905
19.550763
10.045536
16.653870
24.492323
15.251610
27.137481
9.809534
6.593828
7.069529
5.428450
-5.796055
6.491481
0.213061
-6.367589
-4.897850
-6.176541
-2.019717
-0.751604
0.516901
-4.424423
-1.356921
-5.668148
7.436751
2.613190
1.422115
6.883390
4.823018
9.238949
-1.095851
2.369157
1.293335
-0.627179
-3.580546
3.768064
-2.247646
6.838011
3.332312
1.882376
8.266486
-1.096478
-7.177130
-7.470013
8.475425
-4.106357
-0.447774
-0.017017
0.591410
2.124941
-8.535518
-3.468383
-1.625098
-7.060340
3.252196
1.947262
1.020784
-5.323393
6.000937
-2.210939
-6.097458
-4.064561
1.349943
1.083759
-5.414072
-0.051830
5.637631
-3.219411
-3.233121
1.320798
-8.181361
-6.299833
-3.152644
-2.059175
-3.946870
4.458678
-0.405863
5.096419
0.292419
3.117659
-6.644283
-1.614585
-2.783022
3.775214
8.293673
3.052067
2.095847
-6.968778
0.992375
2.079137
-1.257731
-7.510604
2.937089
0.819338
0.143473
10.223362
1.046481
3.250026
0.383617
-10.430184
-3.353055
1.150485
4.006082
-4.198593
4.782686
-7.490966
-4.452740
2.578124
-5.675382
-6.617165
-1.792621
1.753499
5.628735
4.283812
2.677958
7.307261
-0.852418
5.210326
2.878232
-2.076342
-1.749964
-1.025931
1.027004
8.045040
4.414677
3.556114
4.123001
-4.547838
-0.794641
-2.411714
-2.718631
-5.457223
-6.718501
4.563446
15.080839
3.193217
-6.633780
-2.904656
8.488318
-0.451215
-3.751259
-3.875731
3.481125
2.114991
0.732555
-0.466849
-9.748876
-1.154851
6.744179
6.654679
-2.014607
5.451979
-0.213862
9.329619
-1.468478
0.450573
-5.051484
-6.801541
4.822119
1.299925
4.228818
-6.274266
2.845660
-8.122206
-2.773343
2.688820
-2.518808
5.004301
-2.882470
0.503314
-5.575650
0.974495
1.463825
-9.943940
5.212982
-14.942706
2.426036
-1.248727
1.245585
6.467378
-4.080089
-3.871767
6.470450
2.402843
-7.825641
-6.734292
-2.616569
10.205082
-5.904316
-0.165945
-1.766402
2.989204
-6.865371
-3.115295
-6.541059
-7.227479
7.066318
-2.300188
6.749947
-1.578746
-1.425793
5.811707
-4.565534
0.948179
2.062931
4.466225
-4.953152
-0.752510
0.886869
2.251584
-8.873041
2.716317
0.285512
1.333410
5.674519
3.228027
7.579784
3.859902
-4.542355
8.482103
-3.392851
3.596542
-3.019354
-0.552044
-1.793732
3.764973
7.382317
-3.472103
-7.237749
5.112643
-1.848072
4.674837
-1.591798
8.516126
-3.170845
2.205085
-5.056833
1.687457
-5.698375
-0.824609
-9.295971
11.338206
0.822636
-4.410951
5.706712
-10.867656
6.202561
3.445200
-6.482532
-3.826674
3.654368
-5.927419
3.281063
4.285315
1.630564
-3.182103
-10.565253
1.805335
-0.906920
6.025056
-6.949572
-6.753480
-5.793590
1.540992
4.080288
8.085250
5.578018
-1.718999
-8.972354
4.662724
2.821749
-4.128309
-6.865355
2.840669
3.062853
0.384973
7.414694
-6.451186
3.178953
-0.588336
-2.571444
-2.268548
6.188527
5.267985
6.545917
-6.639099
-4.199211
-2.766660
8.494243
4.538514
0.635793
12.066652
1.602899
-6.772677
-6.698245
4.864939
-0.070171
-7.050602
1.915481
1.688135
-5.166892
-1.216591
-1.093100
-6.729631
1.833174
-4.815538
0.545814
0.939547
2.009083
4.514699
-5.946537
-2.582857
-3.535130
10.557547
-2.909733
-0.793919
3.317314
5.617682
-4.432103
5.626623
-4.944994
-0.678130
-6.868418
-1.067695
5.988704
-0.987191
1.504760
7.440057
8.451816
-4.937250
0.363192
-1.699365
2.143581
3.308710
-0.608484
-1.483888
7.659010
5.500087
-3.998385
-1.399119
3.268121
5.006678
-6.854271
4.635914
-1.136438
-5.328012
-6.676576
-4.656514
5.132164
9.906434
3.350788
4.359289
3.915387
-3.172795
4.718927
-9.282291
-1.364278
1.478928
-2.374308
3.325598
-2.571018
-10.567046
-0.308217
5.996069
3.063332
-10.928852
2.999519
6.667315
0.696808
-0.496923
-4.248639
9.150826
-0.770426
-3.256581
-12.984316
5.800976
2.664102
-1.808346
-2.030704
1.506381
4.815149
3.371321
4.646621
-3.422349
6.802795
-3.625950
2.595964
7.020739
1.670594
1.829155
2.751744
2.333354
0.807775
5.675175
-1.317039
6.390849
2.113655
8.710014
2.330410
3.953082
4.724255
-7.477698
-3.869611
8.218326
-2.176280
-4.812880
-0.105321
-2.768977
-0.584658
7.689209
5.294561
-7.108146
0.931927
-2.923643
-3.430043
-9.699979
-9.571535
-1.140207
-2.154444
4.382467
0.417815
6.561199
-0.827632
-2.547606
-2.988871
-1.516022
6.306733
0.485545
0.781511
-2.253672
-2.855347
2.939189
-0.211106
-1.240860
8.950391
3.899367
-9.307010
-0.646986
-3.927400
7.440189
-4.600510
2.226013
3.621237
0.715379
4.264353
-0.874204
8.660202
-4.598809
1.544634
-5.074882
-0.082542
11.606844
-2.167331
10.041041
-0.290496
0.021917
-5.746945
3.852911
0.089183
1.331321
4.960285
7.374039
3.761099
-0.423837
-0.630552
4.633652
-6.156855
2.041661
13.637265
4.360689
-3.763742
-5.795468
2.410124
-6.655739
9.838477
0.349386
-0.316386
-6.530646
-3.775168
1.795447
1.279673
5.756585
-2.871254
4.906032
-0.533240
-2.393821
-1.191050
1.212476
6.281474
-1.587754
-5.745940
-8.167164
4.337341
0.899949
-1.901835
4.754031
0.691348
3.065773
1.889935
1.829781
-12.050596
-4.605424
-2.989776
3.921523
2.336123
-0.686931
-10.533171
-1.185114
0.169443
-0.768749
0.588156
1.741635
5.769260
-0.020536
-4.905880
-1.021864
-0.346164
1.475052
-1.402683
6.634561
-4.645512
-1.232124
2.324344
1.890280
-0.427873
7.470071
-1.198523
-6.117364
4.860803
-1.385385
-3.008152
-4.980241
-3.380850
-0.151259
0.869288
0.244269
2.172178
-2.960084
3.154683
9.763249
-4.599831
-5.311737
-0.720203
10.522441
0.660037
1.217837
2.663443
3.175333
2.591364
-5.545693
0.716156
0.750830
-2.323933
10.140981
-2.137782
-3.710601
-1.456279
-5.708487
1.447208
-1.871900
1.639990
-0.397537
3.515018
7.954286
-8.837031
5.121356
-4.724024
5.230710
3.835078
-5.434679
-1.204805
3.449811
9.017459
-2.482197
-0.801423
4.098677
1.487809
-3.215445
0.932805
1.166359
-9.846854
-6.399834
2.079440
1.931269
1.585498
-2.653046
-6.034843
-5.421212
1.629367
4.774147
-7.402928
4.400372
-1.021796
6.584376
5.050954
8.223876
-0.500314
-9.474145
4.032599
5.352067
-5.645810
-5.123873
2.058584
0.963776
-0.082194
-1.787672
-0.322714
13.305213
-3.224546
-1.533895
6.615254
-9.075687
7.726334
0.101274
-2.226275
2.825402
3.635693
7.356794
6.987738
2.267500
2.014535
-1.550190
3.115463
7.562315
7.706056
-3.493689
3.150541
-9.038561
-2.975782
4.637365
-4.017046
-6.119792
8.838246
9.863052
1.338007
-11.505638
-10.439745
-0.457115
0.536861
2.721872
-5.923415
1.447068
-6.597049
2.868862
-8.324882
6.273431
9.216486
1.367333
9.542166
2.478443
-3.491102
5.442139
-4.313478
3.067617
-3.508234
0.076530
-6.545015
-6.522003
0.307843
0.509636
-1.472173
3.851347
-5.139555
3.690664
-4.773900
-3.422651
2.736695
-2.259269
-1.208765
1.859944
0.405600
-0.826882
8.695541
1.878036
-2.497105
-7.084462
0.799970
0.175175
-2.593966
1.286481
-1.464548
-0.503571
-1.949943
1.690840
-8.662433
0.754802
16.323535
0.406712
4.272394
-1.011419
1.831823
-7.022777
-5.746800
4.675635
-7.130873
6.538810
-1.229816
3.622875
-3.542597
-1.049204
-3.473346
2.108207
-2.711500
-6.298248
-6.636616
4.931349
-3.135780
-2.436181
3.293082
14.292040
1.591904
-2.358733
-6.654327
2.063073
9.048931
5.509204
0.204634
-1.347731
-2.328757
-8.822935
6.963317
-4.091258
3.008303
0.731070
6.833565
-2.609720
10.341714
-0.025704
-0.255911
-6.851951
-9.559383
-3.882305
7.759636
4.933593
-8.374878
3.850786
-0.978891
-2.808890
-3.376472
0.340034
-5.668713
0.505890
-2.659974
5.281015
6.906019
-6.100072
-10.600264
6.243310
-1.481614
5.779220
11.016989
2.896439
-8.756917
3.342685
2.825997
7.204609
2.155084
-7.411738
-0.583655
5.314403
-5.141808
0.494145
-3.025454
1.682650
2.363557
3.321992
2.293739
-4.130164
-1.117293
-7.122536
7.673355
-2.528691
-2.213066
-6.256334
-9.188576
-1.200656
2.742780
-2.066781
4.750168
7.499737
4.167729
-4.739426
-1.904134
0.521974
4.768039
1.648168
-6.197866
-4.353293
-8.632041
