0.111009
0.109646
0.108351
0.106625
0.105268
0.103873
0.102017
0.099987
0.098526
0.097177
0.095619
0.094084
0.092109
0.089935
0.087802
0.085548
0.083949
0.082576
0.081049
0.079632
0.077954
0.076200
0.074569
0.072928
0.070834
0.068556
0.066288
0.063889
0.061627
0.059363
0.056959
0.054508
0.052765
0.051287
0.049729
0.048336
0.046686
0.044995
0.043485
0.042007
0.040219
0.038334
0.036496
0.034599
0.032860
0.031167
0.029406
0.027655
0.025460
0.023073
0.020715
0.018232
0.015845
0.013443
0.010909
0.008321
0.005930
0.003585
0.001175
-0.001221
-0.003754
-0.006347
-0.008919
-0.011525
-0.013389
-0.014951
-0.016580
-0.018017
-0.019659
-0.021306
-0.022746
-0.024122
-0.025836
-0.027641
-0.029365
-0.031131
-0.032693
-0.034180
-0.035720
-0.037226
-0.039059
-0.041021
-0.042934
-0.044921
-0.046813
-0.048693
-0.050654
-0.052634
-0.054423
-0.056148
-0.057902
-0.059618
-0.061422
-0.063249
-0.065034
-0.066820
-0.069058
-0.071484
-0.073893
-0.076430
-0.078846
-0.081269
-0.083831
-0.086442
-0.088895
-0.091318
-0.093801
-0.096278
-0.098881
-0.101542
-0.104192
-0.106878
-0.109337
-0.111716
-0.114141
-0.116525
-0.118993
-0.121484
-0.123927
-0.126370
-0.128959
-0.131603
-0.134241
-0.136917
-0.139543
-0.142165
-0.144829
-0.147504
-0.147060
-0.145299
-0.143683
-0.141182
-0.139460
-0.137670
-0.134931
-0.131839
-0.129930
-0.128259
-0.126163
-0.124124
-0.121180
-0.117831
-0.114576
-0.111076
-0.108963
-0.107335
-0.105394
-0.103694
-0.101455
-0.099067
-0.096949
-0.094819
-0.091751
-0.088307
-0.084894
-0.081217
-0.077838
-0.074466
-0.070809
-0.067065
-0.064775
-0.063032
-0.061135
-0.059583
-0.057511
-0.055363
-0.053593
-0.051894
-0.049573
-0.047060
-0.044650
-0.042128
-0.039937
-0.037845
-0.035624
-0.033430
-0.030333
-0.026851
-0.023434
-0.019770
-0.016310
-0.012827
-0.009080
-0.005230
-0.001793
0.001544
0.005007
0.008432
0.012133
0.015947
0.085171
0.182308
-0.224453
-0.825615
1.530963
-0.584223
0.036617
0.039294
0.041722
0.044081
0.046901
0.049859
0.052723
0.055661
0.058346
0.060949
0.063638
0.066298
0.069366
0.072602
0.075792
0.079084
0.082276
0.085469
0.088772
0.092112
0.095231
0.098286
0.101390
0.104460
0.107651
0.110883
0.114075
0.117284
0.121131
0.125255
0.129366
0.133669
0.137819
0.141993
0.146372
0.150833
0.155086
0.159311
0.163632
0.167958
0.172473
0.177082
0.181689
0.186359
0.190734
0.195012
0.199367
0.203680
0.208123
0.212609
0.217045
0.221495
0.226157
0.230911
0.235669
0.240494
0.245264
0.250043
0.254894
0.259773
0.259237
0.256417
0.253861
0.249774
0.247049
0.244214
0.239737
0.234655
0.231644
0.229057
0.225740
0.222531
0.217754
0.212283
0.206986
0.201271
0.197969
0.195518
0.192532
0.189972
0.186485
0.182748
0.179488
0.176215
0.171323
0.165786
0.160310
0.154385
0.148986
0.143606
0.137740
0.131733
0.128274
0.125783
0.123030
0.120890
0.117852
0.114690
0.112199
0.109841
0.106404
0.102642
0.099069
0.095309
0.092138
0.089150
0.085945
0.082795
0.078080
0.072702
0.067447
0.061769
0.056457
0.051116
0.045321
0.039358
0.034125
0.029074
0.023815
0.018630
0.012974
0.007129
0.001380
-0.004467
-0.009782
-0.014907
-0.020156
-0.025311
-0.030657
-0.036055
-0.041349
-0.046643
-0.052315
-0.058137
-0.063942
-0.069851
-0.075636
-0.081415
-0.087306
-0.093229
-0.099374
-0.105641
-0.111932
-0.118313
-0.124704
-0.131145
-0.137679
-0.144277
-0.150817
-0.157372
-0.163997
-0.170652
-0.177410
-0.184233
-0.191083
-0.197987
-0.190830
-0.177718
-0.165268
-0.148819
-0.135839
-0.122532
-0.104941
-0.085742
-0.071923
-0.059185
-0.044516
-0.030102
-0.011578
0.008780
0.028712
0.049758
0.056295
0.057135
0.059750
0.058915
0.062517
0.066578
0.066890
0.066292
0.073047
0.082108
0.089879
0.098960
0.104271
0.108456
0.114149
0.119557
0.090557
0.046942
0.004528
-0.047868
-0.091733
-0.136518
-0.191994
-0.251547
-0.251031
-0.227999
-0.211862
-0.181747
-0.173259
-0.168153
-0.147699
-0.124590
-0.007845
0.151612
0.309902
0.497626
-0.173970
-1.197534
-0.823332
-0.110314
-0.198684
14.535666
14.392446
14.780127
15.006708
13.838151
14.254784
14.675072
14.685772
14.691761
14.731791
14.740726
14.723322
14.683744
14.613385
14.516747
14.515320
14.538831
14.530791
14.531094
14.474299
14.393777
14.324103
14.241880
14.307007
14.430098
14.533932
14.672337
14.766473
14.855933
14.982936
15.119035
15.070100
14.950672
14.848935
14.702099
14.620016
14.546224
14.423095
14.289716
14.313503
14.394136
14.456989
14.555558
14.591490
14.615624
14.679289
14.747613
14.751482
14.734294
14.725022
14.702427
14.711767
14.729291
14.731707
14.734912
14.723601
14.704883
14.687486
14.665644
14.643509
14.619306
14.590524
14.558794
14.537244
14.518159
14.495546
14.473666
14.445162
14.413809
14.383471
14.351530
14.363246
14.392895
14.419009
14.456645
14.482490
14.508343
14.546604
14.588900
14.611931
14.629971
14.653116
14.674054
14.707202
14.745052
14.780131
14.817528
14.811094
14.786802
14.766777
14.735558
14.716313
14.697370
14.666357
14.631617
14.617751
14.609742
14.596880
14.586907
14.564726
14.538191
14.515135
14.490226
14.542883
14.628044
14.707971
14.809115
14.890755
14.973485
15.078978
15.192602
15.233330
15.249261
15.276933
15.290261
14.942895
14.436576
13.931054
13.313190
13.717069
14.503137
14.520319
14.497631
-3.771153
-3.516592
-3.688862
-3.103380
-3.516337
-4.044231
-4.115808
-4.152809
-4.051801
-3.827547
-3.569825
-3.225495
-3.387537
-3.720909
-3.942528
-4.250502
-4.082984
-3.741779
-3.509580
-3.192022
-3.223168
-3.374229
-3.422759
-3.520780
-3.486790
-3.408963
-3.387245
-3.354881
-3.388410
-3.450927
-3.500029
-3.563984
-3.618862
-3.675417
-3.747633
-3.826338
-3.850332
-3.855745
-3.803626
-3.712527
-4.158276
-4.808094
-2.430790
-4.612459
-3.965962
-3.931943
-3.899947
-3.856354
-3.819054
-3.779211
-3.727109
-3.669264
-3.629566
-3.593601
-3.550813
-3.508791
-3.453269
-3.391640
-3.331333
-3.267297
-3.344989
-3.481379
-3.607808
-3.772513
-3.899737
-4.027896
-4.197213
-4.380512
-4.260324
-4.021914
-3.811389
-3.525193
-3.362797
-3.220569
-2.994893
-2.756269
-2.910579
-3.217177
-3.312837
-3.431716
-3.266283
-2.968420
7.386386
6.758497
8.454233
7.056951
7.253515
6.924873
7.168646
7.578632
7.432928
7.189282
7.434916
7.783998
8.006182
8.274657
8.164749
7.902094
7.702666
7.418494
7.440794
7.560480
7.579731
7.634336
7.553944
7.422045
7.331765
7.220762
7.242380
7.315124
7.361029
7.433515
7.466890
7.493238
7.548576
7.608813
7.576315
7.509725
7.452436
7.373309
7.330024
7.292741
7.231380
7.166383
7.166938
7.191133
7.208544
7.241089
7.247053
7.248080
7.265865
7.285652
7.280377
7.267150
7.257209
7.242287
7.240380
7.242025
7.237977
7.234551
7.233069
7.232102
7.231649
7.231863
7.230471
7.228764
7.227820
7.226881
7.227503
7.228872
7.230186
7.231993
7.233658
7.235487
7.237831
7.240456
7.238332
7.234374
7.230916
7.226308
7.223271
7.220418
7.216310
7.211921
7.209657
7.208031
7.206013
7.204352
7.201533
7.198346
7.195577
7.192690
7.202085
7.216695
7.230657
7.248088
7.262556
7.277320
7.295797
7.315679
7.330648
7.344578
7.360204
7.375545
7.394519
7.415084
7.435211
7.456282
7.472284
7.486525
7.501959
7.516538
7.533102
7.550237
7.566411
7.582654
7.602422
7.623620
7.644731
7.666847
7.687883
7.708922
7.731048
7.753524
7.748720
7.732589
7.718004
7.695880
7.681028
7.665901
7.642669
7.616629
7.601185
7.588077
7.571541
7.555762
7.532328
7.505628
7.480016
7.452525
7.437881
7.427939
7.415507
7.405579
7.391096
7.375585
7.362843
7.350314
7.329681
7.305992
7.282896
7.257763
7.235631
7.213884
7.189904
7.165471
7.166089
7.176917
7.186179
7.202212
7.211071
7.219884
7.236004
7.254451
7.263238
7.269779
7.279205
7.287782
7.303096
7.321183
7.338125
7.356593
7.362236
7.363016
7.365919
7.366089
7.370459
7.375560
7.377668
7.379289
7.388454
7.400285
7.411263
7.423926
7.433399
7.442214
7.452904
7.463746
7.463901
7.459780
7.456291
7.449935
7.446879
7.443950
7.437917
7.430972
7.427871
7.425650
7.422295
7.419276
7.413530
7.406662
7.400251
7.393220
7.392333
7.393817
7.394398
7.396357
7.396380
7.396129
7.397381
7.398939
7.397081
7.394072
7.391539
7.388308
7.386646
7.385375
7.383317
7.381274
7.377280
7.372379
7.367572
7.362173
7.357023
7.351711
7.345777
7.339529
7.334219
7.329094
7.323600
7.318133
7.311956
7.305451
7.299004
7.292351
7.285953
7.279574
7.272972
7.266311
7.259414
7.252364
7.245262
7.238041
7.230382
7.222476
7.214466
7.206249
7.198011
7.189656
7.181086
7.172369
7.174665
7.181554
7.187814
7.197124
7.203560
7.210136
7.219989
7.230998
7.237666
7.243376
7.250495
7.257305
7.267244
7.278517
7.289348
7.300946
7.307525
7.312280
7.318044
7.322851
7.352941
7.393446
7.431879
7.476989
7.340263
7.129076
6.932624
6.688293
7.536126
8.827796
8.019657
6.641692
6.981799
7.563566
7.464703
7.371404
7.385994
7.377027
7.363759
7.349046
7.339943
7.332095
7.322475
7.313282
7.300073
7.285168
7.270864
7.255597
7.244540
7.234887
7.224060
7.213836
7.201865
7.189310
7.177446
7.165417
7.188943
7.227592
7.264544
7.311625
7.350137
7.389570
7.439844
7.494257
7.479851
7.439250
7.405986
7.356281
7.366811
7.396044
7.405719
7.422215
7.501991
7.609818
7.468117
7.240088
7.333191
7.496056
-7.459308
-7.131305
-6.522307
-7.412849
-6.977176
-6.650152
-6.968671
-7.472348
-7.255489
-6.887168
-6.911035
-6.954503
-6.818546
-6.656958
-6.831078
-7.117029
-7.360548
-7.673966
-7.621247
-7.440999
-7.348558
-7.194947
-7.183104
-7.212216
-7.172592
-7.137924
-7.150263
-7.177648
-7.207591
-7.250650
-7.266246
-7.276574
-7.301685
-7.327708
-7.337762
-7.343014
-7.350017
-7.353823
-7.366820
-7.382414
-7.394318
-7.406841
-7.423482
-7.441774
-7.460501
-7.480624
-7.499218
-7.517861
-7.538019
-7.558681
-7.554227
-7.539484
-7.526359
-7.506440
-7.493545
-7.480626
-7.460385
-7.437761
-7.458864
-7.496682
-7.530089
-7.574082
-7.603021
-7.630048
-7.668648
-7.709681
-7.655023
-7.562015
-7.475744
-7.364235
-7.358334
-7.386254
-7.383549
-7.394846
-7.266999
-7.083267
-7.031569
-6.995128
-7.151344
-7.410666
-7.302354
2.432665
11.170271
11.418013
10.540841
10.979070
10.882885
11.056607
10.886442
10.639846
10.726309
10.882258
10.941995
11.028625
11.137984
11.259428
11.406966
11.573676
11.527276
11.401946
11.305859
11.162661
11.097054
11.045480
10.942026
10.831288
10.829193
10.864419
10.887009
10.933216
10.930579
10.916887
10.929649
10.943314
10.929386
10.906942
10.886833
10.860805
10.850295
10.843862
10.830652
10.818111
10.811394
10.806752
10.802498
10.799998
10.794671
10.789006
10.785281
10.781923
10.795237
10.816023
10.836485
10.862077
10.884557
10.908081
10.937047
10.968488
10.993792
11.018221
11.045520
11.072980
11.105898
11.141519
11.177094
11.214494
11.211277
11.191627
11.175618
11.149156
11.134248
11.119742
11.093948
11.064762
11.053826
11.047872
11.037530
11.029588
11.010625
10.987633
10.967565
10.945686
10.942548
10.946844
10.948481
10.954456
10.955063
10.955138
10.959912
10.965869
10.961188
10.953033
10.946597
10.938139
10.934789
10.932847
10.928604
10.924583
10.923239
10.922894
10.922645
10.923189
10.922599
10.921907
10.922085
10.922466
10.922718
10.923103
10.923710
10.924459
10.925693
10.927224
10.928884
10.930788
10.929937
10.928041
10.926519
10.924375
10.923169
10.922109
10.920368
10.918506
10.918046
10.918054
10.917870
10.917973
10.917414
10.916689
10.916287
10.915873
10.917339
10.919632
10.921837
10.924590
10.926975
10.929450
10.932510
10.935821
10.938333
10.940685
10.943337
10.945956
10.949183
10.952684
10.956129
10.959742
10.962782
10.965651
10.968719
10.971730
10.975023
10.978430
10.981768
10.985161
10.989053
10.993176
10.997333
11.001666
11.005907
11.010196
11.014671
11.019237
11.022571
11.025443
11.028465
11.031203
11.034382
11.037632
11.040571
11.043458
11.046913
11.050553
11.054112
11.057783
11.061172
11.064486
11.067928
11.071358
11.075524
11.080010
11.084455
11.089110
11.093614
11.098149
11.102908
11.107761
11.112290
11.116748
11.121319
11.125871
11.130657
11.135546
11.140405
11.145325
11.144607
11.141516
11.138730
11.134365
11.131415
11.128360
11.123611
11.118242
11.115102
11.112441
11.109027
11.105754
11.100847
11.095230
11.089823
11.084000
11.080631
11.078133
11.075101
11.072509
11.068993
11.065235
11.061968
11.058698
11.053788
11.048230
11.042744
11.036812
11.031424
11.026065
11.020222
11.014244
11.011097
11.009041
11.006719
11.005094
11.002510
10.999817
10.997885
10.996124
10.993190
10.989918
10.986879
10.983657
10.981110
10.978790
10.976252
10.973799
10.969664
10.964830
10.960155
10.955041
10.950351
10.945651
10.940482
10.935152
10.930643
10.926359
10.921870
10.917487
10.912612
10.907557
10.902629
10.897620
10.897490
10.899412
10.901040
10.904020
10.905777
10.907618
10.910909
10.914727
10.916544
10.917911
10.919920
10.921779
10.925057
10.928936
10.932604
10.936614
10.938558
10.939762
10.941407
10.942674
10.944700
10.946919
10.948718
10.950508
10.953674
10.957378
10.961010
10.965009
10.968541
10.972037
10.975933
10.979933
10.981306
10.981652
10.982222
10.982129
10.982891
10.983730
10.983846
10.983782
10.984784
10.986079
10.987134
10.988339
10.988896
10.989223
10.989729
10.990135
10.992050
10.994579
10.996941
10.999679
11.002011
11.004328
11.007052
11.009898
11.011974
11.013822
11.015834
11.017728
11.020047
11.022508
11.024830
11.027204
11.027529
11.026991
11.026594
11.025637
11.025184
11.024697
11.023610
11.022304
11.021887
11.021683
11.021209
11.020815
11.019818
11.018575
11.017437
11.016164
11.015706
11.015543
11.015206
11.015019
11.014540
11.013989
11.013605
11.013227
11.012301
11.011163
11.010057
11.008806
11.007745
11.006699
11.005497
11.004255
11.004246
11.004726
11.005112
11.005817
11.006139
11.006437
11.007082
11.007823
11.008071
11.008193
11.008437
11.008622
11.009120
11.009738
11.010281
11.010882
11.010805
11.010457
11.010198
11.009778
11.009554
11.009348
11.008967
11.008541
11.008480
11.008535
11.008526
11.008582
11.008455
11.008274
11.008168
11.008049
11.006837
11.005161
11.003521
11.001561
10.999878
10.998167
10.996115
10.993934
10.992127
10.990384
10.988488
10.986596
10.984389
10.982034
10.979696
10.977262
10.975349
10.973615
10.971760
10.969992
10.968012
10.965971
10.964028
10.962076
10.959770
10.957320
10.954875
10.952328
10.949888
10.947446
10.944893
10.942303
10.940122
10.938086
10.935993
10.933987
10.931814
10.929605
10.927493
10.925387
10.923094
10.920734
10.918390
10.916001
10.913693
10.911401
10.909059
10.906712
10.904080
10.901318
10.898563
10.895720
10.892926
10.890113
10.887207
10.884257
10.881417
10.878595
10.875721
10.872846
10.869875
10.866856
10.863839
10.860791
10.860541
10.861467
10.862239
10.863794
10.864641
10.865537
10.867273
10.869313
10.870247
10.870943
10.872009
10.873004
10.874806
10.876959
10.879005
10.881256
10.882278
10.882862
10.883709
10.884333
10.885416
10.886617
10.887569
10.888519
10.890284
10.892369
10.894415
10.896681
10.898672
10.900645
10.902856
10.905132
10.906011
10.906351
10.906820
10.906943
10.907537
10.908183
10.908452
10.908634
10.909391
10.910313
10.911117
10.912009
10.912567
10.913011
10.913560
10.914065
10.915398
10.917074
10.918668
10.920477
10.922075
10.923676
10.925506
10.927413
10.928913
10.930300
10.931786
10.933218
10.934890
10.936649
10.938343
10.940075
10.945817
10.953277
10.960604
10.969103
10.976646
10.984317
10.993243
11.002661
11.010644
11.018380
11.026697
11.034995
11.044482
11.054527
11.064505
11.074842
11.083422
11.091416
11.099856
11.108026
11.116939
11.126089
11.134930
11.143829
11.153982
11.164662
11.175347
11.186413
11.197137
11.207895
11.219062
11.230384
11.229497
11.223531
11.218254
11.209597
11.204170
11.198606
11.189409
11.178945
11.173237
11.168573
11.162364
11.156489
11.147174
11.136387
11.126084
11.114932
11.105274
11.095906
11.085599
11.075187
11.063760
11.051753
11.039673
11.027182
11.012657
10.997066
10.981137
10.964350
10.947648
10.930544
10.912545
10.893985
10.899062
10.913838
10.927009
10.946544
10.959550
10.972590
10.992488
11.014629
11.027165
11.037390
11.050406
11.062509
11.081120
11.102368
11.122413
11.143870
11.129631
11.100737
11.074836
11.039560
11.013909
10.988276
10.952548
10.913553
10.882173
10.851434
10.816903
10.781866
10.772111
10.772474
10.771193
10.776630
11.024982
11.379669
11.480914
11.549872
11.084445
10.349671
-4.837074
-5.030265
-4.976132
-4.967978
-4.495182
-3.820038
-4.050526
-4.522335
-4.116979
-3.547376
-3.860859
-4.380243
-4.684555
-5.087353
-4.856932
-4.380456
-4.031521
-3.554499
-3.660621
-3.968350
-4.119358
-4.359907
-4.376973
-4.324313
-4.372733
-4.407823
-4.432534
-4.457287
-4.469492
-4.475278
-4.501518
-4.532125
-4.555106
-4.579054
-4.562490
-4.528333
-4.496863
-4.454003
-4.419579
-4.383690
-4.335668
-4.282690
-4.289656
-4.318521
-4.339575
-4.373914
-4.385395
-4.392549
-4.414379
-4.438006
-4.433848
-4.420263
-4.409853
-4.393434
-4.389869
-4.389294
-4.381970
-4.374536
-4.376348
-4.381327
-4.385740
-4.392376
-4.394632
-4.396006
-4.399865
-4.403904
-4.405820
-4.407180
-4.408839
-4.410138
-4.412872
-4.416080
-4.418857
-4.421824
-4.415594
-4.405494
-4.395985
-4.383940
-4.374175
-4.364253
-4.351613
-4.337985
-4.328228
-4.319367
-4.309294
-4.299535
-4.287088
-4.273515
-4.260374
-4.246605
-4.251353
-4.263732
-4.274665
-4.290520
-4.301423
-4.312373
-4.328619
-4.346616
-4.356526
-4.364376
-4.374430
-4.383599
-4.397975
-4.414385
-4.429673
-4.445988
-4.454208
-4.459346
-4.465888
-4.470726
-4.478155
-4.486036
-4.492053
-4.497763
-4.508428
-4.520860
-4.532746
-4.545753
-4.556707
-4.567254
-4.579046
-4.590959
-4.585068
-4.571791
-4.559418
-4.542082
-4.529553
-4.516840
-4.498790
-4.478891
-4.465616
-4.453728
-4.439598
-4.425866
-4.407179
-4.386333
-4.366095
-4.344578
-4.374434
-4.425613
-4.473260
-4.534836
-4.582934
-4.631450
-4.694939
-4.763567
-4.788538
-4.798926
-4.816635
-4.826004
-4.855311
-4.889969
-4.915191
-4.941016
-4.975908
-5.013941
-5.052134
-5.092826
-4.857891
-4.506865
-4.037625
-3.434499
-4.052301
-5.114345
2.935876
3.203296
4.164908
2.739666
2.874519
2.628184
2.982929
3.580001
3.768960
3.961473
3.784842
3.409593
3.050695
2.566592
2.682223
2.996097
3.154633
3.403479
3.394001
3.300478
3.310344
3.297464
3.333164
3.389824
3.421664
3.457909
3.492147
3.524967
3.562236
3.600522
3.560432
3.487940
3.419914
3.330306
3.262003
3.193125
3.101022
3.001023
3.012101
3.064283
3.103318
3.167783
3.190877
3.206892
3.250911
3.299147
3.298131
3.281100
3.270780
3.250597
3.254770
3.265396
3.264813
3.265064
3.272448
3.282070
3.292159
3.304250
3.312017
3.318931
3.328109
3.337392
3.347878
3.359166
3.370529
3.382426
3.394814
3.407670
3.421058
3.434944
3.437791
3.436230
3.435664
3.432287
3.432216
3.432341
3.429421
3.425648
3.426713
3.429115
3.430400
3.432348
3.431402
3.429416
3.428233
3.426599
3.422391
3.416961
3.411181
3.404407
3.398074
3.391425
3.383726
3.375478
3.367292
3.358764
3.349658
3.340152
3.329798
3.318835
3.307490
3.295607
3.285142
3.274988
3.264213
3.253470
3.241762
3.229592
3.217492
3.205102
3.191402
3.177017
3.162389
3.147198
3.132074
3.116689
3.100716
3.084378
3.085144
3.092954
3.099644
3.110970
3.117626
3.124350
3.136065
3.149440
3.155915
3.160761
3.167663
3.173946
3.184969
3.197938
3.210078
3.223278
3.228396
3.230485
3.234013
3.235879
3.240452
3.245551
3.248823
3.251851
3.259817
3.269575
3.278854
3.289291
3.297750
3.305860
3.315250
3.324812
3.326007
3.323858
3.322257
3.318437
3.317194
3.316065
3.312532
3.308303
3.307211
3.306874
3.305661
3.304762
3.301721
3.297823
3.294334
3.290392
3.291153
3.293747
3.295671
3.298667
3.300218
3.301586
3.304120
3.306912
3.307108
3.306444
3.306168
3.305378
3.305813
3.306568
3.306742
3.306950
3.307110
3.307205
3.307331
3.307435
3.307406
3.307313
3.307203
3.307041
3.307083
3.307185
3.307225
3.307289
3.307250
3.307172
3.307122
3.307054
3.306588
3.305947
3.305306
3.304540
3.303863
3.303166
3.302337
3.301450
3.300680
3.299919
3.299094
3.298257
3.297299
3.296277
3.295249
3.294175
3.293782
3.293656
3.293454
3.293417
3.293170
3.292902
3.292814
3.292770
3.292399
3.291927
3.291517
3.291052
3.290763
3.290529
3.290230
3.289949
3.289338
3.288588
3.287870
3.287065
3.286336
3.285604
3.284778
3.283919
3.283226
3.282578
3.281888
3.281219
3.280450
3.279643
3.278862
3.278064
3.277850
3.277879
3.277866
3.278010
3.278005
3.278004
3.278173
3.278400
3.278374
3.278285
3.278270
3.278229
3.278356
3.278550
3.278712
3.278909
3.278861
3.278723
3.278631
3.278491
3.278434
3.278394
3.278301
3.278202
3.278259
3.278375
3.278478
3.278619
3.278700
3.278773
3.278887
3.279010
3.278789
3.278430
3.278095
3.277668
3.277344
3.277023
3.276604
3.276155
3.275838
3.275553
3.275230
3.274921
3.274523
3.274088
3.273671
3.273235
3.272984
3.272804
3.272598
3.272432
3.272209
3.271979
3.271793
3.271617
3.271337
3.271021
3.270720
3.270398
3.270124
3.269862
3.269575
3.269289
3.268784
3.268182
3.267590
3.266934
3.266325
3.265706
3.265020
3.264304
3.263678
3.263069
3.262427
3.261787
3.261079
3.260339
3.259605
3.258852
3.258176
3.257524
3.256849
3.256183
3.255482
3.254768
3.254065
3.253358
3.252588
3.251792
3.250993
3.250173
3.249367
3.248557
3.247725
3.246884
3.246171
3.245506
3.244825
3.244173
3.243475
3.242768
3.242094
3.241425
3.240697
3.239950
3.239210
3.238459
3.237737
3.237022
3.236293
3.235566
3.234760
3.233919
3.233083
3.232224
3.231381
3.230534
3.229664
3.228783
3.227936
3.227096
3.226244
3.225393
3.224518
3.223631
3.222747
3.221857
3.222028
3.222648
3.223215
3.224082
3.224687
3.225315
3.226264
3.227334
3.227992
3.228565
3.229283
3.229979
3.230985
3.232127
3.233235
3.234425
3.235154
3.235721
3.236393
3.236986
3.237756
3.238577
3.239307
3.240042
3.241090
3.242264
3.243428
3.244680
3.245833
3.246983
3.248229
3.249504
3.250259
3.250818
3.251429
3.251916
3.252585
3.253278
3.253835
3.254364
3.255114
3.255930
3.256708
3.257523
3.258218
3.258875
3.259577
3.260267
3.261273
3.262413
3.263528
3.264728
3.265854
3.266986
3.268209
3.269466
3.270575
3.271647
3.272761
3.273859
3.275053
3.276285
3.277497
3.278728
3.279454
3.279971
3.280530
3.280956
3.281517
3.282078
3.282495
3.282865
3.283461
3.284116
3.284712
3.285334
3.285814
3.286239
3.286697
3.287128
3.287776
3.288507
3.289202
3.289943
3.290616
3.291278
3.291991
3.292713
3.293302
3.293846
3.294405
3.294935
3.295521
3.296118
3.296684
3.297247
3.298115
3.299109
3.300087
3.301149
3.302126
3.303103
3.304172
3.305270
3.306258
3.307221
3.308221
3.309214
3.310290
3.311402
3.312502
3.313624
3.314587
3.315492
3.316425
3.317326
3.318282
3.319249
3.320181
3.321109
3.322132
3.323191
3.324240
3.325313
3.326348
3.327377
3.328432
3.329490
3.329486
3.329035
3.328634
3.327933
3.327500
3.327046
3.326269
3.325373
3.324879
3.324465
3.323908
3.323371
3.322527
3.321547
3.320600
3.319570
3.319021
3.318640
3.318154
3.317753
3.317168
3.316533
3.315993
3.315450
3.314587
3.313596
3.312617
3.311549
3.310586
3.309627
3.308572
3.307489
3.306890
3.306474
3.306008
3.305657
3.305133
3.304584
3.304162
3.303764
3.303161
3.302495
3.301863
3.301195
3.300638
3.300114
3.299548
3.298991
3.298134
3.297148
3.296185
3.295139
3.294163
3.293180
3.292109
3.291004
3.290038
3.289106
3.288133
3.287173
3.286121
3.285033
3.283961
3.282870
3.282345
3.282054
3.281719
3.281533
3.281197
3.280863
3.280690
3.280571
3.280202
3.279770
3.279406
3.279014
3.278781
3.278611
3.278406
3.278232
3.277813
3.277301
3.276831
3.276310
3.275867
3.275438
3.274952
3.274457
3.274113
3.273822
3.273514
3.273241
3.272906
3.272558
3.272248
3.271941
3.271302
3.270528
3.269771
3.268924
3.268173
3.267421
3.266571
3.265690
3.264931
3.264199
3.263429
3.262668
3.261817
3.260929
3.260054
3.259157
3.258435
3.257779
3.257093
3.256443
3.255735
3.255016
3.254337
3.253663
3.252886
3.252072
3.251269
3.250442
3.249657
3.248881
3.248078
3.247272
3.248079
3.249569
3.250986
3.252862
3.254337
3.255848
3.257851
3.260039
3.261620
3.263081
3.264763
3.266419
3.268543
3.270878
3.273167
3.275585
3.277283
3.278732
3.280344
3.281832
3.283603
3.285452
3.287163
3.288881
3.291087
3.293491
3.295880
3.298407
3.300781
3.303154
3.305675
3.308243
3.310071
3.311621
3.313252
3.314709
3.316435
3.318202
3.319778
3.321320
3.323182
3.325144
3.327056
3.329027
3.330832
3.332588
3.334413
3.336227
3.338505
3.340982
3.343429
3.346005
3.348478
3.350965
3.353591
3.356270
3.358741
3.361164
3.363653
3.366125
3.368740
3.371416
3.374069
3.376756
3.376465
3.374920
3.373539
3.371324
3.369856
3.368332
3.365915
3.363171
3.361609
3.360301
3.358597
3.356969
3.354477
3.351610
3.348857
3.345884
3.344203
3.342982
3.341478
3.340207
3.338451
3.336567
3.334943
3.333317
3.330828
3.327998
3.325206
3.322180
3.319440
3.316716
3.313738
3.310688
3.309146
3.308186
3.307085
3.306357
3.305120
3.303826
3.302938
3.302142
3.300723
3.299126
3.297653
3.296085
3.294877
3.293790
3.292589
3.291435
3.289388
3.286971
3.284640
3.282077
3.279740
3.277399
3.274810
3.272138
3.269902
3.267787
3.265565
3.263400
3.260976
3.258456
3.256006
3.253514
3.248497
3.242393
3.236355
3.229568
3.223374
3.217089
3.210004
3.202598
3.196060
3.189656
3.182877
3.176092
3.168555
3.160655
3.152779
3.144664
3.137664
3.131028
3.124098
3.117330
3.110074
3.102656
3.095425
3.088146
3.080058
3.071622
3.063172
3.054469
3.045974
3.037446
3.028646
3.019738
3.022814
3.030911
3.038376
3.049193
3.056920
3.064835
3.076350
3.089157
3.097334
3.104527
3.113286
3.121761
3.133660
3.147049
3.160007
3.173844
3.185149
3.195742
3.207350
3.218789
3.231537
3.244870
3.257980
3.271407
3.287294
3.304354
3.321635
3.339820
3.357639
3.375749
3.394813
3.414380
3.414351
3.406320
3.399664
3.387767
3.381383
3.375036
3.363037
3.349234
3.343409
3.339535
3.333405
3.328074
3.317406
3.304603
3.292840
3.279953
3.255969
3.226847
3.197050
3.163381
3.131660
3.098882
3.062008
3.023103
3.096728
3.216848
3.329981
3.473844
3.551881
3.615571
3.713854
3.813163
3.560049
3.161124
3.068188
2.999802
3.111137
3.342849
19.467496
17.729630
20.517592
18.543562
18.896050
18.486170
18.906494
19.569166
19.425351
19.139855
19.164355
19.168964
19.007135
18.797992
18.819960
18.900468
18.920711
18.967216
18.936548
18.878968
18.851422
18.815874
18.805578
18.805458
18.720522
18.606938
19.104308
19.839232
17.156970
19.654862
18.983210
19.028572
19.084907
19.146294
19.128803
19.081279
19.042470
18.984945
18.954609
18.927994
18.880901
18.829716
18.839519
18.871186
18.895826
18.934180
18.947719
18.956382
18.980255
19.005687
19.006230
18.998523
18.993625
18.983421
18.985306
18.990146
18.988994
18.987957
18.990380
18.993694
18.996931
19.000919
19.002370
19.003085
19.004686
19.006051
19.007662
19.009362
19.010813
19.012225
19.013623
19.014970
19.016277
19.017540
19.012832
19.005560
18.998500
18.989696
18.982288
18.974679
18.965207
18.954995
18.946975
18.939344
18.930839
18.922375
18.912123
18.901036
18.890063
18.878558
18.879063
18.884441
18.888752
18.896163
18.900196
18.904131
18.911414
18.919717
18.922614
18.924043
18.926788
18.928833
18.934159
18.940692
18.946370
18.952597
18.953364
18.951975
18.951382
18.949540
18.949281
18.949194
18.947752
18.945981
18.947344
18.949744
18.951658
18.954182
18.955229
18.955882
18.957227
18.958525
18.959793
18.961101
18.962367
18.963631
18.965066
18.966569
18.968061
18.969599
18.970916
18.972158
18.973457
18.974722
18.976080
18.977468
18.978817
18.980173
18.982036
18.984115
18.986179
18.988391
18.990476
18.992573
18.994830
18.997147
18.999294
19.001413
19.003603
19.005792
19.008127
19.010532
19.012931
19.015374
19.015167
19.013853
19.012699
19.010814
19.009613
19.008377
19.006356
19.004057
19.002832
19.001849
19.000527
18.999288
18.997290
18.994972
18.992770
18.990387
18.989175
18.988388
18.987365
18.986564
18.985344
18.984025
18.982952
18.981894
18.980078
18.977971
18.975914
18.973662
18.971681
18.969730
18.967565
18.965352
18.964505
18.964194
18.963772
18.963699
18.963184
18.962634
18.962463
18.962390
18.961773
18.961011
18.960376
18.959670
18.959302
18.959058
18.958727
18.958452
18.957393
18.956017
18.954733
18.953256
18.951997
18.950750
18.949295
18.947780
18.946672
18.945687
18.944620
18.943621
18.942403
18.941116
18.939905
18.938672
18.939801
18.941933
18.943940
18.946613
18.948716
18.950874
18.953746
18.956888
18.959085
18.961082
18.963404
18.965670
18.968635
18.971905
18.975091
18.978457
18.980846
18.982895
18.985173
18.987286
18.989780
18.992383
18.994800
18.997230
19.000338
19.003721
19.007086
19.010644
19.013993
19.017341
19.020899
19.024522
19.026901
19.028802
19.030828
19.032551
19.034702
19.036907
19.038780
19.040584
19.042916
19.045405
19.047795
19.050274
19.052458
19.054548
19.056741
19.058902
19.061805
19.065019
19.068168
19.071516
19.074684
19.077863
19.081252
19.084718
19.087829
19.090848
19.093962
19.097035
19.100329
19.103709
19.107037
19.110407
19.110156
19.108377
19.106798
19.104204
19.102512
19.100750
19.097901
19.094651
19.092845
19.091351
19.089371
19.087485
19.084543
19.081145
19.077884
19.074356
19.072383
19.070960
19.069194
19.067706
19.065630
19.063399
19.061476
19.059550
19.056577
19.053190
19.049847
19.046218
19.042932
19.039662
19.036082
19.032414
19.030603
19.029509
19.028241
19.027431
19.025994
19.024487
19.023480
19.022586
19.020921
19.019035
19.017303
19.015451
19.014043
19.012785
19.011385
19.010042
19.007600
19.004703
19.001911
18.998833
18.922709
18.815381
19.271139
19.944130
17.304683
19.674141
18.979027
18.976434
18.973521
18.970490
18.967545
18.964546
18.966224
18.969876
18.973272
18.977979
18.981529
18.985173
18.990222
18.995792
18.999494
19.002795
19.006725
19.010537
19.015715
19.021485
19.027079
19.033020
19.036971
19.040217
19.043908
19.047248
19.051344
19.055644
19.059551
19.063467
19.068731
19.074531
19.080279
19.086398
19.092080
19.097745
19.103813
19.109998
19.105882
19.097480
19.089647
19.078957
19.070997
19.062919
19.051771
19.039551
19.031310
19.023934
19.015252
19.006841
18.995530
18.982974
18.970813
18.957930
18.949883
18.943596
18.936356
18.930048
18.922007
18.913564
18.906152
18.898808
18.888391
18.876808
18.865435
18.853279
18.842243
18.831338
18.819577
18.807631
18.825853
18.856735
18.886118
18.923990
18.954115
18.984763
19.024521
19.067579
19.099165
19.128380
19.161580
19.194149
19.235354
19.280359
19.324371
19.370656
19.414009
19.457073
19.502609
19.548751
19.597444
19.647767
19.698628
19.750751
19.695613
19.595485
19.501292
19.377185
19.301828
19.233825
19.132800
19.026332
18.872613
18.692742
18.509012
18.306380
18.543794
18.959179
19.153283
19.383229
7.266450
8.233411
6.806545
9.184939
7.859957
6.488915
7.167502
8.304467
8.012449
7.544239
7.628429
7.713783
7.547147
7.332329
7.133971
6.893355
6.974466
7.174412
7.316872
7.524627
7.619561
7.691001
7.834440
7.985558
8.005949
7.981939
7.972086
7.933608
7.955770
7.991819
7.995733
7.998903
7.931485
7.830281
7.731095
7.609459
7.494551
7.372200
7.226336
7.067692
7.086812
7.173091
7.238289
7.344812
7.389110
7.424064
7.504312
7.592865
7.599254
7.579370
7.571985
7.548907
7.567227
7.597132
7.609106
7.623262
7.630871
7.634818
7.641164
7.646122
7.649314
7.651358
7.652060
7.651467
7.682325
7.725817
7.766600
7.815482
7.855112
7.894314
7.942277
7.992786
7.855294
7.639930
7.435377
7.179025
7.168013
7.238263
7.374241
7.602244
7.410109
7.089291
14.822311
14.797760
16.035683
15.028300
15.368812
15.364351
15.399959
15.433685
15.119291
14.660134
14.746725
14.960830
14.998784
15.079329
15.101044
15.099033
15.142248
15.187360
15.233696
15.286231
15.341036
15.399840
15.432503
15.456156
15.485095
15.509294
15.544280
15.582195
15.614780
15.647611
15.617151
15.559313
15.504416
15.431239
15.372035
15.310521
15.229506
15.140589
15.144612
15.182412
15.207871
15.253749
15.263773
15.266804
15.292419
15.320571
15.305451
15.275500
15.250219
15.215392
15.200256
15.189520
15.168091
15.146259
15.148048
15.158567
15.167566
15.182509
15.188121
15.192387
15.203197
15.215174
15.220035
15.223108
15.227747
15.231461
15.239971
15.250254
15.259385
15.269364
15.268935
15.264352
15.261088
15.255336
15.252559
15.250021
15.244791
15.238843
15.238442
15.239780
15.240114
15.241423
15.239899
15.237519
15.236263
15.234784
15.247526
15.266335
15.284309
15.306276
15.347350
15.398338
15.452630
15.514995
15.394589
15.200548
15.022772
14.798056
15.622113
16.872145
16.114692
14.813731
15.116942
15.635457
15.506231
15.372152
15.350537
15.305912
15.246268
15.181358
15.190627
15.227402
15.255408
15.300428
15.231807
15.121876
15.034386
14.925054
15.487914
16.328931
15.748331
14.764363
14.827314
-0.306898
-0.156489
-0.513252
-0.921562
0.029008
0.165259
0.586349
0.411951
0.031426
-0.035038
-0.127519
-0.224670
-0.302744
-0.405053
-0.509230
-0.308913
0.017522
0.328704
0.724740
0.651814
0.417494
0.291110
0.085363
0.068588
0.106459
0.054886
0.010872
0.001870
0.001837
0.007409
0.023276
0.010794
-0.008332
-0.015535
-0.023779
-0.012709
0.007354
0.025600
0.049333
0.070997
0.094160
0.123076
0.154924
0.143839
0.116469
0.094030
0.061512
0.043899
0.028427
0.001918
-0.026705
-0.035751
-0.038626
-0.044621
-0.046980
-0.059405
-0.074738
-0.085898
-0.097711
-0.090281
-0.074527
-0.060246
-0.040653
-0.025083
-0.008891
0.012961
0.037087
0.051960
0.064560
0.079958
0.094501
0.115135
0.138256
0.160252
0.183581
0.180824
0.167474
0.156618
0.139096
0.128815
0.118755
0.101503
0.082062
0.074847
0.071047
0.064397
0.059428
0.047264
0.032526
0.019816
0.006001
0.003496
0.005500
0.005888
0.008900
0.008740
0.008289
0.010678
0.013802
0.010427
0.004932
0.000501
-0.005159
-0.007693
-0.009361
-0.012428
-0.015352
-0.016966
-0.018103
-0.019161
-0.019824
-0.021092
-0.022424
-0.023320
-0.024124
-0.024876
-0.025517
-0.026061
-0.026507
-0.026748
-0.026845
-0.026848
-0.026723
-0.028131
-0.030121
-0.031910
-0.034050
-0.035668
-0.037207
-0.039128
-0.041121
-0.042350
-0.043327
-0.044414
-0.045348
-0.046650
-0.048048
-0.049274
-0.050510
-0.049752
-0.048131
-0.046606
-0.044506
-0.042848
-0.041120
-0.038778
-0.036189
-0.034408
-0.032791
-0.030877
-0.029000
-0.026510
-0.023744
-0.021039
-0.018167
-0.016032
-0.014140
-0.012042
-0.010049
-0.007738
-0.005318
-0.003018
-0.000684
0.002211
0.005347
0.008494
0.011817
0.014999
0.018205
0.021600
0.025072
0.027407
0.029315
0.031352
0.033124
0.035301
0.037539
0.039486
0.041381
0.043785
0.046350
0.117751
0.218572
-0.210386
-0.843687
1.636904
-0.590125
0.063722
0.067048
0.070330
0.073804
0.077131
0.080480
0.084035
0.087672
0.091001
0.094258
0.097616
0.100951
0.104499
0.108139
0.111746
0.115405
0.115742
0.114686
0.113826
0.112045
0.111108
0.110120
0.108143
0.105811
0.104822
0.104132
0.103009
0.101985
0.100002
0.097612
0.095362
0.092879
0.091841
0.091323
0.090504
0.089952
0.088873
0.087663
0.086752
0.085850
0.083997
0.081776
0.079609
0.077191
0.075103
0.073043
0.070710
0.068310
0.067632
0.067626
0.067474
0.067756
0.067475
0.067142
0.067282
0.067540
0.067101
0.066471
0.065997
0.065426
0.065276
0.065278
0.065162
0.065111
0.064062
0.062607
0.061262
0.059668
0.037620
0.006764
-0.023467
-0.059725
0.067868
0.262421
0.443675
0.667998
-0.072976
-1.205906
-0.484558
0.739891
0.435996
-0.086096
-0.006763
0.064389
0.043603
0.043548
0.043768
0.044085
0.043963
0.043729
0.112072
0.209495
-0.218792
-0.849877
1.612012
-0.602280
0.044057
0.043777
0.043570
0.043290
0.043134
0.043004
0.042795
0.042578
0.042601
0.042716
0.042810
0.042965
0.043028
0.043080
0.043196
0.043325
0.042825
0.042070
0.041355
0.040472
0.039773
0.039076
0.038198
0.037263
0.036570
0.035934
0.035227
0.034543
0.033692
0.032773
0.031884
0.030958
0.030362
0.029892
0.029369
0.028919
0.028363
0.027790
0.027296
0.026816
0.026146
0.025410
0.024698
0.023945
0.023276
0.022625
0.021928
0.021229
0.020280
0.019217
0.018164
0.017034
0.015950
0.014851
0.013672
0.012456
0.011342
0.010246
0.009107
0.007969
0.006748
0.005487
0.004231
0.002949
0.001739
0.000549
-0.000671
-0.001886
-0.003142
-0.004416
-0.005685
-0.006964
-0.008312
-0.009693
-0.011083
-0.012499
-0.013906
-0.015322
-0.016767
-0.018227
-0.019527
-0.020770
-0.022036
-0.023268
-0.024561
-0.025867
-0.027135
-0.028400
-0.029742
-0.031113
-0.032475
-0.033856
-0.035203
-0.036544
-0.037904
-0.039267
-0.040729
-0.042237
-0.043743
-0.045280
-0.046800
-0.048327
-0.049888
-0.051464
-0.053000
-0.054531
-0.056079
-0.057629
-0.059212
-0.060812
-0.062412
-0.064023
-0.036981
0.002248
0.040230
0.086427
-0.082428
-0.339070
-0.577945
-0.873172
0.099452
1.587018
0.637657
-0.973050
-0.573253
0.114046
0.010690
-0.081468
-0.053717
-0.053420
-0.052985
-0.052659
-0.052097
-0.051471
-0.050967
-0.050460
-0.049535
-0.048445
-0.047370
-0.046180
-0.045126
-0.044076
-0.042902
-0.041691
-0.041176
-0.040927
-0.040609
-0.040460
-0.040070
-0.039650
-0.039414
-0.039217
-0.038728
-0.038153
-0.037632
-0.037062
-0.036655
-0.036301
-0.035890
-0.035497
-0.034684
-0.033694
-0.032740
-0.031675
-0.030711
-0.029741
-0.028651
-0.027519
-0.026586
-0.025706
-0.024772
-0.023860
-0.022824
-0.021739
-0.020683
-0.019603
-0.019203
-0.019086
-0.018914
-0.018924
-0.018755
-0.018590
-0.018619
-0.018713
-0.018507
-0.018223
-0.018022
-0.017788
-0.017747
-0.017782
-0.017775
-0.017806
-0.017549
-0.017182
-0.016867
-0.016493
-0.016211
-0.015947
-0.015617
-0.015277
-0.015116
-0.015021
-0.014906
-0.014833
-0.014688
-0.014529
-0.014416
-0.014308
-0.013793
-0.013112
-0.012455
-0.011687
-0.011037
-0.010388
-0.009619
-0.008812
-0.008157
-0.007536
-0.006868
-0.006212
-0.005448
-0.004637
-0.003844
-0.003025
-0.002421
-0.001897
-0.001338
-0.000825
-0.000240
0.000357
0.000905
0.001445
0.002111
0.002821
0.003518
0.004243
0.004915
0.005577
0.006270
0.006966
0.007204
0.007253
0.007325
0.007269
0.007337
0.007399
0.007324
0.007201
0.007248
0.007330
0.007355
0.007389
0.007296
0.007147
0.007014
0.006847
0.006904
0.007042
0.007136
0.007274
0.007330
0.007368
0.007454
0.007542
0.007490
0.007385
0.007288
0.007156
0.007076
0.007001
0.006887
0.006764
0.006833
0.006974
0.007098
0.007269
0.007374
0.007471
0.007620
0.007780
0.007863
0.007924
0.008001
0.008066
0.008175
0.008299
0.008410
0.008526
0.008524
0.008473
0.008433
0.008362
0.008321
0.008280
0.008205
0.008119
0.008090
0.008077
0.008049
0.008029
0.007974
0.007907
0.007848
0.007783
0.008006
0.008348
0.008672
0.009075
0.009406
0.009741
0.010161
0.010610
0.010941
0.011244
0.011584
0.011914
0.012327
0.012775
0.013209
0.013663
0.013996
0.014285
0.014599
0.014890
0.015225
0.015570
0.015890
0.016209
0.016608
0.017037
0.017462
0.017908
0.018325
0.018740
0.019177
0.019620
0.019905
0.020127
0.020362
0.020556
0.020801
0.021049
0.021254
0.021446
0.021702
0.021974
0.022232
0.022497
0.022723
0.022934
0.023155
0.023369
0.023672
0.024011
0.024340
0.024690
0.025015
0.025338
0.025684
0.026037
0.026343
0.026635
0.026935
0.027228
0.027545
0.027870
0.028186
0.028504
0.028958
0.029470
0.029978
0.030526
0.031041
0.031560
0.032122
0.032700
0.033233
0.033759
0.034304
0.034849
0.035434
0.036038
0.036641
0.037256
0.037807
0.038336
0.038881
0.039415
0.039977
0.040547
0.041105
0.041665
0.042270
0.042893
0.043516
0.044152
0.044776
0.045400
0.046039
0.046684
0.047278
0.047856
0.048442
0.049017
0.049614
0.050215
0.050806
0.051396
0.052010
0.052633
0.053255
0.053883
0.054501
0.055119
0.055743
0.056368
0.057030
0.057707
0.058385
0.059074
0.059758
0.060445
0.061144
0.061849
0.062541
0.063231
0.063929
0.064628
0.065339
0.066056
0.066774
0.067497
0.068132
0.068733
0.069342
0.069930
0.070543
0.071157
0.071748
0.072332
0.072956
0.073591
0.074218
0.074850
0.075459
0.076060
0.076669
0.077273
0.077919
0.078581
0.079239
0.079906
0.080562
0.081218
0.081884
0.082554
0.083201
0.083842
0.084487
0.085128
0.085780
0.086437
0.087089
0.087742
0.088447
0.089173
0.089899
0.090640
0.091368
0.092098
0.092844
0.093597
0.094332
0.095066
0.095807
0.096548
0.097304
0.098067
0.098831
0.099599
0.100342
0.101077
0.101818
0.102555
0.103302
0.104053
0.104799
0.105546
0.106311
0.107083
0.107854
0.108631
0.109403
0.110175
0.110953
0.111734
