-0.084320
-0.054065
-0.204149
-0.017228
-0.022432
-0.116488
-0.107005
-0.027389
0.055475
-0.067526
0.096147
0.008449
0.260114
0.045143
0.104003
-0.015412
0.044154
-0.017586
-0.086945
-0.038382
-0.016844
-0.042004
0.007359
-0.105135
0.124199
-0.151497
-0.049192
-0.090534
0.034267
0.188124
-0.003993
-0.085667
-0.117342
0.032867
-0.001103
-0.006466
-0.071502
-0.147945
-0.143699
-0.052892
-0.004627
-0.060917
0.038958
-0.055803
-0.260456
-0.052052
0.217333
-0.040303
0.006577
0.129562
-0.196906
0.121693
0.038625
-0.032833
-0.144483
-0.116702
-0.060873
0.154802
0.057207
0.245808
-0.091617
-0.070499
0.042816
-0.020413
-0.031514
0.008282
-0.026265
-0.047483
0.026205
0.083269
0.012411
-0.043144
-0.018547
0.025006
0.019913
-0.195066
0.014598
0.271872
-0.047952
-0.037696
-0.596063
0.078201
-0.049933
-0.012135
-0.026686
0.079280
-0.025823
0.005943
0.183770
-0.083592
0.019960
-0.069176
-0.032871
-0.045450
0.121365
0.043055
0.116338
-0.008635
0.000147
0.138053
-0.057563
-0.058916
0.024101
0.027051
0.111703
0.015099
-0.044351
-0.099638
0.004116
0.047680
-0.040375
0.028232
0.062595
0.008468
0.191772
-0.274958
-0.137023
-0.041980
-0.082193
-0.107456
0.011734
-0.016308
0.032087
0.143083
-0.096429
0.091561
-0.301054
0.193783
0.027100
0.086307
-0.007144
0.211556
-0.067638
0.050125
0.069471
0.093501
-0.039298
0.014671
-0.229378
0.078084
0.023576
-0.105311
-0.067067
0.143218
-0.053206
0.076663
-0.114644
0.094905
-0.028327
0.020678
-0.056236
0.048243
-0.056668
0.022540
-0.038200
0.193423
0.105818
-0.025818
0.254290
0.001738
0.010171
-0.026838
-0.016448
-0.002244
-0.158257
-0.027862
0.050273
-0.008479
0.134060
0.132823
0.026921
-0.041335
0.030491
-0.129380
-0.009775
0.010735
-0.083466
-0.063010
-0.088537
0.013093
0.278474
-0.042094
0.022970
-0.035382
-0.126329
0.103890
-0.032092
0.040207
0.403981
-0.049165
0.043777
-0.037477
-0.039221
0.058546
-0.061322
-0.011828
-0.091332
-0.004996
-0.054422
-0.035024
0.141856
0.031746
-0.107473
-0.098331
0.074915
0.185699
0.202529
0.050257
0.004693
-0.124139
-0.075209
0.142282
-0.004625
-0.009043
0.023343
-0.040637
-0.087349
-0.036960
0.019624
-0.141501
-0.292116
0.429153
0.009260
0.290364
0.018496
0.018405
-0.022140
-0.014840
0.023258
0.152872
0.046635
0.005911
-0.004742
-0.019943
-0.039482
-0.180279
-0.004997
-0.121014
0.059526
0.047743
-0.095978
0.014935
-0.003891
0.011870
-0.115266
-0.033174
0.031161
0.007860
0.012675
0.013376
0.079435
-0.019609
-0.038012
-0.160178
-0.032945
0.042543
0.027351
-0.078668
-0.007988
0.065386
0.051676
0.008505
0.097167
-0.005151
-0.139553
0.047667
0.001824
0.004152
0.047180
0.149934
0.038689
0.040342
-0.119034
0.110117
-0.032231
-0.046512
0.353380
-0.052320
0.048366
0.027922
-0.244890
-0.046262
-0.007182
0.075466
0.012275
0.040467
-0.006839
0.071586
0.011053
0.004879
0.052084
0.080870
-0.045181
0.036590
-0.053460
0.022397
0.088573
0.025012
-0.083099
0.026590
-0.020529
-0.276149
-0.065591
0.021069
0.078385
-0.004001
-0.061271
0.224029
-0.014734
0.076300
-0.002165
-0.118996
0.040650
0.048125
-0.088550
-0.089428
0.000868
0.275221
0.010232
0.010981
-0.044940
0.087280
-0.033747
-0.047682
0.012411
-0.051818
-0.033184
0.148073
0.069032
-0.053881
-0.056840
-0.002662
-0.173712
-0.024679
0.032823
-0.089147
0.156548
0.047064
0.069309
0.018717
0.079847
-0.050520
-0.103194
0.067235
0.060047
-0.031188
-0.013030
-0.053837
0.025445
-0.091392
-0.000013
0.148997
-0.049651
-0.229009
0.007578
0.009323
0.002427
-0.278051
0.037712
-0.103294
-0.193290
-0.090295
0.014285
0.026946
-0.021210
0.057981
0.039672
0.088122
-0.043579
-0.020284
0.072115
-0.032485
-0.092633
-0.023119
0.098564
-0.159444
-0.013825
-0.075560
0.011683
-0.038943
0.069441
-0.001058
0.049138
0.026362
0.055122
-0.199028
0.010479
0.203823
-0.007795
-0.017244
0.131595
-0.083899
-0.007012
-0.088550
-0.095679
0.057870
0.145448
0.028796
0.010520
-0.093584
-0.144922
-0.022703
0.024905
-0.052157
-0.242923
0.032299
0.104100
-0.156595
0.025406
14.748356
14.599261
14.596413
14.587491
14.666161
14.481451
14.772853
14.820966
14.824305
14.611484
14.681244
14.752028
14.580488
14.924063
14.688306
14.558200
14.597885
14.677255
14.575651
14.732407
14.652005
14.638410
14.822376
14.668934
14.461770
14.646020
14.546153
14.578720
14.508881
14.746497
14.528980
14.588690
14.637752
14.634050
14.619002
14.525744
14.668809
14.372329
14.686150
14.542050
14.677110
14.740880
14.600139
14.754088
14.626918
14.641357
14.634943
14.599866
14.677684
14.663517
14.297404
14.609613
14.595598
14.611822
14.578589
14.797772
14.611936
14.546174
14.816584
15.002138
14.560554
14.574673
14.420755
14.496744
14.697387
14.638030
14.654628
14.626662
14.888118
14.564446
14.614427
14.736976
14.662942
14.490866
14.477423
14.709058
14.624287
14.618777
14.616995
14.724641
14.606289
14.627750
14.529804
14.671233
14.555629
14.297956
14.765678
14.665223
14.580989
14.556649
14.642830
14.686922
14.641345
14.568408
14.632397
14.621480
14.712297
14.768055
14.651360
14.515785
14.646000
14.553100
14.450923
14.617237
14.640822
14.596041
14.571776
14.634801
14.666777
14.520251
14.504181
14.596813
14.617689
14.610286
14.640043
14.547666
14.834630
14.608567
14.618304
14.849680
14.576028
14.671313
14.689654
-3.672784
-3.722016
-4.008624
-3.682356
-3.817275
-3.643833
-3.661185
-3.646398
-3.560339
-3.687365
-3.660601
-3.661626
-3.705365
-3.656398
-3.635297
-3.735615
-4.022251
-3.491961
-3.630742
-3.704931
-3.729263
-3.835529
-3.670399
-3.671035
-3.549449
-3.862299
-3.787445
-3.519059
-3.580151
-3.685197
-3.726793
-3.624543
-3.708998
-3.540288
-3.612630
-3.684236
-3.546892
-3.491491
-3.496101
-3.654125
-3.793303
-3.721305
-3.651126
-3.662758
-3.597704
-3.668542
-3.743926
-3.695551
-3.659288
-3.729085
-3.593694
-3.609670
-3.624752
-3.579304
-3.672421
-3.659025
-3.737630
-3.602169
-3.707131
-3.579002
-3.753467
-3.591581
-3.584718
-3.507369
-3.693792
-3.630408
-3.832467
-3.593409
-3.697545
-3.687324
-3.621517
-3.685508
-3.543694
-3.619510
-3.541983
-3.677534
-3.616138
-3.635881
-3.560711
-3.711834
-3.684662
-3.563951
7.273984
7.448265
7.326272
7.640724
7.427586
7.365206
7.309942
7.347872
7.490603
7.313040
7.243395
7.312567
7.204869
7.331075
7.358396
7.426968
7.293018
7.324545
7.262872
7.156302
7.265768
7.412990
7.328214
7.223087
7.352723
7.162939
7.350680
7.378032
7.326684
7.351488
7.703171
7.300487
7.256077
7.558073
7.422484
7.317270
7.143605
7.322188
7.530923
7.241423
7.343520
7.244472
7.232495
7.304074
7.305197
7.370854
7.399897
7.453212
7.154328
7.290589
7.397817
7.310348
7.328981
7.289825
7.320350
7.386562
7.289559
7.482590
7.222628
7.268853
7.474938
7.127888
7.467090
7.337118
7.296240
7.298410
7.204357
7.224731
7.251799
7.551210
7.340481
7.254058
7.378027
7.277212
7.237997
7.373516
7.303501
7.370528
7.369116
7.310005
7.310228
7.328394
7.282176
7.276210
7.336096
7.328324
7.271641
7.317114
7.320688
7.511794
7.377468
7.264482
7.285832
7.309553
7.390560
7.331763
7.271848
7.316489
7.308640
7.322478
7.392356
7.398749
7.305155
7.312723
7.322672
7.219144
7.332967
7.199663
7.201767
7.320311
7.301539
7.266805
7.264511
7.516665
7.277213
7.256381
7.288582
7.323656
7.474010
7.241310
7.132969
7.256870
7.231999
7.327132
7.415106
7.232978
7.432926
7.293839
7.340906
7.258254
7.278918
7.291706
7.228968
7.284859
7.302859
7.396948
7.297756
7.311889
7.333307
7.227801
7.335530
7.219197
7.244870
7.247649
7.548001
7.311877
7.276823
7.400597
7.311990
7.361925
7.219202
7.283619
7.299055
7.311572
7.312875
7.334124
7.336806
7.309533
7.348257
7.290768
7.316263
7.352929
7.364886
7.260287
7.292809
7.372486
7.185038
7.328056
7.207514
7.291661
7.299737
7.424037
7.311777
7.229949
7.255480
7.174336
7.314655
7.272391
7.384629
7.313614
7.235757
7.394593
7.367696
7.214527
7.220743
7.418456
7.555487
7.326508
7.321647
7.191582
7.552661
7.399167
7.566291
7.278833
7.308917
7.544397
7.367926
7.295109
7.354949
7.375314
7.637612
7.093644
7.465401
7.296099
7.385115
7.320857
7.060008
7.308641
7.347438
7.333730
7.426229
7.372145
7.334553
7.305656
7.230283
7.403216
7.443324
7.384334
6.702025
7.302397
7.421221
7.321148
7.320747
7.339627
7.236008
7.289231
7.317722
7.235433
7.336857
7.516214
7.201281
7.257294
7.380434
7.337237
7.468016
7.348380
7.363606
7.305125
7.318941
7.494701
7.584957
7.321116
7.570837
7.342863
7.304747
7.324667
7.278052
7.323995
7.311364
7.332707
7.304680
7.375523
7.411662
7.346906
7.308468
7.299774
7.293934
7.386685
7.367180
7.208253
7.237525
7.306183
7.426655
7.318196
7.344904
7.389626
7.262994
7.380240
7.267011
7.283948
7.439780
7.337598
7.510147
7.260414
7.231062
7.270662
7.318988
7.308429
7.267988
7.198326
7.181507
7.189083
7.286658
7.250758
7.122696
7.384420
7.469619
7.421051
7.437986
7.350956
7.206754
7.251005
7.327089
7.306380
7.154761
7.321655
7.163141
7.305146
7.336901
7.477062
7.332306
7.272247
7.342258
7.305453
7.340130
7.287302
7.298304
7.314483
7.314103
7.407603
7.409214
7.273709
7.236366
7.446492
7.284598
7.347691
7.197350
7.319935
7.371123
7.353361
7.317998
7.313060
7.302614
7.654061
7.351929
7.466462
7.347551
7.281387
-7.426940
-7.344468
-7.410050
-7.052851
-7.123726
-7.361522
-7.367697
-7.243703
-7.312474
-7.349642
-7.414588
-7.365606
-7.293299
-7.306927
-7.289973
-7.319650
-7.293866
-7.519832
-7.190969
-7.337118
-7.282021
-7.011700
-7.288624
-7.417616
-7.218452
-7.132530
-7.292409
-7.189674
-7.438773
-7.310515
-7.351983
-7.403534
-7.072116
-7.585000
-7.341058
-7.169705
-7.310284
-7.332824
-7.330880
-7.366998
-7.315581
-7.342545
-7.239342
-7.354033
-7.414687
-7.350137
-7.351394
-7.228583
-7.220586
-7.197918
-7.123693
-7.312789
-7.449738
-7.325284
-7.321645
-7.431145
-7.413533
-7.179618
-7.300812
-7.106334
-7.281037
-7.464586
-7.310397
-7.430345
-7.421762
-7.234887
-7.244896
-7.279381
-7.344485
-7.248821
-7.375197
-7.474676
-7.352427
-7.405139
-7.289653
-7.325729
-7.288683
-7.333391
-7.138568
-7.343720
-7.299886
1.763125
11.054414
10.918837
10.886199
10.955571
10.896664
10.765086
10.960247
10.938794
11.021795
10.909595
10.920235
11.022926
10.909814
10.980602
11.095922
10.991870
11.280279
10.989514
10.775146
10.914696
11.028592
11.014716
10.934968
10.937160
10.770213
11.030647
11.085283
10.870651
10.944210
10.957888
10.913704
10.776529
10.688490
11.009847
10.992163
10.966588
10.942230
11.013331
10.906236
10.867261
11.004611
11.074673
10.928214
10.807267
10.980663
11.006202
10.925625
10.996632
10.964316
10.845095
10.958455
10.889753
10.955893
10.930781
11.046883
10.864599
10.917221
10.990902
10.973413
10.788471
10.870446
11.035656
10.936861
10.949054
11.017310
10.955811
11.043294
10.939503
10.954222
11.114822
10.893618
10.948811
11.075822
10.964391
11.024892
10.977490
10.988350
10.882730
10.882743
10.979436
10.969037
10.971311
10.844364
11.003286
11.123290
11.059013
11.081497
11.000344
11.103507
11.005687
10.982911
10.845680
10.971152
10.921483
10.976642
10.955399
11.008777
10.859377
10.829654
10.994280
10.979121
10.874141
10.923506
10.989117
10.964534
10.953441
10.947594
10.859952
10.959285
10.969437
10.898323
11.012180
11.020960
10.973779
10.992845
11.106555
10.967186
10.977995
10.965930
10.969148
10.979423
10.743874
11.064096
10.825612
10.781757
11.055062
10.918250
11.042619
10.980788
10.963416
10.829545
11.176621
10.849064
10.963493
11.019811
10.958807
10.934101
10.951505
10.970840
10.955134
11.116568
10.993429
11.039611
11.020594
11.009427
11.144298
11.094645
11.048482
10.935730
11.065946
11.047917
10.952124
10.948740
11.296944
10.907927
11.032150
10.991328
11.094491
10.965951
10.987985
11.164044
10.939371
11.067428
10.870665
11.011909
10.996542
10.984038
10.935084
10.879238
10.996391
10.937512
10.986296
10.959265
10.976011
10.979567
10.883967
10.917441
10.869087
10.967033
10.934966
10.886021
10.954012
10.958350
10.950676
10.967802
10.851702
10.852099
10.945419
11.065136
11.175039
10.836418
10.937376
10.842894
10.974434
10.907350
10.962054
10.953790
11.063826
11.099353
11.047227
11.087831
11.045225
11.020614
11.121505
10.955845
11.069989
10.929390
10.974717
10.981986
11.047397
10.909160
11.062247
11.022739
11.062286
10.854909
10.827656
11.022139
10.933170
11.075231
10.963366
11.140527
11.032075
10.987150
10.995312
10.974302
11.018767
11.098342
11.086326
10.796836
10.948788
11.158948
11.049334
10.690597
10.860359
11.081209
10.777348
11.095457
10.984224
11.029628
10.904113
10.962853
10.989994
10.978864
10.883811
10.882291
10.838376
10.965264
10.957509
10.823730
10.962224
10.893277
10.990396
10.880046
10.972364
10.962457
10.923178
11.066282
11.067433
10.935313
10.981596
11.004438
10.936532
11.009418
10.940973
11.079003
10.980496
10.915165
10.980007
10.869943
10.929813
11.100586
11.109227
10.844010
10.843820
10.982254
11.023256
10.858533
11.007460
11.064238
11.068181
10.935873
10.982826
10.839745
10.891557
10.920298
10.908223
10.964681
10.959186
11.484797
11.029272
10.981367
11.029115
11.052330
10.920050
10.995805
10.970448
11.006813
11.082557
10.970455
10.970087
10.996767
10.944703
10.951770
10.828400
11.030411
10.796726
10.937994
10.937619
11.197245
10.930908
11.080385
10.723546
10.907911
10.839385
11.075727
11.017335
10.819198
10.904602
11.019002
11.165411
10.965944
11.087306
10.834327
11.089380
11.056805
10.959328
10.982346
11.005414
10.974274
10.964742
11.001538
10.981427
10.917185
11.007412
10.909884
11.059549
10.934925
10.962640
10.954973
10.989129
10.981696
10.972796
11.068218
10.972031
10.974677
11.050247
11.037761
10.876842
10.990841
11.001734
10.981653
11.063787
10.989113
11.299517
10.953094
10.794655
11.067787
11.003180
10.973820
10.956130
11.017163
11.028495
10.944558
10.903508
10.923488
10.984484
11.166984
11.235148
10.907699
10.954867
10.888211
10.921057
11.090355
11.022681
10.944586
10.942008
10.916010
11.020363
10.908551
10.984759
10.975383
10.963511
10.982537
10.907465
11.004002
11.075955
10.921047
10.939746
11.036511
10.925641
10.984628
11.137965
11.059486
10.758985
11.050172
11.016192
10.982968
10.920967
11.094422
11.116187
10.968358
11.060908
11.044524
10.999794
11.167989
11.065779
10.941494
10.880928
11.132467
11.056999
11.003980
10.898427
11.081065
10.902539
11.022323
10.980350
10.870401
10.986449
11.097474
11.015089
10.982272
11.014778
10.969049
11.018475
10.881494
11.020731
10.918508
10.983531
11.104436
10.980318
11.000956
11.004532
10.993600
10.980631
10.892048
10.887663
10.937659
11.045898
10.943140
11.188463
10.898311
10.913397
11.027795
11.233037
11.021834
10.989386
10.989516
10.920173
10.943286
10.791101
11.044148
11.044980
11.081453
10.973486
10.983274
11.013906
11.067475
10.997586
11.005417
11.007604
11.009763
10.973506
11.051731
10.904840
10.913269
10.962487
10.908972
10.879966
10.744548
11.098917
11.053315
10.934954
10.949193
10.894506
11.058528
10.907364
10.827892
10.919999
11.065882
11.009706
10.948416
10.997163
11.117913
10.825677
11.148097
10.883026
11.001639
11.040480
10.750929
10.942201
10.984649
10.865159
10.909191
10.940886
10.974392
10.933156
11.193776
11.196373
11.025509
11.005073
11.159386
11.009556
10.950613
10.883488
10.992877
11.129820
10.894380
10.834403
10.882191
11.076577
11.145666
11.000630
11.013222
10.989596
11.202589
11.022276
11.005874
11.266470
10.949661
11.027818
10.927289
11.045696
10.970711
11.149705
10.978756
11.282150
10.978899
10.840133
11.148972
10.865073
10.791535
10.997922
11.015964
10.945509
11.087735
10.972579
10.629052
11.065348
10.807680
10.873283
11.200698
10.991231
11.032827
10.958517
11.118302
10.908927
10.658199
11.112338
10.964026
11.006135
10.841148
11.125561
10.983812
10.978515
11.009547
11.027512
11.152234
10.984081
11.034342
10.919341
10.917500
10.920877
11.147253
10.957965
10.944793
10.930674
10.844177
10.904146
11.060087
10.991360
11.137122
11.026198
11.017646
10.949338
10.840510
10.992256
10.881653
11.029325
10.972539
10.956787
10.985868
11.029412
10.927417
10.986516
11.016230
10.855495
11.047970
10.993636
11.052426
10.826101
10.819271
10.886489
10.907046
10.993840
10.966251
11.096159
11.015048
11.023942
10.917546
10.998594
10.953259
10.963003
10.995601
10.937335
10.904223
10.905508
11.001914
10.934394
11.076052
10.710342
10.967610
11.003226
10.878880
11.017260
-4.477738
-4.305065
-4.251806
-4.571050
-4.478728
-4.593380
-4.513100
-4.395723
-4.381033
-4.417835
-4.321466
-4.336910
-4.388458
-4.340865
-4.372201
-4.386912
-4.403792
-4.321645
-4.357295
-4.337860
-4.266835
-4.394204
-4.525279
-4.661447
-4.550106
-4.436214
-4.347690
-4.500196
-4.311380
-4.563162
-4.298432
-4.600522
-4.384021
-4.444808
-4.315934
-4.407527
-4.370462
-4.588141
-4.383285
-4.507119
-4.358530
-4.357739
-4.395347
-4.262733
-4.412561
-4.415118
-4.464148
-4.407642
-4.263446
-4.426235
-4.522206
-4.467608
-4.380780
-4.348136
-4.299563
-4.228825
-4.227692
-4.374367
-4.386545
-4.658316
-4.439753
-4.547854
-4.382381
-4.618722
-4.427747
-4.393615
-4.402284
-4.662416
-4.376785
-4.403275
-4.374604
-4.152871
-4.381041
-4.385762
-4.252532
-4.331519
-4.435998
-4.484380
-4.345823
-4.424700
-4.361455
-4.390933
-4.397834
-4.421178
-4.346426
-4.327856
-4.373022
-4.437053
-4.506662
-4.503924
-4.268164
-4.376110
-4.378556
-4.295460
-4.366664
-4.221292
-4.336900
-4.572938
-4.671845
-4.428207
-4.397525
-4.416369
-4.348949
-4.454613
-4.621351
-4.455120
-4.279394
-4.360469
-4.468604
-4.422372
-4.537712
-4.340183
-4.327087
-4.432088
-4.352107
-4.365138
-4.313067
-4.408485
-4.435878
-4.381184
-4.375570
-4.494797
-4.414100
-4.347831
-4.291403
-4.381568
-4.440506
-4.124000
-4.256301
-4.636101
-4.502379
-4.789742
-4.390000
-4.354646
-4.489248
-4.408353
-4.412154
-4.355937
-4.422146
-4.470808
-4.412921
-4.422475
-4.412950
-4.324924
-4.479035
-4.368907
-4.384394
-4.391089
-4.509595
-4.399880
-4.376717
-4.456918
-4.329642
-4.397985
-4.423454
-4.426890
-4.368652
-4.216224
-4.465660
-4.156489
-4.474412
-4.666488
-4.375368
-4.370677
3.315788
3.156957
3.341750
3.292096
3.472689
3.175872
3.284564
3.288293
3.419406
3.254811
3.665475
3.439498
3.610388
3.207235
3.146676
3.320788
3.197736
3.118590
3.325190
3.281366
3.312244
3.620264
3.273768
3.413933
3.361838
3.112803
3.253906
3.262830
3.328947
3.297868
3.328607
3.256903
3.478710
3.357604
3.273066
3.257311
3.255279
3.336561
3.259490
3.104046
3.246014
3.322454
3.278416
3.306654
3.320722
3.386220
3.227305
3.239378
3.445054
3.291376
3.291285
3.348695
3.305397
3.205420
3.272616
3.369338
3.297949
3.320280
3.293999
3.235035
3.474277
3.330451
3.246973
3.128228
3.290757
3.280773
3.343167
3.317468
3.165797
3.219524
3.254566
3.456252
3.431118
3.315950
3.416778
3.269139
3.341271
3.527623
3.288720
3.374133
3.307187
3.275345
3.216655
3.262506
3.287091
3.305151
3.340549
3.327500
3.328950
3.333558
3.318567
3.236596
3.188211
3.106272
3.455028
3.281699
3.293441
3.165999
3.221886
3.394704
3.387198
3.393071
3.298889
3.286298
3.378400
3.371914
3.108022
3.133498
3.198999
3.318740
3.288011
3.280949
3.287688
3.285462
3.286823
3.219700
3.340735
3.408543
3.219649
3.302944
3.343259
3.574117
3.243914
3.267038
3.109570
3.337671
3.307340
3.183972
3.244664
3.270974
3.273328
3.482832
3.025526
3.287226
3.272742
3.171439
3.277502
3.231836
3.232515
3.303406
3.571331
3.457030
2.995470
3.364997
3.395511
3.269605
3.306626
3.408120
3.279854
3.427440
3.276992
3.283701
3.295028
3.242333
3.464511
3.281801
3.415889
3.037079
3.312634
3.588861
3.342161
3.360198
3.089519
3.342610
3.206651
3.276308
3.301545
3.351998
3.001443
3.414526
3.281381
3.217283
3.491876
3.284418
3.148775
3.368222
3.276832
3.215471
3.313506
3.299881
3.301927
3.326336
3.302221
3.226939
3.572192
3.426882
3.295556
3.315733
3.253772
3.218786
3.236980
3.388861
3.183903
3.292511
3.192196
3.277331
3.387716
3.499077
3.018375
3.456355
3.198905
3.324195
3.261373
3.209835
3.239459
3.286706
3.264457
3.209428
3.252704
3.273116
3.341960
3.409790
3.324159
3.307758
3.262777
3.304033
3.319278
3.283409
3.448388
3.254064
3.247041
3.262918
3.297274
3.428456
3.229259
3.362450
3.245619
3.274124
3.281233
3.208485
3.437484
3.308585
3.227242
3.247839
3.277461
3.260283
3.282744
3.387534
3.261764
3.171544
3.317374
3.251446
3.142868
3.326766
3.208446
3.295525
3.193027
3.284260
3.250707
3.236688
3.169156
3.243852
3.320076
3.143815
3.263842
3.244626
3.167996
3.274083
3.322780
3.328798
3.405559
3.432681
3.296616
3.293906
3.279400
3.095424
3.224210
3.229652
3.412233
3.131770
3.337357
3.365603
3.316485
3.279245
3.335589
3.392987
3.203215
3.202354
3.277351
3.331925
3.322400
3.219562
3.387280
3.284680
3.357731
3.274391
3.424134
3.327235
3.275407
2.928021
3.288487
3.315071
3.269136
3.283751
3.336336
3.539714
3.064638
3.314989
3.248082
3.339045
3.134220
3.236938
3.302080
3.302609
3.257903
3.241166
3.266772
3.173435
3.349432
3.535292
3.302646
3.214348
3.197543
3.148016
3.176494
3.329336
3.179987
3.194856
3.261164
3.207551
3.262678
3.365102
3.268856
3.312161
3.296872
3.173296
3.335221
3.158879
3.348488
3.287388
3.262714
3.310332
3.319154
3.265740
3.295411
3.196484
3.287303
3.441966
3.171032
3.326727
3.261162
3.571220
3.327577
3.242974
3.299837
3.381918
2.947118
3.292651
3.336575
3.245492
3.317883
3.324619
3.286232
3.323994
2.925216
3.305967
3.284765
3.370991
3.187541
3.425452
3.370664
3.251124
3.325563
3.258236
3.303775
3.307766
3.194344
3.176111
3.406503
3.288752
3.276062
3.256250
3.261569
3.204077
3.252196
3.214469
3.403047
3.285740
3.279805
3.095751
3.306734
3.284930
3.293484
3.178524
3.173774
3.248477
3.389949
3.532020
3.331314
3.409701
3.317999
3.261116
3.301387
3.224055
3.236645
3.346519
3.390780
3.341688
3.357601
3.240784
3.290059
3.423673
3.203964
3.283701
3.288661
3.199927
3.231139
3.250113
3.254892
3.324524
3.251527
3.285363
3.352424
3.347013
3.197385
3.208844
3.461393
3.200824
3.211421
3.276586
3.364711
3.318759
3.041306
3.305892
3.189539
3.288147
3.309355
3.330072
3.353403
3.268399
3.391986
3.219731
3.144527
3.328665
3.288351
3.277990
3.248215
3.235177
3.289176
3.254429
3.291534
3.410451
3.306381
3.102298
3.634800
3.299946
3.291443
3.255652
3.550325
3.300183
3.380031
3.351045
3.349235
3.290359
3.274542
3.350745
3.220870
3.344085
3.313111
3.300068
3.298981
3.284972
3.414629
3.307250
3.282627
3.324683
3.252460
3.430351
3.332383
3.352007
3.289503
3.286966
3.349131
3.434382
3.141509
3.282244
3.251971
3.157177
3.309557
3.320699
3.142169
3.336227
3.550412
3.365604
3.327076
3.372074
3.241609
3.397353
3.342872
3.287435
3.289367
2.762935
3.327317
3.275404
3.338309
3.288095
3.356475
3.282810
3.318831
3.390143
3.355532
3.350165
3.355111
3.206825
3.300033
3.370239
3.290669
3.237797
3.263893
3.245399
3.464563
3.494956
3.366875
3.494594
3.268493
3.379122
3.230690
3.509875
3.212874
3.352177
3.218027
3.308465
3.350397
3.457147
3.271044
3.293040
3.389549
3.481251
3.193651
3.320528
3.268998
3.318725
3.233867
3.425234
3.386995
3.296862
3.151861
3.408017
3.092189
3.148421
3.266820
3.044323
3.153890
3.266668
3.298262
3.748795
3.340347
3.295628
3.368256
3.349289
3.273390
3.304089
3.268344
3.247518
3.218498
3.217360
3.202125
3.359511
3.290157
3.237457
3.350830
3.306438
3.309206
3.328274
3.293645
3.610683
3.298542
3.315620
3.320170
3.312375
3.369577
3.199494
3.276686
3.249464
3.230956
3.213232
3.309397
3.328427
3.280289
3.239323
3.374903
3.252858
3.353960
3.240507
3.324242
3.386470
3.142753
3.129790
3.385130
3.286497
3.286689
3.286592
3.385141
3.364362
3.322427
3.252044
3.438429
3.522757
3.421244
3.205553
3.681972
3.405108
3.134416
3.330506
3.156913
3.521099
3.238331
3.335872
3.213530
3.215162
3.260560
3.259953
3.315611
3.378748
3.189047
3.396442
3.635436
3.204793
3.336585
3.407829
3.318327
3.285260
3.327353
3.061191
3.331992
3.240317
3.388951
3.373723
3.218400
3.165063
3.335816
3.307799
3.254694
3.395250
3.186612
3.167023
3.317313
3.198035
3.271581
3.343064
3.315156
3.328442
3.300114
3.284957
3.274450
3.271620
3.214451
3.228122
3.132784
3.236217
3.345716
3.200935
3.347168
3.317584
3.357102
3.292847
3.001613
3.240543
3.341827
3.167058
3.269020
3.309059
3.416498
3.309822
3.269461
3.245920
3.382783
3.387492
3.021407
3.303637
3.295942
3.289590
3.265114
3.381084
3.368490
3.263224
3.296815
3.342170
3.258348
3.331806
3.304801
3.363517
3.159100
3.340061
3.211281
3.188048
3.310668
3.309219
3.427882
3.220777
3.337807
3.192923
3.279724
3.043755
3.146747
3.339464
3.349989
3.295287
3.405155
3.226429
3.190778
3.157256
3.567952
3.490916
3.306133
3.331685
3.267549
3.298116
3.116256
3.273053
3.153229
3.264757
3.217784
3.303386
3.083883
3.258092
2.986463
3.348348
3.398439
3.369373
3.447327
3.246609
3.282986
3.379490
3.105104
3.155970
3.315226
3.352858
3.377648
3.212425
3.302432
3.074174
3.452508
3.356166
3.299937
3.295536
3.262576
3.404865
3.221238
3.320416
3.277995
3.329645
3.404661
3.231552
3.441310
3.311414
3.431284
3.280064
3.358464
3.387523
3.649599
3.177068
3.453468
3.308162
3.461288
3.586618
3.317992
3.339850
3.262811
3.215105
3.130333
3.266481
3.168627
3.259869
3.263801
3.478683
3.303435
3.462253
3.287716
3.306689
3.144675
3.386620
3.350843
3.257169
3.143035
3.165589
3.159745
3.279396
3.312909
3.310779
3.376509
3.224838
3.337198
3.355820
3.355228
3.407986
3.254531
3.304009
3.232543
3.782245
3.339142
3.029640
3.617697
3.270425
3.283244
3.343453
3.247090
3.270360
3.367339
3.224496
3.227678
3.415575
3.289744
3.377468
3.332696
3.431978
3.462442
3.293189
3.277028
3.383873
3.344589
3.288013
3.304153
3.341524
3.163968
3.286870
3.238559
3.261639
3.294091
3.087714
3.345733
3.119112
2.938440
3.214954
3.146598
3.291041
3.279646
3.266841
3.350935
3.177615
3.331094
3.349208
3.139510
3.345010
3.262543
3.270773
3.335352
3.303556
3.267946
3.337995
3.420952
3.294057
2.958039
3.183268
3.267165
3.310093
3.293220
3.727033
3.489542
3.310951
3.314551
3.235902
3.440114
3.195608
3.396227
3.172188
3.298621
3.255050
3.322109
3.282860
19.104115
19.077572
19.268927
19.227480
18.924135
19.019648
19.083609
19.239476
19.039107
18.956192
19.016184
19.014365
19.046928
19.153579
19.187533
19.033937
19.031744
19.014580
18.886780
19.184689
19.034523
19.023759
19.114502
19.189789
19.035075
19.049059
19.037918
19.036159
19.021857
19.051541
18.866839
18.929921
19.064555
18.856636
18.987967
19.008661
19.204804
18.903851
19.121186
19.109474
19.019146
19.054540
19.024175
18.866677
18.835684
19.004851
19.047203
19.006040
19.068865
19.132568
19.044849
19.009022
19.054623
19.114986
19.107847
18.986221
19.072893
19.040031
19.192434
18.843579
19.123306
19.003505
18.968507
19.078806
19.090482
19.041903
18.981420
18.905016
19.022316
19.239917
18.884153
19.071793
19.137177
19.000544
18.978254
19.076819
19.222226
19.087443
18.919019
19.453412
19.062884
18.981407
18.972970
19.042167
19.011398
19.255739
18.974068
19.085639
19.170695
19.098852
19.020854
18.985837
18.587087
19.022395
18.936949
19.105860
19.017483
19.037721
19.019373
19.299339
19.033479
18.993821
19.204718
18.988147
18.991042
19.064836
19.065522
18.916196
18.953393
19.136842
18.997538
18.939042
19.105351
19.016635
19.089792
19.034886
19.025612
19.430859
19.018891
19.004275
19.002477
18.889232
19.061818
19.124775
19.043931
19.145009
19.008053
19.073383
19.032409
19.067780
18.979978
19.103539
19.056521
19.036500
19.005224
19.050005
19.032955
19.107633
19.031836
18.980446
19.152626
19.081179
18.898242
18.965589
18.951127
19.112481
19.020287
19.110682
19.082533
19.081452
19.013956
18.902777
19.041524
18.986631
19.027033
19.061978
18.625309
18.826025
18.975332
19.148984
18.853835
19.034104
19.046344
19.074362
19.078155
18.959248
18.989201
19.053308
18.662252
19.046284
19.029846
19.020737
18.805194
18.984746
19.056876
18.850658
18.938126
18.951517
19.025755
19.025044
18.896393
19.014194
19.100695
18.961152
19.022058
19.127122
18.993543
18.993832
19.092678
19.038541
19.177450
19.037928
19.033453
19.031302
19.009052
19.035853
19.151049
18.946088
19.074315
18.868693
19.010419
19.219489
19.082861
19.055689
18.883597
19.038666
19.134323
19.093138
18.924138
19.033740
18.963104
19.035081
18.982502
19.006283
18.973023
19.055085
18.958751
19.052372
18.984170
18.997430
18.996733
19.022002
19.017195
18.985244
19.152189
19.000522
18.999538
19.057805
19.056096
19.071219
18.945388
18.931176
19.055614
19.000062
18.912438
18.903146
19.032063
18.982543
18.914432
19.144142
19.078873
19.018501
18.943208
19.121835
18.959967
19.099618
19.080261
19.002118
19.035889
19.031975
19.263023
18.940516
18.989067
19.129773
19.186679
19.023334
19.013572
19.019742
18.994521
19.067022
19.059304
19.018254
19.201766
19.040889
19.018081
19.125871
19.034262
19.141856
19.021687
18.797343
18.921323
18.996698
19.053314
19.021037
18.958684
19.019775
18.867961
19.072101
19.000093
19.075555
19.014301
19.167783
19.045060
19.148001
18.823056
18.938121
18.663047
18.961941
19.012670
18.961030
19.025538
19.015016
19.066729
19.094598
19.015370
18.825273
19.098427
19.242150
18.996797
19.055265
19.148737
18.841681
19.016852
18.965510
18.831488
19.020541
19.062634
18.938298
18.983043
19.012676
19.072832
19.213698
19.085839
19.106328
19.081084
18.868661
19.263951
19.117484
18.848993
18.969609
18.974551
18.992887
19.054807
19.178635
19.020268
19.055581
19.151353
18.923104
19.061721
18.942673
19.035582
19.085909
18.985544
19.049037
19.073233
19.054031
18.963686
18.856665
19.043584
19.107950
18.855630
18.924631
19.161795
19.102039
19.014534
18.946036
19.058388
18.979365
19.078828
18.762737
19.063070
19.186118
19.097303
18.955208
19.077826
18.867588
19.118427
19.038563
18.812689
18.837250
19.032729
18.985352
18.995392
19.059782
19.063247
18.775571
19.016364
19.057181
19.057633
18.794929
19.045969
18.982903
18.868629
19.033468
18.937947
19.106915
19.008884
18.996821
19.039191
18.981038
18.963776
19.048183
18.994299
18.996041
19.045197
19.154441
18.947734
19.085640
18.704794
19.010832
19.062936
19.087418
19.124267
18.923952
18.939736
19.132986
18.977692
19.092102
19.046414
19.087027
19.242252
19.135825
19.074668
19.025987
18.984643
19.048634
18.933128
18.970535
19.091398
19.060066
19.143617
19.001624
19.010931
19.034570
18.997752
19.071203
18.962937
18.938312
19.087233
19.162349
18.931983
19.067575
18.960395
19.030941
19.083084
18.935107
19.020781
18.719209
18.990805
18.809288
18.893167
19.025707
19.288210
19.025688
19.094870
18.987366
19.023955
18.732868
19.017796
19.053336
18.928547
19.095268
19.028766
19.101418
19.204585
18.895248
18.929337
19.007949
19.102696
18.910670
7.551213
7.735381
7.679453
7.820950
7.663861
7.688666
7.774804
7.619604
7.666828
7.707230
8.000585
7.645870
7.636634
7.707417
7.707512
7.704152
7.805439
7.758668
7.514886
7.692213
7.681995
7.803774
7.692223
7.688342
7.670849
7.739170
7.672942
7.671484
7.804341
7.712327
7.750763
7.762621
7.889501
7.606415
7.580967
7.902480
7.737786
7.737099
7.588609
7.711654
7.875955
7.886859
7.368259
7.685221
7.685803
7.843050
7.671049
7.849806
7.710344
7.721693
7.873419
7.504572
7.625602
7.662179
7.559627
7.635593
7.695630
7.730909
7.615079
7.761260
7.644312
7.673600
7.834566
7.692067
7.651816
7.677326
7.802791
7.658507
7.741566
7.656008
7.658322
7.576910
7.725974
7.608138
7.711452
7.419851
7.658582
7.585235
7.559809
7.542584
7.646460
7.604164
15.370599
15.291280
15.239793
15.333748
15.371616
15.353783
15.347374
15.394705
15.362806
15.281849
15.405504
15.411876
15.445215
15.441225
15.319472
15.325573
15.332716
15.391187
15.396956
15.304826
14.804901
15.182773
15.493674
15.309846
15.468189
15.409999
15.468617
15.373694
15.209622
15.384171
15.425418
15.458087
15.371580
15.368624
15.329881
15.339571
15.315960
15.333306
15.237266
15.333412
15.237345
15.450874
15.376858
15.388497
15.389953
15.219070
15.367125
15.371229
15.319304
15.435361
15.508482
15.395034
15.306569
15.292785
15.371328
15.268858
15.354275
15.297135
15.415963
15.267470
15.393914
15.270914
15.439049
15.368958
15.236397
15.371330
15.332901
15.371562
15.383012
15.360084
15.442737
15.112531
15.364664
15.249728
15.296767
15.274669
15.355595
15.394316
15.465190
15.417639
15.325799
15.405398
15.377577
15.426931
15.488341
15.237763
15.156739
15.209296
15.337210
15.363100
15.777980
15.359661
15.331800
15.351114
15.475908
15.375941
15.365974
15.271661
15.328853
15.432584
15.578967
15.380439
15.228268
15.259333
15.396633
15.380583
15.428633
15.363891
15.375776
15.376554
15.454819
15.368905
15.193489
15.570611
15.313584
15.252558
15.268109
15.429885
15.406489
15.377041
15.237130
15.398497
15.765273
0.021453
0.017858
-0.214764
-0.112790
0.297527
0.158667
0.082197
-0.159871
-0.113507
0.059882
0.148794
-0.032370
0.049533
-0.172250
-0.015259
-0.024920
0.004799
0.091754
-0.045392
-0.001731
-0.034465
0.013572
-0.090123
-0.032840
0.013748
-0.027579
-0.004286
-0.051527
0.207642
-0.069471
-0.082946
-0.046715
0.002961
-0.089757
-0.002780
0.003682
0.079053
0.011413
-0.237380
0.051202
-0.025568
0.019677
0.067184
-0.011127
0.122495
0.032113
0.097015
0.098810
-0.034762
0.132532
-0.022937
0.008393
-0.182370
-0.027240
0.076828
0.047555
0.044542
0.335366
0.054864
0.121324
0.086193
-0.010597
0.150107
-0.074103
0.030867
-0.195040
0.059232
0.024418
-0.024569
0.174892
0.009549
-0.240126
0.017037
0.066724
-0.055559
-0.051387
-0.187906
-0.026534
-0.066630
-0.100974
-0.132067
-0.087444
-0.218100
0.003078
-0.000590
0.028413
-0.049056
-0.068884
-0.023647
0.063657
-0.054559
0.051853
0.033889
-0.052579
-0.128410
-0.153124
0.072731
0.013946
0.035498
-0.031659
-0.003728
0.182488
0.042752
-0.051458
0.164540
0.097128
-0.037814
0.069113
0.095590
-0.001417
0.053624
-0.002722
-0.065893
-0.009879
0.064017
0.010743
0.297440
0.062330
0.003223
0.181041
0.011089
-0.045549
0.042906
-0.051000
-0.036149
-0.118175
0.207156
-0.105102
0.072842
-0.033673
0.038796
-0.116968
-0.081101
-0.265535
0.015953
0.057146
0.064404
-0.096842
-0.025271
-0.053072
-0.029151
-0.017216
0.009317
0.138404
-0.097612
-0.067250
0.006494
0.089921
0.194640
-0.069414
0.031219
0.251447
-0.152881
-0.094578
0.093235
0.088150
-0.058106
0.041517
-0.021136
-0.034631
-0.000538
0.058092
0.005878
0.074857
0.012009
-0.171137
-0.136267
-0.037288
0.012986
-0.014740
-0.055309
0.057722
-0.081464
-0.028165
0.011684
-0.013373
-0.004665
0.144896
-0.048884
-0.009249
-0.068494
0.119603
0.021697
0.182467
0.004378
-0.143045
-0.003278
0.073265
-0.065903
0.265642
0.035773
-0.174392
-0.005716
0.169935
-0.101113
-0.105132
-0.229974
-0.127926
-0.010266
0.077565
-0.103756
-0.024823
0.029158
-0.072132
0.170570
0.120750
0.005484
0.018695
0.098591
0.087210
0.117074
-0.049391
-0.029959
-0.084116
0.014018
0.043833
0.119851
-0.170828
-0.027374
-0.185413
-0.001462
0.001766
0.046466
-0.098375
0.004942
0.061235
-0.059136
-0.037570
0.085948
0.068367
-0.024226
0.065882
-0.218337
-0.052233
0.039470
-0.073288
0.080231
0.161736
0.037454
-0.143237
-0.006106
-0.048792
0.123208
0.013566
0.002097
-0.133459
0.078484
-0.022064
-0.215703
0.058524
-0.163483
-0.003834
0.174835
0.274731
-0.020426
-0.080259
0.196338
0.117564
-0.031309
-0.099120
0.016600
0.074845
-0.109616
-0.045288
-0.206352
-0.217928
-0.006307
-0.013123
-0.147622
0.066809
-0.084970
0.098913
-0.028770
-0.007250
0.017566
0.179909
-0.124329
-0.041141
0.001825
0.024349
0.015964
0.080778
0.059966
-0.073273
-0.003780
-0.151762
0.009693
0.193500
-0.002903
-0.000330
-0.020918
0.007831
-0.001282
-0.003825
-0.337961
0.014379
0.066994
0.032300
0.160752
0.048559
-0.069805
-0.028165
0.004992
-0.044442
-0.028558
-0.054154
-0.118338
-0.032870
-0.041522
-0.029134
0.044796
-0.158534
0.073371
0.032383
-0.062138
0.183955
0.060382
-0.031539
0.015678
0.026650
-0.058492
0.017736
0.039763
-0.217887
0.031759
-0.155692
-0.009164
-0.145423
0.039012
0.103088
-0.047221
0.012269
-0.138615
-0.028806
0.014036
-0.007933
0.036070
-0.044324
0.080384
0.059972
0.001476
-0.120101
0.001265
0.005998
0.104466
-0.347394
0.056666
-0.041757
0.072842
-0.030069
0.025636
0.216713
0.088923
0.000527
0.151472
-0.016714
-0.008529
0.028774
0.079477
-0.365058
-0.100884
0.024227
-0.036391
0.091171
-0.047992
0.075513
0.002535
-0.007877
0.028479
-0.004264
0.044056
-0.105628
0.039320
0.136587
-0.050890
0.032315
-0.112627
0.130212
-0.027001
-0.057376
-0.153377
-0.021275
-0.201948
-0.066059
0.028131
0.054749
0.020256
0.035573
0.027610
-0.266105
-0.225708
-0.036286
-0.021034
-0.052857
-0.015892
-0.154951
-0.053278
0.067958
0.066265
0.125598
-0.002415
-0.038561
-0.145573
-0.009529
-0.193361
0.013981
-0.104450
-0.010764
0.094099
-0.088273
0.012925
-0.025570
-0.006742
-0.052738
-0.100162
-0.022661
-0.038494
0.034424
-0.005626
0.064889
-0.061265
-0.036900
0.080637
-0.014705
0.031619
-0.008597
-0.005654
0.051388
-0.162212
0.011532
-0.182834
-0.074580
0.096384
0.053380
0.108696
-0.016335
-0.090982
0.129357
-0.096989
0.125878
-0.108647
0.094695
0.059272
0.032686
0.156711
0.088653
-0.024973
-0.096761
0.063234
0.039900
-0.040121
0.054520
-0.158981
-0.062078
0.112136
-0.076600
-0.011364
0.141754
-0.160249
-0.009115
-0.078016
-0.262166
-0.067411
-0.085339
0.048116
0.014611
-0.037405
-0.017721
0.027320
0.013416
0.072217
0.035600
0.018727
0.051322
-0.048953
-0.036688
0.059283
-0.045110
-0.059460
0.021044
0.020605
0.055451
0.113449
0.075882
0.008573
0.250724
0.013743
0.075272
0.021575
-0.040749
0.020090
0.100793
0.048269
0.068178
0.065100
-0.052860
-0.048749
-0.008761
-0.072072
0.001285
0.097164
-0.024339
-0.040480
0.019493
-0.062198
0.253802
0.125766
0.089112
0.088195
0.054700
0.194270
-0.019532
-0.053250
-0.024783
0.216842
0.011348
-0.000032
0.040599
-0.025612
0.187220
0.118694
0.015076
-0.116636
0.041912
-0.013629
-0.030136
-0.008125
-0.023833
-0.177623
0.014683
-0.046926
0.018141
-0.166843
0.084795
0.084219
-0.102653
0.064807
-0.029234
0.103061
0.003826
-0.132215
-0.011007
-0.082752
-0.016084
0.080236
-0.088632
-0.020905
0.030322
0.177015
0.002744
-0.028273
0.118599
-0.002691
0.040310
0.130598
0.016731
-0.084329
0.108718
0.160975
-0.003937
-0.018629
-0.075580
0.044974
-0.045451
0.082236
-0.000233
0.079150
-0.027791
-0.009319
0.081181
-0.445753
-0.021035
-0.092524
0.087546
-0.000233
0.075787
0.034978
0.047130
0.086486
0.038372
0.120324
-0.027733
-0.096085
-0.028698
-0.071920
-0.153551
-0.242426
0.014387
0.013029
0.014341
-0.079523
-0.051692
0.001696
0.021391
-0.087391
0.085355
0.076690
-0.070738
-0.044015
-0.006386
0.101543
-0.133659
-0.049338
-0.001437
-0.008907
0.156091
0.061564
0.018677
-0.054029
-0.221285
0.013954
-0.001708
0.217381
0.006955
0.052171
0.064492
-0.026243
-0.277238
0.017995
0.024552
0.023074
-0.053084
0.032536
0.033256
-0.014872
0.013394
0.022145
-0.191097
-0.026996
0.020530
-0.144594
-0.018898
0.029126
0.025167
-0.158798
0.000982
-0.009320
0.060901
-0.001642
0.022508
0.000344
-0.044629
-0.005115
-0.098339
0.011966
0.040961
0.000038
0.207485
-0.065577
-0.041234
-0.017745
-0.010751
-0.052159
0.100529
-0.067667
-0.009379
0.016168
-0.133018
0.067858
-0.049029
0.069682
-0.053384
0.090396
0.047012
0.024922
0.030722
0.086671
-0.073432
0.053047
-0.051323
0.040433
-0.069660
0.054301
-0.220321
0.022305
0.166277
0.055821
0.172007
-0.148735
0.005628
-0.018407
0.003448
-0.009110
0.022104
-0.000484
-0.097229
0.033976
0.016459
0.007288
0.005670
-0.266434
-0.103460
-0.003080
-0.024967
0.017991
-0.050563
0.019829
0.000195
0.018770
0.037366
0.148812
0.011498
0.016112
0.073062
0.020231
-0.009078
-0.278409
0.098680
-0.006284
0.164693
0.024436
0.092580
0.137570
-0.173812
-0.028342
-0.005988
-0.071935
-0.013516
-0.010776
0.017228
0.008724
0.080418
-0.109858
-0.074453
-0.096007
0.042471
0.150333
-0.019030
0.026197
-0.064663
0.000311
-0.022024
0.000093
0.007207
0.066077
-0.093576
-0.029960
-0.106042
0.035656
0.030029
-0.044650
-0.072523
-0.047590
-0.081894
-0.047592
-0.179017
-0.037825
-0.163364
0.100490
-0.143908
0.323304
-0.085702
0.104487
0.010904
-0.007834
-0.073700
0.001811
0.288782
-0.002279
0.131774
-0.006445
-0.012317
-0.109139
-0.031566
0.006317
0.038547
0.150411
-0.002285
-0.041006
0.002800
0.057786
0.002518
-0.006291
-0.071024
0.071294
0.145144
-0.174901
-0.027240
0.077913
