0.104938
-0.059089
-0.011437
-0.004306
-0.005570
-0.147521
-0.091942
-0.059200
0.096276
0.022616
0.055697
0.216167
0.001188
-0.137584
0.082346
-0.046368
0.031804
0.152174
-0.003981
0.072400
-0.044008
0.036712
-0.042152
-0.121005
-0.034539
0.021566
-0.020455
-0.018580
-0.054524
-0.057244
0.053000
0.011529
-0.077960
-0.013357
-0.036508
-0.020007
-0.054696
0.173887
0.085901
-0.149841
-0.070622
0.039849
-0.193293
0.060510
-0.019196
0.006459
0.056043
0.042699
0.075567
-0.030656
-0.024863
-0.024100
-0.052565
0.033489
0.044156
0.109712
0.067877
-0.001912
0.116859
0.039191
-0.076979
-0.033237
-0.064172
-0.046071
-0.022416
0.046029
0.097358
-0.043437
0.064129
0.181470
0.072576
-0.101701
-0.083723
-0.024259
0.013495
0.176967
0.069861
-0.041619
-0.077140
0.086829
-0.098454
0.038655
0.060433
0.089256
-0.043555
0.142844
-0.094523
-0.007767
0.252493
-0.108593
0.150940
0.022306
-0.009045
0.067228
0.027887
0.000088
0.095798
-0.016201
-0.113481
-0.180358
0.083449
-0.024843
-0.165638
0.074810
0.019841
0.014386
0.090304
0.063232
0.105939
0.138691
0.081804
-0.030781
-0.009368
0.021105
0.015366
0.012654
0.030631
0.071640
0.062888
0.045948
0.081669
-0.120168
0.148493
-0.145097
-0.100912
-0.085176
-0.146098
-0.239683
-0.000906
0.098991
0.170957
-0.083863
0.072365
-0.036748
0.064028
0.118841
-0.205552
0.219623
-0.009806
0.017568
-0.031540
-0.102192
0.013610
-0.099426
-0.107193
0.035535
-0.002210
0.063385
0.228441
0.021137
-0.004214
0.061272
-0.062037
-0.024422
0.105547
0.093770
0.231637
-0.014616
-0.002029
0.041067
-0.013852
0.148372
0.094661
0.024541
0.093775
0.090885
0.056318
0.077612
0.069772
0.023970
-0.116498
0.032258
0.084980
0.016938
0.056052
0.248120
0.061021
0.055327
0.161452
0.153148
0.024860
0.072425
-0.006756
-0.070164
0.022485
0.039405
0.040602
0.081373
-0.030182
-0.085244
0.193307
-0.059900
-0.089408
0.071840
-0.001978
-0.062739
-0.046949
-0.017360
0.032716
0.004849
-0.005270
-0.042193
0.031457
-0.145527
0.120906
0.026764
-0.035709
0.071320
0.114237
0.021284
0.005426
-0.048087
0.043608
-0.075605
0.043744
-0.082723
0.088227
0.073909
0.080855
0.041523
0.043732
-0.061082
0.008338
-0.019312
-0.074793
0.091046
-0.141264
0.124385
-0.019488
0.074440
0.080374
0.116939
-0.005820
-0.034036
-0.134259
0.052744
-0.087851
-0.060750
-0.071422
-0.054272
0.003714
0.085973
0.146999
-0.118728
-0.044761
0.019288
0.066527
0.073771
-0.149178
0.004422
-0.029322
0.009300
-0.163088
0.053129
0.239945
-0.009124
-0.032564
-0.013612
0.044762
0.000540
-0.166508
0.025567
0.024864
0.002258
0.089965
0.022343
0.109146
-0.040153
-0.251697
-0.052770
-0.032319
0.097952
0.059773
-0.017516
0.029185
0.027215
-0.036266
0.045473
-0.104375
0.056764
0.015764
-0.049068
-0.071647
-0.208605
0.156628
0.009449
-0.021488
-0.189911
0.052426
-0.064224
0.046126
-0.014268
0.000947
0.125134
-0.039857
0.120165
-0.053375
-0.153662
0.015164
0.140378
0.196024
0.230128
-0.002156
0.107661
-0.029382
-0.021024
0.077704
0.024096
-0.089620
-0.155512
-0.108987
0.001417
0.099715
-0.022996
0.097944
0.032366
0.146142
0.056092
0.081974
0.125696
-0.009433
0.060873
0.068753
-0.061778
-0.032142
0.042358
-0.037822
0.074363
0.100697
0.012162
0.028318
-0.011899
0.078730
0.118205
0.106362
0.106351
0.044023
-0.049735
-0.063848
-0.022107
-0.017114
-0.111093
-0.050773
-0.118682
-0.092302
0.026543
0.205006
-0.029540
-0.024977
0.042826
0.020899
-0.067988
0.038421
0.039057
-0.127856
0.077494
-0.011294
0.133457
0.089267
0.099430
0.060621
0.006437
0.071500
0.028767
0.096284
0.040763
0.072873
0.006210
0.023275
-0.011251
-0.018686
-0.029904
-0.027013
-0.017024
0.000046
-0.149438
-0.005150
-0.060504
-0.063718
0.056173
-0.144998
-0.024474
0.094603
0.032988
0.061873
0.022060
0.015259
-0.000104
0.024205
-0.009959
0.005850
-0.018793
0.103576
-0.010815
0.068093
0.056304
0.101805
0.069443
0.061261
0.032947
-0.050469
-0.045280
0.187387
-0.023831
0.029638
0.058692
-0.033097
0.003666
-0.008714
14.529242
14.622730
14.616838
14.765233
14.545537
14.538290
14.612910
14.624396
14.669878
14.643731
14.854225
14.898145
14.655594
14.778335
14.602297
14.624567
14.629884
14.619731
14.676886
14.564055
14.742281
14.464718
14.684408
14.650169
14.692639
14.641402
14.559352
14.457135
14.646082
14.652203
14.681424
14.668331
14.628699
14.495478
14.689939
14.747897
14.512278
14.623094
14.558886
14.620378
14.690020
14.648372
14.537749
14.603044
14.630865
14.651039
14.669026
14.669688
14.637897
14.797834
14.675321
14.604613
14.785086
14.615453
14.551983
14.576686
14.651584
14.520124
14.668933
14.582367
14.640820
14.685729
14.602666
14.575009
14.509522
14.631124
14.738710
14.634158
14.625616
14.702458
14.589893
14.554634
14.498135
14.595598
14.530771
14.501964
14.428734
14.724186
14.683139
14.799974
14.465552
14.596370
14.730399
14.671094
14.549542
14.545169
14.618664
14.779986
14.829465
14.598239
14.640534
14.569657
14.476864
14.654692
14.653683
14.667613
14.726175
14.592508
14.592306
14.657478
14.500472
14.774146
14.780852
14.595734
14.584448
14.568154
14.610878
14.678819
14.591218
14.617058
14.821705
14.689121
14.615882
14.613591
14.633588
14.497280
14.762767
14.634103
14.552394
14.568805
14.484312
14.763897
14.474192
-3.708388
-3.722137
-3.640486
-3.662437
-3.689285
-3.756665
-3.623758
-3.798139
-3.655773
-3.608401
-3.701362
-3.665902
-3.684677
-3.681209
-3.685603
-3.688662
-3.646543
-3.450740
-3.590146
-3.737111
-3.455391
-3.800281
-3.561581
-3.785565
-3.474709
-3.630594
-3.656138
-3.484918
-3.554703
-3.577406
-3.635371
-3.711797
-3.587255
-3.717950
-3.679443
-3.654074
-3.774548
-3.608635
-3.632576
-3.485778
-3.741935
-3.624788
-3.590716
-3.621395
-3.705132
-3.660277
-3.685863
-3.686780
-3.769527
-3.648563
-3.749241
-3.755650
-3.726115
-3.641376
-3.570588
-3.769698
-3.686054
-3.600957
-3.800881
-3.619108
-3.683735
-3.704517
-3.709432
-3.713139
-3.638530
-3.528351
-3.646968
-3.655491
-3.644412
-3.732160
-3.515991
-3.549504
-3.547379
-3.614913
-3.678955
-3.770381
-3.607263
-3.573397
-3.691431
-3.635486
-3.600116
-3.621279
7.351719
7.298228
7.322269
7.282956
7.039429
7.477200
7.364187
7.314458
7.325309
7.437860
7.533179
7.215099
7.323180
7.417042
7.340532
7.229992
7.382275
7.222323
7.429592
7.355339
7.236132
7.144527
7.334284
7.290997
7.440053
7.213201
7.360075
7.213187
7.318042
7.372860
7.416111
7.360321
7.251400
7.338780
7.367023
7.456465
7.374592
7.362418
7.310032
7.255057
7.376060
7.224001
7.222475
7.342234
7.345451
7.324040
7.276171
7.337144
7.414671
7.189028
7.287194
7.225344
7.416438
7.281363
7.246401
7.321335
7.395006
7.113981
7.551809
7.440272
7.277844
7.191588
7.381163
7.331968
7.336656
7.369190
7.304300
7.332409
7.434986
7.289855
7.142596
7.383734
7.199469
7.242531
7.230052
7.325828
7.303454
7.393782
7.384084
7.303693
7.353539
7.380513
7.343412
7.401067
7.173162
7.384733
7.335046
7.214150
7.283440
7.257491
7.329344
7.497250
7.434439
7.217984
7.252795
7.308129
7.312912
7.306908
7.190691
7.510883
7.316366
7.150696
7.242117
7.401945
7.247396
7.165170
7.403399
7.300624
7.383924
7.420532
7.410347
7.378075
7.255990
7.380634
7.317113
7.287025
7.293214
7.425293
7.325656
7.393326
7.363548
7.318340
7.441145
7.135717
7.259657
7.383407
7.374276
7.358612
7.299297
7.204278
7.279929
7.406846
7.408057
7.399254
7.396605
7.343509
7.342579
7.376726
7.382562
7.329758
7.384739
7.455106
7.263276
7.374849
7.407091
7.111584
7.096482
7.292701
7.244746
7.278851
7.352443
7.214474
7.321354
7.252582
7.386567
7.312963
7.294534
7.382529
7.307426
7.288615
7.576820
7.431991
7.304324
7.205649
7.330817
7.283709
7.289705
7.285212
7.270889
7.253092
7.459826
7.327319
7.265890
7.387965
7.319614
7.261951
7.261130
7.269339
7.360437
7.351860
7.250272
7.279951
7.308558
7.295738
7.296777
7.284187
7.240780
7.286257
7.412062
7.293319
7.239260
7.357570
7.413707
7.368539
7.407425
7.317460
7.291600
7.241535
7.205458
7.170779
7.508116
7.449770
7.374429
7.354012
7.456282
7.302782
7.341884
7.356073
7.343468
7.328182
7.213864
7.337878
7.404081
7.346369
7.417847
7.368351
7.463072
7.330632
7.399284
7.144052
7.253167
7.093970
7.395084
7.239955
7.287652
7.292710
7.239271
7.368656
7.575631
7.514765
7.353870
7.344203
7.374800
7.268940
7.330439
7.395312
7.324742
7.437061
7.243893
7.448485
7.372024
7.460947
7.360162
7.272883
7.520022
7.317625
7.294980
7.325177
7.303603
7.303798
7.443440
7.352563
7.304921
7.182418
7.251378
7.304749
7.290276
7.318836
7.476189
7.306729
7.320252
7.272122
7.293569
7.335106
7.438728
7.330485
7.444041
7.383491
7.432708
7.386459
7.311573
7.191390
7.366249
7.313653
7.366628
7.437335
7.369983
7.436110
7.307746
7.362441
7.252197
7.274195
7.150805
7.281937
7.526066
7.411382
7.457463
7.232822
7.304261
7.379952
7.303990
7.380701
7.309719
7.200169
7.214829
7.394146
7.405085
7.295391
7.366195
7.424837
7.464971
7.319895
7.324272
7.335581
7.269196
7.485859
7.237736
7.517245
7.560599
7.165004
7.284119
7.422844
7.289324
7.430883
7.259025
7.434854
7.387438
7.389064
7.426595
7.169748
7.198944
7.236325
7.483682
7.280524
7.385992
7.153486
7.323416
7.301575
-7.283032
-7.310910
-7.390257
-7.392298
-7.415991
-7.276732
-7.384539
-7.281916
-7.184281
-7.271820
-7.271349
-7.279451
-7.274585
-7.394471
-7.448347
-7.449754
-7.344234
-7.161640
-7.399700
-7.139026
-7.370531
-7.585056
-7.128254
-7.378618
-7.302286
-7.407915
-7.474945
-7.285725
-7.275078
-7.324999
-7.297999
-7.285561
-7.330513
-7.236024
-7.255724
-7.371777
-7.362287
-7.348925
-7.350012
-7.358234
-7.376086
-7.402909
-7.542437
-7.479339
-7.440914
-7.329969
-7.340003
-7.397865
-7.299760
-7.244971
-7.477171
-7.268122
-7.355955
-7.345419
-7.413938
-7.464350
-7.299851
-7.184474
-7.202706
-7.356645
-7.317257
-7.200420
-7.310434
-7.271795
-7.298050
-7.306278
-7.269110
-7.445688
-7.351256
-7.335534
-7.328225
-7.321252
-7.321156
-7.325034
-7.325504
-7.174466
-7.165177
-7.249407
-7.268340
-7.405513
-7.115832
1.748741
10.928956
10.919437
11.094924
10.829438
10.941572
11.027327
10.783384
11.022950
10.890314
11.002085
10.981856
11.032171
10.871981
10.968810
10.999218
10.906433
10.963023
10.862590
10.915897
10.934596
10.825394
11.042547
11.071183
11.009087
10.963803
11.017215
10.891772
11.033705
11.096396
10.992490
10.846107
10.937131
10.954380
10.955097
11.011896
11.045401
11.003500
10.956078
10.967030
10.957880
10.987413
10.924495
10.928807
10.922498
10.869441
10.798634
10.905779
10.823727
11.113535
10.958433
10.949342
11.097574
10.883651
11.041097
10.853012
10.880208
10.852870
10.829882
10.916562
11.046169
11.037660
10.882476
10.741849
10.932646
10.831728
10.908733
10.899120
10.984600
10.937024
10.979443
11.015221
10.990622
10.941400
10.981842
11.105449
10.971012
11.066397
10.929918
10.913346
10.712539
10.832930
10.942304
10.939227
11.031537
10.974242
10.886082
10.913617
10.963577
10.833331
10.970793
10.895048
10.834953
10.949637
11.123447
11.030762
10.751804
10.790644
10.849196
10.900481
10.927427
10.903883
11.101236
11.031273
10.938007
11.018748
11.082145
10.824005
10.994793
11.093636
11.019916
11.079622
10.905738
10.907420
11.059169
11.113473
11.051844
11.030979
10.938185
10.911741
11.113018
11.003915
10.918351
11.024449
10.899499
10.854171
10.915073
11.032491
10.904775
11.097944
11.050892
10.954678
10.924752
10.963578
11.057515
10.997694
11.069727
10.928316
10.947104
10.965644
11.030720
10.944758
11.041972
10.717247
11.183801
11.059000
11.008703
10.987980
10.952135
10.991458
10.906720
11.081901
10.992056
11.114751
11.091423
10.748338
11.004242
10.943962
10.995982
10.966728
10.984606
10.812607
11.043953
10.992004
10.988420
10.870559
10.820850
11.018421
10.865517
10.998184
10.908747
11.001801
10.898674
11.159968
10.997911
10.902137
11.050737
11.010128
11.059631
10.938188
11.051103
10.952385
11.013108
10.923862
10.923139
10.925773
10.787436
10.859942
10.977441
10.837223
11.071896
10.965964
10.863496
10.912373
10.991204
11.003085
11.016541
11.092103
11.068428
11.009247
11.048599
10.877479
10.781421
11.320759
10.865649
11.050472
11.108854
11.001420
11.005784
10.977790
10.970859
10.986456
10.809067
11.107920
10.915116
11.009473
11.111148
11.067443
11.167298
10.932580
10.768194
10.945772
10.917996
10.923663
10.883538
10.953489
10.825405
10.885584
10.791334
10.876335
10.985174
10.876003
10.950540
10.928569
10.860928
11.047298
11.044707
11.026920
10.941013
10.930973
10.930880
10.875969
11.089278
10.961875
11.017810
10.995767
11.048926
11.034295
11.017804
10.974102
10.861354
10.878112
10.964696
11.028673
10.959488
10.953102
10.955347
10.893975
10.916771
10.834780
10.810757
10.878715
11.017144
11.043614
10.926087
10.840806
11.065784
11.055399
11.188335
11.078782
10.908290
10.910647
10.852472
10.962535
10.950592
11.038428
11.119638
11.150964
10.963863
10.932059
10.874112
11.019907
10.934311
10.932038
10.878358
11.066316
10.987012
11.152428
11.071724
11.064362
10.844729
11.124477
11.062167
11.149895
10.752772
10.825475
10.848530
10.940793
11.015259
11.005818
10.891386
11.052485
11.090971
10.996881
11.105701
11.009329
10.955473
11.071666
11.051491
11.072818
10.925212
10.812186
11.075419
11.137456
10.849710
10.934173
11.070624
10.966588
10.973681
10.966518
10.979900
11.051807
11.100315
11.151073
11.005879
10.829684
10.885418
10.839303
11.189954
11.066108
10.915510
10.995851
11.109822
11.034922
10.872128
10.955194
10.992087
10.949118
10.876564
10.953676
10.792638
10.983464
10.979717
10.978368
10.924119
10.904644
10.848476
11.110576
11.054680
11.052942
11.013019
10.938463
10.855112
10.933708
11.023336
11.026552
10.928476
10.916057
10.936337
11.066951
10.967931
10.997911
11.112359
10.808863
10.896853
10.805254
10.993701
10.910173
10.925505
10.970299
11.063540
10.916616
11.147746
11.020439
10.856732
10.995188
11.028409
11.068677
11.087977
10.950080
10.972389
10.988802
11.003879
10.939140
10.982544
10.999401
11.047188
10.958277
11.040414
10.985034
10.936821
11.017568
10.908420
10.996612
11.080672
10.908388
10.900077
10.998392
10.969926
10.871264
10.973496
10.952042
10.873927
10.927269
10.996897
10.962790
10.974669
11.016010
10.939967
11.116251
10.922008
10.977039
10.921579
10.926737
10.932307
10.936361
10.946383
11.074256
11.024400
10.890783
10.921914
10.852298
10.960563
11.071140
11.013208
10.906547
10.857128
11.032377
11.069438
11.014009
10.878260
10.941838
10.944485
10.874075
11.150125
11.022304
11.040725
10.914721
10.753031
10.890483
11.009358
10.908615
11.022570
11.094644
10.843145
11.071528
10.910213
11.113580
11.090579
10.926224
11.027345
11.104592
10.980562
11.087107
11.046393
10.976667
10.889247
10.897188
10.934342
11.117085
11.001558
11.155927
11.089822
10.858694
10.858532
10.995417
10.931916
10.933263
11.059548
11.009729
10.950391
10.918948
10.918321
10.947245
11.006139
11.005548
10.903629
11.030203
11.053650
10.919902
11.040601
11.103355
10.833111
10.969721
11.066951
10.949369
10.894623
11.039155
10.872039
10.956745
11.109291
10.885991
11.135002
10.972637
11.053604
10.961344
10.903949
11.044793
10.894263
10.936463
10.848799
10.971108
10.885409
10.751721
11.153617
11.007059
11.048440
10.987021
11.046684
11.014201
11.120711
11.087437
10.912577
10.955112
10.993051
11.039449
11.110312
10.783286
10.911054
10.932407
11.048010
11.044940
10.963138
11.211442
10.922584
11.025751
11.101844
11.060849
10.998856
11.021579
11.058111
10.926818
10.904848
10.940203
11.033409
10.970812
11.154762
11.011251
11.052189
11.001473
10.963519
11.000234
11.033634
10.978533
10.892128
11.015035
11.026063
10.910051
10.964854
10.954559
11.123157
10.923315
10.987811
11.003921
10.886430
11.072176
10.971652
10.979090
10.930426
11.061094
10.973311
11.031870
11.069317
11.033479
11.019122
11.009305
11.003727
10.946692
10.992804
10.919439
10.948425
10.918567
10.960762
11.237635
10.878752
10.933510
10.891196
10.931781
10.925114
11.023019
10.968520
10.979449
10.957873
11.116552
11.025000
11.019426
10.952261
10.958694
10.976685
11.009364
10.887784
10.997433
10.996591
10.832516
11.077420
10.883855
10.890514
10.943209
11.062891
10.974972
10.956413
10.968676
11.004575
10.900867
11.002117
11.100165
10.918552
11.062118
10.949172
11.016796
10.953019
11.032043
10.886975
10.929043
10.960846
-4.307788
-4.425798
-4.239239
-4.343896
-4.306086
-4.384409
-4.207381
-4.287645
-4.456401
-4.436577
-4.309812
-4.393927
-4.504770
-4.227358
-4.260771
-4.351420
-4.339393
-4.471755
-4.374301
-4.292919
-4.311031
-4.354674
-4.500637
-4.310025
-4.399131
-4.372907
-4.391853
-4.405593
-4.396586
-4.500861
-4.222510
-4.516725
-4.433421
-4.373429
-4.399961
-4.434256
-4.374105
-4.449589
-4.316626
-4.276842
-4.354752
-4.488321
-4.443949
-4.207484
-4.317341
-4.429004
-4.527184
-4.483250
-4.309507
-4.493573
-4.225142
-4.362902
-4.375534
-4.392609
-4.284755
-4.460817
-4.289551
-4.196389
-4.320133
-4.392570
-4.302356
-4.347652
-4.384145
-4.345696
-4.444840
-4.439793
-4.471188
-4.401604
-4.397491
-4.261559
-4.573955
-4.469394
-4.354557
-4.296897
-4.565763
-4.372371
-4.414617
-4.479475
-4.329109
-4.313025
-4.292306
-4.353458
-4.540594
-4.321959
-4.276482
-4.461673
-4.568236
-4.313191
-4.372419
-4.298616
-4.424173
-4.712760
-4.330655
-4.412696
-4.328938
-4.305435
-4.465932
-4.416546
-4.332643
-4.472111
-4.503067
-4.588871
-4.400482
-4.293709
-4.309420
-4.336205
-4.441932
-4.309591
-4.412567
-4.346202
-4.522223
-4.434195
-4.438796
-4.384740
-4.549936
-4.405543
-4.475324
-4.350796
-4.370479
-4.412625
-4.379169
-4.522707
-4.357387
-4.389129
-4.372523
-4.394987
-4.473537
-4.477289
-4.313850
-4.328672
-4.167316
-4.280064
-4.392016
-4.355600
-4.454141
-4.464826
-4.385899
-4.454209
-4.469656
-4.522117
-4.304852
-4.292226
-4.429662
-4.601455
-4.420641
-4.376887
-4.528828
-4.389324
-4.421220
-4.281737
-4.471164
-4.444846
-4.401631
-4.305830
-4.365582
-4.376919
-4.216115
-4.376993
-4.212864
-4.457942
-4.356827
-4.371945
-4.357028
-4.396947
3.202679
3.254585
3.361097
3.336494
3.282936
3.256275
3.216041
3.179571
3.304074
3.403867
3.062396
3.277788
3.307977
3.135871
3.257316
3.348971
3.315641
3.342199
3.297564
3.456571
3.357678
3.143249
3.177271
3.338606
3.171537
3.207773
3.270954
3.382422
3.374160
3.244375
3.230664
3.227774
3.146231
3.466763
3.209788
3.487122
3.366007
3.264585
3.348100
3.428526
3.346449
3.168560
3.159604
3.346685
3.257218
3.159834
3.328587
3.306471
3.192875
3.227372
3.292297
3.255583
3.196549
3.389999
3.239897
3.352180
3.353340
3.372694
3.332801
3.264458
3.270958
3.084377
3.283347
3.214029
3.206650
3.353242
3.381552
3.438247
3.319356
3.280278
3.291273
3.289440
3.299352
3.313552
3.466565
3.312476
3.325221
3.279740
3.285838
3.176228
3.283069
3.521539
3.444353
3.210993
3.363041
3.368221
3.271029
3.232294
3.278297
3.387159
3.254209
3.391920
3.360110
3.357401
3.320414
3.264529
3.273427
3.237475
3.077792
3.313574
3.235190
3.277073
3.309093
3.284599
3.415663
3.296553
3.317708
3.297782
3.259744
3.209600
3.251087
3.292675
3.136963
3.257371
3.232399
3.186024
3.286168
3.423232
3.480311
3.284878
3.204428
3.264259
3.168568
3.305021
3.224618
3.422913
3.300076
3.349149
3.357467
3.395000
3.341108
3.362771
3.219274
3.170306
3.234740
3.374236
3.328875
3.309035
3.138648
3.305760
3.220144
3.311906
3.155272
3.365551
3.364904
3.369088
3.429064
3.404107
3.354227
3.259849
3.407366
3.317597
3.311157
3.286444
3.398900
3.233430
3.347561
3.212635
3.339086
3.237946
3.333534
3.259920
3.273025
3.264571
3.320803
3.278296
3.131337
3.145236
3.298362
3.227133
3.372021
3.438075
3.270969
3.402088
3.243131
3.307462
3.296599
3.327661
3.408007
3.218508
3.357007
3.333847
3.257668
3.395081
3.396029
3.309835
3.382924
3.398732
3.273505
3.223482
3.456958
3.290262
3.307058
3.229352
3.379741
3.449078
3.319778
3.175190
3.184742
3.231682
3.217105
3.439164
3.379642
3.304686
3.381154
3.471427
3.363808
3.491675
3.274343
3.359829
3.396011
3.126736
3.409351
3.358718
3.245503
3.213557
3.354528
3.218171
3.361269
3.389701
3.302626
3.137898
3.262299
3.318959
3.248111
3.205378
3.264997
3.367839
3.344173
3.229056
3.327754
3.335769
3.412783
3.340748
3.215682
3.297870
3.280587
3.312487
3.320706
3.375005
3.415491
3.366133
3.329270
3.442027
3.407207
3.381031
3.462799
3.232691
3.195982
3.281164
3.278621
3.316349
3.347822
3.443019
3.361586
3.284410
3.156528
3.257175
3.378579
3.251005
3.318855
3.248011
3.273405
3.180566
3.195498
3.211071
3.323512
3.211758
3.197232
3.182269
3.372009
3.483656
3.191860
3.123617
3.307209
3.211405
3.259928
3.402128
3.132233
3.189498
3.240467
3.398432
3.354326
3.273712
3.252074
3.217026
3.225893
3.314433
3.217253
3.243913
3.479922
3.265538
3.191555
3.111408
3.459895
3.529814
3.366954
3.441957
3.223400
3.355699
3.294464
3.261647
3.422533
3.180069
3.229338
3.184650
3.266831
3.254298
3.429085
3.200443
3.200131
3.230259
3.353079
3.320388
3.341704
3.173646
3.360660
3.405422
3.257295
3.268489
3.380844
3.221955
3.176232
3.304273
3.360934
3.100194
3.316218
3.405379
3.528629
3.254370
3.406026
3.374124
3.206595
3.236286
3.287743
3.332517
3.257077
3.446781
3.215389
3.093349
3.301353
3.213837
3.293713
3.250868
3.193877
3.163465
3.056909
3.256419
3.380318
3.249763
3.480723
3.356398
3.319945
3.248040
3.465560
3.437437
3.422081
3.327693
3.329035
3.252871
3.330727
3.325155
3.177667
3.306405
3.269779
3.211171
3.258982
3.277193
3.297045
3.314992
3.383768
3.377409
3.303278
3.428225
3.341236
3.223658
3.059970
3.464695
3.366407
3.315573
3.339352
3.284494
3.182055
3.379860
3.270459
3.466669
3.319939
3.125332
3.211609
3.349186
3.356834
3.332469
3.278946
3.234120
3.175943
3.039904
3.406425
3.261581
3.326527
3.294321
3.271734
3.511170
3.198402
3.272179
3.233988
3.270822
3.316232
3.388593
3.225955
3.308089
3.387739
3.188987
3.234577
3.253408
3.264773
3.286295
3.217454
3.325800
3.250728
3.180704
3.457728
3.260078
3.292707
3.323919
3.267985
3.198691
3.212087
3.372519
3.187338
3.382333
3.330709
3.169613
3.197314
3.314286
3.341559
3.392491
3.347493
3.263266
3.336660
3.314158
3.343838
3.311458
3.424089
3.404810
3.193384
3.404197
3.239623
3.166694
3.241700
3.382848
3.343705
3.274509
3.458107
3.165352
3.113756
3.253722
3.210288
3.204123
3.260997
3.323448
3.190555
3.406120
3.319550
3.247029
3.261112
3.255171
3.314699
3.204036
3.078947
3.244770
3.219952
3.204149
3.166570
3.394849
3.201911
3.216840
3.387008
3.106452
3.268703
3.208781
3.233502
3.327512
3.319167
3.308702
3.337371
3.370860
3.288039
3.306652
3.317416
3.187502
3.196789
3.198552
3.364294
3.176631
3.402123
3.221242
3.176119
3.164181
3.231536
3.042330
3.356384
3.375189
3.142693
3.209618
3.290821
3.450377
3.339819
3.152556
3.378455
3.330798
3.324939
3.252422
3.386967
3.325864
3.325401
3.383198
3.358810
3.333175
3.379023
3.446001
3.407441
3.276711
3.283623
3.369163
3.290206
3.266989
3.380240
3.435507
3.332415
3.350929
3.205692
3.313801
3.211895
3.122010
3.263573
3.156318
3.252082
3.342138
3.322635
3.359291
3.174877
3.273549
3.287702
3.260366
3.312923
3.314136
3.253592
3.214605
3.309167
3.262062
3.278442
3.173901
3.311843
3.157826
3.158169
3.182564
3.217533
3.284616
3.122540
3.345428
3.433591
3.273048
3.244371
3.329656
3.289349
3.262969
3.283783
3.317906
3.365836
3.430875
3.455409
3.472187
3.263915
3.216481
3.254146
3.183142
3.214318
3.336061
3.232728
3.380765
3.334044
3.298416
3.280517
3.254737
3.212831
3.360786
3.359049
3.380883
3.206523
3.288785
3.466808
3.251227
3.395968
3.393256
3.223774
3.331442
3.255411
3.294759
3.157781
3.107690
3.261948
3.328819
3.253727
3.258483
3.208924
3.481388
3.201825
3.328440
3.401127
3.243889
3.407044
3.376722
3.236120
3.388387
3.194323
3.355059
3.299361
3.281163
3.294925
3.316940
3.160517
3.290795
3.207403
3.228420
3.327469
3.034787
3.314754
3.295535
3.360273
3.075869
3.338032
3.236885
3.308227
3.340587
3.317003
3.269611
3.263149
3.198439
3.223042
3.277334
3.225867
3.336956
3.212792
3.192152
3.239029
3.338235
3.169676
3.261511
3.182523
3.257983
3.206559
3.332226
3.341360
3.468904
3.316637
3.295973
3.298328
3.342520
3.495697
3.489534
3.410532
3.218201
3.251498
3.319980
3.325773
3.300137
3.290184
3.265540
3.208303
3.131974
3.257661
3.222017
3.219683
3.233252
3.237402
3.248523
3.262286
3.279443
3.332510
3.239222
3.353203
3.256020
3.294474
3.302827
3.298274
3.335117
3.337500
3.279847
3.163168
3.429545
3.308379
3.219132
3.480585
3.383551
3.342758
3.290525
3.254162
3.406171
3.400159
3.416863
3.335154
3.274872
3.345676
3.265591
3.323808
3.384045
3.272510
3.356228
3.364346
3.423472
3.170603
3.202774
3.142772
3.233476
3.297196
3.351237
3.368133
3.361831
3.474988
3.340498
3.226090
3.284740
3.286204
3.230619
3.154130
3.316065
3.294617
3.304655
3.127409
3.298074
3.290209
3.175319
3.425529
3.276586
3.303060
3.440276
3.333665
3.243599
3.256633
3.374963
3.115492
3.287939
3.319985
3.265236
3.308142
3.393110
3.224434
3.320825
3.355101
3.384565
3.340534
3.359685
3.250435
3.268698
3.442083
3.361565
3.311525
3.351429
3.230685
3.201863
3.341819
3.188199
3.305999
3.357149
3.342656
3.260379
3.298095
3.257293
3.258567
3.253655
3.269042
3.388738
3.203275
3.338956
3.318787
3.350484
3.373345
3.400249
3.335651
3.233077
3.360852
3.299445
3.484663
3.298942
3.297790
3.321017
3.358885
3.269596
3.243782
3.186939
3.340945
3.279510
3.527106
3.204032
3.323859
3.397439
3.262359
3.413726
3.319979
3.402164
3.492072
3.159902
3.226334
3.265395
3.181245
3.397309
3.275050
3.424910
3.299735
3.149226
3.258216
3.360063
3.410000
3.369540
3.294148
3.245094
3.294589
3.485091
3.311811
3.354768
3.330630
3.388650
3.412067
3.452156
3.199831
3.412646
3.210211
3.398729
3.309902
3.376885
3.356991
3.317716
3.363033
3.253379
3.440927
3.434553
3.433955
3.113194
3.398426
3.487127
3.418248
3.255259
3.228083
3.385962
3.304523
3.222355
3.246409
3.215307
3.333333
3.232091
3.312884
3.302677
3.324357
3.364398
3.302559
3.294983
3.187872
3.669884
3.445814
3.276652
18.880297
19.034163
18.865132
19.053206
19.189356
19.169642
19.071583
19.120129
18.939122
19.117939
19.004054
19.131032
19.018510
19.156114
18.952045
19.099579
19.129357
19.078004
19.052027
19.041110
19.049850
19.154131
19.110850
19.051635
19.023123
18.948275
19.074239
19.020640
19.084811
19.136211
18.976097
18.791637
18.991736
19.088599
19.086827
19.040787
19.044630
19.038509
18.990279
18.924744
18.962533
18.941225
19.103074
19.124349
18.977469
19.000413
18.946037
18.966947
18.952824
18.950888
19.004701
19.123210
18.865523
19.045039
18.982523
19.043497
18.914325
19.014931
19.014872
19.124240
19.100879
18.942879
19.014305
18.965430
19.059924
19.006785
18.998310
19.018577
18.976113
18.931994
19.031418
19.090405
19.109773
19.108534
18.898882
19.043461
18.988816
19.006608
19.002373
19.001615
19.066881
19.159536
18.943005
19.152341
18.938394
19.035445
19.006513
18.993149
19.031509
19.006595
18.920398
19.131930
18.948081
19.003883
19.085993
18.970922
18.993256
19.041457
19.015797
18.985381
18.926928
18.988516
19.000840
19.045486
18.924560
19.017825
19.124314
19.120824
19.003830
18.939578
19.034304
18.926704
18.971110
19.064908
18.890667
18.940223
18.974042
19.077656
18.924953
19.005870
19.091080
19.076255
18.926477
19.002214
19.032322
19.134404
19.127798
19.103841
18.885106
19.014310
18.999505
19.065850
18.980382
19.088708
19.172333
19.190626
19.062239
18.970613
19.125176
19.106588
19.049596
19.027267
19.175665
19.094718
19.018914
19.078259
19.067626
18.992871
19.001958
18.872680
19.044882
18.956561
19.049300
18.960292
19.022914
19.021980
19.071698
19.059182
19.168197
19.041263
19.019381
19.112594
18.982311
18.900197
19.032901
19.049461
19.036456
19.103370
18.830347
18.965382
19.056745
19.106676
18.993632
19.023300
19.014348
18.998196
19.016797
19.236515
18.925412
19.070613
18.913864
18.978392
18.938130
18.925001
19.014073
19.049603
19.111978
19.031359
19.105859
19.010738
19.020526
18.898185
18.953832
19.034403
18.989909
18.822917
18.956107
19.011960
19.099447
18.877189
19.243916
19.052407
19.079134
19.193300
19.003759
19.045285
19.118314
18.993682
19.109680
19.008655
18.984387
18.830264
19.167148
19.031723
18.939021
19.122927
19.018827
19.003744
19.193530
18.987848
19.189633
19.025312
19.023500
18.927068
18.921046
18.926359
19.017786
18.967760
18.924119
19.057474
18.996103
19.054828
18.886047
19.080106
19.015826
18.834230
19.089131
19.009458
19.107510
19.066239
18.988077
18.952987
18.941572
18.956508
18.937302
18.918425
18.954789
18.977537
19.125589
19.067468
18.994773
18.832530
18.996967
19.078397
18.922028
18.949135
19.239372
19.040517
19.113732
18.997041
19.110590
19.136231
18.955067
19.047859
18.981993
18.926526
19.131060
18.937569
19.127323
18.988175
19.070121
19.132595
18.934521
18.953550
19.038490
18.957673
18.981105
19.030512
19.057367
18.998440
18.920173
19.023122
19.051170
19.130219
19.122836
19.054939
19.217188
19.074659
19.128481
19.099636
19.060521
18.999090
19.186771
19.056007
19.082901
19.054029
19.032500
19.004656
19.030610
19.021024
18.929067
18.986895
18.947592
18.928430
18.923998
19.145949
18.962668
19.028273
18.947618
18.816039
18.883584
18.996506
18.919728
19.093735
19.057277
19.050772
19.086979
18.861073
19.038466
19.003656
19.093046
19.178546
18.975520
19.095627
19.013384
18.944324
18.975803
18.884806
18.929925
19.006676
19.122079
18.959745
18.999996
19.034188
19.062070
19.022769
19.035361
19.037882
19.000669
18.947325
19.128133
19.104906
19.006346
18.886041
18.904230
18.963181
18.996045
19.051576
19.022354
18.964929
18.955643
19.032741
19.009705
19.030196
19.033583
19.039486
19.091936
19.052660
19.121961
19.147711
18.860818
19.071059
18.994997
19.093874
18.864778
19.053830
18.880142
18.915778
19.075518
18.943262
18.961270
19.122144
19.039539
19.012169
19.127794
19.036075
19.102340
19.153804
19.028512
19.052534
18.921164
19.044599
19.030322
19.030371
19.050292
19.067850
19.056121
18.957634
19.128419
18.987367
18.939859
19.082676
19.075660
19.103984
19.100711
18.997121
19.001818
19.165252
18.994515
19.023015
18.843889
19.008489
18.869871
19.022060
19.074386
19.012298
19.074561
19.125545
19.039032
18.954123
19.035348
19.044314
19.240690
18.911344
19.259909
19.006305
19.029912
18.961070
18.979124
18.813440
19.053929
19.065026
19.047733
18.953874
19.044823
18.929011
19.010260
18.961219
19.126925
19.016773
19.037490
19.007360
18.896257
18.918798
18.901680
18.992374
18.943288
19.095478
18.969075
19.031896
19.036424
18.962809
18.948806
18.917377
19.127796
19.124965
19.115163
19.015775
19.092408
19.072833
7.888639
7.781043
7.563933
7.806289
7.646895
7.632581
7.546089
7.517769
7.688598
7.524485
7.501146
7.593167
7.622854
7.694983
7.709252
7.815540
7.689661
7.763121
7.692672
7.600368
7.558456
7.668344
7.713185
7.708952
7.733505
7.670337
7.723536
7.672968
7.647729
7.596961
7.734348
7.518836
7.717735
7.554061
7.799261
7.638486
7.616286
7.567853
7.773058
7.754946
7.598995
7.476524
7.709414
7.659636
7.723203
7.740166
7.692294
7.737454
7.719502
7.631013
7.807777
7.605987
7.734096
7.739723
7.721586
7.670874
7.730848
7.820137
7.733758
7.765888
7.721479
7.903791
7.666195
7.832154
7.826163
7.741453
7.806084
7.644045
7.741251
7.569333
7.736773
7.724858
7.769079
7.605215
7.607580
7.589108
7.617698
7.694520
7.684259
7.664531
7.811065
7.709689
15.449129
15.172942
15.496016
15.160519
15.454013
15.348570
15.282332
15.278752
15.403194
15.332482
15.326351
15.395877
15.341113
15.463860
15.465039
15.434590
15.279223
15.375794
15.308300
15.305012
15.452761
15.403222
15.401123
15.342750
15.539266
15.357460
15.356189
15.281438
15.285941
15.308849
15.412254
15.372044
15.291347
15.527841
15.246607
15.268198
15.460635
15.220301
15.436192
15.513585
15.396030
15.241073
15.347543
15.296424
15.298416
15.486200
15.277679
15.430738
15.395054
15.384200
15.407961
15.373034
15.353132
15.315787
15.392704
15.431894
15.368954
15.541734
15.223718
15.310412
15.293240
15.369555
15.403554
15.151340
15.375557
15.392413
15.386091
15.323183
15.226976
15.337627
15.326154
15.356128
15.426179
15.459627
15.484962
15.528853
15.406018
15.398281
15.388380
15.413840
15.382834
15.344143
15.369571
15.240622
15.489469
15.289731
15.287839
15.475617
15.389726
15.425979
15.357151
15.271871
15.223780
15.488848
15.412105
15.356837
15.338827
15.362968
15.348614
15.359378
15.361481
15.367594
15.389743
15.375840
15.461502
15.413418
15.395880
15.455527
15.250954
15.378140
15.221088
15.327276
15.311022
15.327592
15.353556
15.486972
15.360780
15.449649
15.366290
15.213298
15.352138
15.441801
15.336956
0.091222
0.030872
-0.037941
0.084380
-0.113181
0.016251
-0.018795
0.133217
0.066768
0.024923
-0.089018
-0.032558
-0.014496
-0.016360
0.039428
-0.064066
0.068008
-0.010650
-0.020272
-0.005202
0.030412
-0.107339
-0.144164
-0.034569
-0.108847
-0.003422
0.115431
0.095693
0.015951
-0.041485
-0.052282
-0.001839
-0.220502
0.032969
0.040862
-0.027259
-0.043832
0.017225
-0.089506
0.026590
-0.001736
-0.094344
-0.016210
-0.041392
0.065289
0.022888
-0.033550
-0.058347
-0.092044
0.139851
0.086878
0.035036
0.061973
0.043660
-0.165949
-0.095155
0.210959
0.020405
0.081876
-0.095991
0.097145
0.076539
0.113501
0.003737
-0.030760
0.009787
0.142310
-0.079509
0.143372
-0.063648
-0.050621
-0.021757
0.071440
0.036339
0.010905
-0.115240
-0.007407
0.003966
0.073278
0.153429
0.203048
0.083406
0.172260
0.121499
-0.110425
0.125824
0.083179
-0.009312
0.043720
0.026092
0.028910
0.040964
0.059048
-0.051621
-0.082996
0.014172
-0.061558
-0.033489
0.009602
-0.019601
-0.007672
0.025158
0.078501
0.130229
0.118651
0.033309
-0.040555
-0.223081
-0.000313
0.024499
0.020604
0.001841
-0.057662
-0.061991
-0.063510
-0.034419
0.014856
0.084906
0.137546
-0.034524
0.075557
-0.011343
-0.048308
0.215348
-0.006809
-0.121777
0.006920
-0.007990
0.041530
0.000919
-0.094192
-0.129724
-0.057716
-0.079123
-0.083574
0.061143
-0.184992
-0.092993
-0.024482
-0.046765
-0.219982
0.103086
0.025013
0.042783
-0.034094
0.035955
-0.097232
0.065028
0.013571
0.027067
-0.012869
-0.049463
0.079665
-0.017718
-0.021424
-0.004269
-0.117555
-0.039049
0.062147
0.011892
-0.071864
0.003707
0.109302
0.063531
-0.093449
-0.173240
-0.006659
-0.045047
-0.091777
0.003740
-0.105206
0.181609
0.054817
-0.032992
0.039299
0.077110
0.114077
0.104101
-0.061552
-0.023955
0.022201
0.005449
-0.011377
0.014736
0.005486
-0.002977
0.122020
0.172947
-0.010198
-0.097218
-0.130497
-0.051831
0.110232
-0.042084
0.017047
-0.004636
0.005091
-0.033869
0.023941
0.021810
-0.000084
0.021547
-0.085872
0.200765
-0.007492
0.126675
0.043894
-0.055897
-0.015498
0.048788
-0.018984
-0.023317
-0.028853
-0.014407
-0.008266
-0.072338
-0.088258
0.081242
-0.211448
0.084680
0.011774
-0.092424
-0.100399
0.004921
0.029455
-0.098259
-0.069827
-0.068010
-0.031892
0.154563
0.075946
0.126812
0.089051
0.003400
0.098004
0.092853
-0.187249
-0.126527
-0.041630
-0.045413
-0.061877
-0.051408
0.001957
0.060410
0.017141
0.024880
0.010324
-0.050074
-0.039296
-0.039638
-0.016210
0.033971
0.105496
0.030892
0.031166
-0.028061
-0.092991
0.183279
-0.051582
0.004138
-0.031841
-0.012299
0.018666
0.003008
-0.025993
-0.034423
-0.045291
-0.018548
0.080184
-0.017177
0.154319
0.026920
0.246098
0.113456
-0.038124
0.008287
-0.027303
0.202690
0.138528
-0.045922
-0.060966
-0.057717
0.015032
0.050415
0.104404
-0.169689
-0.074209
-0.036213
0.115771
0.082183
-0.005370
-0.003753
-0.013245
-0.037356
-0.063451
-0.108817
0.144635
0.014353
0.054348
-0.009216
-0.077682
-0.036474
-0.021135
0.052421
-0.221579
-0.093006
-0.051538
-0.061024
-0.087427
0.006512
0.025585
0.067705
0.021340
-0.144149
0.167514
-0.046142
-0.033901
-0.043979
-0.096606
-0.193467
-0.115133
-0.095139
-0.022555
0.004882
0.031577
-0.005497
-0.074832
0.080630
-0.138199
-0.125865
0.128577
0.063229
-0.000256
0.130285
0.038972
-0.023961
0.036114
-0.014485
0.045315
-0.131657
0.147728
0.042008
-0.038790
0.182924
-0.028444
-0.025910
-0.035361
-0.045636
-0.039229
0.078361
-0.105414
-0.006804
0.082509
0.024182
0.104004
-0.007819
-0.152081
-0.038925
-0.085741
-0.008381
-0.031064
0.016733
0.004391
-0.005342
0.052028
0.030304
0.006647
-0.006274
0.056035
-0.023408
-0.106753
-0.134716
-0.074317
0.036385
0.063189
0.009903
-0.003190
-0.005973
-0.008782
-0.134587
-0.006612
0.013550
-0.202340
-0.013356
-0.027703
-0.012683
-0.053297
-0.152893
0.093962
0.103054
-0.049691
0.006482
0.014314
0.159221
0.032297
0.037136
-0.022711
0.087967
-0.038536
-0.028628
0.083530
0.060796
-0.072715
-0.157507
-0.031509
-0.010652
-0.306666
-0.121359
-0.004091
0.037944
-0.007985
0.205111
-0.050237
0.126489
-0.006885
-0.058154
0.006988
0.149649
-0.056858
0.034399
0.096936
0.067978
0.018160
-0.129555
-0.004379
-0.020483
0.079139
0.052406
0.008206
-0.126880
-0.048742
-0.121863
-0.113235
0.138058
-0.077519
0.003206
0.050508
0.003744
-0.121216
0.099800
-0.167892
0.033364
0.044311
-0.021283
-0.158969
0.066673
-0.007456
-0.004506
0.132670
0.057530
0.005430
-0.085834
-0.010092
-0.008200
-0.056587
-0.081781
0.065220
-0.039940
-0.021636
-0.078545
-0.133677
-0.128138
0.030203
0.020463
-0.006686
0.082252
-0.073670
0.106605
-0.132122
-0.089662
-0.159377
-0.073201
0.064681
-0.103982
0.302563
0.164792
0.091360
0.061353
-0.118309
-0.070561
-0.045818
-0.053221
-0.061003
-0.028076
-0.082698
0.136215
-0.074438
-0.015742
0.004116
0.066753
-0.011859
0.119822
0.019921
0.080940
0.094983
0.057342
-0.023442
-0.033784
-0.039844
0.149611
-0.022670
-0.142779
-0.151451
0.103871
-0.240492
-0.205989
0.060352
0.074011
-0.083380
-0.016795
-0.063606
0.029876
0.046501
-0.005336
0.140421
-0.007073
-0.027905
-0.062709
0.018460
0.046559
-0.034604
-0.011471
-0.096045
-0.034266
-0.012143
0.045593
-0.004710
0.196516
0.008558
0.094146
0.140385
0.077854
0.033338
-0.086819
-0.132903
0.046938
-0.073084
-0.004183
0.028507
0.103740
-0.147762
-0.105025
-0.085699
-0.151593
-0.087663
-0.037168
0.107014
0.034123
0.041448
0.132404
-0.111580
-0.203202
-0.047817
-0.051216
-0.123998
-0.012609
0.000995
0.000984
-0.031141
0.046804
-0.065448
0.027646
-0.061370
0.088962
-0.131281
-0.007916
0.113340
0.196563
-0.129555
-0.020675
0.077446
0.059027
-0.121290
-0.008977
-0.012631
0.190491
-0.111327
0.130678
0.041297
-0.027276
-0.101487
0.061308
-0.058541
-0.106030
0.112305
-0.061420
0.229942
0.044450
0.064526
0.010888
-0.028278
0.009987
0.053751
-0.201766
0.132900
-0.080728
-0.082638
-0.042707
0.056182
0.119086
0.019376
-0.166206
0.066072
0.038232
0.035666
0.040837
0.088139
0.068791
-0.146174
-0.071882
0.045975
0.038604
0.028992
-0.091279
-0.053442
0.086938
0.020223
-0.109014
0.021266
0.009143
0.051420
-0.120083
-0.083781
0.185429
0.046266
-0.055470
0.180554
-0.137485
-0.003272
-0.163674
-0.044341
-0.068433
-0.080807
-0.010798
0.084568
-0.081632
0.186292
0.023373
0.006919
-0.159908
-0.132924
-0.129045
0.076180
0.079433
0.111750
-0.054576
0.107743
0.155334
-0.168358
0.072349
0.032971
-0.050990
-0.149376
-0.137710
-0.090698
0.032743
-0.037034
-0.031261
0.052250
-0.140836
0.062099
0.062074
0.114993
-0.045901
-0.047061
0.034732
0.068306
0.122479
-0.024183
-0.065236
-0.147949
0.042878
-0.064785
0.016200
0.066543
0.012454
-0.063082
0.069285
0.207952
0.133065
0.041690
-0.081933
-0.249617
-0.142294
-0.025006
0.011041
-0.039418
0.004305
0.038962
0.123874
0.115138
0.046027
-0.087337
-0.013882
0.111071
0.018155
-0.121431
-0.115878
-0.222274
0.005696
0.016953
-0.015816
0.073831
0.179591
0.177804
-0.070395
-0.102044
-0.178854
-0.199496
-0.062967
0.119617
0.149099
0.056132
-0.070708
0.089910
-0.004302
0.088271
0.055564
0.093617
0.003316
-0.150369
-0.166130
-0.089524
-0.174158
-0.059013
0.020754
0.024812
-0.112061
0.050759
-0.017535
-0.046462
-0.103434
0.088266
-0.091043
-0.158239
-0.177616
0.000068
0.048217
0.073418
-0.115931
0.071004
-0.045031
-0.141909
0.070398
-0.026277
0.020007
0.089791
0.005660
-0.157806
0.008376
0.106604
0.069893
-0.169694
-0.057472
0.181387
0.008767
0.071585
-0.055616
0.041861
-0.074008
-0.066301
-0.088853
-0.088961
-0.075539
-0.004824
-0.075519
0.008672
-0.009299
-0.009086
0.200947
-0.111412
0.000870
-0.058202
0.017447
0.115085
0.184785
-0.011755
-0.030457
-0.183873
