-0.711466
-1.671802
0.388817
0.241805
0.302938
-0.262001
-0.281313
-0.339807
-0.400284
-0.422190
-0.576323
-0.768852
-0.909960
-1.061182
-4.255832
-0.545294
-1.576708
-1.712214
-1.406833
-0.996144
-1.119701
-1.374546
0.542404
-0.647843
-0.086288
-0.005450
0.109554
0.199323
0.383018
0.598472
0.784024
0.981681
0.971960
0.876506
0.802286
0.674967
0.604512
0.535619
0.433851
0.324848
-0.045337
-0.891896
0.969037
-1.087041
-0.636180
-0.667493
-0.726366
-0.757460
-0.676303
-0.537285
-0.374570
-0.162771
-0.299626
-0.559322
-0.336338
-0.002458
-1.990723
-0.210639
-0.339608
0.239134
0.319166
0.316492
0.537767
0.762767
0.463752
-0.032769
-0.501063
-1.105387
-0.787477
-0.137917
0.340101
0.998200
0.388634
-0.694096
-1.145855
-2.437022
-1.950723
-1.034663
-0.666715
-0.142380
-0.224308
-0.548953
-0.689928
-0.930689
-0.719554
-0.343451
-0.088668
0.239651
-0.339748
-1.283766
-0.804362
0.013722
-0.228356
-0.612096
-0.560728
-0.502869
-0.810984
-1.225706
-0.393632
-1.465930
-1.386611
-1.577673
-1.733915
-1.880102
-2.053218
-1.536478
-1.388490
-1.076979
-0.796014
-0.490465
-0.654752
-1.010667
1.575284
-0.989962
-0.443848
-0.676265
-0.765060
-0.828115
-0.985379
-1.155459
-1.151917
-1.090482
-1.050547
-0.974247
-0.916442
-0.851742
-0.831200
-0.828175
-0.381778
-0.680230
-0.510613
-0.443932
-0.341271
-0.221974
-0.105181
0.022153
-0.047318
-0.195855
-0.325015
-0.503821
-0.209118
0.265850
0.646904
1.122613
0.930592
0.488865
-0.815223
-0.774508
-1.004104
-0.809838
-0.824811
-0.758810
-0.628280
-0.454503
-0.201350
0.112677
0.312411
0.500446
0.757054
1.025254
1.516254
2.114749
1.489398
0.417269
0.430286
0.566072
1.123003
0.224815
0.453663
0.524768
0.572081
0.654692
0.636599
0.589678
0.704030
0.862831
0.223182
0.164028
1.548236
0.185944
0.493907
0.378349
0.261726
0.123044
0.218088
0.402131
0.553254
0.756825
0.881814
0.994458
1.164521
1.344910
0.771088
-0.112730
-1.077211
-2.301145
-0.972305
-0.209653
1.611853
2.867212
2.611281
1.559117
0.501095
-1.092576
1.210534
-0.951751
-0.661587
-1.007829
-0.262604
0.908497
0.006844
2.824684
1.793196
0.647351
-0.118825
-1.184645
-0.301444
1.310846
-2.736050
1.469321
0.307307
0.129359
-0.140017
-0.037158
-0.099980
-0.068546
-0.083666
-0.091969
-0.106648
-0.125775
-0.137940
-0.149902
-0.132079
-0.100751
-0.347777
-0.703760
0.584180
-0.606348
-0.281434
-0.299073
-0.341472
-0.394462
-0.446150
-0.504871
-0.529510
-0.542805
-0.781279
-1.106642
-0.009705
-0.789462
-0.394516
-0.228573
-0.102168
0.024489
0.255197
0.526110
0.090921
-0.614855
1.505930
-0.709405
-0.085615
0.013554
-1.009870
-0.443912
-0.594012
-0.422858
-0.285990
-0.088989
-0.444487
-1.010524
-0.788371
-0.388010
-0.329913
-0.250478
0.034454
0.380581
0.015813
-0.601002
-0.181658
0.485179
-3.859333
0.393790
-0.642264
-0.430530
-0.435519
-0.508060
-0.484122
-0.473736
-0.255938
0.053980
0.284145
0.545507
0.695818
0.831108
-1.670359
-0.202772
-0.675505
-0.393092
-0.262937
-0.049156
-0.017730
-0.040829
0.029291
0.094216
-0.105755
-0.411002
-0.191736
0.173325
0.098859
-0.038763
-0.002343
0.031995
0.096098
0.190320
-0.076743
-0.480266
1.235752
-0.260611
0.211203
0.239544
0.218906
0.178020
0.139827
0.088106
-0.048103
-0.226316
-0.112488
0.096973
-0.387669
-1.091911
3.446163
0.279810
0.763756
-0.254398
0.359858
-1.477241
-0.953882
-0.402037
-0.084788
0.395937
0.504809
0.507224
0.693033
0.867614
0.787338
0.612780
0.439044
0.194489
0.056477
-0.069302
-0.272977
-0.492782
-0.274679
0.113947
0.466375
0.929681
0.703165
0.231259
-0.076092
-0.501463
-0.496318
-0.345870
0.567632
0.185129
0.434088
0.425207
0.522485
0.610972
0.588133
0.525048
0.563716
0.412839
0.405650
0.381550
0.326822
0.266352
0.408335
0.630527
0.837803
1.097757
1.184193
1.219904
1.317509
1.399305
0.996459
0.386544
-0.218347
-0.969454
-0.734179
-0.147188
0.245955
0.825883
0.451346
-0.262312
-0.784972
-1.486348
-0.831241
0.337522
-0.599290
1.533750
1.247125
1.146555
1.283019
1.351313
0.940338
0.318590
0.145716
0.014315
2.297516
10.829007
12.254532
10.817277
12.925068
14.447282
12.391868
13.509311
13.726714
14.669162
15.021714
15.367727
15.200887
14.750303
14.310374
13.687708
13.925684
14.445358
14.738843
15.159226
15.188012
15.085689
15.083061
15.019948
15.148304
15.340344
13.228343
14.175629
14.238857
15.115569
14.875307
14.447374
18.709013
14.370929
15.333819
15.018891
15.026412
15.133648
15.076467
15.030200
15.398227
15.930238
15.515516
16.492756
16.357553
16.301053
13.283815
14.707126
14.612295
15.638887
14.673151
14.780697
14.651248
14.712947
14.641320
14.429092
14.463118
14.521920
14.548940
14.600124
14.628173
14.654338
14.706260
14.765808
14.778208
14.776847
14.785618
14.787260
14.815279
14.852254
14.798675
14.713554
15.188801
15.878114
12.863591
15.440112
14.593419
14.517997
14.515992
14.544172
14.014675
14.038163
14.763618
13.935145
14.039852
13.887764
14.137395
14.536434
12.850221
14.792714
14.564297
14.891819
15.255007
15.664014
15.400002
14.874872
18.237747
14.769936
15.413057
15.016116
14.788448
14.580723
14.239334
13.868342
13.882464
14.032425
14.134074
14.319602
14.343574
14.332996
14.415828
14.505107
14.404019
14.234842
14.081291
13.882322
14.127478
14.541978
14.890440
15.337188
14.064690
12.099722
12.457025
13.295898
-2.463234
-0.835317
-3.237937
-0.965290
-2.384292
-3.609978
-3.574057
-3.301644
-3.521546
-3.706512
-3.615415
-3.442614
-3.463500
-3.499280
-4.342727
-5.557323
-1.081048
-4.525558
-3.067878
-2.633511
-2.722358
-2.994278
-3.148127
-3.392929
-3.434635
-3.420043
-3.515024
-3.608740
-3.565301
-3.474512
-3.726722
-3.439522
-3.403656
-3.258278
-3.094886
-2.899125
-3.079163
-3.402027
-3.675035
-4.033554
-4.138824
-4.171128
-4.302473
-4.414951
-4.320179
-4.138869
-3.947751
-3.689961
-3.494543
-3.293383
-3.020440
-2.720866
-2.640998
-2.634534
-2.590459
-2.588045
-2.485645
-2.356241
-2.273974
-2.188522
-2.286823
-2.466810
-2.635952
-2.858215
-2.942897
-2.992785
-3.147160
-3.315121
-2.935310
-2.339854
-3.857234
-2.389607
-3.014299
-3.354181
-3.655735
-4.029068
-3.859833
-3.489314
-2.076399
-2.172432
-0.753551
0.713187
5.335090
7.656812
7.569690
6.592239
6.744085
6.704153
4.072093
7.393378
6.680169
6.765631
6.912605
7.032809
7.167431
7.302156
7.211957
7.027630
6.853221
6.615106
6.919880
7.426847
7.844539
8.376481
6.689498
4.102453
5.494334
7.922496
9.935627
6.172770
7.105892
7.286488
7.276389
7.329761
7.369735
7.413560
7.419598
7.409942
7.405795
7.392637
7.393814
7.397450
7.391184
7.383374
7.404447
7.436036
7.464705
7.500117
7.772212
8.147866
8.043434
7.808318
7.893998
8.004100
7.961276
7.898794
7.858216
7.801554
7.722383
7.628418
8.011805
8.588987
9.130093
9.797211
9.417937
8.648658
8.054651
7.241658
7.276794
7.588746
7.638835
7.797031
7.115009
6.098409
5.227862
4.173703
6.896936
11.156862
9.689229
6.904637
7.691716
8.774898
8.295291
7.667682
7.753268
7.907477
7.572844
7.137888
8.902729
7.914133
10.071930
10.033513
9.281768
7.530499
10.315062
7.020490
5.920193
7.590879
6.877795
6.681295
7.502257
8.745809
7.049988
7.358343
7.364194
7.869267
7.944988
8.039932
8.369176
8.761658
8.224900
7.347197
7.384963
7.956005
7.906495
7.939780
8.022813
8.100101
8.211541
8.340088
8.452832
8.570486
8.706801
8.851683
8.535620
8.029416
7.600604
7.066812
5.846285
7.272858
6.947793
7.045158
7.138433
7.242444
5.832935
6.872764
6.614745
6.792023
6.936941
7.134647
7.075841
6.929201
6.848008
6.726340
6.706792
6.718659
6.684745
6.656887
6.937700
7.347842
7.750579
8.243456
8.148842
7.845708
7.661155
7.367134
7.273928
7.227425
7.059889
6.884003
7.025492
7.285294
7.521808
7.837462
7.773863
7.583512
7.491252
7.341173
7.350512
7.410974
7.405491
7.412785
7.420832
7.428204
7.448247
7.473445
7.490597
7.508084
7.531355
7.556391
7.385673
7.133104
6.890847
6.593894
6.354938
6.116119
5.818261
5.501488
5.635849
5.947051
6.218752
6.604285
7.134952
7.776535
7.921888
7.923442
8.078589
8.179156
7.830245
7.280769
7.275106
7.359251
7.208758
7.058098
7.053207
7.085416
7.109301
7.162466
7.141467
7.101751
7.095475
7.086804
7.092319
7.106288
7.117432
7.132837
7.166433
7.209466
7.256103
7.310624
7.237696
7.114614
7.159340
7.238469
7.200130
7.145699
7.133281
7.118759
7.118132
7.126880
7.133185
7.144316
7.145710
7.144963
7.159893
7.179460
7.105387
6.995304
7.350704
7.000045
7.084499
7.072513
7.056426
7.039475
7.023507
7.007117
6.989757
6.971892
6.951740
6.930274
6.908376
6.885436
6.949278
7.049511
7.144921
7.264522
7.361966
7.460808
7.585608
7.719763
7.654084
7.510509
7.385440
7.210580
7.440278
7.820740
7.969440
8.133016
8.838607
7.937627
8.026301
7.840603
7.814336
7.832125
7.768261
7.707182
7.654711
7.598562
7.591546
7.604623
7.558637
7.502139
7.469378
7.435536
7.268474
7.046733
6.829806
6.575199
6.937404
7.544912
6.965308
6.060857
6.539353
7.328360
7.711366
8.214853
8.043941
7.599544
7.304629
6.873747
6.847467
6.945458
6.886443
6.861700
6.655976
6.372679
6.131416
5.852523
5.971829
6.247386
6.467154
6.778570
6.992775
7.202657
7.319009
7.383245
8.406715
7.657989
7.991959
8.057712
7.693277
7.134755
6.862564
6.575702
6.385496
6.259861
7.681009
6.530146
4.852483
1.909178
-7.012116
-7.346915
-8.938552
-7.674230
-6.892553
-6.229944
-6.248906
-6.664779
-6.232189
-5.696750
-6.121713
-6.817286
-7.358240
-8.061912
-8.180511
-8.110043
-8.197202
-8.200879
-8.580280
-9.097120
-7.966914
-9.210532
-8.748974
-8.499868
-8.212952
-7.828945
-7.806652
-7.888764
-7.679845
-7.769921
-7.548957
-7.304944
-7.097762
-6.862514
-6.880163
-6.996166
-7.072505
-7.204836
-7.260537
-7.305669
-7.411752
-7.530703
-7.483069
-7.377038
-7.291994
-7.170875
-7.155928
-7.171474
-7.145265
-7.126822
-7.214688
-7.347005
-7.482446
-7.651303
-7.500695
-7.230146
-7.007988
-6.716386
-6.736420
-6.861635
-6.901912
-6.988337
-6.948436
-6.867415
-6.838936
-6.800167
-6.927746
-7.126848
-7.308544
-7.533964
-7.910942
-8.371053
-9.153078
-10.127083
-7.426158
-6.449911
-6.583876
-7.609304
-6.031696
-3.881814
-4.863288
-6.633338
9.452595
5.209946
9.820565
10.562741
11.381217
11.356822
10.407998
8.678931
9.407317
10.717823
11.107343
11.637993
11.819712
11.821574
11.977256
12.077156
11.712920
11.141344
10.778236
10.357523
9.319475
10.749874
10.646087
10.980887
10.947174
10.799734
10.807204
10.788273
10.766064
10.746492
11.012035
11.399782
11.254477
10.969819
10.836911
10.646825
10.523939
10.418920
10.253020
10.076705
9.974943
9.893576
9.830575
9.792841
9.583329
9.681362
9.611602
9.596377
9.755921
9.997616
10.246296
10.554952
10.690623
10.781535
10.624397
10.322422
10.487751
10.757778
10.855755
10.979072
11.080434
11.166111
11.277597
11.390390
11.254507
11.016157
10.633331
10.114682
12.504987
16.054096
9.486109
12.840832
11.128697
10.839249
11.118986
11.771073
11.355839
10.721221
10.522590
10.293647
10.298648
10.435154
10.533660
10.702393
10.676640
10.597020
10.598180
10.587876
10.532804
10.461866
10.381631
10.285265
10.203070
10.118361
10.016269
9.907102
10.128656
10.485774
10.821172
11.245875
11.123023
10.806737
11.481611
12.429596
12.202292
11.707842
11.554658
11.297043
11.140202
11.013440
10.776941
10.518515
10.591142
10.782737
10.997006
11.311727
11.027442
10.537754
12.865264
11.067607
11.641348
11.589315
11.553908
11.483435
11.506760
11.555322
11.563674
11.576676
11.432211
11.218665
11.007260
10.747721
11.575292
12.843096
11.778953
10.824096
10.609902
10.515143
12.819489
10.615976
10.990016
11.152895
11.039492
10.982514
10.995907
11.036428
10.891182
11.029177
10.986591
10.980226
10.984085
10.990147
10.964727
10.928028
10.895047
10.855028
10.827799
10.803108
10.770611
10.737335
10.816521
10.942367
11.062497
11.213969
11.193354
11.113600
11.073663
11.004734
11.066461
11.174411
11.247031
11.340114
11.386238
11.418229
11.473147
11.526225
11.515932
11.480240
11.445558
11.392693
11.360379
11.328395
11.276710
11.218974
11.192635
11.174733
11.149056
11.127349
11.086394
11.038285
10.995055
10.948510
10.903527
10.858172
10.813336
10.768711
10.698408
10.661762
10.602043
10.545560
10.502560
10.464369
10.423845
10.386012
10.366694
10.356268
10.240472
10.085969
10.429549
8.927928
11.773891
9.323379
10.208755
10.491907
10.763694
11.101670
11.154089
11.114817
11.156285
11.158901
11.317106
11.531857
11.700324
11.892071
11.708468
11.371162
11.073771
10.681591
11.616355
13.075538
12.034412
10.315669
10.385051
10.632979
10.082494
9.465298
9.828737
10.493630
10.393086
10.211955
10.243197
10.245989
10.113416
9.932402
10.225296
10.682801
9.421195
10.687409
10.565159
10.656705
10.871574
11.092082
11.057960
10.931196
10.844133
10.703587
10.777448
10.921680
11.001619
11.109881
10.936928
10.650783
11.169675
11.948287
8.808860
12.743143
11.419429
10.758408
10.960780
11.284305
11.284383
11.295034
11.173987
10.967607
11.392896
10.837768
10.893179
10.815823
10.712948
10.601648
10.610430
10.663656
10.702781
10.769448
10.791852
10.806835
10.852126
10.902148
10.812002
10.667641
10.534463
10.365794
10.551989
10.873730
11.133731
11.468556
10.022757
6.786160
11.365601
10.966677
11.244405
10.304754
10.514789
10.715182
10.674251
10.647859
10.631028
10.599524
10.600806
10.610174
10.603016
10.596087
10.619434
10.654020
10.687407
10.728757
10.794284
10.873702
10.869300
10.838301
10.856736
10.874866
10.862666
10.842654
10.861669
10.890417
11.142555
11.498438
10.092879
10.616836
9.853736
9.260675
11.289133
14.478282
11.324572
10.516603
6.037346
9.713012
8.881372
9.564640
9.663740
9.746906
10.359568
11.128205
11.084266
10.823737
10.763912
10.601945
10.702015
10.886967
10.956483
11.044405
10.977120
10.840196
10.703765
10.518475
7.865842
11.331044
10.842025
11.276130
11.450755
10.853335
10.766535
10.507737
10.281606
10.042844
10.462746
11.160449
10.580669
9.657249
13.159331
9.694493
10.754333
10.943234
10.993058
11.054686
10.954993
10.777463
10.618003
10.412674
10.547264
10.806906
11.004554
11.270419
11.221228
11.063386
10.989251
10.866456
10.866870
10.905769
10.889650
10.881203
10.859317
10.829481
10.839956
10.862434
10.689344
10.442935
11.536893
10.396117
10.790837
10.933611
11.032834
11.158055
11.245831
11.325247
11.585339
11.914426
11.186985
11.764623
11.217624
10.691797
12.049463
10.664535
10.909552
10.762331
10.793108
10.888409
10.963090
11.078082
11.122737
11.154170
11.230201
11.311564
11.294802
11.243509
11.382076
11.574856
10.741194
11.523882
11.305745
11.310514
11.270062
11.208848
11.440840
11.783072
10.403683
11.620498
11.245034
11.226375
11.214704
11.204605
11.191665
11.178993
11.161590
11.142000
11.122868
11.102405
11.174270
11.284846
11.385554
11.509981
11.598965
11.682938
11.948663
12.670601
10.819631
12.083741
11.491675
11.297135
10.644847
9.787524
12.645682
11.046678
8.641091
11.706509
11.081032
11.363468
11.410799
11.392728
11.464235
11.518313
11.472843
11.386334
11.286787
11.151920
11.051808
10.948552
10.807131
10.651679
10.739853
10.921073
11.076960
11.291467
11.422181
11.542029
11.776069
12.044733
11.636452
10.968449
12.577041
10.685828
11.097909
11.091047
10.377688
10.597638
10.513619
10.662812
10.782479
10.966681
11.112799
11.269829
11.495071
11.750418
11.439400
10.908725
11.064694
11.349923
11.698683
12.207757
11.855798
11.219325
11.220828
11.269287
10.988875
10.658089
10.418956
10.160391
9.843115
9.501456
9.599501
9.866995
10.279772
10.880334
10.204311
11.209915
11.300865
11.655488
11.732401
11.717857
11.746186
11.720494
11.506072
11.190570
10.782375
10.267389
10.548573
10.603306
10.790007
11.011047
11.116892
11.203788
11.156034
11.029910
11.627617
9.485710
11.332079
10.581741
10.823712
10.693372
10.818376
10.982632
11.032132
11.078235
11.314148
10.514225
10.708423
10.860310
10.831128
10.810341
10.817559
10.821454
10.831393
10.845311
10.853509
10.861778
10.874461
10.888450
10.895855
10.901538
10.908891
10.915451
10.926167
10.938457
10.949760
10.961821
10.923939
10.865057
10.790673
10.694563
10.752602
10.864409
10.128533
10.646313
10.415074
10.362850
10.296092
10.227725
10.191531
10.078590
10.010896
9.929896
10.041890
10.234559
10.415248
10.649080
10.833394
11.020274
11.264207
11.528374
11.608202
11.625117
11.671380
11.681130
11.753580
11.838706
11.870585
11.892387
12.516483
14.047591
11.660391
14.253451
11.657481
8.772501
-2.766484
-1.912455
-4.080536
-2.643353
-2.487803
-1.508120
-2.037487
-2.958461
-2.950191
-2.889836
-3.394704
-3.779978
-4.223025
-4.694463
-4.643544
-4.389786
-4.796747
-4.215836
-4.462694
-4.668799
-4.767748
-4.889657
-4.587716
-4.104841
-3.663156
-3.109328
-4.491872
-6.650146
-5.373963
-3.204986
-3.875977
-4.973318
-4.996726
-5.063694
-4.477277
-3.519541
-3.850479
-4.486553
-4.307590
-4.061278
-4.176215
-4.326999
-3.394012
-2.054933
-3.035436
-4.697854
-4.228683
-3.762281
-3.724139
-3.643805
-4.676775
-4.228612
-3.792145
-4.609534
-4.551493
-4.709773
-4.879775
-5.063437
-5.085722
-5.046984
-5.029437
-4.975222
-4.976531
-4.986527
-4.982281
-4.981925
-4.749214
-4.417951
-6.171074
-6.526669
-2.494346
-6.419907
-5.341319
-5.398015
-5.338383
-5.231376
-5.129455
-4.995180
-4.967213
-4.969855
-4.934463
-4.908488
-4.863138
-4.809930
-4.767004
-4.722718
-4.618124
-4.488321
-4.407774
-4.329986
-4.112130
-4.371675
-4.370530
-4.426208
-4.452354
-4.464957
-4.511660
-4.563399
-4.496955
-4.386196
-4.286016
-4.157056
-4.071779
-3.992722
-3.882074
-3.765525
-4.120950
-4.671087
-5.194515
-5.847800
-5.617358
-5.068918
-4.746280
-4.277124
-3.690575
-3.009326
-4.558273
-2.435125
-3.222680
-3.764091
-4.292257
-5.007653
-4.662596
-3.952656
-5.096506
-3.643431
-4.024696
-4.165811
-4.177655
-4.216196
-4.364913
-4.559333
-4.775609
-5.034269
-4.286353
-3.132318
-4.058428
-5.572735
-4.436674
-4.702278
-4.590635
-4.694667
-4.714171
-4.758829
-4.802350
-4.848224
-4.837090
-4.802681
-4.773157
-4.728769
-4.957820
-5.296770
-5.065864
-4.672941
-5.079922
-5.690995
-3.233862
-3.695743
-6.655966
-3.266928
-3.992035
-3.756898
-2.674816
-1.218023
0.919425
3.611768
2.885262
3.258964
3.138965
2.962450
3.178418
3.482624
3.461482
3.384816
3.386471
3.360982
3.269781
3.146193
3.236977
3.396841
3.412579
3.615845
3.649395
3.683347
3.753737
3.821849
3.747593
3.615551
3.487578
3.319182
2.960286
2.501820
2.009755
1.436563
1.824617
2.580104
2.701325
2.826638
2.919577
2.933497
3.370817
3.947836
3.832523
3.532923
3.525134
3.481839
3.618984
5.430002
3.804279
3.886830
3.626762
3.657515
4.212873
3.274370
3.319740
3.139251
2.910596
2.659789
2.581427
2.560960
2.509743
2.490831
2.394629
2.277423
2.196747
2.113587
2.148813
2.237115
2.318032
2.433216
2.465215
2.477097
2.536633
2.598210
2.646498
2.695134
2.746835
2.798595
2.901140
3.025645
3.148047
3.285223
3.221766
3.079640
2.961441
2.795313
4.404621
6.749446
5.675315
3.679100
3.912391
4.300198
3.610195
2.770076
3.024933
3.561223
3.886342
4.369438
3.903212
3.084722
2.497889
1.744026
1.599013
1.981772
2.266457
2.821203
1.681845
3.024256
2.987516
3.347553
3.456072
3.497470
3.607908
3.689636
3.079158
2.168004
1.257524
0.133132
0.827042
2.194464
3.262059
4.710235
4.472976
3.665165
3.321606
2.729747
2.818754
3.130271
3.125195
3.161777
3.336491
3.177442
3.260963
3.305918
2.894577
2.296696
1.373694
0.176620
1.997983
1.046449
1.784247
2.261056
2.421290
2.503402
2.773409
3.053234
3.110166
3.096756
3.153439
3.183382
3.287261
3.417490
3.517407
3.624604
3.549488
3.396999
3.259666
3.073219
3.259812
3.583723
3.817370
4.116461
4.372020
4.630166
3.945159
4.857154
4.018082
3.412338
3.584264
4.011006
6.230621
3.218364
3.765807
3.566013
3.604093
3.770157
3.866502
4.018344
3.899819
3.684878
3.616735
3.537244
3.064486
3.308508
3.126627
3.057774
3.039909
3.051609
3.078016
3.129935
3.145121
3.158191
3.199369
3.247626
3.259068
3.261137
3.272345
3.279151
3.310023
3.350040
3.384535
3.423514
3.427228
3.417454
3.413798
3.402691
3.547441
3.755664
3.949502
4.183467
4.069654
3.825144
3.637052
3.374895
3.230496
3.107470
2.903143
2.686707
2.711421
2.824459
2.894600
3.013414
3.247785
3.549591
3.038604
3.874213
3.686005
3.607133
3.565879
3.483457
3.354449
3.190310
2.985862
2.742866
2.804553
2.973549
3.054602
3.180784
3.390261
3.260773
3.385863
3.469252
3.454332
3.404998
3.361503
3.293956
3.247817
3.200134
3.515632
3.987207
2.203988
3.917009
2.958032
2.261753
6.189573
4.696367
-2.649241
3.535424
1.883512
2.617917
2.723916
2.850980
3.067598
3.265652
3.476655
3.693952
3.773035
3.797630
3.834802
3.837156
3.625400
3.307556
2.993849
2.609515
2.818138
3.246404
4.331120
3.228569
6.217073
3.126336
3.596519
3.166249
3.253634
3.516379
3.612675
3.775138
3.739595
3.633184
3.602480
3.549813
3.541824
3.550570
3.535254
3.522275
3.500624
3.473830
3.449636
3.423220
3.390742
3.354918
3.317076
3.276167
3.235420
3.193092
3.147564
3.099951
3.098870
3.116273
3.129485
3.154503
3.165310
3.175158
3.197807
3.223948
3.215115
3.194393
3.178896
3.156347
3.149426
3.146404
3.135450
3.124602
3.132613
3.147858
3.162337
3.181877
3.169475
3.145772
3.128680
3.105723
3.213339
3.374466
3.523944
3.707367
2.742083
1.302700
2.087817
3.475647
3.348066
3.093672
3.546206
4.079643
3.814757
3.322955
2.954941
2.448728
2.548170
2.853663
2.990967
3.217398
3.204241
3.113097
3.123207
3.114486
3.129969
3.157648
3.165594
3.173421
3.188192
3.203773
3.218775
3.234645
3.170068
3.071607
2.977509
2.860870
2.764382
2.666369
2.544187
2.413141
2.497070
2.665758
2.815807
3.020409
3.157248
3.288845
3.479686
3.686104
4.057617
4.512952
4.015401
3.169162
7.425420
2.840370
3.570417
2.959167
2.638609
2.376003
1.549010
0.539810
1.500021
3.153063
3.128605
2.923586
3.367755
3.825909
4.055829
4.263932
4.090208
3.719628
3.394660
2.956420
2.814036
2.749289
4.932626
3.570761
4.144930
4.119595
4.222607
4.304300
4.214761
4.055962
3.883497
3.654631
3.457807
3.246739
2.912753
2.523184
3.288553
4.506281
2.816396
5.603228
3.771842
1.765381
2.420326
3.636631
3.288730
2.820140
3.021244
3.285110
3.229588
3.138492
3.131459
3.109704
3.108211
3.117343
3.111029
3.105267
3.131664
3.170367
3.208132
3.254671
3.240271
3.203953
3.174994
3.132443
3.146015
3.177877
3.000448
3.119111
3.037193
2.986520
2.935939
2.878800
2.950715
3.074479
3.185890
3.330008
3.225230
3.028567
2.876393
2.673736
3.041769
3.633684
3.220798
2.545717
6.959869
2.942651
4.121199
4.098375
4.229558
4.413468
4.640599
4.927137
4.409251
4.752176
4.548606
4.430712
4.255150
4.037331
3.776786
3.472153
3.863818
4.526573
3.981867
3.124157
3.194913
3.386194
3.203834
3.017286
3.050778
3.136369
3.205168
3.314536
3.379146
3.441946
3.548538
3.668175
3.542608
3.323459
3.128734
2.874583
2.537809
2.140617
3.098512
4.595931
-2.189098
2.197182
5.540619
1.488921
2.869376
2.985313
3.184038
3.400627
3.413333
3.356425
3.376410
3.374900
3.173573
3.432012
3.377131
3.383228
3.525650
3.721475
3.654139
3.514288
4.725040
3.573733
3.866131
3.808943
3.656874
3.453486
3.221944
2.944328
3.112465
3.445696
3.711789
4.073881
3.997299
3.771939
3.664335
3.490666
3.494800
3.556099
3.542279
3.542111
3.498839
3.435670
3.387895
3.332783
3.337629
3.366179
3.270686
3.139871
3.262093
3.462295
3.614035
3.808492
3.967324
4.125884
4.329813
4.549147
4.156364
3.515152
3.130362
2.673445
1.860713
3.276909
3.324725
3.797129
3.652156
3.298562
3.125771
2.866775
2.624046
2.366988
3.789312
2.517514
3.249381
3.749130
4.468425
5.661278
5.173779
4.216459
3.589534
2.705095
2.760588
3.130331
3.302825
3.638180
2.740613
1.373874
4.988337
1.222276
2.226030
2.328172
2.360852
2.446541
2.450605
2.437424
2.459889
2.480798
2.516292
2.561037
1.618316
2.155233
1.854077
1.785140
2.042699
2.459258
0.694866
1.405922
3.811204
1.635123
2.478349
2.638795
2.844538
3.069306
3.270826
3.476166
3.702564
3.937250
4.051274
4.120071
4.265177
4.408782
5.214481
6.309277
1.374548
4.112043
3.047316
2.625643
2.161311
1.577557
1.692205
2.043540
2.317823
2.744188
2.925034
3.064521
3.371413
3.704157
3.772680
3.758620
3.784043
3.759587
3.804068
3.858688
3.895261
3.936207
3.879804
3.782116
4.521209
2.493821
2.902725
3.140461
3.031294
2.952286
2.954749
2.969278
3.008757
3.073133
3.127976
3.193070
3.284548
3.391045
3.419420
3.424385
3.448478
3.461467
3.517717
3.589196
3.647468
3.711837
3.590804
3.392342
3.285404
3.161493
2.654432
1.986079
4.432333
1.489431
2.802065
2.098978
2.896818
2.348311
4.000200
6.153227
3.957325
1.736101
0.464226
1.954336
5.575353
2.006161
2.691852
2.044198
2.242295
2.625981
2.732737
2.898186
3.274411
3.738502
3.740205
3.608657
2.762131
1.499978
4.785600
0.851614
1.678945
4.367523
3.693645
2.965429
3.015629
3.015529
3.031759
3.113791
3.149238
3.197429
3.214621
3.219663
3.244258
3.268197
3.261083
3.242520
3.464374
3.319410
3.398933
3.427536
3.458007
3.489183
3.489343
3.476834
3.494410
3.515567
3.330292
3.062045
4.050151
3.122354
3.356245
3.319649
3.280374
3.236217
3.207437
3.182630
3.180073
3.190474
3.005939
2.746889
3.781264
2.921914
3.607357
4.240482
4.365639
2.288595
2.736817
3.173762
3.665422
4.442478
1.352292
4.069750
3.232663
3.195168
3.190817
3.198880
3.195582
3.196778
3.326347
3.511442
3.695562
3.918881
3.072384
1.788949
2.126370
2.835423
2.918431
3.080841
3.667828
4.406388
4.265306
3.865927
3.664752
3.333727
3.391100
3.573874
3.464453
3.330595
3.346950
3.384829
3.388612
3.403881
3.392201
3.370826
3.371853
3.375015
3.504645
3.691460
4.302484
4.313074
4.198688
3.794673
3.330192
2.691024
3.646376
5.191928
0.182169
4.945817
3.569792
3.467164
3.448204
3.411450
3.384173
3.361448
3.289123
3.198831
3.387817
3.681964
2.315777
3.004523
3.754138
2.709800
2.940497
2.879493
2.888552
2.925741
2.956599
3.005364
2.766052
2.411884
2.893567
3.646575
3.697196
3.664608
3.949813
4.256871
4.166474
3.950852
3.781051
3.529978
3.331289
3.121656
3.067902
2.778988
2.812149
2.888659
2.964374
3.094170
3.114942
3.114584
3.174903
3.239592
3.086722
2.849754
2.586903
2.250592
2.483620
2.921737
1.470879
2.809130
2.786297
3.291316
3.949938
4.777152
6.307825
8.233087
17.067392
18.132860
19.305887
17.615694
17.656090
17.102493
17.548878
18.325650
18.458177
18.577291
18.789608
18.967077
19.121524
19.259714
19.118818
18.849116
18.574436
18.207725
18.322713
18.599008
18.759227
18.996653
19.029165
18.998376
19.055422
19.098479
19.034680
18.928160
18.812464
18.661530
18.356686
17.968869
17.551137
17.065497
17.557168
18.429693
19.610803
21.205177
19.217420
20.636630
20.051998
19.831978
20.165104
20.692268
20.864462
21.403729
20.798088
19.839721
19.877921
18.359146
18.663304
19.119021
19.325147
19.689126
19.653572
19.495560
19.516194
19.513151
19.305798
19.019334
18.718588
18.353058
18.068665
17.786926
17.434513
17.061863
17.221538
17.590748
17.806101
18.110548
19.091706
19.164480
19.994786
20.793395
20.557537
20.221804
19.888086
19.398885
19.254193
19.183441
18.906473
18.612889
18.609899
18.700934
18.760601
18.881752
18.854613
18.789867
18.794913
18.796329
18.714058
18.601867
18.454987
18.270465
18.430861
18.716707
17.414264
18.526120
17.965682
17.656877
18.231481
17.059531
18.440499
20.182811
12.282063
19.199151
17.771308
18.715457
15.684426
18.819223
17.912673
17.755002
18.120340
18.631216
18.592853
18.444371
18.474383
18.470582
18.690498
19.008661
19.283594
19.609862
19.528907
19.294158
19.129764
18.880114
18.817399
18.801723
18.690292
18.579956
18.557307
18.562343
18.563969
18.586404
18.349258
18.011052
18.489741
19.241173
19.064786
18.707925
18.679894
18.608961
18.602914
18.639190
18.630871
18.630281
18.644833
18.664729
18.752175
18.872470
18.546517
18.729564
18.656318
18.665291
18.302464
17.792827
20.034397
18.097854
18.690139
18.691837
18.750283
18.823893
18.613477
18.295324
19.739457
18.639815
18.780741
18.444087
20.903050
19.171453
19.221384
18.361625
18.471696
18.756778
21.646862
18.401017
19.312292
19.392874
19.368215
19.349697
19.331017
19.304003
19.270627
19.230622
19.257983
19.310229
19.126648
19.707212
19.859723
20.163217
20.179314
20.098552
19.926564
19.639937
19.656177
19.737905
19.620990
19.482312
19.781141
20.234896
17.706641
19.676638
19.037596
19.080591
19.161377
19.301585
19.135633
18.871259
21.723782
19.978187
20.449641
20.039750
19.742296
19.314435
19.126487
18.991416
18.711901
18.421110
18.334807
18.314932
18.677334
19.255177
17.475478
19.345195
19.064797
19.330057
19.350227
19.294140
19.297139
19.263592
19.351034
19.479086
19.564559
19.663757
19.481956
19.182514
19.056743
18.919985
18.559041
19.765375
19.699269
19.802451
21.401310
18.901934
21.236963
19.358166
19.883229
19.968384
19.956633
19.952044
19.928832
19.890790
19.507544
18.968494
18.862154
19.180839
19.124336
19.153182
19.044967
18.878700
18.764926
18.631770
18.556790
18.503040
18.427135
18.357913
18.347403
18.362661
18.382128
18.421679
18.446598
18.475148
18.525152
18.584437
18.703165
18.853808
19.011665
19.193841
19.197950
19.138453
19.111865
19.050617
19.068834
19.108104
19.108332
19.110228
19.070164
19.008894
18.950849
18.879797
18.922792
19.008562
19.075973
19.167695
19.220491
19.266172
19.338551
19.414833
19.156540
18.760544
18.383226
17.913899
18.129061
18.594332
19.183957
20.016180
18.683294
19.336562
19.252940
19.557250
17.483793
19.471400
18.920177
18.939978
18.953950
18.964194
18.995699
19.033885
19.060836
19.088388
19.123512
19.160948
18.814096
18.305615
18.295637
18.381336
15.930817
18.887407
14.494904
17.137989
16.853411
17.841900
18.311946
19.778990
19.892436
19.842238
18.844434
17.223409
23.267831
18.258266
19.916047
20.042409
20.032268
19.952403
20.205389
20.305320
19.388775
18.003245
25.087100
19.271183
20.800128
20.306105
19.887385
19.330459
19.314509
19.471953
19.463604
19.523249
19.349371
19.090436
18.948514
18.791794
18.618857
18.444475
19.938244
18.907300
19.387473
19.504148
19.688424
19.891135
19.548935
18.990673
18.475526
17.819775
18.161894
18.867279
19.384434
20.097393
20.002352
19.635334
19.504349
19.260783
19.340648
19.530367
19.591479
19.683595
19.646124
19.554424
19.609605
19.688148
19.133220
19.566233
19.375768
19.315901
19.324623
19.357710
19.381843
19.420846
19.431706
19.436612
19.458053
19.480760
19.391685
19.257392
19.129359
18.970964
18.845855
18.721343
18.564015
18.396528
18.511915
18.739427
18.915791
19.152888
18.998100
18.384928
18.020974
17.506760
17.736626
18.239072
18.458047
19.017856
19.024211
18.924774
18.984210
19.003064
19.115750
19.266167
19.371793
19.485977
19.587130
19.682007
19.785949
19.889427
19.929022
19.942179
19.986083
20.023917
19.861307
19.613821
20.630087
19.699434
19.766197
19.478822
19.192475
18.846227
17.616363
15.982562
14.960970
13.917015
8.051494
7.293137
6.352794
7.217749
6.624287
6.236988
6.993674
8.179302
7.597458
6.585704
6.103275
5.457455
6.102544
7.276394
8.176872
9.345507
10.039988
10.629433
8.370911
9.305284
8.570376
8.319857
7.615274
6.767721
7.024194
7.635349
7.798157
8.053308
8.985321
7.418645
7.742004
7.770320
7.795202
12.590829
6.012195
7.316806
6.913177
8.120844
8.128881
8.200669
8.386606
8.108276
8.126587
8.065645
8.115853
8.207629
8.260931
8.329111
8.240537
8.088161
7.957640
7.789922
7.794233
7.856626
8.119862
8.513991
7.462934
8.734585
8.236075
8.691152
8.438605
8.144386
7.885522
7.547243
7.512301
7.572958
7.538609
7.540754
7.405273
7.218274
7.074232
6.909752
7.085679
7.401420
7.681669
8.048380
8.326263
8.603109
9.054185
9.569503
9.954764
10.333238
14.389859
13.067252
14.277148
14.433318
14.798702
15.027480
15.314512
15.584469
15.712167
15.777501
15.925526
16.064446
16.134114
16.178804
15.533970
14.576707
13.622768
12.450822
13.058123
14.320680
15.321702
16.706908
16.156960
14.293836
17.628286
13.963881
15.224467
15.851235
16.483017
17.341421
15.943034
16.544520
15.910651
15.449340
15.212941
15.022293
14.674971
14.306239
14.358161
14.562447
14.595983
14.672808
15.514065
16.682790
12.124801
16.390120
15.515056
15.981096
15.775550
15.368393
15.599215
15.935904
16.031047
16.140578
16.024295
15.793094
15.584604
15.308014
15.099742
14.891032
14.609062
14.302948
14.687013
15.345674
15.808827
16.390553
17.060071
16.236241
15.986001
15.289316
17.229899
15.635057
16.118897
16.109721
15.996662
15.828478
15.669959
15.478719
15.643364
15.945127
16.197752
16.531408
16.818521
17.118600
17.108587
16.967780
18.671637
17.314949
15.103208
16.383481
16.777040
18.339167
15.543278
15.365490
15.154626
15.695096
15.514403
15.375440
15.239422
15.047849
14.893616
14.729548
14.817375
15.011728
15.220629
15.512311
15.218750
14.716502
14.819966
12.009851
17.456199
13.137417
14.576541
14.763840
14.466276
13.985485
14.247399
14.688128
12.113408
16.413256
12.981043
15.089394
12.458940
3.148557
2.061878
0.842268
0.308968
0.876202
1.720470
1.340494
1.158842
0.517215
0.234343
-0.090430
-0.182616
-0.157483
-0.182902
-0.150225
-0.004630
0.210882
0.481264
0.819713
0.618290
0.224860
0.005894
-0.285981
-0.513338
-0.728934
2.543716
0.461610
1.152096
0.882371
0.771087
0.570838
0.592089
0.682675
0.672878
0.676313
0.523293
0.299274
0.091380
-0.159491
-0.362292
-0.563072
-0.966618
-1.149966
-0.961990
-0.534299
-0.159207
0.345157
0.518574
0.606183
0.370954
0.680550
0.363434
0.000782
-0.413909
-0.938444
-0.518923
0.245307
0.854712
1.659741
1.520094
1.053768
0.892911
0.608913
0.282066
-0.088373
2.236087
0.266518
0.589552
0.161204
-0.210196
-0.666708
-0.509665
-0.125409
0.144737
0.537775
0.426250
0.145541
-0.018904
-0.266588
-0.021125
0.407473
-1.433673
-1.389323
2.044510
-0.828233
-0.191053
-0.656847
-0.605667
-0.479721
-0.509954
-0.516862
-0.815063
-1.242817
0.640088
-0.957789
-0.491718
-0.533910
-0.442810
-0.314623
-0.304870
-0.314018
-0.278609
-0.245638
-0.201789
-0.149735
-0.100321
-0.047033
-0.033927
-0.036383
-0.033118
-0.038965
-0.027901
-0.013306
-0.008828
-0.005209
-0.057868
-0.135947
-0.212569
-0.306443
-0.198773
-0.013277
-0.222828
-0.542657
-0.296090
0.097969
0.350309
0.671441
0.450272
0.015586
-0.325635
-0.784567
-0.672603
-0.362989
-0.199099
0.055860
0.089795
0.056930
0.126708
0.185453
0.157682
0.098797
0.033036
-0.059391
-0.115931
-0.170425
-0.210851
-0.240533
-0.417757
-0.167923
-0.165963
-0.084970
-0.044825
-0.011272
0.038327
0.087339
0.149211
0.217979
-0.250213
0.087641
-0.046803
-0.061342
-0.096275
-0.133709
-0.146401
-0.151896
0.118364
0.511951
-0.771121
0.441788
0.141799
0.190184
0.083082
-0.087127
-0.247583
-0.449926
-0.232082
0.145954
0.462591
0.872664
0.676519
0.259715
-0.034717
-0.444676
-0.361781
-0.110356
0.001200
0.184406
0.404164
0.658239
0.983797
1.359722
1.106659
0.617134
0.566166
0.524390
-1.560032
-0.456390
-0.900017
-0.724329
-3.765557
-1.880970
-1.193525
0.952204
0.751139
0.108125
-1.967773
-0.589934
-1.063842
-0.858923
-0.871006
-0.853396
-0.622040
-0.308799
-1.728196
-0.456040
-0.821407
-0.805707
-0.794681
-0.780466
-0.723941
-0.648415
-0.571449
-0.480487
-0.398194
-0.312878
-0.216496
-0.114908
-0.086318
-0.085177
-0.294440
-0.288823
-0.109909
-0.336316
-0.318037
-0.367234
-0.321871
-0.241984
-0.172382
-0.080965
-0.012429
0.055504
0.039670
-0.014512
0.460894
-0.063072
0.007720
-0.080661
-0.133325
-0.182403
-0.260497
-0.345476
-0.329598
-0.277105
-0.236317
-0.172672
-0.142989
-0.118285
-0.112283
-0.120169
0.093772
-0.094844
-0.039255
-0.044911
-0.171533
-0.352467
0.537241
1.844244
-3.251239
1.219818
-0.173881
-0.257964
-0.327832
-0.398965
-0.487672
-0.582945
-0.413948
-0.137443
0.120733
0.449472
0.289285
-0.047812
-0.423182
-0.949513
-0.850524
-0.560257
-0.453526
-0.269038
-0.277953
-0.352158
-0.338991
-0.339723
-0.320400
-0.289804
-0.328927
-0.390309
-0.118691
-0.339256
-0.233762
-0.184914
-0.279582
-0.141100
-0.141518
-0.106977
-0.045673
0.028692
0.105310
0.191842
0.172562
0.113143
0.068567
0.000292
-0.032315
-0.059279
-0.112195
-0.169732
-0.134350
-0.064346
-0.047852
-0.028062
0.221670
0.067968
0.180408
0.241386
0.236124
0.206743
0.177483
0.129958
0.268585
0.477873
0.366586
0.734622
0.242172
-0.425742
0.200199
1.265937
0.752774
0.489437
0.399493
0.333210
0.290081
0.286253
0.708892
0.439042
0.408622
0.200727
0.025692
-0.193173
0.492642
1.546336
1.052217
0.167696
0.311509
0.546031
0.319784
0.048877
0.057958
0.116454
0.112986
0.135958
0.072048
-0.023001
-0.087428
-0.162617
-0.198487
-0.219429
-0.252963
-0.280696
-0.328331
-0.383049
-0.431005
-0.481509
-0.397714
-0.257254
-0.700895
-1.352296
0.959178
-2.057848
-1.033275
-0.472281
-0.814412
-0.785628
-0.753126
-0.640858
-0.593231
-0.535337
-0.452310
-0.360623
-0.280073
-0.197542
-0.105367
-0.009339
0.105119
0.230244
0.358640
0.495378
0.480279
0.404830
0.344128
0.245342
0.217334
0.203158
0.126157
0.075733
0.008996
-0.058879
-0.101110
-0.134689
-0.425910
-0.819987
0.191078
-0.936868
-0.585666
-0.458671
-0.348089
-0.192931
-0.229276
-0.327955
-0.372364
-0.443170
-0.245653
0.059410
0.521769
1.129868
0.042128
0.033931
1.194194
-0.414301
-0.034719
0.017035
0.710300
0.314568
0.483787
0.451003
0.390221
0.438714
0.285018
0.093535
-0.108269
-0.353581
-0.577170
-0.812996
-1.014332
-1.204427
-1.298368
-0.442884
-0.073755
0.543526
0.974246
1.390373
1.967999
2.587751
2.010507
0.960785
0.214154
-0.751673
-1.746505
-0.517004
-0.778079
-0.634108
-0.663154
-0.733844
-0.644977
-0.526056
-0.333037
-0.077512
0.207199
0.541465
0.535747
0.411679
0.353801
0.232626
0.249331
0.302051
0.283828
0.266897
0.004705
-0.368750
-0.800669
-1.335574
-0.948437
-1.003100
-0.776338
-0.539230
-0.409008
-0.289617
-0.066385
0.184638
0.244486
0.247008
0.240420
0.182848
1.294676
0.166112
0.431571
0.364132
0.253156
0.115267
0.259418
-0.095988
-0.018220
0.039628
0.073241
0.133078
0.131935
0.114568
0.126782
0.137523
0.156413
0.181212
0.204370
0.230462
0.262111
0.297327
0.335326
0.376770
0.486176
0.626410
0.767300
0.930113
0.679813
0.264078
-0.111148
-0.590406
-0.348901
0.154825
0.520104
1.025677
0.868661
0.480799
0.264961
-0.056019
-0.278741
-0.490710
0.520571
2.124940
-4.481458
1.067561
-0.825839
-1.059211
-0.943472
-0.689349
-0.477798
-0.182545
-0.007839
0.150291
0.399926
0.667963
0.501545
0.168582
-0.321032
-1.001350
-0.646691
0.042394
0.411605
0.911021
1.498219
2.149911
-0.470930
2.091221
1.120304
0.728370
0.301398
-0.243279
-0.200044
0.034479
0.121530
0.297726
0.210028
0.036202
-0.035138
-0.131174
-0.154684
-0.148054
-0.169301
-0.180608
-0.201836
-0.225579
-0.238825
-0.249833
-0.264710
-0.279073
-0.290870
-0.301743
-0.306408
-0.307726
-0.348741
-0.404421
-0.171674
0.172722
-1.304932
-0.027117
-0.427164
-0.442824
-0.463699
-0.484332
-0.515379
-0.551296
-0.586554
-0.624917
-0.534728
-0.391226
-0.501254
-0.680563
-0.622733
-0.523313
-0.507851
-0.483511
-0.451343
-0.420575
-0.381622
-0.339014
-0.306116
-0.274770
-0.239156
-0.203482
-0.159545
-0.111612
-0.063940
-0.013630
0.012149
0.028699
0.049035
0.064058
0.087433
0.112273
0.131285
0.149387
0.178112
0.210314
0.035098
-0.225619
0.733050
-0.151864
0.084031
0.062019
0.084159
0.122908
0.156268
0.199793
0.227721
0.253205
0.289842
0.328427
0.288872
0.218161
0.152926
0.067146
0.005513
-0.054893
-0.137563
-0.226575
-0.295948
-0.362295
-0.564429
-0.820842
-0.109656
0.973427
-3.734983
0.308774
-0.709232
-0.392881
-0.094705
0.285048
0.143589
-0.183342
-0.415614
-0.749715
-0.606005
-0.296682
-0.650609
-0.124647
0.106554
0.554432
0.347444
-0.067862
0.082334
0.306186
0.284807
0.253480
0.001742
-0.374410
-0.753306
-1.215011
-0.232418
1.325624
-0.639039
-3.680005
-1.522335
-0.701032
0.221070
1.110303
0.954198
0.348576
0.671362
1.067844
-1.712732
1.222938
0.144639
-0.299300
1.814860
0.139809
0.552183
0.347953
0.581742
-2.270481
-0.567907
0.102268
-0.076033
-0.616850
-0.470817
-0.292256
-0.295732
-0.288691
-0.234670
-0.175007
-0.150362
-0.132998
-0.107911
-0.086657
-0.037435
0.022709
0.077740
0.138675
0.126672
0.085859
0.054262
0.005362
-0.035435
-0.079917
-0.142587
-0.213864
-0.139245
-0.008507
-0.045001
-0.110904
-0.071170
-0.017976
-0.001111
0.017790
0.023787
0.021399
0.021387
0.017090
0.032007
0.053343
0.088562
0.134729
0.097233
0.030738
0.828600
0.339626
0.648043
0.784246
0.231442
-0.610799
-0.734106
-0.760100
-0.921560
-1.018930
-0.974424
1.386810
0.258714
-1.253409
-1.293486
-0.988627
0.374507
2.505450
1.515766
-0.329870
-1.744333
-3.829620
-0.730347
-1.733676
-0.230202
0.966367
0.857048
0.313701
0.236341
0.015587
