0.001309
0.001329
0.001346
0.001380
0.001400
0.001422
0.001462
0.001509
0.001532
0.001549
0.001575
0.001600
0.001643
0.001694
0.001743
0.001797
0.001827
0.001848
0.001876
0.001899
0.001933
0.001969
0.002001
0.002034
0.002084
0.002141
0.002198
0.002260
0.002317
0.002375
0.002437
0.002502
0.002533
0.002551
0.002573
0.002586
0.002611
0.002638
0.002656
0.002672
0.002702
0.002737
0.002770
0.002804
0.002831
0.002856
0.002883
0.002910
0.002957
0.003012
0.003065
0.003125
0.003179
0.003234
0.003294
0.003357
0.003410
0.003461
0.003514
0.003567
0.003626
0.003687
0.003746
0.003807
0.003846
0.003877
0.003909
0.003937
0.003970
0.004003
0.004031
0.004056
0.004093
0.004132
0.004169
0.004207
0.004239
0.004270
0.004302
0.004333
0.004373
0.004418
0.004460
0.004506
0.004548
0.004591
0.004636
0.004681
0.004721
0.004760
0.004799
0.004838
0.004879
0.004921
0.004962
0.005003
0.005059
0.005121
0.005182
0.005247
0.005309
0.005371
0.005438
0.005506
0.005570
0.005633
0.005697
0.005762
0.005831
0.005901
0.005972
0.006044
0.006109
0.006171
0.006235
0.006298
0.006364
0.006430
0.006496
0.006561
0.006631
0.006703
0.006775
0.006848
0.006920
0.006992
0.007065
0.007139
0.006897
0.006521
0.006160
0.005708
0.005333
0.004951
0.004472
0.003957
0.003561
0.003189
0.002773
0.002361
0.001858
0.001313
0.000776
0.000214
-0.000210
-0.000586
-0.000995
-0.001381
-0.001821
-0.002278
-0.002708
-0.003140
-0.003668
-0.004234
-0.004797
-0.005389
-0.005951
-0.006513
-0.007106
-0.007707
-0.008161
-0.008558
-0.008973
-0.009353
-0.009786
-0.010228
-0.010632
-0.011030
-0.011492
-0.011975
-0.012447
-0.012932
-0.013384
-0.013826
-0.014282
-0.014736
-0.015283
-0.015870
-0.016452
-0.017059
-0.017646
-0.018236
-0.018854
-0.019483
-0.020070
-0.020648
-0.021240
-0.021828
-0.022445
-0.023075
-0.023700
-0.024332
-0.024077
-0.023448
-0.022864
-0.022030
-0.021416
-0.020783
-0.019883
-0.018882
-0.018229
-0.017648
-0.016947
-0.016265
-0.015325
-0.014271
-0.013248
-0.012157
-0.011451
-0.010880
-0.010223
-0.009632
-0.008895
-0.008117
-0.007414
-0.006708
-0.005743
-0.004673
-0.003612
-0.002479
-0.001430
-0.000383
0.000742
0.001891
0.002600
0.003143
0.003728
0.004208
0.004839
0.005490
0.006025
0.006535
0.007230
0.007980
0.008697
0.009444
0.010088
0.010700
0.011348
0.011984
0.012886
0.013899
0.014890
0.015952
0.016950
0.017951
0.019029
0.020134
0.021113
0.022059
0.023040
0.024006
0.025052
0.026128
0.027187
0.028260
0.028348
0.028020
0.027751
0.027207
0.026912
0.026601
0.025995
0.025283
0.024971
0.024749
0.024396
0.024073
0.023464
0.022733
0.022043
0.021283
0.020946
0.020761
0.020486
0.020289
0.019935
0.019542
0.019235
0.018930
0.018344
0.017648
0.016967
0.016211
0.015551
0.014897
0.014163
0.013406
0.013170
0.013136
0.013056
0.013108
0.012989
0.012854
0.012861
0.012903
0.012734
0.012506
0.012325
0.012113
0.012029
0.011990
0.011914
0.011858
0.011501
0.011021
0.010573
0.010050
0.009607
0.009166
0.008643
0.008095
0.007700
0.007348
0.006964
0.006602
0.006155
0.005679
0.005229
0.004769
0.003518
0.001929
0.000363
-0.001436
-0.003046
-0.004682
-0.006567
-0.008550
-0.010259
-0.011925
-0.013705
-0.015485
-0.017499
-0.019624
-0.021739
-0.023927
-0.025761
-0.027477
-0.029284
-0.031036
-0.032940
-0.034893
-0.036784
-0.038688
-0.040844
-0.043106
-0.045371
-0.047713
-0.049986
-0.052268
-0.054632
-0.057028
-0.051324
-0.042198
-0.033454
-0.022411
-0.013388
-0.004187
0.007478
0.020061
0.029558
0.038433
0.048411
0.058240
0.070424
0.083656
0.096642
0.110263
0.106808
0.096359
0.087303
0.073753
0.064868
0.056010
0.042311
0.027058
0.019319
0.013536
0.005783
-0.001096
-0.012719
-0.026160
-0.038507
-0.051743
-0.051083
-0.044811
-0.040050
-0.031830
-0.027487
-0.023332
-0.015442
-0.006461
-0.008256
-0.013731
-0.017582
-0.023607
-0.008582
0.014553
0.034542
0.059222
0.042095
0.009045
-0.017372
-0.052856
-0.019635
0.039274
-0.000276
-0.062406
0.009366
14.674515
14.363950
14.534090
15.031923
14.308683
14.434151
14.383229
14.493380
14.679277
14.682381
14.660260
14.699549
14.733791
14.737820
14.733130
14.734638
14.731497
14.718825
14.700575
14.663507
14.614810
14.561074
14.497753
14.511254
14.552417
14.580305
14.623641
14.637808
14.645397
14.670130
14.695987
14.690120
14.673098
14.658742
14.636935
14.629047
14.623873
14.610406
14.596155
14.597651
14.604600
14.609994
14.618950
14.620849
14.621250
14.625629
14.630252
14.629573
14.627172
14.625283
14.622245
14.621921
14.622268
14.621312
14.620403
14.619373
14.618176
14.617022
14.615796
14.614250
14.612540
14.610768
14.608858
14.607367
14.605983
14.604439
14.602920
14.601153
14.599275
14.597433
14.595529
14.599063
14.604886
14.610410
14.617454
14.623132
14.628910
14.636318
14.644322
14.650168
14.655546
14.661648
14.667609
14.675147
14.683367
14.691380
14.699791
14.699712
14.696184
14.693434
14.688499
14.685936
14.683440
14.678587
14.673014
14.667087
14.660421
14.653007
14.644891
14.635472
14.625091
14.614033
14.602099
14.606513
14.617402
14.626672
14.640019
14.648372
14.656340
14.668730
14.682292
14.673600
14.656458
14.641523
14.621212
14.636808
14.665397
14.686889
14.715252
14.702363
14.674390
14.645901
14.605757
-3.646442
-3.670775
-3.705593
-3.729187
-3.711119
-3.671174
-3.650577
-3.623549
-3.640311
-3.674740
-3.700778
-3.736162
-3.720858
-3.687476
-3.665888
-3.635479
-3.618536
-3.604438
-3.580723
-3.555674
-3.563319
-3.583231
-3.600278
-3.625315
-3.638270
-3.649524
-3.669549
-3.691230
-3.699132
-3.702877
-3.708999
-3.712726
-3.723997
-3.737606
-3.748430
-3.759962
-3.744444
-3.717454
-3.692342
-3.659789
-3.633623
-3.606886
-3.572186
-3.534507
-3.538738
-3.558562
-3.573431
-3.597938
-3.607076
-3.613666
-3.630855
-3.649733
-3.649845
-3.643885
-3.640568
-3.633541
-3.635851
-3.640675
-3.641279
-3.642254
-3.649472
-3.659073
-3.668756
-3.680252
-3.689310
-3.698190
-3.709051
-3.720414
-3.707815
-3.685466
-3.664684
-3.637463
-3.646903
-3.669089
-3.683042
-3.703346
-3.756633
-3.826058
-3.720616
-3.551824
-3.578654
-3.640518
7.251418
7.410876
7.468553
7.484008
7.339805
7.097106
7.303416
7.637715
7.421070
7.077522
7.159013
7.303549
7.294015
7.293475
7.284863
7.260717
7.245006
7.224749
7.236488
7.260605
7.278704
7.303431
7.318665
7.332329
7.353214
7.375432
7.371239
7.357198
7.345731
7.327949
7.320002
7.313553
7.300163
7.285562
7.287374
7.294867
7.300344
7.309364
7.311172
7.311357
7.315505
7.319815
7.318776
7.315957
7.313567
7.309960
7.308997
7.308634
7.306900
7.305144
7.304761
7.304807
7.304760
7.305019
7.304511
7.303810
7.303459
7.303085
7.305031
7.307989
7.310826
7.314333
7.317361
7.320486
7.324324
7.328459
7.331604
7.334543
7.337839
7.341084
7.345065
7.349373
7.353601
7.358026
7.356378
7.352231
7.348548
7.343249
7.339584
7.335906
7.330487
7.324495
7.321126
7.318421
7.314995
7.311851
7.307006
7.301493
7.296340
7.290846
7.291063
7.293588
7.295517
7.298880
7.300646
7.302341
7.305584
7.309283
7.310202
7.310316
7.311034
7.311337
7.313211
7.315622
7.317541
7.319670
7.319376
7.318096
7.317134
7.315589
7.314679
7.313800
7.312292
7.310598
7.310266
7.310358
7.310194
7.310265
7.309641
7.308805
7.308239
7.307616
7.307919
7.308618
7.309218
7.310061
7.310706
7.311370
7.312292
7.313312
7.313828
7.314202
7.314701
7.315134
7.315859
7.316690
7.317441
7.318239
7.318803
7.319280
7.319816
7.320310
7.320881
7.321472
7.322017
7.322561
7.323286
7.324083
7.324869
7.325704
7.326479
7.327251
7.328076
7.328915
7.329159
7.329161
7.329205
7.329090
7.329149
7.329212
7.329103
7.328942
7.329017
7.329149
7.329215
7.329305
7.329237
7.329105
7.329004
7.328871
7.329044
7.329335
7.329579
7.329891
7.330107
7.330308
7.330583
7.330873
7.330987
7.331040
7.331117
7.331157
7.331275
7.331413
7.331508
7.331604
7.331962
7.332429
7.332883
7.333410
7.333860
7.334310
7.334839
7.335394
7.335857
7.336303
7.336779
7.337250
7.337791
7.338363
7.338926
7.339508
7.339945
7.340326
7.340734
7.341110
7.341537
7.341974
7.342378
7.342778
7.343264
7.343781
7.344289
7.344818
7.345312
7.345800
7.346310
7.346823
7.345759
7.344027
7.342366
7.340255
7.338537
7.336782
7.334545
7.332128
7.330306
7.328600
7.326679
7.324783
7.322428
7.319867
7.317350
7.314708
7.312766
7.311068
7.309209
7.307471
7.305457
7.303366
7.301409
7.299445
7.297004
7.294370
7.291749
7.288994
7.286387
7.283782
7.281030
7.278233
7.277901
7.278581
7.279106
7.280301
7.280811
7.281327
7.282564
7.284038
7.284543
7.284822
7.285395
7.285884
7.287049
7.288493
7.289824
7.291310
7.291588
7.291413
7.291450
7.291235
7.291425
7.291691
7.291683
7.291636
7.292317
7.293262
7.294133
7.295174
7.295919
7.296609
7.297487
7.298388
7.301897
7.306546
7.311108
7.316443
7.321223
7.326121
7.331843
7.337912
7.342992
7.347901
7.353218
7.358524
7.364644
7.371149
7.377610
7.384320
7.370871
7.348956
7.328166
7.301754
7.280450
7.258805
7.231127
7.201264
7.218679
7.254547
7.286066
7.329388
7.357369
7.383894
7.423263
7.465791
7.438282
7.383814
7.335736
7.270329
7.266989
7.282615
7.277676
7.279447
7.353522
7.459329
7.319539
7.097774
7.184003
7.336863
-7.376849
-7.082066
-7.461275
-7.530651
-7.467766
-7.274781
-7.319983
-7.391560
-7.322035
-7.230052
-7.269205
-7.338692
-7.378156
-7.432946
-7.393285
-7.317438
-7.261290
-7.186565
-7.200599
-7.245780
-7.268061
-7.304592
-7.308059
-7.301710
-7.311356
-7.319707
-7.319076
-7.315710
-7.311517
-7.304740
-7.303747
-7.303915
-7.301153
-7.298300
-7.301649
-7.307285
-7.312537
-7.319353
-7.323696
-7.327680
-7.333387
-7.339397
-7.343592
-7.347340
-7.351492
-7.355416
-7.360584
-7.366217
-7.371562
-7.377134
-7.366015
-7.347871
-7.330679
-7.308832
-7.291160
-7.273184
-7.250217
-7.225426
-7.240712
-7.271666
-7.298965
-7.336295
-7.360685
-7.383882
-7.417992
-7.454816
-7.427058
-7.374247
-7.327117
-7.263827
-7.292441
-7.353189
-7.393289
-7.449395
-7.380418
-7.263534
-7.276638
-7.309356
-7.322569
-7.350439
-7.409780
1.745025
10.733564
10.901613
11.149525
10.931389
11.010283
11.005624
11.006581
11.002227
10.985531
10.961690
10.932926
10.897413
10.902987
10.922360
10.932935
10.950583
10.946905
10.936534
10.934335
10.930219
10.935279
10.944209
10.950824
10.959239
10.960111
10.958371
10.958802
10.958134
10.960292
10.963366
10.965199
10.967232
10.969125
10.970920
10.972919
10.974945
10.976818
10.978661
10.980539
10.982401
10.984921
10.987718
10.990470
10.993402
10.996171
10.998951
11.001923
11.004966
11.003837
11.000987
10.998390
10.994653
10.992051
10.989425
10.985571
10.981304
10.978677
10.976424
10.973663
10.971034
10.967249
10.962979
10.958892
10.954534
10.955524
10.958681
10.961329
10.965342
10.967857
10.970322
10.974260
10.978642
10.980531
10.981723
10.983495
10.984922
10.987817
10.991236
10.994241
10.997470
10.998345
10.998280
10.998546
10.998263
10.998637
10.999068
10.998906
10.998586
10.999610
11.001068
11.002302
11.003786
11.004618
11.005267
11.006201
11.007102
11.006476
11.005215
11.003987
11.002314
11.001066
10.999793
10.998042
10.996120
10.994656
10.993255
10.991654
10.990046
10.988024
10.985800
10.983586
10.981238
10.979744
10.978551
10.977183
10.975972
10.974430
10.972803
10.971351
10.969899
10.967907
10.965704
10.963525
10.961201
10.959060
10.956930
10.954643
10.952313
10.952286
10.953204
10.953976
10.955374
10.956125
10.956878
10.958305
10.959951
10.960696
10.961233
10.962041
10.962770
10.964128
10.965744
10.967255
10.968909
10.969418
10.969497
10.969772
10.969807
10.970222
10.970708
10.970931
10.971116
10.971985
10.973100
10.974143
10.975344
10.976262
10.977127
10.978166
10.979224
10.979251
10.978867
10.978548
10.977955
10.977683
10.977426
10.976871
10.976232
10.975971
10.975801
10.975524
10.975283
10.974781
10.974173
10.973613
10.972997
10.972972
10.973176
10.973297
10.973553
10.973627
10.973677
10.973875
10.974104
10.974009
10.973807
10.973653
10.973436
10.973371
10.973347
10.973251
10.973159
10.973296
10.973524
10.973747
10.974035
10.974249
10.974462
10.974745
10.975049
10.975290
10.975522
10.975780
10.976037
10.976351
10.976691
10.977029
10.977384
10.977588
10.977736
10.977908
10.978048
10.978240
10.978443
10.978610
10.978772
10.979020
10.979298
10.979567
10.979856
10.980108
10.980354
10.980621
10.980891
10.981135
10.981372
10.981612
10.981848
10.982098
10.982352
10.982601
10.982851
10.983110
10.983371
10.983634
10.983899
10.984162
10.984425
10.984692
10.984959
10.985255
10.985565
10.985874
10.986193
10.986507
10.986823
10.987149
10.987479
10.987800
10.988120
10.988445
10.988772
10.989107
10.989448
10.989790
10.990135
10.990139
10.990000
10.989880
10.989664
10.989534
10.989399
10.989161
10.988885
10.988744
10.988632
10.988475
10.988326
10.988078
10.987788
10.987511
10.987209
10.987056
10.986957
10.986826
10.986722
10.986562
10.986388
10.986244
10.986100
10.985856
10.985573
10.985295
10.984990
10.984719
10.984449
10.984151
10.983844
10.983707
10.983634
10.983546
10.983499
10.983395
10.983285
10.983220
10.983166
10.983042
10.982898
10.982768
10.982627
10.982526
10.982439
10.982339
10.982244
10.982049
10.981812
10.981585
10.981332
10.981104
10.980875
10.980619
10.980353
10.980136
10.979933
10.979718
10.979509
10.979271
10.979022
10.978781
10.978535
10.978453
10.978440
10.978415
10.978435
10.978412
10.978391
10.978418
10.978461
10.978433
10.978387
10.978362
10.978329
10.978345
10.978379
10.978404
10.978439
10.978406
10.978347
10.978302
10.978243
10.978207
10.978177
10.978131
10.978084
10.978081
10.978095
10.978105
10.978126
10.978130
10.978132
10.978145
10.978161
10.978080
10.977960
10.977847
10.977707
10.977597
10.977488
10.977351
10.977206
10.977099
10.977000
10.976891
10.976786
10.976655
10.976515
10.976379
10.976238
10.976150
10.976081
10.976006
10.975942
10.975861
10.975779
10.975709
10.975643
10.975546
10.975440
10.975339
10.975231
10.975137
10.975046
10.974948
10.974851
10.974772
10.974700
10.974628
10.974561
10.974487
10.974413
10.974344
10.974277
10.974205
10.974132
10.974061
10.973989
10.973922
10.973857
10.973791
10.973727
10.973650
10.973567
10.973487
10.973404
10.973324
10.973246
10.973164
10.973082
10.973006
10.972933
10.972859
10.972786
10.972710
10.972633
10.972557
10.972482
10.972405
10.972328
10.972250
10.972172
10.972095
10.972018
10.971941
10.971864
10.971787
10.971709
10.971632
10.971555
10.971477
10.971400
10.971322
10.971244
10.971168
10.971093
10.971018
10.970943
10.970867
10.970792
10.970717
10.970642
10.970567
10.970491
10.970416
10.970340
10.970265
10.970190
10.970115
10.970040
10.969869
10.969658
10.969452
10.969218
10.969007
10.968793
10.968551
10.968297
10.968079
10.967869
10.967645
10.967422
10.967172
10.966908
10.966648
10.966379
10.966152
10.965939
10.965716
10.965500
10.965267
10.965029
10.964799
10.964569
10.964309
10.964038
10.963768
10.963489
10.963218
10.962948
10.962668
10.962385
10.962148
10.961927
10.961702
10.961486
10.961255
10.961020
10.960797
10.960576
10.960336
10.960089
10.959844
10.959596
10.959359
10.959124
10.958884
10.958645
10.958378
10.958098
10.957821
10.957535
10.957255
10.956974
10.956685
10.956392
10.956112
10.955834
10.955553
10.955272
10.954982
10.954689
10.954397
10.954102
10.953491
10.952745
10.952011
10.951184
10.950432
10.949670
10.948809
10.947910
10.947127
10.946363
10.945554
10.944748
10.943847
10.942902
10.941964
10.940998
10.940168
10.939383
10.938563
10.937765
10.936909
10.936035
10.935185
10.934331
10.933379
10.932386
10.931392
10.930369
10.929373
10.928374
10.927344
10.926301
10.928002
10.930861
10.933590
10.937096
10.939916
10.942794
10.946507
10.950528
10.953504
10.956267
10.959403
10.962487
10.966367
10.970602
10.974751
10.979114
10.978795
10.976574
10.974775
10.971770
10.970076
10.968420
10.965461
10.962104
10.960875
10.960228
10.959066
10.958183
10.956017
10.953382
10.951086
10.948579
10.953946
10.962600
10.970699
10.980936
10.989167
10.997488
11.008103
11.019525
11.027562
11.034779
11.042995
11.050893
11.061063
11.072157
11.082831
11.094001
11.098092
11.099359
11.101440
11.101794
11.104205
11.106768
11.107462
11.107649
11.071281
11.018925
10.967605
10.905363
10.891185
10.892450
10.880344
10.874875
10.983785
11.143058
11.050676
10.886929
10.914775
10.964053
-4.301414
-4.422078
-4.328278
-4.711868
-4.519743
-4.283654
-4.330885
-4.417104
-4.376888
-4.331145
-4.347222
-4.373625
-4.390637
-4.415038
-4.404144
-4.380700
-4.366353
-4.346257
-4.358438
-4.382621
-4.399535
-4.422399
-4.434769
-4.444693
-4.461170
-4.478178
-4.463412
-4.436068
-4.410696
-4.376904
-4.353294
-4.330279
-4.298124
-4.263439
-4.272691
-4.298485
-4.319692
-4.351351
-4.367216
-4.380773
-4.405795
-4.432941
-4.430994
-4.418878
-4.410306
-4.395396
-4.392998
-4.393327
-4.386585
-4.379437
-4.384053
-4.392735
-4.400434
-4.410866
-4.415930
-4.419887
-4.426897
-4.434118
-4.435112
-4.433877
-4.433155
-4.430947
-4.431370
-4.432269
-4.431521
-4.430575
-4.431620
-4.433245
-4.434565
-4.436239
-4.436746
-4.436889
-4.437446
-4.437885
-4.433324
-4.426623
-4.420020
-4.411926
-4.405058
-4.398023
-4.389394
-4.380137
-4.372482
-4.365046
-4.356879
-4.348673
-4.339008
-4.328626
-4.318262
-4.307414
-4.307208
-4.311305
-4.314443
-4.320317
-4.323161
-4.325895
-4.331585
-4.338160
-4.339944
-4.340417
-4.342037
-4.343023
-4.346895
-4.351819
-4.355972
-4.360596
-4.360310
-4.358074
-4.356531
-4.353849
-4.352567
-4.351422
-4.349042
-4.346349
-4.346438
-4.347433
-4.347974
-4.349041
-4.348766
-4.348120
-4.348072
-4.347963
-4.349254
-4.351176
-4.352978
-4.355173
-4.357151
-4.359209
-4.361681
-4.364344
-4.366243
-4.367951
-4.369893
-4.371763
-4.374124
-4.376684
-4.379151
-4.381724
-4.383797
-4.385697
-4.387728
-4.389680
-4.391825
-4.394029
-4.396145
-4.398272
-4.392712
-4.383878
-4.375385
-4.364689
-4.355841
-4.346782
-4.335365
-4.323042
-4.345469
-4.382007
-4.416090
-4.459420
-4.493945
-4.528796
-4.451145
-4.324846
-4.298764
-4.280615
3.192843
3.376416
3.433877
3.428104
3.337645
3.168166
3.300160
3.514433
3.343599
3.079382
3.110317
3.182299
3.141828
3.103998
3.144538
3.207754
3.269430
3.349376
3.378891
3.395346
3.432875
3.467911
3.457699
3.429297
3.400432
3.358056
3.330661
3.303261
3.261224
3.214543
3.211550
3.223420
3.228482
3.242239
3.236617
3.226103
3.225371
3.224457
3.224765
3.226543
3.228158
3.230522
3.235367
3.241602
3.248503
3.256602
3.261719
3.266199
3.272052
3.277876
3.285750
3.294629
3.303400
3.312812
3.315934
3.316669
3.318339
3.318621
3.321000
3.323719
3.324920
3.325857
3.330219
3.335754
3.340856
3.346685
3.350977
3.354910
3.359659
3.364425
3.361654
3.355771
3.350236
3.342593
3.337039
3.331422
3.323536
3.314876
3.308897
3.303455
3.297080
3.290842
3.282542
3.273329
3.264342
3.254804
3.255519
3.260362
3.264195
3.270619
3.274107
3.277452
3.283598
3.290557
3.292718
3.293514
3.295382
3.296559
3.300510
3.305431
3.309525
3.314015
3.313877
3.311867
3.310461
3.307945
3.306675
3.305479
3.303085
3.300347
3.300179
3.300816
3.300978
3.301586
3.300888
3.299792
3.299212
3.298526
3.298958
3.299870
3.300629
3.301666
3.302489
3.303335
3.304477
3.305733
3.306282
3.306614
3.307098
3.307470
3.308210
3.309070
3.309799
3.310569
3.311177
3.311721
3.312312
3.312876
3.313477
3.314087
3.314667
3.315243
3.315973
3.316763
3.317542
3.318361
3.319129
3.319892
3.320699
3.321517
3.321038
3.320016
3.319063
3.317746
3.316767
3.315770
3.314383
3.312857
3.311829
3.310905
3.309813
3.308752
3.307322
3.305731
3.304187
3.302548
3.301509
3.300687
3.299741
3.298908
3.297854
3.296745
3.295761
3.294782
3.293413
3.291895
3.290398
3.288799
3.287337
3.285886
3.284324
3.282735
3.282619
3.283105
3.283499
3.284291
3.284667
3.285042
3.285848
3.286793
3.287164
3.287401
3.287810
3.288169
3.288927
3.289850
3.290706
3.291651
3.291858
3.291785
3.291837
3.291733
3.291873
3.292057
3.292070
3.292057
3.292484
3.293067
3.293602
3.294238
3.294690
3.295106
3.295633
3.296171
3.296059
3.295688
3.295356
3.294851
3.294547
3.294252
3.293769
3.293231
3.292930
3.292685
3.292371
3.292079
3.291622
3.291097
3.290602
3.290070
3.289911
3.289896
3.289827
3.289842
3.289741
3.289625
3.289601
3.289596
3.289385
3.289106
3.288856
3.288565
3.288370
3.288200
3.287983
3.287767
3.287818
3.287977
3.288126
3.288350
3.288498
3.288647
3.288876
3.289133
3.289303
3.289457
3.289644
3.289828
3.290082
3.290369
3.290650
3.290951
3.291103
3.291201
3.291325
3.291420
3.291569
3.291729
3.291856
3.291981
3.292195
3.292442
3.292683
3.292945
3.293173
3.293396
3.293644
3.293895
3.294073
3.294224
3.294382
3.294524
3.294695
3.294871
3.295028
3.295183
3.295367
3.295561
3.295751
3.295946
3.296127
3.296303
3.296486
3.296668
3.296904
3.297163
3.297418
3.297689
3.297949
3.298210
3.298488
3.298772
3.299033
3.299289
3.299553
3.299816
3.300096
3.300383
3.300667
3.300956
3.301017
3.300982
3.300962
3.300878
3.300854
3.300827
3.300732
3.300613
3.300588
3.300584
3.300551
3.300526
3.300435
3.300316
3.300208
3.300085
3.300062
3.300075
3.300068
3.300080
3.300056
3.300024
3.300014
3.300004
3.299930
3.299831
3.299737
3.299626
3.299538
3.299453
3.299350
3.299243
3.299256
3.299316
3.299367
3.299448
3.299491
3.299532
3.299606
3.299688
3.299723
3.299746
3.299780
3.299808
3.299866
3.299935
3.299997
3.300064
3.300062
3.300033
3.300012
3.299975
3.299957
3.299941
3.299906
3.299867
3.299863
3.299870
3.299871
3.299878
3.299865
3.299847
3.299836
3.299824
3.299767
3.299692
3.299617
3.299529
3.299452
3.299374
3.299281
3.299183
3.299096
3.299011
3.298919
3.298826
3.298721
3.298609
3.298497
3.298380
3.298286
3.298200
3.298108
3.298020
3.297921
3.297819
3.297722
3.297623
3.297509
3.297388
3.297266
3.297140
3.297018
3.296896
3.296768
3.296638
3.296518
3.296400
3.296279
3.296160
3.296034
3.295907
3.295781
3.295653
3.295521
3.295385
3.295249
3.295110
3.294972
3.294833
3.294692
3.294550
3.294398
3.294242
3.294084
3.293923
3.293762
3.293599
3.293433
3.293264
3.293097
3.292929
3.292759
3.292588
3.292412
3.292235
3.292056
3.291875
3.291731
3.291602
3.291469
3.291345
3.291210
3.291074
3.290948
3.290825
3.290685
3.290539
3.290398
3.290254
3.290119
3.289988
3.289853
3.289720
3.289569
3.289410
3.289253
3.289092
3.288935
3.288778
3.288617
3.288453
3.288300
3.288149
3.287996
3.287844
3.287688
3.287529
3.287372
3.287215
3.287036
3.286848
3.286660
3.286465
3.286276
3.286086
3.285889
3.285689
3.285495
3.285303
3.285107
3.284911
3.284708
3.284502
3.284296
3.284088
3.283890
3.283696
3.283498
3.283302
3.283102
3.282899
3.282699
3.282498
3.282289
3.282078
3.281866
3.281652
3.281440
3.281227
3.281012
3.280796
3.280738
3.280748
3.280749
3.280795
3.280801
3.280810
3.280867
3.280942
3.280955
3.280956
3.280978
3.280997
3.281061
3.281146
3.281225
3.281317
3.281337
3.281332
3.281342
3.281340
3.281365
3.281397
3.281414
3.281432
3.281497
3.281581
3.281662
3.281757
3.281836
3.281914
3.282007
3.282103
3.282124
3.282117
3.282117
3.282100
3.282108
3.282119
3.282111
3.282099
3.282118
3.282146
3.282169
3.282197
3.282207
3.282212
3.282223
3.282232
3.282287
3.282361
3.282431
3.282513
3.282584
3.282656
3.282742
3.282831
3.282900
3.282962
3.283031
3.283097
3.283177
3.283262
3.283344
3.283429
3.283432
3.283401
3.283376
3.283329
3.283304
3.283278
3.283229
3.283172
3.283150
3.283138
3.283115
3.283096
3.283054
3.283003
3.282957
3.282906
3.282889
3.282886
3.282877
3.282874
3.282860
3.282844
3.282836
3.282829
3.282800
3.282763
3.282728
3.282688
3.282657
3.282627
3.282592
3.282555
3.282567
3.282598
3.282627
3.282668
3.282695
3.282722
3.282763
3.282808
3.282835
3.282858
3.282887
3.282914
3.282953
3.282998
3.283041
3.283086
3.283106
3.283116
3.283131
3.283139
3.283156
3.283175
3.283187
3.283198
3.283224
3.283256
3.283285
3.283318
3.283344
3.283368
3.283397
3.283425
3.283588
3.283807
3.284022
3.284275
3.284496
3.284722
3.284990
3.285273
3.285506
3.285729
3.285971
3.286212
3.286493
3.286792
3.287088
3.287396
3.287648
3.287882
3.288131
3.288371
3.288634
3.288904
3.289165
3.289428
3.289730
3.290050
3.290369
3.290701
3.291022
3.291344
3.291679
3.292019
3.292293
3.292542
3.292800
3.293042
3.293309
3.293580
3.293835
3.294088
3.294370
3.294662
3.294950
3.295244
3.295524
3.295799
3.296082
3.296365
3.296689
3.297031
3.297372
3.297724
3.298068
3.298414
3.298773
3.299138
3.299484
3.299827
3.300176
3.300525
3.300887
3.301254
3.301621
3.301991
3.302035
3.301943
3.301868
3.301702
3.301618
3.301528
3.301340
3.301117
3.301022
3.300955
3.300845
3.300744
3.300548
3.300311
3.300086
3.299838
3.299731
3.299675
3.299589
3.299528
3.299414
3.299285
3.299186
3.299086
3.298892
3.298661
3.298434
3.298181
3.297959
3.297740
3.297493
3.297238
3.297147
3.297119
3.297075
3.297073
3.297015
3.296950
3.296930
3.296920
3.296842
3.296745
3.296662
3.296568
3.296513
3.296472
3.296418
3.296369
3.296223
3.296037
3.295860
3.295658
3.295481
3.295303
3.295098
3.294884
3.294718
3.294565
3.294400
3.294241
3.294054
3.293857
3.293668
3.293474
3.293813
3.294379
3.294917
3.295606
3.296163
3.296732
3.297462
3.298252
3.298832
3.299367
3.299975
3.300572
3.301324
3.302145
3.302947
3.303790
3.304405
3.304940
3.305527
3.306074
3.306710
3.307369
3.307985
3.308602
3.309375
3.310210
3.311040
3.311913
3.312738
3.313561
3.314431
3.315316
3.313439
3.310399
3.307493
3.303808
3.300819
3.297775
3.293895
3.289707
3.286572
3.283652
3.280362
3.277126
3.273093
3.268706
3.264408
3.259897
3.260139
3.262312
3.264061
3.267038
3.268689
3.270307
3.273250
3.276600
3.277798
3.278411
3.279550
3.280411
3.282577
3.285223
3.287529
3.290054
3.291796
3.293271
3.295004
3.296638
3.298566
3.300599
3.302520
3.304474
3.307151
3.310140
3.313130
3.316344
3.319380
3.322444
3.325747
3.329146
3.319852
3.305228
3.291252
3.273711
3.259410
3.244886
3.226536
3.206796
3.230285
3.271111
3.308604
3.357381
3.352463
3.329634
3.320773
3.303778
3.214414
3.091926
3.232126
3.460913
3.379236
3.234787
19.082409
18.813315
19.010172
19.273205
19.143092
18.926047
18.995634
19.104815
19.054424
18.985041
18.997142
19.018118
19.014652
19.013574
18.999375
18.978124
18.959716
18.937824
18.947279
18.968740
18.985266
19.008637
19.021985
19.033753
19.053000
19.073628
19.070058
19.057632
19.047737
19.032207
19.026100
19.021629
19.010939
18.999367
19.008901
19.026344
19.041916
19.062631
19.075523
19.087299
19.104722
19.123197
19.119224
19.106791
19.096458
19.080679
19.073035
19.066524
19.054038
19.040404
19.035632
19.033459
19.029667
19.027343
19.019986
19.011004
19.003745
18.995925
18.997863
19.003873
19.008895
19.016437
19.021605
19.026839
19.034778
19.043646
19.047543
19.050046
19.053748
19.056780
19.062709
19.069684
19.075851
19.082470
19.077643
19.068072
19.059457
19.047814
19.039128
19.030384
19.018385
19.005286
18.997413
18.990904
18.983006
18.975709
18.965129
18.953286
18.942197
18.930488
18.931370
18.937399
18.942250
18.950345
18.955032
18.959664
18.967791
18.977020
18.980338
18.982026
18.985137
18.987463
18.993314
19.000446
19.006626
19.013375
19.014840
19.014224
19.014416
19.013418
19.013949
19.014657
19.014074
19.013186
19.015420
19.018702
19.021524
19.024973
19.026988
19.028638
19.030995
19.033329
19.033608
19.033075
19.032614
19.031586
19.031248
19.030946
19.030028
19.028937
19.028424
19.028012
19.027391
19.026790
19.025700
19.024389
19.023118
19.021709
19.021710
19.022250
19.022587
19.023239
19.023431
19.023553
19.024020
19.024552
19.024322
19.023834
19.023450
19.022908
19.022717
19.022612
19.022329
19.022049
19.022211
19.022543
19.022857
19.023290
19.023565
19.023825
19.024215
19.024638
19.024937
19.025213
19.025528
19.025835
19.026242
19.026692
19.027130
19.027594
19.027734
19.027746
19.027799
19.027775
19.027850
19.027937
19.027939
19.027922
19.028071
19.028272
19.028445
19.028648
19.028766
19.028860
19.028988
19.029111
19.029206
19.029291
19.029372
19.029443
19.029525
19.029607
19.029678
19.029746
19.029807
19.029862
19.029914
19.029961
19.030003
19.030041
19.030074
19.030102
19.030164
19.030238
19.030305
19.030379
19.030439
19.030495
19.030558
19.030621
19.030664
19.030700
19.030737
19.030769
19.030807
19.030846
19.030878
19.030910
19.030820
19.030678
19.030540
19.030365
19.030216
19.030063
19.029870
19.029662
19.029498
19.029342
19.029166
19.028991
19.028778
19.028548
19.028318
19.028078
19.027884
19.027704
19.027511
19.027323
19.027114
19.026896
19.026686
19.026472
19.026221
19.025954
19.025685
19.025404
19.025131
19.024856
19.024567
19.024272
19.024037
19.023822
19.023598
19.023387
19.023152
19.022911
19.022684
19.022458
19.022204
19.021939
19.021676
19.021406
19.021148
19.020893
19.020629
19.020364
19.020060
19.019738
19.019417
19.019083
19.018755
19.018424
19.018080
19.017730
19.017395
19.017061
19.016720
19.016379
19.016024
19.015662
19.015300
19.014933
19.014806
19.014778
19.014735
19.014758
19.014718
19.014681
19.014714
19.014772
19.014732
19.014669
19.014636
19.014596
19.014623
19.014679
19.014724
19.014784
19.014738
19.014652
19.014588
19.014502
19.014454
19.014415
19.014352
19.014287
19.014291
19.014320
19.014344
19.014385
19.014401
19.014413
19.014445
19.014480
19.014391
19.014252
19.014124
19.013963
19.013841
19.013722
19.013568
19.013404
19.013290
19.013187
19.013073
19.012964
19.012824
19.012672
19.012528
19.012378
19.012298
19.012246
19.012186
19.012142
19.012078
19.012012
19.011964
19.011921
19.011841
19.011749
19.011664
19.011572
19.011499
19.011432
19.011357
19.011284
19.012165
19.013452
19.014699
19.016221
19.017511
19.018826
19.020434
19.022155
19.023521
19.024819
19.026250
19.027670
19.029370
19.031198
19.033002
19.034885
19.036351
19.037675
19.039098
19.040454
19.041977
19.043552
19.045048
19.046554
19.048349
19.050264
19.052174
19.054169
19.056079
19.057991
19.059995
19.062030
19.061809
19.060653
19.059627
19.057980
19.056936
19.055872
19.054138
19.052175
19.051091
19.050203
19.049033
19.047928
19.046191
19.044186
19.042274
19.040208
19.037625
19.034760
19.031759
19.028514
19.025278
19.021916
19.018300
19.014517
19.010663
19.006673
19.002512
18.998207
18.993687
18.988989
18.984151
18.979146
18.978044
18.978509
18.978634
18.979761
18.979743
18.979672
18.980685
18.982014
18.981637
18.980798
18.980367
18.979713
18.980096
18.980858
18.981348
18.982009
18.983680
18.985832
18.988116
18.990789
18.993296
18.995928
18.998971
19.002230
19.006309
19.010883
19.015647
19.020812
19.043018
19.072683
19.102028
19.136538
19.124701
19.095529
19.073699
19.041962
19.023224
19.006152
19.013481
19.033351
7.716182
7.548243
7.682852
7.786046
7.738368
7.643810
7.655620
7.674745
7.669023
7.667421
7.675307
7.686530
7.690353
7.693595
7.700686
7.708359
7.704767
7.697062
7.690476
7.681246
7.676456
7.672434
7.665493
7.658139
7.664348
7.675825
7.686267
7.700174
7.709524
7.718449
7.731149
7.744774
7.734493
7.714873
7.697272
7.673621
7.657776
7.642631
7.620903
7.597530
7.600840
7.614036
7.624325
7.640835
7.647340
7.652196
7.663900
7.676686
7.678270
7.676321
7.676028
7.673599
7.676969
7.681980
7.684541
7.687444
7.686119
7.682895
7.680188
7.676362
7.673144
7.669716
7.665108
7.659964
7.656530
7.653447
7.649725
7.646078
7.641156
7.635659
7.630289
7.624568
7.653753
7.697641
7.739661
7.791472
7.745074
7.661279
7.718938
7.808863
7.766820
7.698725
15.375420
15.475454
15.309137
15.590821
15.465365
15.348408
15.481804
15.682595
15.513856
15.245974
15.259317
15.306732
15.236456
15.161848
15.199372
15.270116
15.330605
15.414171
15.430979
15.429109
15.453925
15.474275
15.477048
15.473076
15.465450
15.451246
15.445150
15.439034
15.425730
15.410218
15.409269
15.412720
15.413200
15.416020
15.411062
15.403577
15.398825
15.393229
15.391330
15.390898
15.389454
15.388658
15.386995
15.385159
15.384024
15.383014
15.378632
15.372948
15.367545
15.361294
15.356190
15.351207
15.345299
15.339175
15.340875
15.345705
15.349967
15.356282
15.360218
15.364045
15.370095
15.376788
15.380397
15.383230
15.386879
15.390185
15.395514
15.401630
15.407311
15.413389
15.410778
15.404611
15.399226
15.391588
15.386299
15.381037
15.373347
15.364885
15.360435
15.357074
15.352722
15.348882
15.342611
15.335441
15.328899
15.321946
15.322070
15.325080
15.327363
15.331439
15.333601
15.335712
15.339754
15.344392
15.345559
15.345731
15.346686
15.347139
15.349577
15.352708
15.355241
15.358055
15.365643
15.375330
15.385097
15.396388
15.406604
15.417086
15.429191
15.441998
15.420341
15.384522
15.350927
15.307993
15.325627
15.364892
15.391894
15.430230
15.348125
15.218785
15.238076
15.285721
15.389453
0.080807
-0.030046
0.397152
-0.339407
0.290282
0.117804
0.121020
0.024229
-0.117724
-0.079868
0.002743
-0.016687
-0.039522
-0.010200
0.028915
0.010536
-0.022195
-0.041896
-0.068866
-0.065660
-0.051641
-0.046344
-0.036496
-0.036877
-0.040400
-0.038841
-0.037676
-0.033574
-0.027870
-0.022659
-0.016595
-0.010081
-0.003028
0.004884
0.013461
0.008638
-0.001485
-0.010334
-0.022544
-0.030618
-0.038373
-0.049774
-0.062139
-0.057981
-0.047631
-0.039019
-0.026496
-0.019987
-0.014387
-0.004493
0.006165
0.009878
0.011449
0.014144
0.015579
0.020712
0.026947
0.031726
0.036794
0.035794
0.032193
0.029141
0.024461
0.021085
0.017560
0.012297
0.006364
0.003513
0.001474
-0.001405
-0.003936
-0.008369
-0.013537
-0.018268
-0.023359
-0.022472
-0.019165
-0.016484
-0.012303
-0.009778
-0.007321
-0.003245
0.001314
0.002942
0.003721
0.005138
0.006117
0.008750
0.011949
0.014629
0.017529
0.017937
0.017332
0.017058
0.016187
0.015970
0.015787
0.014960
0.013943
0.014337
0.015174
0.015750
0.016571
0.016678
0.016569
0.016743
0.016860
0.016773
0.016603
0.016386
0.016088
0.015871
0.015647
0.015334
0.014989
0.014566
0.014085
0.013573
0.013012
0.012413
0.011773
0.011083
0.010349
0.009880
0.009497
0.009057
0.008661
0.008143
0.007589
0.007085
0.006573
0.005900
0.005160
0.004418
0.003627
0.002883
0.002134
0.001333
0.000512
0.000374
0.000511
0.000599
0.000867
0.000935
0.000998
0.001255
0.001572
0.001612
0.001583
0.001628
0.001644
0.001841
0.002109
0.002338
0.002604
0.002522
0.002305
0.002140
0.001897
0.001761
0.001639
0.001433
0.001208
0.001181
0.001222
0.001234
0.001287
0.001249
0.001189
0.001174
0.001158
0.000826
0.000364
-0.000085
-0.000623
-0.001071
-0.001521
-0.002067
-0.002645
-0.003116
-0.003566
-0.004055
-0.004539
-0.005109
-0.005717
-0.006317
-0.006940
-0.007393
-0.007783
-0.008205
-0.008593
-0.009042
-0.009505
-0.009930
-0.010352
-0.010878
-0.011442
-0.011999
-0.012582
-0.013125
-0.013662
-0.014228
-0.014799
-0.014798
-0.014559
-0.014350
-0.013982
-0.013766
-0.013544
-0.013150
-0.012697
-0.012461
-0.012272
-0.012011
-0.011763
-0.011354
-0.010876
-0.010419
-0.009921
-0.009695
-0.009569
-0.009388
-0.009260
-0.009034
-0.008784
-0.008593
-0.008405
-0.008045
-0.007619
-0.007204
-0.006745
-0.006349
-0.005960
-0.005523
-0.005075
-0.004881
-0.004786
-0.004668
-0.004614
-0.004473
-0.004323
-0.004243
-0.004178
-0.004011
-0.003816
-0.003643
-0.003454
-0.003327
-0.003220
-0.003095
-0.002978
-0.002709
-0.002375
-0.002058
-0.001701
-0.001383
-0.001066
-0.000707
-0.000334
-0.000037
0.000239
0.000532
0.000816
0.001143
0.001486
0.001816
0.002153
0.002113
0.001915
0.001741
0.001461
0.001276
0.001084
0.000780
0.000436
0.000247
0.000093
-0.000110
-0.000302
-0.000603
-0.000951
-0.001282
-0.001640
-0.001840
-0.001984
-0.002161
-0.002310
-0.002517
-0.002738
-0.002928
-0.003117
-0.003411
-0.003747
-0.004077
-0.004436
-0.004759
-0.005079
-0.005430
-0.005789
-0.005942
-0.006015
-0.006104
-0.006142
-0.006247
-0.006357
-0.006411
-0.006450
-0.006573
-0.006719
-0.006846
-0.006985
-0.007072
-0.007142
-0.007225
-0.007301
-0.007494
-0.007735
-0.007963
-0.008220
-0.008446
-0.008670
-0.008926
-0.009191
-0.009396
-0.009583
-0.009782
-0.009973
-0.010196
-0.010430
-0.010654
-0.010881
-0.010956
-0.010967
-0.010988
-0.010968
-0.010985
-0.011000
-0.010970
-0.010924
-0.010944
-0.010979
-0.010995
-0.011017
-0.010994
-0.010953
-0.010920
-0.010876
-0.010893
-0.010931
-0.010957
-0.010993
-0.011008
-0.011018
-0.011040
-0.011062
-0.011044
-0.011010
-0.010978
-0.010936
-0.010907
-0.010880
-0.010841
-0.010800
-0.010850
-0.010938
-0.011018
-0.011122
-0.011197
-0.011271
-0.011371
-0.011478
-0.011548
-0.011608
-0.011678
-0.011744
-0.011832
-0.011930
-0.012022
-0.012119
-0.012165
-0.012190
-0.012223
-0.012243
-0.012278
-0.012314
-0.012337
-0.012357
-0.012404
-0.012460
-0.012511
-0.012567
-0.012610
-0.012648
-0.012692
-0.012735
-0.012600
-0.012389
-0.012184
-0.011929
-0.011717
-0.011501
-0.011229
-0.010937
-0.010709
-0.010493
-0.010252
-0.010012
-0.009721
-0.009405
-0.009094
-0.008767
-0.008521
-0.008303
-0.008066
-0.007842
-0.007585
-0.007319
-0.007068
-0.006815
-0.006507
-0.006176
-0.005846
-0.005500
-0.005170
-0.004840
-0.004493
-0.004140
-0.003863
-0.003613
-0.003354
-0.003112
-0.002841
-0.002565
-0.002307
-0.002052
-0.001762
-0.001461
-0.001165
-0.000860
-0.000573
-0.000289
0.000003
0.000295
0.000637
0.001001
0.001363
0.001740
0.002107
0.002476
0.002861
0.003253
0.003624
0.003991
0.004366
0.004741
0.005131
0.005529
0.005926
0.006328
0.006630
0.006892
0.007163
0.007409
0.007682
0.007957
0.008204
0.008443
0.008727
0.009023
0.009309
0.009601
0.009865
0.010120
0.010382
0.010640
0.010943
0.011263
0.011578
0.011902
0.012214
0.012525
0.012846
0.013171
0.013470
0.013761
0.014056
0.014346
0.014648
0.014954
0.015255
0.015555
0.015916
0.016301
0.016684
0.017084
0.017469
0.017854
0.018259
0.018670
0.019060
0.019447
0.019843
0.020237
0.020649
0.021068
0.021486
0.021909
0.022303
0.022686
0.023076
0.023461
0.023857
0.024256
0.024649
0.025043
0.025456
0.025876
0.026296
0.026721
0.027140
0.027559
0.027983
0.028409
0.028457
0.028346
0.028252
0.028052
0.027946
0.027833
0.027605
0.027334
0.027208
0.027111
0.026962
0.026821
0.026570
0.026271
0.025983
0.025667
0.025519
0.025430
0.025304
0.025208
0.025046
0.024867
0.024721
0.024574
0.024314
0.024008
0.023706
0.023373
0.023077
0.022781
0.022452
0.022112
0.021949
0.021853
0.021738
0.021666
0.021531
0.021387
0.021289
0.021201
0.021037
0.020851
0.020677
0.020490
0.020344
0.020210
0.020061
0.019916
0.019661
0.019361
0.019068
0.018746
0.018449
0.018150
0.017819
0.017476
0.017184
0.016904
0.016609
0.016319
0.015996
0.015660
0.015330
0.014993
0.014851
0.014789
0.014712
0.014687
0.014609
0.014532
0.014510
0.014507
0.014418
0.014306
0.014218
0.014120
0.014076
0.014054
0.014020
0.013997
0.013889
0.013749
0.013624
0.013481
0.013365
0.013253
0.013122
0.012987
0.012904
0.012840
0.012769
0.012710
0.012630
0.012545
0.012473
0.012402
0.012216
0.011983
0.011756
0.011497
0.011271
0.011045
0.010785
0.010514
0.010285
0.010066
0.009833
0.009602
0.009341
0.009067
0.008797
0.008519
0.008302
0.008108
0.007902
0.007710
0.007497
0.007280
0.007077
0.006875
0.006638
0.006387
0.006140
0.005885
0.005644
0.005406
0.005159
0.004911
0.004839
0.004841
0.004834
0.004877
0.004873
0.004871
0.004923
0.004993
0.004996
0.004986
0.004999
0.005008
0.005066
0.005147
0.005221
0.005309
0.005312
0.005285
0.005274
0.005248
0.005253
0.005265
0.005259
0.005253
0.005300
0.005368
0.005433
0.005512
0.005572
0.005630
0.005703
0.005780
0.005780
0.005750
0.005728
0.005687
0.005672
0.005661
0.005629
0.005593
0.005587
0.005591
0.005589
0.005592
0.005577
0.005555
0.005540
0.005522
0.005552
0.005601
0.005646
0.005704
0.005749
0.005795
0.005855
0.005918
0.005960
0.005995
0.006036
0.006074
0.006126
0.006183
0.006236
0.006293
0.006244
0.006152
0.006066
0.005952
0.005865
0.005776
0.005657
0.005526
0.005440
0.005365
0.005275
0.005190
0.005075
0.004947
0.004824
0.004695
0.004610
0.004540
0.004462
0.004393
0.004308
0.004219
0.004140
0.004061
0.003954
0.003835
0.003719
0.003595
0.003481
0.003369
0.003249
0.003127
0.003064
0.003024
0.002979
0.002950
0.002903
0.002854
0.002822
0.002795
0.002744
0.002688
0.002637
0.002584
0.002546
0.002513
0.002477
0.002443
0.002377
0.002299
0.002224
0.002141
0.002069
0.001997
0.001916
0.001834
0.001769
0.001710
0.001647
0.001588
0.001520
0.001450
0.001383
0.001315
