-0.355018
0.749984
-0.149606
0.543113
0.617498
-0.173606
0.060618
0.955691
-0.135243
-0.503424
0.577181
-0.111501
-0.445216
-0.110465
0.037783
0.155066
0.238663
0.035215
-0.312182
-0.024153
0.215918
0.588575
0.612008
0.171510
-0.774112
0.983366
-0.105018
0.560456
0.909656
0.342180
0.484065
0.001658
-0.816941
0.683678
0.169206
-0.049405
1.295666
0.008222
0.553632
1.090404
0.241248
-0.530943
-0.078258
0.432191
0.366613
0.324996
0.190586
0.127707
0.031354
-0.238953
0.292822
-1.048818
-0.474646
-0.124871
0.222254
0.175093
-1.333541
-0.605509
0.590287
0.124126
0.726065
-0.267583
-0.928812
-1.182052
-0.088083
0.075466
0.334874
0.228121
-0.278413
0.609009
0.177382
-0.115407
0.176977
-0.730757
0.881453
-0.110751
-0.530142
-0.307242
0.047735
-0.108188
0.170841
0.316719
1.157469
0.924613
0.025099
0.015187
0.451061
0.199390
0.305402
-0.436150
0.171237
-0.354030
0.001486
-0.157339
0.414400
0.366167
0.027359
0.571631
-0.755110
0.261867
-0.338871
-0.475990
-0.498668
-0.095765
-1.018790
0.328819
0.363338
0.992459
0.009942
0.928946
-0.354587
0.722451
0.068965
-0.698027
0.164521
1.034134
0.444160
0.365090
0.397333
-0.629131
-0.374490
-0.199435
-0.592591
0.220207
0.639337
0.219364
1.018317
-0.019001
-0.506958
-0.680669
-0.772542
-0.716303
0.535491
0.487076
-0.844739
-0.782768
0.800171
0.539179
-0.178389
-0.255027
-0.070652
-0.539907
0.224884
-0.042274
0.017299
-0.213707
-0.205154
-0.113698
-0.279071
0.112441
0.441456
-0.218745
-0.513780
0.607227
0.743210
0.186518
-0.816897
0.672910
0.862973
-0.309539
-0.536978
1.015827
-0.920336
-0.683546
-0.812189
-0.645584
0.133318
0.059315
-0.033703
0.693593
-0.179140
-0.144955
-0.112138
0.177799
-0.116634
0.024488
-0.422916
-0.403836
0.028237
-0.212561
-1.062089
0.237514
-0.863810
0.661122
0.571682
0.108824
0.117675
0.515692
0.233135
-0.599374
0.199736
-0.489336
0.708514
-0.873367
-0.809032
-0.689829
-0.006794
-0.013920
1.267461
0.111685
-0.136528
-0.773533
-0.989968
-0.220254
0.151695
0.895466
-0.208908
-0.501094
-0.474856
0.067809
0.456492
0.225237
0.571578
0.387171
-0.260960
0.159722
-1.005476
0.016852
-0.212599
-0.042348
-0.374767
1.036720
-0.548937
0.179491
0.226812
0.018001
0.252655
-0.081888
0.370532
0.018888
0.512954
0.352734
0.129249
0.032151
0.387925
-0.450150
-0.868187
0.222526
-0.973790
0.110174
-0.269049
0.200682
0.132100
0.079578
-0.025345
-0.173042
-0.704235
-0.155151
0.593099
-0.660441
0.168009
-0.696752
-0.845811
0.076751
-0.664582
0.078619
0.184650
-0.130376
0.390181
0.568863
0.359344
-0.421486
0.286850
-0.798975
-0.440336
0.104956
0.779780
0.039466
0.157856
-0.246414
0.323646
0.776730
-1.076754
-1.089458
0.519533
0.768765
0.423782
-0.477427
-0.483994
-0.003311
-0.264799
-0.230187
-0.916030
0.064505
-0.355083
-0.810779
1.389650
-0.179605
-0.296298
-0.458562
-0.690213
0.545314
-0.159098
-0.688027
0.754548
0.294461
0.360509
-0.643023
-0.344911
-0.042370
-0.781864
0.001864
0.493367
-0.527150
-0.038941
0.809205
-0.626125
-0.714686
0.504908
0.502462
0.068416
-0.735030
-0.296012
0.717690
0.429119
-0.142158
1.005870
-0.556589
-0.206039
0.029146
0.157123
0.209332
-0.489085
0.556809
0.608996
0.874392
-0.482876
0.293328
-0.897904
0.328159
1.228038
-0.520018
0.793581
0.366645
-0.670006
-0.601090
0.128244
0.465801
-0.394073
-0.403559
-0.118442
0.341334
0.115431
0.012507
0.074739
0.563715
-0.092781
-0.480822
-0.175339
0.169621
-0.111855
0.302663
-0.207297
0.100458
-0.481505
-0.080657
0.053826
-0.024806
0.259318
-0.202020
0.461081
0.522442
-0.517466
0.074383
0.653849
0.014945
0.201745
-0.819606
-0.718629
0.683582
0.730638
0.234011
-0.254772
0.347173
-1.089288
-0.160760
0.837017
-0.471768
0.732166
0.155748
0.955287
0.239451
0.177803
-0.322728
0.950448
0.313541
0.304065
0.509924
0.579374
-0.069673
-0.423218
-0.509339
-0.220085
-0.714318
0.074998
-0.624608
0.194954
0.056830
-0.784862
0.383533
0.658056
-0.262480
-0.760520
-1.033978
0.934224
-0.546461
0.145583
-1.588121
0.474821
14.859772
14.836605
14.433587
15.327989
13.563282
15.105636
14.753105
14.445026
15.137755
14.781083
14.347649
15.450269
14.243659
14.299816
14.164538
14.217821
14.735038
16.704770
14.837502
14.184367
15.038700
14.810106
14.960720
14.350486
15.441798
14.655881
14.794631
14.807350
14.356739
14.290345
14.712282
14.015565
14.792396
15.289392
14.283065
14.595154
14.251996
15.214703
14.903376
15.239695
14.581156
14.043135
15.260518
14.479165
14.796124
13.686127
14.246677
15.056725
15.171523
14.799460
14.354332
13.835281
14.905157
14.203924
14.745804
14.178302
14.309801
14.275511
15.244745
14.884114
14.557486
14.291379
14.541494
14.655228
14.649723
14.874927
14.520500
14.448542
14.887260
13.872023
14.988737
14.916888
14.206230
14.923683
15.110426
15.275416
14.813165
15.158957
14.539452
14.765557
13.764557
15.135223
15.099454
13.750139
14.362237
13.991634
15.198879
14.305962
14.009980
14.500469
15.145160
14.233000
14.581209
14.067529
14.589509
14.055936
14.541828
15.079250
15.436714
14.420950
15.333988
14.430996
14.186600
14.869164
15.105538
14.686485
15.095645
14.926079
14.382181
15.135366
15.091539
15.040027
14.336442
13.974215
13.250175
15.256741
14.317296
14.385111
15.057923
14.392849
12.978532
15.366729
15.058896
-3.561563
-4.098535
-3.996602
-3.906838
-4.159472
-4.890248
-3.346328
-3.614278
-3.806066
-4.120175
-2.682745
-3.442928
-3.981046
-3.207555
-2.941457
-3.098598
-3.809248
-2.780687
-3.540722
-4.048621
-4.352922
-4.014998
-3.172111
-3.471817
-3.629452
-3.913162
-2.158795
-4.081793
-3.377716
-3.768316
-3.786271
-3.704566
-3.925230
-3.924021
-3.861200
-3.091337
-4.314177
-3.502562
-2.720821
-3.630902
-3.009152
-4.133484
-4.531711
-3.311641
-4.088015
-3.459570
-4.588730
-3.757433
-2.774304
-3.925877
-3.869501
-4.108944
-3.317249
-2.884412
-3.537453
-3.084719
-4.140920
-3.874169
-3.831893
-3.436834
-3.583323
-4.224951
-4.417376
-3.918874
-3.541183
-3.356306
-3.768588
-3.587836
-4.556284
-3.432416
-3.684567
-3.651669
-3.448832
-4.294421
-3.564700
-3.328107
-3.573573
-3.722154
-3.331920
-4.354581
-3.043549
-3.968057
7.441730
6.532908
6.957812
7.959476
6.959447
7.753084
7.117175
7.456965
7.583179
7.888474
7.261439
6.065385
6.260057
7.008920
7.037200
7.679708
7.503531
7.583122
7.984233
7.511462
7.703061
6.990557
7.452758
8.199568
7.544761
8.277577
7.338834
6.624908
7.160108
7.458072
7.155010
7.838837
7.722314
7.589958
6.051973
7.529804
7.384727
7.247956
7.511247
7.081532
7.938994
7.331059
6.208590
7.192479
7.410935
7.264279
7.203244
7.065621
7.365438
7.366272
6.971453
7.389016
7.945400
7.234073
6.505215
6.950231
6.921860
7.815029
7.253851
7.409321
8.379226
6.938165
7.904678
6.853213
7.003734
6.746442
7.812370
8.205120
7.409295
8.558328
7.071277
6.404788
7.475160
8.300142
8.495015
6.386044
7.154670
7.665835
6.869347
7.415188
8.170347
7.489518
8.267492
7.017216
6.622448
7.538479
7.849663
6.666153
7.653967
7.750021
6.576468
6.924533
7.466884
8.063304
7.296638
7.473731
7.972476
7.139758
7.014019
7.742280
7.295657
7.303692
7.356379
8.246422
6.878111
7.950951
8.091900
6.813386
6.743631
6.561452
7.714687
7.478389
7.195527
7.240703
6.100044
6.974329
7.666557
6.917515
7.239189
6.559349
7.455459
7.358690
6.746053
7.415049
6.627322
7.477670
6.947078
6.571480
7.049594
7.100931
7.096452
7.451465
7.331366
6.696751
7.844333
7.977595
6.595504
7.340474
7.024094
7.327245
7.707017
8.242950
6.894862
6.989388
7.489317
7.020880
7.239473
6.484531
7.949069
6.831557
7.173951
7.514466
6.642428
7.764945
7.002713
7.054228
6.703153
6.619445
6.992663
6.684482
6.033093
7.227090
7.062965
7.160542
6.475773
7.076707
7.637479
6.888172
7.345281
6.756799
7.344179
7.652834
8.399457
7.471569
6.640637
7.400147
7.637446
7.917584
8.012071
7.246141
7.607003
7.841709
7.686634
7.942739
6.641016
7.386145
7.100257
7.670781
7.755141
7.161200
6.774245
7.426125
7.099977
7.974939
6.945006
6.925315
7.137904
6.835630
6.608552
6.836947
6.788891
6.807430
7.747709
6.267687
7.684014
7.346544
7.410587
6.972913
7.893991
7.833183
7.253570
7.084464
8.276847
7.671886
6.464667
7.496733
6.978494
7.096027
7.448635
6.773662
7.364829
7.010088
7.144342
7.597835
7.878297
6.901503
6.629892
7.743542
7.196612
6.638782
7.381191
8.119701
6.915592
7.917620
6.864502
7.937008
7.208052
7.781485
6.915944
7.462964
7.812206
7.299269
6.845608
7.108440
6.788645
7.169206
8.339019
7.240881
7.133051
7.165041
7.058039
5.874872
6.942939
7.257218
6.531415
7.659404
7.674511
8.109756
7.173926
7.881803
6.810359
6.790537
7.380934
7.632722
8.064478
8.035590
7.559415
7.892756
7.244099
6.768339
7.250353
7.934838
6.932929
6.510396
6.382627
6.527054
7.353058
7.808306
6.746494
7.422460
6.049667
6.654911
7.751849
6.945031
6.980529
7.209788
8.467371
7.629046
6.678426
7.422678
6.947287
7.093650
7.030793
7.262263
7.905294
7.213167
7.423082
7.708566
7.246453
7.860417
6.350006
7.095437
6.770078
7.347920
7.371340
7.049749
7.140199
6.962350
7.571419
6.776309
7.504083
7.820134
7.535953
7.041308
8.080045
7.264660
7.504680
6.547220
7.764301
7.541658
7.836923
8.175342
7.963361
6.984993
7.826300
6.746242
7.507374
7.172931
-6.282926
-7.145198
-8.003670
-7.556728
-7.179000
-7.303174
-7.181637
-7.570258
-7.467100
-7.813409
-7.922660
-7.614117
-7.347491
-8.130550
-7.614380
-6.908767
-6.878346
-6.803896
-7.637377
-7.550439
-7.323781
-7.906213
-7.494123
-7.566522
-7.964729
-7.054462
-7.476379
-7.316851
-6.782346
-7.662184
-7.233236
-6.963637
-7.099546
-7.403248
-7.990040
-7.894149
-7.931004
-6.544844
-8.253394
-6.697992
-7.471184
-7.279045
-6.484022
-6.271254
-7.537280
-7.028078
-7.299365
-7.767571
-7.158988
-6.658991
-6.875454
-7.243489
-6.759418
-7.424724
-7.325540
-7.628662
-7.468322
-8.177506
-8.035749
-7.051020
-8.236540
-7.214133
-7.344094
-7.599487
-7.512337
-7.550125
-7.302117
-6.160697
-7.271875
-7.915648
-6.176457
-7.931679
-7.214778
-6.852278
-7.199143
-7.301006
-6.566897
-7.510651
-7.021576
-7.823671
-6.757403
2.199955
11.323346
11.559796
11.846650
10.885236
10.063962
10.999968
10.441488
10.067673
11.431127
10.330187
11.553991
11.432463
10.713432
11.497704
10.781187
11.093106
10.920959
11.542942
10.928646
10.756955
11.087887
11.417445
11.355831
10.337232
11.644969
10.946579
11.004141
10.887107
10.262513
10.410180
10.528583
11.472074
11.100372
10.626350
10.838329
11.597287
11.343834
11.448819
10.710778
11.091689
10.584388
11.019873
11.564516
11.575907
11.479729
10.473125
11.002954
10.644061
11.353883
11.095803
10.526506
10.673391
10.663038
10.201223
10.573496
11.105660
11.660143
10.734170
10.289453
11.014419
9.515633
10.206538
10.686741
10.951382
11.439513
10.643056
10.076661
10.274863
11.453848
11.626331
10.370280
11.649839
11.116248
10.714957
11.367752
10.250320
10.555036
10.255306
11.455547
10.345049
10.560509
9.828889
11.530276
12.021113
10.760905
12.099277
10.550143
10.007726
10.269404
12.038648
10.316581
10.707632
10.935284
11.504070
11.072984
10.777608
11.213904
11.053647
10.976512
11.146034
10.007399
9.844292
10.935753
11.264962
10.914512
10.691080
9.631091
10.678244
10.462910
9.885545
10.700733
10.463131
11.236579
10.985680
11.062964
10.911362
11.276103
10.327039
11.777611
11.641069
10.972894
11.438831
10.591746
10.994321
10.578921
10.560507
11.719600
11.237543
11.090968
10.989824
10.669112
10.323721
10.903477
10.524834
11.030676
10.985940
11.361496
10.261571
10.976938
10.810594
10.583526
11.829033
11.463624
10.617429
11.247725
11.546241
11.434173
10.992490
11.148449
10.717309
11.035994
10.962958
11.097541
11.471036
10.846173
12.193474
10.567632
10.073790
10.131027
11.846038
11.574064
11.136865
10.819120
10.198476
11.759074
11.054559
10.739960
11.407737
10.727266
10.926388
10.987311
10.696025
10.956251
12.625872
11.575896
11.191234
11.206482
10.480595
10.965328
10.565422
11.141175
11.637531
11.155979
12.016535
11.455043
11.427382
11.327478
11.127706
11.763154
11.166038
11.036480
10.761846
11.150696
11.232706
10.703981
10.766824
10.261124
11.219153
10.864833
11.529954
11.577144
10.178328
10.911558
10.680198
11.283190
10.885068
11.095011
11.317881
11.829694
11.120652
10.559490
11.030758
11.553067
11.292114
10.839818
10.860069
11.267830
10.067729
11.340081
10.874758
11.454214
11.278135
10.205177
11.100437
11.060132
11.728029
10.435222
11.009429
10.437546
11.050496
10.605334
10.456685
10.286846
11.417742
12.046797
10.696530
11.552126
11.548281
11.436444
11.089437
10.961134
11.497512
11.265137
11.565948
11.244605
10.934867
10.933935
10.975436
11.335507
10.856690
10.821507
10.953947
11.883075
10.288531
10.803539
10.623825
11.656355
10.078349
11.965098
11.234011
10.592000
11.452212
10.670480
11.269200
10.847769
10.816909
11.314447
10.458322
10.760887
9.951796
10.236399
11.576730
10.646081
10.806316
10.381467
10.753215
10.041930
10.891711
10.292730
10.778151
11.025231
11.385477
11.610677
10.675822
10.950169
11.907252
10.809452
11.345640
11.629876
11.108513
10.956124
10.978563
11.194404
10.603737
10.749322
11.662000
10.413435
12.275169
9.974276
11.206227
10.827369
10.362321
10.734630
11.031600
10.649554
10.624574
10.921018
12.216333
10.665967
11.680717
9.838101
12.100904
10.400918
11.259760
10.922569
11.274424
10.886063
11.232760
11.936740
11.458143
11.038531
11.107900
11.284412
10.981716
10.040895
11.207674
11.660271
11.285062
11.474449
11.443971
11.184803
11.007456
11.135190
10.416290
10.836167
10.439441
10.546699
10.307215
10.998869
11.113086
10.490498
10.990931
10.845334
10.639856
10.423338
10.645843
11.610304
10.803016
11.410903
11.530370
10.775816
10.411976
11.391693
11.182923
10.543646
10.651528
10.867042
12.286382
10.689566
10.868613
10.742967
11.822974
11.219024
10.484053
10.336243
10.210310
11.089990
11.567425
11.716292
11.111465
11.276198
10.210542
11.819627
10.932804
11.720649
10.009420
11.489839
11.144063
10.627180
11.033618
11.511235
10.851546
9.719589
11.053085
10.992889
10.971925
10.620882
10.727582
11.994391
10.248354
11.013569
11.425058
10.417965
11.561296
10.836185
11.252290
11.776408
11.061702
11.339676
10.879751
10.252912
10.613524
10.538571
10.916989
11.146571
11.025908
11.049593
11.558247
11.079120
11.303372
10.906298
11.280713
12.055014
11.470592
11.891622
10.160430
11.806155
10.736793
10.998312
9.541237
11.014288
11.510582
11.327972
11.125624
11.452091
11.857287
11.399995
11.139297
11.108231
10.850520
10.830387
10.476823
10.421281
10.629570
10.879580
10.667224
10.710157
11.621740
11.725522
10.979693
10.390254
10.889749
11.061923
11.131355
11.384379
11.051120
11.719858
10.493224
11.879939
11.355055
10.452779
10.796978
10.971498
10.828050
11.841630
11.202244
11.551147
11.295012
10.608633
10.456397
11.345954
10.975063
11.869908
10.874801
10.556546
10.265763
10.839779
10.929259
10.936099
11.539534
10.143983
10.430810
11.661343
10.362782
10.981595
10.927815
10.638099
10.831539
10.507373
11.686170
10.814653
11.605006
10.060571
10.262270
12.217970
10.717451
10.030718
10.966982
12.036803
10.441559
10.632844
11.669975
11.092616
11.612973
10.291300
11.273129
10.477444
11.323904
10.318970
10.817267
10.591760
10.378137
10.830863
10.601183
12.028083
11.351875
11.061281
11.016135
10.829452
11.108650
11.362826
11.276381
10.286581
10.917799
10.638655
10.982051
10.486571
11.477962
10.697491
10.322422
10.430271
11.165737
11.710570
11.537238
10.608516
10.964479
11.222804
10.691670
10.838971
11.036817
10.001609
11.187318
10.902604
10.496944
11.407604
11.149470
10.539214
10.241257
10.935207
10.171134
11.535532
10.493982
10.358508
9.965798
11.395068
11.176075
12.040513
10.413694
10.717422
11.020164
11.326385
11.412049
10.757809
11.168394
11.968344
10.507824
10.596933
11.490737
11.260650
10.746849
11.004944
11.070181
10.520587
10.827842
11.316138
11.039576
11.482249
11.272456
11.846500
11.722830
10.256842
10.885142
11.307351
11.025097
11.192980
11.842611
11.164036
10.640606
10.621777
10.175960
10.380896
10.613974
10.738746
10.886784
11.018700
10.634455
12.006386
10.353559
10.340592
10.928101
12.169030
10.668396
10.562585
10.570478
10.785689
9.997048
11.190278
11.146770
10.947720
11.244799
10.223188
12.446753
11.519166
10.733071
11.378606
10.713644
10.274688
10.441262
11.362749
10.798411
10.069830
11.058040
10.673009
10.808751
-3.735407
-3.758696
-5.129143
-4.863709
-4.511998
-3.764240
-4.695558
-4.806053
-4.336634
-3.939309
-3.372737
-4.762525
-4.516550
-5.026419
-4.297734
-4.490927
-3.662642
-4.797175
-4.696597
-4.785004
-4.282082
-3.788969
-4.554468
-3.841563
-4.729709
-5.271468
-4.063154
-4.768637
-4.485518
-5.038475
-3.819270
-5.075847
-4.938777
-3.929193
-4.596206
-4.253140
-3.831234
-3.416267
-4.518279
-3.588553
-4.323139
-3.810110
-3.552448
-3.780624
-4.094367
-4.231453
-4.564914
-5.137609
-3.665446
-4.364804
-4.421563
-5.081580
-4.138900
-4.867441
-4.585267
-4.450558
-4.517947
-4.576217
-4.812460
-4.050396
-3.656198
-4.178463
-4.523901
-4.766222
-4.405890
-4.351847
-3.837558
-3.877459
-3.825838
-4.572916
-4.567235
-4.153470
-4.391664
-4.406776
-3.933279
-4.668944
-4.198284
-5.514471
-3.944964
-4.034245
-4.779001
-3.932566
-4.336150
-4.243109
-4.680719
-3.966157
-4.050513
-4.704612
-4.330534
-4.186470
-3.548900
-4.830617
-3.490568
-4.924873
-4.778148
-3.775454
-4.753949
-3.487217
-4.212756
-3.983139
-4.221324
-5.296996
-4.335473
-4.139353
-4.670293
-4.369400
-3.524232
-3.896418
-3.905856
-4.843017
-4.514612
-4.663819
-4.298521
-4.126424
-3.630497
-4.793662
-4.046038
-4.813667
-3.859434
-4.795698
-5.305692
-5.360696
-4.745619
-3.780506
-4.376623
-4.068635
-3.236132
-4.097858
-3.692411
-4.821484
-4.175060
-3.829744
-4.397617
-3.485844
-5.378403
-4.794738
-4.432608
-5.117928
-4.540011
-4.875243
-4.863339
-4.615009
-4.621363
-4.244378
-4.350141
-4.598306
-4.464580
-4.727927
-5.029759
-4.796080
-3.374763
-5.327270
-4.018165
-4.438559
-4.764158
-4.964953
-4.714957
-4.044111
-4.955393
-4.304590
-4.204219
-4.997784
-3.852003
-3.052680
3.006563
3.292410
3.325998
3.237244
2.842561
2.832593
3.308612
4.031598
2.850487
3.737450
3.371781
3.477816
2.535282
2.906038
3.672869
3.352571
3.780948
3.473581
4.321466
3.437191
3.202749
3.517785
3.778251
3.124584
2.985984
3.597019
3.530870
3.028108
3.272418
3.389220
2.835459
2.559438
2.631678
3.459137
4.438391
2.453636
3.910907
3.730413
3.093321
4.821585
3.634781
3.837547
2.464442
2.319878
3.159405
3.076729
3.569945
3.393366
3.319127
3.372157
3.120674
4.597936
4.244680
2.292477
3.430318
3.022143
3.715871
2.429914
3.557153
3.397372
3.165238
3.699844
4.112857
3.365278
3.351677
3.521356
3.284875
1.802539
4.092589
2.814891
2.416928
2.749810
2.884721
3.460490
3.070972
3.175751
3.335775
2.566556
3.734326
2.829848
4.073024
2.761875
3.022683
3.113481
3.391760
3.189504
3.122765
3.323345
4.194533
3.678560
2.524359
3.978991
2.774623
3.343036
2.896962
3.650587
2.842291
3.136610
3.686698
3.735897
3.625070
2.454920
4.037121
2.598271
2.828892
4.269488
3.279178
2.340939
2.933044
3.870342
3.672167
3.977341
3.114428
3.307421
3.266438
3.070504
2.712798
3.275806
3.446681
3.050535
3.433772
1.745299
3.060203
3.181286
2.681297
3.892250
3.195935
3.185252
3.050902
2.756591
3.765284
3.654226
3.034187
3.954931
3.386037
2.691090
3.258026
2.620759
3.288913
2.472071
2.724315
3.101086
2.567496
3.686134
3.670684
3.006974
2.621035
3.414869
2.763450
4.794793
3.642354
3.276855
3.275900
2.994225
2.955525
3.390425
3.850916
3.391425
3.506374
3.629039
3.514157
2.391856
2.231027
3.772941
3.326317
3.799750
2.933423
2.943220
3.610545
3.602580
2.428382
3.523081
3.341875
4.333184
3.209566
2.371228
3.539922
2.939145
3.111078
3.290889
3.154039
3.966416
2.849813
2.508923
3.260195
3.281367
3.564630
2.921098
3.723976
2.895196
3.448764
3.317564
2.999754
3.296926
2.714035
3.406114
3.376400
3.743475
3.420388
4.318179
4.335082
4.104259
3.175370
3.691570
2.948845
2.984604
3.297204
3.410802
4.017741
3.354319
2.912475
3.245879
3.226700
3.017013
3.088314
3.383524
3.438648
3.709317
3.248867
3.126387
3.472349
3.140388
3.403588
2.612978
3.184627
4.291083
3.122684
2.770417
3.695961
2.608477
3.160306
3.245378
2.574267
3.352660
3.587449
2.594472
2.570187
2.999230
3.232969
2.931751
2.496515
4.358159
2.703484
3.631753
2.892823
2.973425
3.855643
2.881807
3.507995
3.518112
3.493655
3.603907
3.612299
2.914590
4.254374
3.064397
3.878829
3.573827
3.140808
2.841352
3.625582
3.417328
3.344585
3.472431
3.570746
3.241542
3.798226
3.118190
3.966258
4.464506
3.064642
4.011005
3.722148
3.953650
3.563527
2.556177
2.569534
2.664351
3.447741
3.164027
2.860551
2.845589
3.560098
3.762739
2.978812
3.450194
4.184443
2.529983
2.865696
3.988552
3.763970
3.291792
2.729758
2.519529
3.184667
3.096995
3.129685
4.090135
3.462394
3.357401
3.326860
3.680296
3.794916
3.540862
3.322018
2.298093
3.141035
2.618511
3.087940
3.139181
3.633556
4.047686
3.368071
4.171730
3.159478
3.318762
3.261712
3.866749
3.915757
2.922095
2.329028
3.218594
2.620484
3.340499
3.006583
3.848710
3.520784
3.542153
3.188051
3.350091
3.691878
2.055941
3.505873
3.065907
3.738495
3.624679
3.689894
3.636921
5.046184
3.838702
3.469320
2.433602
3.063207
3.069933
3.545774
3.580589
3.789058
3.646846
3.041003
3.412180
3.364181
3.352516
3.495287
3.250615
3.203447
2.135622
3.335601
2.708520
2.740305
2.429484
3.556761
2.878234
3.607638
2.604043
4.104241
2.620931
3.944770
3.245637
3.251611
2.244196
2.718208
2.336394
3.503827
2.927503
3.582391
2.985303
2.725218
3.452841
3.549271
3.501453
2.764066
3.188622
2.423687
3.063312
3.575754
4.364800
3.567772
2.489716
3.089625
3.502032
3.713108
3.096601
2.708483
3.557143
3.251448
3.746734
2.527561
2.761476
3.846233
3.174937
2.946083
3.597444
3.066234
2.953769
2.989937
3.622148
3.350579
3.342745
3.757361
2.546676
2.362414
2.984460
2.884466
3.542876
3.842361
3.658360
2.835109
4.209924
3.368085
3.263335
3.195154
3.440396
3.663389
3.371834
2.886848
3.917467
3.209297
3.923744
2.357776
2.664231
3.952977
3.023664
2.791469
4.321447
3.234552
4.135608
4.291376
3.467726
2.486983
3.455842
3.117304
3.143592
2.963812
3.474382
3.088563
3.421828
3.256966
2.517222
3.854878
3.645617
4.198843
2.675850
3.720952
3.670210
3.804734
3.769355
2.892257
2.777801
3.940484
2.995335
3.520469
3.206929
2.592403
3.190341
4.190544
2.246410
2.725119
3.692586
3.298086
4.172441
3.440334
2.903122
4.696344
3.885356
3.474626
4.254692
3.151800
2.496297
3.029000
3.585666
3.676392
3.669817
2.989266
3.029913
3.538152
4.103084
3.228333
3.608092
3.451861
2.793535
3.334241
3.096832
3.092678
2.731994
3.431305
3.823936
3.363058
3.716200
2.778347
2.866296
3.393371
3.791444
3.397313
2.924853
2.995731
2.483141
2.812821
3.293068
3.347614
3.176734
2.781757
3.471421
2.893097
3.024630
3.585820
2.804031
3.290067
3.400729
3.294580
4.058489
3.721031
3.463565
3.512873
3.676707
2.975047
3.406274
3.763855
3.191768
3.339059
3.719674
3.252836
3.083645
3.342822
3.760944
2.680336
3.410409
3.225579
3.831477
3.207943
3.715461
3.016335
4.231429
4.050321
3.560463
3.844221
2.937094
4.474680
3.388804
2.838625
4.212674
3.254053
3.708050
4.534735
2.751662
2.927749
3.435330
3.416343
3.344888
3.206371
3.008162
3.502650
3.725194
3.427089
3.011997
2.557490
3.660417
3.497013
3.886883
2.756378
3.816301
3.685120
3.582235
3.921357
2.074511
3.051670
3.264587
2.763961
3.334531
2.614674
3.378006
3.513190
3.838077
4.617697
2.850989
3.542811
3.134950
3.760820
4.057816
3.009534
3.279390
3.259630
2.639061
3.674616
2.360236
2.273231
3.662482
3.341915
3.134158
3.977283
3.364409
3.657291
3.450887
3.268492
3.886087
2.916498
2.885669
3.321960
3.566694
3.103725
4.223608
3.171810
2.715883
3.117573
3.385781
3.465381
3.381635
2.512566
2.826278
3.446139
4.060066
2.960420
2.367714
2.844627
2.680387
3.969322
3.241332
2.634849
3.241046
2.922811
2.944097
2.272862
3.139277
2.432092
2.922535
3.117525
3.242921
3.332791
3.090807
2.969652
3.758179
3.254540
3.319966
3.317897
2.775022
3.279839
3.339361
4.277450
3.600153
2.848969
3.064168
3.521561
3.642324
3.694068
2.658868
3.139747
3.275815
3.373472
3.814355
3.079028
3.177100
3.172763
3.043360
3.569307
3.100024
2.630969
2.946588
3.259517
2.644670
3.486524
3.203299
3.948026
4.146517
3.032459
2.831298
3.073538
3.801853
3.897328
2.298275
2.515054
3.662218
3.509385
3.593861
2.153901
3.130848
3.567341
3.531794
3.148620
2.662592
3.402532
3.824113
3.386481
3.340056
3.792111
2.767942
2.750733
3.030404
3.919082
2.747329
3.504084
2.799634
3.459250
3.451636
3.420941
2.505883
2.684524
2.840600
3.668871
3.429316
1.666932
2.269146
3.404837
3.601112
3.593519
2.916972
3.499590
4.095840
3.046633
3.482053
3.003992
2.786591
3.036573
3.894884
3.485480
3.165086
3.470227
3.036066
3.768318
2.650009
3.134396
2.651559
3.769957
3.010490
3.314123
3.551619
2.517022
2.209754
3.974958
2.130056
3.069449
3.119960
3.831759
3.053134
3.735472
3.337754
3.007600
3.257144
3.626979
3.078719
3.536239
3.261990
2.743028
2.789229
3.359303
3.179064
4.130039
2.995921
2.857219
3.890915
3.471936
3.307235
3.385906
3.540817
3.468360
3.025070
3.395641
3.107711
3.650697
3.166060
3.540423
3.078510
3.577567
3.040915
3.049906
3.472432
3.691160
3.831295
3.030196
3.655709
2.954556
3.126016
3.233077
2.800519
3.470609
2.896566
2.909664
4.096269
3.456442
3.803687
3.618787
3.178826
2.956851
3.543573
4.209934
4.156864
3.514987
3.632092
3.087181
3.419548
3.232985
2.695664
3.308031
3.479870
2.625613
3.351636
2.696478
3.977598
3.229292
3.523862
3.328766
3.156457
3.472550
3.532483
2.767266
3.867954
3.350574
3.244927
3.206828
2.365531
3.143642
4.161781
3.806053
3.210984
3.376413
3.924245
3.626945
3.262453
3.595666
4.021872
2.700515
3.846833
3.124979
2.949075
3.365239
3.767429
3.313496
2.877713
3.101050
5.065411
3.210330
4.389157
3.963833
3.632959
3.300554
3.016152
3.029472
3.768949
4.056543
2.640621
3.874716
3.249017
4.663159
3.076627
3.015225
3.239482
3.387475
3.420929
3.268054
2.978357
3.951083
3.127500
19.267999
19.268326
19.540487
18.536625
18.976364
18.897819
18.144022
18.986362
18.870491
19.226018
19.103624
20.005469
18.334275
19.185098
18.784894
19.452929
18.906018
19.274057
18.612307
19.213997
18.545113
19.283814
19.938012
19.036978
19.533838
19.335647
19.005824
19.606596
18.882100
18.560421
18.775347
18.797617
19.107434
18.384454
19.993742
19.229358
19.355217
19.196990
19.220526
18.559154
19.072841
19.625057
18.077757
18.535817
18.656597
18.853433
19.844982
18.891878
18.669316
19.357482
18.464607
17.698157
18.933345
18.890360
19.354041
19.132002
18.473462
18.175088
18.038249
17.972192
18.667111
18.907423
19.561649
19.072237
18.382088
19.002485
19.033911
18.737321
18.842996
18.134604
19.865870
18.339634
19.284960
18.685076
19.087137
19.384908
17.988959
19.400364
18.802967
19.283975
19.119041
19.111857
18.938957
18.296224
19.755673
19.511476
20.105706
19.253220
19.116761
19.764127
18.487043
19.506803
19.003840
18.077072
18.908251
19.010765
18.977654
18.699640
18.713125
19.467690
19.220373
18.319884
18.894521
18.851487
19.101673
19.226266
18.753342
19.601667
18.645933
19.058701
19.650791
19.346613
18.377417
19.228430
19.627775
18.641439
19.351301
19.025537
19.558698
19.450238
19.439179
19.166226
18.507612
18.731285
18.771223
19.061656
18.804814
18.726804
19.682214
17.529886
19.561996
18.822056
19.207486
19.495375
19.126518
18.438845
19.192105
19.550092
17.935195
19.831356
18.896604
18.672616
18.547855
19.085215
18.218671
19.293935
18.692939
19.736985
18.880837
18.611963
18.997181
19.335528
18.810472
18.935667
18.477763
18.639134
18.955038
19.212309
19.462328
19.152394
18.716291
19.177952
20.147748
19.231897
18.731497
18.836649
19.397918
18.732792
19.403448
19.790751
19.083829
19.601047
19.589217
19.659505
19.034601
19.330428
18.800817
19.567625
19.068989
18.679598
18.509171
19.183855
18.807467
17.918436
18.955776
19.051493
18.220175
19.266035
18.572970
19.396594
18.949221
18.679299
18.816869
19.418696
18.559694
18.799204
19.542525
19.088752
19.751143
19.201741
19.456373
19.116693
18.449539
18.943827
18.970375
18.820533
19.270041
18.979085
19.838454
19.146439
19.558990
19.169242
19.158712
18.718860
19.162434
18.899816
19.420639
19.205244
18.918655
19.702445
18.861908
18.336154
19.091882
19.330844
19.141656
19.658580
18.243181
18.719005
19.644092
18.448308
18.661326
18.247475
18.356035
19.497484
18.566535
18.872241
19.292864
18.612351
18.972805
19.216894
18.235923
18.368651
18.910493
18.704304
18.005917
18.854936
19.052871
18.865105
18.592263
18.309260
19.019713
19.160065
18.838228
19.508541
19.528560
18.940342
19.089074
17.306716
19.771172
18.913074
19.215277
18.701297
19.051633
19.042235
18.749223
18.448085
18.570508
19.606357
18.126092
19.624674
18.470877
19.029915
18.777282
19.171047
18.414606
19.268321
18.219173
18.845765
18.785344
19.382468
19.408795
19.381535
18.543968
19.650184
19.069083
19.259414
19.865736
19.452042
19.066907
19.821379
18.492006
18.815186
18.520369
19.001518
18.345338
20.178204
19.146963
18.426296
17.940662
18.688233
19.044196
18.803592
18.655457
18.500363
19.356422
19.771291
18.659340
19.840330
18.825411
18.252127
19.266368
18.278947
19.537077
18.529781
19.207404
19.378947
19.569878
18.357169
18.632868
18.874109
18.771273
19.548774
19.525431
18.948834
19.179333
18.579546
18.747439
18.660298
18.963635
18.935655
19.914299
19.046626
18.403326
19.493875
18.484089
19.189499
19.388585
19.422854
18.150900
18.895204
18.763356
19.050172
18.993487
19.587805
19.566306
19.253891
19.483634
19.124096
17.955097
19.097112
18.944907
18.585055
18.794322
19.183899
18.362954
19.632899
19.493698
19.230480
18.891774
18.857739
18.740469
18.883314
20.070014
19.333198
18.971846
19.594634
18.915492
19.329144
19.341498
19.588563
19.691548
18.785295
19.567589
19.760072
18.776004
19.987981
19.426439
19.673475
19.981248
18.824796
18.874799
18.845137
19.437524
18.897938
18.524604
19.319753
19.713372
19.506520
19.052144
19.411487
18.821550
18.771878
18.699727
18.394402
19.304945
19.535525
18.804630
18.892118
18.751240
19.229218
18.543910
19.826854
19.571265
19.079117
18.380087
19.403276
19.266614
19.697914
19.007037
18.805403
18.358119
18.214748
18.571827
18.776642
19.520230
19.012549
18.642011
19.522622
19.831435
18.501516
18.413205
18.649269
19.456488
19.075031
19.508397
18.883182
18.165732
19.331470
18.546957
18.484451
19.097107
18.485553
19.834734
19.269467
18.920694
19.421569
18.519155
18.631502
19.394913
18.602125
18.758194
18.500259
19.006730
18.870856
18.115549
18.745888
19.140620
19.304706
20.353488
19.676696
8.581184
7.771924
7.329120
8.011044
8.281858
7.858073
7.586097
8.151490
7.256475
7.537720
7.701477
6.725547
8.061430
6.909622
7.647470
7.036566
7.819860
7.056516
8.104510
7.266337
7.497642
7.187525
7.446715
8.078058
8.067877
7.851679
7.940422
7.373399
7.498160
7.825625
7.374068
7.795869
8.709668
7.446085
7.126398
7.955900
8.337180
7.456472
7.819257
7.041889
7.619692
7.676137
7.868429
8.266230
8.492831
8.379921
7.673220
7.076880
7.152588
8.146273
8.502700
7.906278
8.251018
6.558380
7.755483
7.346385
7.017351
7.888184
7.019845
7.312884
7.173445
7.701027
7.717483
8.227838
8.430106
7.172654
7.620760
7.664873
7.274752
7.806760
8.322733
8.290465
7.933420
8.122351
7.835381
6.598810
7.546873
7.308771
7.787910
8.027222
6.706334
7.416140
14.485853
15.246735
15.486508
15.379295
14.868709
15.839194
14.933651
15.298037
15.677755
15.570064
15.876949
16.084696
15.408096
16.465041
15.936239
15.252649
15.486070
15.082668
15.340288
15.688418
14.441853
14.906466
14.484798
14.894606
15.986508
14.938834
14.631816
15.239908
14.781658
14.887928
15.561191
15.523184
15.833193
15.123470
15.559256
14.456001
15.987748
14.671248
14.751621
15.802245
16.059265
14.853771
15.165092
15.662017
15.808866
15.480423
15.299638
15.560391
15.776274
15.096887
15.991675
14.866974
15.655482
14.966058
14.390957
15.699024
15.481653
15.265876
15.500080
16.190991
15.852991
16.154747
15.728485
15.796084
14.634490
15.973487
15.634713
15.498301
15.100567
14.948175
16.262634
14.546908
16.003484
16.311187
15.192059
15.060128
14.833577
16.807081
14.360057
15.252501
15.650181
15.204838
15.858308
15.430158
15.343607
15.167732
15.869838
15.753522
15.557533
15.298947
15.503767
16.767493
15.773763
14.232412
14.610941
15.714107
16.146085
14.990521
15.148850
15.094060
15.230929
15.884826
16.283134
14.254645
15.996102
14.611280
16.314424
16.011438
16.076783
15.026406
14.875528
15.577128
15.842642
15.080343
14.841341
14.963858
15.498929
15.074852
15.866518
15.060325
14.682257
15.456432
15.185843
0.193352
0.361252
0.736853
0.334735
-0.211017
-0.882140
-0.227320
-0.473787
0.486414
-0.295852
-0.044301
0.371328
0.293858
0.126511
-0.369679
-0.261467
0.913222
-0.622263
0.330960
-0.319578
-0.393691
0.286812
-0.718058
0.754705
-0.272560
0.323638
-1.249147
-0.120645
0.971623
-0.497619
-0.131215
-0.367474
-0.580588
0.314579
-0.008309
0.328899
-0.677718
-0.179332
0.163364
-0.205521
0.260169
0.386657
0.460941
-0.450805
-0.647383
-0.548937
-0.286656
0.541850
-0.100525
0.194879
0.080616
-0.356625
-0.110484
0.465005
0.123017
-0.160748
-0.208063
-0.065303
0.612000
0.174431
-0.291854
0.053414
-0.360844
1.264515
-0.102079
-0.349648
-0.202927
0.316162
-0.164607
-0.205201
-0.192421
0.853939
-0.135259
0.191749
0.687462
-0.752608
-0.104302
-0.534613
0.249726
0.662985
0.348373
0.246666
0.598391
-0.696169
0.185805
0.010505
-0.058257
-0.299674
0.148608
0.142628
0.406932
0.173618
-0.215645
1.281307
0.178879
0.061905
0.092089
0.278237
0.077376
0.420517
-0.805883
-0.065941
-0.171225
0.234648
0.648406
-0.081339
-0.082356
0.265609
0.802555
0.345740
0.176843
0.459268
-0.748537
0.136441
0.557392
0.234717
-0.204630
-0.652475
0.337473
0.409403
-0.515115
0.740282
0.501628
-0.605474
1.122625
0.901592
-0.197431
0.097485
-0.157331
1.058044
-0.315973
0.436202
0.645807
0.127952
-0.332291
-0.733126
0.354824
0.658807
-0.522009
-0.554739
-0.253134
-0.233118
0.198852
0.000999
-0.569811
1.120753
0.342326
0.526574
-0.002191
-0.850465
0.366159
0.376398
-0.124039
-0.379279
-1.281943
0.467397
0.091237
0.981826
-0.006466
-0.925297
0.245230
-0.138373
-0.973343
-0.566132
-0.785825
-0.327692
0.397476
0.407825
0.164167
-0.545547
0.140312
-0.197038
-0.368115
0.075945
0.062675
0.240305
-0.730276
-0.198056
-0.317949
0.430526
0.234954
0.049087
-0.099576
-0.221152
-0.320858
-0.119015
0.478139
0.164838
-0.382851
-0.432815
0.385756
-1.011509
0.594728
-0.051435
1.098533
0.230243
0.832315
-0.487905
0.415635
-0.256310
-0.811568
-0.490552
-0.233403
-0.073846
-0.060220
-0.354116
-0.037456
0.459448
0.284560
0.306137
-0.237267
-0.402699
-0.014585
-0.040927
0.537998
0.351604
0.421910
0.087026
0.415355
-0.315528
0.040567
0.102833
1.383713
-0.657691
0.330854
-0.382876
-1.066701
0.617670
-0.531131
-0.114391
0.305880
-0.118496
-0.115245
-0.194047
-0.196438
-0.247110
-0.313300
-0.211642
-0.106151
-1.012836
-0.302165
-0.932100
0.299859
1.055088
-0.526490
-0.469897
-0.213525
-0.374042
0.261321
-0.307791
0.641581
0.852521
-0.525185
-0.046900
-0.296414
0.071701
1.426021
-0.880716
0.127693
-0.111200
-0.415913
-0.080100
0.630782
-0.020283
0.262614
0.889307
0.574448
0.422401
-0.274045
-0.136802
-0.166952
-0.204986
-0.785026
0.327723
0.384970
-0.005103
-0.159290
0.913243
0.550769
-0.021939
0.812709
0.048219
0.408802
-0.187106
0.072799
0.159372
0.194469
-0.079158
-0.655949
-0.479782
-0.100941
0.994494
-0.069692
0.686819
-0.911856
0.364055
0.123876
0.668392
0.926364
0.815155
0.478323
0.581193
-0.113806
-0.412554
0.229223
-0.222467
0.217282
0.296874
0.310069
-0.337864
0.279963
-0.250416
-1.094105
-0.554343
0.662030
-0.620747
-0.202049
0.517423
0.793265
-0.292071
-0.320040
0.645855
-0.343690
0.103888
0.950063
0.417391
-0.521243
-0.049514
-1.029113
-0.166499
-0.577604
0.699340
-0.249587
0.393856
1.145568
0.345159
-0.259830
-0.320089
0.592664
0.309902
-0.278603
-0.064841
0.548292
0.144373
0.090389
0.297618
0.558452
0.652077
-0.607070
0.085368
-0.186119
-0.282638
0.997955
0.871682
0.448528
0.242709
0.102568
-0.519023
0.705638
-1.231291
-0.015662
0.223921
0.222260
-0.395746
0.607594
0.377769
0.146403
-1.236086
0.357717
0.006900
-0.628311
0.063112
-0.385787
-0.023573
-0.677007
0.771523
0.431189
-0.139016
-0.903314
-0.310243
-0.200599
0.042151
-0.336621
-0.040430
0.181007
0.236991
-0.188354
0.490231
-0.104173
-0.448842
-0.663070
0.914760
-0.714800
0.363116
-0.482581
-0.943254
-0.850913
-0.349486
-0.153041
-0.613690
-0.147793
1.077375
-0.076718
-1.086703
0.123164
-0.090510
-0.019768
1.103649
-0.767281
0.274350
-0.357060
-0.098924
0.237885
-0.870872
-0.159793
-0.298917
0.656061
0.251223
0.390796
0.455835
0.405008
-0.423266
0.245902
-0.342440
0.087732
0.033094
-0.319908
-0.532686
1.255808
0.169223
0.505992
-0.935635
0.048478
-0.490847
0.220704
1.186317
-0.675463
0.477112
-0.405071
-0.547217
-0.750763
-0.934645
0.329286
-0.127201
-0.225974
-0.020933
-0.595376
0.415542
0.070431
0.386355
0.019686
-0.025764
0.344238
-0.001519
0.253881
-0.004501
0.393400
-0.175283
-0.159420
-0.619241
-0.129914
0.013177
0.114995
-0.586629
-0.762289
0.662650
-0.900317
-0.026110
0.134213
-0.834765
0.063474
0.520626
0.179107
0.051072
0.636383
0.058536
-0.005337
-0.346099
-0.345252
-0.355840
0.718646
0.543492
0.034251
0.883452
0.565202
0.377317
-0.027062
0.084827
1.119929
0.710320
0.161705
-0.442327
0.931092
-0.474444
-0.444568
-0.467429
0.120678
-0.140171
-0.080596
-0.399147
0.388360
-0.959591
0.703992
0.084700
0.568871
-0.693664
0.680768
0.092590
-0.003437
-0.197027
0.627604
-0.225632
0.673940
0.051322
-0.253830
-0.260003
0.541905
0.350413
-0.070772
-0.067135
0.896020
0.121250
-0.389405
0.065882
-0.056668
-0.639303
0.109923
0.865277
-0.659083
0.034458
-0.260329
0.047403
0.295820
-0.241303
0.173270
0.945494
-0.543755
0.608126
-0.207462
0.405704
1.082258
-0.124121
-1.047864
0.116936
0.197512
0.833379
-0.310448
-0.367066
-0.166265
-0.379658
1.180705
-0.861979
0.092069
-0.054922
0.069225
0.129429
-0.901082
0.499023
0.259148
-0.733226
0.312056
-0.166216
0.309179
-0.337497
1.019269
1.431898
0.104566
-0.484985
-0.355359
0.224843
-0.136913
0.829952
-0.125475
-0.055152
0.730295
-0.752684
0.209648
-0.734320
0.166815
-0.579561
-0.394254
0.497375
0.157767
0.472387
0.268011
-0.679134
0.191739
1.059016
-0.353857
0.508367
-0.244268
1.049758
0.499536
-0.047060
0.215786
0.689511
0.634051
-0.188715
-0.341264
0.560475
0.385252
-0.339819
-0.647969
-0.754777
-0.625598
-0.273647
-0.560419
0.178161
-0.127832
-0.232619
-0.141084
0.105860
-0.525546
-0.656547
-0.634898
-0.027322
-0.592773
-0.544668
0.316289
-0.352967
0.737960
-0.314788
0.918607
0.018506
0.020477
-0.607212
-0.417190
0.203365
-0.369319
0.829652
-0.965342
-0.007980
-0.819498
-0.061975
-0.631671
0.235021
-0.139084
-0.006376
0.688171
0.330078
0.706760
-1.550053
-0.187755
0.911210
-0.219630
0.098171
0.567328
-0.831344
0.025704
0.187387
0.122067
0.541041
-0.069006
0.858797
-0.206877
0.578852
0.312898
0.399714
-0.379025
1.540463
-0.294812
0.335247
0.054790
0.600318
-0.372746
-0.002900
-0.119925
0.572937
-0.343221
-0.214503
-0.717432
0.679944
0.325107
-0.367728
0.503969
-0.232946
0.250186
0.231509
-0.148634
0.595683
-0.323508
0.334864
-0.138185
-0.770909
0.273525
-0.267689
-0.766016
-0.010910
-0.278285
-0.500654
0.877287
0.447008
1.133425
0.259754
0.005601
0.135727
0.593310
0.537414
0.117384
-0.411678
-0.068502
-0.626524
-0.496696
-0.091749
-0.017223
-0.237424
-0.034098
-0.188167
-1.156374
0.673713
0.182211
-0.060232
-0.153241
-0.333558
0.159362
0.040383
-0.299618
-0.907783
-0.747895
0.396483
0.156265
-0.397439
0.340884
-0.945991
0.629697
-0.221041
0.560028
-0.618533
0.314827
-0.299124
0.286815
-0.327330
-0.107534
-0.411442
-1.243645
0.209369
-0.446053
0.223942
-0.324773
-0.358451
-0.964042
-0.028039
0.765794
-0.130642
0.436608
0.008965
-0.209609
-0.219377
0.113066
0.790208
-0.802271
0.321553
-0.430711
-0.487462
0.235826
-0.045215
0.261563
0.089608
-0.306808
0.156709
0.295930
0.560669
0.482324
-0.446087
-0.350709
-0.494023
-0.032269
0.069571
-0.627241
0.147678
0.843725
0.613999
-0.271787
-0.691684
0.070510
0.274354
0.299513
0.934968
-0.370172
