-0.224420
-0.170886
-0.129264
-0.058835
-0.020220
0.017097
0.085510
0.163177
0.184961
0.190597
0.208470
0.218063
0.259294
0.311403
0.353676
0.400211
0.411539
0.408843
0.411998
0.407344
0.412272
0.418237
0.415750
0.411168
0.404636
0.395398
0.384007
0.370226
0.352397
0.331498
0.308282
0.282213
0.267853
0.256894
0.242458
0.229375
0.210069
0.188382
0.168336
0.147214
0.117627
0.084107
0.049851
0.012542
-0.023231
-0.059860
-0.099720
-0.141194
-0.125086
-0.085575
-0.050243
0.000375
0.034537
0.068417
0.118797
0.174323
0.184643
0.179885
0.182535
0.176485
0.191216
0.211497
0.221934
0.232984
0.230877
0.222417
0.215081
0.203851
0.193421
0.181626
0.165776
0.147646
0.137702
0.129743
0.119038
0.108962
0.093532
0.075829
0.058985
0.040874
0.057289
0.087892
0.115702
0.152628
0.180249
0.207886
0.245339
0.285992
0.311400
0.332861
0.358369
0.382134
0.415567
0.452724
0.487694
0.524502
0.446404
0.320044
0.200523
0.049129
-0.073329
-0.197687
-0.356233
-0.527151
-0.454677
-0.288059
-0.145015
0.057889
0.179815
0.292841
0.471136
0.664457
0.641206
0.539757
0.463719
0.338916
0.300454
0.278569
0.202684
0.120732
0.129664
0.168705
0.197119
0.244744
0.248337
0.241072
0.255508
0.269427
0.250270
0.219094
0.188982
0.150188
0.125473
0.102792
0.070525
0.036625
0.009418
-0.016722
-0.044918
-0.072781
-0.106695
-0.143246
-0.179207
-0.216792
-0.245702
-0.271620
-0.299589
-0.326110
-0.356086
-0.387071
-0.416425
-0.445923
-0.481434
-0.519399
-0.557241
-0.596818
-0.634580
-0.672369
-0.712031
-0.752311
-0.734685
-0.692909
-0.654283
-0.599548
-0.560003
-0.519704
-0.462102
-0.398391
-0.357075
-0.320591
-0.276683
-0.234252
-0.175425
-0.109528
-0.045808
0.022035
0.063023
0.094284
0.130955
0.162526
0.203832
0.247465
0.285441
0.323131
0.378059
0.439587
0.500032
0.564934
0.623681
0.681784
0.744757
0.808850
0.795918
0.751254
0.711108
0.649857
0.609807
0.569365
0.506200
0.435427
0.394374
0.359997
0.316283
0.274871
0.212240
0.140672
0.072327
-0.001082
-0.005447
0.017536
0.032325
0.063754
0.074647
0.083732
0.110862
0.142649
0.139546
0.125692
0.118305
0.104938
0.109854
0.120433
0.124083
0.129375
-0.012796
-0.217676
-0.414555
-0.653030
-0.856288
-1.063207
-1.314640
-1.583000
-1.441840
-1.139076
-0.871846
-0.500641
-0.258099
-0.025343
0.320310
0.695790
0.658091
0.470518
0.332533
0.101663
0.033104
-0.004669
-0.145197
-0.297834
-0.272569
-0.188164
-0.124779
-0.023786
-0.008316
-0.013838
0.023092
0.059191
0.109052
0.168874
0.227581
0.291939
0.364980
0.444245
0.528976
0.619869
0.694569
0.765846
0.844242
0.922350
1.011831
1.106770
1.200975
1.298631
1.244186
1.126561
1.019060
0.870154
0.761158
0.650814
0.495968
0.325781
0.218636
0.126412
0.015237
-0.090335
-0.239050
-0.405503
-0.564445
-0.733073
-0.695938
-0.574994
-0.472889
-0.317737
-0.219333
-0.122211
0.032120
0.204183
0.281426
0.332689
0.406852
0.468544
0.587167
0.726596
0.850842
0.984406
0.839018
0.577696
0.337927
0.023461
-0.219167
-0.463949
-0.788980
-1.141559
-1.006868
-0.686251
-0.415798
-0.027966
0.191577
0.389206
0.715200
1.067725
1.014048
0.813558
0.659066
0.412334
0.327783
0.273884
0.117876
-0.050043
-0.051508
0.001459
0.034108
0.101246
0.086019
0.049757
0.052585
0.053467
0.034357
0.009968
-0.015262
-0.045442
-0.060817
-0.072301
-0.089553
-0.105868
-0.126677
-0.149570
-0.171345
-0.194098
-0.216618
-0.239379
-0.263152
-0.287445
-0.274816
-0.246828
-0.220978
-0.184929
-0.158628
-0.131922
-0.094256
-0.052769
-0.025803
-0.002064
0.026344
0.053688
0.091454
0.133650
0.174333
0.217552
0.131550
-0.008407
-0.140179
-0.307436
-0.441425
-0.577022
-0.750720
-0.937861
-0.786653
-0.501811
-0.245776
0.096451
0.332487
0.560680
0.882446
1.229107
1.206786
1.049039
0.933715
0.733908
0.675226
0.641494
0.514561
0.374607
0.381756
0.435527
0.468735
0.530618
0.516470
0.481230
0.478788
0.472367
0.770379
1.199536
1.611708
2.110345
2.541301
2.982178
3.515345
4.085263
5.779377
7.978829
10.168587
12.710069
13.144930
12.847226
13.004368
12.788687
13.324842
14.054354
14.369130
14.677659
14.590209
14.287427
13.991956
13.556757
13.644299
13.889562
13.967704
14.103998
13.984250
13.765112
13.615884
13.422713
13.532040
13.756888
13.923763
14.152136
14.286886
14.404479
14.589310
14.784797
14.840431
14.848672
14.874509
14.870813
14.931336
15.007207
15.049880
15.092419
15.150369
15.211298
15.271161
15.333598
15.382161
15.425914
15.472922
15.517591
15.573410
15.633221
15.690158
15.748922
15.803763
15.857488
15.913251
15.968944
15.872320
15.711068
15.556326
15.357940
15.197040
15.032327
14.820871
14.591708
14.547457
14.568640
14.563148
14.596550
14.554352
14.495388
14.479733
14.466644
14.457975
14.456976
14.458787
14.465855
14.487325
14.517685
14.552888
14.595843
14.631381
14.667907
14.712817
14.760971
14.819679
14.885286
14.953863
15.028055
15.025974
14.994384
14.971918
14.931430
14.915618
14.902826
14.870386
14.833614
14.833929
14.845913
14.851658
14.864143
14.857634
14.845541
14.841195
14.835517
14.831729
14.828942
14.824757
14.820645
14.817158
14.813824
14.810528
14.807386
14.909065
15.055421
15.197418
15.369596
15.483277
15.585750
15.721953
15.861062
14.369272
12.188473
10.636367
8.856195
2.708558
0.861886
-1.597020
-2.763409
-3.732460
-4.076682
-3.782413
-2.902768
-3.167273
-3.576685
-3.325730
-2.982850
-3.110986
-3.326535
-3.421369
-3.555678
-3.290127
-2.860153
-2.487323
-2.019416
-2.157914
-2.515932
-2.749837
-3.098015
-3.226902
-3.302888
-3.505635
-3.714307
-3.601645
-3.368455
-3.156261
-2.862494
-2.690455
-2.534207
-2.288436
-2.024863
-2.045038
-2.168126
-2.259840
-2.416477
-2.460556
-2.483842
-2.578937
-2.682926
-2.739781
-2.788353
-2.848733
-2.905265
-3.003249
-3.118317
-3.227709
-3.347080
-3.382602
-3.386523
-3.404345
-3.404394
-3.432455
-3.465580
-3.479209
-3.489881
-3.553563
-3.636350
-3.713636
-3.803147
-3.871143
-3.935130
-4.012657
-4.091788
-4.070928
-4.009709
-3.954569
-3.872514
-3.820301
-3.768816
-3.688232
-3.598768
-3.203014
-2.669691
-2.140151
-1.515321
-0.057457
1.799115
3.718381
5.939372
6.314663
6.052643
6.183038
5.986312
6.540003
7.301253
7.694642
8.108232
8.251301
8.249779
8.277910
8.222255
8.140284
8.010992
7.796338
7.520401
7.500903
7.552763
7.529449
7.534743
7.394441
7.197635
7.036123
6.847731
6.930209
7.119081
7.268732
7.480234
7.611399
7.733212
7.922203
8.126890
8.185710
8.196931
8.231223
8.237580
8.314338
8.410404
8.474701
8.541983
8.495981
8.399811
8.311363
8.190697
8.090731
7.985293
7.845672
7.691134
7.591330
7.504205
7.399006
7.297855
7.159086
7.004293
6.855168
6.696962
6.710241
6.792831
6.858673
6.968027
7.028958
7.087903
7.193845
7.313726
7.353097
7.369721
7.404618
7.428105
7.498404
7.585210
7.658332
7.738324
7.750536
7.735678
7.730746
7.710174
7.708376
7.708289
7.691283
7.669866
7.688143
7.719452
7.744350
7.776830
7.790432
7.798876
7.815931
7.832235
7.788098
7.718802
7.651402
7.566620
7.498385
7.429245
7.341413
7.246956
7.271803
7.342330
7.400706
7.487951
7.534393
7.575715
7.648584
7.728156
7.705129
7.644928
7.596340
7.524410
7.493181
7.469562
7.420117
7.367558
7.357246
7.360716
7.358936
7.365855
7.351811
7.332367
7.322790
7.312661
7.320430
7.336600
7.351505
7.371705
7.390020
7.409881
7.435293
7.463592
7.482010
7.498165
7.517778
7.536755
7.562519
7.591240
7.619037
7.648546
7.666417
7.680041
7.695931
7.709562
7.727347
7.746081
7.762316
7.778372
7.801772
7.827948
7.853602
7.881113
7.905921
7.930394
7.956902
7.983832
7.980601
7.964951
7.951054
7.928890
7.915051
7.901065
7.878176
7.852312
7.838032
7.826344
7.811005
7.796555
7.773811
7.747567
7.722572
7.695589
7.696626
7.708786
7.717691
7.733390
7.740801
7.747524
7.761613
7.777635
7.779621
7.777322
7.777687
7.775693
7.781142
7.788936
7.793986
7.799755
7.733713
7.637162
7.544430
7.431422
7.335679
7.238184
7.118986
6.991561
7.039952
7.156999
7.257776
7.402420
7.490142
7.572477
7.702547
7.844377
7.813318
7.719262
7.645212
7.531845
7.485866
7.452254
7.375197
7.292586
7.283143
7.297630
7.302867
7.323129
7.307320
7.282224
7.274164
7.265181
7.282909
7.313373
7.341865
7.378316
7.412558
7.449381
7.494522
7.544177
7.537602
7.510097
7.489757
7.456702
7.444041
7.434857
7.411689
7.386361
7.373921
7.364471
7.352118
7.341295
7.321097
7.297320
7.275508
7.251863
7.223078
7.191455
7.158170
7.122305
7.086554
7.049465
7.009687
6.968149
6.974575
7.000300
7.022115
7.056388
7.076564
7.096165
7.129241
7.166287
7.160922
7.140799
7.126722
7.103812
7.098986
7.098356
7.087849
7.077021
7.054220
7.025127
6.996140
6.962982
6.929447
6.893808
6.853868
6.811072
6.812955
6.832055
6.846237
6.871127
6.881198
6.889460
6.909406
6.931906
6.950166
6.969057
6.990867
7.013766
7.043620
7.077253
7.111737
7.149089
7.189477
7.232592
7.278552
7.327322
7.378312
7.431865
7.488253
7.547284
7.528154
7.477304
7.432582
7.367327
7.324369
7.281925
7.217313
7.145870
7.120018
7.108015
7.086800
7.072983
7.034998
6.989221
6.952070
6.912380
6.975148
7.081235
7.180343
7.307632
7.410284
7.514921
7.649736
7.795712
7.072757
5.988499
4.953501
3.678140
2.354317
0.902452
-0.795748
-2.663896
-3.463843
-3.914998
-4.590093
-5.083913
-5.987384
-7.003925
-7.816934
-8.639704
-8.694765
-8.406189
-8.159202
-7.687585
-7.349955
-6.968475
-6.349019
-5.621945
-5.726772
-6.109941
-6.343946
-6.733007
-6.747297
-6.658989
-6.746163
-6.820241
-6.882424
-6.951992
-7.009910
-7.065073
-7.163714
-7.278330
-7.388126
-7.507961
-7.520584
-7.491783
-7.477958
-7.439740
-7.435516
-7.435911
-7.409709
-7.377954
-7.407739
-7.458291
-7.500230
-7.554752
-7.581105
-7.600456
-7.633980
-7.667270
-7.606104
-7.506138
-7.410116
-7.287588
-7.192020
-7.095920
-6.971251
-6.837032
-6.748236
-6.671266
-6.582225
-6.498399
-6.385955
-6.262501
-6.145583
-6.023257
-6.061726
-6.166771
-6.259337
-6.394816
-6.498064
-6.606385
-6.760421
-6.932873
-6.659684
-6.210347
-5.799651
-5.275664
-4.184371
-2.802693
-0.485398
2.426151
4.413743
6.385741
9.020164
11.831302
12.080752
11.393167
11.004226
10.031994
10.625083
11.642498
11.990991
12.419455
12.009518
11.209489
10.523075
9.613424
9.742275
10.220425
10.423613
10.783457
10.715660
10.510197
10.483155
10.422235
10.361648
10.304221
10.213128
10.109226
10.027170
9.944842
9.848044
9.747277
9.769125
9.839754
9.900871
9.993784
10.048861
10.101732
10.189073
10.286040
10.333709
10.368562
10.415780
10.457033
10.529694
10.614234
10.691343
10.774182
10.773914
10.740183
10.715909
10.671176
10.649749
10.629653
10.587450
10.538932
10.532633
10.538997
10.536829
10.541434
10.523193
10.497501
10.479739
10.459440
10.431846
10.400799
10.367504
10.330861
10.295992
10.260071
10.220591
10.179291
10.134863
10.087875
10.039110
9.988058
9.934978
9.879776
9.822280
9.762599
9.955288
10.254095
10.539739
10.896234
11.188778
11.485919
11.859056
12.259910
12.115944
11.761194
11.459233
11.023265
10.768420
10.533434
10.152340
9.737564
9.734335
9.874964
9.961819
10.136786
10.136195
10.096500
10.155158
10.218750
10.245557
10.269440
10.300798
10.330071
10.402567
10.493268
10.580007
10.678168
10.657483
10.591162
10.541758
10.465581
10.427779
10.395551
10.334089
10.266863
10.263673
10.281933
10.291234
10.313554
10.306107
10.291147
10.290877
10.290185
10.277758
10.261694
10.245817
10.227072
10.215205
10.204942
10.191415
10.177979
10.164942
10.151772
10.138653
10.125536
10.111423
10.096893
10.082407
10.067640
10.174333
10.332580
10.485298
10.672684
10.830364
10.991063
11.188886
11.400775
11.312021
11.105866
10.927529
10.674178
10.518166
10.371365
10.142936
9.894398
10.001039
10.240741
10.443664
10.730902
10.888468
11.026476
11.257063
11.504145
11.475560
11.347212
11.248562
11.086608
11.034945
11.003690
10.902385
10.792516
10.827902
10.913662
10.983737
11.086126
11.124107
11.148165
11.208325
11.270501
11.280139
11.272190
11.268880
11.253739
11.264124
11.280317
11.283199
11.285843
11.300275
11.318202
11.335267
11.354852
11.367340
11.377896
11.391360
11.404405
11.198007
10.898347
10.607737
10.254039
9.954040
9.648284
9.274977
8.875915
9.102401
9.575834
9.995098
10.573276
10.955148
11.322225
11.861838
12.447145
12.303226
11.888707
11.554301
11.049959
10.817485
10.629539
10.254595
9.849738
9.922574
10.164847
10.354074
10.650712
10.746969
10.802682
10.977803
11.163514
11.163752
11.102680
11.061515
10.980451
10.990337
11.022334
11.009264
10.997010
10.892656
10.744724
10.601250
10.429499
10.267262
10.096293
9.895678
9.679364
9.744082
9.917881
10.063078
10.276979
10.399017
10.511133
10.698105
10.902550
10.924611
10.885181
10.872299
10.822586
10.856117
10.910621
10.923619
10.937600
11.031321
11.155036
11.276001
11.418294
11.529658
11.637564
11.768862
11.905217
11.756895
11.492291
11.245382
10.921366
10.678201
10.435177
10.108990
9.756045
9.838813
10.085630
10.285301
10.587925
10.734627
10.858238
11.094771
11.352020
11.325165
11.199089
11.107606
10.954261
10.923360
10.919232
10.846063
10.769029
10.806610
10.883838
10.951574
11.045987
11.088149
11.119574
11.180792
11.244122
11.239551
11.210232
11.186265
11.145788
11.132749
11.124215
11.097450
11.067943
11.060636
11.059558
11.054541
11.053119
11.038236
11.018894
11.003820
10.987049
11.060893
11.172951
11.279377
11.410909
11.520155
11.631087
11.768925
11.916641
11.850629
11.701155
11.571335
11.388136
11.274176
11.166744
11.001226
10.821382
10.870777
11.004848
11.113744
11.275884
11.351436
11.412430
11.532072
11.660679
11.634782
11.553555
11.488734
11.388607
11.352068
11.327778
11.264327
11.196687
11.223080
11.283373
11.334964
11.408695
11.443871
11.472097
11.524834
11.580662
11.603242
11.615719
11.633023
11.644125
11.673590
11.708473
11.736183
11.765325
11.703935
11.603935
11.509264
11.389180
11.290235
11.188940
11.060470
10.921574
10.974229
11.100624
11.207752
11.361521
11.450832
11.532534
11.665142
11.809020
11.827366
11.802971
11.796059
11.763264
11.786866
11.824188
11.832423
11.840684
11.902752
11.984646
12.064015
12.157299
12.228786
12.297251
12.381040
12.467625
12.222348
11.838797
11.472572
11.013780
10.642720
10.267446
9.792706
9.282959
9.432383
9.835346
10.172859
10.671135
10.946619
11.195713
11.620307
12.083619
12.122382
12.017227
11.971851
11.839513
11.899486
12.006866
12.016409
12.026903
11.938274
11.797556
11.661317
11.492077
11.318267
11.127521
10.902847
10.655317
10.658322
10.753625
10.814196
10.929771
10.952850
10.958670
11.025139
11.099533
11.050532
10.959163
10.881798
10.777473
10.728816
10.692696
10.626376
10.558977
10.653128
10.812315
10.963178
11.158082
11.303686
11.448070
11.640103
11.846619
11.753956
11.545825
11.365964
11.112343
10.959271
10.817412
10.595087
10.354426
10.385889
10.516026
10.614810
10.775308
10.828295
10.861136
10.962249
11.071586
11.067248
11.025625
10.997959
10.946722
10.951379
10.970252
10.962425
10.955819
10.953590
10.950969
10.949209
10.948095
10.939017
10.926943
10.915889
10.903022
10.957053
11.038808
11.115810
11.210864
11.288296
11.366187
11.463487
11.567395
11.544375
11.472500
11.413092
11.322654
11.275067
11.232493
11.156049
11.072079
11.042139
11.028076
11.003624
10.987913
10.941804
10.885758
10.839988
10.790715
10.771105
10.763563
10.751198
10.745576
10.732563
10.719054
10.712807
10.708635
10.685317
10.655593
10.628901
10.598469
10.576822
10.557482
10.533917
10.510564
10.473156
10.429419
10.386476
10.339416
10.294691
10.249115
10.199183
10.147247
10.101914
10.057990
10.011672
9.965694
9.914914
9.861998
9.809622
9.755966
9.766656
9.804182
9.837613
9.888691
9.923123
9.958309
10.012447
10.073241
10.107600
10.135838
10.172255
10.206484
10.259101
10.319382
10.376671
10.438225
10.468255
10.486554
10.510603
10.528264
10.556681
10.587290
10.610868
10.633620
10.675783
10.725075
10.772619
10.824815
10.869406
10.912756
10.961237
11.010513
10.985782
10.930477
10.879228
10.807541
10.756098
10.704119
10.630143
10.548701
10.495265
10.447918
10.391460
10.336943
10.261975
10.178250
10.097344
10.011369
10.038518
10.111724
10.174827
10.267193
10.328206
10.388521
10.480399
10.582060
10.802423
11.081220
11.365277
11.691524
12.007709
12.339940
12.716320
13.117941
12.235148
10.822345
9.491398
7.810905
5.257604
2.177792
-1.225577
-5.105769
-5.349589
-4.303849
-3.911060
-2.806741
-3.130519
-3.797656
-3.671855
-3.520784
-3.764214
-4.079698
-4.345713
-4.666217
-4.628160
-4.457833
-4.358978
-4.190583
-4.167788
-4.181925
-4.118367
-4.054475
-3.911391
-3.726229
-3.543517
-3.333743
-3.361439
-3.477755
-3.555838
-3.684328
-3.730504
-3.761229
-3.847378
-3.941153
-4.011240
-4.080691
-4.159498
-4.239479
-4.349094
-4.472859
-4.596636
-4.730187
-4.662809
-4.514517
-4.385006
-4.204293
-4.081509
-3.961367
-3.785874
-3.594202
-3.611191
-3.703523
-3.769670
-3.882078
-3.911967
-3.925650
-3.990570
-4.060958
-4.084692
-4.096562
-4.116512
-4.129401
-4.174200
-4.230124
-4.277427
-4.329652
-4.396568
-4.471128
-4.550083
-4.636046
-4.720480
-4.808012
-4.902900
-5.002207
-4.897414
-4.708627
-4.533273
-4.302662
-4.127925
-3.952490
-3.717552
-3.462886
-3.290576
-3.137764
-2.960505
-2.790702
-2.564420
-2.315010
-2.075559
-1.823527
-1.961305
-2.260105
-2.529153
-2.902277
-3.172033
-3.443426
-3.826775
-4.247582
-4.262456
-4.134015
-4.062742
-3.905650
-3.916008
-3.963454
-3.915298
-3.861574
-3.783469
-3.682258
-3.575575
-3.453155
-3.302578
-3.132068
-2.946436
-2.742048
-2.895628
-3.191133
-3.451667
-3.801733
-4.042779
-4.275691
-4.605707
-4.961684
-4.933255
-4.763710
-4.638386
-4.425043
-4.358634
-4.318180
-4.180630
-4.029487
-4.042792
-4.109417
-4.154110
-4.231871
-4.227682
-4.201797
-4.213502
-4.222357
-4.194139
-4.152792
-4.110391
-4.057464
-4.022181
-3.989361
-3.944875
-3.898448
-3.852857
-3.805476
-3.755957
-3.704778
-3.648052
-3.587962
-3.526376
-3.461989
-3.413965
-3.371433
-3.325285
-3.281904
-3.231469
-3.178946
-3.129563
-3.079790
-2.611774
-1.965946
-1.337773
-0.589499
0.056765
0.714036
1.499890
2.334810
2.418434
2.218991
2.103757
1.812150
1.787684
1.803153
1.625198
1.411942
1.531351
1.755283
1.926794
2.160206
2.221400
2.232773
2.315233
2.386357
2.450768
2.514538
2.567427
2.614677
2.674324
2.735452
2.790119
2.844045
2.866111
2.873589
2.881621
2.879679
2.882816
2.883500
2.873644
2.858692
3.004144
3.214342
3.412265
3.652292
3.845445
4.037083
4.274229
4.525066
4.411853
4.154973
3.928322
3.608661
3.403889
3.207619
2.910353
2.586262
2.617020
2.775499
2.890109
3.083479
3.135100
3.158669
3.269532
3.389382
3.355430
3.269490
3.200180
3.097297
3.066494
3.052390
3.000556
2.948126
2.938912
2.943812
2.945932
2.958059
2.947767
2.932332
2.928200
2.924093
2.802669
2.632536
2.467578
2.269572
2.103450
1.935955
1.732917
1.517489
1.604329
1.810212
1.989954
2.246365
2.407097
2.560278
2.796743
3.054974
2.955640
2.723181
2.529334
2.251669
2.106314
1.982067
1.765656
1.533932
1.725866
2.081129
2.401541
2.828524
3.110564
3.377182
3.760090
4.169905
4.099944
3.850762
3.651042
3.337581
3.200856
3.091267
2.856709
2.600409
2.564474
2.598883
2.600290
2.643953
2.576031
2.476937
2.426134
2.369456
2.442594
2.573329
2.692768
2.848138
2.981060
3.120071
3.297155
3.490916
3.476707
3.385854
3.321533
3.210563
3.177201
3.157809
3.086993
3.009061
3.027615
3.078443
3.117336
3.176492
3.190045
3.192427
3.217655
3.242540
3.256786
3.268765
3.281029
3.291225
3.310568
3.332863
3.352626
3.373664
3.392955
3.411833
3.432085
3.452543
3.473860
3.495785
3.517897
3.540464
3.575137
3.615194
3.655202
3.698994
3.740336
3.782402
3.828491
3.876372
3.920377
3.963999
4.009675
4.055635
4.105434
4.157217
4.209145
4.262470
4.192283
4.070213
3.954917
3.805110
3.686615
3.565989
3.408343
3.237262
3.278528
3.399931
3.497977
3.646124
3.718968
3.780777
3.897508
4.024464
3.984578
3.884309
3.802253
3.681984
3.628359
3.587111
3.503578
3.414909
3.393029
3.392683
3.383805
3.388461
3.359336
3.321277
3.298615
3.274741
3.257980
3.245309
3.231198
3.219145
3.208869
3.200161
3.193494
3.188619
3.175608
3.160191
3.146995
3.132756
3.122792
3.114392
3.104745
3.095753
3.055746
3.002716
2.951693
2.892136
2.840341
2.788063
2.726633
2.661904
2.622286
2.590838
2.554819
2.523344
2.479915
2.433044
2.391356
2.348993
2.416169
2.530186
2.638823
2.778722
2.892985
3.010419
3.161277
3.325127
3.284149
3.165645
3.069688
2.925306
2.852901
2.790817
2.675681
2.550429
2.589120
2.687210
2.767339
2.885021
2.937428
2.977757
3.059631
3.146610
3.167642
3.167406
3.175628
3.170499
3.198695
3.235710
3.257535
3.280558
3.297128
3.309905
3.324080
3.336389
3.346810
3.355701
3.362753
3.368106
3.381275
3.396779
3.410172
3.424589
3.434957
3.443858
3.453976
3.463497
3.483989
3.508999
3.532927
3.559673
3.583562
3.607442
3.634353
3.662248
3.684769
3.705786
3.728076
3.749634
3.774335
3.800164
3.825110
3.850542
3.843887
3.823714
3.805420
3.778194
3.758939
3.739090
3.709664
3.676730
3.656872
3.639920
3.618695
3.598399
3.568742
3.535085
3.502758
3.468132
3.479020
3.508338
3.533324
3.569922
3.593720
3.617055
3.652928
3.692563
3.619248
3.500964
3.391544
3.252863
3.148894
3.046922
2.913233
2.770659
2.858664
3.037258
3.196461
3.414281
3.558259
3.696233
3.897915
4.116071
4.066731
3.918038
3.798439
3.616336
3.533817
3.467461
3.332340
3.186080
3.258239
3.410833
3.541931
3.724704
3.823290
3.907994
4.049650
4.200118
4.285870
4.354245
4.434986
4.505993
4.618161
4.744590
4.859267
4.979984
4.768327
4.416833
4.085829
3.662818
3.322552
2.976548
2.531897
2.051345
2.224726
2.649085
3.007301
3.524230
3.819044
4.086721
4.527743
5.006286
4.939142
4.675747
4.476099
4.153827
4.051468
3.991968
3.796556
3.586686
3.603240
3.694971
3.760891
3.875034
3.879676
3.857590
3.889939
3.921330
3.863243
3.772398
3.684853
3.573885
3.500130
3.431583
3.337211
3.238233
3.287428
3.394777
3.490763
3.624856
3.710893
3.793136
3.916808
4.051242
4.012490
3.909478
3.825402
3.700932
3.641080
3.591799
3.498067
3.397217
3.411559
3.466873
3.509498
3.578123
3.598710
3.609698
3.649569
3.692145
3.681954
3.653636
3.630623
3.595785
3.584998
3.579466
3.560698
3.541308
3.539568
3.543646
3.546213
3.552732
3.550393
3.545978
3.546024
3.546057
3.549282
3.554333
3.559268
3.565347
3.571985
3.579384
3.587943
3.597411
3.604639
3.611461
3.619331
3.627219
3.636856
3.647357
3.657810
3.668833
3.637025
3.587254
3.539920
3.480669
3.432327
3.383300
3.321487
3.255067
3.277323
3.333797
3.381578
3.451086
3.490898
3.527336
3.587476
3.652975
3.640534
3.599952
3.568466
3.519410
3.501446
3.489440
3.457978
3.424321
3.423246
3.432946
3.438816
3.451554
3.448460
3.441443
3.442189
3.442723
3.432748
3.419025
3.405598
3.389427
3.377946
3.367206
3.353426
3.339197
3.326820
3.314699
3.302008
3.289391
3.274986
3.259793
3.244749
3.229210
3.216045
3.203674
3.190689
3.178067
3.164448
3.150511
3.136986
3.123382
3.108055
3.092002
3.075945
3.059362
3.043248
3.027086
3.010361
2.993423
2.996847
3.008776
3.019603
3.036103
3.047294
3.058769
3.076336
3.096066
3.107907
3.118051
3.130822
3.143080
3.161124
3.181666
3.201450
3.222694
3.234569
3.243063
3.253466
3.262106
3.274162
3.287049
3.297976
3.308821
3.325715
3.344937
3.363796
3.384233
3.402534
3.420628
3.440443
3.460668
3.445844
3.416481
3.389067
3.351957
3.324251
3.296209
3.257741
3.215675
3.187085
3.161440
3.131406
3.102312
3.063420
3.020335
2.978610
2.934461
2.907038
2.885740
2.861223
2.839978
2.812805
2.784303
2.759418
2.734820
2.699718
2.660663
2.622389
2.581482
2.544485
2.508000
2.468627
2.428681
2.438165
2.468107
2.495300
2.536144
2.563590
2.591441
2.633979
2.681538
2.710198
2.734725
2.765381
2.794706
2.837768
2.886699
2.933710
2.984109
3.010571
3.028232
3.050417
3.067868
3.093734
3.121439
3.143918
3.165926
3.202833
3.245305
3.286606
3.331594
3.370950
3.409513
3.452127
3.495497
3.480773
3.442113
3.406773
3.355476
3.320201
3.284616
3.231851
3.173326
3.136991
3.105580
3.067114
3.030303
2.977511
2.917947
2.860730
2.799646
2.819330
2.871817
2.916837
2.982604
3.025853
3.068453
3.133441
3.205266
3.239904
3.264293
3.297541
3.325818
3.376299
3.434835
3.487340
3.543403
3.538052
3.507597
3.483428
3.443665
3.420327
3.397336
3.357545
3.312508
3.286161
3.263529
3.234527
3.206534
3.164007
3.115093
3.067801
3.016666
3.026607
3.060905
3.088607
3.131382
3.156221
3.179793
3.219690
3.264041
3.238242
3.186411
3.142344
3.081953
3.047688
3.017712
2.969774
2.918969
2.927890
2.958980
2.984384
3.024082
3.041182
3.054762
3.084067
3.116022
3.124954
3.126996
3.132899
3.134777
3.149472
3.168145
3.182130
3.197342
3.206772
3.213820
3.222349
3.229781
3.238355
3.247057
3.254586
3.261796
3.274221
3.288593
3.302401
3.317433
3.330546
3.343357
3.357514
3.371899
3.376628
3.377499
3.379033
3.378018
3.379964
3.382046
3.381367
3.379891
3.382114
3.385244
3.387367
3.389878
3.389910
3.388962
3.388515
3.387560
3.387557
3.387775
3.387429
3.387047
3.386107
3.384853
3.383582
3.382097
3.379323
3.375898
3.372307
3.368205
3.364209
3.360001
3.355257
3.350197
3.370699
3.401873
3.431613
3.468451
3.498631
3.529152
3.567296
3.608138
3.589882
3.548552
3.512623
3.461923
3.430392
3.400667
3.354867
3.305103
3.310014
3.334630
3.352658
3.382906
3.391317
3.395465
3.413153
3.432291
3.428120
3.416145
3.406784
3.392410
3.389138
3.388516
3.382247
3.375993
3.384942
3.399770
3.413912
3.432128
3.444968
3.457357
3.474188
3.492129
3.505649
3.518279
3.532283
3.545987
3.563146
3.581781
3.599966
3.619018
3.632854
3.644830
3.657924
3.670069
3.684159
3.698749
3.712283
3.725808
3.742791
3.761129
3.779301
3.798402
3.816338
3.834197
3.853067
3.872208
3.880988
3.885593
3.890934
3.893534
3.899206
3.904979
3.907789
3.909710
3.915741
3.922791
3.928720
3.935085
3.938723
3.941288
3.944411
3.946981
3.848684
3.707269
3.569633
3.402718
3.259912
3.114045
2.936859
2.747467
2.785989
2.912452
3.016203
3.175633
3.258861
3.333352
3.468586
3.617503
3.716073
3.806063
4.007204
4.246287
6.130852
8.745114
15.517285
16.525105
17.696679
16.676958
16.522802
15.727411
16.456385
17.625136
18.071253
18.577392
18.832651
18.932769
19.100094
19.196747
19.192807
19.120063
18.979034
18.766057
18.731988
18.733097
18.651471
18.570070
18.356989
18.079224
17.806713
17.492182
17.645541
17.978850
18.248530
18.625007
18.850062
19.053996
19.374507
19.718689
19.817857
19.836210
19.890558
19.896405
20.019098
20.172593
20.271131
20.373090
20.305451
20.161432
20.027832
19.844914
19.689772
19.524442
19.306944
19.065416
18.905837
18.764343
18.594024
18.428594
18.204947
17.955768
17.713929
17.457084
17.423353
17.478301
17.508154
17.592511
17.610854
17.623992
17.696198
17.784108
17.762156
17.707071
17.673448
17.621798
17.629380
17.655989
17.661553
17.673352
17.652179
17.617671
17.590871
17.557610
17.531864
17.507105
17.475395
17.441985
17.509893
17.619379
17.722683
17.853568
17.956187
18.059050
18.191633
18.333984
18.307608
18.217163
18.144340
18.031125
17.976981
17.930909
17.840619
17.741551
17.819931
17.965020
18.093021
18.263802
18.369955
18.466848
18.610675
18.763290
18.776407
18.739256
18.717588
18.664182
18.667027
18.680573
18.658961
18.633361
18.663755
18.712383
18.754188
18.807565
18.833007
18.851263
18.882648
18.913292
18.921041
18.920091
18.919467
18.912482
18.914311
18.916945
18.912616
18.906634
18.905105
18.903959
18.900855
18.897568
18.889548
18.879220
18.868892
18.856981
18.850073
18.844551
18.837176
18.830191
18.820504
18.809654
18.799310
18.788351
18.772966
18.755463
18.737518
18.717924
18.698976
18.679483
18.658251
18.636093
18.653204
18.686406
18.716942
18.758042
18.788222
18.818425
18.860012
18.905298
18.903897
18.885570
18.873175
18.850428
18.845916
18.844941
18.832511
18.818796
18.827793
18.844638
18.859082
18.878588
18.887921
18.895044
18.907825
18.920901
18.925962
18.928349
18.931432
18.932709
18.937914
18.944017
18.948088
18.952131
18.952619
18.951367
18.950224
18.947934
18.945867
18.943369
18.939676
18.935297
18.932675
18.930353
18.927235
18.924105
18.919542
18.914278
18.909058
18.903377
18.916444
18.937278
18.956826
18.981451
19.001108
19.020895
19.046141
19.073246
19.092532
19.109941
19.129653
19.148637
19.172912
19.199341
19.224807
19.251433
19.174282
19.053417
18.938220
18.793959
18.675666
18.555404
18.403982
18.241128
18.291131
18.423048
18.533706
18.696243
18.787008
18.869294
19.008210
19.159648
19.143567
19.068072
19.013213
18.921554
18.899380
18.891711
18.843116
18.791262
18.809751
18.852310
18.888137
18.939828
18.959052
18.971183
19.001082
19.031779
19.076037
19.128321
19.180988
19.239014
19.299862
19.364461
19.434490
19.508887
19.485312
19.422672
19.368820
19.290027
19.240740
19.193251
19.118741
19.036700
19.005950
18.990634
18.965096
18.947873
18.902977
18.849121
18.804983
18.757851
18.800138
18.880099
18.953183
19.050463
19.126172
19.203312
19.306376
19.418856
19.402790
19.339185
19.291077
19.213674
19.184123
19.162845
19.109302
19.050975
19.050311
19.068526
19.079044
19.101240
19.095221
19.081853
19.081728
19.080808
19.092269
19.110028
19.126534
19.146769
19.167246
19.189441
19.215476
19.243975
19.263512
19.280796
19.301049
19.320560
19.345722
19.373254
19.399800
19.427634
19.345858
19.217944
19.096082
18.943568
18.818550
18.691509
18.531600
18.359669
18.430319
18.595074
18.736663
18.938181
19.059647
19.172681
19.351019
19.544715
19.537316
19.458464
19.404700
19.306833
19.291878
19.294191
19.247475
19.196769
19.231638
19.295857
19.351867
19.427198
19.463238
19.490743
19.539880
19.590061
19.478791
19.301604
19.132631
18.919167
18.752363
18.585432
18.370500
18.140025
18.194826
18.358645
18.493693
18.697794
18.803612
18.896925
19.065727
19.250383
19.225054
19.125800
19.052611
18.933634
18.903263
18.891895
18.829518
18.763723
18.785328
18.837117
18.881197
18.945395
18.969800
18.985886
19.024453
19.064473
19.050759
19.017243
18.987727
18.944944
18.923338
18.904949
18.871945
18.836472
18.818464
18.805184
18.788479
18.774382
18.749318
18.720448
18.694722
18.667390
18.656140
18.651313
18.644154
18.640715
18.632813
18.624508
18.620228
18.616999
18.604413
18.588763
18.574637
18.558734
18.547303
18.537103
18.524882
18.512851
18.491977
18.467214
18.443014
18.416295
18.391291
18.365895
18.337822
18.308609
18.283495
18.259309
18.233743
18.208459
18.180300
18.150903
18.121910
18.092206
18.112558
18.153918
18.192386
18.244769
18.284464
18.324974
18.380413
18.441242
18.478570
18.510005
18.548153
18.583906
18.634932
18.692046
18.746077
18.803265
18.379058
17.751171
17.147285
16.407190
15.785879
15.153823
14.375837
13.543300
12.747216
11.925627
11.044839
10.130768
9.402307
8.730956
8.016680
7.330557
7.088619
7.044327
7.009685
7.118804
7.133750
7.177015
7.373233
7.637832
7.544911
7.348107
7.238718
7.079986
7.118422
7.226885
7.276464
7.354680
7.395043
7.426485
7.488736
7.555908
7.641449
7.740376
7.843849
7.957473
7.959937
7.920341
7.896083
7.846870
7.835539
7.830255
7.797629
7.760213
7.754719
7.757669
7.754067
7.755015
7.735469
7.708642
7.687356
7.662846
7.624846
7.580183
7.532807
7.479726
7.428553
7.375231
7.315900
7.253206
7.314953
7.427437
7.531028
7.667787
7.769393
7.870643
8.007673
8.156038
8.253466
8.338322
8.437391
8.531223
8.658864
8.799941
8.934251
9.075559
9.053692
8.964957
8.890447
8.773376
8.700420
8.627797
8.509327
8.376177
9.095984
10.166989
11.185657
12.436950
13.453754
14.474252
15.745252
17.099740
17.113008
16.621239
16.275715
15.613730
15.431102
15.319628
14.861056
14.338899
14.399250
14.640907
14.788866
15.043602
14.992573
14.851557
14.833511
14.793242
14.827846
14.896916
14.940730
14.997877
15.053038
15.110927
15.182503
15.260972
15.247530
15.199661
15.162997
15.105236
15.080376
15.060816
15.018086
14.971465
14.981615
15.011644
15.035013
15.070876
15.082323
15.088530
15.108670
15.129697
15.128358
15.119394
15.112423
15.100359
15.098756
15.099427
15.094391
15.089100
15.062915
15.027115
14.991906
14.950232
14.911664
14.871450
14.824413
14.774031
14.732417
14.692245
14.648176
14.604055
14.552601
14.497590
14.442808
14.385681
14.398529
14.440077
14.476182
14.530828
14.566367
14.601889
14.657386
14.719350
14.751119
14.775186
14.807409
14.836296
14.884614
14.940502
14.992163
15.047629
15.065600
15.068951
15.077826
15.078230
15.090033
15.103303
15.107356
15.109381
15.132613
15.162941
15.190184
15.221684
15.243354
15.262511
15.286474
15.310264
15.303415
15.283956
15.265676
15.238746
15.220532
15.202097
15.174341
15.143438
15.055778
14.941507
14.826352
14.692340
14.519315
14.320761
14.104361
13.864274
13.744452
13.662812
13.551324
13.457764
9.522277
3.957302
2.587358
1.831969
0.907137
0.642404
1.054483
2.045933
1.530103
0.716096
0.572203
0.414107
0.267031
0.188946
0.101009
0.042377
0.169783
0.389038
0.630528
0.944220
0.904481
0.750547
0.686770
0.570416
0.614417
0.711558
0.748075
0.800680
0.798591
0.774349
0.768637
0.754635
0.750754
0.749256
0.738890
0.726938
0.658649
0.564708
0.471485
0.360580
0.259171
0.153593
0.029309
-0.103884
-0.138985
-0.138504
-0.151621
-0.143464
-0.173118
-0.210331
-0.223999
-0.235194
-0.135068
0.016077
0.165169
0.349083
0.515427
0.690396
0.902153
1.131745
1.098773
0.966334
0.863970
0.699988
0.627556
0.568387
0.441726
0.302256
0.282004
0.299330
0.297720
0.318287
0.277538
0.219086
0.186083
0.149121
0.152889
0.174827
0.191111
0.217818
0.238596
0.261136
0.294676
0.333095
0.344005
0.346662
0.355642
0.360532
0.380001
0.404425
0.424037
0.445468
0.449748
0.447072
0.446981
0.442913
0.443265
0.443907
0.440264
0.435401
0.441019
0.450071
0.457375
0.466654
0.470951
0.473870
0.479034
0.483980
0.504014
0.530602
0.556333
0.586367
0.613215
0.640632
0.672635
0.706520
0.643872
0.541516
0.445307
0.322883
0.227022
0.130830
0.006406
-0.127374
-0.144478
-0.119311
-0.109084
-0.073049
-0.082625
-0.101097
-0.091007
-0.077762
-0.117081
-0.174263
-0.225686
-0.288595
-0.327175
-0.360176
-0.406071
-0.452261
-0.453680
-0.437553
-0.423764
-0.398007
-0.387275
-0.377573
-0.354854
-0.328670
-0.316899
-0.308260
-0.295309
-0.283516
-0.261043
-0.234111
-0.208804
-0.180970
-0.164404
-0.151620
-0.135746
-0.121522
-0.102677
-0.082312
-0.063830
-0.044947
-0.017388
0.013850
0.045115
0.079033
0.110656
0.142549
0.177288
0.213122
0.174547
0.105125
0.040067
-0.045468
-0.111070
-0.177324
-0.265601
-0.361443
-0.337505
-0.268478
-0.212622
-0.128558
-0.087301
-0.052434
0.013374
0.084820
0.052123
-0.018967
-0.079486
-0.164525
-0.209673
-0.248219
-0.313784
-0.383527
-0.412014
-0.427765
-0.449835
-0.464258
-0.500765
-0.543755
-0.577925
-0.613720
-0.579241
-0.514688
-0.454776
-0.375305
-0.311744
-0.246278
-0.159916
-0.065454
-0.002099
0.054028
0.120047
0.183593
0.268606
0.362641
0.453271
0.548952
0.527239
0.457582
0.398189
0.308265
0.250536
0.193287
0.103127
0.002597
-0.044795
-0.077921
-0.124335
-0.164090
-0.236414
-0.320882
-0.397160
-0.479092
-0.413483
-0.286878
-0.172423
-0.018931
0.095930
0.211360
0.368769
0.540216
0.519988
0.429227
0.361595
0.250455
0.211666
0.185724
0.111808
0.031160
0.058838
0.124374
0.177889
0.255502
0.286044
0.306576
0.353987
0.403159
0.411624
0.406440
0.405048
0.394564
0.403714
0.417359
0.420776
0.424025
0.408716
0.384348
0.360527
0.330728
0.302189
0.271441
0.234456
0.193916
0.162435
0.132482
0.098408
0.064257
0.022682
-0.022525
-0.067524
-0.114924
-0.125450
-0.121388
-0.121400
-0.112404
-0.114546
-0.117637
-0.110957
-0.101742
-0.154882
-0.232331
-0.304391
-0.392152
-0.459462
-0.524856
-0.607342
-0.694039
-0.683453
-0.635258
-0.595750
-0.532013
-0.500984
-0.473437
-0.419467
-0.359351
-0.356434
-0.372178
-0.378881
-0.396540
-0.386575
-0.369032
-0.363949
-0.357691
-0.288788
-0.193998
-0.100792
0.010504
0.103956
0.198125
0.311777
0.432166
0.423287
0.364624
0.318664
0.241091
0.207081
0.178137
0.114692
0.043554
0.047436
0.075981
0.093054
0.124746
0.120602
0.106845
0.109677
0.111267
0.080092
0.036151
-0.007531
-0.060554
-0.101797
-0.142378
-0.193135
-0.246663
-0.201839
-0.117543
-0.040438
0.062519
0.135948
0.208166
0.308361
0.416766
0.357454
0.233589
0.125677
-0.023458
-0.115758
-0.201503
-0.332244
-0.473040
-0.456828
-0.383286
-0.327280
-0.235245
-0.204317
-0.184362
-0.124615
-0.059550
-0.059558
-0.080548
-0.092911
-0.118326
-0.110957
-0.094841
-0.093582
-0.091073
-0.089864
-0.090196
-0.089297
-0.088734
-0.091161
-0.094886
-0.098821
-0.103770
-0.102839
-0.099904
-0.098274
-0.095638
-0.095444
-0.095957
-0.095333
-0.094815
-0.092952
-0.090446
-0.088099
-0.085375
-0.082734
-0.079969
-0.076812
-0.073439
-0.071002
-0.068820
-0.066371
-0.064027
-0.061135
-0.058030
-0.055056
-0.051979
-0.100847
-0.171783
-0.240374
-0.323810
-0.394592
-0.466697
-0.554696
-0.648738
-0.622772
-0.550258
-0.489300
-0.398739
-0.347760
-0.300973
-0.221927
-0.135311
-0.143422
-0.184875
-0.214152
-0.263902
-0.273829
-0.275117
-0.299219
-0.324763
-0.309799
-0.280692
-0.255004
-0.219855
-0.202765
-0.189289
-0.165266
-0.140360
-0.130829
-0.126309
-0.120129
-0.117220
-0.106571
-0.093987
-0.085108
-0.076079
-0.062241
-0.046680
-0.031201
-0.014439
0.000180
0.014481
0.030200
0.046147
0.034506
0.011383
-0.010303
-0.039680
-0.061725
-0.084102
-0.114745
-0.148284
-0.171381
-0.192269
-0.216670
-0.240426
-0.271931
-0.306803
-0.340701
-0.376581
-0.410914
-0.445415
-0.482028
-0.519455
-0.558829
-0.599637
-0.641220
-0.684010
-0.632518
-0.541555
-0.455915
-0.344059
-0.256438
-0.167408
-0.050238
0.077000
0.089760
0.061508
0.048837
0.011455
0.019793
0.037656
0.028091
0.016160
0.057128
0.116593
0.171109
0.237789
0.281142
0.319747
0.371910
0.425145
0.252066
-0.015370
-0.271830
-0.591801
-0.851790
-1.114857
-1.446168
-1.801607
-1.648713
-1.298058
-0.994840
-0.565305
-0.302329
-0.056053
0.327787
0.744697
0.692500
0.470764
0.304580
0.032912
-0.052393
-0.101951
-0.268296
-0.447849
-0.428834
-0.343886
-0.282098
-0.178242
-0.170186
-0.185630
-0.153580
-0.122479
-0.121694
-0.129225
-0.136053
-0.149688
-0.142541
-0.129668
-0.124731
-0.118288
-0.112761
-0.107757
-0.101216
-0.094365
-0.088267
-0.082181
-0.075728
-0.069204
-0.058698
-0.046425
-0.034247
-0.020861
-0.008263
0.004556
0.018659
0.033329
0.046527
0.059500
0.073134
0.086788
0.101718
0.117272
0.132796
0.148735
0.124680
0.083799
0.045071
-0.004861
-0.044712
-0.085297
-0.137897
-0.194885
-0.157718
-0.083816
-0.018613
0.070074
0.128175
0.183344
0.264072
0.351064
0.329878
0.268305
0.218082
0.142308
0.106368
0.076606
0.018766
-0.043907
-0.061573
-0.065328
-0.076250
-0.078936
-0.105553
-0.139251
-0.163450
-0.189459
-0.128960
-0.031494
0.060443
0.176511
0.272761
0.371301
0.495632
0.629911
0.538803
0.359187
0.199792
-0.016341
-0.160677
-0.298912
-0.498815
-0.714497
-0.689660
-0.576407
-0.490348
-0.348958
-0.299338
-0.265717
-0.171079
-0.067693
-0.066245
-0.097610
-0.115040
-0.152711
-0.139030
-0.111509
-0.107044
-0.100466
-0.096558
-0.095236
-0.091795
-0.088948
-0.090418
-0.093779
-0.097551
-0.102841
-0.098480
-0.090768
-0.085047
-0.077580
-0.074007
-0.071482
-0.066999
-0.062587
-0.051330
-0.036988
-0.022998
-0.006987
0.007889
0.023191
0.040631
0.059061
0.074352
0.088997
0.104818
0.120505
0.138530
0.157610
0.176460
0.195955
0.202922
0.204836
0.207955
0.207893
0.211406
0.215076
0.215309
0.214531
0.219562
0.226228
0.231569
0.237729
0.240492
0.242053
0.244597
0.246636
0.262470
0.284042
0.304505
0.328644
0.349260
0.369981
0.394652
0.420680
0.317487
0.160366
0.010252
-0.175835
-0.328117
-0.482130
-0.674783
-0.881109
-0.826412
-0.671148
-0.541600
-0.348227
-0.242673
-0.147299
0.017726
0.198317
0.267372
0.303637
0.361380
0.401084
0.503489
0.626393
0.728093
0.837017
0.840190
0.799506
0.770691
0.715176
0.685709
0.656070
0.597764
0.529937
0.518400
0.523316
0.515723
0.516477
0.485978
0.444768
0.413448
0.378007
0.282817
0.161319
0.038211
-0.104238
-0.233092
-0.365395
-0.518317
-0.680189
-0.621261
-0.474760
-0.347208
-0.163301
-0.047580
0.063531
0.235769
0.424635
0.436640
0.387656
0.363997
0.303805
0.320584
0.355675
0.349832
0.343303
0.416203
0.518244
0.615826
0.733577
0.819076
0.899832
1.002821
1.109632
1.075769
0.986196
0.906821
0.790783
0.719160
0.650336
0.541725
0.422199
0.356771
0.305034
0.239350
0.179875
0.085013
-0.023474
-0.124118
-0.231556
