-0.448435
-0.414269
-0.381631
-0.340126
-0.305945
-0.270887
-0.226347
-0.178137
-0.142256
-0.108897
-0.071132
-0.033979
0.012476
0.063069
0.112662
0.164753
0.204280
0.239527
0.277894
0.314251
0.355705
0.398717
0.439454
0.480492
0.530504
0.584235
0.637874
0.694166
0.747879
0.801729
0.858437
0.916151
0.898913
0.850557
0.806498
0.741748
0.696984
0.651482
0.583735
0.508293
0.462071
0.422320
0.373167
0.326140
0.258078
0.181067
0.107088
0.027980
-0.015898
-0.046869
-0.084645
-0.115538
-0.158888
-0.205033
-0.243570
-0.281499
-0.341634
-0.410126
-0.476971
-0.549383
-0.613543
-0.676627
-0.745815
-0.816223
-0.812962
-0.779571
-0.750668
-0.701755
-0.673696
-0.645609
-0.595944
-0.539293
-0.510979
-0.489164
-0.458724
-0.430660
-0.382643
-0.326337
-0.273282
-0.215614
-0.195233
-0.188901
-0.176211
-0.171348
-0.154080
-0.134529
-0.123564
-0.113868
-0.081971
-0.042130
-0.004629
0.037949
0.071359
0.103000
0.140274
0.178144
0.175437
0.156340
0.139656
0.112020
0.096486
0.081223
0.054123
0.023394
0.007636
-0.004706
-0.021544
-0.037107
-0.063286
-0.093860
-0.122694
-0.153971
-0.163035
-0.163608
-0.167654
-0.166847
-0.173201
-0.180696
-0.182886
-0.184112
-0.198029
-0.216332
-0.233048
-0.252488
-0.266342
-0.278929
-0.294563
-0.310309
-0.308147
-0.298740
-0.290245
-0.276847
-0.268815
-0.260865
-0.247615
-0.232716
-0.224053
-0.216708
-0.207346
-0.198405
-0.184801
-0.169198
-0.154215
-0.138064
-0.132042
-0.129847
-0.126013
-0.124347
-0.119314
-0.113690
-0.110443
-0.107575
-0.098874
-0.088120
-0.078029
-0.066639
-0.057736
-0.049354
-0.039526
-0.029590
-0.025328
-0.023277
-0.020858
-0.019919
-0.017066
-0.014054
-0.012654
-0.011663
-0.008688
-0.005232
-0.002297
0.000852
0.002649
0.003917
0.005460
0.006730
0.011621
0.017955
0.023852
0.030621
0.036337
0.041967
0.048544
0.055371
0.060330
0.064711
0.069440
0.073849
0.079232
0.084917
0.090230
0.095630
0.100285
0.104625
0.109083
0.113366
0.117798
0.122224
0.126463
0.130634
0.135309
0.140148
0.144894
0.149731
0.154326
0.158850
0.163478
0.168091
0.172802
0.177559
0.182297
0.187060
0.191816
0.196579
0.201366
0.206167
0.210883
0.215573
0.220280
0.224973
0.229706
0.234451
0.239180
0.243913
0.249577
0.255638
0.261662
0.267955
0.274019
0.280108
0.286486
0.292973
0.299117
0.305197
0.311408
0.317609
0.324083
0.330682
0.337260
0.343916
0.350159
0.356260
0.362461
0.368593
0.374893
0.381243
0.387516
0.393797
0.400365
0.407050
0.413732
0.420497
0.427177
0.433861
0.440634
0.447438
0.443446
0.434885
0.426822
0.415686
0.407224
0.398513
0.386510
0.373273
0.364134
0.355812
0.346009
0.336393
0.323629
0.309455
0.295600
0.280885
0.270924
0.262618
0.253219
0.244635
0.234186
0.223210
0.213148
0.203030
0.189670
0.175002
0.160423
0.144925
0.130437
0.115958
0.100485
0.084700
0.073983
0.065172
0.055811
0.047645
0.037658
0.027397
0.018449
0.009737
-0.001159
-0.012734
-0.023959
-0.035584
-0.046061
-0.056200
-0.066800
-0.077317
-0.090988
-0.106011
-0.120814
-0.136492
-0.151466
-0.166526
-0.182520
-0.198877
-0.213805
-0.228395
-0.243430
-0.258345
-0.274229
-0.290516
-0.306641
-0.322987
-0.331221
-0.336090
-0.341538
-0.344796
-0.350181
-0.355506
-0.358478
-0.360645
-0.366264
-0.372726
-0.378188
-0.383985
-0.387478
-0.390042
-0.393044
-0.395552
-0.401592
-0.408949
-0.415646
-0.423055
-0.429276
-0.435254
-0.442014
-0.448868
-0.453500
-0.457313
-0.461324
-0.464801
-0.469141
-0.473618
-0.477506
-0.481300
-0.497886
-0.519809
-0.541078
-0.565923
-0.587399
-0.609049
-0.634542
-0.661394
-0.683406
-0.704402
-0.727044
-0.749399
-0.775366
-0.802910
-0.830012
-0.858049
-0.880047
-0.899867
-0.920910
-0.940813
-0.962927
-0.985576
-1.006960
-1.028291
-1.053497
-1.080193
-1.106657
-1.134130
-1.160232
-1.186199
-1.213269
-1.240599
-1.085563
-0.853169
-0.628916
-0.352566
-0.121020
0.115014
0.406845
0.719775
0.963792
1.194281
1.450028
1.702885
2.009134
2.339422
2.664618
3.004565
3.406710
3.841693
4.289224
4.764070
5.236176
5.721247
6.234809
6.766280
7.299138
7.843996
8.407558
8.984849
9.587247
10.208741
10.843513
11.495542
11.676934
11.667564
11.696456
11.602399
11.642718
11.686650
11.597819
11.468420
11.541108
11.666714
11.740558
11.838573
11.809372
11.731888
11.684499
11.613820
11.768165
12.010531
12.219323
12.478904
12.671074
12.854806
13.093753
13.345102
13.467386
13.546412
13.644278
13.716224
13.847789
13.994570
14.112098
14.230622
14.307759
14.364655
14.424135
14.470846
14.519710
14.563780
14.594560
14.617666
14.664639
14.716764
14.759811
14.803937
14.831047
14.850462
14.871655
14.888196
14.901054
14.910353
14.915011
14.915635
14.913312
14.907354
14.897311
14.883514
14.863236
14.838008
14.809142
14.775722
14.739110
14.698621
14.653526
14.604316
14.623244
14.668749
14.707020
14.761882
14.794959
14.825777
14.874650
14.927841
14.949792
14.962386
14.980939
14.994334
15.024813
15.060774
15.090708
15.122455
15.118484
15.099527
15.083940
15.058981
15.042573
15.025768
14.998921
14.968520
14.955868
14.948039
14.935686
14.925548
14.904734
14.879936
14.857856
14.833934
14.485151
13.997565
13.522101
12.952352
12.460471
11.958824
11.356313
10.714553
10.191684
9.690328
9.142417
8.597367
7.956138
7.270396
6.591394
5.884216
5.317606
4.798318
4.243856
3.711488
3.120550
2.511319
1.927205
1.339005
0.652240
-0.075720
-0.803461
-1.560850
-2.290608
-3.022479
-3.786231
-4.561612
-4.720003
-4.624690
-4.568273
-4.344183
-4.290276
-4.234327
-3.997781
-3.701454
-3.649116
-3.653456
-3.583959
-3.535440
-3.317042
-3.028373
-2.768158
-2.469131
-2.469717
-2.582612
-2.642639
-2.764527
-2.785816
-2.787691
-2.857520
-2.936512
-2.833790
-2.665238
-2.514548
-2.321367
-2.201369
-2.094488
-1.940610
-1.780631
-1.761013
-1.793282
-1.812811
-1.866096
-1.865429
-1.856276
-1.884292
-1.918434
-1.900581
-1.867412
-1.843120
-1.809923
-1.806307
-1.812045
-1.807358
-1.805752
-1.703684
-1.559208
-1.422170
-1.257787
-1.117521
-0.975490
-0.804171
-0.622117
-0.485253
-0.359485
-0.220423
-0.085689
0.078937
0.255662
0.426723
0.604208
0.816090
1.045017
1.279068
1.526928
1.770785
2.019953
2.283629
2.555543
2.826093
3.101459
3.385527
3.675410
3.977751
4.289039
4.605879
4.930593
5.240459
5.548285
5.864947
6.182841
6.513418
6.850905
7.189190
7.532396
7.892570
8.262355
8.636509
9.018821
9.401890
9.789565
10.185689
10.587647
10.637787
10.541858
10.467204
10.295899
10.217950
10.136684
9.951513
9.730461
9.649471
9.600262
9.507045
9.424828
9.243548
9.020612
8.812982
8.581856
8.513072
8.503975
8.463677
8.455262
8.389984
8.312147
8.269519
8.229967
8.088019
7.907671
7.735201
7.537245
7.377633
7.223227
7.040849
6.853069
6.836879
6.888206
6.926320
7.008622
7.035793
7.058814
7.129848
7.213529
7.230229
7.229441
7.245013
7.252259
7.302126
7.367960
7.423467
7.486575
7.450657
7.375074
7.311546
7.224074
7.164655
7.107227
7.023900
6.933457
6.894894
6.872330
6.839956
6.816399
6.765754
6.706675
6.657814
6.606480
6.610092
6.637008
6.659076
6.695819
6.719991
6.745178
6.786060
6.832764
6.852459
6.865051
6.884960
6.901794
6.935390
6.975451
7.011666
7.051047
7.072793
7.088111
7.107438
7.123591
7.145842
7.169624
7.189891
7.210024
7.242767
7.280440
7.317404
7.357712
7.393777
7.429529
7.468920
7.509262
7.507491
7.488632
7.472603
7.445312
7.430227
7.415358
7.388326
7.357512
7.343273
7.333027
7.318055
7.304697
7.280095
7.250964
7.223952
7.194529
7.186707
7.187171
7.184224
7.185996
7.180900
7.174732
7.173718
7.173667
7.161121
7.144255
7.128967
7.111001
7.098527
7.087302
7.073082
7.058755
7.068698
7.088601
7.107323
7.132780
7.151346
7.170011
7.195936
7.224266
7.243957
7.261867
7.282698
7.303022
7.329894
7.359624
7.388571
7.419217
7.437029
7.450093
7.465463
7.478230
7.495473
7.513645
7.528948
7.543939
7.566674
7.592255
7.617156
7.643922
7.667652
7.690891
7.716186
7.741804
7.758709
7.772276
7.786569
7.798685
7.813838
7.829340
7.842462
7.855057
7.870987
7.887837
7.903978
7.920602
7.935204
7.949096
7.963569
7.977743
7.997461
8.019459
8.040913
8.063791
8.085218
8.106638
8.129590
8.153037
8.173781
8.193769
8.214398
8.234660
8.256504
8.278918
8.300888
8.323103
8.333977
8.340092
8.346947
8.350687
8.357274
8.363691
8.366765
8.368640
8.375285
8.383043
8.389327
8.396010
8.399399
8.401417
8.403979
8.405781
8.412311
8.420554
8.427812
8.435953
8.442397
8.448428
8.455440
8.462496
8.466427
8.469151
8.472065
8.474162
8.477355
8.480651
8.483057
8.485249
8.493826
8.504925
8.515520
8.527759
8.537979
8.548057
8.559919
8.572261
8.582054
8.591177
8.600919
8.610341
8.621370
8.632998
8.644230
8.655744
8.663679
8.670181
8.677127
8.683212
8.690310
8.697484
8.703725
8.709712
8.717592
8.726059
8.734175
8.742616
8.750078
8.757238
8.764776
8.772229
8.756027
8.729762
8.704431
8.672278
8.645895
8.618869
8.584538
8.547409
8.518976
8.492158
8.462010
8.432123
8.395291
8.355274
8.315801
8.274330
8.243308
8.215855
8.185888
8.157630
8.125122
8.091342
8.059493
8.027420
7.988080
7.945746
7.903509
7.859141
7.816906
7.774592
7.729979
7.684578
7.407101
7.030263
6.662596
6.227695
5.847639
5.460384
5.001239
4.513939
4.113382
3.728927
3.311015
2.895599
2.410976
1.894531
1.383387
0.852259
0.419122
0.018877
-0.406239
-0.816148
-1.267026
-1.730844
-2.177351
-2.626894
-3.146657
-3.695887
-4.245096
-4.815540
-5.366592
-5.919341
-6.494908
-7.078925
-7.237837
-7.222242
-7.233906
-7.130379
-7.144777
-7.158258
-7.047629
-6.896248
-6.913484
-6.970227
-6.976529
-6.997738
-6.902283
-6.758834
-6.635443
-6.485744
-6.544595
-6.681979
-6.783296
-6.928151
-7.003724
-7.066400
-7.176847
-7.294240
-7.286222
-7.233156
-7.193067
-7.124110
-7.106508
-7.098604
-7.058705
-7.015176
-6.859458
-6.650916
-6.443198
-6.199196
-5.969337
-5.728579
-5.449658
-5.150890
-4.895876
-4.646138
-4.373664
-4.098622
-3.782785
-3.445978
-3.108091
-2.755598
-2.533934
-2.360977
-2.167251
-2.001367
-1.789686
-1.569366
-1.379676
-1.194122
-0.801465
-0.325867
0.136278
0.653494
1.107359
1.558650
2.069575
2.597960
3.142929
3.709451
4.293805
4.897604
5.258942
5.528114
5.828009
6.072113
6.326330
6.561960
6.739644
6.885033
6.984736
7.043731
7.070803
7.060379
7.409631
7.890974
8.317740
8.821267
9.192661
9.538025
9.968114
10.408064
10.689719
10.917613
11.163213
11.374392
11.658786
11.960079
12.222723
12.484595
12.561589
12.555465
12.556204
12.501336
12.478921
12.444983
12.352138
12.232264
12.189650
12.161005
12.100583
12.041366
11.920217
11.769917
11.623283
11.457990
11.379222
11.328915
11.255591
11.194973
11.096920
10.986455
10.890574
10.791118
10.628264
10.438304
10.247493
10.036904
9.842723
9.646166
9.428421
9.202285
9.247774
9.402663
9.536985
9.742585
9.868029
9.990589
10.190226
10.412821
10.524381
10.607617
10.720017
10.819795
10.991345
11.190608
11.373942
11.571086
11.629132
11.632777
11.656587
11.648756
11.682847
11.722084
11.726919
11.723967
11.799241
11.900508
11.990068
12.095110
12.163480
12.222261
12.298558
12.373931
12.331652
12.240735
12.154073
12.033971
11.946813
11.858453
11.734090
11.597333
11.499454
11.408498
11.302749
11.198066
11.061437
10.910147
10.761221
10.603049
10.508398
10.436694
10.352697
10.280949
10.185808
10.085151
9.998085
9.911740
9.786071
9.645446
9.507371
9.359209
9.225360
9.093144
8.949889
8.804218
8.816202
8.892967
8.960346
9.070783
9.137384
9.204516
9.318036
9.446901
9.514972
9.569278
9.642458
9.710781
9.822275
9.951861
10.074707
10.207735
10.262635
10.288349
10.327918
10.351433
10.401442
10.456670
10.494246
10.529561
10.612205
10.712058
10.807391
10.913876
11.001435
11.085688
11.182266
11.280535
11.309609
11.311338
11.317899
11.306375
11.316940
11.328939
11.321304
11.308325
11.321336
11.340823
11.353502
11.369071
11.367388
11.358998
11.354290
11.346178
11.378465
11.426737
11.469773
11.522350
11.563038
11.602583
11.652475
11.704975
11.735946
11.760073
11.787911
11.811841
11.846567
11.884449
11.917849
11.951964
11.954848
11.944304
11.935811
11.918591
11.908267
11.897004
11.876426
11.852176
11.841867
11.834783
11.823222
11.812743
11.792618
11.768422
11.745726
11.720740
11.706322
11.695486
11.681835
11.669784
11.653467
11.635787
11.619924
11.603744
11.579563
11.552020
11.524508
11.494587
11.466857
11.438933
11.408420
11.376948
11.354259
11.334584
11.313516
11.294197
11.271064
11.246980
11.224862
11.202729
11.176335
11.148328
11.120508
11.091559
11.064224
11.037066
11.008673
10.980009
10.944937
10.906881
10.868811
10.828657
10.789429
10.749617
10.707609
10.664490
10.623632
10.582984
10.541071
10.498958
10.454589
10.409034
10.363357
10.316835
10.298025
10.290597
10.281097
10.278983
10.269317
10.259678
10.257996
10.258911
10.248049
10.234236
10.223683
10.211888
10.207793
10.206738
10.204090
10.203004
10.189285
10.170754
10.154372
10.135312
10.120305
10.105995
10.088755
10.071024
10.060926
10.053534
10.045282
10.038741
10.029004
10.018617
10.010131
10.001813
10.030112
10.074273
10.117041
10.170528
10.215864
10.262608
10.320787
10.383627
10.432498
10.478819
10.530660
10.582175
10.644913
10.712859
10.780028
10.850495
10.906698
10.958296
11.013916
11.067579
11.127571
11.189764
11.249691
11.310354
11.381865
11.458096
11.534605
11.614593
11.691961
11.769873
11.851502
11.934690
11.940240
11.913880
11.892510
11.850090
11.829085
11.807856
11.763953
11.712563
11.692096
11.678878
11.656398
11.636648
11.595518
11.545588
11.499334
11.448255
11.434593
11.434979
11.428788
11.430343
11.419394
11.406058
11.401229
11.397576
11.371240
11.336704
11.304432
11.266879
11.238500
11.211788
11.179232
11.145942
11.149347
11.167403
11.183071
11.208474
11.222525
11.236055
11.260133
11.287253
11.300694
11.310857
11.324843
11.337471
11.359459
11.385198
11.409158
11.435110
11.440274
11.437337
11.437344
11.432607
11.434249
11.436695
11.433977
11.430114
11.437690
11.449050
11.458690
11.470584
11.477068
11.482125
11.489734
11.497187
11.491797
11.481141
11.470897
11.457000
11.446840
11.436603
11.422426
11.406933
11.395448
11.384636
11.372256
11.359949
11.344242
11.326957
11.309882
11.291795
11.281092
11.273078
11.263701
11.255787
11.245195
11.234004
11.224431
11.214983
11.201083
11.185518
11.170286
11.153945
11.139289
11.124865
11.109223
11.093349
11.080600
11.068943
11.056902
11.045540
11.032836
11.019837
11.007597
10.995400
10.981932
10.968023
10.954219
10.940118
10.926595
10.913190
10.899453
10.885693
10.869500
10.852227
10.835031
10.817103
10.799642
10.782046
10.763672
10.744954
10.727189
10.709585
10.691578
10.673575
10.654782
10.635613
10.616479
10.597101
10.588323
10.583945
10.578856
10.576649
10.571652
10.566743
10.564932
10.564184
10.559040
10.552851
10.547978
10.542709
10.540442
10.539407
10.537843
10.536949
10.531338
10.523978
10.517511
10.510105
10.504314
10.498864
10.492380
10.485787
10.482168
10.479653
10.476889
10.474852
10.471678
10.468335
10.465792
10.463388
10.455472
10.445361
10.435639
10.424471
10.415012
10.405644
10.394708
10.383328
10.374069
10.365339
10.356046
10.346985
10.336519
10.325505
10.314789
10.303792
10.295879
10.289179
10.282058
10.275654
10.268328
10.260902
10.254254
10.247791
10.239650
10.230965
10.222551
10.213819
10.205904
10.198216
10.190166
10.182156
10.188719
10.201464
10.213617
10.229960
10.242695
10.255796
10.273384
10.292670
10.306607
10.319540
10.334497
10.349278
10.368307
10.389275
10.409895
10.431725
10.378508
10.293890
10.213757
10.112871
10.031218
9.948498
9.843501
9.730562
9.647936
9.572126
9.486611
9.403371
9.298589
9.184679
9.073976
8.958079
8.971276
9.037307
9.092421
9.181318
9.234989
9.288345
9.378106
9.479478
9.523120
9.551494
9.594667
9.630869
9.702976
9.788661
9.865700
9.949224
9.975920
9.980560
9.994295
9.995546
10.014074
10.035067
10.042464
10.047062
10.085460
10.135489
10.181054
10.233748
10.271511
10.305788
10.348055
10.390506
10.399595
10.395419
10.392938
10.381429
10.380594
10.380249
10.370113
10.357170
10.355281
10.355744
10.352747
10.350550
10.340080
10.326097
10.313273
10.298420
10.304177
10.317875
10.328594
10.343949
10.352745
10.360608
10.373529
10.387469
10.390121
10.388982
10.389426
10.387572
10.390941
10.395623
10.397714
10.399871
9.925701
9.248611
8.592106
7.798831
7.120351
6.428803
5.590888
4.696728
3.982825
3.303766
2.557547
1.818167
0.938010
-0.005954
-0.937303
-1.908091
-2.236556
-2.308861
-2.449586
-2.431369
-2.602228
-2.786301
-2.798233
-2.763133
-3.036340
-3.400463
-3.701239
-4.050312
-4.228452
-4.349786
-4.527982
-4.685653
-4.815244
-4.929290
-5.023751
-5.099621
-5.180133
-5.251835
-5.303936
-5.344060
-5.348872
-5.330971
-5.302038
-5.254028
-5.197401
-5.126999
-5.037133
-4.931618
-4.867659
-4.811986
-4.738167
-4.664911
-4.560983
-4.442346
-4.325470
-4.199203
-4.036591
-3.854300
-3.663868
-3.456902
-3.250444
-3.035592
-2.803538
-2.560285
-2.593892
-2.738234
-2.858909
-3.050721
-3.159667
-3.264183
-3.445724
-3.649187
-3.734229
-3.787312
-3.868807
-3.934875
-4.073518
-4.238821
-4.385250
-4.543828
-4.562188
-4.524581
-4.505444
-4.453092
-4.440482
-4.431175
-4.385916
-4.331117
-4.352970
-4.399162
-4.431885
-4.478401
-4.486507
-4.483308
-4.495935
-4.505929
-4.514174
-4.522117
-4.527537
-4.531556
-4.538296
-4.545270
-4.550657
-4.555767
-4.553708
-4.548300
-4.542901
-4.535178
-4.528454
-4.521067
-4.511230
-4.500147
-4.500079
-4.503855
-4.505845
-4.510043
-4.509658
-4.508168
-4.509147
-4.510174
-4.505604
-4.498938
-4.492581
-4.484781
-4.479128
-4.473744
-4.466776
-4.459487
-4.430808
-4.392709
-4.355188
-4.311234
-4.271688
-4.231065
-4.183596
-4.133177
-4.090667
-4.049417
-4.004716
-3.959974
-3.908473
-3.853712
-3.799173
-3.742484
-3.693618
-3.647096
-3.598015
-3.549771
-3.497674
-3.444060
-3.391459
-3.338169
-3.278431
-3.215734
-3.152611
-3.087237
-3.023085
-2.958352
-2.891234
-2.822957
-2.704365
-2.563567
-2.423721
-2.268548
-2.123767
-1.976327
-1.812578
-1.641745
-1.488565
-1.337850
-1.178910
-1.019495
-0.844215
-0.661089
-0.478091
-0.289790
-0.120637
0.042840
0.212630
0.380419
0.557802
0.738998
0.917760
1.098288
1.294572
1.498130
1.702818
1.913065
2.120418
2.329265
2.543999
2.761631
2.803525
2.772624
2.752347
2.683869
2.662512
2.639743
2.565130
2.472786
2.450001
2.443013
2.414260
2.391014
2.318581
2.225495
2.140058
2.042988
2.028269
2.043948
2.044096
2.060601
2.048496
2.030239
2.030024
2.031572
1.981667
1.912606
1.847733
1.770216
1.712278
1.657189
1.588202
1.516709
1.521770
1.556759
1.585743
1.634303
1.657749
1.679047
1.721644
1.769638
1.787919
1.798341
1.815801
1.829426
1.861758
1.900998
1.935518
1.973247
1.965654
1.939780
1.919146
1.887375
1.868193
1.849702
1.819182
1.785202
1.774533
1.770887
1.762558
1.757995
1.740896
1.719731
1.702969
1.684847
1.736983
1.818842
1.896300
1.993253
2.073218
2.154622
2.256906
2.366950
2.447324
2.520921
2.603996
2.684786
2.786370
2.896734
3.003912
3.116050
3.200267
3.274591
3.355228
3.430959
3.517169
3.606206
3.689763
3.773422
3.876295
3.986810
4.096560
4.211600
4.320425
4.429003
4.543320
4.659304
4.655563
4.602268
4.555907
4.476597
4.429622
4.381699
4.298330
4.202858
4.153888
4.115281
4.061858
4.011912
3.928611
3.831178
3.738664
3.638089
3.594723
3.572442
3.539389
3.517691
3.476017
3.430024
3.396561
3.364291
3.296396
3.215228
3.136930
3.049862
2.976333
2.904758
2.823544
2.740577
2.740651
2.774216
2.802310
2.852564
2.878124
2.902982
2.951800
3.007870
3.032020
3.048525
3.074102
3.096577
3.140841
3.193882
3.242845
3.296493
3.305760
3.297906
3.296782
3.285801
3.288761
3.293745
3.287978
3.280059
3.297320
3.323149
3.345580
3.373248
3.389543
3.403094
3.422527
3.441974
3.454929
3.465751
3.476913
3.486533
3.499513
3.513236
3.525220
3.537168
3.550244
3.563598
3.576853
3.590315
3.602946
3.615310
3.627924
3.640432
3.660223
3.683091
3.705536
3.730014
3.752701
3.775533
3.800543
3.826359
3.849201
3.871385
3.894548
3.917504
3.942597
3.968606
3.994317
4.020556
3.989635
3.934608
3.882590
3.814504
3.760687
3.705731
3.633550
3.555017
3.498948
3.447637
3.388645
3.330993
3.256721
3.175193
3.095708
3.011932
2.952980
2.902796
2.847117
2.795836
2.735113
2.671851
2.613507
2.555066
2.479914
2.398128
2.317000
2.231274
2.150992
2.070941
1.985901
1.899423
1.901172
1.939259
1.972014
2.028871
2.061474
2.094486
2.153452
2.221085
2.254287
2.279649
2.315673
2.348914
2.406486
2.474235
2.538140
2.607753
2.634490
2.645251
2.663740
2.673492
2.697854
2.725156
2.742845
2.759368
2.802093
2.854404
2.904301
2.960438
3.006225
3.050275
3.101212
3.153170
3.165012
3.160991
3.159812
3.148161
3.149275
3.151214
3.141785
3.129257
3.131921
3.138393
3.140911
3.145141
3.139343
3.129661
3.122151
3.112684
3.126468
3.149459
3.169437
3.194911
3.213559
3.231559
3.255517
3.280984
3.294049
3.303175
3.314445
3.323468
3.338716
3.355785
3.370278
3.385187
3.390488
3.391624
3.393585
3.392927
3.394214
3.395188
3.393375
3.390435
3.392373
3.395563
3.397354
3.399653
3.398868
3.396862
3.395503
3.393521
3.394010
3.395328
3.395899
3.396803
3.396715
3.396282
3.396230
3.396073
3.393835
3.390704
3.387557
3.383765
3.380493
3.377138
3.373092
3.368768
3.372555
3.379589
3.385981
3.394480
3.400542
3.406487
3.414713
3.423597
3.429135
3.433800
3.439307
3.444410
3.451631
3.459653
3.467170
3.475073
3.478760
3.480781
3.483377
3.484992
3.487839
3.490812
3.492720
3.494363
3.498329
3.503046
3.507382
3.512153
3.515791
3.519111
3.522928
3.526687
3.525898
3.523198
3.520639
3.516763
3.514086
3.511316
3.507133
3.502431
3.499239
3.496296
3.492740
3.489201
3.484382
3.478961
3.473608
3.467865
3.464426
3.461793
3.458658
3.455931
3.452299
3.448421
3.445000
3.441562
3.436615
3.431068
3.425572
3.419657
3.414229
3.408817
3.402951
3.396950
3.392454
3.388487
3.384313
3.380458
3.375974
3.371351
3.367083
3.362834
3.357907
3.352736
3.347618
3.342337
3.337346
3.332407
3.327287
3.322145
3.315917
3.309197
3.302500
3.295467
3.288623
3.281704
3.274429
3.266988
3.259963
3.252999
3.245843
3.238676
3.231146
3.223435
3.215729
3.207902
3.203366
3.200175
3.196716
3.194122
3.190618
3.187103
3.184520
3.182232
3.178509
3.174412
3.170690
3.166800
3.163817
3.161182
3.158337
3.155661
3.151486
3.146730
3.142212
3.137365
3.132978
3.128657
3.123977
3.119224
3.115357
3.111794
3.108115
3.104622
3.100738
3.096762
3.092996
3.089235
3.083622
3.077245
3.070955
3.064147
3.057857
3.051553
3.044692
3.037643
3.031252
3.024994
3.018507
3.012056
3.005100
2.997921
2.990799
2.983542
2.977249
2.971307
2.965187
2.959257
2.952984
2.946636
2.940499
2.934380
2.927671
2.920741
2.913857
2.906827
2.900021
2.893246
2.886311
2.879346
2.878757
2.880852
2.882639
2.886227
2.888193
2.890279
2.894299
2.899025
2.901336
2.903155
2.905826
2.908372
2.912753
2.917946
2.922939
2.928421
2.931006
2.932566
2.934756
2.936427
2.939202
2.942269
2.944756
2.947251
2.951669
2.956848
2.961947
2.967572
2.972563
2.977522
2.983053
2.988744
2.991519
2.993190
2.995158
2.996426
2.998724
3.001165
3.002839
3.004362
3.007112
3.010234
3.013140
3.016258
3.018706
3.020945
3.023431
3.025853
3.030078
3.035065
3.039911
3.045245
3.050156
3.055101
3.060568
3.066229
3.071052
3.075665
3.080517
3.085285
3.090596
3.096123
3.101540
3.107070
3.109181
3.109879
3.110840
3.110889
3.111839
3.112773
3.112725
3.112348
3.113464
3.114958
3.116038
3.117278
3.117549
3.117438
3.117531
3.117429
3.118795
3.120718
3.122376
3.124339
3.125823
3.127217
3.128945
3.130722
3.131586
3.132121
3.132748
3.133163
3.133947
3.134797
3.135414
3.136001
3.138583
3.141975
3.145249
3.149063
3.152296
3.155522
3.159332
3.163325
3.166573
3.169651
3.172957
3.176200
3.179973
3.183967
3.187876
3.191908
3.194880
3.197450
3.200193
3.202708
3.205571
3.208494
3.211167
3.213800
3.217049
3.220515
3.223909
3.227440
3.230708
3.233920
3.237285
3.240660
3.238883
3.234935
3.231221
3.226044
3.222173
3.218197
3.212651
3.206527
3.202327
3.198509
3.193997
3.189572
3.183662
3.177088
3.170663
3.163832
3.159351
3.155694
3.151518
3.147757
3.143089
3.138175
3.133725
3.129260
3.123226
3.116567
3.109965
3.102927
3.096397
3.089885
3.082901
3.075778
3.070956
3.066999
3.062794
3.059134
3.054643
3.050027
3.046008
3.042096
3.037202
3.032004
3.026964
3.021745
3.017044
3.012498
3.007745
3.003031
2.996871
2.990093
2.983416
2.976338
2.969586
2.962795
2.955577
2.948194
2.941465
2.934892
2.928116
2.921397
2.914234
2.906887
2.899616
2.892243
2.884579
2.876751
2.868832
2.860766
2.852698
2.844552
2.836254
2.827854
2.819384
2.810822
2.802155
2.793394
2.784507
2.775512
2.766423
2.757229
2.748151
2.739064
2.729863
2.720622
2.711226
2.701734
2.692205
2.682599
2.672804
2.662888
2.652900
2.642805
2.632673
2.622467
2.612151
2.601749
2.591161
2.580443
2.569643
2.558728
2.547744
2.536669
2.525476
2.514183
2.502848
2.491437
2.479922
2.468323
2.456605
2.444785
2.432883
2.420885
2.408827
2.396689
2.384455
2.372136
2.359717
2.347205
2.334610
2.321924
2.309127
2.296232
2.283248
2.270168
2.257006
2.243754
2.230406
2.216966
2.232324
2.259882
2.286103
2.320522
2.347842
2.375841
2.412621
2.452705
2.481807
2.508715
2.539585
2.569950
2.608734
2.651283
2.692978
2.736965
2.768375
2.795418
2.825369
2.853179
2.885939
2.920109
2.951872
2.983797
3.024336
3.068361
3.112163
3.158415
3.202004
3.245585
3.291815
3.338887
3.375585
3.408543
3.442841
3.474858
3.510982
3.547927
3.582344
3.616505
3.655323
3.695735
3.735662
3.776622
3.815449
3.853801
3.893312
3.932867
3.979483
4.029248
4.078763
4.130395
4.180706
4.231420
4.284380
4.338345
4.389456
4.440061
4.491847
4.543596
4.597660
4.652818
4.707847
4.763578
4.778313
4.775920
4.776021
4.764815
4.764174
4.762994
4.749674
4.732054
4.731046
4.733806
4.731303
4.730085
4.717132
4.699231
4.683124
4.664220
4.663402
4.669160
4.671256
4.676789
4.675846
4.673369
4.674702
4.676251
4.666083
4.651434
4.637545
4.620639
4.607926
4.595665
4.580106
4.563799
4.981008
5.581978
6.163455
6.868656
7.467027
8.075857
8.817212
9.608546
10.236008
10.831196
11.486238
12.134273
12.909039
13.740783
14.560283
15.414695
15.796189
15.991521
16.243284
16.381745
16.664049
16.960440
17.133788
17.276615
17.656534
18.110004
18.520678
18.972715
19.301432
19.592529
19.931419
20.259959
20.373568
20.395935
20.417233
20.372560
20.384682
20.389943
20.324455
20.231663
20.192390
20.155603
20.087681
20.013343
19.879000
19.712820
19.542339
19.348755
19.277400
19.246772
19.186923
19.146670
19.053738
18.944481
18.857547
18.766882
18.594044
18.386857
18.179529
17.947344
17.738308
17.527458
17.289877
17.042524
17.089292
17.253797
17.395293
17.613315
17.742754
17.867926
18.075953
18.307855
18.419289
18.499425
18.610129
18.706416
18.879369
19.081423
19.265491
19.463662
19.507875
19.491283
19.495786
19.464467
19.478330
19.496866
19.476540
19.446654
19.501535
19.583890
19.652383
19.736829
19.780001
19.811620
19.861422
19.909176
19.897331
19.861093
19.825450
19.772317
19.737194
19.701601
19.647132
19.586318
19.540541
19.496191
19.444474
19.391884
19.323985
19.248382
19.172477
19.091212
19.048139
19.018774
18.982211
18.953053
18.909498
18.862526
18.823782
18.785414
18.724116
18.654108
18.585543
18.511082
18.445016
18.379913
18.308356
18.235394
18.223968
18.237384
18.246641
18.272284
18.279735
18.286684
18.311347
18.341387
18.347443
18.347689
18.354674
18.359265
18.380074
18.407373
18.431549
18.459154
18.454323
18.436967
18.424534
18.404893
18.395404
18.387377
18.371489
18.354016
18.354988
18.362233
18.366980
18.375556
18.375799
18.374025
18.376555
18.379090
18.389131
18.402825
18.416234
18.432027
18.447302
18.463443
18.482073
18.502113
18.518350
18.533891
18.551077
18.568233
18.588390
18.609984
18.631431
18.653808
18.676215
18.699054
18.722853
18.747266
18.772501
18.798476
18.825059
18.852334
18.881121
18.910941
18.941417
18.972816
19.004683
19.037251
19.070760
19.105047
19.145300
19.188555
19.232366
19.278452
19.324107
19.370705
19.419680
19.470064
19.519233
19.568798
19.619891
19.671691
19.725827
19.781450
19.837716
19.895201
19.951346
20.007560
20.065098
20.123090
20.182746
20.243463
20.304589
20.366563
20.430849
20.496559
20.563051
20.630787
20.698882
20.767796
20.837990
20.909149
20.886078
20.823500
20.765994
20.682156
20.622464
20.561244
20.471765
20.372101
20.309219
20.254222
20.186873
20.121858
20.029819
19.926067
19.825798
19.718661
19.653858
19.604217
19.545669
19.494919
19.428491
19.358103
19.296392
19.234857
19.145548
19.045422
18.946746
18.840676
18.744124
18.648312
18.544447
18.438510
18.430646
18.462687
18.488292
18.540242
18.564031
18.587503
18.639410
18.700285
18.722699
18.735962
18.760393
18.781215
18.828378
18.886240
18.939319
18.998166
19.007129
18.997062
18.995079
18.982337
18.985676
18.991673
18.985901
18.978071
18.999392
19.030906
19.058938
19.093351
19.115210
19.134347
19.160605
19.187287
19.195258
19.196220
19.198485
19.196040
19.200679
19.206263
19.206675
19.206079
19.211597
19.218697
19.224449
19.231016
19.233592
19.234710
19.236833
19.238277
19.253503
19.274381
19.293971
19.317121
19.336593
19.356032
19.379304
19.403803
19.421788
19.437983
19.455758
19.472677
19.493486
19.515715
19.536903
19.558725
19.566384
19.568203
19.571281
19.570659
19.573755
19.576832
19.575928
19.573716
19.578098
19.584251
19.588733
19.594033
19.595301
19.595060
19.595825
19.595885
19.601699
19.609737
19.616804
19.625109
19.631659
19.637939
19.645569
19.653461
19.657822
19.660947
19.664505
19.667295
19.671595
19.676223
19.679994
19.683714
19.683216
19.680809
19.678524
19.674949
19.672091
19.668946
19.664437
19.659288
19.655843
19.652679
19.648769
19.644854
19.639512
19.633483
19.627504
19.621072
19.615777
19.610758
19.605223
19.599719
19.593528
19.587005
19.580538
19.573868
19.566031
19.557609
19.549027
19.539978
19.517970
19.490213
19.462530
19.430813
19.503529
19.618799
19.725390
19.859287
19.383889
18.661115
19.107812
19.871675
19.670285
19.330645
19.370237
19.404195
19.380509
19.369814
19.358786
19.347599
19.335231
19.322252
19.309157
19.295601
19.282082
19.268350
19.254139
19.239628
19.225384
19.211062
19.196415
19.181621
19.166336
19.150738
19.135007
19.119020
19.046114
18.948854
18.853784
18.742206
18.644151
18.544346
18.426887
18.302528
18.199247
18.099833
17.992227
17.885179
17.761203
17.629418
17.498876
17.363411
17.252266
17.149292
17.040185
16.934871
16.819402
16.700741
16.586397
16.471318
16.338888
16.199188
16.059510
15.914597
15.774502
15.634008
15.487886
15.339694
15.100900
14.821989
14.544796
14.239940
13.953410
13.661897
13.340972
13.007137
12.705414
12.408191
12.095987
11.782916
11.441041
11.084919
10.729023
10.363497
10.140860
9.974533
9.792078
9.644278
9.452833
9.257350
9.099494
8.951135
8.733403
8.494588
8.268894
8.031557
7.831326
7.642817
7.440760
7.242360
7.159556
7.126216
7.091570
7.091790
7.063332
7.038872
7.051730
7.079302
7.072255
7.061325
7.067416
7.075265
7.116609
7.174830
7.233562
7.303966
7.316589
7.310150
7.318290
7.317583
7.342025
7.374566
7.396980
7.421543
7.486505
7.568592
7.651080
7.746043
7.830177
7.915591
8.014388
8.118332
8.195752
8.265717
8.342260
8.415299
8.503650
8.597570
8.687256
8.779371
8.886697
9.001185
9.117498
9.239554
9.358932
9.480053
9.607251
9.737567
9.892974
10.061160
10.231543
10.411505
10.590149
10.772955
10.965751
11.164610
11.357631
11.552067
11.753109
11.957007
12.171037
12.391416
12.614366
12.842459
12.938362
12.980700
13.034082
13.053064
13.109717
13.167449
13.188035
13.197310
13.264084
13.346089
13.413611
13.488196
13.526993
13.552338
13.586423
13.614134
13.704368
13.819143
13.924693
14.044440
14.145661
14.244676
14.359111
14.477112
14.559323
14.629608
14.705251
14.773794
14.859023
14.948591
15.030135
15.112064
15.132757
15.126726
15.123670
15.102873
15.094869
15.084310
15.054858
15.017523
15.005721
14.999089
14.983046
14.968126
14.933900
14.890989
14.849997
14.803708
14.778035
14.758856
14.733319
14.710302
14.677880
14.641964
14.609013
14.574689
14.523654
14.465180
14.406030
14.341336
14.280298
14.218145
14.150092
14.079392
14.101763
14.161870
14.215179
14.293133
14.344248
14.394772
14.471912
14.557258
14.604618
14.642478
14.690683
14.734815
14.803907
14.882806
14.956496
15.035207
15.067445
15.081710
15.103136
15.114266
15.139820
15.167446
15.183849
15.197973
15.238864
15.288889
15.335312
15.387317
15.427304
15.464411
15.507786
15.551206
15.241064
14.781166
14.336609
13.790964
13.332993
12.866581
12.291867
11.676399
11.192858
10.734886
10.228178
9.726684
9.122190
8.471152
7.829566
7.159284
6.646552
6.188410
5.693845
5.226046
4.695889
4.147885
3.629988
3.109936
2.482285
1.811030
1.142421
0.443112
-0.223054
-0.889224
-1.588583
-2.298555
-2.391334
-2.229987
-2.106502
-1.814686
-1.692541
-1.567718
-1.261629
-0.895123
-0.770754
-0.701907
-0.558638
-0.435360
-0.141852
0.222602
0.559612
0.936217
1.013809
0.979819
0.999490
0.958044
1.018092
1.098368
1.111426
1.116110
1.303310
1.557128
1.793872
2.073898
2.281511
2.476787
2.719852
2.969802
2.936053
2.789877
2.663440
2.462676
2.351601
2.245949
2.059646
1.851064
1.749590
1.674709
1.571506
1.480057
1.317350
1.126831
0.951326
0.761631
0.735456
0.773797
0.790519
0.845589
0.852180
0.853825
0.897086
0.950603
0.916285
0.853805
0.806060
0.742088
0.721617
0.713611
0.687048
0.663037
0.646008
0.631180
0.618546
0.608616
0.593797
0.578399
0.566027
0.554155
0.547974
0.544769
0.541858
0.541071
0.540285
0.540526
0.542966
0.546824
0.535276
0.518070
0.503013
0.484587
0.471894
0.460290
0.444969
0.429183
0.420978
0.415387
0.408959
0.404203
0.396050
0.387147
0.380114
0.373166
0.387664
0.411525
0.434563
0.463910
0.488700
0.514419
0.546860
0.582112
0.608990
0.634333
0.663003
0.691483
0.726666
0.764966
0.802805
0.842619
0.874646
0.904235
0.936200
0.967210
1.001827
1.037783
1.072613
1.107973
1.149542
1.193883
1.238495
1.285180
1.330518
1.376283
1.424253
1.473219
1.452513
1.402861
1.357262
1.292445
1.246126
1.199101
1.131418
1.056573
1.009088
0.967700
0.917555
0.869438
0.801717
0.725677
0.652513
0.574598
0.529130
0.495546
0.455668
0.422117
0.377095
0.329490
0.288879
0.248818
0.188247
0.119948
0.053159
-0.018781
-0.083120
-0.146478
-0.215484
-0.285628
-0.322714
-0.346866
-0.373666
-0.392031
-0.421188
-0.451265
-0.472166
-0.490737
-0.522310
-0.557353
-0.589349
-0.623052
-0.648641
-0.671255
-0.695962
-0.719305
-0.761989
-0.812485
-0.860753
-0.913781
-0.961467
-1.008876
-1.061425
-1.115465
-1.159550
-1.200643
-1.243749
-1.285256
-1.332131
-1.380753
-1.427504
-1.474846
-1.482438
-1.473195
-1.466263
-1.448217
-1.439802
-1.430522
-1.409339
-1.383705
-1.374432
-1.368773
-1.357708
-1.347769
-1.326086
-1.299360
-1.274264
-1.246254
-1.234393
-1.228211
-1.218330
-1.211245
-1.197995
-1.183040
-1.171216
-1.159274
-1.136198
-1.108660
-1.081503
-1.051239
-1.024508
-0.997864
-0.967853
-0.936826
-0.931142
-0.935408
-0.937501
-0.946017
-0.946414
-0.946137
-0.952840
-0.961338
-0.959416
-0.954641
-0.952229
-0.948381
-0.950853
-0.955592
-0.958591
-0.962582
-0.952382
-0.936424
-0.922089
-0.904246
-0.890251
-0.876423
-0.858807
-0.840066
-0.828662
-0.819451
-0.808728
-0.799167
-0.785625
-0.770773
-0.757283
-0.743338
-0.748696
-0.762199
-0.774408
-0.791928
-0.804748
-0.817921
-0.836782
-0.857732
-0.870363
-0.881036
-0.894274
-0.906805
-0.925034
-0.945627
-0.965263
-0.986204
-0.999533
-1.010133
-1.022404
-1.033301
-1.046982
-1.061381
-1.074251
-1.087102
-1.105133
-1.125198
-1.145007
-1.166208
-1.185674
-1.205027
-1.225894
-1.247169
-1.230708
-1.198541
-1.168435
-1.127851
-1.097258
-1.066225
-1.023930
-0.977695
-0.945994
-0.917439
-0.884089
-0.851712
-0.808707
-0.761127
-0.714974
-0.666160
-0.635075
-0.610437
-0.582290
-0.557550
-0.526436
-0.493834
-0.465005
-0.436409
-0.396533
-0.352366
-0.308958
-0.262666
-0.220467
-0.178739
-0.133856
-0.088285
-0.070496
-0.063872
-0.055313
-0.054104
-0.044559
-0.034706
-0.032806
-0.033263
-0.022861
-0.009785
0.000319
0.011562
0.015556
0.016683
0.019279
0.020388
0.036360
0.058116
0.077705
0.100655
0.119045
0.136840
0.158294
0.180544
0.194472
0.205618
0.217976
0.228665
0.243225
0.258777
0.272444
0.286185
0.311564
0.341730
0.371455
0.404468
0.434159
0.463931
0.497246
0.531754
0.562422
0.592390
0.623787
0.655059
0.689453
0.725268
0.760829
0.797278
0.827316
0.855015
0.883907
0.911533
0.941474
0.971931
1.000987
1.029935
1.062783
1.097091
1.131108
1.166098
1.199616
1.232934
1.267321
1.301912
1.283913
1.243745
1.206066
1.153489
1.114180
1.073799
1.017443
0.955192
0.912852
0.874530
0.829120
0.784685
0.725059
0.658674
0.593899
0.525032
0.479836
0.442966
0.400853
0.362916
0.315875
0.266363
0.221525
0.176553
0.115727
0.048586
-0.017971
-0.088919
-0.154737
-0.220367
-0.290759
-0.362545
-0.397678
-0.418374
-0.442132
-0.456546
-0.482596
-0.509543
-0.526340
-0.540471
-0.569573
-0.602720
-0.632380
-0.664039
-0.686497
-0.705608
-0.727155
-0.747196
-0.787629
-0.836290
-0.882532
-0.933761
-0.979361
-1.024648
-1.075320
-1.127540
-1.169101
-1.207422
-1.247848
-1.286522
-1.330863
-1.377016
-1.421129
-1.465823
-1.464541
-1.443751
-1.425530
-1.394392
-1.374336
-1.353213
-1.318262
-1.278101
-1.256669
-1.239302
-1.215623
-1.193147
-1.157056
-1.115068
-1.074860
-1.031206
-1.006255
-0.987836
-0.965056
-0.945462
-0.918625
-0.889738
-0.864426
-0.838908
-0.800400
-0.756647
-0.713269
-0.666217
-0.623199
-0.580216
-0.533258
-0.485052
-0.453498
-0.428023
-0.400508
-0.376735
-0.346553
-0.315181
-0.287944
-0.261231
-0.227144
-0.190603
-0.154954
-0.117755
-0.084083
-0.051280
-0.016726
0.017792
0.063363
0.113805
0.163748
0.216932
0.267929
0.319462
0.374440
0.430903
0.482743
0.533677
0.586375
0.638910
0.695002
0.752718
0.810125
0.868539
0.873678
0.856587
0.842832
0.814438
0.799818
0.784553
0.753566
0.717046
0.702294
0.692547
0.676009
0.661231
0.631226
0.594849
0.560896
0.523377
0.509317
0.503824
0.493646
0.487973
0.473987
0.458078
0.447154
0.436570
0.410865
0.379415
0.349007
0.314750
0.285982
0.257857
0.225518
0.192268
0.186883
0.192482
0.195903
0.206494
0.208201
0.209257
0.218102
0.229016
0.228924
0.225943
0.225640
0.223957
0.229238
0.237119
0.243293
0.250696
0.242246
0.227445
0.214588
0.197902
0.185702
0.173824
0.157805
0.140650
0.131833
0.125593
0.117785
0.111399
0.100674
0.088602
0.078178
0.067366
0.066694
0.070329
0.073137
0.078685
0.081905
0.085331
0.091687
0.099139
0.101770
0.103172
0.105941
0.108205
0.113554
0.120125
0.126051
0.132601
0.135762
0.137704
0.140434
0.142569
0.145919
0.149592
0.152603
0.155612
0.161049
0.167447
0.173733
0.180680
0.186836
0.192954
0.199788
0.206825
0.206492
0.203194
0.200430
0.195723
0.193211
0.190778
0.186244
0.181086
0.178868
0.177387
0.175116
0.173166
0.169281
0.164639
0.160406
0.155788
0.155035
0.155790
0.155982
0.157051
0.156942
0.156684
0.157380
0.158287
0.157024
0.155039
0.153373
0.151275
0.150188
0.149364
0.148050
0.146759
0.135129
0.119058
0.103452
0.084868
0.068665
0.052128
0.032409
0.011432
-0.005501
-0.021640
-0.039281
-0.056761
-0.077364
-0.099380
-0.121107
-0.143702
-0.162189
-0.179303
-0.197492
-0.215060
-0.234356
-0.254210
-0.273356
-0.292644
-0.314943
-0.338516
-0.362100
-0.386606
-0.410302
-0.434086
-0.458859
-0.484008
-0.473163
-0.447285
-0.423355
-0.389398
-0.364822
-0.339745
-0.303900
-0.264230
-0.238508
-0.215788
-0.188423
-0.161966
-0.125281
-0.084177
-0.044417
-0.002075
0.023712
0.043523
0.066710
0.086780
0.112889
0.140464
0.164579
0.188549
0.223208
0.261982
0.300116
0.341038
0.378187
0.414969
0.454795
0.495344
0.490524
0.467062
0.446329
0.413216
0.392705
0.372043
0.338046
0.299638
0.278800
0.261960
0.239690
0.218845
0.185566
0.147089
0.110579
0.071154
0.054129
0.045478
0.032859
0.024847
0.009253
-0.007830
-0.019847
-0.031209
-0.056143
-0.086008
-0.114569
-0.146324
-0.172644
-0.198010
-0.226905
-0.256280
-0.265540
-0.266839
-0.269530
-0.266953
-0.270769
-0.274984
-0.273480
-0.270408
-0.274882
-0.281228
-0.285578
-0.290755
-0.290901
-0.289083
-0.288321
-0.286556
-0.296486
-0.311034
-0.324047
-0.339809
-0.352109
-0.364063
-0.378999
-0.394676
-0.404092
-0.411507
-0.419982
-0.427308
-0.437747
-0.449085
-0.459107
-0.469320
