1.284544
0.541991
0.259217
-0.511985
0.719628
-0.201273
0.298372
-0.152309
-0.298426
-0.488634
0.290249
-0.140526
-0.167253
-0.445579
-1.970084
0.812665
-0.225724
-1.455847
0.355567
-0.656852
1.998372
0.004968
0.263973
-0.758277
-0.845050
0.521128
-0.014481
-0.219826
0.136616
0.493558
-0.077872
-0.242736
0.009620
-0.730701
0.478890
-0.223597
0.300918
-0.242944
-1.070464
0.771686
0.058139
0.254512
-0.934135
-0.073233
-0.185532
-0.174795
0.112971
0.763238
0.142489
0.825978
-0.042271
0.004934
0.813258
0.154460
0.646360
0.009123
0.047024
-0.716374
0.464922
0.472793
0.031391
-0.026539
0.320572
-0.230532
-0.724620
-0.150046
-0.201184
1.401871
0.093930
-0.489630
0.402742
-0.823835
-0.003327
0.293423
-0.088221
0.237340
-0.048967
0.099888
0.306028
0.222107
-0.117644
0.597495
-0.129599
0.067796
0.404989
-0.597904
0.456964
0.010423
0.093763
-0.612379
0.219476
0.481661
-0.325768
-0.269351
0.354858
0.630226
-0.031271
-0.436836
0.140904
0.190935
-0.596457
-0.301980
1.300820
0.518904
-0.137135
0.242936
0.509836
-1.066877
-0.594479
0.738169
-0.111907
-0.032724
0.082645
-0.377178
0.131004
0.019379
0.189186
0.359025
-2.373317
-0.301892
0.473438
0.048670
-0.268522
-1.202843
0.423164
-1.057374
-0.189299
0.094674
0.146999
-0.468241
-0.849493
-0.216504
-0.240380
0.321039
0.221394
-0.171228
0.087418
-0.124118
0.057201
0.337694
0.167970
-0.022994
-0.120155
-0.241176
-0.284533
0.689246
0.289154
0.483778
-0.852993
0.293445
0.089956
-0.169093
0.918652
0.334391
-0.131014
-0.167111
-0.247543
-0.081039
-0.497944
0.793915
-0.168909
0.160120
-0.459123
-0.047784
-0.463947
-0.120132
0.118811
0.914382
-0.309413
0.048006
-0.023708
-0.023921
0.221713
-0.108396
0.056672
-0.563240
-0.067308
0.240141
-0.147899
0.273146
-0.694701
0.586043
-0.187775
0.461664
1.205803
-0.011426
-0.233953
0.562814
0.020536
0.193346
-0.095633
0.597786
0.099082
-0.151274
-0.291476
0.433072
-0.336491
-0.147785
0.044879
-0.198422
-0.192210
-0.216342
-0.122991
-0.024795
-0.124695
0.684709
-0.146954
0.052460
-0.162337
-0.030169
-0.403521
-0.998875
-0.206497
-1.000917
-0.070856
-0.093256
-0.398980
0.213566
0.213291
-0.422277
-0.128627
0.091818
0.019886
-0.513111
0.131821
0.606865
0.575476
0.180727
0.135007
0.375675
-1.051629
-0.306270
0.409615
0.392940
-0.048719
0.248957
-0.231515
0.596894
0.189789
-0.320456
0.452210
-0.211015
0.026926
0.220372
-0.179477
-0.326291
-0.197129
0.450284
0.001771
-0.000895
-0.251923
-0.995205
-0.016340
0.835573
-0.324625
-0.721300
0.027239
0.091993
0.226411
0.086675
0.037814
0.544917
0.197875
-0.196330
0.229904
-0.407317
-0.111079
0.353295
-0.220640
-0.197721
0.331509
0.108175
0.046547
-0.518212
-0.030371
0.246295
0.419714
-0.469096
0.126771
0.117468
-0.549619
0.013043
0.464892
0.160217
0.080999
-0.498143
0.305836
0.359096
0.087944
-0.526611
0.569869
-0.158587
-0.644107
-0.504080
0.069780
0.127669
0.028104
0.107233
-0.852308
-0.257724
0.934776
0.155426
0.229230
0.306705
0.003141
0.376068
-0.240040
0.540976
0.035220
-0.189055
-1.316346
-1.979148
-0.447452
-0.068352
-0.223989
0.380943
1.092082
-0.335003
-1.368337
-0.258163
0.678181
0.246946
0.035534
-0.984489
1.013599
-0.832255
-0.234251
-0.255719
-1.203919
2.000172
0.133021
0.020241
-0.568945
-0.705465
0.064334
0.059730
0.244355
0.341718
-0.194166
-0.118233
0.462702
0.138646
0.054138
0.093077
0.057298
0.286954
0.207359
-0.101527
0.578337
-1.798858
0.439191
0.038898
-1.445750
0.291537
0.299082
0.062053
-0.256213
-0.148294
0.074801
0.709680
0.875268
-0.356215
-0.192923
-0.046884
0.440321
-0.188238
-0.078235
-0.159033
-0.163001
-0.007160
-0.938662
0.311973
0.184422
-0.825331
-0.858301
0.048037
-0.533223
0.316616
-0.712463
-0.340855
0.018272
0.258072
-1.098066
-0.095714
-0.048874
0.036980
-0.798258
0.378469
0.521153
0.097279
0.483344
-0.062245
0.703932
-0.036865
-0.071180
-0.692940
0.300926
-0.141785
-0.253700
-0.113908
0.592676
-0.727727
0.440453
-0.330389
0.343507
-0.065698
-0.043087
-0.155714
0.433127
14.693385
14.607027
14.717887
14.720053
13.896546
15.101390
15.657007
14.057051
14.316863
14.679850
14.651815
13.731385
15.241435
15.484276
14.354048
13.658986
14.749996
14.601760
14.513285
14.334882
15.367650
14.063532
14.750060
14.669814
14.342578
14.535854
14.494602
14.608328
14.509529
13.716806
14.598870
15.017834
14.479095
14.018522
14.496038
14.669575
14.026372
14.605766
15.062688
13.944072
14.304867
14.112626
14.385251
14.778526
14.328501
14.525159
14.585307
14.241524
14.267475
14.465251
14.746432
14.306452
13.460472
14.526389
16.145366
14.293225
14.812967
15.387291
13.829872
14.436389
14.614582
15.454918
14.727687
14.740105
15.215822
14.955506
15.049958
14.658970
15.349797
14.644411
14.142243
14.615960
13.853360
14.843236
14.148003
15.082816
14.394512
14.193339
15.721362
14.608705
14.802971
15.044959
14.786054
14.847623
14.553083
14.724602
14.292319
14.623005
15.468013
14.674882
14.278865
15.937676
14.990286
14.731952
15.088075
13.989259
14.201733
14.065226
14.800385
14.730703
14.483524
14.642797
15.016359
14.615095
14.656320
14.007338
14.554087
14.756162
16.006739
14.108122
15.131806
14.605580
14.924235
14.243834
14.511077
15.876330
16.138353
15.061826
15.737133
14.530124
15.138750
14.552969
14.607818
-4.357878
-4.189681
-4.391496
-3.473947
-3.608176
-3.693581
-3.526154
-2.879722
-4.099827
-4.005259
-3.565603
-3.631996
-3.805372
-3.765151
-3.661702
-3.656131
-3.749905
-3.829074
-3.339904
-3.815538
-3.996113
-4.025796
-3.306264
-4.090462
-3.070967
-3.575334
-4.027260
-3.633057
-3.122679
-3.810749
-3.514175
-3.635702
-4.049769
-2.989173
-4.186668
-4.349184
-4.527313
-3.534923
-3.394038
-3.657486
-3.824264
-3.287012
-3.533891
-4.475637
-3.060667
-3.727513
-3.686509
-3.768150
-4.770845
-3.749331
-3.241131
-3.757405
-4.137170
-3.660462
-3.406541
-3.853943
-3.614016
-4.822835
-2.691760
-4.051106
-3.702929
-4.103548
-2.914053
-3.716697
-4.053713
-4.195661
-3.480771
-3.768863
-3.572831
-4.543569
-3.830110
-3.552967
-3.689442
-3.899464
-3.561838
-5.089969
-3.625389
-3.465493
-3.729211
-3.792223
-3.665497
-3.560605
7.098623
7.423970
7.600248
7.251607
7.038225
7.473728
7.345901
7.103570
7.327021
7.535448
6.895652
7.253711
8.027487
6.858930
7.328839
7.409721
7.342460
7.378667
7.165034
7.282225
7.218121
7.524852
7.235592
7.553499
7.338141
7.329156
7.865264
7.419145
7.306079
7.110516
7.524418
7.463535
7.717730
6.898486
8.278490
7.275574
7.220904
8.254005
7.561624
7.100609
6.939267
7.457621
7.038910
6.713333
7.433962
7.513346
6.574845
7.323608
7.339248
7.066657
7.509527
7.521299
7.107936
7.424620
6.923961
7.117244
7.646124
6.868355
7.490419
6.888249
7.324268
7.941347
7.336156
8.414738
7.296181
7.002713
7.296159
7.507921
7.340251
7.390173
7.012033
7.640931
6.889458
6.662394
6.595526
7.384931
7.021896
6.977002
6.321055
7.490763
6.891915
7.374668
6.642068
7.152930
7.179840
7.242407
7.529818
7.297222
7.384467
6.790770
8.260480
7.327980
7.715356
8.069572
7.305954
7.228386
9.206129
7.744360
7.170615
7.315100
8.138645
7.784955
7.185383
7.348001
6.788637
7.355419
7.757058
7.630310
7.481332
7.076147
7.223616
7.128312
7.599900
7.497447
7.214174
6.919154
7.978744
7.507461
6.928134
6.820789
6.904951
7.292816
6.792066
8.055401
7.403457
6.452255
7.362983
7.172545
7.948301
7.320063
7.296330
7.359455
7.214212
7.720732
6.071438
6.844729
7.912348
7.548307
7.806018
7.440864
7.187393
7.374420
6.644406
7.379172
7.231470
7.164385
7.252388
7.483489
7.185734
7.130500
7.222936
7.850671
7.362354
6.999513
7.168710
7.415180
7.349967
7.604178
6.713155
7.801720
7.830730
7.731176
6.515418
6.637716
6.600136
7.999940
7.914936
6.781766
7.054247
7.762500
7.557641
7.431067
6.740692
7.142841
7.408582
7.484249
7.401937
7.497474
7.563949
7.709375
7.317506
6.301713
8.022724
7.786640
8.400570
6.650264
7.347141
7.212630
7.581305
8.047643
7.336408
7.434578
7.010891
7.196521
8.836596
7.672639
7.201304
7.272475
6.784218
6.809722
7.305151
7.889568
8.260071
7.724380
7.344390
6.826614
7.299143
7.884601
7.267951
7.741888
7.544272
7.574912
7.206665
6.482506
7.436525
7.133900
7.159493
7.230663
7.103152
6.641777
7.121660
7.793200
7.812566
7.130525
7.535562
7.409967
6.380589
7.839840
7.657999
7.314977
6.539716
6.443384
7.324014
5.124084
6.192958
7.914563
7.300258
6.870536
7.157909
7.152628
7.677080
7.499428
7.346751
7.739810
7.747543
7.647260
7.574231
7.365448
7.376557
6.745183
7.205629
6.474507
7.855118
7.584540
6.929510
6.440511
7.574532
5.950278
6.862034
7.664926
7.406726
7.374172
6.596986
6.780070
7.222961
7.186131
7.678869
6.059402
7.691886
6.774750
7.845752
7.354445
6.622738
5.436252
6.906273
7.127448
7.534990
7.116014
6.997154
7.353260
7.511191
7.397524
7.530187
7.099813
7.918804
8.156245
7.622614
7.313913
7.939383
7.335312
8.135484
7.304303
7.252028
7.347682
6.922312
7.246285
7.693471
6.801999
7.013095
7.295240
6.863925
7.089287
7.303752
7.613179
7.627887
7.821626
7.402480
7.694282
7.563003
7.430885
8.283250
7.738063
7.090283
8.007417
7.215911
6.813176
6.867254
7.183412
7.175358
7.348917
6.153453
7.946920
8.829203
7.241910
6.901355
8.088044
7.206012
7.498276
-7.670752
-7.960972
-6.717862
-7.130595
-7.520613
-6.836357
-6.924236
-7.267832
-7.224977
-6.986032
-6.953559
-7.699840
-7.668884
-7.364233
-7.188354
-7.274163
-7.393760
-6.890268
-7.695116
-7.364084
-7.088036
-7.828954
-8.151916
-6.901622
-7.898024
-7.097860
-7.746945
-7.393828
-7.284121
-7.194525
-7.175481
-7.324066
-6.995850
-6.214465
-7.751828
-7.555943
-6.913965
-6.917308
-7.510749
-7.337878
-7.432073
-7.225250
-6.999132
-7.427371
-6.961789
-7.467482
-7.267139
-6.582193
-6.898544
-7.228988
-6.870869
-7.361713
-7.629943
-6.709097
-7.304267
-7.399316
-7.354182
-7.274405
-7.496108
-7.062865
-7.340356
-7.971482
-7.852427
-7.573210
-7.706594
-7.429307
-7.565678
-7.008346
-8.592655
-7.199790
-7.347852
-7.786917
-7.521961
-6.715488
-8.216077
-7.369336
-7.450067
-7.219658
-7.255917
-8.068227
-7.468371
2.121448
10.586447
10.891548
11.095332
10.415700
10.980929
10.680566
11.639758
10.672687
10.935803
10.138028
10.650157
11.801933
10.531473
10.908997
10.646221
11.428095
11.160412
12.177283
11.002481
10.700682
11.201789
11.107062
10.837238
10.605513
10.934614
11.353573
12.141139
10.847136
11.132822
10.042992
11.103309
11.028271
10.989962
11.301500
11.106592
11.083463
11.370430
10.602484
10.735997
11.321439
11.249740
10.605184
11.157178
10.710093
9.797790
11.166875
10.513998
11.529087
11.175992
11.003705
10.412335
10.558192
10.947370
10.240578
10.377385
10.622744
11.816940
11.379189
10.901528
10.990929
11.330259
10.998949
10.452416
10.935644
11.137111
11.591833
12.303010
10.950684
10.668688
10.763309
11.529273
11.088040
10.905993
10.716542
10.408907
11.103943
10.214052
10.129158
11.150413
10.665763
10.626258
11.644237
10.857125
10.795051
10.878503
10.867592
10.457699
10.770657
11.319716
10.846888
11.029344
10.925121
10.845662
10.831629
11.106662
11.282886
10.518987
10.791990
11.437742
11.000472
11.532014
10.610134
10.796195
11.218014
10.709519
11.032933
10.728666
10.540182
10.554633
11.043006
11.213383
10.968919
10.626168
10.507307
10.554884
10.896771
10.839483
10.914798
10.945285
10.874486
10.547856
9.936732
10.953530
11.026766
11.103747
11.340116
10.594380
11.525810
10.877093
11.689415
10.795892
10.904378
11.206343
10.813570
11.416079
9.447373
11.063511
11.092020
11.265640
10.623479
10.899842
10.310491
10.507327
10.774813
10.993616
11.140981
11.267447
9.887025
10.115157
11.501832
10.494869
11.334502
10.740576
10.976469
10.750094
11.041557
10.739458
11.376509
9.620036
11.497292
11.090056
10.521289
10.893809
10.639326
11.425688
11.236783
11.474250
10.881607
11.204077
10.682736
10.908404
10.985488
10.594156
10.332298
11.162521
11.036545
11.316973
11.101824
11.828214
10.703954
11.135048
11.302856
10.931652
10.801936
11.108667
11.017862
10.916669
10.182638
10.246839
11.512744
11.176500
10.877609
10.703168
9.513183
10.933649
10.894130
10.722750
11.179561
10.873501
11.037882
10.953641
10.136035
11.256754
10.461987
9.378300
11.304541
10.739202
11.175627
11.071088
10.937720
11.697519
11.020813
10.830451
9.945883
10.552026
11.291958
10.802230
11.686963
11.006812
11.772255
10.523163
11.252149
10.923307
9.699782
11.566443
11.068470
11.333734
11.090964
11.188607
10.954333
11.003002
11.126347
11.035887
11.099190
9.950950
11.219505
10.099359
11.093790
11.737677
11.000929
13.500806
10.860106
10.739379
11.459436
11.186251
11.207250
10.989928
10.082254
10.813920
10.482683
11.096228
10.717494
13.308019
11.010245
10.659390
11.070097
10.937727
10.288199
11.282426
11.016569
10.508610
10.909400
10.499853
10.962527
10.744952
10.893024
10.881408
10.453859
10.765873
10.961937
11.211529
11.836375
10.904269
11.088412
11.400357
10.642353
11.297220
12.301937
11.449816
11.295019
11.473167
10.410276
10.694093
10.856993
10.257436
10.957025
10.376321
10.999328
10.990887
11.430628
10.868018
11.033772
10.606289
11.731824
10.795099
10.240694
10.928843
10.990279
9.885025
11.427164
11.014666
11.264651
11.343104
10.868159
10.199322
10.678237
11.801088
10.657491
10.634356
10.967934
10.665511
11.140074
10.773759
10.825655
11.410761
10.905590
10.859126
10.950125
11.314306
10.932571
11.108754
11.951060
10.622836
11.238015
11.347517
10.635573
11.003938
10.660377
10.708831
11.451115
11.403662
11.134904
11.075457
10.515978
11.152460
11.236671
11.061405
11.001663
10.644612
11.324104
10.954011
10.818432
10.991543
11.260245
10.852766
11.029825
10.698695
10.291533
10.641015
10.916258
11.270490
10.997017
10.215902
10.589178
10.406354
10.951822
10.960440
11.025052
10.856845
11.007243
10.785930
11.313998
11.091945
10.976278
11.186455
10.902378
11.759373
10.910845
11.158699
11.298047
11.478253
10.936473
10.806119
11.650703
10.812013
10.967312
11.204718
10.607471
11.404403
11.616484
11.646730
10.741820
11.229025
11.580268
10.527692
11.699549
11.295476
10.752214
10.808523
10.948792
10.865506
11.098483
10.604226
11.172566
10.578243
10.661498
10.631725
11.201827
10.491760
11.582113
10.100559
10.091897
11.568094
11.919793
9.567858
11.667884
10.801561
10.652951
11.005385
11.429516
10.272506
10.992395
10.350326
10.126699
10.873035
10.757414
11.031820
11.224113
11.020540
11.065936
10.889483
9.515333
10.750389
10.788248
10.596651
10.834689
10.812918
10.259410
11.103438
11.169238
11.132168
10.243977
10.738783
11.054085
11.238899
11.307010
10.784068
11.976458
10.149132
10.811882
10.993628
11.868261
11.392055
10.655801
11.482003
11.330559
10.526511
9.975344
11.467716
10.595790
10.830790
10.883246
11.165958
10.934876
10.866318
11.347812
11.087366
11.237305
11.289460
12.113738
10.811607
10.904967
10.666355
10.190601
10.902165
11.350982
11.274816
11.452120
10.193489
11.539726
11.174834
11.603294
11.388093
10.300329
11.308998
11.189231
11.027014
11.214309
11.148390
11.345832
10.633038
11.026541
10.077112
11.061259
11.326552
10.352014
11.582882
10.821631
11.009078
10.090884
11.661359
10.712697
10.861819
11.186730
9.020346
10.853845
11.211818
10.957179
11.021164
11.109037
11.037483
10.999414
10.935764
10.709263
11.158481
11.189066
10.923778
11.142797
11.198860
11.352034
10.907255
11.780482
10.915691
10.887535
11.278341
11.045733
10.106990
10.060731
11.062894
10.665653
10.359428
10.950390
11.135714
11.443419
11.181029
11.572077
11.027764
10.529201
10.270727
11.215835
10.398406
10.364549
11.808377
11.280393
10.700314
11.167963
10.541677
11.018105
10.993392
11.071862
10.944205
11.386391
10.945299
11.155035
11.170543
11.029489
10.887284
10.461342
10.912277
10.527361
11.172721
10.758122
11.125320
11.088906
10.851715
11.649435
11.388585
11.167496
11.170125
11.390200
11.060507
11.256547
11.541596
11.150579
11.064153
10.992197
11.057519
11.214078
11.541779
11.030889
11.440020
10.483560
11.346340
10.913675
9.356147
10.696467
11.630338
11.030401
11.904670
11.071785
10.231565
11.064527
10.914104
11.026969
11.348193
11.289260
9.837152
10.478374
10.867433
10.826522
10.859245
10.965901
9.847989
11.041014
11.018531
10.975658
9.869761
11.053141
11.273715
11.091050
10.643582
10.682961
11.215299
11.093412
10.984952
11.282778
10.193344
10.988650
11.391816
10.941188
10.911983
10.793163
10.968444
10.403905
-3.937755
-5.063726
-4.709611
-4.041727
-4.111401
-4.471231
-4.912718
-4.515557
-3.163863
-5.150158
-5.120575
-4.383247
-4.400063
-4.243593
-4.741667
-4.122767
-4.332365
-4.545219
-4.130944
-4.616250
-4.406455
-4.572621
-4.271875
-4.149145
-3.519861
-5.404815
-4.445034
-3.851218
-4.250047
-3.820523
-3.914171
-3.639331
-4.079110
-3.890284
-4.022908
-4.476398
-4.708586
-4.216903
-3.620284
-4.380339
-5.752060
-4.448775
-4.786966
-3.731341
-1.355552
-4.446487
-4.485665
-3.880142
-4.282219
-4.784420
-4.224691
-4.609816
-3.877382
-5.043729
-3.557982
-4.466989
-4.136571
-4.398527
-4.649561
-3.671871
-3.870095
-4.592755
-5.213366
-4.098302
-4.503413
-3.741037
-4.154787
-4.331248
-4.009417
-4.128140
-4.789850
-4.209757
-3.330072
-3.966006
-4.315350
-4.224022
-4.683283
-3.561316
-3.996862
-4.259256
-4.251847
-5.312842
-3.261032
-4.709622
-4.209375
-4.450986
-4.085981
-4.430008
-4.698987
-4.269009
-4.544949
-3.851908
-4.994064
-4.404605
-4.473828
-4.664531
-4.213358
-4.551341
-4.168874
-2.444766
-4.169417
-5.018135
-4.602870
-4.439386
-4.178697
-4.509988
-4.363420
-5.710189
-3.949515
-6.087094
-4.775301
-4.251137
-4.443823
-4.341160
-4.363701
-4.033988
-4.213145
-4.476485
-4.320985
-4.474255
-4.659262
-4.143769
-4.917293
-4.194853
-4.608283
-4.392025
-4.368003
-4.544981
-4.461946
-3.922563
-4.460654
-3.335673
-4.803359
-5.784243
-3.823605
-4.763596
-4.054989
-3.955042
-3.724253
-3.883085
-5.410522
-4.068493
-5.277637
-4.229084
-4.426787
-3.756916
-4.760161
-4.530265
-3.926397
-3.099507
-4.263338
-4.626194
-4.351994
-4.017008
-4.295226
-5.149346
-4.554840
-4.595342
-4.384924
-4.565430
-4.238090
-3.599487
-3.717484
-4.895552
3.457248
3.432161
3.644556
3.695946
3.901264
3.491855
3.275371
3.381352
3.517529
3.255828
2.866877
3.930268
2.394471
3.395429
3.873585
3.194956
2.949001
2.613183
2.564064
3.302469
3.415045
4.191737
3.207589
2.828199
3.454666
1.945661
2.956460
3.798182
2.917917
3.232747
3.288598
3.525531
4.645054
3.504602
3.658424
3.081933
3.336177
3.496425
3.853380
3.674139
2.653329
4.417429
2.698033
3.481220
3.233187
3.133148
3.287454
3.862242
3.223144
3.174707
3.054239
3.380493
3.664810
3.505852
2.773455
3.320759
3.397196
3.010776
2.982848
3.338425
3.637103
3.455898
3.279578
3.232967
3.905120
1.950679
3.730013
3.343208
4.591490
3.531378
3.116868
3.346692
3.207091
3.667960
3.519724
4.478905
3.582115
2.332380
3.869491
3.262427
3.716941
3.495035
3.096384
3.587521
3.049425
3.467423
3.109450
3.240825
3.276160
3.296654
2.872981
3.649986
2.901086
2.252384
3.152485
3.253415
3.408047
2.882237
3.710852
3.562973
3.859607
3.750145
3.316342
2.569082
3.646062
2.397490
3.123005
2.700030
3.340188
3.315541
3.056273
3.126854
2.432500
3.781106
3.439054
2.836137
4.628296
3.671982
3.379830
3.311791
3.082817
2.871069
4.506389
3.484420
3.683794
2.102036
3.564125
3.392587
2.987949
3.229834
3.072714
3.165305
3.048477
3.192357
3.278281
3.567999
2.773550
2.541595
3.368198
4.048955
3.462215
3.038264
3.218078
2.807004
2.971175
3.876275
3.467514
3.375148
1.892709
3.105830
3.233705
3.515562
3.407702
3.034521
3.111579
3.430629
3.025281
3.654902
3.200217
3.582599
2.703711
2.164264
3.316792
2.558885
4.077945
3.347580
3.275990
3.409749
3.070319
3.820072
3.845977
3.242086
3.226166
3.397043
3.311950
3.780618
3.546288
3.888847
2.102137
3.721012
3.457103
3.289278
3.526166
3.598111
3.916458
3.905022
3.370360
3.096703
2.852037
3.100898
3.584533
3.086603
2.820420
3.297252
2.949180
3.453264
3.824886
3.262380
3.685553
3.641606
3.648183
3.314788
3.263740
3.339261
3.039556
3.211969
3.302814
3.397920
1.780647
3.540915
2.805122
3.855662
3.863214
2.158761
2.961959
3.594829
3.856460
3.543106
3.682557
3.083893
3.120861
3.411454
3.087396
3.444074
3.239436
1.769417
2.731710
4.417335
6.064988
3.469749
3.849413
3.230505
3.405507
3.246885
4.268316
2.424221
3.610785
3.383709
2.901200
3.937178
3.663721
3.451205
3.523255
3.886986
3.626577
3.723778
2.932655
3.207794
4.306054
3.858473
3.241567
3.499175
3.269746
3.067032
3.222029
3.379452
3.295301
3.096820
3.524538
3.554773
2.828333
3.320359
3.686830
3.580805
3.086242
3.157277
3.390596
3.246087
3.126761
3.430316
2.965073
4.253806
3.547811
3.310706
3.640160
4.666186
3.175211
3.715852
3.910586
3.630700
3.509903
3.279896
3.492083
3.334858
4.235308
4.609791
3.294922
3.176531
3.213875
3.454083
3.017818
3.213968
3.249003
3.165771
4.498554
3.399484
3.322637
3.524000
2.788834
3.361890
3.606283
3.674637
2.750310
3.815024
3.491515
3.785436
3.173321
3.479129
2.962114
3.020589
3.621378
3.254715
3.156181
3.775603
3.344745
3.358930
3.506212
3.596048
2.968792
2.899786
3.685723
2.844929
2.929554
3.801415
3.276712
2.231844
3.127969
3.416150
3.294519
3.667827
3.409176
3.282620
3.238480
3.278420
4.107441
3.311047
3.308741
3.156462
3.236136
3.675312
3.323811
3.118993
3.218207
3.373826
2.619791
3.076099
3.544339
3.033933
3.341992
3.841532
2.988414
2.710602
3.111782
3.337960
2.709626
3.674238
3.804643
3.358422
3.466896
3.421506
3.358538
5.080686
3.326284
4.016509
3.373519
3.100591
3.315806
2.872838
3.579451
1.581890
3.326240
4.467873
3.281893
3.418373
3.413543
3.421483
2.967153
3.376273
2.831826
4.433698
3.589828
4.353270
3.437012
4.360653
3.127552
3.237489
3.101169
3.308371
3.949371
3.673553
3.161109
2.630409
3.278685
4.775136
2.850654
3.732071
3.492474
3.693471
2.488818
3.101429
2.821220
3.304059
3.132882
3.270682
2.893454
3.496553
3.374965
3.343519
3.212545
3.232896
3.273216
4.282556
2.424186
3.504233
2.074044
3.485967
2.867589
5.025349
3.284414
4.584485
3.276466
3.241650
3.241478
3.825278
3.310586
2.734393
2.657178
2.547636
3.898872
3.306354
4.049749
3.889526
1.671614
3.566308
3.388382
3.246514
3.009391
3.213632
2.428579
3.519424
3.016509
2.801945
4.232206
3.696057
3.551054
3.624982
2.612327
2.686272
3.327753
3.374814
3.491575
3.457513
3.390497
3.427412
3.050488
3.222557
3.869846
2.748866
3.290337
3.513679
3.547312
3.551628
3.185879
3.348801
3.088121
3.146492
3.221861
3.160638
3.173521
2.743292
3.060195
3.183699
3.191185
3.318049
3.956442
3.604692
3.007268
3.650702
3.169777
3.790678
2.407699
3.823886
2.927731
3.211496
3.343017
2.506439
3.299235
3.337991
3.519205
3.284042
3.171751
2.831792
3.562586
3.385642
3.350332
3.045591
2.803699
3.211903
3.063862
3.564272
3.037228
3.239529
3.930534
2.638773
3.211518
4.404475
2.606144
3.649672
3.251030
2.603632
3.088451
3.519477
3.846545
3.048270
3.919377
3.525435
3.629234
3.123897
3.032080
3.238292
3.425423
3.783457
3.423935
3.317582
3.360340
3.248796
1.796809
2.991284
2.568759
3.660776
2.622587
3.003243
3.192815
3.456817
3.005896
3.103945
2.661218
2.598430
3.607514
3.726951
3.166741
2.782656
3.343299
3.774620
3.368330
3.268516
3.884581
2.811119
2.760586
3.167270
4.017846
3.467425
3.133812
3.335379
4.078010
3.524932
3.385572
3.102710
3.832299
2.852670
3.395386
2.839465
3.712312
3.188111
3.930675
3.399570
2.462403
5.479602
3.476838
4.234583
3.598470
3.304384
3.589214
3.451990
3.403441
3.435788
3.370918
3.961132
3.508566
3.067327
2.750307
3.768733
3.299434
2.962749
2.909561
3.207086
3.521836
3.120926
3.369317
3.180198
3.293382
3.905707
3.277117
3.043564
3.024470
3.582508
2.846048
3.462752
2.839845
3.172919
3.820771
3.396683
2.863380
2.728857
2.875932
3.127194
2.705329
3.124240
3.111621
3.066019
3.474886
3.152258
3.670481
3.199066
3.526792
3.270145
2.882241
3.798894
3.004405
3.354880
3.277848
3.829120
3.423279
3.561778
3.431162
3.606439
3.175160
4.711889
3.104444
2.406447
3.260766
3.447486
1.119772
1.832899
3.163903
2.430728
2.943801
3.412514
3.066691
2.792395
2.511011
3.164256
3.797549
3.346870
2.213701
3.204063
3.337302
3.151300
3.322855
3.285923
2.759705
3.482654
3.194651
3.453664
3.965260
3.255687
2.818466
3.137034
3.432126
3.043988
3.003308
2.519484
3.465619
2.615322
3.314909
2.902643
3.091283
3.437345
3.017523
2.935703
3.452576
3.298335
3.332221
2.831387
2.868925
3.336576
2.705716
2.534016
3.101953
3.193742
3.144227
3.887953
2.636546
2.698550
4.842437
2.821902
3.607049
3.131531
2.630065
3.012399
3.410599
3.530136
3.043537
3.915728
4.022535
3.980568
3.345753
3.004034
3.447495
2.840773
3.286533
3.176311
3.408329
4.581025
3.155089
3.061429
3.360886
2.858626
3.556715
2.547855
3.323576
2.960594
2.602634
3.882528
4.181364
3.502359
3.271782
3.559242
3.221733
3.721316
3.687065
3.379354
3.451145
3.659220
4.753482
2.818747
2.607787
3.241915
3.817779
3.372054
3.321894
3.292778
3.353476
3.241998
3.369149
2.883787
3.228430
3.182637
3.719117
3.044556
3.875734
3.008963
3.686668
3.306399
4.466708
3.283459
3.706174
3.276300
3.448429
3.248927
3.533512
2.411380
2.672279
3.720986
3.292750
3.939688
3.236780
3.840409
3.332122
2.394567
3.628407
3.494814
3.141832
3.385984
3.664223
3.727741
3.707032
3.615206
2.563276
2.815583
3.273560
3.487408
3.994528
2.447621
2.780812
3.022666
3.529698
3.987263
2.680876
3.404634
3.176171
3.042658
3.369883
2.948216
2.150223
2.640408
3.313571
3.061571
3.164858
3.684644
3.463378
3.140604
3.369324
3.294266
3.721889
3.801693
2.438150
3.552212
2.307083
3.304468
3.504915
3.926229
2.837166
3.506157
2.630974
3.326014
2.755448
3.235867
3.192739
3.144000
3.176983
2.869331
3.273803
2.936577
3.068415
3.637974
3.281578
3.199185
3.893035
3.156014
2.923823
3.281952
5.001730
2.910771
2.860031
3.346566
3.661501
2.871450
3.518618
2.814952
3.354823
3.160075
2.875051
3.785813
3.353879
3.284808
2.873218
3.320774
4.188125
3.380253
3.202293
3.806006
2.935722
3.707928
3.199967
2.956147
1.736065
3.943100
3.183806
3.023318
4.329225
3.014803
3.362914
3.544891
3.440039
3.364448
3.355169
3.025638
3.628598
3.273981
18.688560
19.200835
18.438227
18.797657
19.675120
19.182705
18.654684
18.553504
19.188375
18.988119
19.384038
18.752168
19.121068
18.923179
19.305270
18.928788
19.593925
20.130406
19.203020
19.000813
19.114159
18.996082
19.623675
18.622221
19.046636
18.746216
19.050117
18.940096
19.220411
18.920857
18.921427
19.025202
20.110153
18.164776
18.774744
19.193668
19.396698
19.635973
19.344805
18.857364
19.154222
19.036461
18.811040
20.164029
17.881332
18.199476
19.088538
18.981898
18.821355
18.848902
19.025424
18.745562
18.991216
19.182365
17.989029
18.832885
19.006381
19.142783
19.006417
18.981606
18.554476
19.353558
18.655679
19.004089
19.703880
19.192402
18.681702
18.544226
18.513704
18.187127
19.063931
18.739313
18.963371
18.498460
18.751371
19.433478
17.638163
19.658139
18.655802
19.030210
19.191121
18.786899
18.183294
18.225617
18.777237
18.438332
19.252435
19.067030
19.176315
18.961398
19.189622
17.909782
19.509214
19.015774
18.310010
18.832909
19.386247
18.519877
17.933047
18.898136
18.888711
18.904922
19.026524
18.712988
19.168933
18.822776
18.947470
19.032489
19.194308
18.737238
18.958764
18.939015
18.992522
18.253590
19.138995
19.426507
19.023636
19.410662
18.747978
19.201424
19.077540
18.947504
18.639339
18.986695
18.824584
19.377457
18.784286
18.922140
18.730439
18.755688
19.136498
19.440425
18.862434
19.013806
18.987605
19.326743
19.199361
19.398531
18.109359
19.460356
18.227780
19.143861
19.267320
20.124788
19.376290
18.139617
18.946217
19.072252
19.162073
18.438938
19.019347
19.052434
18.878557
19.966555
18.626633
18.967704
19.002508
19.002713
18.195914
18.943846
18.975419
19.207292
18.771637
18.875655
18.942020
19.646857
19.548581
19.297927
19.455850
19.207196
19.541989
19.725877
19.232828
19.133921
18.627240
18.530159
19.163910
19.052359
19.177836
19.456622
18.473947
19.368054
20.129871
18.580337
19.813935
20.314427
19.253404
19.109788
19.032503
17.942382
19.133812
18.794043
19.417594
19.420438
19.733348
19.418440
18.968439
18.949199
19.230733
20.385673
19.079539
18.425917
18.914227
19.152533
19.191475
19.020407
18.998504
18.894474
19.125395
20.219325
18.921066
18.430848
18.540574
19.500947
18.542193
19.211105
19.520161
18.927125
19.263303
19.299997
18.979959
18.992734
19.158303
18.653544
19.113805
19.746494
18.214943
18.454455
19.115769
17.805131
19.169959
18.962062
19.738626
19.075233
18.647753
19.189306
18.865516
18.455436
18.818634
19.871244
19.033136
19.182532
19.060617
19.082580
19.070886
18.845977
18.800237
18.949090
19.135299
18.428022
19.118793
18.672508
18.566349
19.677618
18.227605
18.711306
18.461661
18.693215
19.472966
19.181625
19.302376
18.765017
19.641585
18.732677
19.029351
19.109661
18.599473
18.857045
19.705835
18.991117
19.043406
19.729598
19.341481
18.840958
19.124019
18.954754
19.036817
18.965718
18.844470
19.146477
19.420686
19.454228
18.868034
19.022561
18.889680
18.455267
19.005430
18.563646
18.918436
19.028883
19.152635
18.916641
19.574180
19.303775
18.873886
19.361898
18.768042
19.152727
19.555489
19.115077
18.871289
19.056007
18.750499
18.797152
19.102897
19.494560
18.951420
19.124577
18.935418
19.035636
18.887574
19.827045
19.218434
18.896168
19.132823
18.038952
19.087259
18.435944
19.760757
18.316853
18.484102
19.045889
19.071711
18.977766
19.051807
19.080295
18.964450
19.296015
19.503388
18.530386
15.832674
17.669820
19.062732
19.253574
19.215917
19.267572
20.326942
18.876450
19.439371
19.105327
19.497617
19.032172
18.885302
18.860429
18.915686
18.616953
19.108545
18.872050
18.849443
18.896456
18.953750
19.614405
18.779067
19.369856
18.482206
19.285783
19.147636
18.815226
19.399121
19.568577
19.008070
19.829317
18.793870
19.193991
19.072175
18.339985
18.279234
18.749264
19.247870
18.926448
19.029444
19.329578
18.657588
19.053205
18.687156
19.331482
18.665096
19.078533
19.157400
19.018016
18.880598
18.752231
18.857534
18.669554
18.767727
17.950007
18.759034
18.337099
18.669552
18.745478
19.060258
19.585932
19.183273
19.324265
19.114933
19.183520
19.040066
19.017066
18.601405
18.659121
19.026762
19.403194
18.670231
18.626134
19.080852
19.208003
18.827681
19.637187
19.583723
19.795322
18.935375
19.216684
18.862899
19.015236
19.081296
19.168247
18.992221
19.019790
19.768250
20.146331
19.515785
19.185597
19.413597
19.009605
19.801886
19.387740
19.393433
19.289753
18.903316
18.828915
19.320359
19.227176
19.176264
19.137027
20.253411
19.126323
19.028707
19.042665
18.786984
18.357339
18.682831
18.898729
18.744651
19.106531
19.056142
18.619347
19.179720
19.245485
18.696924
19.154016
7.164793
7.606287
7.033648
7.630524
7.706171
7.574850
6.239333
7.932107
7.176482
7.859129
7.892836
7.762352
7.721427
7.626544
7.564849
7.380869
9.156708
6.878994
7.689967
7.771799
7.601765
6.510883
7.727391
7.596081
7.607205
7.829177
7.881285
7.747252
8.182811
8.247434
6.659829
7.805849
6.280516
7.458106
8.084678
7.767903
6.727121
7.463679
7.748111
8.165548
7.876732
7.675034
7.610859
7.371664
6.476147
8.641535
6.874191
8.069023
7.743058
7.546302
7.639046
7.638988
7.406973
7.420518
7.896826
7.799911
7.723297
7.237940
8.135552
8.100002
8.457452
8.211779
7.713795
7.083405
9.518201
7.446144
7.859206
8.063628
7.450939
7.662169
7.695076
7.879678
7.952296
7.649809
6.925256
7.687246
6.605723
7.737012
7.286858
7.549952
7.912740
7.656017
15.561517
15.545785
15.010415
15.771785
15.258950
15.325034
15.920165
15.471355
15.221503
15.182234
14.812947
15.753606
16.115767
16.405813
14.715614
15.764093
15.743387
15.635356
16.927290
15.507032
15.928260
15.087162
15.369441
15.229320
15.275095
14.780897
14.930921
15.535095
15.239787
15.149297
15.549075
15.961026
15.414749
15.213240
14.549940
15.214453
15.750513
15.200992
16.061463
16.205009
15.280525
15.848198
15.557834
15.004529
12.135608
15.956774
15.555687
15.362043
15.311627
15.806095
15.389071
16.012133
15.201552
15.180501
15.455764
15.479033
14.651459
15.746102
15.742790
15.917170
15.607246
14.189755
15.197878
15.472595
14.883403
15.250231
16.005274
15.912601
15.686148
15.916793
15.835434
15.866875
14.516257
15.102153
15.119395
15.634348
15.713836
15.221076
15.391968
14.401738
15.457863
14.959492
15.568892
15.173407
15.483389
15.497778
15.478743
14.652160
14.516204
14.871253
15.566404
16.065162
14.964127
15.953845
15.431493
15.182773
15.595434
17.793833
15.139211
15.301830
15.392237
16.221702
15.320241
16.072890
15.132702
15.398130
15.511993
15.203218
15.150047
15.283758
15.451825
15.601064
15.099914
14.475741
15.717638
15.838447
15.605007
14.738824
15.454114
15.063171
15.340785
15.395561
15.734057
0.120396
0.366816
-0.133599
-0.787416
-0.334383
0.220065
-0.088381
0.316974
0.034680
0.128134
-0.271262
0.144815
0.273646
0.040604
-0.248692
0.439594
-0.165818
-0.047621
0.026248
0.298153
-0.596911
-0.291257
-0.479269
-0.071234
-1.091776
-0.454594
-1.541644
-0.139162
-0.450354
-0.997181
0.148526
-1.057134
0.061231
0.360635
0.375473
-0.109270
-0.179839
-0.989821
-0.318179
0.316769
0.036843
-0.478351
-0.866110
-0.111339
-0.180842
0.183695
0.307892
-0.144663
0.101822
-0.123288
-0.007060
-0.113580
0.039493
0.135085
-0.591398
0.103907
-0.080643
0.092391
-1.212036
0.142847
0.117723
-0.044390
0.852020
-0.438279
0.195307
-0.199771
-0.985954
0.371818
-0.367595
-0.572404
0.180134
-0.339220
-0.094554
0.012660
-0.573342
-0.194968
-0.110548
-0.880219
1.295158
-0.028940
-0.985563
-0.081013
0.091911
-0.279151
0.055963
0.218184
-0.141326
0.046048
0.209415
-0.015066
0.623882
0.460004
-0.217135
-0.450803
-0.834291
0.149864
0.509598
0.161602
-0.008830
-0.270142
-0.891349
-0.089690
0.082914
-0.293171
-0.286779
-0.488952
0.515190
0.530262
0.048022
0.313026
-0.879669
-0.677767
0.174672
0.064294
0.303058
0.582044
-0.666794
0.124286
-0.280527
0.248132
0.031927
-0.526297
0.068513
0.535985
0.158070
-0.714516
0.186238
0.086604
-0.278900
-0.211990
0.301785
-0.844811
-0.073635
0.023439
0.042042
0.122013
-0.590531
0.000568
-2.235289
-0.605171
-0.126037
0.042554
-0.033487
-0.599375
-0.051019
-0.208811
-0.027083
0.355123
-0.294254
-1.343776
0.420346
0.187381
0.103780
-0.443151
-0.059231
-0.210893
-0.484868
-0.107474
0.210024
-0.011214
-0.475714
-0.179050
-0.169138
-0.174648
0.266510
0.030027
0.218555
-0.614527
0.210646
0.110159
-0.336823
-0.207490
0.552476
0.278208
-0.254915
-0.180820
-1.146833
0.526695
0.035059
0.376480
0.107422
-0.109789
-0.250516
-0.026346
-0.817301
0.236565
-1.385184
-0.620923
-0.270248
0.491690
-0.095863
0.220658
0.819177
0.138799
-1.020872
-0.288242
0.191083
-0.438517
-0.654304
-0.013781
-0.255671
0.055579
0.761258
-0.297778
0.241611
-1.501956
-0.611003
0.019304
-1.050262
0.483961
-0.420308
0.047481
0.049937
-0.052137
-0.155803
0.000930
0.063135
0.288481
0.329925
0.436660
-0.511251
-0.906867
-0.092174
0.792776
-0.046024
0.292597
0.347340
0.203226
-0.071867
0.231931
-0.272768
-0.633892
0.923664
0.083539
0.924771
0.023659
-0.050231
0.014495
-0.714255
0.019121
0.645612
0.127608
0.022452
0.045654
0.003827
0.907645
-0.944343
-0.101187
0.964993
0.086202
0.250591
-0.062426
-0.144605
0.028456
-0.112047
-0.965752
-0.295818
0.487778
-0.542726
-0.021287
-0.022533
0.106065
0.009058
-0.731130
0.062530
0.222547
0.748154
-0.105159
-0.030086
0.954364
0.477218
1.363051
-0.506985
-0.737361
-1.186394
-0.368769
-0.241868
0.588266
-0.143698
0.518348
-0.196552
0.208384
0.630614
-1.521746
0.038259
-0.095750
0.303191
-0.252782
-1.080481
0.057718
-0.235239
-0.411458
-0.038765
0.384501
0.103033
0.551685
0.382317
-0.651354
0.033162
0.484413
0.509743
-0.001426
0.155125
-0.494097
-0.054464
0.226477
-0.046228
0.020197
-0.554548
0.730941
0.427506
-1.182551
-0.096401
-1.627322
-0.262970
-0.240045
0.384856
-0.022830
2.563598
-0.913773
0.511214
0.249971
-0.410675
-0.226880
0.009076
-0.021519
-0.203239
-0.068352
-0.233908
-0.039357
-0.291176
1.138481
-0.211679
0.443036
0.321691
1.076874
-0.108584
-0.193882
-0.249886
0.391840
0.346341
0.349499
0.475140
-0.451395
-0.508534
-0.172538
-0.032458
-0.106491
1.162567
-0.092483
-0.193314
-0.747472
0.065169
-0.573702
0.080532
-0.197239
-0.112633
0.565338
0.173450
0.394491
0.030216
0.433971
-0.031181
-0.506390
-0.044672
-0.901423
-0.065615
-0.594225
-0.732675
0.802391
-0.090772
0.158821
-0.021185
0.249999
-0.011076
-0.149840
-0.008750
-0.630641
0.516510
-0.358866
-0.108060
-0.032368
-0.152562
-0.173346
0.159832
0.309255
0.465607
-0.260832
-0.014785
-0.156632
0.378918
0.031719
0.075681
0.404036
0.509414
0.127698
-1.146491
-0.315604
0.277929
-0.283385
-0.426705
0.144575
1.184166
0.995704
-0.269384
-0.044787
0.107743
2.085001
0.631484
-0.016122
0.578458
0.048216
0.377606
0.426986
-0.149189
0.103961
-0.111604
0.199557
-0.675659
-0.625099
-0.341480
0.479399
-0.089124
-0.835514
0.705419
-0.219096
1.344284
-0.059948
0.492144
-0.716749
0.172085
0.709184
-0.104601
-0.165755
-0.094807
0.590786
0.117090
0.128537
0.581099
0.233558
-0.234937
0.411802
-0.547913
-0.554689
-0.262808
-0.650663
-0.424014
0.500877
-0.991505
0.280378
0.127984
0.237949
0.376115
0.118524
-0.632046
-0.196721
-0.072396
-0.009507
0.038122
-0.030477
-0.038956
0.243212
-0.367308
0.007821
-0.118645
0.454426
0.526045
-0.743914
0.416438
-0.227601
-0.000096
-0.304461
0.999224
-0.300974
-0.378833
-0.442202
0.489061
0.269057
0.696536
-0.338963
0.209811
0.156937
0.381467
-0.291357
-0.587140
0.232280
0.027421
0.098136
-0.154208
0.835644
-0.118209
-0.198451
0.565892
-0.121270
-0.060748
0.401290
1.156829
-0.240878
0.332573
0.011554
0.163424
0.391330
0.339043
-1.904369
-0.017400
0.764868
-0.477980
-0.157884
0.259201
0.709911
0.174979
-0.874023
-0.167784
-0.204579
0.021766
-0.246561
-1.745078
-0.101520
-0.922996
0.045819
0.699451
0.352197
0.114992
0.232897
-0.475872
-0.155876
-0.094584
0.939629
0.363082
0.217123
0.185323
0.242998
0.099035
-0.000553
-0.119566
-0.258756
-0.437658
1.616015
-1.060332
0.281164
-0.587864
-0.018415
-1.732240
0.085750
-0.155200
0.223844
-0.136735
-0.319405
0.947177
-0.224375
0.988788
-0.179668
-0.024977
-0.162177
0.451327
-0.057140
-0.050803
0.222326
-0.470863
0.023516
-0.215444
0.739732
0.893805
-0.196852
0.104446
0.818483
-0.936495
-0.056372
0.934780
0.163058
-0.115884
0.961816
0.134163
-0.476779
0.203363
-0.253708
-0.218517
-0.083828
0.085256
-0.568390
0.190194
0.382761
0.130413
0.366251
0.064766
-0.465134
0.285682
-0.226787
0.158771
0.206894
-0.288620
0.233035
0.371656
0.377677
-0.054840
-0.649166
0.344647
0.138113
-1.773575
0.180406
-0.684681
0.265685
-0.175350
0.073366
-0.221299
0.565854
-0.374155
-0.014624
1.888954
0.340939
-0.270432
0.390309
0.281665
-0.027365
0.090351
0.063426
0.045330
0.198920
-0.028517
-0.179426
0.719146
0.297600
-0.054531
-0.102274
0.080727
1.096208
0.111479
-0.485229
-0.334747
-0.103954
0.267470
-0.233189
-0.197446
0.038832
0.084462
-0.231340
-0.697513
0.057253
0.451551
0.624989
-0.112072
0.081855
-0.193012
-0.304223
-0.117584
0.635679
-0.604424
0.046567
0.025642
-0.069786
-0.292583
-0.147847
0.068148
0.229683
-0.060841
0.993803
0.016389
-0.440727
0.682982
-0.081035
-0.344686
1.503920
0.058631
0.135597
-0.075088
0.040259
0.704438
-0.597864
-0.907980
-0.122058
-0.412914
0.132289
0.045847
0.025711
0.681313
0.112738
0.596133
-0.116956
0.104357
-0.108237
-0.118429
0.030535
0.371341
-0.298609
-0.244065
0.115915
0.053215
0.252413
0.162827
0.538222
-0.160120
0.458758
-0.331950
-0.225136
-0.089356
0.270697
-0.582039
0.779092
-0.295194
-0.174652
0.190449
-0.112206
-0.201818
-0.022953
-0.210016
0.101114
0.203613
0.070366
-0.597182
-1.013644
0.542270
-0.339726
0.280077
-0.065935
0.271550
0.007875
0.094297
0.354240
0.013579
-0.474880
-0.021308
1.463083
0.847327
-0.770245
-0.189519
0.043186
0.263351
-0.794150
-0.571308
0.479034
-0.419255
-0.323595
0.420890
0.116847
0.008363
0.765965
-0.496679
-0.163728
0.093480
0.702906
-0.519770
0.667355
-0.105167
-0.168029
0.144346
-0.105056
-0.209872
0.011641
0.169857
-0.196583
-0.185968
-0.344150
0.326539
-0.806183
-0.128886
-0.137776
-0.071619
0.037797
0.029166
0.625260
-0.027750
-0.439511
-0.245079
0.059035
0.321401
-0.315608
0.221004
-0.121420
0.556851
-0.051769
0.452707
0.047310
-1.333453
-0.067223
-0.070922
-0.625440
0.338630
-0.251544
-0.042117
