0.211900
0.260021
0.305955
0.362971
0.410004
0.457752
0.517383
0.581349
0.566402
0.521167
0.483916
0.427512
0.397908
0.371577
0.324328
0.272550
0.303864
0.366196
0.420090
0.493729
0.536648
0.574855
0.634757
0.698430
0.728278
0.747799
0.772853
0.791840
0.829120
0.871927
0.907709
0.945028
0.841709
0.678525
0.522941
0.327645
0.165784
0.000345
-0.207584
-0.431729
-0.431645
-0.348251
-0.291648
-0.183661
-0.158123
-0.146424
-0.078192
-0.001121
0.005657
-0.007346
-0.007720
-0.019433
0.011266
0.056035
0.087337
0.123994
0.188453
0.265825
0.347433
0.439840
0.526482
0.616179
0.717337
0.824192
0.813388
0.756403
0.710481
0.635166
0.597202
0.562528
0.495905
0.421184
0.397351
0.387992
0.367804
0.355178
0.312959
0.260545
0.217150
0.169681
0.167088
0.182636
0.192104
0.212238
0.220375
0.227763
0.246661
0.268834
0.265498
0.254062
0.247208
0.235807
0.237146
0.242259
0.242152
0.242942
0.233597
0.219809
0.207344
0.192286
0.178956
0.165286
0.148868
0.131305
0.120191
0.110993
0.100309
0.090574
0.077369
0.062974
0.049700
0.035977
0.023267
0.010897
-0.001971
-0.014785
-0.027929
-0.041241
-0.054487
-0.067818
-0.082505
-0.097803
-0.113130
-0.128899
-0.144399
-0.159995
-0.176061
-0.192342
-0.180567
-0.157004
-0.134878
-0.104869
-0.082010
-0.058650
-0.026833
0.008059
0.032135
0.053945
0.079473
0.104375
0.137345
0.173848
0.209386
0.247023
0.219657
0.165515
0.116341
0.049850
0.000807
-0.048402
-0.116249
-0.190257
-0.236172
-0.274994
-0.321553
-0.365105
-0.426888
-0.495838
-0.560950
-0.629720
-0.619672
-0.577394
-0.542269
-0.486739
-0.452606
-0.418773
-0.362951
-0.300179
-0.273861
-0.257469
-0.232137
-0.211511
-0.168875
-0.118132
-0.073140
-0.024465
-0.009384
-0.007480
-0.000361
-0.000756
0.008727
0.019445
0.022000
0.022707
0.043299
0.070620
0.095106
0.123644
0.143160
0.160436
0.182273
0.204046
0.207656
0.203990
0.201078
0.193153
0.190948
0.188908
0.181438
0.172342
0.168950
0.166648
0.162372
0.158371
0.149818
0.139249
0.129145
0.117812
0.118658
0.124160
0.127868
0.134285
0.136731
0.138567
0.143364
0.148714
0.147394
0.143809
0.141107
0.137014
0.135952
0.135621
0.133725
0.131828
0.137504
0.146238
0.154629
0.165110
0.173281
0.181411
0.191801
0.202888
0.211473
0.219560
0.228495
0.237292
0.248034
0.259629
0.271005
0.282892
0.268975
0.244294
0.221254
0.191137
0.243101
0.326849
0.399743
0.491606
0.053195
-0.603105
-0.374792
0.071664
-0.195971
-0.571555
-0.683503
-0.809477
-0.755367
-0.603287
-0.471395
-0.283113
-0.165407
-0.053444
0.119774
0.308891
0.296559
0.212448
0.153967
0.051425
0.031168
0.027990
-0.024145
-0.080393
-0.070281
-0.039043
-0.015315
0.022144
0.024876
0.018470
0.027716
0.035663
0.104023
0.199137
0.290425
0.399020
0.496462
0.596863
0.715629
0.842416
0.764938
0.606249
0.464816
0.271038
0.139882
0.012669
-0.171291
-0.370919
-0.484858
-0.575687
-0.686880
-0.786835
-0.939425
-1.111300
-1.269435
-1.436334
-1.338059
-1.129607
-0.941550
-0.682463
-0.491785
-0.299090
-0.030077
0.265110
0.443138
0.591661
0.772938
0.941918
1.186954
1.462058
1.721414
1.996213
1.967402
1.814974
1.691497
1.490263
1.372439
1.256734
1.057169
0.831748
0.693101
0.570381
0.416486
0.265979
0.044809
-0.208141
-0.454786
-0.721123
-0.816749
-0.848297
-0.907541
-0.930465
-1.011417
-1.102972
-1.154648
-1.200469
-1.189610
-1.147669
-1.101793
-1.033676
-0.961769
-0.877410
-0.770159
-0.646932
-0.637548
-0.666692
-0.674208
-0.702631
-0.681508
-0.646812
-0.635722
-0.623070
-0.547078
-0.445902
-0.346027
-0.228197
-0.131376
-0.035218
0.080422
0.201816
0.223876
0.208428
0.203375
0.174650
0.181303
0.193018
0.178785
0.159630
0.182716
0.218722
0.247605
0.283984
0.297662
0.304440
0.319900
0.333417
0.366717
0.408444
0.447376
0.491161
0.530939
0.570990
0.616216
0.663348
0.738916
0.828024
0.917919
1.017506
1.223381
1.479105
0.901130
0.003033
4.061988
0.619781
1.773649
1.892889
1.868722
1.785372
1.710920
1.597335
4.722383
9.208063
11.806177
14.581684
14.777871
13.759821
13.021612
11.560345
12.351461
13.791756
14.388673
15.169454
14.996996
14.415795
14.059320
13.505985
13.572433
13.834142
13.867131
13.959930
13.784956
13.499853
13.286393
13.023454
13.108202
13.325290
13.476738
13.699088
13.812168
13.905029
14.075475
14.257889
14.213506
14.086443
13.982165
13.824820
13.757133
13.705141
13.594532
13.475831
13.561722
13.724668
13.869949
14.065487
14.186119
14.296558
14.462111
14.638407
14.737946
14.815696
14.908313
14.988919
15.114866
15.256052
15.382966
15.515750
15.445274
15.289550
15.148553
14.952351
14.806660
14.658152
14.450437
14.221557
14.271577
14.424081
14.542181
14.723199
14.798813
14.855419
14.981427
15.116898
15.109028
15.051951
15.011400
14.939643
14.932480
14.939928
14.912419
14.883723
14.908433
14.951609
14.990976
15.043031
15.070475
15.092990
15.129670
15.167461
15.140524
15.088065
15.039659
14.974165
14.929685
14.886568
14.824887
14.758171
14.714412
14.676096
14.631430
14.589044
14.530755
14.466095
14.404431
14.339371
14.372972
14.447279
14.513842
14.606632
14.673205
14.740093
14.835199
14.939684
15.020363
15.098296
15.187188
15.276936
15.303421
15.304550
15.309379
15.297201
14.132028
12.468681
10.837471
8.864395
3.320965
-3.898442
-3.947396
-2.108789
-3.620795
-4.914667
-4.053147
-2.527086
-2.482120
-2.527711
-1.804403
-0.953199
-1.391307
-2.236662
-2.887922
-3.783962
-4.015122
-4.057532
-4.380454
-4.663879
-4.568572
-4.323309
-4.055718
-3.668252
-3.420056
-3.172580
-2.794831
-2.376735
-2.380842
-2.531894
-2.621941
-2.799598
-2.797618
-2.753799
-2.807931
-2.865113
-2.847515
-2.809899
-2.779443
-2.734734
-2.740568
-2.761986
-2.766528
-2.776545
-2.797416
-2.823683
-2.855014
-2.892179
-2.926775
-2.963546
-3.006507
-3.052850
-3.107732
-3.168487
-3.232424
-3.301371
-3.373295
-3.449171
-3.530131
-3.615420
-3.550614
-3.424510
-3.309400
-3.154350
-3.041307
-2.928585
-2.772795
-2.603277
-2.626862
-2.721618
-2.793497
-2.909440
-2.952650
-2.983139
-3.062197
-3.148258
-2.719190
-2.079360
-1.428288
-0.619120
0.109824
0.879909
3.641629
3.755430
4.668463
4.891610
5.319794
5.596561
6.286127
7.102093
7.745148
8.417574
8.450563
8.206928
8.019893
7.659601
7.429873
7.180503
6.746604
6.238809
6.275820
6.490477
6.603682
6.814657
6.768332
6.647600
6.638364
6.614455
6.700058
6.837188
6.955295
7.101049
7.240061
7.387146
7.562990
7.754141
7.855056
7.927794
8.020496
8.098934
8.222330
8.360284
8.481693
8.607645
8.570090
8.463341
8.368212
8.228289
8.127303
8.023124
7.870988
7.701074
7.603858
7.524165
7.422553
7.327524
7.183675
7.019817
6.864704
6.698766
6.744906
6.877138
6.989090
7.155213
7.262357
7.367643
7.531387
7.712890
7.795080
7.849525
7.927098
7.990995
8.113315
8.256533
8.383258
8.518945
8.464071
8.330567
8.214425
8.048646
7.932539
7.816145
7.646364
7.458992
7.397721
7.376210
7.330629
7.306790
7.159164
6.966507
6.891406
6.832114
6.644365
7.425886
7.133848
6.825624
6.964502
7.172358
7.224530
7.290126
7.329497
7.347516
7.379325
7.404217
7.461457
7.530679
7.591457
7.657683
7.661947
7.641504
7.629305
7.602475
7.593251
7.585536
7.561980
7.534257
7.540557
7.557705
7.568944
7.586356
7.586817
7.582333
7.584921
7.586406
7.603548
7.627583
7.649858
7.676272
7.699984
7.724300
7.753003
7.783570
7.751970
7.695256
7.643186
7.574741
7.524448
7.474697
7.407250
7.334448
7.323756
7.335109
7.338102
7.354444
7.345349
7.330802
7.331104
7.332476
7.305875
7.269445
7.235446
7.194914
7.166650
7.140802
7.107682
7.073898
7.075431
7.090912
7.104125
7.126648
7.137790
7.148211
7.168743
7.192035
7.202605
7.210127
7.221133
7.230847
7.249292
7.271214
7.291449
7.313521
7.320213
7.321043
7.324423
7.324514
7.329553
7.335427
7.337701
7.339359
7.350146
7.364148
7.377089
7.392052
7.403136
7.413404
7.425924
7.438609
7.451502
7.464798
7.478273
7.492037
7.506585
7.521621
7.536922
7.552647
7.568047
7.583535
7.599479
7.615623
7.632326
7.649409
7.666679
7.684266
7.680796
7.668535
7.657512
7.640665
7.629280
7.617620
7.599708
7.579584
7.567864
7.558022
7.545480
7.533558
7.515632
7.495156
7.475559
7.454507
7.433157
7.411091
7.387538
7.362984
7.337398
7.310746
7.283091
7.254402
7.223287
7.190548
7.156835
7.121689
7.085855
7.048954
7.010592
6.971035
6.968016
6.979830
6.988820
7.007428
7.015611
7.023565
7.041904
7.063449
7.093564
7.129927
7.169323
7.213845
7.262439
7.315488
7.373693
7.436610
7.449376
7.443558
7.444822
7.435080
7.443488
7.455211
7.454815
7.452738
7.426311
7.387453
7.347808
7.299423
7.251707
7.200097
7.139406
7.073097
7.088357
7.134732
7.171701
7.227887
7.256266
7.280822
7.326394
7.376173
7.388255
7.388494
7.394879
7.394339
7.413235
7.437808
7.454421
7.472366
7.432535
7.367901
7.307073
7.230124
7.166038
7.100275
7.017300
6.927576
6.929991
6.966625
6.992165
7.038777
7.051503
7.058512
7.088706
7.122497
7.123898
7.115658
7.112722
7.104096
7.113702
7.128961
7.137585
7.147966
7.176882
7.213804
7.251693
7.295709
7.334881
7.374966
7.421609
7.470957
7.471873
7.454144
7.441356
7.416803
7.408519
7.402168
7.382977
7.360952
6.675157
5.704243
4.758912
3.620569
2.138826
0.423229
-1.477159
-3.602124
-4.054473
-3.919935
-4.091458
-3.941075
-4.463359
-5.153419
-5.483681
-5.810701
-6.097934
-6.328621
-6.554807
-6.748366
-6.840024
-6.872558
-6.875676
-6.827781
-6.911344
-7.023823
-7.077593
-7.133852
-7.101360
-7.026054
-6.956685
-6.860381
-6.780521
-6.695663
-6.582262
-6.456115
-6.302427
-6.128025
-5.941389
-5.736925
-5.923400
-6.266569
-6.574330
-6.981849
-7.274097
-7.560297
-7.954452
-8.379502
-8.376324
-8.216845
-8.108669
-7.903732
-7.864270
-7.855305
-7.739451
-7.609928
-7.598370
-7.619282
-7.620110
-7.640099
-7.586387
-7.508168
-7.452802
-7.387871
-7.395573
-7.432119
-7.455813
-7.495246
-7.514957
-7.532291
-7.566666
-7.605089
-7.593044
-7.563227
-7.539912
-7.505691
-7.508620
-7.522934
-7.524409
-7.529690
-7.184910
-6.691605
-6.217231
-5.644242
-4.659899
-3.456318
-0.806396
2.605235
4.371144
5.946903
7.807747
9.526523
9.879422
9.614758
9.264185
8.443028
9.105273
10.169082
10.681115
11.303625
11.162527
10.689859
10.360092
9.854892
10.116651
10.637671
10.945156
11.364489
11.475844
11.485958
11.623434
11.735049
11.644160
11.468473
11.275758
11.014617
10.816657
10.611711
10.333074
10.026498
10.190056
10.532757
10.825682
11.231158
11.474111
11.695384
12.039778
12.409190
12.322332
12.066093
11.856404
11.538833
11.392581
11.273600
11.035926
10.778669
10.784365
10.880203
10.943487
11.063006
11.064537
11.038770
11.076043
11.114854
11.018163
10.871214
10.732199
10.558660
10.438437
10.325563
10.174715
10.016798
10.028495
10.105029
10.166631
10.270222
10.314578
10.351826
10.434975
10.528053
10.554498
10.562105
10.583227
10.594215
10.644546
10.708298
10.759973
10.816963
10.821891
10.805878
10.797517
10.777086
10.770641
10.765301
10.746925
10.725001
10.733987
10.753083
10.767069
10.786892
10.791949
10.792916
10.800522
10.807472
10.812692
10.817570
10.821897
10.825647
10.831201
10.837195
10.842508
10.847930
10.851439
10.854114
10.856977
10.859326
10.862035
10.864676
10.866772
10.868641
10.874164
10.881077
10.887595
10.894983
10.901108
10.907062
10.913968
10.921064
10.926546
10.931531
10.936791
10.941763
10.947595
10.953686
10.959446
10.965277
10.971169
10.977085
10.983070
10.989103
10.995087
11.001081
11.007127
11.013193
11.000445
10.979706
10.959801
10.934514
10.913825
10.892659
10.865730
10.836612
10.841284
10.858698
10.872343
10.893933
10.903531
10.911351
10.927883
10.946019
10.949217
10.947734
10.948624
10.946748
10.952631
10.960770
10.965730
10.971217
10.938190
10.888685
10.841360
10.783163
10.733843
10.683436
10.621409
10.554869
10.644789
10.797937
10.939575
11.122512
11.259754
11.395688
11.576253
11.770356
11.604321
11.296118
11.017812
10.647471
10.390664
10.142203
9.793812
9.418834
9.550210
9.873999
10.147639
10.543726
10.761865
10.956359
11.284879
11.640503
11.593062
11.401012
11.255462
11.019253
10.946711
10.906248
10.765250
10.613837
10.627327
10.695457
10.744897
10.829452
10.833900
10.818738
10.843231
10.866926
10.845775
10.809367
10.774380
10.728101
10.703903
10.683960
10.651385
10.617768
10.611599
10.615285
10.616607
10.624447
10.620840
10.615167
10.616717
10.619159
10.653813
10.703355
10.752490
10.811840
10.866396
10.923656
10.991694
11.065076
11.024637
10.939412
10.864714
10.761456
10.694080
10.629703
10.534297
10.430894
10.437420
10.483686
10.516688
10.574308
10.588388
10.594073
10.627015
10.663011
10.651802
10.624825
10.603260
10.571611
10.562502
10.558832
10.543793
10.528852
10.545426
10.574251
10.601729
10.637712
10.662716
10.686892
10.720334
10.756169
10.782871
10.807790
10.835653
10.862965
10.897538
10.935253
10.972109
11.010841
10.945308
10.836198
10.733518
10.602114
10.497501
10.391508
10.254676
10.106912
10.151867
10.270437
10.369135
10.514282
10.593106
10.663372
10.784422
10.916047
10.908919
10.853084
10.814582
10.745939
10.736209
10.739258
10.708702
10.676075
10.701152
10.746255
10.786457
10.840068
10.867602
10.889805
10.926974
10.965251
11.002193
11.040670
11.080471
11.121414
11.168237
11.218237
11.269176
11.322626
11.262657
11.155704
11.056248
10.925955
10.825812
10.724843
10.590711
10.445274
10.463534
10.542639
10.602719
10.700549
10.738044
10.765541
10.834568
10.910191
10.913518
10.893571
10.883901
10.860041
10.872444
10.894717
10.900819
10.908505
10.899268
10.881861
10.866694
10.846860
10.827745
10.806986
10.781382
10.753022
10.737269
10.725076
10.709448
10.695361
10.674163
10.650299
10.628309
10.605115
10.643589
10.707936
10.768393
10.845848
10.907780
10.970660
11.051776
11.139451
11.108287
11.031562
10.966897
10.873428
10.820451
10.772481
10.693046
10.606857
10.620663
10.670521
10.708825
10.769696
10.790473
10.803542
10.841608
10.882453
10.881932
10.867760
10.858445
10.840421
10.842581
10.849761
10.847093
10.844725
10.855519
10.871011
10.886168
10.904777
10.917506
10.929316
10.944951
10.961160
10.975132
10.988826
11.003241
11.017596
11.034187
11.051778
11.069215
11.087293
11.107325
11.128473
11.150198
11.172899
11.195681
11.219017
11.243363
11.268407
11.293776
11.319717
11.346375
11.373641
11.401789
11.430673
11.460153
11.490326
11.453296
11.388059
11.326440
11.246027
11.182743
11.118323
11.033737
10.941852
10.876277
10.816339
10.747552
10.680427
10.593973
10.499136
10.406784
10.309513
10.446780
10.681800
10.901636
11.185656
11.408919
11.634800
11.929620
12.248567
12.077478
11.716485
11.402144
10.966773
10.693731
10.437983
10.050319
9.631819
9.684882
9.910173
10.082164
10.362118
10.458918
10.522735
10.705786
10.904720
10.906460
10.844362
10.808156
10.732171
10.754909
10.803753
10.807368
10.814427
10.817444
10.815564
10.817064
10.817280
10.808076
10.794621
10.780268
10.762545
10.762177
10.767518
10.768614
10.772417
10.768569
10.762284
10.759097
10.755277
10.802672
10.871892
10.938271
11.019092
11.087831
11.157896
11.243409
11.334837
11.273749
11.152173
11.043419
10.895626
10.795044
10.697612
10.557835
10.406516
10.412732
10.476087
10.520364
10.599982
10.617765
10.623778
10.668889
10.718572
10.699994
10.658655
10.625302
10.577454
10.562252
10.554994
10.531386
10.508001
10.540064
10.594094
10.645833
10.712764
10.761526
10.809434
10.873832
10.942923
10.995193
11.044252
11.099024
11.152941
11.220325
11.293644
11.365542
11.441043
11.409121
11.333027
11.265284
11.169019
11.101767
11.034379
10.936282
10.828127
10.766573
10.716882
10.654526
10.597275
10.509998
10.410996
10.318472
10.220031
10.238540
10.304723
10.359789
10.444851
10.497936
10.550295
10.634994
10.729727
10.769400
10.793773
10.831164
10.861093
10.923568
10.997774
11.062956
11.133242
11.135146
11.109390
11.091794
11.057467
11.041805
11.027108
10.994352
10.956341
10.916313
10.871051
10.820293
10.764529
10.698865
10.626060
10.548457
10.464418
10.447389
10.455348
10.453718
10.466812
10.456154
10.441274
10.442584
10.446290
10.415500
10.372869
10.334334
10.288340
10.257848
10.230891
10.195577
10.160004
10.235564
10.357403
10.474118
10.622108
10.740384
10.860130
11.013491
11.178697
11.140448
11.024740
10.930334
10.787149
10.714587
10.651472
10.534988
10.407700
10.135575
9.791109
9.441280
9.039933
6.826413
3.817109
0.832566
-2.706247
-3.062929
-2.322740
-2.293317
-1.715361
-2.423180
-3.496305
-3.951816
-4.451872
-4.666811
-4.715908
-4.818501
-4.835950
-4.778215
-4.654253
-4.445819
-4.162448
-3.997242
-3.838254
-3.595926
-3.333563
-2.946558
-2.488304
-2.014023
-1.486336
-1.662216
-2.110737
-2.473512
-3.002066
-3.304912
-3.580327
-4.036401
-4.532591
-4.681499
-4.720569
-4.817575
-4.850986
-5.060842
-5.322107
-5.510396
-5.710407
-5.669491
-5.523827
-5.400106
-5.211125
-5.069595
-4.919997
-4.700972
-4.453649
-4.332592
-4.244648
-4.121417
-4.012058
-3.824515
-3.606469
-3.405875
-3.190133
-3.228983
-3.370911
-3.486321
-3.665709
-3.774366
-3.880100
-4.054901
-4.250231
-4.321301
-4.356433
-4.418722
-4.462567
-4.576690
-4.714949
-4.831301
-4.957084
-4.940728
-4.865991
-4.806972
-4.712231
-4.654228
-4.596782
-4.500899
-4.392813
-4.428574
-4.515753
-4.583791
-4.683013
-4.724276
-4.753464
-4.817278
-4.884030
-4.854946
-4.790128
-4.732758
-4.651663
-4.607015
-4.567547
-4.502007
-4.431661
-4.394266
-4.365879
-4.330888
-4.300798
-4.250331
-4.192792
-4.141152
-4.086550
-4.116726
-4.182212
-4.241023
-4.322518
-4.382445
-4.443118
-4.528149
-4.621610
-4.568760
-4.460184
-4.366837
-4.238363
-4.160648
-4.089684
-3.980289
-3.863081
-3.892812
-3.977333
-4.047125
-4.151884
-4.202069
-4.243858
-4.324081
-4.410944
-4.438633
-4.448324
-4.467746
-4.476609
-4.517660
-4.568490
-4.607078
-4.648449
-4.689365
-4.730095
-4.773627
-4.818216
-4.861842
-4.905850
-4.951016
-4.996752
-4.986820
-4.953592
-4.923362
-4.877598
-4.846218
-4.813997
-4.765097
-4.710230
-4.521751
-4.271857
-4.021414
-3.727809
-3.455962
-3.173088
-2.844593
-2.493822
-1.887432
-1.157007
-0.414182
0.419110
1.225130
2.063253
2.996299
3.981892
4.045297
3.750989
3.551591
3.127297
3.004711
2.915162
2.580553
2.189102
2.207987
2.348883
2.411298
2.540945
2.443697
2.273101
2.181261
2.064534
2.130479
2.270828
2.378165
2.525664
2.629195
2.729343
2.872699
3.028200
3.056953
3.042041
3.045508
3.022913
3.055512
3.101329
3.117933
3.134145
3.150002
3.162432
3.174239
3.184137
3.184944
3.180922
3.175311
3.165799
3.162449
3.159724
3.152683
3.144750
3.131172
3.114318
3.096750
3.076745
3.106792
3.156918
3.202357
3.260512
3.304020
3.346759
3.403255
3.463693
3.501515
3.533018
3.569686
3.603196
3.650048
3.701644
3.749436
3.799246
3.838922
3.874830
3.913233
3.949859
3.989693
4.030324
4.068997
4.107549
3.999215
3.828118
3.663215
3.455981
3.283664
3.107024
2.885109
2.645601
2.660866
2.771497
2.852572
2.992739
3.040913
3.074507
3.173001
3.282538
3.278114
3.237248
3.213240
3.167261
3.178880
3.206494
3.209016
3.214455
3.192511
3.157624
3.126740
3.088594
3.052268
3.013737
2.967642
2.917488
2.888058
2.864744
2.836273
2.810670
2.773941
2.733275
2.696015
2.657181
2.678850
2.725887
2.768712
2.828040
2.872242
2.917295
2.980050
3.049133
3.092108
3.128813
3.173336
3.215484
3.275256
3.342243
3.406072
3.473805
3.428978
3.337752
3.255395
3.143150
3.060922
2.978400
2.863714
2.738384
2.831490
3.009147
3.166112
3.377022
3.515245
3.645628
3.834824
4.037675
3.975117
3.812256
3.675440
3.474598
3.368704
3.275965
3.113061
2.936522
2.868545
2.832942
2.777985
2.741458
2.644615
2.528695
2.434301
2.333740
2.382482
2.494142
2.593151
2.732070
2.835471
2.941121
3.089516
3.253393
3.346184
3.420509
3.514265
3.600107
3.730646
3.878552
4.016494
4.163067
4.126366
4.014671
3.919734
3.777378
3.684586
3.592436
3.449195
3.289765
3.215548
3.164591
3.092796
3.032057
2.920013
2.789113
2.671706
2.545770
2.577577
2.673934
2.754770
2.875954
2.954929
3.033207
3.154949
3.290390
3.349605
3.387409
3.443025
3.488114
3.577684
3.683134
3.775911
3.875447
3.838088
3.744305
3.663322
3.546847
3.466110
3.385303
3.266318
3.134839
3.119118
3.142755
3.148164
3.176518
3.153532
3.117523
3.107335
3.096595
3.079594
3.062405
3.045119
3.027041
3.017748
3.011811
3.004674
2.999530
3.051181
3.127805
3.204034
3.297811
3.379328
3.463809
3.566982
3.678198
3.651958
3.572980
3.508403
3.410685
3.359507
3.314127
3.232547
3.143210
3.114340
3.103731
3.082197
3.070974
3.026871
2.972453
2.930039
2.884418
2.968236
3.106897
3.236752
3.402267
3.536994
3.674399
3.849975
4.039788
3.950276
3.752625
3.582058
3.342762
3.196112
3.059544
2.848051
2.619211
2.684958
2.859988
3.003766
3.216650
3.319179
3.403827
3.564523
3.737511
3.682959
3.545401
3.430984
3.263422
3.185541
3.123364
3.002490
2.873497
2.923910
3.040640
3.140762
3.283892
3.358174
3.421557
3.532296
3.650788
3.583947
3.446895
3.326235
3.160023
3.060331
2.969333
2.828443
2.677442
2.768643
2.952879
3.115809
3.338917
3.478730
3.609046
3.805078
4.015803
3.938243
3.751864
3.593644
3.365886
3.241681
3.131932
2.945958
2.745290
2.774057
2.885490
2.971215
3.109034
3.154401
3.182119
3.267546
3.359467
3.368914
3.352424
3.346671
3.324599
3.346041
3.379488
3.394251
3.411297
3.386571
3.343162
3.303769
3.252907
3.208690
3.162350
3.103883
3.039966
2.999717
2.965700
2.924924
2.886698
2.833947
2.775494
2.720254
2.662172
2.673957
2.714479
2.749071
2.802005
2.836289
2.870605
2.924664
2.985165
3.014033
3.034551
3.063257
3.088184
3.132797
3.184882
3.232273
3.283251
3.292708
3.285681
3.236723
3.157803
3.372712
3.164797
3.203630
3.180425
3.183925
3.195843
3.202936
3.214750
3.213064
3.207335
3.207035
3.205721
3.214746
3.228269
3.240340
3.254996
3.267828
3.280942
3.296799
3.313762
3.323964
3.332097
3.341688
3.350215
3.362249
3.375432
3.387372
3.399693
3.425606
3.457348
3.488889
3.524515
3.556829
3.589627
3.626795
3.665699
3.626906
3.556328
3.468202
3.349487
3.427214
3.572334
2.667898
3.308871
3.092427
3.124217
3.144303
3.184943
3.189492
3.187076
3.207401
3.230316
3.211803
3.179285
3.151415
3.114573
3.097073
3.084091
3.061024
3.037832
3.034219
3.037811
3.040349
3.047887
3.047518
3.046015
3.050022
3.055004
3.054702
3.053191
3.052962
3.052153
3.055205
3.059764
3.063565
3.068160
3.079338
3.093609
3.108410
3.125584
3.141679
3.158482
3.177793
3.198387
3.217945
3.237928
3.259306
3.281367
3.305643
3.331330
3.357640
3.385111
3.352287
3.294419
3.240357
3.169793
3.115131
3.059906
2.986943
2.907852
3.018340
3.204743
3.376488
3.597645
3.761714
3.923094
4.137970
4.368303
4.317491
4.159959
4.030976
3.834360
3.736600
3.652233
3.493819
3.320642
3.276628
3.272815
3.247561
3.245700
3.176296
3.086843
3.024348
2.956775
2.989645
3.065727
3.132438
3.226047
3.298651
3.373928
3.477882
3.593065
3.599349
3.567594
3.552388
3.514866
3.522969
3.541780
3.535655
3.528770
3.541844
3.560413
3.577136
3.597763
3.605313
3.608933
3.617143
3.624080
3.627953
3.630412
3.631721
3.631554
3.632315
3.632658
3.631424
3.629421
3.602929
3.565491
3.528299
3.483490
3.443420
3.401824
3.352139
3.298799
3.253816
3.209820
3.161615
3.112967
3.056414
2.995844
2.935122
2.871616
2.790061
2.699504
2.606843
2.507157
2.409183
2.308423
2.200300
2.087920
2.252972
2.533297
2.797194
3.137497
3.404295
3.673880
4.025597
4.405784
4.359546
4.153903
3.996770
3.740425
3.639047
3.562253
3.376462
3.172221
3.155706
3.198881
3.213998
3.265025
3.220300
3.148689
3.118158
3.082367
3.071621
3.073416
3.069014
3.070505
3.073361
3.078903
3.090436
3.105922
3.094167
3.073308
3.057762
3.037327
3.029023
3.024153
3.013740
3.003862
3.032802
3.077922
3.121878
3.177032
3.221604
3.266798
3.324031
3.385556
3.347219
3.269677
3.200980
3.107101
3.045109
2.985822
2.899161
2.805497
2.826482
2.890069
2.941246
3.019247
3.054600
3.083062
3.141031
3.203810
3.247321
3.288011
3.334747
3.380692
3.444734
3.516747
3.587209
3.662663
3.517589
3.280855
3.058785
2.776649
2.552224
2.325759
2.034744
1.721419
1.888670
2.243113
2.553228
2.983090
3.255950
3.513427
3.901280
4.320775
4.182635
3.835856
3.546911
3.125755
2.908919
2.723188
2.392247
2.035732
2.130239
2.389295
2.601276
2.918095
3.057684
3.166005
3.390118
3.630082
3.606820
3.491246
3.404348
3.258521
3.226360
3.217985
3.143935
3.065123
3.084592
3.136693
3.179105
3.243093
3.258962
3.263441
3.292253
3.320986
3.310142
3.284998
3.261672
3.228227
3.211643
3.197684
3.172539
3.145648
3.128005
3.112295
3.092017
3.071679
3.061563
3.055284
2.947460
2.993423
2.985536
3.016050
3.043136
3.081057
3.107845
3.134609
3.173042
3.215251
3.239064
3.258056
3.281841
3.303458
3.336607
3.374155
3.409000
3.445976
3.435511
3.405572
3.379864
3.341807
3.316446
3.291149
3.252555
3.209677
3.188722
3.173678
3.153150
3.135379
3.104252
3.068153
3.035441
3.000426
3.003222
3.021386
3.035563
3.059249
3.072620
3.085635
3.108907
3.135284
3.142940
3.145172
3.151506
3.155062
3.169174
3.186908
3.201344
3.217192
3.217731
3.212068
3.208501
3.201298
3.198142
3.195226
3.188389
3.180424
3.181249
3.184869
3.186912
3.190525
3.189764
3.187709
3.187456
3.186900
3.178877
3.167727
3.156599
3.143225
3.131919
3.120444
3.106554
3.091775
3.078915
3.066200
3.052463
3.038563
3.022634
3.005656
2.988588
2.970776
2.970963
2.978450
2.984389
2.994997
3.000513
3.005885
3.016297
3.028248
3.032239
3.034098
3.037933
3.040766
3.048497
3.058051
3.066373
3.075545
3.090297
3.107691
3.125713
3.145831
3.165024
3.184872
3.206934
3.230148
3.215711
3.186028
3.159178
3.122401
3.096507
3.070891
3.034554
2.994937
3.021022
3.072392
3.117449
3.178626
3.217550
3.253892
3.307829
3.365687
3.386078
3.394228
3.408191
3.414923
3.439737
3.469471
3.490987
3.513228
3.521093
3.522311
3.524833
3.523273
3.523401
3.522473
3.517257
3.509900
3.510995
3.514230
3.514850
3.516256
3.512303
3.506162
3.501044
3.494768
3.467777
3.431538
3.395001
3.351811
3.312863
3.272571
3.225205
3.174650
3.167571
3.176746
3.180689
3.194626
3.192885
3.188601
3.195298
3.203816
3.401071
3.680650
3.954064
4.283416
6.790769
10.250416
13.674015
17.759159
18.268282
17.562009
17.694446
17.235538
17.966412
19.015234
19.407280
19.794850
19.882582
19.771090
19.662673
19.430456
19.146926
18.783873
18.294903
17.709657
17.548833
17.510150
18.226299
19.365807
19.384403
19.204375
19.516922
19.827287
19.660192
19.341074
19.001760
18.532055
18.554007
18.721917
16.849055
17.849766
17.523473
17.763044
17.956021
18.253828
18.382191
18.482647
18.698555
18.932568
18.903765
18.783844
18.694913
18.548640
18.517953
18.512858
18.443666
18.371434
18.401024
18.465726
18.522381
18.602849
18.636434
18.660377
18.710927
18.763316
18.757920
18.731615
18.709917
18.674262
18.662373
18.654545
18.631281
18.605868
18.599127
18.597689
18.593098
18.591629
18.578956
18.562644
18.550021
18.536075
18.531066
18.529629
18.526467
18.525193
18.521620
18.517771
18.515961
18.514645
18.506999
18.497106
18.488015
18.477542
18.469684
18.462377
18.453532
18.444568
18.438741
18.434031
18.429049
18.424808
18.419230
18.413402
18.408395
18.403478
18.397538
18.391291
18.385189
18.378897
18.373186
18.367648
18.361889
18.356179
18.359206
18.365951
18.372369
18.381313
18.388118
18.395163
18.404913
18.415701
18.552310
18.743227
18.929815
19.153334
19.348132
19.547557
19.786415
20.041179
20.028983
19.914826
19.828957
19.679076
19.620794
19.574486
19.458190
19.327424
19.313836
19.335915
19.337408
19.359263
19.317982
19.257198
19.220051
19.177137
19.187622
19.220628
19.245550
19.283240
19.309682
19.336465
19.376886
19.422079
19.432502
19.431809
19.437664
19.437414
19.454199
19.476065
19.490930
19.507000
19.499125
19.480886
19.464872
19.442411
19.424780
19.406420
19.381196
19.353222
19.337804
19.325713
19.310178
19.296067
19.274253
19.249463
19.226452
19.201987
19.160680
19.111712
19.061981
19.006552
18.954376
18.900834
18.841246
18.778791
18.719948
18.660657
18.598194
18.534554
18.465517
18.393295
18.320063
18.244337
18.351250
18.534599
18.707485
18.931077
19.107725
19.287053
19.520812
19.774015
19.706720
19.517929
19.363518
19.132863
19.014643
18.912175
18.726209
18.524000
18.548710
18.653520
18.731070
18.858585
18.890609
18.902529
18.970072
19.041751
19.062042
19.068297
19.081489
19.085614
19.122866
19.170698
19.207771
19.248732
19.288976
19.329598
19.374190
19.420572
19.467542
19.516022
19.566361
19.618261
19.619255
19.599517
19.583604
19.554213
19.539197
19.524386
19.495034
19.461112
19.422129
19.377311
19.327866
19.273182
19.211041
19.142783
19.069386
18.990146
18.908795
18.823265
18.731736
18.635472
18.532673
18.424239
18.311138
18.192718
18.201139
18.260544
18.308937
18.389968
18.433827
18.475998
18.553469
18.641233
18.673711
18.691225
18.722059
18.745694
18.803067
18.872832
18.933796
19.000395
18.986517
18.940105
18.902926
18.845908
18.811055
18.777314
18.722154
18.660748
18.640728
18.633124
18.617099
18.607692
18.575913
18.536824
18.505483
18.471643
18.464718
18.468894
18.469385
18.476361
18.476797
18.477097
18.484363
18.493838
18.487392
18.475945
18.467526
18.456365
18.453243
18.452577
18.448751
18.445583
18.472504
18.512202
18.551258
18.599215
18.639540
18.680721
18.731440
18.785809
18.731520
18.633716
18.544454
18.426928
18.342065
18.258759
18.144856
18.022123
18.108593
18.276701
18.426405
18.628687
18.762699
18.890352
19.075230
19.274248
19.205965
19.036632
18.893917
18.686869
18.575205
18.476799
18.307897
18.125312
18.250455
18.492660
18.706871
18.996614
19.177596
19.344732
19.594521
19.861474
19.821198
19.666992
19.544456
19.349475
19.270075
19.209259
19.068718
18.915202
18.945194
19.038747
19.110323
19.221764
19.252451
19.265133
19.322389
19.381623
19.405284
19.419457
19.437565
19.449134
19.484632
19.527664
19.562926
19.600947
19.529389
19.411675
19.301480
19.161251
19.047849
18.932584
18.785132
18.625953
18.612813
18.652907
18.674310
18.728169
18.725871
18.712909
18.735818
18.763047
18.745386
18.714447
18.690200
18.657824
18.651217
18.652472
18.644256
18.638423
18.648270
18.664903
18.683252
18.707170
18.726673
18.747088
18.773474
18.802359
18.792202
18.767236
18.746589
18.716706
18.700445
18.686108
18.661658
18.635249
18.626210
18.622574
18.616080
18.612742
18.600298
18.585155
18.573649
18.561461
18.573231
18.595261
18.615581
18.642519
18.664101
18.686326
18.715617
18.747649
18.768727
18.787177
18.808993
18.829849
18.858071
18.889335
18.919314
18.950953
18.884633
18.777273
18.675843
18.547333
18.443752
18.338716
18.204618
18.060113
18.060057
18.113509
18.149729
18.218986
18.234657
18.241183
18.284083
18.332500
18.071106
17.684326
17.316903
16.866155
16.506698
16.149088
15.701439
15.226010
14.315379
13.197018
12.067950
10.790897
9.911177
9.130040
8.178497
7.242718
7.068714
7.208187
7.329779
7.671325
7.791580
7.918856
8.283222
8.728327
8.658596
8.432745
8.314554
8.114497
8.186758
8.347928
8.413465
8.508811
8.410949
8.234719
8.096917
7.918282
7.785712
7.657677
7.485693
7.302012
7.260792
7.270055
7.260717
7.282206
7.244888
7.195023
7.179458
7.166381
7.185139
7.222242
7.260820
7.311992
7.368129
7.432435
7.509577
7.596535
7.725167
7.877489
8.038278
8.218184
8.401090
8.595128
8.808894
9.036588
9.014362
8.894411
8.799812
8.643740
8.567330
8.498694
8.363191
8.211314
8.171507
8.164633
8.135445
8.124063
8.049932
7.955082
7.881193
7.799868
7.954896
8.209227
8.445837
8.746469
8.989107
9.235195
9.549915
9.889314
10.402717
11.008989
11.633850
12.328567
13.025004
13.756877
14.561135
15.412980
15.474267
15.229138
15.067931
14.715130
14.620653
14.555196
14.280936
13.958783
13.985921
14.117128
14.182039
14.304496
14.234217
14.101875
14.036886
13.951063
14.026237
14.167284
14.280358
14.429447
14.540200
14.648555
14.795622
14.953978
15.002860
15.014552
15.042957
15.049454
15.104795
15.172422
15.215397
15.258812
15.279273
15.287564
15.297103
15.299041
15.299525
15.295960
15.284598
15.267867
15.266112
15.267389
15.262400
15.257751
15.242068
15.221184
15.201080
15.177701
15.178681
15.188575
15.194036
15.204366
15.205944
15.205609
15.210658
15.216175
15.207077
15.192551
15.179181
15.162213
15.150852
15.140313
15.125815
15.110613
15.114690
15.126221
15.136159
15.150954
15.159216
15.166805
15.179691
15.193824
15.216575
15.244138
15.272662
15.304763
15.337545
15.372393
15.410922
15.452058
15.466844
15.472029
15.481078
15.484482
15.497840
15.513195
15.522309
15.530758
15.552485
15.578889
15.603982
15.632115
15.654519
15.675772
15.700409
15.725339
15.638347
15.504230
15.375268
15.214565
15.082301
14.947808
14.779273
14.598220
14.663247
14.823509
14.959933
15.156899
15.239069
15.298240
15.424842
15.557204
14.766617
13.593156
12.465986
11.081364
7.936721
3.927451
2.550360
1.701711
0.837846
0.493862
0.718478
1.427043
1.043692
0.482728
0.474331
0.502195
0.320245
0.124524
-0.020222
-0.171950
-0.072047
0.137050
0.328476
0.590198
0.613822
0.567208
0.603487
0.616909
0.748890
0.929383
1.081764
1.257470
1.190574
1.028405
0.900619
0.717128
0.605941
0.503056
0.339662
0.162069
0.119771
0.121978
0.103172
0.110608
0.053625
-0.020695
-0.065240
-0.112063
-0.027925
0.114020
0.248200
0.420031
0.497426
0.551461
0.648483
0.742848
1.068128
1.494968
1.133082
0.507639
0.626908
0.856024
0.773938
0.689770
0.606432
0.489519
0.367941
0.228732
0.079438
-0.082903
-0.263098
-0.458070
-0.398277
-0.238896
-0.105941
0.089416
0.203700
0.309931
0.484043
0.674681
0.634659
0.511424
0.415779
0.268455
0.213088
0.175551
0.080772
-0.020271
-0.023309
0.006358
0.024860
0.064315
0.056847
0.038051
0.042880
0.047482
0.026520
-0.002925
-0.031314
-0.065934
-0.076878
-0.080555
-0.091697
-0.100102
-0.169536
-0.264445
-0.235951
-0.173350
-0.215734
-0.273738
-0.290929
-0.309190
-0.308020
-0.294761
-0.283123
-0.264454
-0.252256
-0.239687
-0.219573
-0.196759
-0.184546
-0.174780
-0.161702
-0.149485
-0.129882
-0.107189
-0.085679
-0.062441
-0.060741
-0.067520
-0.071592
-0.080766
-0.083450
-0.085475
-0.093041
-0.101969
-0.099738
-0.093982
-0.090162
-0.084332
-0.084160
-0.085660
-0.084850
-0.084441
-0.044606
0.012061
0.066633
0.132376
0.188878
0.246461
0.315990
0.390130
0.329099
0.213979
0.109556
-0.029977
-0.128788
-0.225592
-0.360411
-0.506153
-0.473285
-0.373563
-0.293151
-0.170714
-0.113333
-0.065983
0.027521
0.129074
0.154430
0.156022
0.169599
0.169071
0.208513
0.259622
0.294502
0.332175
0.179267
-0.055142
-0.278571
-0.555701
-0.788878
-1.027355
-1.323230
-1.641356
-1.509678
-1.203114
-0.939435
-0.564420
-0.336734
-0.124103
0.209791
0.572626
0.499770
0.267932
0.085802
-0.195814
-0.307971
-0.389381
-0.580686
-0.786399
-0.809054
-0.772207
-0.759040
-0.708682
-0.749414
-0.813984
-0.836315
-0.861490
-0.854270
-0.830126
-0.809987
-0.780191
-0.748189
-0.711148
-0.664238
-0.610532
-0.583227
-0.562925
-0.534373
-0.508388
-0.466632
-0.418493
-0.373626
-0.325491
-0.281657
-0.238467
-0.191735
-0.144253
-0.093638
-0.040965
0.012378
0.067302
0.079562
0.074480
0.072880
0.060118
0.059391
0.058924
0.046411
0.030168
0.089806
0.178707
0.260381
0.360727
0.435529
0.507447
0.599738
0.696642
0.697652
0.662179
0.635777
0.585984
0.569930
0.558230
0.520935
0.478361
0.521474
0.595863
0.660890
0.745663
0.796972
0.842304
0.909445
0.979521
1.014658
1.038615
1.067289
1.089031
1.128586
1.172970
1.209448
1.246711
1.333282
1.440364
1.546070
1.666024
1.772375
1.879469
2.001887
2.129734
1.938475
1.615604
1.312233
0.921694
0.618269
0.313129
-0.085847
-0.516328
-0.487040
-0.286822
-0.139787
0.113404
0.197154
0.252922
0.425462
0.616633
0.605303
0.528906
0.481454
0.394384
0.409167
0.451787
0.449235
0.451292
0.605880
0.822747
1.037449
1.296567
1.352263
1.341989
1.386446
1.401735
1.967025
2.758465
1.741356
0.118932
0.138651
0.381932
-0.086566
-0.579275
-0.527621
-0.331059
-0.188685
0.056180
0.125845
0.163254
0.313882
0.479018
0.447106
0.350138
0.277583
0.164064
0.146123
0.152239
0.112024
0.073488
0.071971
0.082086
0.091976
0.111141
0.108939
0.101968
0.105517
0.109046
0.111873
0.115507
0.119232
0.123301
0.130692
0.139668
0.148856
0.159229
0.161114
0.159966
0.160411
0.159214
0.161255
0.164071
0.165061
0.165981
0.171952
0.179846
0.187435
0.196331
0.203383
0.210231
0.218509
0.227104
0.213563
0.190905
0.169540
0.142109
0.120776
0.099331
0.071355
0.041192
0.019557
-0.000165
-0.022570
-0.044316
-0.072158
-0.102568
-0.132056
-0.163000
-0.161974
-0.147929
-0.136763
-0.117336
-0.106755
-0.096371
-0.077077
-0.055021
-0.047565
-0.044084
-0.037043
-0.031897
-0.017924
-0.000705
0.014200
0.030576
0.025835
0.012553
0.001686
-0.014392
-0.024661
-0.034646
-0.050256
-0.067511
-0.073918
-0.077074
-0.082446
-0.086090
-0.095608
-0.107050
-0.116467
-0.126546
-0.101818
-0.062374
-0.025101
0.021831
0.060309
0.099487
0.149009
0.202366
0.241077
0.276449
0.316503
0.355435
0.404645
0.458199
0.510184
0.564626
0.447906
0.259343
0.080690
-0.145538
-0.328419
-0.514101
-0.750820
-1.005979
-0.896874
-0.646820
-0.431966
-0.127466
0.055955
0.226139
0.494062
0.784548
0.750083
0.598274
0.484610
0.297778
0.240455
0.207990
0.094503
-0.028095
-0.014256
0.044787
0.087872
0.159796
0.165627
0.155160
0.177270
0.198606
0.202247
0.201445
0.200863
0.196419
0.205362
0.218214
0.226493
0.236076
0.243663
0.250528
0.258792
0.267102
0.275743
0.284695
0.293690
0.302885
0.293860
0.277179
0.261491
0.240709
0.224546
0.208067
0.186123
0.162194
0.145444
0.130240
0.112629
0.095478
0.073071
0.048389
0.024390
-0.000940
0.001307
0.014736
0.025602
0.043539
0.053741
0.063694
0.081278
0.101174
0.108381
0.112080
0.118779
0.123768
0.136310
0.151583
0.164782
0.179179
0.209747
0.247538
0.285854
0.329491
0.369708
0.411018
0.457988
0.507516
0.498645
0.466725
0.440015
0.398537
0.375336
0.353542
0.315714
0.273658
0.280150
0.303620
0.320493
0.347656
0.354233
0.356174
0.369602
0.383564
0.376095
0.360974
0.347423
0.328683
0.319109
0.311170
0.297478
0.283076
0.278920
0.278183
0.276222
0.276428
0.271744
0.265866
0.262431
0.258958
0.251792
0.243295
0.234938
0.225625
0.217910
0.210441
0.201915
0.193224
0.190171
0.189327
0.188061
0.188248
0.186594
0.184792
0.184570
0.184757
0.182794
0.180276
0.178286
0.176032
0.175159
0.174807
0.174127
0.173698
0.169919
0.164797
0.160077
0.154544
0.149959
0.145440
0.140042
0.134401
0.130499
0.127130
0.123427
0.120017
0.115690
0.111076
0.106801
0.102438
0.100012
0.098405
0.096627
0.095364
0.093652
0.091971
0.090843
0.089917
0.088043
0.085919
0.084049
0.082070
0.080678
0.079511
0.078208
0.077015
0.074148
0.070606
0.067248
0.063475
0.060171
0.056890
0.053162
0.049303
0.046282
0.043510
0.040564
0.037749
0.034473
0.031044
0.027769
0.024439
0.026205
0.030130
0.033779
0.038863
0.042706
0.046663
0.052156
0.058226
0.050683
0.037780
0.026073
0.010921
0.000076
-0.010425
-0.024668
-0.039884
-0.041586
-0.038389
-0.036814
-0.032202
-0.032913
-0.034638
-0.033003
-0.030976
-0.034756
-0.040468
-0.045498
-0.051757
-0.055228
-0.058016
-0.062191
-0.066342
-0.065701
-0.063157
-0.060804
-0.057134
-0.055021
-0.052974
-0.049497
-0.045607
-0.043168
-0.041001
-0.038333
-0.035733
-0.031962
-0.027671
-0.023498
-0.019006
-0.016343
-0.014322
-0.011893
-0.009786
-0.006972
-0.003964
-0.001316
0.001345
0.005232
0.009607
0.013941
0.018615
0.022895
0.027162
0.031800
0.036547
0.040403
0.043972
0.047695
0.051254
0.055245
0.059358
0.063285
0.067235
0.071614
0.076165
0.080721
0.085406
0.097224
0.112138
0.126878
0.143749
0.096964
0.024073
-0.043868
-0.128677
0.126752
0.519572
0.259861
-0.177088
-0.074988
0.104324
0.071735
0.042246
0.043115
0.035915
0.028931
0.021472
0.056252
0.108806
0.159049
0.221110
0.272545
0.324753
0.389635
0.459146
0.432842
0.369281
0.314745
0.236442
0.189554
0.145851
0.076264
0.000483
0.013192
0.057910
0.092195
0.146410
0.165532
0.177956
0.212442
0.249460
0.249077
0.236303
0.227938
0.211682
0.213533
0.219857
0.217266
0.214897
0.218650
0.224168
0.229580
0.236422
0.239298
0.241146
0.244645
0.247944
0.251320
0.254810
0.258103
0.261374
0.264937
0.268592
0.272210
0.275887
0.273387
0.268282
0.263504
0.256990
0.252018
0.246923
0.239968
0.232326
0.227116
0.222421
0.216897
0.211519
0.204345
0.196388
0.188652
0.180454
