-0.005863
-0.005912
-0.005972
-0.005961
-0.006016
-0.006066
-0.006039
-0.005984
-0.006025
-0.006085
-0.006112
-0.006143
-0.006102
-0.006029
-0.005964
-0.005879
0.055119
0.142044
-0.239949
-0.802865
1.391839
-0.582515
-0.006189
-0.006228
-0.006190
-0.006121
-0.006056
-0.005970
-0.005911
-0.005852
-0.005772
-0.005685
-0.005712
-0.005782
-0.005840
-0.005927
-0.005973
-0.006013
-0.006083
-0.006160
-0.006189
-0.006203
-0.006226
-0.006241
-0.006282
-0.006332
-0.006371
-0.006414
-0.006386
-0.006328
-0.006275
-0.006204
-0.006149
-0.006093
-0.006017
-0.005933
-0.005882
-0.005840
-0.005788
-0.005740
-0.005670
-0.005592
-0.005519
-0.005441
-0.005505
-0.005628
-0.005741
-0.005891
-0.006004
-0.006119
-0.006274
-0.006443
-0.006551
-0.006644
-0.006754
-0.006858
-0.007002
-0.007162
-0.007314
-0.007475
-0.007574
-0.007651
-0.007739
-0.007815
-0.007911
-0.008011
-0.008097
-0.008182
-0.008305
-0.008441
-0.008575
-0.008717
-0.008844
-0.008969
-0.009104
-0.009241
-0.009295
-0.009317
-0.009343
-0.009348
-0.009377
-0.009407
-0.009413
-0.009412
-0.009441
-0.009478
-0.009506
-0.009537
-0.009546
-0.009546
-0.009551
-0.009550
-0.009594
-0.009654
-0.080123
-0.180564
0.260061
0.909409
-1.622867
0.655010
-0.010019
-0.010045
-0.010074
-0.010098
-0.010133
-0.010170
-0.010202
-0.010233
-0.010403
-0.010631
-0.010853
-0.011115
-0.011340
-0.011569
-0.011839
-0.012125
-0.012360
-0.012585
-0.012829
-0.013070
-0.013351
-0.013649
-0.013944
-0.014250
-0.014491
-0.014710
-0.014942
-0.015163
-0.015409
-0.015661
-0.015901
-0.016141
-0.016423
-0.016722
-0.017020
-0.017329
-0.017624
-0.017919
-0.018226
-0.018537
-0.018789
-0.019018
-0.019253
-0.019475
-0.019718
-0.019964
-0.020195
-0.020424
-0.020677
-0.020939
-0.021197
-0.021459
-0.021708
-0.021953
-0.022204
-0.022453
-0.022741
-0.023044
-0.023345
-0.023657
-0.023960
-0.024264
-0.024579
-0.024899
-0.025202
-0.025501
-0.025805
-0.026107
-0.026422
-0.026741
-0.027058
-0.027378
-0.026831
-0.025916
-0.025040
-0.023918
-0.023008
-0.022076
-0.020880
-0.019584
-0.018619
-0.017721
-0.016703
-0.015700
-0.014442
-0.013070
-0.011724
-0.010309
-0.009268
-0.008358
-0.007359
-0.006424
-0.005340
-0.004214
-0.003158
-0.002097
-0.000777
0.000648
0.002067
0.003561
0.004975
0.006390
0.007885
0.009406
0.010510
0.011458
0.012451
0.013346
0.014390
0.015457
0.016416
0.017356
0.018476
0.019653
0.020801
0.021982
0.023069
0.024127
0.025225
0.026315
0.027664
0.029124
0.030566
0.032079
0.033536
0.034999
0.036539
0.038110
0.039563
0.040988
0.042451
0.043903
0.045435
0.047001
0.048553
0.050123
0.048986
0.046704
0.044558
0.041646
0.039404
0.037102
0.033981
0.030553
0.028179
0.026023
0.023498
0.021030
0.017771
0.014164
0.010647
0.006921
0.004367
0.002223
-0.000187
-0.002393
-0.005053
-0.007839
-0.010397
-0.012966
-0.016331
-0.020017
-0.023677
-0.027561
-0.031192
-0.034817
-0.038684
-0.042625
-0.045233
-0.047334
-0.049571
-0.051487
-0.053868
-0.056311
-0.058403
-0.060423
-0.063010
-0.065766
-0.068421
-0.071173
-0.073616
-0.075960
-0.078418
-0.080845
-0.084081
-0.087660
-0.091172
-0.094903
-0.098443
-0.101997
-0.105784
-0.109657
-0.113151
-0.116547
-0.120051
-0.123514
-0.127221
-0.131024
-0.134775
-0.138576
-0.138436
-0.136638
-0.135059
-0.132380
-0.130687
-0.128921
-0.125975
-0.122596
-0.120794
-0.119334
-0.117349
-0.115469
-0.112445
-0.108926
-0.105561
-0.101909
-0.099953
-0.098601
-0.096879
-0.095462
-0.093410
-0.091191
-0.089313
-0.087434
-0.084420
-0.080958
-0.077548
-0.073829
-0.070488
-0.067169
-0.063515
-0.059769
-0.056891
-0.054304
-0.051581
-0.049029
-0.046078
-0.043024
-0.040162
-0.037291
-0.034021
-0.030597
-0.027183
-0.023658
-0.020280
-0.016914
-0.013427
-0.009910
-0.013656
-0.020465
-0.026929
-0.035450
-0.042145
-0.048991
-0.058044
-0.067911
-0.075020
-0.081571
-0.089103
-0.096499
-0.105997
-0.116429
-0.126638
-0.137412
-0.152108
-0.168715
-0.185737
-0.204245
-0.222266
-0.240821
-0.260939
-0.281921
-0.257002
-0.213124
-0.172130
-0.118620
-0.077524
-0.036151
0.018692
0.078082
0.222378
0.406359
0.591493
0.804705
0.182761
-0.781259
-0.481233
0.107906
0.522627
14.523059
14.409856
14.639318
14.931491
13.916440
14.429880
14.987747
14.898814
14.717339
14.621888
14.451184
14.508518
14.636725
14.677884
14.739364
14.697991
14.613160
14.553107
14.472341
14.409389
14.346934
14.262466
14.170751
14.223223
14.331320
14.425522
14.555147
14.636348
14.712073
14.826443
14.949563
14.886861
14.753285
14.637085
14.475390
14.378645
14.290056
14.151710
14.002892
14.032931
14.128898
14.205917
14.324707
14.375265
14.414357
14.499482
14.591596
14.610817
14.607171
14.614269
14.607505
14.638874
14.681111
14.707439
14.736129
14.741552
14.736499
14.734766
14.727073
14.722447
14.716684
14.704646
14.689729
14.690997
14.697139
14.699553
14.704379
14.700679
14.694087
14.690330
14.685521
14.691774
14.702542
14.711766
14.723621
14.732657
14.741563
14.753302
14.765886
14.771965
14.775973
14.781159
14.785186
14.792441
14.800652
14.807533
14.814639
14.811570
14.804137
14.797364
14.787749
14.780412
14.772781
14.762116
14.750264
14.742909
14.736590
14.728824
14.721404
14.710860
14.698997
14.687615
14.675488
14.656611
14.634562
14.612038
14.587110
14.563265
14.538703
14.511603
14.483203
14.703901
15.029713
15.343417
15.727605
15.731139
15.604454
15.567046
15.466296
15.037368
14.448571
14.144129
13.851013
-4.924707
-4.475956
-4.420748
-3.156782
-3.388852
-3.732714
-3.645766
-3.586312
-3.605620
-3.625708
-3.667436
-3.727078
-3.827485
-3.955923
-4.101319
-4.271384
-4.157580
-3.936346
-3.753021
-3.505426
-3.507059
-3.588635
-3.593234
-3.628933
-3.555147
-3.441197
-3.363550
-3.270935
-3.310344
-3.402758
-3.474274
-3.575717
-3.642006
-3.705149
-3.800620
-3.904651
-3.926619
-3.921105
-3.928245
-3.919202
-3.947862
-3.986321
-4.006502
-4.027490
-4.022980
-4.006064
-3.990937
-3.968058
-3.946609
-3.922327
-3.889972
-3.853005
-3.831110
-3.812613
-3.788628
-3.765495
-3.731935
-3.693755
-3.656864
-3.617253
-3.613329
-3.623452
-3.629230
-3.643521
-3.646986
-3.649375
-3.661008
-3.674923
-3.665951
-3.649289
-3.636050
-3.618240
-3.641964
-3.681582
-3.714705
-3.756911
-3.747404
-3.719463
-3.529259
-3.255898
-3.254865
-3.313556
7.095587
7.067358
8.644363
7.121732
7.352428
7.046606
7.219598
7.530563
7.279431
6.904485
7.132964
7.500657
7.709699
7.980368
7.818696
7.485144
7.232767
6.888605
6.951063
7.152119
7.241276
7.390825
7.379878
7.317091
7.322851
7.316491
7.325569
7.342794
7.347351
7.351971
7.362112
7.373291
7.384196
7.396055
7.367024
7.321011
7.277748
7.223366
7.179716
7.135714
7.079762
7.019697
7.026242
7.057938
7.082408
7.122643
7.139251
7.152427
7.182884
7.216584
7.221295
7.217021
7.217491
7.212700
7.223201
7.238246
7.247223
7.257366
7.261557
7.263120
7.266098
7.267817
7.270247
7.272539
7.273508
7.273925
7.279841
7.287697
7.294735
7.302915
7.308843
7.314262
7.320955
7.327713
7.333214
7.338346
7.343610
7.348623
7.354387
7.360366
7.366055
7.371801
7.377835
7.383986
7.390183
7.396483
7.402681
7.408888
7.415208
7.421570
7.421657
7.419105
7.416868
7.412863
7.410454
7.407930
7.403509
7.398397
7.395691
7.393485
7.390444
7.387536
7.382821
7.377312
7.372013
7.366239
7.363290
7.361344
7.358786
7.356737
7.353619
7.350220
7.347389
7.344555
7.339846
7.334399
7.329033
7.323157
7.317904
7.312686
7.306914
7.300988
7.301034
7.303491
7.305527
7.309146
7.311005
7.312813
7.316331
7.320367
7.322032
7.323111
7.324842
7.326325
7.329385
7.333070
7.336435
7.340124
7.340708
7.340089
7.339937
7.339090
7.339203
7.339450
7.338941
7.338273
7.339369
7.341060
7.342505
7.344312
7.345316
7.346120
7.347332
7.348538
7.348373
7.347665
7.347014
7.345988
7.345412
7.344859
7.343897
7.342821
7.342160
7.341579
7.340858
7.340158
7.339126
7.337947
7.336804
7.335573
7.335240
7.335251
7.335132
7.335215
7.335007
7.334756
7.334724
7.334735
7.334258
7.333615
7.333039
7.332363
7.331912
7.331516
7.331007
7.330500
7.330221
7.330028
7.329827
7.329686
7.329457
7.329218
7.329045
7.328887
7.328672
7.328446
7.328237
7.328025
7.327860
7.327716
7.327567
7.327429
7.327108
7.326714
7.326341
7.325922
7.325558
7.325199
7.324790
7.324369
7.324038
7.323734
7.323412
7.323105
7.322749
7.322378
7.322024
7.321664
7.317596
7.311950
7.306458
7.299899
7.294240
7.288481
7.281579
7.274240
7.268287
7.262598
7.256386
7.250223
7.242968
7.235215
7.227555
7.219585
7.213228
7.207422
7.201226
7.195294
7.188708
7.181926
7.175442
7.168923
7.161279
7.153172
7.145080
7.136659
7.128567
7.120463
7.112004
7.103422
7.104263
7.109018
7.113238
7.120062
7.124379
7.128793
7.136006
7.144190
7.148708
7.152417
7.157311
7.161943
7.169222
7.177630
7.185661
7.194341
7.198598
7.201237
7.204736
7.207373
7.211581
7.216144
7.219756
7.223295
7.229629
7.237018
7.244204
7.252093
7.258950
7.265676
7.273174
7.280828
7.287824
7.294694
7.301762
7.308786
7.316350
7.324144
7.331871
7.339735
7.347923
7.356307
7.364818
7.373509
7.382228
7.391057
7.400073
7.409222
7.399915
7.382838
7.366696
7.345357
7.328675
7.311639
7.289029
7.264374
7.288161
7.331011
7.369612
7.420468
7.455971
7.490235
7.537812
7.588848
7.554109
7.485904
7.425083
7.342639
7.326323
7.328794
7.306089
7.288476
7.417404
7.608406
7.550588
7.431503
7.430564
7.424839
-7.576564
-7.822009
-6.847468
-7.670362
-7.055711
-6.542508
-6.822999
-7.336522
-7.063513
-6.649082
-6.968594
-7.450839
-7.748794
-8.122310
-7.947584
-7.555478
-7.263764
-6.854846
-6.955924
-7.229711
-7.360980
-7.566546
-7.568423
-7.503355
-7.522846
-7.525377
-7.497116
-7.456759
-7.400845
-7.329384
-7.274930
-7.218779
-7.145677
-7.066368
-7.069537
-7.103097
-7.126542
-7.168656
-7.179817
-7.185484
-7.211733
-7.240888
-7.232852
-7.212532
-7.196987
-7.173780
-7.168532
-7.167841
-7.158481
-7.149469
-7.156464
-7.169514
-7.182166
-7.199181
-7.210029
-7.220255
-7.235260
-7.251355
-7.298031
-7.358735
-7.419287
-7.489585
-7.554934
-7.622728
-7.700824
-7.783925
-7.746836
-7.662043
-7.587695
-7.482710
-7.491858
-7.536318
-7.544226
-7.565214
-7.467412
-7.321325
-7.296511
-7.288093
-7.551087
-7.950091
-7.417780
2.199323
10.443634
10.416056
11.989325
10.222069
10.805619
10.993529
10.893235
10.733834
10.776245
10.846311
10.844199
10.845705
10.931799
11.047937
11.163600
11.302096
11.287114
11.217476
11.178090
11.109710
11.099893
11.104612
11.077033
11.048725
11.048892
11.057413
11.063694
11.075952
11.070879
11.060996
11.058029
11.053916
11.041336
11.025349
11.008595
10.989021
10.972508
10.955894
10.936224
10.915530
10.894612
10.872795
10.849904
10.826111
10.800488
10.773549
10.745747
10.716767
10.725801
10.750367
10.772067
10.803852
10.825051
10.846166
10.878155
10.913610
10.933043
10.948433
10.968189
10.986212
11.014662
11.047198
11.077526
11.109933
11.105975
11.087284
11.072296
11.048129
11.034072
11.020406
10.996832
10.970297
10.961310
10.957352
10.949494
10.944190
10.928857
10.910039
10.894268
10.877099
10.875360
10.879853
10.882258
10.888328
10.890260
10.891927
10.897551
10.904296
10.902287
10.897497
10.894276
10.889494
10.889083
10.889966
10.889056
10.888453
10.887726
10.886901
10.886384
10.885939
10.885272
10.884576
10.883967
10.883357
10.883694
10.884444
10.885153
10.886138
10.886919
10.887740
10.888854
10.890091
10.890223
10.889974
10.889901
10.889608
10.889785
10.890078
10.890124
10.890168
10.890757
10.891551
10.892318
10.893227
10.893929
10.894605
10.895438
10.896304
10.895904
10.894997
10.894180
10.893029
10.892264
10.891516
10.890406
10.889192
10.888473
10.887877
10.887148
10.886472
10.885470
10.884339
10.883276
10.882148
10.881708
10.881537
10.881269
10.881159
10.880841
10.880498
10.880326
10.880194
10.879682
10.879044
10.878465
10.877812
10.877340
10.876916
10.876409
10.875907
10.875928
10.876164
10.876384
10.876753
10.876976
10.877205
10.877595
10.878040
10.878318
10.878568
10.878883
10.879196
10.879651
10.880171
10.880684
10.881238
10.881507
10.881674
10.881897
10.882065
10.882340
10.882640
10.882881
10.883118
10.883533
10.884016
10.884489
10.885007
10.885463
10.885911
10.886410
10.886921
10.888111
10.889602
10.891076
10.892755
10.894296
10.895872
10.897666
10.899556
10.901196
10.902798
10.904511
10.906227
10.908158
10.910194
10.912224
10.914324
10.916177
10.917956
10.919817
10.921654
10.923614
10.925623
10.927602
10.929604
10.931811
10.934115
10.936433
10.938824
10.941177
10.943550
10.946000
10.948488
10.950635
10.952663
10.954745
10.956758
10.958913
10.961103
10.963215
10.965326
10.967608
10.969956
10.972293
10.974674
11.045352
11.145109
10.719636
10.091537
12.552530
10.343705
10.992017
10.994797
10.997544
11.000312
11.003160
11.006048
11.076666
11.176131
10.754585
10.132040
12.573608
10.382831
11.026229
11.029239
11.029728
11.029159
11.028730
11.027599
11.027109
11.026578
11.025292
11.023734
11.023174
11.022832
11.022158
11.021551
11.020219
11.018573
11.017026
11.015296
11.014679
11.014461
11.014007
11.013758
11.013098
11.012333
11.011795
11.011262
11.009996
11.008443
11.006929
11.005219
11.003759
11.002319
11.000666
10.998957
10.998507
10.998543
10.998467
10.998704
10.998519
10.998291
10.998404
10.998596
10.998275
10.997809
10.997450
10.997014
10.996882
10.996853
10.996734
10.996656
10.995836
10.994710
10.993659
10.992417
10.991368
10.990319
10.989066
10.987746
10.986795
10.985947
10.985013
10.984130
10.983033
10.981861
10.980749
10.979606
10.979677
10.980256
10.980749
10.981574
10.982091
10.982625
10.983513
10.984527
10.985017
10.985381
10.985900
10.986371
10.987195
10.988161
10.989064
10.990044
10.990525
10.990822
10.991220
10.991522
10.992000
10.992517
10.992928
10.993332
10.994063
10.994918
10.995750
10.996665
10.997462
10.998245
10.999118
11.000012
11.000193
11.000091
11.000040
10.999803
10.999784
10.999777
10.999567
10.999300
10.999312
10.999394
10.999403
10.999444
10.999301
10.999088
10.998914
10.998705
10.998886
10.999220
10.999501
10.999872
11.000127
11.000369
11.000710
11.001074
11.001225
11.001307
11.001423
11.001498
11.001677
11.001885
11.002046
11.002213
11.001149
10.999559
10.998027
10.996143
10.994548
10.992916
10.990908
10.988754
10.987081
10.985505
10.983754
10.982024
10.979926
10.977663
10.975436
10.973109
10.901296
10.799874
11.236071
11.879789
9.361148
11.623180
10.960369
10.958472
10.956217
10.953812
10.951410
10.948901
10.946493
10.944078
10.941548
10.938977
10.937043
10.935348
10.933582
10.931965
10.930120
10.928240
10.926525
10.924838
10.922872
10.920817
10.918806
10.916743
10.914824
10.912948
10.911011
10.909083
10.906766
10.904280
10.901820
10.899251
10.896768
10.894272
10.891660
10.889003
10.886521
10.884079
10.881582
10.879099
10.876494
10.873838
10.871202
10.868537
10.868404
10.869336
10.870130
10.871632
10.872500
10.873414
10.875089
10.877041
10.877989
10.878720
10.879789
10.880793
10.882532
10.884588
10.886549
10.888696
10.889745
10.890403
10.891301
10.892001
10.893114
10.894335
10.895336
10.896338
10.898075
10.900101
10.902094
10.904287
10.906236
10.908172
10.910324
10.912537
10.913468
10.913905
10.914462
10.914702
10.915375
10.916096
10.916471
10.916769
10.917596
10.918576
10.919448
10.920403
10.921051
10.921596
10.922238
10.922841
10.924202
10.925878
10.927482
10.929282
10.930890
10.932501
10.934324
10.936217
10.937740
10.939159
10.940670
10.942132
10.943815
10.945579
10.947284
10.949025
10.953792
10.959857
10.965829
10.972689
10.978832
10.985076
10.992271
10.999842
11.006343
11.012666
11.019432
11.026190
11.033847
11.041930
11.049969
11.058284
11.065272
11.071819
11.078708
11.085397
11.092654
11.100095
11.107307
11.114566
11.122780
11.131398
11.140023
11.148941
11.157605
11.166298
11.175307
11.184436
11.181545
11.173630
11.166360
11.155738
11.148240
11.140568
11.129296
11.116742
11.108842
11.101940
11.093481
11.085320
11.073739
11.060676
11.048058
11.034572
11.023306
11.012624
11.000953
10.989369
10.976565
10.963178
10.949927
10.936331
10.920406
10.903342
10.886023
10.867815
10.849888
10.831638
10.812454
10.792751
10.794235
10.804391
10.813089
10.827475
10.835951
10.844424
10.859028
10.875613
10.883590
10.889482
10.897844
10.905370
10.918695
10.934358
10.948924
10.964732
10.973926
10.980773
10.989182
10.996455
11.006171
11.016559
11.025678
11.034832
10.998393
10.942436
10.888471
10.821378
10.807445
10.810191
10.797073
10.790649
10.865343
10.976010
10.862717
10.679578
10.541950
10.367240
-3.597663
-4.049450
-6.117511
-4.001102
-4.334836
-3.921347
-4.282910
-4.883542
-4.696724
-4.368950
-4.430389
-4.507999
-4.416657
-4.302217
-4.294880
-4.304400
-4.284051
-4.270233
-4.246683
-4.218889
-4.198039
-4.177124
-4.155707
-4.134782
-4.113866
-4.093132
-4.109934
-4.142792
-4.174220
-4.216539
-4.249928
-4.284470
-4.330659
-4.381399
-4.334493
-4.249404
-4.173328
-4.072855
-4.160705
-4.318207
-4.366142
-4.420038
-4.180358
-3.806955
-1.816915
-5.553044
-4.558176
-4.062457
-4.182577
-4.297680
-4.290998
-4.295356
-4.304665
-4.308360
-4.328710
-4.354040
-4.372878
-4.393052
-4.392603
-4.383318
-4.376252
-4.363806
-4.355661
-4.347059
-4.332719
-4.316180
-4.311037
-4.309105
-4.304359
-4.301126
-4.291330
-4.279153
-4.268804
-4.257421
-4.250912
-4.246186
-4.240194
-4.235016
-4.228235
-4.221019
-4.214704
-4.208399
-4.198182
-4.186401
-4.174806
-4.162142
-4.150708
-4.139316
-4.126768
-4.113876
-4.102509
-4.091508
-4.080078
-4.068797
-4.217081
-4.433284
-4.642760
-4.898096
-4.165696
-3.033794
-3.785618
-5.047159
-4.763565
-4.260847
-4.367363
-4.466809
-4.462380
-4.474951
-4.489523
-4.501914
-4.518049
-4.534966
-4.549479
-4.563733
-4.584683
-4.608107
-4.630955
-4.655425
-4.677302
-4.698775
-4.722035
-4.745592
-4.735189
-4.710665
-4.687926
-4.655734
-4.632595
-4.609067
-4.575377
-4.538139
-4.513771
-4.492141
-4.466203
-4.441078
-4.406429
-4.367652
-4.330093
-4.290109
-4.286149
-4.296510
-4.302818
-4.317926
-4.322384
-4.326005
-4.339163
-4.354860
-4.331523
-4.293776
-4.260415
-4.218035
-4.190385
-4.165241
-4.130160
-4.093585
-4.169770
-4.292182
-4.408107
-4.554874
-4.453559
-4.260452
-3.970975
-3.571208
-3.945770
-4.587918
3.503874
3.248180
4.487890
3.376980
3.655424
3.581849
3.609891
3.663328
3.359026
2.925168
2.981070
3.146772
3.154401
3.198084
3.171477
3.115118
3.097856
3.075845
3.057138
3.041753
3.021619
3.001371
3.047029
3.120175
3.190322
3.279054
3.350263
3.422408
3.514522
3.613716
3.612151
3.573146
3.545974
3.495621
3.482387
3.475337
3.442786
3.406212
3.410577
3.427776
3.438843
3.457651
3.455056
3.446332
3.446495
3.445300
3.428028
3.404221
3.379772
3.350286
3.326101
3.301743
3.271936
3.240291
3.245261
3.264372
3.279958
3.304548
3.316886
3.327856
3.348648
3.371681
3.379202
3.382214
3.388292
3.391919
3.404378
3.419770
3.432269
3.445847
3.438229
3.421791
3.407361
3.387407
3.372737
3.357938
3.337210
3.314459
3.302089
3.292559
3.280441
3.269651
3.252651
3.233359
3.215688
3.196976
3.196317
3.203023
3.207885
3.217326
3.221897
3.226347
3.235731
3.246643
3.248707
3.248245
3.249785
3.250056
3.255397
3.262513
3.268113
3.274436
3.273492
3.269635
3.266828
3.262334
3.259824
3.257480
3.253312
3.248654
3.248243
3.249215
3.249485
3.250553
3.249581
3.248042
3.247412
3.246687
3.246884
3.247526
3.248037
3.248798
3.249519
3.250328
3.251396
3.252611
3.253118
3.253421
3.253908
3.254302
3.255085
3.256010
3.256823
3.257697
3.258799
3.260015
3.261283
3.262650
3.263985
3.265358
3.266836
3.268373
3.269946
3.271573
3.273260
3.275002
3.276823
3.278709
3.280650
3.282652
3.283081
3.282876
3.282803
3.282323
3.282298
3.282291
3.281843
3.281264
3.281365
3.281647
3.281761
3.281960
3.281737
3.281358
3.281084
3.280736
3.281150
3.281865
3.282472
3.283255
3.283815
3.284352
3.285079
3.285852
3.286197
3.286401
3.286672
3.286862
3.287257
3.287707
3.288064
3.288429
3.290118
3.292364
3.294561
3.297138
3.299373
3.301636
3.304307
3.307128
3.309485
3.311757
3.314209
3.316647
3.319464
3.322453
3.325415
3.328486
3.330920
3.333131
3.335482
3.337721
3.340210
3.342767
3.345198
3.347634
3.350492
3.353519
3.356532
3.359663
3.362658
3.365649
3.368767
3.371924
3.374571
3.377032
3.379555
3.381964
3.407096
3.441849
3.475505
3.515608
3.378370
3.168580
2.973102
2.730936
3.537695
4.770407
3.987554
2.657760
2.990755
3.561531
3.478421
3.404583
3.430362
3.433632
3.437009
3.440433
3.443713
3.446966
3.450274
3.453577
3.456990
3.460454
3.463909
3.467395
3.467773
3.466842
3.466078
3.464442
3.463587
3.462673
3.460824
3.458633
3.457666
3.456961
3.455841
3.454796
3.452851
3.450513
3.448290
3.445836
3.444739
3.444123
3.443211
3.442542
3.441361
3.440046
3.439001
3.437955
3.436001
3.433689
3.431416
3.428896
3.426676
3.424472
3.421999
3.419451
3.418453
3.418050
3.417501
3.417333
3.416637
3.415880
3.415539
3.415289
3.414397
3.413318
3.412365
3.411311
3.410625
3.410061
3.409378
3.408739
3.407177
3.405230
3.403368
3.401265
3.399392
3.397513
3.395375
3.393148
3.391369
3.389712
3.387941
3.386227
3.384242
3.382157
3.380140
3.378077
3.377486
3.377505
3.377414
3.377717
3.377641
3.377577
3.377937
3.378443
3.378304
3.378005
3.377887
3.377703
3.377941
3.378347
3.378667
3.379074
3.378867
3.378430
3.378109
3.377665
3.377425
3.377228
3.376894
3.376545
3.376585
3.376770
3.376920
3.377164
3.377257
3.377326
3.377498
3.377688
3.377001
3.375961
3.374977
3.373758
3.372798
3.371845
3.370639
3.369354
3.368404
3.367532
3.366563
3.365626
3.364458
3.363196
3.361976
3.360706
3.359903
3.359281
3.358586
3.357995
3.357254
3.356491
3.355841
3.355212
3.354316
3.353328
3.352375
3.351365
3.350475
3.349612
3.348686
3.347758
3.347349
3.347154
3.346934
3.346858
3.346637
3.346418
3.346355
3.346345
3.346151
3.345921
3.345753
3.345576
3.345539
3.345565
3.345574
3.345621
3.345395
3.345068
3.344791
3.344460
3.344225
3.344012
3.343737
3.343457
3.343344
3.343291
3.343226
3.343201
3.343112
3.343013
3.342960
3.342914
3.342684
3.342384
3.342101
3.341772
3.341508
3.341253
3.340949
3.340634
3.340391
3.340169
3.339932
3.339707
3.339440
3.339158
3.338890
3.338616
3.338462
3.338357
3.338241
3.338156
3.338042
3.337928
3.276089
3.187982
3.574359
4.143780
1.922732
3.920501
3.337159
3.337074
3.336981
3.336894
3.336423
3.335790
3.335180
3.334463
3.333843
3.333217
3.332476
3.331693
3.331068
3.330477
3.329836
3.329206
3.328465
3.327676
3.326904
3.326105
3.325469
3.324892
3.324281
3.323699
3.323057
3.322399
3.321775
3.321152
3.320419
3.319645
3.318875
3.318077
3.317316
3.316558
3.315768
3.314969
3.314376
3.313862
3.313330
3.312850
3.312304
3.311751
3.311254
3.310771
3.310205
3.309616
3.309046
3.308463
3.307931
3.307417
3.306889
3.306368
3.305730
3.305043
3.304369
3.303666
3.302994
3.302323
3.301620
3.300908
3.300256
3.299621
3.298973
3.298334
3.297662
3.296979
3.296306
3.295629
3.294785
3.293868
3.292954
3.291990
3.291066
3.290136
3.289152
3.288146
3.287194
3.286249
3.285279
3.284307
3.283286
3.282240
3.281194
3.280132
3.279147
3.278188
3.277208
3.276240
3.275236
3.274222
3.273220
3.272215
3.271154
3.270068
3.268982
3.267878
3.266788
3.265695
3.264584
3.263465
3.262404
3.261361
3.260308
3.259266
3.258197
3.257119
3.256054
3.254988
3.253891
3.252783
3.251675
3.250558
3.249450
3.248342
3.247225
3.246105
3.244940
3.243753
3.242566
3.241363
3.240165
3.238962
3.237743
3.236515
3.235301
3.234087
3.232863
3.231637
3.230395
3.229143
3.227889
3.226628
3.225474
3.224361
3.223237
3.222139
3.221007
3.219873
3.218766
3.217667
3.216517
3.215351
3.214195
3.213030
3.211893
3.210765
3.209626
3.208491
3.207303
3.206093
3.204888
3.203669
3.202463
3.201256
3.200034
3.198807
3.197607
3.196413
3.195213
3.194016
3.192804
3.191586
3.190371
3.189154
3.187872
3.186561
3.185250
3.183919
3.182603
3.181283
3.179941
3.178591
3.177259
3.175930
3.174589
3.173247
3.171885
3.170513
3.169140
3.167759
3.166408
3.165066
3.163715
3.162368
3.161006
3.159639
3.158276
3.156911
3.155523
3.154125
3.152725
3.151318
3.149915
3.148510
3.147098
3.145681
3.147025
3.149541
3.151933
3.155115
3.157621
3.160197
3.163617
3.167358
3.170054
3.172545
3.175420
3.178251
3.181892
3.185897
3.189826
3.193978
3.196929
3.199466
3.202286
3.204904
3.208002
3.211239
3.214249
3.217280
3.221140
3.225339
3.229520
3.233941
3.238110
3.242283
3.246715
3.251231
3.254446
3.257176
3.260051
3.262623
3.265667
3.268787
3.271573
3.274303
3.277600
3.281077
3.284468
3.287966
3.291173
3.294298
3.297545
3.300776
3.304822
3.309220
3.377486
3.473178
3.077557
2.492498
4.795775
2.732758
3.340808
3.345130
3.349571
3.353985
3.358653
3.363430
3.368169
3.372969
3.374210
3.373963
3.373932
3.372918
3.372814
3.372660
3.371451
3.369866
3.369731
3.369923
3.369656
3.369501
3.368322
3.366711
3.365257
3.363558
3.363410
3.363824
3.363919
3.364306
3.364134
3.363828
3.363845
3.363878
3.362898
3.361530
3.360224
3.358655
3.357443
3.356267
3.354804
3.353273
3.353607
3.354671
3.355583
3.356970
3.357754
3.358489
3.359740
3.361123
3.361761
3.362198
3.362809
3.363320
3.364293
3.365434
3.366454
3.367550
3.367577
3.367172
3.366891
3.366347
3.366097
3.365862
3.365344
3.364743
3.364695
3.364813
3.364820
3.364916
3.364715
3.364417
3.364223
3.363997
3.358873
3.351660
3.344625
3.336170
3.328903
3.321494
3.312565
3.303048
3.295302
3.287872
3.279746
3.271660
3.262133
3.251937
3.241839
3.231316
3.222967
3.215355
3.207211
3.199415
3.190723
3.181755
3.173184
3.164557
3.154408
3.143627
3.132857
3.121635
3.110849
3.100038
3.088741
3.077270
3.078797
3.085723
3.091905
3.101676
3.107987
3.114428
3.124728
3.136365
3.142935
3.148386
3.155469
3.162185
3.172552
3.184473
3.195870
3.208159
3.217097
3.224973
3.233913
3.242452
3.252485
3.263078
3.273201
3.283544
3.296701
3.311109
3.325621
3.341060
3.355883
3.370889
3.386884
3.403319
3.403672
3.397492
3.392471
3.383178
3.378498
3.373903
3.364696
3.354055
3.349960
3.347490
3.343216
3.339629
3.331715
3.322091
3.313350
3.303726
3.274176
3.235829
3.197432
3.152782
3.112398
3.070895
3.022733
2.971666
3.034625
3.144034
3.245467
3.377346
3.435949
3.476797
3.552259
3.626369
3.489612
3.266162
3.299845
3.379984
3.379324
3.393282
18.638008
19.099618
18.547999
19.228588
18.916729
18.652724
18.976293
19.467210
19.202176
18.756127
18.853310
19.016764
18.963406
18.906373
19.011004
19.159744
19.295985
19.464698
19.409432
19.272757
19.179251
19.042249
18.986347
18.949142
18.863756
18.775217
18.808290
18.886530
18.955880
19.055491
19.108115
19.153986
19.233136
19.318307
19.287006
19.212490
19.149493
19.058814
19.012080
18.972294
18.902047
18.826749
18.832638
18.867479
18.893347
18.937563
18.948151
18.952078
18.976375
19.002658
18.997169
18.981249
18.968915
18.949855
18.946511
18.947082
18.940041
18.933259
18.930700
18.929253
18.927833
18.927392
18.923876
18.919513
18.916297
18.912847
18.909957
18.907316
18.904418
18.901586
18.898745
18.895902
18.893127
18.890379
18.880197
18.866870
18.853893
18.838805
18.825565
18.812160
18.796492
18.779979
18.766297
18.753184
18.739057
18.725065
18.708909
18.691788
18.674892
18.657410
18.661730
18.675074
18.686875
18.704556
18.716467
18.728515
18.746887
18.767403
18.778710
18.787773
18.799503
18.810341
18.827336
18.846816
18.865129
18.884761
18.894751
18.901134
18.909289
18.915486
18.924911
18.934980
18.942897
18.950542
18.964206
18.980075
18.995386
19.012131
19.026511
19.040497
19.056065
19.071872
19.075138
19.073348
19.072358
19.068011
19.067406
19.066904
19.062772
19.057540
19.057058
19.057696
19.056962
19.056672
19.053101
19.048197
19.043883
19.038849
19.040594
19.044948
19.048268
19.053089
19.055765
19.058123
19.062119
19.066435
19.066903
19.066059
19.065725
19.064585
19.065174
19.066174
19.066270
19.066358
19.067701
19.069480
19.071188
19.073202
19.074631
19.075947
19.077606
19.079295
19.080702
19.082040
19.083425
19.084768
19.086311
19.087924
19.089485
19.091078
19.091435
19.091276
19.091203
19.090793
19.090698
19.090587
19.090116
19.089517
19.089448
19.089506
19.089406
19.089355
19.088947
19.088393
19.087904
19.087336
19.087055
19.086865
19.086581
19.086332
19.085958
19.085538
19.085156
19.084757
19.084109
19.083350
19.082584
19.081736
19.080944
19.080135
19.079240
19.078307
19.077246
19.076104
19.074927
19.073683
19.072409
19.071086
19.069695
19.068249
19.066810
19.065341
19.063814
19.062249
19.060611
19.058917
19.057187
19.055408
19.055308
19.055895
19.056358
19.057268
19.057714
19.058160
19.059087
19.060169
19.060548
19.060752
19.061151
19.061477
19.062264
19.063234
19.064110
19.065080
19.065264
19.065147
19.065162
19.065008
19.065105
19.065244
19.065199
19.065121
19.065513
19.066070
19.066572
19.067177
19.067584
19.067947
19.068427
19.068915
19.068527
19.067784
19.067088
19.066152
19.065471
19.064791
19.063853
19.062832
19.062128
19.061493
19.060756
19.060043
19.059097
19.058052
19.057040
19.055970
19.055373
19.054952
19.054452
19.054052
19.053494
19.052906
19.052428
19.051965
19.051226
19.050389
19.049580
19.048709
19.047953
19.047219
19.046415
19.045604
19.044583
19.043462
19.042343
19.041154
19.039989
19.038802
19.037542
19.036244
19.035030
19.033826
19.032578
19.031324
19.029992
19.028620
19.027245
19.025842
19.024472
19.023103
19.021702
19.020293
19.018848
19.017380
19.015904
19.014411
19.012859
19.011275
19.009674
19.008044
19.006409
19.004757
19.003074
19.001371
18.999818
18.998317
18.996787
18.995284
18.993716
18.992130
18.990575
18.989018
18.987376
18.985701
18.984027
18.982330
18.912281
18.813138
19.239371
19.868278
17.407503
19.617693
18.970076
18.968182
18.966297
18.964400
18.962465
18.960509
18.958585
18.956660
18.954713
18.952758
18.950765
18.948749
18.946728
18.944690
18.948229
18.954132
18.959776
18.967010
18.972873
18.978871
18.986571
18.994912
19.001126
19.006915
19.013473
19.019936
19.028031
19.036857
19.045519
19.054627
19.061310
19.067152
19.073559
19.079556
19.086511
19.093740
19.100508
19.107310
19.115778
19.124923
19.134027
19.143607
19.152676
19.161746
19.171330
19.181080
19.180589
19.175873
19.171773
19.164872
19.160764
19.156598
19.149416
19.141219
19.137030
19.133752
19.129226
19.125021
19.117979
19.109748
19.101961
19.093505
19.089976
19.088277
19.085677
19.084073
19.080778
19.077136
19.074591
19.072170
19.066717
19.060150
19.053850
19.046821
19.040976
19.035320
19.028860
19.022273
19.034393
19.054328
19.073317
19.097548
19.116879
19.136482
19.161713
19.188948
19.209108
19.227794
19.248903
19.269603
19.295601
19.323918
19.351603
19.380666
19.416080
19.454775
19.494619
19.537161
19.579270
19.622580
19.668712
19.716561
19.617661
19.457424
19.305314
19.112379
18.957500
18.800543
18.599749
18.383359
18.534549
18.830193
19.093495
19.449651
18.785371
17.726987
18.359291
19.418242
7.639947
8.098776
6.649677
8.763911
7.581694
6.464642
7.246370
8.517501
8.195940
7.627095
7.648626
7.636829
7.494911
7.344523
7.169939
6.967312
7.046345
7.229520
7.371330
7.574166
7.675012
7.756680
7.905590
8.063323
8.006675
7.870064
7.752364
7.582539
7.493283
7.415885
7.281205
7.136239
7.161607
7.248565
7.317077
7.424639
7.463942
7.490547
7.560371
7.635407
7.632891
7.604396
7.584982
7.549047
7.549856
7.559518
7.550565
7.541732
7.560648
7.589457
7.617045
7.651688
7.674099
7.694483
7.722687
7.751973
7.745689
7.725604
7.708235
7.681789
7.734404
7.816693
7.373834
6.729803
9.151186
7.004699
7.656724
7.683537
7.696496
7.706910
7.726249
7.746726
7.662753
7.535814
7.414627
7.264694
7.143854
7.022530
7.000488
7.023544
7.771758
8.860171
15.748247
14.225790
15.820061
15.413327
15.610138
15.456087
15.524888
15.588002
15.283102
14.842545
14.916577
15.107026
15.131936
15.195454
15.199298
15.178313
15.198552
15.218377
15.239083
15.264335
15.289449
15.316728
15.344286
15.372963
15.403867
15.436273
15.470607
15.506700
15.544283
15.583528
15.546848
15.478799
15.415756
15.332104
15.248303
15.155311
15.041031
14.913370
15.049414
15.289140
15.411021
15.559269
15.421368
15.161589
12.590893
16.838944
15.659281
15.120795
15.185377
15.232290
15.210101
15.214088
15.207556
15.201497
15.208575
15.220350
15.231965
15.247104
15.256331
15.264677
15.276925
15.289794
15.300867
15.311881
15.323646
15.335514
15.349577
15.364703
15.379845
15.395724
15.397323
15.393193
15.390442
15.384081
15.381881
15.379907
15.374028
15.367032
15.366600
15.368023
15.367978
15.368872
15.365948
15.361683
15.358544
15.354852
15.368490
15.389362
15.408923
15.433151
15.452995
15.473022
15.498059
15.524849
15.543961
15.561159
15.580542
15.599145
15.622770
15.648398
15.673019
15.698682
15.669990
15.618551
15.570526
15.507539
15.458410
15.408528
15.342587
15.270928
15.275037
15.307004
15.329658
15.369426
15.298950
15.188598
15.100642
14.991856
15.568811
16.430157
15.804433
14.751848
15.299257
0.130714
0.216625
-0.402019
-0.833351
0.100140
0.346554
0.960026
0.754161
0.298925
0.253523
0.178886
0.044590
-0.085395
-0.239813
-0.408924
-0.263197
0.007020
0.248258
0.568842
0.450643
0.179858
0.009897
-0.235131
-0.307827
-0.331698
-0.439904
-0.542866
-0.547822
-0.517551
-0.486748
-0.428831
-0.415179
-0.407600
-0.370041
-0.327260
-0.293791
-0.258663
-0.217488
-0.173948
-0.114196
-0.045796
0.024400
0.101130
0.100255
0.069611
0.049090
0.010710
-0.002162
-0.011477
-0.040299
-0.073054
-0.066478
-0.047077
-0.033596
-0.012460
-0.010446
-0.013606
-0.008064
-0.003270
-0.008281
-0.016893
-0.025786
-0.037525
-0.044965
-0.051939
-0.062046
-0.072812
-0.083065
-0.093739
-0.105143
-0.117001
-0.130549
-0.145107
-0.160067
-0.175850
-0.171988
-0.160195
-0.150105
-0.134943
-0.125440
-0.116150
-0.101378
-0.084973
-0.077203
-0.071761
-0.064212
-0.057772
-0.046048
-0.032372
-0.020055
-0.006843
-0.002977
-0.002812
-0.001328
-0.002007
0.000015
0.002311
0.002263
0.001632
0.006272
0.012634
0.018146
0.024662
0.028644
0.031929
0.036354
0.040670
0.036092
0.027800
0.019786
0.009209
0.001030
-0.007301
-0.018388
-0.030464
-0.039623
-0.048296
-0.058142
-0.067950
-0.080227
-0.093661
-0.106959
-0.121002
-0.130410
-0.138179
-0.146920
-0.154815
-0.164495
-0.174641
-0.183843
-0.193051
-0.205234
-0.218586
-0.231808
-0.245838
-0.258866
-0.271833
-0.285678
-0.299762
-0.299508
-0.293356
-0.288078
-0.278889
-0.273667
-0.268393
-0.258907
-0.248025
-0.242731
-0.238715
-0.232979
-0.227701
-0.218485
-0.207624
-0.197395
-0.186247
-0.182122
-0.180621
-0.177871
-0.176563
-0.172878
-0.168725
-0.166158
-0.163793
-0.157164
-0.148982
-0.141207
-0.132427
-0.125351
-0.118572
-0.110681
-0.102637
-0.101059
-0.102043
-0.102581
-0.104813
-0.104998
-0.105060
-0.106961
-0.109369
-0.109348
-0.108725
-0.108748
-0.108506
-0.109886
-0.111900
-0.113575
-0.115576
-0.113835
-0.110619
-0.107898
-0.104300
-0.101813
-0.099440
-0.096115
-0.092557
-0.091007
-0.090102
-0.088860
-0.087991
-0.086127
-0.083978
-0.082254
-0.080473
-0.079206
-0.078176
-0.077067
-0.076091
-0.075063
-0.074067
-0.073209
-0.072420
-0.071247
-0.069958
-0.068757
-0.067498
-0.066438
-0.065446
-0.064385
-0.063349
-0.062374
-0.061430
-0.060507
-0.059614
-0.058707
-0.057812
-0.056948
-0.056101
-0.055285
-0.054492
-0.053716
-0.052962
-0.052226
-0.051510
-0.050816
-0.050142
-0.048660
-0.046848
-0.045091
-0.043118
-0.041366
-0.039613
-0.037625
-0.035562
-0.033830
-0.032179
-0.030432
-0.028717
-0.026780
-0.024752
-0.022767
-0.020734
-0.019079
-0.017568
-0.015992
-0.014495
-0.012874
-0.011230
-0.009673
-0.008130
-0.006358
-0.004503
-0.002673
-0.000791
0.000998
0.002768
0.004595
0.006430
0.007189
0.007499
0.007863
0.007926
0.008272
0.008604
0.008612
0.008506
0.008801
0.009180
0.009420
0.009682
0.009642
0.009469
0.009331
0.009114
0.009409
0.009889
0.010265
0.010738
0.011022
0.011261
0.011607
0.011957
0.011978
0.011873
0.011787
0.011615
0.011559
0.011515
0.011377
0.011216
0.018650
0.029295
0.039588
0.052041
0.062603
0.073335
0.086381
0.100291
0.056840
-0.010367
-0.074188
-0.153775
-0.217940
-0.282574
-0.364166
-0.451559
-0.272735
0.014850
0.838943
1.970474
-0.876090
0.974304
-0.080565
-0.591796
-0.495466
-0.193500
-0.062968
0.155318
0.131268
0.027075
0.022808
-0.002158
0.003713
0.023586
0.021497
0.019890
0.021461
0.022285
0.023295
0.024372
0.025178
0.025920
0.026743
0.027541
0.028524
0.029583
0.030609
0.031677
0.032472
0.033168
0.033918
0.034615
0.035407
0.036221
0.036976
0.037727
0.038655
0.039648
0.040629
0.041654
0.042615
0.043568
0.044570
0.045581
0.046233
0.046742
0.047277
0.047718
0.048271
0.048830
0.049287
0.049715
0.050285
0.050889
0.051458
0.052042
0.052535
0.052992
0.053469
0.053929
0.054588
0.055326
0.056037
0.056795
0.057494
0.058186
0.058930
0.059685
0.060333
0.060946
0.061577
0.062188
0.062852
0.063531
0.064187
0.064846
0.064939
0.064789
0.064667
0.064383
0.064232
0.064064
0.063724
0.063317
0.063133
0.062994
0.062775
0.062567
0.062189
0.061735
0.061299
0.060817
0.060565
0.060390
0.060158
0.059962
0.059673
0.059356
0.059079
0.058797
0.058351
0.057836
0.057323
0.056761
0.056246
0.055728
0.055158
0.054569
0.054277
0.054096
0.053883
0.053741
0.053493
0.053229
0.053042
0.052870
0.052567
0.052225
0.051903
0.051557
0.051280
0.051022
0.050738
0.050458
0.049997
0.049459
0.048934
0.048359
0.047824
0.047284
0.046691
0.046077
0.045545
0.045032
0.044495
0.043964
0.043378
0.042768
0.042169
0.041556
0.041169
0.040872
0.040553
0.040291
0.039965
0.039636
0.039368
0.039118
0.038761
0.038373
0.038009
0.037630
0.037312
0.037015
0.036699
0.036392
0.035986
0.035541
0.035108
0.034652
0.034222
0.033794
0.033340
0.032879
0.032473
0.032084
0.031685
0.031295
0.030878
0.030452
0.030037
0.029620
0.029057
0.028431
0.027809
0.027144
0.026516
0.025884
0.025206
0.024511
-0.036908
-0.124178
0.255489
0.815294
-1.370853
0.594412
0.019764
0.019031
0.018368
0.017729
0.017074
0.016430
0.015756
0.015075
0.014406
0.013736
0.013017
0.012279
0.011542
0.010790
0.010053
0.009314
0.008561
0.007802
0.007750
0.007994
0.008202
0.008609
0.008835
0.009072
0.009523
0.010051
0.010308
0.010508
0.077120
0.171936
-0.242621
-0.853664
1.531774
-0.613035
0.013548
0.013711
0.013943
0.014116
0.014409
0.014733
0.014992
0.015251
0.015720
0.016272
0.016815
0.017413
0.017941
0.018464
0.019049
0.019650
0.019921
0.020066
0.020242
0.020338
0.020548
0.020773
0.020909
0.021027
0.021281
0.021576
0.021845
0.022136
0.022349
0.022538
0.022752
0.022958
0.023364
0.023854
0.024327
0.024853
0.025329
0.025808
0.026344
0.026900
0.027359
0.027794
0.028254
0.028702
0.029210
0.029740
0.030256
0.030784
0.030939
0.030940
0.030967
0.030895
0.030919
0.030939
0.030852
0.030728
0.030764
0.030841
0.030871
0.030917
0.030856
0.030753
0.030671
0.030566
0.030618
0.030729
0.030810
0.030923
0.030983
0.031031
0.031114
0.031201
0.031188
0.031138
0.031097
0.031031
0.031003
0.030982
0.030934
0.030881
0.031044
0.031294
0.031530
0.031823
0.032052
0.032278
0.032567
0.032874
0.033099
0.033304
0.033532
0.033752
0.034029
0.034328
0.034617
0.034917
0.035101
0.035240
0.035397
0.035527
0.035693
0.035865
0.036009
0.036146
0.036349
0.036575
0.036791
0.037021
0.037221
0.037414
0.037621
0.037829
0.037711
0.037455
0.037214
0.036880
0.036630
0.036373
0.036016
0.035623
0.035349
0.035097
0.034803
0.034512
0.034129
0.033703
0.033286
0.032844
0.032553
0.032316
0.032045
0.031801
0.031499
0.031181
0.030893
0.030604
0.030214
0.029784
0.029358
0.028904
0.028483
0.028063
0.027613
0.027154
0.026833
0.026563
0.026278
0.026025
0.025721
0.025409
0.025132
0.024861
0.024531
0.024182
0.023842
0.023491
0.023170
0.022858
0.022533
0.022210
0.021798
0.021349
0.020904
0.020435
0.019985
0.019532
0.019053
0.018563
0.018112
0.017670
0.017215
0.016763
0.016284
0.015792
0.015305
0.014811
0.014507
0.014282
0.014041
0.013851
0.013610
0.013369
0.013182
0.013013
0.012760
0.012486
0.012234
0.011973
0.011766
0.011579
0.011380
0.011191
0.010919
0.010615
0.010325
0.010017
0.009735
0.009458
0.009162
0.008862
0.008613
0.008381
0.008144
0.007918
0.007671
0.007419
0.007180
0.006942
0.006594
0.006200
0.005813
0.005395
0.005008
0.004622
0.004203
0.003773
0.003383
0.003002
0.002608
0.002216
0.001795
0.001362
0.000932
0.000495
0.000116
-0.000242
-0.000609
-0.000965
-0.001341
-0.001720
-0.002086
-0.002451
-0.002850
-0.003262
-0.003670
-0.004086
-0.004489
-0.004889
-0.005298
-0.005708
