0.020452
0.006689
-0.006122
-0.022505
-0.035675
-0.049050
-0.066255
-0.084845
-0.097624
-0.108985
-0.122061
-0.134587
-0.150981
-0.168945
-0.186186
-0.204265
-0.187784
-0.156915
-0.128397
-0.090477
-0.061509
-0.032192
0.007224
0.050152
0.078544
0.103466
0.132730
0.160678
0.198501
0.240370
0.280483
0.322791
0.293252
0.233986
0.180075
0.106905
0.052693
-0.001910
-0.077225
-0.159528
-0.168771
-0.152394
-0.146567
-0.125486
-0.134946
-0.151369
-0.150770
-0.149425
-0.334903
-0.597722
-0.851579
-1.157648
-1.036055
-0.756012
-0.548386
-0.252035
0.013252
0.299230
0.677816
1.102213
0.883875
0.423330
0.038654
-0.495299
-0.343142
0.039032
0.237698
0.538724
0.433722
0.184493
0.057271
-0.128619
-0.147579
-0.110084
-0.139547
-0.153369
-0.226085
-0.323621
-0.402958
-0.492420
-0.378233
-0.180212
-0.001306
0.230316
0.113039
-0.130014
-0.303605
-0.543525
-0.507428
-0.377613
-0.327809
-0.238905
-0.258404
-0.314178
-0.325439
-0.346238
-0.348060
-0.341563
-0.345404
-0.347736
-0.350221
-0.353158
-0.354609
-0.355655
-0.356604
-0.357164
-0.357299
-0.357059
-0.356015
-0.354408
-0.352445
-0.349982
-0.290976
-0.207639
-0.126219
-0.028225
0.056634
0.143467
0.248009
0.359619
0.345647
0.283427
0.234081
0.154304
0.116975
0.084809
0.019415
-0.053202
-0.095270
-0.131243
-0.176276
-0.219072
-0.187114
-0.123259
-0.060385
0.024935
0.008579
-0.040626
-0.062220
-0.098226
-0.088748
-0.063748
-0.055407
-0.042064
-0.056518
-0.082220
-0.101678
-0.126693
-0.138788
-0.147329
-0.162131
-0.176563
-0.187554
-0.197571
-0.207404
-0.216337
-0.227644
-0.239520
-0.250361
-0.261280
-0.242422
-0.210822
-0.180577
-0.141785
-0.109975
-0.077274
-0.035434
0.009972
0.047529
0.084387
0.125347
0.166894
0.216456
0.270138
0.324113
0.380994
0.342548
0.264935
0.194440
0.098525
0.028550
-0.041547
-0.139020
-0.245450
-0.113486
0.112819
0.319353
0.586928
0.399752
0.045592
-0.225931
-0.588697
-0.523808
-0.310959
-0.210344
-0.042864
-0.040031
-0.087805
-0.060156
-0.041563
-0.027911
-0.012618
-0.005889
-0.002557
0.016194
0.039007
0.057569
0.077859
0.078403
0.070904
0.066010
0.056366
0.051855
0.047577
0.038180
0.027259
0.027522
0.031288
0.032953
0.036549
0.034454
0.030620
0.029014
0.026938
0.026825
0.027563
0.027747
0.028303
0.028613
0.028934
0.029646
0.030503
0.029201
0.027090
0.025226
0.022860
0.021271
0.019803
0.017783
0.015668
0.014097
0.012653
0.011083
0.009576
0.007681
0.005637
0.003674
0.001636
0.002621
0.004866
0.006902
0.009759
0.025287
0.046570
0.068154
0.093906
0.049955
-0.021669
-0.085971
-0.167508
-0.121415
-0.028318
0.041495
0.136943
0.155105
0.149928
0.174435
0.192452
0.186555
0.170585
0.149163
0.118170
0.122315
0.136349
0.138916
0.144958
0.131828
0.110954
0.094414
0.074058
0.065054
0.059551
0.049644
0.040706
0.026731
0.010602
-0.004343
-0.020327
-0.026335
-0.028461
-0.032083
-0.033466
-0.037889
-0.042713
-0.045101
-0.046962
-0.054521
-0.064000
-0.072668
-0.082495
-0.089709
-0.096269
-0.104134
-0.111971
-0.112207
-0.109333
-0.106768
-0.102073
-0.099589
-0.097080
-0.092272
-0.086709
-0.067823
-0.042671
-0.017293
0.012528
0.040522
0.069845
0.103848
0.140272
0.073179
-0.036329
-0.138832
-0.269191
-0.193783
-0.043133
0.069863
0.223887
0.181524
0.070839
0.010791
-0.080523
-0.096961
-0.090831
-0.119891
-0.145421
-0.050295
0.094098
0.236664
0.414316
0.207681
-0.146220
-0.447246
-0.835476
-0.478434
0.160453
0.677356
1.353347
1.071098
0.442754
0.019440
-0.580286
-0.466481
-0.110029
0.034671
0.278534
0.245190
0.117942
0.103613
0.063974
0.065544
0.084745
0.076866
0.070089
0.063553
0.054769
0.046901
0.038395
0.041501
0.049346
0.056037
0.065688
0.072197
0.078636
0.088263
0.098882
0.103891
0.107314
0.112031
0.115961
0.123146
0.131484
0.138878
0.146755
0.126000
0.093190
0.062107
0.023077
-0.008839
-0.041269
-0.082219
-0.126280
-0.117215
-0.087905
-0.064175
-0.027706
-0.009620
0.006024
0.035603
0.068019
0.141726
0.235809
0.331159
0.440970
0.560939
0.692140
1.497638
2.596388
3.103431
10.935998
12.324246
14.340637
15.063075
14.846910
14.470090
13.448054
13.821134
14.468462
14.386455
14.270362
14.283763
14.259060
14.187694
14.092330
14.071848
14.067042
14.033793
14.003718
13.918829
13.809092
13.704777
13.585321
13.575857
13.606672
13.617115
13.649411
13.839760
14.105444
14.386774
14.726801
14.710473
14.571681
14.509138
14.383916
14.405063
14.467190
14.458730
14.454937
14.484422
14.522779
14.563972
14.614053
14.639171
14.658133
14.687395
14.715510
14.685338
14.630918
14.577907
14.507960
14.454177
14.399484
14.326574
14.247199
14.229870
14.233984
14.228584
14.235754
14.216300
14.190400
14.178585
14.166923
14.166397
14.172172
14.177738
14.187347
14.198647
14.212538
14.230541
14.251686
14.253454
14.248887
14.248440
14.244726
14.249908
14.257780
14.261918
14.266671
14.282463
14.302844
14.323355
14.347241
14.387058
14.435250
14.486249
14.544054
14.529199
14.486915
14.454831
14.406539
14.383119
14.363766
14.326645
14.286502
14.134668
13.932012
13.730904
13.494811
13.650133
13.955770
14.208329
14.550189
14.603433
14.570098
14.641228
14.685674
14.670133
14.627624
14.560909
14.464906
14.580538
14.769933
14.919692
15.109561
15.153517
15.149986
15.193953
15.220427
14.143464
12.593824
12.081621
11.672498
1.591671
-1.193024
-3.066695
-2.157794
-3.662859
-4.794642
-4.180066
-2.903108
-3.204714
-3.682673
-3.393015
-3.026533
-3.330574
-3.802637
-4.160163
-4.618694
-4.209558
-3.466436
-2.864370
-2.073936
-2.164314
-2.556138
-2.716113
-3.011968
-3.104657
-3.150024
-3.342967
-3.555014
-3.552519
-3.483316
-3.444313
-3.364182
-3.398557
-3.465578
-3.485329
-3.512388
-3.575103
-3.651408
-3.733367
-3.827877
-3.906362
-3.984510
-4.076385
-4.172246
-3.970944
-3.646521
-3.339145
-2.949861
-3.043387
-3.305768
-3.462678
-3.704964
-3.574588
-3.314486
-3.157991
-2.945329
-2.871569
-2.841562
-2.748246
-2.663204
-2.690520
-2.762819
-2.838335
-2.948196
-3.046694
-3.156792
-3.302959
-3.468706
-3.446570
-3.357484
-3.297055
-3.197550
-3.172910
-3.164848
-3.113336
-3.059032
-3.365144
-3.818703
-4.160672
-4.562421
-2.921040
-0.426511
6.040209
6.893075
8.013338
7.037265
6.967048
6.328214
6.703929
7.340791
7.352494
7.327999
7.565944
7.832396
8.045094
8.276069
8.220822
8.046660
7.903332
7.687090
7.624182
7.595614
7.485203
7.372296
7.162893
6.902595
6.643225
6.350180
6.504907
6.834477
7.109890
7.491608
7.498584
7.390189
7.407564
7.384709
7.536355
7.756716
7.928907
8.131281
8.053074
7.864524
7.718932
7.510200
7.595190
7.780118
7.887363
8.039488
7.937430
7.740024
7.599419
7.411385
7.397305
7.441029
7.428609
7.437807
7.377321
7.291370
7.230356
7.160640
7.174707
7.222985
7.258841
7.314316
7.348805
7.382244
7.436796
7.497618
7.556274
7.619182
7.688841
7.763136
7.668096
7.503892
7.351841
7.154620
7.190679
7.306118
7.364836
7.461320
7.462392
7.434558
7.449481
7.458948
7.427106
7.379657
7.328682
7.264518
7.218132
7.172757
7.112935
7.049322
7.171002
7.368218
7.553406
7.788494
7.612101
7.282735
7.022669
6.676833
6.775414
7.030237
7.177664
7.399670
7.454092
7.460786
7.551053
7.636770
7.634833
7.602317
7.569533
7.513023
7.498690
7.491156
7.457242
7.419756
7.474266
7.563453
7.644766
7.748720
7.819047
7.884842
7.975462
8.070960
7.855293
7.512140
7.187650
6.778411
6.966139
7.370135
7.660810
8.067828
7.969391
7.698405
7.568745
7.364837
7.358807
7.417145
7.391215
7.380547
7.405587
7.444050
7.496102
7.564007
7.612201
7.660877
7.726921
7.798493
7.630326
7.364579
7.115030
6.801260
6.966549
7.307296
7.561037
7.910708
7.831634
7.605872
7.497206
7.324225
7.319247
7.368014
7.343890
7.331727
7.339037
7.352520
7.376965
7.411030
7.429646
7.447357
7.475779
7.506698
7.500847
7.481656
7.466720
7.443450
7.434676
7.428616
7.413337
7.396942
7.397833
7.404579
7.409351
7.417858
7.418343
7.416956
7.419764
7.422632
7.408996
7.388810
7.369429
7.345575
7.327042
7.308764
7.285630
7.261113
7.332020
7.442368
7.547130
7.678103
7.624738
7.504628
7.419553
7.298590
7.274550
7.278642
7.241682
7.210702
7.133011
7.033900
6.942666
6.839800
7.107330
7.527845
7.920412
8.411999
8.154581
7.621905
7.223804
6.674664
6.766575
7.074723
7.199949
7.416554
7.376157
7.249859
7.227781
7.182579
7.172802
7.178298
7.159159
7.140446
7.122812
7.103228
7.083842
7.063742
7.052109
7.043766
7.034318
7.026839
7.016694
7.006219
6.997889
6.990034
6.977794
6.964139
6.951182
6.937395
6.925765
6.914737
6.902763
6.890896
6.936134
7.005621
7.072750
7.156285
7.225787
7.296758
7.385298
7.480516
7.464765
7.406787
7.360647
7.288004
7.253854
7.224917
7.166980
7.103222
7.116014
7.155578
7.185587
7.232181
7.245990
7.252609
7.277734
7.303893
7.250381
7.165413
7.085098
6.983584
6.919708
6.862404
6.781572
6.697794
6.733921
6.817195
6.892064
6.998146
7.065282
7.129585
7.227812
7.335021
7.350354
7.334394
7.331965
7.310899
7.330796
7.360823
7.369900
7.379147
7.519905
7.714481
7.903397
8.129050
7.899351
7.492517
7.143300
6.687374
6.706246
6.883240
6.929758
7.045134
6.962332
6.813658
6.743770
6.655552
6.634202
6.641056
6.626678
6.623564
6.610745
6.596825
6.594815
6.596330
6.994884
7.565290
8.059678
8.644294
6.404757
2.997782
-2.976170
-5.543000
-6.664543
-5.846312
-6.103876
-5.757144
-6.314691
-7.087741
-7.204802
-7.239482
-7.311597
-7.291573
-7.179445
-6.988912
-6.995113
-7.038529
-6.991569
-6.944427
-7.042969
-7.193845
-7.337532
-7.518111
-7.582978
-7.615137
-7.690417
-7.756465
-7.758340
-7.733148
-7.701510
-7.647649
-7.613667
-7.577048
-7.516516
-7.446679
-7.394803
-7.343676
-7.281952
-7.217972
-7.273827
-7.378492
-7.475571
-7.604984
-7.554493
-7.441802
-7.370279
-7.268075
-7.237637
-7.227718
-7.183271
-7.141348
-7.098308
-7.052321
-7.008719
-6.964632
-6.912778
-6.857645
-6.802365
-6.744662
-6.747832
-6.775753
-6.798541
-6.837190
-6.764733
-6.651891
-6.560216
-6.446857
-6.512969
-6.647526
-6.752066
-6.894913
-6.816814
-6.659477
-6.551081
-6.402981
-6.667595
-7.094393
-7.462686
-7.925788
-6.382357
-4.023385
-0.777510
3.440385
6.231740
8.965521
10.609919
11.612752
12.216555
12.234572
11.597008
10.363736
10.576004
11.054768
10.849339
10.630737
10.601195
10.573476
10.518534
10.472882
10.480414
10.512047
10.550788
10.609478
10.655803
10.706968
10.779374
10.861777
10.855601
10.818668
10.796072
10.755784
10.752788
10.758888
10.745179
10.731253
10.740023
10.756252
10.771119
10.791306
10.799810
10.805693
10.817574
10.829542
10.978852
11.187276
11.389917
11.632340
11.570970
11.398367
11.279999
11.100414
11.127060
11.218513
11.238135
11.279400
11.229405
11.143115
11.082593
11.006363
10.978398
10.966336
10.936139
10.910787
10.866722
10.815045
10.769048
10.719919
10.686654
10.659274
10.628013
10.599537
10.565980
10.531156
10.499403
10.467826
10.691356
11.023841
11.345532
11.740702
11.538230
11.114753
10.793020
10.347730
10.489668
10.834344
11.026606
11.311204
11.244142
11.054581
10.974553
10.846489
10.841060
10.876900
10.858597
10.849582
10.873655
10.910426
10.954954
11.012237
10.985043
10.928703
10.889270
10.834427
10.814412
10.803785
10.775839
10.748612
10.722202
10.694642
10.667653
10.640455
10.608512
10.574512
10.540505
10.505028
10.607707
10.768481
10.921778
11.113746
11.270825
11.430389
11.631430
11.847589
11.742789
11.512898
11.312826
11.032836
10.857414
10.692194
10.439973
10.166587
10.199494
10.343598
10.451894
10.629496
10.686667
10.721282
10.832548
10.953105
10.966538
10.946860
10.942028
10.916655
10.905912
10.893341
10.858992
10.816070
10.826537
10.853398
10.868909
10.892925
10.889359
10.876841
10.874228
10.868712
10.870806
10.875827
10.877595
10.880156
10.881128
10.881451
10.882638
10.883721
10.893205
10.906308
10.918946
10.933972
10.947122
10.960544
10.976514
10.993498
11.006949
11.019642
11.033556
11.047260
11.063543
11.080954
11.098046
11.115804
11.088579
11.042493
10.999032
10.943087
10.898582
10.853372
10.794766
10.731340
10.766301
10.839447
10.903257
10.991406
11.047122
11.099455
11.178307
11.263424
11.254381
11.211017
11.178408
11.124322
11.106962
11.096303
11.061913
11.024455
11.026503
11.041410
11.051249
11.069141
11.067409
11.060565
11.062862
11.064575
11.055881
11.043455
11.030945
11.015548
11.004881
10.994866
10.981658
10.967897
10.975490
10.991572
11.006136
11.026293
11.039789
11.052910
11.072097
11.092984
11.051625
10.985219
10.923306
10.844975
10.817367
10.804124
10.771734
10.743301
10.870605
11.064000
11.254623
11.491530
11.368179
11.112934
10.921112
10.656320
10.699200
10.845514
10.903532
11.005030
11.008264
10.980714
11.001708
11.018526
11.070794
11.141329
11.206398
11.281455
11.268102
11.221232
11.188471
11.136644
11.086135
11.028747
10.951678
10.863151
10.760619
10.644675
10.517317
10.377334
10.436833
10.574086
10.689579
10.853372
10.953468
11.046792
11.192688
11.351035
11.326743
11.236140
11.166718
11.055895
11.016933
10.991390
10.920059
10.843143
10.873776
10.942704
11.000850
11.083742
11.092088
11.079169
11.094996
11.105195
11.040728
10.944897
10.846689
10.724865
10.818308
10.992028
11.132002
11.318030
11.218800
11.016201
10.873308
10.677173
10.750174
10.919063
11.021709
11.169602
11.142054
11.054045
11.019912
10.961794
10.968821
10.998032
11.000033
11.007751
11.006826
11.002021
11.003290
11.004410
11.004799
11.005450
11.006028
11.006619
11.004992
11.002419
10.999957
10.996863
10.994298
10.991673
10.988373
10.984814
10.974239
10.960485
10.946761
10.930816
10.916125
10.900931
10.883385
10.864734
10.892079
10.938227
10.981231
11.036579
10.990890
10.907661
10.841542
10.754413
10.754501
10.783665
10.787456
10.803312
10.783407
10.751252
10.732927
10.710959
10.738380
10.786574
10.828977
10.883880
10.927549
10.971682
11.029193
11.091424
11.036992
10.936548
10.846126
10.726054
10.770173
10.871321
10.934777
11.026304
10.921954
10.743422
10.602096
10.421097
10.526973
10.740260
10.900407
11.118654
11.197684
11.239076
11.346193
11.448897
11.320670
11.099074
10.883389
10.602012
10.626192
10.750227
10.793132
10.880666
10.834068
10.742719
10.702708
10.649366
10.779229
10.986235
11.171951
11.404157
11.261455
10.978763
10.760191
10.463602
10.532531
10.727218
10.825893
10.981351
10.994093
10.962553
10.995183
11.019255
11.071788
11.139217
11.197068
11.260838
11.329002
11.400797
11.478452
11.560767
11.383269
11.098025
10.828853
10.488518
10.486926
10.597822
10.620573
10.694403
10.696566
10.682837
10.724372
10.774385
10.863260
10.978496
11.101272
11.243724
11.227545
11.153887
11.107497
11.028977
11.009716
11.003499
10.961684
10.917110
10.947750
11.005331
11.056530
11.125603
11.163105
11.194873
11.246455
11.300436
11.318127
11.323598
11.333276
11.335176
11.354110
11.377092
11.391322
11.405527
11.209467
10.923002
10.645509
10.307203
10.410194
10.673408
10.854715
11.122983
11.168520
11.151363
11.233177
11.304139
11.350457
11.391683
11.423524
11.446377
11.249382
10.953637
10.657992
10.292833
10.536692
11.007121
11.379335
11.880422
11.782735
11.480262
11.336231
11.100247
11.101117
11.176455
11.147654
11.134519
11.088414
11.024594
10.977585
10.925937
10.865622
10.801224
10.732532
10.659181
10.780036
10.980888
11.168510
11.408555
11.333561
11.147684
11.029552
10.854924
10.893085
11.002485
11.044767
11.114407
11.099712
11.054845
11.041401
11.018258
11.144808
11.333835
11.506617
11.717616
11.593893
11.343936
11.147843
10.880069
10.920603
11.064436
11.121202
11.221975
11.196775
11.129378
11.112274
11.083456
11.114068
11.169803
11.211250
11.264683
11.249266
11.208658
11.183312
11.145365
11.159132
11.190613
11.206941
11.230599
11.234462
11.231731
11.237322
11.241267
11.236896
11.229095
11.220016
11.207906
11.198774
11.189353
11.176655
11.162744
11.153915
11.146332
11.137248
11.128647
11.116683
11.103355
11.090661
11.077242
11.041983
10.997158
10.952529
10.901189
10.854652
10.807036
10.752266
10.694455
10.683458
10.690198
10.691714
10.704277
10.700468
10.694316
10.700263
10.708527
10.618762
10.489654
10.367266
10.218921
10.485592
10.917398
11.304494
11.793896
11.676880
11.345042
11.144901
10.835913
10.756771
10.738366
10.598425
10.459570
10.489299
10.578399
10.660391
10.785030
10.833160
10.867967
10.950165
11.038184
11.024711
10.975799
10.937664
10.876762
10.860239
10.853071
10.820507
10.786220
10.913614
11.106306
11.185254
11.263524
9.127462
6.036845
-1.612858
-2.942315
-4.460138
-3.579118
-3.744771
-3.251596
-3.739473
-4.446880
-4.438309
-4.331848
-4.338751
-4.272203
-4.093746
-3.845255
-3.949163
-4.158347
-4.278952
-4.448515
-4.334918
-4.114401
-3.956069
-3.744109
-3.620174
-3.515147
-3.351305
-3.180619
-3.254588
-3.423221
-3.573754
-3.786852
-3.916442
-4.037904
-4.227587
-4.433648
-4.498095
-4.517186
-4.559876
-4.576358
-4.678973
-4.808456
-4.907281
-5.014774
-4.981180
-4.888370
-4.810370
-4.695983
-4.614721
-4.532071
-4.410443
-4.275087
-4.364352
-4.538632
-4.688707
-4.892106
-4.613715
-4.152749
-3.767563
-3.278049
-3.333246
-3.579350
-3.694573
-3.901246
-3.900505
-3.840505
-3.883075
-3.919557
-3.906468
-3.880294
-3.850770
-3.808440
-3.803331
-3.807705
-3.797191
-3.788726
-3.816109
-3.858129
-3.900608
-3.953936
-3.996010
-4.038428
-4.092567
-4.150663
-4.195277
-4.237249
-4.283992
-4.330099
-4.386734
-4.448054
-4.508301
-4.571402
-4.533900
-4.454817
-4.383017
-4.284177
-4.212096
-4.139501
-4.037819
-3.926353
-3.883760
-3.862808
-3.828527
-3.806009
-3.723556
-3.619703
-3.530503
-3.431164
-3.403577
-3.403320
-3.389590
-3.390532
-3.505863
-3.675315
-3.854915
-4.076309
-4.121262
-4.111800
-4.153288
-4.172273
-4.214680
-4.261903
-4.285226
-4.303117
-4.398880
-4.522703
-4.637354
-4.769497
-4.592314
-4.290739
-4.020536
-3.672635
-3.945156
-4.448576
-4.845066
-5.369956
-5.147573
-4.656075
-4.328863
-3.866314
-3.939038
-4.193496
-4.286084
-4.451639
-4.409580
-4.296236
-4.266090
-4.215955
-4.227780
-4.265411
-4.280340
-4.304263
-4.319440
-4.332708
-4.355482
-4.380481
-4.130189
-3.764809
-3.413677
-2.985526
-3.237040
-3.743166
-4.140372
-4.682518
-3.295161
-1.143194
0.776410
3.159765
3.463307
3.074608
3.253797
3.129998
3.333289
3.593904
3.531286
3.392631
3.313129
3.188937
2.980915
2.722545
2.760784
2.892758
2.959159
3.072991
3.042239
2.965251
2.943075
2.907246
2.934462
2.987909
3.024939
3.073951
3.111356
3.147698
3.196814
3.249639
3.216369
3.149557
3.090398
3.009659
2.957141
2.907328
2.834022
2.754976
2.771356
2.823163
2.864726
2.928636
2.956919
2.979430
3.026528
3.077612
3.074084
3.051790
3.036171
3.008815
3.005867
3.008511
2.998006
2.987112
2.988903
2.994517
2.999076
3.006320
3.006157
3.003989
3.004911
3.005425
3.024658
3.051991
3.078118
3.109511
3.218753
3.363461
3.510252
3.682794
3.388923
2.908882
2.475624
1.925640
2.225240
2.836590
3.290852
3.914325
3.819034
3.480571
3.347012
3.110577
3.160300
3.305269
3.333035
3.385865
3.307692
3.173112
3.069196
2.938022
2.826860
2.714686
2.573676
2.422043
2.484466
2.629937
2.754952
2.932847
3.040138
3.140002
3.297487
3.468533
3.442657
3.345447
3.271223
3.152499
3.111667
3.085559
3.010211
2.929059
2.930775
2.959816
2.978886
3.015292
3.011293
2.997169
3.002655
3.007462
3.014161
3.023423
3.032057
3.041824
3.056408
3.073505
3.091563
3.111718
3.117827
3.119044
3.123045
3.124450
3.131525
3.140091
3.145747
3.151465
3.199606
3.265517
3.329640
3.405822
3.384061
3.326087
3.284805
3.223284
3.252235
3.311964
3.346975
3.395472
3.408018
3.408969
3.425234
3.438775
3.441177
3.439184
3.434973
3.426580
3.422942
3.419133
3.410771
3.400896
3.390126
3.377785
3.363879
3.348476
3.330493
3.310544
3.289144
3.265934
3.269610
3.283725
3.294794
3.312306
3.321155
3.329014
3.343892
3.360376
3.296136
3.199045
3.107152
2.993529
3.013903
3.081660
3.121186
3.185093
3.219649
3.250153
3.306937
3.369895
3.338720
3.273167
3.218274
3.141838
3.169157
3.231655
3.267466
3.319394
3.329104
3.325579
3.340344
3.352220
3.360505
3.367844
3.372492
3.375171
3.381517
3.388217
3.392699
3.396791
3.406234
3.417535
3.428185
3.439995
3.449472
3.458432
3.468688
3.479006
3.512830
3.556822
3.599876
3.649784
3.694441
3.739976
3.792826
3.848643
3.797363
3.702679
3.615742
3.500422
3.416073
3.332421
3.218113
3.094367
3.099930
3.152844
3.190169
3.256743
3.273834
3.281926
3.322306
3.366967
3.354721
3.323688
3.299796
3.264114
3.255996
3.254838
3.240342
3.226352
3.183138
3.126315
3.071168
3.007263
2.946898
2.884112
2.812120
2.735451
2.739671
2.775141
2.802210
2.848914
2.868825
2.885647
2.923883
2.966947
2.979576
2.983785
2.994474
3.000751
3.025408
3.056505
3.082294
3.110789
3.150659
3.196075
3.243759
3.296211
3.346850
3.399192
3.456567
3.516689
3.483404
3.412196
3.347899
3.258881
3.196617
3.134884
3.046462
2.949765
2.888368
2.835287
2.771906
2.711778
2.880242
3.146405
3.405997
3.732781
3.681211
3.499443
3.403491
3.242978
3.235464
3.271883
3.235555
3.205063
3.213026
3.232382
3.255543
3.289734
3.298153
3.301177
3.316761
3.332432
3.353946
3.379316
3.404625
3.432334
3.462495
3.494818
3.529518
3.566503
3.599872
3.633026
3.668718
3.705007
3.709577
3.701199
3.694827
3.679881
3.680000
3.682723
3.675938
3.667924
3.457322
3.158938
2.867940
2.517496
2.587073
2.808292
2.949925
3.173231
3.240969
3.272360
3.394372
3.521436
3.513074
3.459052
3.416820
3.343867
3.335839
3.342287
3.314229
3.285148
3.321196
3.380824
3.436310
3.507980
3.552487
3.592581
3.650566
3.711220
3.610437
3.444109
3.287646
3.087570
2.934550
2.782160
2.582673
2.368424
2.587973
2.980196
3.338060
3.808157
3.681781
3.350563
3.160970
2.872485
3.109608
3.539031
3.844548
4.243114
4.094581
3.743744
3.511831
3.177786
3.097525
3.089980
2.966714
2.855157
3.002871
3.254138
3.505428
3.832707
3.773590
3.585674
3.493081
3.339775
3.351684
3.415535
3.410173
3.417195
3.414812
3.406902
3.411668
3.418242
3.417878
3.416752
3.417897
3.418916
3.395876
3.362779
3.330609
3.291572
3.258936
3.225905
3.185497
3.142443
3.300039
3.540989
3.770490
4.055427
3.917436
3.624257
3.406608
3.103590
3.167427
3.355352
3.439689
3.576944
3.567681
3.509904
3.512401
3.502296
3.512822
3.532603
3.538928
3.546049
3.554484
3.562427
3.571030
3.579823
3.551507
3.507562
3.465417
3.412785
3.369529
3.325539
3.270303
3.210930
3.194709
3.193720
3.186500
3.188334
3.116669
3.017314
2.930453
2.828148
2.895959
3.030238
3.141296
3.291636
3.389957
3.482093
3.616951
3.761579
3.669365
3.485478
3.322257
3.099790
2.956838
2.822143
2.622855
2.408373
2.434692
2.549511
2.637706
2.781542
2.833206
2.868906
2.965968
3.071898
3.136259
3.193585
3.262372
3.328337
3.318225
3.275634
3.233494
3.168269
3.190741
3.239759
3.261103
3.292397
3.280839
3.252779
3.236647
3.213320
3.256630
3.326185
3.385514
3.459847
3.508872
3.553078
3.613825
3.676671
3.667450
3.630298
3.598559
3.548404
3.522690
3.499318
3.455871
3.407569
3.391086
3.383741
3.369838
3.360796
3.333414
3.299813
3.271982
3.241749
3.239868
3.249536
3.255541
3.268402
3.273868
3.279013
3.291544
3.306285
3.305169
3.299124
3.296109
3.290393
3.292829
3.297789
3.299627
3.302182
3.302344
3.301494
3.301465
3.301057
3.300963
3.300912
3.300462
3.299896
3.302095
3.305373
3.308409
3.312140
3.314971
3.317718
3.321223
3.324916
3.327751
3.330390
3.333266
3.336060
3.339467
3.343122
3.346667
3.350347
3.354479
3.358854
3.363349
3.368056
3.372747
3.377543
3.382561
3.387722
3.388173
3.386710
3.385599
3.383242
3.382228
3.381239
3.378905
3.376152
3.363495
3.346284
3.329057
3.308640
3.289826
3.270197
3.247198
3.222552
3.274662
3.358303
3.436904
3.536264
3.482010
3.371589
3.289240
3.176249
3.193657
3.255163
3.279549
3.322614
3.313688
3.287462
3.282518
3.273018
3.295575
3.331890
3.362276
3.399980
3.432040
3.464500
3.504733
3.547863
3.515046
3.452096
3.395480
3.319397
3.266801
3.215748
3.143579
3.065636
3.363840
3.817152
4.248099
4.782047
4.471884
3.848454
3.367862
2.711865
2.811727
3.166134
3.307511
3.557565
3.502339
3.345587
3.312804
3.252867
3.257387
3.289735
3.292180
3.301768
3.307557
3.311909
3.323582
3.337294
3.336898
3.332230
3.330339
3.326135
3.329478
3.335243
3.338309
3.342160
3.377749
3.426924
3.475523
3.533604
3.583914
3.635300
3.696831
3.762361
3.728874
3.656204
3.592022
3.502606
3.444024
3.387635
3.303863
3.212731
3.216391
3.254036
3.279758
3.326371
3.334814
3.335543
3.359447
3.385556
3.336612
3.259219
3.187529
3.096986
3.033708
2.973801
2.893247
2.808376
2.819498
2.867254
2.906238
2.968821
2.997836
3.022698
3.073366
3.129515
3.186528
3.249210
3.317732
3.391487
3.477971
3.572943
3.672828
3.780130
3.583421
3.261350
2.960104
2.576780
2.682115
2.959115
3.130248
3.388523
3.467261
3.499231
3.628308
3.757777
3.577008
3.274700
2.986945
2.615578
2.771607
3.114400
3.348017
3.678544
3.580394
3.333695
3.204931
3.011344
3.053648
3.178432
3.226881
3.306478
3.303438
3.271750
3.275263
3.271578
3.282235
3.299350
3.308675
3.319231
3.330151
3.340977
3.353000
3.365526
3.393730
3.428968
3.464061
3.504047
3.541067
3.579102
3.622331
3.667931
3.553306
3.372166
3.200430
2.984561
2.985463
3.058915
3.077410
3.129471
3.143675
3.151683
3.195633
3.247964
3.324489
3.419041
3.521511
3.638361
3.649672
3.623653
3.617132
3.590239
3.604858
3.629658
3.631734
3.633308
3.445894
3.175425
2.912404
2.593619
2.731319
3.037909
3.267152
3.590964
3.588581
3.483528
3.489820
3.460837
3.428319
3.389556
3.315314
3.222675
3.204712
3.206146
3.185034
3.171326
3.111500
3.033131
2.964236
2.885800
2.945292
3.060003
3.158966
3.291709
3.384883
3.475382
3.602432
3.739589
3.696770
3.585979
3.493702
3.358392
3.287263
3.225236
3.116043
2.997843
3.022887
3.099667
3.160571
3.254133
3.290258
3.315566
3.377030
3.442727
3.445570
3.427480
3.416771
3.392736
3.398831
3.412283
3.410702
3.409361
3.455646
3.520716
3.583863
3.660038
3.720356
3.779830
3.853457
3.931033
3.819660
3.631238
3.455162
3.228226
3.494360
3.947768
4.327365
4.815526
4.572811
4.062168
3.694834
3.185530
2.933367
2.739262
2.388248
2.024904
2.235238
2.667278
3.060573
3.602023
3.698907
3.671953
3.817224
3.930671
3.539322
2.936508
2.492673
1.963937
4.112036
7.376170
17.933188
17.996213
19.964291
18.597580
18.522938
17.637066
18.243607
19.241830
19.346214
19.411849
19.439647
19.338540
19.191850
18.961352
19.047775
19.224947
19.301335
19.410926
19.318677
19.145432
19.014458
18.842143
18.719626
18.603400
18.442567
18.270976
18.319693
18.452386
18.564088
18.729539
18.842428
18.955917
19.127145
19.317655
19.316141
19.248070
19.208699
19.130017
18.969239
18.758147
18.510129
18.214129
18.299904
18.521728
18.677128
18.908445
19.001815
19.065030
19.212253
19.366483
19.344559
19.259861
19.190680
19.080031
19.044027
19.021994
18.953941
18.880758
18.861621
18.858205
18.846781
18.845041
18.811488
18.768089
18.736021
18.700792
18.734316
18.796813
18.853164
18.927756
18.986117
19.045470
19.124357
19.210301
19.167449
19.075170
18.995906
18.885378
18.909076
18.976613
19.006104
19.054163
19.032372
18.985531
18.960622
18.925909
18.914135
18.909850
18.894602
18.880628
18.876372
18.875687
18.875815
18.878991
18.844578
18.795685
18.751574
18.698733
18.825968
19.026240
19.209748
19.439418
19.345869
19.134649
18.985017
18.772222
18.781464
18.862106
18.868280
18.899737
18.909657
18.914376
18.945604
18.983395
19.027653
19.080546
19.140164
19.207373
19.253440
19.294781
19.344946
19.394412
19.392437
19.369181
19.347490
19.311045
19.289078
19.266523
19.228084
19.184144
19.176897
19.181005
19.177709
19.180469
19.164364
19.142286
19.127231
19.110368
19.103705
19.101278
19.096595
19.094018
19.089383
19.084621
19.082109
19.080278
19.070098
19.056924
19.044832
19.030912
19.020335
19.010439
18.998516
18.986403
18.999005
19.021821
19.043358
19.071755
19.093368
19.115175
19.144364
19.176066
19.198609
19.219214
19.242874
19.265957
19.295852
19.328698
19.360677
19.394391
19.387284
19.363529
19.343322
19.312502
19.292953
19.273602
19.242806
19.208426
19.192417
19.181334
19.165658
19.152282
19.127627
19.098764
19.072731
19.044737
19.050357
19.069661
19.085508
19.109855
19.125057
19.139985
19.164079
19.190977
19.209725
19.227288
19.248178
19.269066
19.297332
19.329089
19.360552
19.394307
19.353642
19.282355
19.216647
19.131081
19.158493
19.225262
19.266650
19.327643
19.328584
19.310473
19.315045
19.313982
19.338277
19.373123
19.401223
19.434082
19.325665
19.158652
19.002602
18.808799
18.888313
19.067591
19.196091
19.378677
19.357022
19.268432
19.244233
19.194438
19.229754
19.296108
19.332809
19.380450
19.209227
18.946865
18.705029
18.406041
18.561534
18.885798
19.131470
19.470913
19.343891
19.054010
18.880686
18.631246
18.675009
18.820203
18.874887
18.969639
18.967906
18.934311
18.945634
18.950920
18.990014
19.045421
19.093479
19.149634
19.185110
19.214804
19.253713
19.291644
19.339993
19.393293
19.445203
19.499946
19.477566
19.423550
19.375780
19.307676
19.260521
19.213413
19.144403
19.068313
19.026158
18.992805
18.950487
18.912072
18.852161
18.783984
18.720704
18.653357
18.647211
18.665720
18.677420
18.704256
18.713900
18.722600
18.747657
18.777411
18.776451
18.766356
18.762578
18.753953
18.762129
18.775852
18.783884
18.793873
18.817046
18.846142
18.876651
18.911933
18.944143
18.977432
19.015806
19.056524
19.086564
19.113698
19.143758
19.172572
19.207714
19.245274
19.281293
19.318460
19.310192
19.282965
19.258874
19.222421
19.084297
18.897451
18.702218
18.469818
18.497263
18.616966
18.686925
18.806466
18.825492
18.819716
18.869205
18.919943
18.844462
18.721713
18.606138
18.458100
18.759121
19.236763
19.661496
20.194032
19.957777
19.439318
19.065181
18.538803
18.696442
19.089069
19.295754
19.605870
19.495547
19.235109
19.098388
18.899444
18.878725
18.917782
18.885725
18.870294
18.882647
18.907083
18.946965
19.002025
19.044545
19.090478
19.152785
19.222330
19.230884
19.218613
19.216595
19.202721
19.166852
19.117153
19.056212
18.981678
18.986043
19.016418
19.029231
19.055115
19.059494
19.058988
19.072801
19.088139
19.081731
19.068301
19.057501
19.042229
19.037983
19.036612
19.030156
19.024050
19.019023
19.014081
19.009416
19.005022
18.999162
18.992836
18.986856
18.980650
18.975536
18.970818
18.965821
18.961006
18.955818
18.950526
18.945437
18.940347
18.934402
18.928114
18.921864
18.915377
18.909157
18.902945
18.896477
18.889933
18.891940
18.897523
18.902656
18.910178
18.915477
18.920902
18.928893
18.937800
18.988347
19.057314
19.125453
19.206280
19.278644
19.353266
19.441381
19.535399
19.432360
19.249669
19.081693
18.861784
18.699288
18.538442
18.321480
18.087493
18.128985
18.273772
18.388612
18.568286
18.648212
18.712907
18.848778
18.997234
18.862599
18.620944
18.405088
18.120082
17.498187
16.703273
16.393042
16.172290
10.922781
9.674912
8.337152
8.303874
7.673072
7.389805
7.812603
8.635418
8.249988
7.612672
7.447147
7.236390
7.315536
7.546797
7.722485
7.976507
7.959544
7.858101
7.848989
7.810882
7.895442
8.028387
8.126760
8.246086
8.165945
8.007091
7.878251
7.704174
7.587761
7.477863
7.318890
7.148194
7.342414
7.681215
7.991758
8.396670
8.369736
8.200283
8.146913
8.030423
7.839343
7.599239
7.297932
6.939712
7.169157
7.615501
7.977106
8.466523
8.401777
8.152157
8.058066
7.884836
7.940711
8.073452
8.115630
8.179554
8.159032
8.103180
8.072760
8.027663
7.996197
7.966348
7.920919
7.871062
7.840556
7.814559
7.783019
7.753284
7.709991
7.661188
7.614793
7.565404
7.552228
7.553313
7.549758
7.554745
7.261107
6.843917
6.460775
6.002600
7.564979
9.955542
12.730659
15.216264
15.632929
15.074317
15.200519
14.942000
15.237398
15.660716
15.667343
15.615267
15.445891
15.154972
14.805032
14.360602
14.451190
14.718898
14.865256
15.099633
15.097553
15.023258
15.049309
15.059178
15.080262
15.109161
15.121622
15.131939
15.154569
15.179692
15.201933
15.225421
15.250665
15.276934
15.304396
15.333030
15.260095
15.144618
15.034745
14.896565
14.930717
15.025524
15.083643
15.172823
15.195266
15.199984
15.239441
15.278307
15.257139
15.213829
15.172771
15.115938
15.145027
15.203521
15.241999
15.294838
15.293150
15.272872
15.269652
15.259204
15.269456
15.286936
15.296177
15.307492
15.234814
15.126496
15.023880
14.898095
14.977712
15.134474
15.258441
15.426355
15.396055
15.298537
15.254798
15.181452
15.187638
15.219486
15.217685
15.222013
15.222152
15.219818
15.223742
15.228726
15.230347
15.231697
15.234338
15.237047
15.233724
15.228003
15.222621
15.215620
15.210535
15.205542
15.198794
15.191546
15.216296
15.254241
15.290274
15.335065
15.371096
15.407301
15.452935
15.501734
15.360815
15.141653
14.934023
14.674546
14.817805
15.109351
15.329954
15.632505
15.513983
15.247187
15.082812
14.847946
14.851298
14.933823
14.933921
14.961273
14.966159
14.965529
14.513618
13.864723
11.604113
3.158909
1.630022
-0.024839
-0.870412
-0.698305
-0.077044
1.297924
0.889175
0.122218
0.215951
0.319168
0.158608
-0.018607
-0.167791
-0.340784
-0.232168
-0.011916
0.171770
0.422031
0.378833
0.238094
0.178633
0.076974
0.098098
0.160299
0.174167
0.199722
0.358689
0.574780
0.796832
1.062316
0.874842
0.515619
0.220934
-0.174738
-0.072104
0.202067
0.350729
0.579136
0.611136
0.583645
0.646176
0.698335
0.633593
0.523782
0.408990
0.258581
0.211552
0.191292
0.129666
0.073929
0.001086
-0.080656
-0.155892
-0.234342
-0.315575
-0.398810
-0.485199
-0.574164
-0.555650
-0.492945
-0.437564
-0.353211
-0.298297
-0.243107
-0.156715
-0.060034
-0.042494
-0.050504
-0.044202
-0.052165
-0.021845
0.019596
0.044734
0.072200
0.200287
0.370553
0.538761
0.736513
0.585133
0.298825
0.058138
-0.263336
-0.223320
-0.062518
-0.000567
0.114202
0.079047
-0.005617
-0.029926
-0.067630
-0.054885
-0.020560
-0.001797
0.025800
0.046758
0.067384
0.097316
0.130349
0.127019
0.110654
0.099142
0.079736
0.074872
0.073011
0.062389
0.050988
0.121583
0.225774
0.325552
0.447879
0.343798
0.153480
-0.003769
-0.211334
-0.181492
-0.070711
-0.021988
0.063397
0.014848
-0.080081
-0.131777
-0.200993
-0.210106
-0.197277
-0.204834
-0.204417
-0.222025
-0.245726
-0.260557
-0.276379
-0.297378
-0.320104
-0.343561
-0.368687
-0.390815
-0.412526
-0.436100
-0.459954
-0.453258
-0.433892
-0.416148
-0.389922
-0.371929
-0.353636
-0.326221
-0.295655
-0.277429
-0.262012
-0.242729
-0.224424
-0.197411
-0.166742
-0.137429
-0.106059
-0.041491
0.038023
0.118225
0.209239
0.293730
0.380585
0.478919
0.582554
0.561807
0.491836
0.432807
0.342195
0.358359
0.406315
0.417061
0.438179
0.430814
0.412250
0.405355
0.395161
0.390412
0.387671
0.381373
0.375078
0.343739
0.301369
0.260054
0.211368
0.173966
0.138024
0.093972
0.048348
0.026007
0.011977
-0.004748
-0.016260
-0.037343
-0.060341
-0.077551
-0.094208
-0.125203
-0.161425
-0.196412
-0.234842
-0.267530
-0.299258
-0.334787
-0.370876
-0.373377
-0.362253
-0.353186
-0.335052
-0.326737
-0.318567
-0.300605
-0.279585
-0.253142
-0.221920
-0.187689
-0.149363
-0.142948
-0.147872
-0.147159
-0.152740
-0.139173
-0.119812
-0.107746
-0.094042
-0.089205
-0.088145
-0.085064
-0.083832
-0.072905
-0.058505
-0.046421
-0.032668
0.049073
0.160279
0.270263
0.400734
0.231902
-0.054812
-0.307423
-0.632457
-0.478568
-0.151224
0.080771
0.404191
0.341550
0.147389
0.063756
-0.075360
-0.063579
-0.001887
-0.003256
0.007908
0.006910
-0.000067
0.005955
0.013418
0.016608
0.020033
0.025236
0.030854
0.032665
0.033239
0.034420
0.034877
0.037183
0.040001
0.041994
0.044071
0.035357
0.022002
0.009194
-0.006698
-0.020143
-0.033933
-0.051018
-0.069407
-0.091035
-0.115002
-0.140205
-0.167374
-0.195977
-0.226244
-0.258493
-0.292516
-0.255901
-0.190272
-0.129540
-0.049817
-0.074719
-0.135757
-0.172663
-0.227314
-0.205053
-0.155827
-0.128094
-0.088725
-0.077428
-0.074899
-0.059285
-0.045186
0.096657
0.293530
0.483432
0.709682
0.539501
0.216934
-0.050969
-0.409000
-0.363239
-0.182113
-0.111260
0.018863
-0.017261
-0.108024
-0.131141
-0.168683
-0.165581
-0.144782
-0.140130
-0.129753
-0.122406
-0.115376
-0.102416
-0.087401
-0.085549
-0.087707
-0.087124
-0.088648
-0.083259
-0.075625
-0.070449
-0.064534
-0.080693
-0.106158
-0.129927
-0.159672
-0.184110
-0.208912
-0.240116
-0.273652
-0.182864
-0.040947
0.093145
0.261030
0.394641
0.528676
0.699109
0.881599
0.665894
0.290262
-0.055431
-0.505494
-0.400492
-0.105049
0.058659
0.314332
0.271812
0.131558
0.098314
0.033228
-0.031503
-0.099674
-0.199972
-0.315514
-0.308933
-0.260934
-0.234237
-0.184263
-0.243209
-0.339850
-0.407867
-0.492903
-0.278838
0.057550
0.363653
0.745863
0.581468
0.216952
-0.045453
-0.416070
-0.341140
-0.116528
-0.022331
0.133695
0.110642
0.026556
0.013159
-0.017723
-0.012755
0.006759
0.007189
0.010110
0.009202
0.005810
0.005012
0.003748
-0.000167
-0.005152
-0.010485
-0.016748
-0.022024
-0.027354
-0.033692
-0.040379
-0.025111
-0.000772
0.022251
0.051290
0.074372
0.097598
0.127298
0.159190
0.073640
-0.060167
-0.186591
-0.344923
-0.221766
0.006994
0.190645
0.434395
0.373259
0.205780
0.113301
-0.029382
-0.055178
-0.046825
-0.094886
-0.138571
0.051068
0.336063
0.615079
0.960943
0.613756
0.002371
-0.509982
-1.177390
-0.837005
-0.129982
0.373867
1.069792
0.745868
0.056496
-0.391687
-1.016490
-0.899375
-0.523804
-0.361136
-0.089380
-0.091006
-0.180381
-0.146736
-0.130814
-0.051400
0.059750
0.150794
0.254878
0.258319
0.222920
0.205199
0.166141
0.178267
0.204045
0.205670
0.208835
0.184842
0.147457
0.112645
0.069777
0.058508
0.057180
0.046171
0.039047
0.017456
-0.009495
-0.031878
-0.056360
-0.057541
-0.049308
-0.044217
-0.033583
-0.029199
-0.025208
-0.015237
-0.003566
-0.013285
-0.030675
-0.045336
-0.064697
-0.059722
-0.046305
-0.038780
-0.027230
-0.025463
-0.026597
-0.023189
-0.020243
-0.012913
-0.003453
0.005375
0.015397
0.023595
0.031510
0.040734
0.050189
0.061018
0.072680
0.084532
0.097000
0.073486
0.034970
-0.001355
-0.047587
-0.084457
-0.121752
-0.169691
-0.221366
-0.206809
-0.166949
-0.133897
-0.084872
-0.058634
-0.035327
0.005443
0.049858
0.071947
0.088094
0.109114
0.127060
0.159115
0.196248
0.229629
0.265287
0.247244
0.207021
0.171440
0.121755
0.066194
0.002014
-0.076476
-0.165716
-0.050073
0.146195
0.322386
0.549513
0.466603
0.273517
0.146364
-0.037193
0.087377
0.323604
0.488682
0.708436
0.641214
0.469972
0.367139
0.214280
0.244701
0.336909
0.369974
0.426235
0.297102
0.093692
-0.078183
-0.291079
-0.236895
-0.084954
0.013260
0.162704
0.197439
0.201684
0.263479
0.323327
0.212760
0.034863
-0.137245
-0.356486
-0.223227
0.038546
0.236375
0.504545
0.427058
0.228686
0.117525
-0.049778
-0.086350
-0.084370
-0.145450
-0.201452
-0.256905
-0.316422
-0.371208
-0.425828
-0.494819
-0.569346
-0.643044
-0.720505
-0.432153
0.010176
0.432844
0.958037
0.741974
0.256473
-0.091094
-0.584723
-0.478018
-0.169713
-0.037396
0.178080
0.152125
0.043775
0.030520
-0.006448
-0.011428
-0.003839
-0.021422
-0.040438
-0.017320
0.020388
0.054596
0.098614
0.113108
0.119268
0.136826
0.152203
0.158267
0.160552
0.161071
0.158082
0.152442
0.143844
0.131714
0.116414
0.097923
0.076215
0.051336
0.023261
0.021147
0.028246
0.030893
0.038712
0.036272
0.031420
0.032328
0.033471
-0.016894
-0.088455
-0.157508
-0.240880
-0.232847
-0.192366
-0.170630
-0.131984
-0.151185
-0.189060
-0.207087
-0.231545
-0.231716
-0.222466
-0.220762
-0.215283
-0.175665
-0.120552
-0.063062
0.006316
0.068692
0.133912
0.211758
0.295567
0.279996
0.226271
0.183104
0.116027
0.082470
0.053089
-0.002405
-0.063504
-0.059565
-0.033344
-0.015936
0.015050
0.017115
0.012305
0.022728
0.033348
-0.040655
-0.148958
-0.253288
-0.380962
-0.250130
-0.019824
0.175204
0.429209
0.402519
0.280296
0.230946
0.138114
0.158209
0.213694
0.219877
0.233624
0.146027
0.013634
-0.106951
-0.254236
-0.146957
0.057377
0.223191
0.445051
0.411340
0.291068
0.239527
0.149606
0.162784
0.209124
0.211834
0.222436
0.219869
0.210777
0.210076
0.208494
0.204375
0.199652
0.194193
0.187868
0.105811
-0.008953
-0.121354
-0.256095
-0.207276
-0.090571
-0.004888
0.118845
0.061288
-0.058861
-0.132053
-0.233792
-0.265119
-0.274891
-0.316878
-0.355015
-0.283554
-0.167067
-0.051577
0.096195
0.127083
0.123261
0.157887
0.180229
0.181577
0.172308
0.151534
0.118666
0.090925
0.058480
0.013204
-0.039193
-0.040942
-0.025836
-0.020388
-0.005787
-0.014039
-0.028749
-0.033076
-0.038431
-0.037552
-0.033403
-0.030504
-0.025945
-0.020735
-0.014601
-0.006786
0.002245
0.004910
0.005615
0.007868
0.009185
0.013699
0.019298
0.023804
0.028693
