-0.017121
0.117055
0.304228
0.512553
0.404755
0.177971
-0.012866
-0.277640
-0.208241
-0.027495
0.062592
0.201667
0.200971
0.154159
0.163364
0.159995
0.178285
0.205831
0.055617
-0.163603
0.497648
-0.352086
-0.305011
-0.491181
-0.407040
-0.222222
-0.080360
0.119026
0.223918
0.311012
0.461386
0.620338
0.583687
0.474528
0.383186
0.244735
0.180874
0.128561
0.024408
-0.088493
-0.072336
-0.010854
0.035596
0.110556
0.087419
0.034311
0.014825
-0.014787
0.034894
0.117129
0.185730
0.272181
0.364028
0.465092
0.584294
0.716104
0.801182
0.874204
0.962437
1.046545
1.294409
1.611628
0.885467
-0.234809
4.485198
-0.132705
0.913179
0.611542
0.378132
0.142021
-0.171159
-0.511172
-0.430893
-0.192516
-0.000650
0.290016
0.430268
0.547894
0.773911
1.019518
0.955128
0.779493
0.638365
0.426962
0.341855
0.281209
0.142647
-0.004233
-0.015599
0.018547
0.037622
0.085960
0.070114
0.039074
0.066356
0.104537
-0.124281
-0.455422
0.363666
-0.569830
-0.282058
-0.174125
-0.092593
0.022750
-0.012739
-0.099357
-0.144683
-0.212370
-0.219625
-0.207273
-0.220346
-0.228651
-0.173178
-0.091026
-0.006889
0.097348
0.037313
-0.082991
-0.175389
-0.301551
-0.017063
0.429289
0.332343
0.123561
2.336473
-0.012307
0.425612
0.168026
0.170070
0.251744
0.231115
0.231764
0.195976
0.143823
-0.611778
-1.678222
1.944638
0.519681
-2.807808
1.026935
-0.048974
-0.059493
0.021486
0.120667
0.112292
0.076370
0.064654
0.038941
-0.180594
-0.486597
-0.365940
-0.124785
-0.164694
-0.222550
-0.140160
-0.036267
0.012034
0.061608
0.136952
0.217971
0.244227
0.252569
0.269352
0.275534
0.308106
0.347835
0.375517
0.404222
0.344960
0.247472
0.383181
0.590887
-0.540906
0.367120
0.007906
-0.076468
-0.081877
-0.059079
0.019397
0.143144
-0.163021
0.123327
0.064481
0.090893
0.009042
-0.115474
0.280471
0.866414
-1.563208
0.598727
-0.056112
-0.077132
-0.012929
0.086287
0.182750
0.303474
0.391836
0.493061
0.612229
0.741632
0.840546
0.933184
1.036153
1.137348
1.263436
1.400378
1.534207
1.674435
1.545178
1.303925
1.082954
0.813928
0.406120
-0.081111
-0.130427
-1.301979
-0.425656
0.842508
0.096541
-1.105963
-0.842525
-0.382546
-0.474373
-0.553662
-0.556481
-0.579317
-0.596858
-0.613427
-0.600594
-0.574234
-0.548095
-0.512598
-0.561573
-0.642128
-0.358236
0.056983
-1.518554
0.080449
-0.249819
-0.124156
-0.088612
-0.082048
-0.048951
-0.027687
0.033468
0.108863
0.170498
0.237176
0.256684
0.257028
0.280129
0.298938
0.235233
0.136816
0.730976
0.262493
0.391988
0.351288
0.316882
0.268719
0.266349
0.277685
0.022465
-0.334901
0.728389
-0.476389
-0.314264
-0.482940
-0.518080
-0.506678
-0.523122
-0.515465
-0.420079
-0.279020
-0.117015
0.084595
0.226604
0.364030
0.814491
1.389688
0.809132
-0.171593
0.006629
0.368072
-0.001135
-0.472651
-0.713789
-0.982213
-0.952370
-0.784008
-0.654920
-0.446049
-0.373894
-0.326682
-0.191298
-0.044563
-0.009787
-0.007994
0.011077
0.010190
-0.052928
-0.150047
-0.241850
-0.353915
-0.106247
0.285554
0.893720
-0.276492
0.146328
0.436519
0.489747
0.548682
0.363130
0.051132
-0.225947
-0.573310
-0.465228
-0.192593
0.891734
0.709859
0.828946
0.568681
0.459853
0.269561
0.263596
0.313922
0.288025
0.275594
0.385827
0.546494
1.374649
1.256137
0.201010
-1.625586
-0.472279
1.488270
0.948352
0.038317
0.095405
0.125787
0.017120
-0.060819
-0.152723
-0.250894
-0.289168
-0.306372
-0.332756
-0.346830
-0.463939
-0.620093
-0.738626
-0.870359
-0.862936
-0.798504
0.157168
-0.216465
-0.151142
-0.427601
0.348033
1.457647
0.694317
-0.598033
2.501686
-0.580902
0.181647
0.148252
0.014768
-0.127135
-0.102906
-0.022534
0.041167
0.141675
0.163791
0.168034
0.213628
0.260139
0.207078
0.116458
0.119443
0.134114
-0.456875
-1.290184
1.824476
-1.070936
-0.415252
-0.646939
-0.850095
-1.080921
-0.369281
0.733429
-0.206107
-3.397845
-2.419418
-0.938261
-0.575567
-0.011613
0.043046
-0.143120
-0.107878
-0.145210
0.073870
0.391488
0.624684
0.895287
0.537854
-0.078217
0.796493
2.117822
-0.216319
12.183641
12.250927
13.588214
14.677429
14.950330
14.688466
13.790256
14.410198
15.321283
15.503937
15.673836
15.451546
14.979270
14.504911
13.870990
13.928247
14.204605
14.285973
14.460234
14.483024
14.464246
14.524778
14.583536
13.853012
12.794218
12.662936
14.552044
13.866484
13.130404
13.028717
12.900658
13.245706
13.846877
14.362598
15.012081
14.448655
13.422773
14.117367
18.850515
15.407003
16.176802
15.319988
14.879645
14.823494
14.953739
14.863896
14.808435
14.772956
14.738786
14.737597
14.753171
14.733988
14.711363
14.676493
14.631120
14.731889
14.538398
14.520003
14.453693
14.493623
14.574846
14.655476
14.766454
14.221817
13.412375
14.257039
14.465192
14.372393
14.028414
14.021381
14.008143
13.993449
14.010906
14.024682
14.051803
14.147718
14.278768
14.420639
14.590862
14.616311
14.594592
14.608551
14.600257
14.601291
14.599644
14.844441
15.193832
14.028702
15.305267
14.875239
14.702898
14.750820
14.832507
14.824659
14.817861
14.738120
14.618353
14.502107
14.360877
14.881209
15.671698
15.153483
14.275071
14.501071
14.889624
14.757092
14.595960
14.686302
14.815065
14.901741
15.010333
14.845236
14.569499
14.199864
13.709447
13.830852
14.146042
9.625085
14.475940
12.067198
10.449175
11.950680
14.381362
-4.274395
-1.243366
-2.622155
2.052578
-0.530050
-3.830856
-3.895657
-3.688573
-4.117679
-4.347414
-4.224062
-3.924410
-4.290492
-4.819837
-5.205734
-5.677594
-5.202434
-4.349414
-6.732608
-4.194299
-4.805600
-4.793451
-4.667988
-4.535664
-4.295333
-3.993832
-3.688984
-3.342610
-3.347827
-3.482832
-3.450651
-3.445382
-4.152394
-5.157389
-1.317594
-4.933962
-3.793210
-3.609362
-3.444482
-3.232363
-3.102145
-2.986647
-2.818868
-2.644414
-2.724986
-2.905407
-3.067507
-3.295606
-3.439812
-3.577311
-3.786601
-4.014413
-3.959876
-3.801482
-3.675004
-3.483540
-3.622032
-3.873846
-4.044415
-4.268458
-4.135511
-3.867122
-4.641349
-5.757935
-1.367147
-5.765340
-4.797762
-5.082523
-4.212346
-2.869430
-3.439216
-4.479025
-4.134920
-3.624758
-3.719532
-3.847348
-3.196807
-2.294617
-3.335680
-1.289873
-1.386920
-1.154967
4.583446
7.337105
7.759110
6.373384
6.485741
6.141503
6.726148
7.650695
8.074444
8.542748
8.625706
8.512550
8.458150
8.296044
8.324247
8.389176
8.334873
8.267199
8.199404
8.112666
8.036568
7.956106
7.631798
7.202816
7.908772
6.853366
7.230079
7.510936
7.828159
8.267583
8.015417
7.530097
10.595695
8.333454
9.074929
8.199911
7.795413
7.151672
7.724006
8.751487
9.716701
8.132298
8.552596
8.624511
8.392945
8.081267
8.041759
8.048382
7.957930
7.876609
7.774799
7.658271
7.551308
7.439348
7.311677
7.175993
7.035889
6.888486
6.866587
6.894200
6.867280
6.853648
7.120493
7.507133
6.050861
7.440289
7.035951
7.006759
6.989299
6.962689
6.968433
6.984898
6.990588
7.000145
6.938170
6.846430
7.222627
7.776406
5.715353
8.515381
5.652400
7.675490
7.115282
7.145912
7.177437
7.212673
7.247054
7.282905
7.322642
7.364631
7.382729
7.392129
7.404921
7.412551
7.429264
7.447783
7.460592
7.472781
7.440555
7.388536
7.337743
7.273493
7.217708
7.159348
7.110773
7.066050
6.907473
6.703292
7.576843
6.821633
7.044804
7.035135
7.042542
7.051702
7.027068
6.990684
6.957709
6.917100
6.891485
6.869035
6.838062
6.806533
6.816696
6.843436
6.867736
6.903179
6.923980
6.943515
6.963354
6.981179
7.100785
7.262786
6.892431
7.336836
7.215405
7.178649
7.273730
7.404670
7.332118
7.203745
7.122314
7.013152
6.598935
6.046892
6.405051
7.053609
6.884610
6.600210
6.658905
6.722937
6.750477
6.801322
6.861991
6.933897
7.017954
7.113487
7.220206
7.338349
7.446749
7.557541
7.680668
7.809133
7.873476
7.914343
7.963599
7.998632
7.066961
5.718183
6.196664
7.154813
7.105994
7.775078
7.668982
7.462840
6.671508
5.502211
6.514361
8.215626
7.300768
5.826677
9.213428
6.408924
7.350214
7.498736
7.643627
7.812110
7.720856
7.529755
7.374246
7.159590
7.029027
6.910298
6.683954
6.426271
6.731715
7.250687
5.805761
7.357845
6.985206
6.990085
7.277083
7.238097
7.257457
7.178756
7.116737
7.022042
6.990101
6.971317
6.864313
6.732583
7.055994
7.552139
5.701365
7.403113
6.909552
6.898138
6.901050
6.903539
6.903064
6.902645
6.902029
6.901043
6.778262
6.603463
6.828948
7.187479
6.180681
6.972293
6.714297
6.707880
6.688141
6.669485
6.651757
6.633522
6.660589
6.706793
6.750525
6.806970
6.852230
6.898428
6.958247
7.023118
7.048630
7.061205
7.080813
7.093184
7.125120
7.162733
7.192067
7.222611
7.334560
7.480837
7.489308
7.463850
8.251765
9.355277
4.272718
8.353145
7.174277
7.396451
7.505635
7.666386
7.530346
7.280222
7.073356
6.800008
7.236720
7.948987
7.879475
9.560721
7.016238
6.707191
6.627756
7.246116
6.972007
6.669463
6.764812
6.921635
6.753480
6.517987
6.363304
6.177039
6.443908
6.897341
7.121878
7.384429
6.997460
4.173687
6.443888
8.343300
7.064743
7.049650
7.089537
7.146552
7.215719
7.303904
7.382118
7.466289
7.476337
7.456582
7.446110
7.417772
7.410008
7.403608
7.377901
7.346797
7.343543
7.347565
7.344646
7.345133
7.327965
7.304147
7.284560
7.261786
7.252855
7.248769
7.240822
7.234969
7.224036
7.211515
7.201349
7.190903
6.857969
6.387934
5.855199
5.197390
3.424415
1.111688
-5.162738
-6.980051
-5.875460
-7.334581
-7.260775
-7.426703
-5.401651
-7.123184
-6.687300
-6.857138
-4.668007
-7.910609
-10.947784
-3.877932
-5.873618
-6.485399
-6.215008
-5.880684
-5.444396
-4.841348
-5.861851
-7.484228
-7.476079
-7.228109
-7.686384
-8.160126
-8.115562
-7.932492
-7.793393
-7.553214
-7.484880
-7.446954
-7.297334
-7.132635
-7.135803
-7.191503
-7.223468
-7.287728
-7.263407
-7.214016
-7.201685
-7.183995
-7.178453
-7.179492
-7.247653
-7.348744
-6.892897
-6.222614
-8.847896
-6.495329
-7.036134
-6.824339
-6.583934
-6.285055
-6.772792
-7.564800
-6.611618
-8.313658
-7.995510
-7.877254
-7.841745
-7.721200
-8.142038
-8.125672
-8.348191
-8.524802
-8.423871
-8.208628
-8.030315
-7.784760
-7.654942
-7.546769
-7.370926
-7.175939
-7.040825
-6.915050
-6.777119
-6.644732
-6.679004
-6.785500
-2.862895
2.722589
6.404446
9.278125
10.172071
9.643350
10.902020
12.044908
11.755550
10.991785
11.513132
12.207317
12.343619
12.459617
11.995180
11.215182
10.476472
9.545992
9.677947
10.642350
11.106865
11.861276
12.112766
12.233182
12.540178
12.811886
12.952485
12.150800
11.792460
11.167313
10.887113
10.675604
9.566471
9.505784
9.342481
9.531781
9.931856
10.575983
9.328793
10.535788
10.363679
10.554559
10.691419
10.829364
10.988893
11.152395
11.390673
11.664915
11.940216
12.240740
12.318856
12.314271
11.615739
10.559628
13.886466
10.688077
11.401112
11.184746
11.142655
11.153366
11.127419
11.129073
11.038018
10.916567
10.827393
10.727893
10.771726
10.875126
10.961912
11.084721
11.151407
11.209334
11.347924
11.510787
11.492036
11.415924
11.373411
11.299084
11.281225
11.276042
11.235758
11.192458
11.246585
11.337037
10.900053
10.265985
12.685460
10.450243
11.064097
11.032309
11.049039
11.085542
11.002678
10.883426
11.429472
10.954682
11.112487
11.131530
11.056184
10.942635
10.835560
10.703341
10.598705
10.494708
10.363547
10.224047
10.250886
10.341718
10.416530
10.532128
10.591349
10.643999
10.741171
10.848239
10.831750
10.772039
10.728252
10.657903
10.640255
10.634270
10.598643
10.561450
10.590049
10.642769
10.690795
10.755094
10.793025
10.826866
10.878651
10.933363
10.882272
10.789433
10.704329
10.591748
10.648687
10.765698
10.847020
10.959257
11.016852
11.061906
11.141034
11.222998
11.223088
11.193279
11.170206
11.127318
11.134324
11.153988
11.151042
11.149691
11.119627
11.075698
11.034478
10.984874
10.964041
10.951809
10.929677
10.910411
10.877095
10.838094
10.802586
10.764413
10.743956
10.730158
10.712865
10.699082
10.679547
10.658840
10.641986
10.625613
10.702019
10.818536
10.947620
11.110672
11.129601
11.104454
11.832970
11.477592
11.585724
11.462957
11.361489
11.209962
11.128373
11.055340
10.927641
10.788096
10.699793
10.621953
10.589459
10.586589
10.080708
9.379481
11.406352
9.307739
9.995798
10.225200
10.433076
10.711940
10.678846
10.544000
10.561053
10.562023
10.330604
10.008853
12.573892
10.742143
11.370749
11.291517
11.277593
11.220281
11.261278
11.330689
11.257753
11.147972
11.566820
11.131621
11.127240
10.961928
11.267627
10.340764
12.054312
10.640525
11.021087
10.979219
10.947113
10.911206
10.909108
10.920649
10.926876
10.940814
10.879341
10.788831
11.218209
11.847206
9.458487
11.615702
10.993190
10.998653
10.914025
10.790998
10.736398
10.683379
10.774597
11.664787
11.161898
10.455941
10.616503
10.903093
10.850294
10.803901
10.792553
10.763182
10.248886
9.523521
12.160236
10.634333
10.812490
10.121071
10.371893
10.796584
10.896398
11.039228
10.400863
9.415860
10.020302
11.055888
10.788548
10.337161
10.400890
10.459587
10.442265
10.444784
10.449465
10.456315
10.445298
10.427923
10.474436
10.543261
10.557169
10.564929
10.598663
10.634752
10.670362
10.709622
10.751547
10.796267
10.844417
10.895619
10.949586
11.006523
10.984719
10.931095
10.883962
10.816343
10.826915
10.861844
10.872246
10.891906
10.921062
10.956000
10.999917
11.051370
11.018819
10.955007
10.902690
10.831718
10.841156
10.877284
10.890727
10.915539
10.906764
10.886623
10.879520
10.869081
10.860554
10.852658
10.841331
10.829042
10.818017
10.806715
10.818609
10.840376
10.707133
10.435243
11.619203
10.660474
11.003003
11.049279
11.053745
11.039381
11.461646
12.056445
10.176907
12.052468
11.578326
11.602076
11.636622
11.660273
11.650089
11.621546
11.583268
11.528662
11.558081
11.614570
11.647738
11.692566
11.408115
10.986552
11.395327
12.290206
11.997321
11.514765
11.397114
11.220076
11.245956
11.368987
11.424692
11.518764
11.300459
10.960090
11.085475
11.318760
11.133243
10.869409
10.739026
10.584380
10.399984
10.205689
10.134281
10.107371
9.675285
11.150796
9.899733
11.543525
11.487671
11.776475
12.363792
13.059664
12.095737
12.109767
13.316770
11.688598
12.197054
12.412361
11.107228
9.244024
15.843700
10.527753
10.787386
12.114937
11.636282
11.479927
11.791359
12.261610
10.275646
12.175952
11.709705
11.797566
11.520247
11.096615
10.711481
10.235495
11.762413
14.103064
12.395172
9.558050
10.098951
11.119322
10.792926
10.475868
10.573661
10.709738
10.826892
10.997863
11.092276
11.177329
11.321242
11.477708
11.460809
11.382260
11.249397
11.046177
10.991154
10.960468
10.850128
10.732992
10.710389
10.716392
10.708987
10.719293
10.697370
10.668614
10.556697
10.544760
10.842758
11.310678
10.455642
11.616052
11.606465
11.903425
11.831785
12.410490
12.150223
11.798704
11.487820
11.062627
10.785436
10.521956
10.134088
9.715390
9.792963
10.054080
10.315774
10.716275
10.856143
10.950219
11.318493
11.525177
11.531634
11.406206
11.318127
11.162936
11.144435
11.156600
11.093695
11.027693
11.007765
10.998041
10.982528
10.974212
10.937300
10.890982
10.853300
10.811857
10.743031
10.661704
10.585020
10.501553
10.708355
11.035979
11.133802
10.599445
9.846519
10.427645
9.962461
9.355547
10.160452
10.127999
10.286527
10.945862
10.883281
10.768436
10.784046
10.754229
10.793166
10.853883
10.773445
10.650432
11.278697
12.191732
8.987909
12.113425
10.904264
10.380792
13.071903
12.308882
9.130510
11.732723
11.119466
11.591135
11.458342
11.236278
11.195387
11.125746
11.388859
11.799269
10.293626
12.128493
10.572814
11.559787
11.269204
11.267523
11.257467
11.243951
11.229440
11.211998
11.197419
11.182578
11.164571
11.145398
11.116229
11.081925
11.046820
11.007909
11.036049
11.090851
11.138816
11.203466
10.932560
10.525971
10.895772
11.496811
11.298327
10.950222
10.882128
10.778403
10.835468
10.973902
11.070744
11.205044
11.256910
11.286849
11.358788
11.429595
11.581785
11.772520
11.907110
12.044491
11.892575
11.612926
10.782206
14.046541
10.164243
13.091780
12.726283
13.394035
11.771592
9.310175
10.208385
11.900446
12.100260
12.392885
10.005763
13.267966
12.165158
11.568643
11.149110
10.579930
10.555799
10.712199
10.691594
10.737988
10.799530
10.880171
11.028107
11.215232
11.162720
11.033734
10.758070
10.358782
11.254341
10.414784
10.592414
10.526867
10.650095
10.700344
10.750088
10.785408
11.355542
12.146425
9.613692
12.172337
11.489588
11.461587
11.480361
11.482632
11.218912
10.839232
11.712014
10.594575
10.747051
10.639851
9.784156
9.671228
8.186346
6.386514
-3.852999
-4.182086
-6.251576
-5.311118
-3.753927
-4.578549
-4.169715
-4.286894
-4.412026
-4.656427
-4.722237
-4.768789
-4.946570
-5.152252
-5.036810
-4.811701
-4.304868
-3.592766
-3.692307
-4.011176
-4.080325
-4.231943
-4.183858
-4.063005
-4.034147
-3.989186
-4.050376
-4.158929
-4.246967
-4.359710
-4.459299
-4.562697
-4.692074
-4.832896
-4.792778
-4.683784
-4.594647
-4.462523
-4.567831
-4.756124
-4.889839
-5.064360
-5.006184
-4.862338
-4.770334
-4.635601
-4.562725
-4.501634
-4.394057
-4.278774
-4.109004
-3.907516
-3.703489
-3.477750
-2.740488
-1.775132
-2.372256
-3.177961
-3.062703
-2.818773
-3.092497
-3.428663
-3.360991
-3.205562
-3.707826
-4.406051
-4.422156
-4.309493
-4.335174
-4.287149
-4.247617
-3.084509
-3.371707
-3.750382
-5.604144
-3.455373
-4.122887
-4.269277
-4.322746
-4.390687
-4.479725
-4.574681
-4.511882
-4.386966
-4.525476
-4.730260
-4.730426
-4.702478
-4.754051
-4.804617
-4.783731
-4.740389
-4.699720
-4.642099
-4.538366
-4.407351
-4.260798
-4.089967
-4.378411
-4.849254
-4.637769
-4.270063
-4.284816
-4.316844
-5.013222
-4.411254
-4.572979
-4.521578
-4.476492
-4.415086
-4.380633
-4.350669
-4.302699
-4.252026
-4.288960
-4.359998
-4.633893
-5.019362
-4.129607
-5.111665
-4.980163
-5.116969
-5.104372
-5.036024
-4.983972
-4.896908
-4.864693
-4.841135
-4.779097
-4.710551
-4.705722
-4.720879
-4.726247
-4.743561
-4.727697
-4.702276
-4.690576
-4.676723
-4.707252
-4.757108
-4.802931
-4.860795
-4.910007
-4.960753
-5.024304
-5.093106
-5.127949
-5.152160
-5.183372
-5.208986
-5.251637
-5.299655
-5.341199
-5.384306
-5.270799
-5.090701
-4.918922
-4.702895
-4.435099
-4.125421
-3.669584
-3.126449
-3.157749
-3.377085
2.074959
1.031598
2.357319
2.247784
2.764271
3.125410
3.458081
3.772129
3.931567
4.013478
4.021253
3.944782
3.790024
3.554627
3.458752
3.376164
3.203463
3.013419
2.099198
0.859172
0.767192
0.934344
0.915206
1.059800
1.489795
2.098227
2.381719
2.640788
3.100850
3.600581
3.603924
3.435929
3.331998
3.122472
3.107423
3.132423
3.210172
3.349726
2.969851
4.437740
4.837428
6.635213
3.786095
5.135346
3.923392
3.097007
3.137809
3.457075
3.494262
3.633743
3.692457
3.734872
3.876344
4.043774
4.015003
3.925402
3.513331
3.603893
3.526500
3.579037
3.215029
2.716885
4.514995
3.175658
3.796372
4.023980
4.187284
4.346561
4.637229
4.975108
4.540983
4.668349
4.440256
4.242292
4.324183
4.840985
5.168349
5.648546
5.061445
4.911273
4.465151
3.984839
3.880661
3.889167
3.750804
3.642581
3.635956
3.671132
3.731962
3.834055
3.896798
3.964850
4.068228
4.184957
4.219964
4.126452
4.107549
4.051513
4.058041
4.081689
4.076274
4.073141
4.047073
4.009238
3.974523
3.933192
3.890807
3.845202
3.792820
3.735934
3.697977
3.665247
3.626984
3.590821
3.556618
3.523646
3.492719
3.463447
3.424302
3.381949
3.341751
3.299920
3.832444
4.608817
4.263755
3.616615
3.798718
4.073356
4.000219
3.910275
3.849020
3.755270
4.066193
3.718570
3.772183
3.730769
3.691895
3.640164
3.582058
3.515483
3.445950
3.370516
3.417858
3.514362
3.599440
3.715694
3.795728
3.873751
3.985518
4.106865
4.126937
4.111980
4.124993
4.122769
4.061186
3.970167
4.462017
4.036688
4.078442
3.950855
3.826605
3.673879
3.536344
3.392282
3.218114
3.029685
3.004280
3.038370
3.050430
3.098259
3.084056
3.057888
3.071247
3.089249
3.084048
3.075337
3.072746
3.068657
3.086483
3.113580
3.138229
3.168503
3.027823
2.816780
2.213385
1.391970
3.633750
2.506112
3.505290
4.154827
4.160481
3.953525
3.930529
3.817994
3.976692
4.228318
4.347697
4.483073
4.616936
4.743649
3.583655
4.375345
3.992075
3.887200
3.726866
3.548978
3.458675
3.391540
3.302016
3.223098
3.089699
2.935717
2.794885
2.644233
2.646956
2.711729
2.759830
2.846155
2.890011
2.931944
3.015144
3.110505
3.129293
3.125569
3.138062
3.138799
3.181991
3.239457
3.283050
3.331924
3.316583
3.274924
3.241391
3.192183
3.159333
3.126960
3.077719
3.023257
3.004639
2.997039
2.982355
2.973615
2.946183
2.912832
2.886385
2.858122
2.843192
2.833816
2.822040
2.813258
2.801615
2.789905
2.781397
2.773917
2.852176
2.967738
3.080692
3.219096
3.346449
3.480748
3.505203
3.485005
3.780889
4.178710
-1.551738
1.851925
1.305373
2.709463
3.164494
3.711513
3.631965
3.228425
2.939583
2.481370
2.538813
2.748442
2.761422
2.816648
2.839188
2.846795
2.897979
2.957246
3.004891
3.055994
3.116311
3.180938
3.211780
3.231242
3.256696
3.275789
3.345570
3.434574
3.259097
2.985459
4.002911
2.452633
3.156546
2.326908
2.621058
2.913428
3.130467
3.433615
3.373617
3.191477
3.113534
2.984235
2.831597
2.655996
2.755222
2.958154
2.899032
2.806106
2.834016
2.869752
2.873707
2.880602
2.897928
2.917705
2.928961
2.938844
2.951714
2.964310
2.987362
3.015051
3.019582
3.017539
3.146337
3.074578
3.127890
3.154289
3.182982
3.213282
3.258343
3.310680
3.259884
3.170178
3.713273
3.303617
3.478631
3.522956
3.569491
3.617634
3.573806
3.491831
3.415504
3.313965
3.236911
3.159058
3.054096
2.939817
3.041981
3.229004
3.396835
3.619186
3.893705
4.213938
3.667198
2.778508
7.057354
2.906451
4.230068
3.790644
3.687139
3.480077
3.401775
3.365301
2.898046
4.849555
2.143000
1.654057
5.754758
1.927935
2.973186
2.862543
2.888321
2.946379
2.994610
3.068231
3.119984
3.173289
3.253743
3.344161
3.383651
3.409016
3.447107
3.478600
3.540005
3.612394
3.676766
3.746039
3.743619
3.712142
3.688767
3.647631
3.626078
3.605392
3.565541
3.520015
3.511211
3.513344
3.507867
3.508165
3.488438
3.462092
3.506548
3.575906
3.159621
2.555862
4.842095
2.755693
3.343243
3.325497
3.308438
3.291165
3.266234
3.238018
3.209916
3.179511
3.150969
3.122153
3.090875
3.058617
2.978898
2.878265
2.778645
2.664630
2.560461
2.453843
2.331907
2.203348
2.197787
2.239836
2.176239
2.103026
2.706517
3.582250
0.272296
3.347695
2.530660
2.606447
2.689897
2.782828
2.890431
3.009533
3.137877
3.277095
3.413368
3.554462
3.707014
3.866387
4.039495
4.222857
4.412780
4.611754
4.628318
4.572202
4.533373
4.448526
4.418411
4.391849
4.315429
4.225254
4.048782
3.823865
3.588035
3.315722
3.374388
3.555634
3.684756
3.884189
3.783704
3.583034
3.467665
3.309885
3.320502
3.391929
3.412492
3.457740
3.457382
3.443802
4.392970
5.773153
3.317420
4.530505
3.590671
3.047850
3.137255
3.453744
3.458167
3.503166
4.051354
3.396287
3.529858
3.488412
3.465032
3.450832
3.416255
3.379223
3.349820
3.320355
3.287858
3.254849
3.246732
3.248645
3.248931
3.255861
3.241601
3.221265
3.223297
3.229756
3.216799
3.200023
3.923531
3.713185
2.812556
1.258985
4.857534
2.858140
3.467859
3.110033
3.111671
3.089132
3.320272
3.686085
2.206364
3.514416
3.120307
3.112898
3.104822
3.097434
3.116443
3.146936
2.961980
2.693528
3.706269
2.800796
3.070966
3.078133
3.083115
3.088408
3.096650
3.106061
3.111519
3.116155
3.122195
3.128028
3.136810
3.146898
3.156657
3.167200
3.141567
3.100873
3.062549
3.014344
2.975551
2.936384
2.886602
2.833124
2.750199
2.651889
2.550939
2.438537
2.665978
3.032375
3.372244
3.801928
2.244256
-0.119750
1.485039
4.190241
3.626882
2.608682
2.664389
2.617789
3.736220
2.761696
3.097579
3.133615
3.225619
3.339683
3.445121
3.563153
3.442067
3.224224
3.285965
3.396006
3.683320
3.129163
3.151903
3.044559
3.089694
3.199837
3.280584
3.395433
3.428080
3.438619
3.487769
3.534283
3.627611
3.743711
3.669920
3.530960
3.497098
3.457308
3.250636
2.981307
2.238511
1.247222
-1.100762
3.775856
3.095703
3.293043
3.236514
2.894766
3.277303
3.807482
4.009165
4.216956
3.976986
3.514573
3.075177
2.493922
2.614412
2.969452
3.147570
3.434629
3.393521
3.245095
3.447778
3.714818
2.590090
3.623833
2.687451
3.028337
2.288162
1.477928
1.772462
0.212057
0.937465
1.588322
2.243581
3.107821
3.279053
3.253809
3.993805
3.959285
4.038395
3.883936
3.719241
3.452769
3.326531
3.211184
2.984354
2.730041
2.746779
2.854164
2.898857
2.988053
3.138177
3.328441
2.599365
3.353666
3.026209
2.836248
2.612720
2.324796
3.315386
4.816249
2.534553
2.834698
2.685790
3.155163
3.059072
2.964561
2.962976
2.941794
2.913748
2.883439
3.048091
3.293910
3.528925
3.818024
3.983036
4.119450
4.461877
4.865422
4.133515
2.968932
2.039886
0.654235
1.235134
2.463764
3.223998
4.296704
4.168060
3.625076
3.453627
3.118891
3.353788
3.793885
3.798474
3.774233
4.839765
3.574548
3.731196
3.516018
3.383547
3.262586
3.138704
3.027731
2.652938
2.971146
2.874918
2.899162
2.848147
2.777680
2.727371
2.668555
2.809459
3.033491
2.528905
3.141470
3.197595
3.463314
3.747709
4.079347
3.950368
3.649514
3.612216
3.557742
2.578078
3.398456
3.049008
2.947359
2.921521
2.920191
2.922229
2.945212
2.924897
2.896331
2.891340
2.887929
2.895449
2.910857
2.927617
2.949805
2.974050
3.001856
3.035204
3.072797
3.149889
3.246364
3.177603
3.051800
3.748037
2.873843
3.266138
3.548440
3.502514
3.399490
3.414437
3.418068
3.379382
3.329880
3.271426
3.199613
3.451716
3.834436
3.764925
3.598498
3.614995
3.616024
3.505249
3.359022
3.474689
3.673340
4.161456
4.839359
2.540791
2.874119
3.152581
4.325862
3.995340
3.438469
3.640250
3.899529
3.035930
3.880926
3.697897
3.759215
3.699674
3.594356
3.508926
3.397710
3.428623
3.510033
3.558780
3.632343
3.600174
3.531188
3.492189
3.437501
3.421953
3.418883
3.398123
3.379826
3.369287
3.361330
3.355450
3.352484
3.356166
3.364264
3.375108
3.389895
3.384948
3.373743
3.376435
3.380019
3.852417
4.626083
4.340460
3.794933
3.764369
3.718958
3.362825
2.922053
2.629854
2.328305
1.930266
1.502522
1.548170
1.771108
1.942119
2.224242
2.334514
2.418234
2.623971
2.850987
3.000407
3.139702
3.255109
3.347390
4.019627
4.925267
2.646972
3.471041
7.216565
3.221125
4.169143
3.902420
4.155858
4.584838
3.099844
4.380102
3.037265
1.671474
1.717730
2.076294
4.424309
7.914703
16.579055
19.440013
19.032739
18.081679
17.895963
17.435003
18.045819
19.064732
19.424532
19.808612
19.935862
19.895416
19.885938
19.783857
19.474164
19.036018
18.511209
17.867346
17.990286
18.374531
18.601785
18.965888
19.005875
18.955458
19.059429
19.152407
19.108638
19.017880
18.905972
18.748566
18.790330
18.893280
18.190290
18.635630
18.408195
18.347279
18.278787
18.213865
18.134378
18.049564
17.998726
17.958306
17.598347
17.110905
17.956939
16.741295
17.631988
18.593993
18.016836
17.954921
18.185853
18.619860
18.789771
18.973483
18.927619
18.762574
18.619615
18.405893
18.501759
18.698532
18.808882
18.962527
18.981171
18.953508
18.975798
18.983347
18.922594
18.831160
18.727810
18.597779
18.617551
18.687300
18.722877
18.783196
19.376454
20.204452
19.639363
18.647955
18.960686
19.481031
19.492764
19.523469
19.336493
19.011928
20.212205
21.973773
14.889875
21.217883
19.319513
19.269199
19.355538
19.494958
18.991097
18.252865
21.222191
18.541323
19.279573
19.217482
19.493695
19.900853
18.249573
19.706855
19.196249
19.087058
19.510281
20.139774
17.514742
19.610727
18.795108
18.608322
18.444859
18.277692
18.078537
17.866505
18.274410
18.936676
19.558629
20.348269
19.866366
18.917736
18.154016
17.115616
17.614354
18.658002
17.435174
19.350757
18.997001
18.908353
19.024861
19.112597
19.226541
19.359877
19.494010
20.304756
18.604188
20.349439
20.036161
20.195819
20.156899
20.037132
19.934632
19.780567
19.721869
19.681413
19.583604
19.480037
19.416651
19.361589
19.298381
19.239861
19.148886
19.045435
18.948172
18.844260
18.940199
19.118714
19.281777
19.498124
19.661614
19.825947
20.047594
20.288426
20.195142
19.974751
19.789081
19.523242
19.378768
19.252043
19.037372
18.806449
18.756088
18.765627
18.749858
18.770510
18.927751
19.157497
18.991858
18.706425
18.724856
18.774577
18.684046
18.580677
18.532725
18.487487
18.425455
18.363416
18.385451
18.441476
18.570143
18.754549
18.708186
18.597444
21.947600
20.195815
20.558218
19.795837
19.320442
18.663939
18.176467
17.706436
22.323182
18.984876
19.962459
19.587235
19.410365
19.140959
19.100698
19.135578
19.066362
19.012330
18.944709
18.867398
18.805563
18.744335
18.676306
18.607308
18.539352
18.470665
18.405454
18.341488
18.276625
18.212331
18.580259
19.132267
18.980739
18.661889
18.684144
17.722007
18.340273
19.205817
19.059688
18.766319
18.893186
19.022739
18.924894
18.776050
18.643129
18.469007
18.565828
18.760314
18.900593
19.092264
19.113637
19.080891
19.108256
19.117805
19.200665
19.312734
19.403677
19.507081
19.232840
18.801515
18.399204
17.895639
17.883769
18.036737
18.063920
18.166892
18.157215
18.121803
18.140480
18.158183
18.460621
18.889485
17.997469
19.041233
18.996460
18.643774
18.631039
18.503396
18.462465
18.440579
18.277953
18.073549
18.637674
19.494324
16.344465
19.258964
18.434251
18.436106
18.460308
18.485418
18.524727
18.572869
18.621516
18.676019
18.734672
18.797888
18.866993
18.941181
18.937866
18.904579
18.879942
18.836735
18.818881
18.804030
18.758411
18.703794
18.766440
18.871508
18.494939
18.843236
18.732761
18.715760
18.706161
18.694936
18.758267
18.853342
18.943578
19.054526
18.975037
18.823711
18.701997
18.539055
18.538275
18.590310
18.916747
19.401861
17.892466
19.254589
18.882566
18.907103
18.937732
18.973159
19.004783
19.037683
19.000727
18.934243
18.872061
18.790475
18.825135
18.900619
18.951040
19.022236
19.088007
19.158551
19.231867
19.308024
19.196831
19.007547
18.439530
19.255657
18.932778
18.733780
18.659320
18.575294
18.697206
18.915447
19.133061
19.417356
19.359652
19.187610
19.861489
19.340823
19.502022
19.483147
19.264473
18.948602
19.706480
18.854548
18.952649
18.814306
18.715460
18.623219
18.513402
18.403385
18.535211
18.767985
19.245174
19.899274
18.376114
18.885392
18.848749
19.301697
19.232479
19.112703
19.202495
19.302474
19.283883
19.241805
19.217050
19.176104
19.154733
19.135937
19.099675
19.059261
19.060684
19.076113
19.085302
19.102828
19.101035
19.094268
19.096915
19.099192
19.080137
19.052829
19.026131
18.993566
18.968666
18.944341
18.913618
18.881254
19.068333
19.347338
19.615132
19.944470
19.890031
19.699949
19.590034
19.410028
18.371108
16.942366
18.178195
20.274166
20.005525
19.415973
18.307658
18.182217
21.239158
18.266502
19.091788
19.044517
18.959815
18.852456
19.168637
19.650453
17.679455
19.622565
19.190365
19.321952
19.421728
19.520648
19.650556
19.789880
19.728527
19.589481
19.458333
19.272888
19.245054
19.259674
18.734163
18.932467
18.373133
17.773421
17.279989
16.732631
16.206525
16.837822
16.651669
16.662317
11.188014
9.792649
8.576896
8.768214
7.950349
7.381472
7.605018
8.175555
7.860960
7.416257
7.375210
7.351220
7.731756
8.335154
8.941976
9.697526
9.575971
9.151268
8.918368
8.532145
8.499607
8.566021
8.459995
8.364418
8.313892
8.269172
8.231956
8.205423
8.125797
8.029382
7.946374
7.855583
7.803869
7.766556
7.721673
7.684455
7.618593
7.543333
7.568986
7.453716
7.478538
7.507615
7.534756
7.577901
7.610577
7.646092
7.698611
7.758588
7.798043
7.834063
7.878821
7.923515
7.978201
8.038033
8.097437
8.160128
8.052022
7.872739
7.551927
7.119455
7.370787
7.845763
4.947733
6.992904
6.458119
6.784853
7.069475
7.466708
7.715164
7.948628
8.304743
8.690266
8.693045
8.559735
8.474346
8.305044
8.293219
8.314153
8.280654
8.256019
8.866712
9.746125
12.331466
12.521633
13.838996
14.694208
15.837417
17.005955
16.986738
16.504501
16.132442
15.464513
15.315505
15.260315
16.229737
15.135068
14.771449
13.860124
14.543631
15.726484
15.562223
15.227646
15.480731
15.761407
14.764471
13.299070
14.242414
15.855858
14.766498
13.096180
17.526207
13.863810
14.842625
14.650008
14.494150
14.296439
14.170392
14.059118
13.901722
13.739212
13.772514
13.881852
13.977088
14.122689
14.289935
14.488499
14.738155
15.026518
14.735911
14.222503
14.711461
15.461207
15.704298
16.957422
14.702196
16.573644
16.108957
16.212569
16.153625
16.044455
16.054577
16.074707
16.034408
15.985720
15.745702
15.391607
15.048865
14.637235
15.173505
16.082024
14.787589
12.830616
15.182776
14.554103
13.936887
15.161185
14.999195
15.111513
15.314257
15.537227
15.514524
15.406340
15.330407
15.202124
15.179720
15.181251
15.124282
15.064850
15.030082
14.998460
14.962759
14.929408
14.914866
14.908996
14.562813
14.077884
15.646167
14.168502
14.553386
14.520822
14.475972
14.427497
14.384819
14.341607
14.446941
14.615846
14.777840
14.982413
15.152208
15.326427
15.546166
15.783665
15.827172
15.801277
15.802493
15.762180
15.897226
16.090296
16.233033
16.400111
15.494551
14.138663
14.105695
14.311014
12.248181
2.621465
3.011965
3.880055
2.198158
0.715772
0.675469
1.072246
0.510392
-0.101833
-0.208815
-0.225931
-0.575340
-0.970525
-1.254342
-1.547409
-1.522975
-1.355987
-1.211380
-0.975873
-0.833318
-0.690087
-0.448930
-0.175631
0.198994
0.642163
1.142152
1.709167
1.445914
0.866810
1.247617
-0.514771
1.087363
-0.698464
-0.602836
-0.938030
-1.507855
-0.765925
-0.730532
-0.516789
-0.470027
-0.485553
-0.377627
-0.264044
-0.249696
-0.261850
-0.262887
-0.282121
-0.234738
-0.166361
-0.119604
-0.065154
-0.013144
0.039143
0.316002
0.688287
-0.253117
0.562794
0.985671
0.610444
0.733267
0.652388
0.584136
0.478538
0.446476
0.429539
0.370871
0.309323
0.122107
-0.124348
-0.368700
-0.653224
0.353324
1.890616
0.857656
-0.883515
-0.577064
-0.003396
-0.271557
-0.555870
-0.775458
-1.064215
-0.444625
0.535904
0.442123
0.156553
0.277366
0.367461
0.259810
0.096654
-1.009600
-0.790187
-0.792337
-0.367401
-0.068090
0.354446
-0.059675
-0.785348
-0.215041
0.672112
0.410241
-0.054827
-0.132067
-0.261177
-0.070242
0.273631
0.553092
0.910704
0.748323
0.394490
0.162724
-0.161881
-0.454261
-0.763510
-0.314045
-1.189814
-1.037861
-0.989296
-0.961086
-0.881162
-0.399019
0.276346
0.987740
1.847601
1.725419
1.258769
0.988437
0.536226
0.451964
0.459820
0.265097
0.066307
0.178027
0.398511
0.396134
0.382779
0.323778
0.216612
0.314907
0.473222
0.441390
0.378534
0.387639
0.392690
0.401648
0.417988
0.430535
0.445341
0.438812
0.423863
0.412141
0.395589
0.385192
0.375492
0.360551
0.344358
0.319291
0.289307
0.258368
0.223779
0.118497
-0.018677
-0.590609
-1.369960
0.733749
-0.926384
-0.266490
-0.077932
-0.002336
0.049987
0.174158
0.306034
0.265661
0.163216
0.076743
-0.050262
-0.074598
-0.072551
-0.116761
-0.157418
0.348519
1.083798
0.245672
-1.096581
-0.672400
0.100546
0.262969
0.516099
0.525442
0.408914
0.379551
0.302476
0.399957
0.558583
0.515014
1.489908
-0.628046
0.908474
0.257193
0.060045
0.219253
0.511237
0.740943
1.044104
0.949222
0.712801
0.429742
0.018363
0.824525
2.083676
-3.026867
1.384184
0.048422
0.054870
0.209506
0.161178
0.206425
0.212068
0.246983
0.285703
0.274607
0.247196
0.226104
0.194781
0.187946
0.187406
0.175269
0.163740
0.170427
0.183921
0.197168
0.215428
0.226347
0.236464
0.252086
0.268897
0.267379
0.259202
0.253090
0.242796
0.239726
0.237988
0.216222
0.187323
0.326558
0.531871
0.038404
0.610844
0.525489
0.585750
0.660729
0.740553
0.624463
0.428842
0.246801
0.012523
-0.165245
-0.342009
-0.575175
-0.825886
-0.802040
-0.675565
-0.579538
-0.419300
-0.359161
-0.314750
-0.199795
-0.072793
-0.014995
0.026474
0.083957
0.133274
-0.071747
-0.387119
-0.699852
-1.090105
-0.972124
-0.673938
-0.477892
-0.187042
-0.238848
-0.402842
-0.031120
0.479692
0.520200
0.482501
0.864001
0.855664
0.859508
0.730241
0.607595
0.426679
0.296441
0.161160
-0.036573
-0.257876
-0.200475
-0.042145
0.079273
0.261795
0.211701
0.087354
0.035995
-0.043734
-0.020688
0.040523
0.068513
0.111136
0.086220
0.035905
-0.051806
-0.174483
0.147041
0.637225
-1.378914
0.374230
-0.105878
-0.035286
0.095156
0.272651
0.016650
0.123041
0.793253
0.326924
0.433222
0.310276
0.201907
0.052948
-0.044830
-0.138309
-0.261290
-0.389391
-0.409845
-0.226905
-0.143733
0.003699
0.080607
0.147057
0.264223
0.390601
0.448636
0.487278
0.538805
0.579490
0.660709
0.755460
0.837341
0.924381
0.826698
0.651470
0.489443
0.277135
0.244996
0.267354
0.256111
0.275188
0.010864
-0.363396
0.465182
-0.504257
-0.362211
-0.462438
-0.578085
-0.696129
-0.680413
-0.610538
-0.549036
-0.451554
-0.393416
-0.336046
-0.239799
-0.131536
-0.022582
0.096415
-0.071301
-0.356234
1.076247
-0.740351
1.572682
0.097056
0.490415
0.340890
0.208444
0.026769
-0.101922
-0.229329
-0.409847
-0.606750
-0.504475
-0.288203
-0.102215
0.155988
0.310203
0.450805
0.670405
0.906228
0.842325
0.666858
0.521734
0.305504
0.198309
0.107398
-0.061580
-0.244599
-0.143276
0.064187
0.117865
0.185956
0.269065
0.349035
0.457241
0.577582
0.508752
0.368107
0.248403
0.083925
-0.013602
-0.101406
-0.214922
-0.327733
-0.448537
-0.575133
0.336272
-0.307346
-0.039862
-0.003498
0.077466
0.165578
0.346716
0.575509
0.808043
1.074353
1.167279
1.202654
1.617450
2.148361
1.092956
4.029006
0.119312
1.177273
0.276941
0.146377
-0.541758
-1.313777
-1.198777
-0.804701
-0.540136
-0.105973
0.009286
0.054614
0.288225
0.535412
0.217321
-0.314995
-0.758092
-1.323473
-1.525239
-1.620145
0.491049
-0.577188
-0.161385
-0.370450
-0.360125
-0.392127
-0.247990
-0.025511
0.147301
0.354344
0.384563
0.350325
0.358750
0.336400
0.374164
0.427602
0.446929
0.465452
0.446145
0.406752
0.367888
0.315831
0.261905
0.201057
0.126637
0.043001
0.020339
0.017866
0.003115
-0.000943
-0.256450
-0.615238
-1.228716
-2.025589
-0.214343
-0.494377
0.639874
1.672069
1.169474
0.115763
0.369885
-1.151116
-0.717639
-0.145897
0.130167
0.552172
0.585448
0.490402
0.560841
0.600397
0.417354
0.142647
-0.153116
-0.524364
-0.820786
-1.122973
-1.506694
-1.919886
-1.869191
-1.643558
-1.225324
-0.594040
-1.576783
-0.403674
-0.434226
-0.137580
-0.030898
0.020830
0.106400
0.160502
0.341086
0.564325
0.651983
0.903325
0.808171
0.627931
0.472033
0.249930
0.091073
-0.069319
-0.300779
-0.556500
-0.599302
-0.570402
-0.206379
0.356384
-1.328781
0.290327
-0.054914
0.074414
-0.233387
-0.712799
-0.771660
-0.778285
-0.452945
0.082657
-0.404725
-1.193701
-1.313664
-0.616988
-0.698814
-0.658361
-0.601347
-0.562419
-0.490316
-0.410818
-0.434062
-0.494045
-0.541680
-0.612156
-0.624030
-0.620364
-0.647937
-0.675314
-0.735042
-0.869432
-0.791548
-0.661754
-0.704942
-0.774930
-0.775655
-0.777785
-0.669249
-0.506950
-0.350326
-0.159203
-0.034585
0.077302
0.557614
1.181683
-0.323291
0.490844
2.084877
0.549367
0.758133
0.325120
0.136576
-0.063993
-0.179693
-0.239031
-0.312533
-0.356663
-0.564473
-0.829663
-1.057503
-1.313672
-1.072610
-0.629297
-0.236452
0.282348
0.665172
1.043817
1.558310
2.114248
1.980993
1.588295
1.214196
0.653453
0.763180
1.072697
-1.286381
0.085539
-0.387140
-0.178872
-0.025852
0.227436
0.284653
0.299579
0.426315
0.560047
0.507469
0.390735
0.290164
0.146677
0.088670
0.048636
-0.039380
-0.130339
-0.094322
-0.010737
0.063946
0.170577
0.234822
0.295061
0.347001
0.389045
0.454609
0.042999
-0.115370
-0.387107
-0.454103
-0.460293
-0.540856
-0.602891
-0.537208
-0.416374
-0.438360
-0.182138
-0.099614
0.024251
0.189119
0.372415
0.329091
0.202318
0.104718
-0.043573
-0.107201
-0.155472
-0.259633
-0.371413
-0.356230
-0.296513
-0.250601
-0.176251
-0.156713
-0.148634
-0.108862
-0.066778
-0.061719
-0.067974
-0.069988
-0.079419
-0.068140
-0.051076
-0.042549
-0.032751
-0.019364
-0.004759
0.010940
0.028055
0.014196
-0.012062
-0.037924
-0.072707
0.202593
0.605694
0.879019
1.395813
0.407181
-1.121654
-0.057542
1.697308
1.274347
0.522987
0.022863
-0.754861
-0.410876
0.306910
0.509125
0.785913
1.529208
0.420472
0.440019
0.121160
0.275162
0.591257
-0.373651
1.673084
-1.748333
0.939694
0.095579
0.032495
0.268917
0.624764
-0.880092
0.438938
0.033135
0.019702
0.005909
-0.006810
-0.059893
-0.129686
-0.196629
-0.274464
-0.254806
-0.198466
-0.174676
-0.137222
-0.054280
0.050975
-0.187293
0.902162
-1.229297
0.361612
-0.245881
-0.385497
-0.492612
-0.599432
-0.739585
-0.890343
-0.834381
-0.698959
-0.583692
-0.417875
-0.626997
-0.974100
-0.667156
-0.186280
-0.278404
-0.463573
-0.438788
-0.428947
-0.414521
-0.382914
-0.365304
-0.345114
-0.296068
-0.235015
-0.169548
-0.093520
-0.182032
-0.335140
-0.359718
-0.641779
0.070178
1.098038
-0.638086
-0.979843
-0.913380
-0.312479
-0.267063
-0.164332
