-0.884719
0.879745
-0.043858
-0.166421
0.677611
1.835764
0.042480
-0.152617
-2.242134
-1.988759
-0.629392
-0.626961
-0.551943
-1.587794
0.397919
0.208047
0.255152
0.025618
-0.299281
1.337330
0.481074
0.004475
0.455211
-0.804994
-0.688329
1.317111
0.393881
0.960048
1.496467
0.852385
-2.595966
0.131500
2.244751
-0.756587
-0.579445
-2.046022
-1.494360
1.448529
-0.196630
1.933954
0.364793
-1.895097
-1.120898
-0.041007
0.002224
-0.545116
0.626917
0.852696
-0.866094
1.120297
-0.252252
0.244405
0.432655
0.571800
-0.994178
0.402202
0.838854
-0.947192
-0.312386
0.724201
-1.000167
-0.345573
-0.841177
-0.255420
-1.433053
-0.496182
-1.024066
-1.175245
-0.493196
0.790106
1.316976
-1.164305
-0.067533
1.136405
0.038249
0.181603
1.551417
0.054112
0.169376
-0.366050
0.363273
0.766440
-1.741137
0.060553
-0.260890
0.482832
-0.070619
1.139552
-2.167619
1.260195
-0.419371
2.148239
-0.758135
0.216400
1.027770
0.175688
0.381584
0.316250
0.635961
-0.768081
-1.385728
-0.436659
-1.012466
-1.070931
1.908534
0.120281
-0.493024
1.366086
-1.681725
-1.201241
1.140596
0.244989
0.518331
-1.026405
0.695081
0.565530
1.320244
0.961526
-0.520636
0.652282
0.419248
0.507431
0.158319
-0.907674
0.383289
1.482823
0.353936
-1.037013
0.570464
0.043625
0.755781
-1.200132
0.106152
1.977090
0.213210
0.478474
-0.194757
0.435394
0.507452
-0.498287
2.449138
0.862045
-1.402011
0.597459
0.234069
-0.577627
0.698123
0.148581
0.744888
-1.135449
-0.906493
-0.197625
0.266900
1.539650
0.449733
-1.701073
-1.596680
1.418300
-0.676903
0.219923
0.155754
0.959828
1.176149
0.548983
0.875138
-0.575938
-0.026845
1.262140
0.968859
0.741246
0.188293
-0.201524
-0.988155
-1.544506
-0.557213
-0.693548
-1.725592
-1.181127
-0.970926
-0.913650
0.342889
-1.032699
-1.768348
1.402593
-0.175781
0.411714
0.657439
0.053179
-1.246468
0.338578
-1.563724
-0.897271
-0.495460
0.583644
1.131264
-0.997489
0.560066
-0.929641
-0.479089
-0.386814
-1.126968
0.733342
-0.820327
-0.782253
0.609735
0.458241
0.745491
1.161898
-0.711402
-0.428158
-0.102288
-0.260498
1.301931
-0.662466
0.892813
1.513094
-0.641955
-1.172981
1.836720
0.657843
-1.868062
0.094568
-0.841778
0.132838
-1.914838
0.151085
0.643218
-0.468202
-0.823594
0.882763
0.159230
0.866643
0.274321
1.061265
-0.204818
-0.905869
-0.076831
1.160240
-1.618636
-0.737011
0.334976
-0.724794
0.932444
0.281574
-0.742945
-1.256246
0.299257
-0.852300
-0.341821
0.639175
0.354821
-2.219665
-0.425890
0.370275
-0.554348
0.352891
-0.149841
-1.930399
0.893345
0.477364
0.189413
0.792697
-2.075618
-1.726657
-0.535140
0.241937
1.244056
-0.742067
0.135724
-0.933605
1.034316
0.162664
-1.910230
-1.131893
0.613236
-1.122723
0.368401
1.989304
-0.537770
-1.394418
-0.441556
-0.406950
-0.077997
-0.791472
1.272457
0.806269
0.543666
1.667064
-0.477586
1.360489
0.481259
0.246561
-0.595028
-0.435720
0.029952
0.470044
-1.193043
-0.598525
-0.660557
0.620045
0.293963
0.200460
-0.193676
-0.026971
-0.555701
-0.785192
-0.458256
1.210420
-0.882746
-2.163660
0.208478
-0.625809
-0.267735
0.073413
0.659418
-0.370775
0.063422
2.201629
2.636760
0.773756
-2.123836
0.524030
0.836480
1.204665
-1.378889
-0.339744
-0.058877
-1.164789
-0.124556
-0.631660
0.483737
-0.083922
-2.077495
0.580837
-1.582369
-1.003940
1.057401
1.506172
0.090788
0.204883
-0.207961
-0.918687
-0.886761
1.741694
-0.055079
-0.037948
0.795301
-1.018965
-0.987107
-0.807301
-0.145544
1.693409
-0.116577
-1.065509
0.317389
0.527214
0.009167
-0.039316
0.378521
0.449704
-0.225070
-0.473033
-0.325534
-0.217470
-1.350153
-1.067304
-0.395500
-0.541804
0.210666
1.388374
-0.474459
1.103286
1.327907
-2.496576
-0.978176
-0.460728
-0.539519
0.315951
-0.149825
0.306907
0.321749
-1.423762
-0.104465
0.021233
-0.714514
-0.117914
-1.373135
0.501043
-0.065825
2.442480
-0.821021
-1.172769
1.349589
1.385915
0.998568
-0.309031
2.200429
-0.489744
0.669419
1.185799
-1.139981
0.813760
0.248184
-0.277124
0.135323
-0.337344
1.815744
0.228584
-0.789574
16.044546
12.936247
13.881548
14.011976
16.370779
15.959286
14.431007
15.551223
13.917456
12.224894
14.805098
12.282400
15.438640
15.125178
15.064872
12.904121
14.238227
14.198273
14.789985
14.650780
15.165675
14.353779
14.770616
15.158482
15.977524
16.368250
14.127346
16.304321
14.955509
14.572687
13.090901
14.830371
13.518431
15.929914
14.303988
16.010059
13.715844
13.932424
15.591805
15.101135
14.864138
13.741742
14.998583
15.029225
14.585715
15.197703
14.763886
16.216468
15.637421
14.927486
15.810019
15.764229
15.490251
14.552097
16.120389
13.291906
13.667352
16.561514
14.548432
15.381352
14.243719
15.888224
15.009829
13.114132
15.912581
14.149908
14.604980
15.461315
14.582811
14.758179
14.786569
14.708460
13.715618
14.445467
15.614472
14.017238
13.796774
14.908824
13.111022
11.517395
14.070183
14.918340
13.336132
12.726053
14.891089
15.489883
17.011051
15.442343
14.068117
13.974603
16.122200
13.715298
13.919602
14.023507
13.381911
11.749996
14.211212
14.383720
12.846940
16.220367
14.882482
14.831419
14.755632
14.162731
14.474773
14.179292
14.279691
15.031328
14.780835
13.686608
14.545655
15.924433
14.476715
14.190013
13.023305
13.171569
15.912119
12.971551
14.431894
15.040586
14.248016
12.670578
15.624698
-4.382257
-4.316457
-3.497104
-4.584090
-3.842878
-1.900249
-3.716420
-4.406888
-2.833601
-2.553611
-2.900536
-2.898366
-0.544179
-2.491384
-2.196094
-4.444727
-5.038917
-3.961999
-4.797233
-4.025456
-4.021105
-2.764315
-4.134401
-3.786440
-3.897607
-4.006461
-3.691049
-1.586480
-2.829410
-3.572432
-3.926420
-2.597715
-3.884422
-3.402867
-2.341707
-4.903409
-2.214103
-3.988342
-5.550539
-3.657456
-2.586569
-3.757982
-3.486861
-2.060458
-4.492529
-4.190346
-3.670599
-3.391151
-3.036193
-3.214656
-3.999517
-4.359499
-3.959673
-1.455706
-4.283683
-2.850568
-3.994265
-1.870435
-2.999504
-3.031920
-2.423593
-3.597519
-2.074528
-2.499720
-3.441819
-2.249173
-4.683089
-4.377185
-2.909620
-3.359710
-3.794245
-2.030224
-1.889552
-2.943654
-3.699338
-3.949843
-2.483610
-4.424588
-3.659265
-4.005775
-5.483463
-1.482294
6.329530
7.588946
6.383229
6.913736
7.123368
8.080057
6.623050
7.538230
7.177501
8.995740
6.542092
7.447525
7.296869
6.624582
7.286324
6.625618
5.922101
7.253261
6.490185
7.686020
6.175677
7.718816
7.533843
7.280234
6.963823
7.672720
8.404495
7.200594
8.421256
5.354725
9.099816
6.993452
7.993506
9.575762
7.775511
7.413446
7.040095
7.187533
7.514183
7.752504
7.295279
7.414871
6.052060
6.233623
7.091430
7.537965
7.925086
8.263436
6.104853
7.818570
7.302121
7.526791
6.552191
8.622546
8.124572
7.680327
9.287851
6.387595
9.362247
8.307372
7.757551
7.210838
9.420237
7.232296
7.837049
7.018863
8.473286
6.167102
6.732776
5.604889
6.775360
7.447678
7.610519
7.487878
6.901825
8.387524
8.712941
8.082594
7.857173
7.295487
8.799031
6.099029
6.560116
4.918841
7.702623
8.028619
6.667026
7.560761
7.154611
6.537910
6.943467
8.169551
6.945353
7.862923
6.164366
7.047179
7.613171
9.239488
9.005111
6.627820
7.897979
7.745483
7.586769
7.692931
5.349187
7.593317
7.454920
7.185982
7.566123
7.007953
6.858800
8.133698
8.069592
6.299960
9.315128
8.617356
7.904143
7.886314
7.917225
7.687840
7.877571
7.852122
7.382937
7.325913
7.086054
8.384052
8.066218
6.374587
7.425350
9.174884
6.423126
5.998541
5.121112
8.781891
7.643718
6.997377
6.803884
9.116614
7.873049
7.616177
6.095363
6.451131
4.200529
7.632656
8.284247
7.655367
7.601351
6.822477
8.306682
8.538989
7.170235
7.754310
7.900078
7.102008
5.896698
7.677946
7.588141
6.907792
5.968498
6.814545
8.813718
7.873464
6.446081
7.198621
6.500694
5.810792
6.776563
5.364991
8.417548
8.080343
6.731987
6.721009
6.446373
7.949901
7.045812
9.551121
7.997294
7.827733
5.840908
7.286895
6.782764
5.903864
6.786547
5.940236
7.584446
7.624820
8.647394
8.072412
6.361554
7.006063
7.777190
6.757613
8.492740
6.865448
8.395866
5.657057
8.530830
7.347389
7.537168
7.670750
6.368682
8.089379
6.668058
6.687126
6.880951
7.170437
6.382725
7.189776
7.564662
8.108520
6.482279
7.594238
7.603071
7.127228
7.861750
6.663322
5.675184
7.044675
6.299407
8.609146
6.259713
6.437967
7.751265
9.021781
7.943469
7.004272
6.915973
8.825410
6.553032
7.699061
8.547016
6.523557
8.190161
7.677139
7.873586
8.346874
6.482202
6.843248
8.108810
8.362675
8.407817
7.384311
6.841775
6.174242
5.788459
5.800731
7.702482
7.002948
6.866607
6.876696
8.112472
7.180954
7.252447
7.154334
6.347781
5.779344
9.304952
7.410993
8.415586
5.987812
4.981910
7.470773
7.072380
7.555460
6.542729
8.419593
7.979062
5.323961
7.235628
9.089881
6.818587
7.621415
8.303435
7.317742
7.260827
7.473824
6.583239
6.769518
8.403635
8.268005
7.897557
8.403427
8.695168
8.759673
6.980179
8.379120
7.197851
6.243140
7.403549
8.069964
6.405854
8.226560
6.566253
7.539933
7.428062
5.376224
7.414828
7.229069
6.193970
7.576256
8.465054
4.696330
6.635337
7.898191
7.354435
9.043685
6.582473
7.971837
7.005979
8.091421
7.911612
7.725915
4.914968
5.982700
6.419802
8.038081
7.206352
8.856469
7.254407
5.981637
7.105325
5.832916
7.968753
6.648002
5.283544
8.743229
6.287703
7.253320
-7.669579
-7.088320
-7.006177
-7.342683
-8.142978
-6.274555
-5.225235
-8.431261
-6.668132
-8.297135
-6.012645
-8.705077
-8.078882
-6.183575
-8.230282
-7.198461
-7.494575
-8.623994
-8.856473
-6.920269
-8.094194
-6.683590
-5.309715
-5.576517
-7.943576
-7.719529
-8.166557
-7.523895
-6.385746
-7.088447
-8.704621
-5.969951
-5.844276
-6.534709
-7.017140
-6.596799
-5.874400
-6.648967
-5.895019
-7.236642
-7.509279
-7.578668
-6.955557
-7.294901
-7.171782
-7.630641
-7.159006
-8.641810
-7.339217
-7.173105
-6.708235
-6.930195
-8.339179
-7.012106
-7.302737
-6.683784
-7.172515
-6.555296
-8.105077
-7.715864
-6.893766
-6.616023
-6.995171
-6.318119
-8.145109
-8.394868
-6.419523
-7.518453
-8.409470
-5.908276
-7.969352
-5.824894
-5.978525
-8.315552
-6.821383
-6.582674
-8.122352
-5.247206
-6.501016
-5.269035
-8.017972
1.455362
9.686803
11.604080
11.128525
10.643242
11.659823
9.995870
11.011164
12.102147
10.906474
11.219465
10.796998
11.527501
10.249586
12.171645
11.479893
9.760788
12.577679
9.830065
11.163244
10.835980
11.812990
10.911407
11.523001
11.506465
12.131483
10.502698
9.425733
9.783722
11.434597
11.457275
12.010497
10.419801
9.851622
10.135123
11.847324
10.796885
11.729305
10.562334
10.345158
10.753798
11.440925
11.040709
10.785143
9.288088
9.723064
10.723515
10.985947
11.284232
11.675824
9.651947
11.506896
11.511260
12.391057
11.777976
9.492180
10.359548
10.543616
10.774047
8.114471
12.667207
9.625812
11.941422
10.833809
11.088987
9.085891
10.833475
9.986116
9.872888
11.968509
11.433357
10.415779
10.702703
12.951918
12.481142
12.678134
11.778854
10.219415
12.243123
10.502169
10.946398
10.323492
9.467391
11.180051
9.224886
9.946036
11.661967
11.802738
9.803406
11.376056
10.081374
10.256954
11.150348
10.144153
11.391578
11.835382
10.042048
11.874943
10.778458
11.093401
11.110253
11.694102
10.843574
11.822277
9.227021
12.146429
10.973295
10.717608
10.473113
10.020445
10.096731
12.629484
8.644671
10.287073
11.510105
11.928181
10.012773
12.359924
10.157004
9.384380
11.650974
9.844592
10.715528
10.469299
12.655020
10.544999
9.788761
11.056040
11.044255
9.821186
9.858895
12.053175
12.628579
10.407089
10.223742
11.241180
10.755548
10.992196
11.085235
12.487654
10.813668
9.483872
10.367314
11.190470
9.884962
10.008244
11.400448
10.562359
10.696953
9.516588
11.671357
10.804976
10.502026
11.441147
10.081239
10.125986
11.760716
10.881092
10.849432
12.306986
11.002315
11.370154
10.611836
10.455226
9.896217
10.281445
11.881611
10.323045
10.497675
10.982342
10.694581
12.270382
11.180436
9.851966
12.096860
11.037119
9.623217
12.938237
9.156932
9.065858
10.168419
11.376131
9.804871
11.353324
11.093466
10.379157
10.093361
10.640053
12.224280
11.643081
10.499774
10.055740
9.841395
12.934616
10.492336
11.972601
10.503493
11.876427
10.378743
9.674692
12.193376
10.890877
10.903271
10.696104
11.716819
11.947886
12.146088
9.857841
12.106400
12.609988
10.136708
10.271495
10.487340
12.852639
11.725789
10.456178
10.728591
11.797816
11.966676
10.093026
9.015181
11.876733
10.908376
11.691867
11.715634
10.126966
10.324357
11.292189
10.358499
11.126269
9.759740
9.781701
10.136900
10.376785
10.871407
10.953699
11.399313
10.956449
11.916836
11.825073
9.783193
9.725108
11.303422
10.086387
10.739286
12.367697
11.034360
11.220200
11.322575
12.867787
10.903600
12.864442
10.333104
9.738139
8.912436
12.063082
10.878446
11.439396
11.104768
11.128033
13.109841
11.356727
9.942316
9.299359
11.052800
12.079062
10.648829
11.594276
11.220873
11.060062
12.363323
12.382715
10.308000
10.334158
10.056211
11.504784
11.132345
9.777854
12.178206
13.540857
11.822886
10.802033
11.217495
10.250976
9.729031
8.848227
11.819597
11.028071
12.102172
8.147427
9.835891
12.409547
10.723885
11.073874
11.292851
11.810546
11.427371
12.546204
10.720026
12.350174
11.712945
11.418034
10.506631
9.495016
11.274020
10.270823
8.994619
9.714058
12.604971
9.906406
11.440066
11.710233
12.277465
11.074124
10.488182
10.543575
11.339711
9.856174
9.858588
10.383497
12.895370
9.532479
11.650002
11.321223
9.922133
9.531927
9.370910
12.299632
11.178937
9.946897
11.657977
11.174925
9.727081
10.501261
9.571244
13.696028
13.037649
10.355017
9.299602
12.174246
10.567074
12.373563
12.374386
10.573747
9.754452
11.746083
11.522435
11.540967
10.781571
11.791254
12.333564
12.662640
9.920416
10.494369
11.659519
12.330560
10.330256
11.465125
11.267731
10.392471
10.353896
11.345919
10.560627
9.788506
11.325132
10.803992
10.286962
12.006657
13.887261
11.259715
11.037794
10.678322
11.621588
10.131390
10.193848
10.518321
11.508660
10.539519
12.350707
8.473513
8.558090
11.851786
11.503332
10.802019
11.810135
11.021208
10.343518
8.183531
9.662357
11.182495
11.810977
12.172551
11.538571
9.924877
9.407962
9.877560
11.472351
10.029584
11.161082
12.332523
11.806692
10.990044
10.356430
11.872892
12.644317
8.262125
10.347119
11.354281
9.883502
11.065363
9.011313
10.078932
10.223891
11.149443
8.647557
9.651087
10.221457
10.934244
10.917300
10.057893
11.180446
11.822495
10.255577
10.545732
11.136711
9.452881
10.240029
10.783230
8.780960
11.162147
11.528202
9.161362
12.323868
11.303115
11.276732
10.279509
8.536793
10.164857
10.891803
11.558093
12.490790
13.364906
10.050740
11.716084
10.792711
11.943016
12.320784
11.117196
12.771666
11.904187
10.432784
9.717509
10.315720
11.118123
10.090363
12.849944
12.202089
11.477231
9.790214
11.033518
11.236437
11.358935
10.911646
9.668103
10.691900
11.657274
10.835756
9.958244
11.457476
10.277363
8.747030
12.575153
11.348861
10.536019
12.238728
10.161900
10.198219
11.054700
9.785570
10.635827
10.704466
10.429321
11.116177
10.725861
12.622397
12.983146
9.808731
10.814012
10.896663
11.672413
10.710060
10.737170
11.462768
11.228526
11.174949
10.004835
11.954328
10.297591
10.533244
12.771805
9.705068
11.017440
10.854570
11.223039
10.141336
11.386554
11.194251
12.306757
11.953900
9.889609
10.738020
11.399184
10.415518
10.678397
9.089929
11.376330
10.443646
11.630693
10.009099
11.116166
11.236677
10.956412
9.862010
9.588517
10.573927
10.424071
10.619470
10.912224
9.718902
10.495884
11.622869
12.296755
12.560254
10.963068
11.635528
10.104709
10.911614
11.055696
11.991932
11.739493
11.289173
11.130669
10.419285
10.712528
9.326203
10.474284
11.782096
10.163175
10.150428
11.556176
10.330902
11.756230
11.014552
10.813965
11.163601
11.606061
8.013083
11.264820
11.702376
11.160220
12.315040
10.398714
10.768328
10.051059
11.198423
10.749608
11.697414
9.410780
9.866938
11.908473
12.116678
12.941541
10.078842
10.027927
12.434697
10.939942
10.716786
11.900792
11.091941
12.003460
11.974501
10.875495
11.958103
11.327263
12.700029
12.499744
12.823540
12.859423
9.907044
10.538538
12.500460
11.638503
10.615531
10.341905
8.678203
10.114524
10.746182
11.086830
12.283116
11.046158
10.901470
11.212275
10.692689
11.237021
10.746064
10.570657
11.349953
10.049569
12.658559
11.264809
11.944449
11.911652
10.268803
10.917974
10.587860
-3.702737
-5.781316
-6.693251
-5.275178
-4.708428
-3.488260
-4.543962
-2.968216
-5.198544
-3.608797
-3.806236
-3.503982
-3.422812
-4.955424
-4.296772
-2.922560
-3.682288
-4.719141
-2.913526
-4.213151
-4.469828
-3.166922
-5.779796
-3.342006
-3.656159
-4.733852
-4.278591
-4.694981
-2.153052
-5.000894
-4.365767
-4.931292
-5.467206
-3.291695
-3.698880
-3.099097
-4.834546
-5.258450
-4.037933
-4.013917
-4.338631
-4.833517
-3.767779
-3.974114
-3.012495
-4.441991
-5.881871
-4.203051
-4.299122
-4.641850
-3.689567
-3.081477
-5.623026
-5.220873
-4.392920
-5.803439
-4.743269
-4.697599
-5.025672
-5.802895
-5.369804
-5.299426
-3.888162
-4.196561
-4.932155
-5.377082
-4.854699
-3.661398
-2.394187
-4.992578
-5.197564
-5.265024
-4.799663
-3.272584
-4.185945
-5.906430
-3.440504
-5.482520
-4.415219
-1.054939
-5.521840
-4.192067
-5.470582
-4.092186
-4.506886
-5.459509
-5.784696
-4.560974
-3.177128
-5.526319
-4.295256
-3.087781
-4.430578
-4.187743
-1.517244
-7.187803
-5.462429
-7.455299
-4.267160
-4.531563
-2.536376
-4.481891
-4.666502
-3.595537
-4.126156
-2.677131
-3.325816
-5.250146
-3.711684
-3.115065
-5.344288
-5.566155
-3.708383
-3.664312
-3.295911
-3.727724
-4.740115
-5.216249
-4.584539
-4.012659
-4.938017
-2.908302
-4.609574
-3.603883
-4.673050
-4.311625
-1.222100
-3.693112
-5.016596
-2.595049
-5.487876
-3.980311
-5.365686
-3.687577
-5.633743
-3.858517
-4.703577
-6.781948
-3.344814
-3.026479
-3.984622
-2.915065
-4.399094
-2.940242
-4.551025
-4.305792
-4.454644
-4.140772
-3.123122
-5.649617
-3.654716
-3.585763
-5.693144
-3.759202
-4.853327
-5.327155
-4.139885
-4.155846
-4.291485
-4.411436
-4.371537
-5.930507
-4.032156
-4.495496
3.609134
3.083638
3.287735
3.312409
4.461684
3.427652
2.474585
4.161185
3.852258
2.584925
3.183478
4.543774
1.894565
4.613842
2.725116
1.425811
3.937451
4.510980
3.413250
2.300347
4.414763
5.367016
3.791654
3.352376
2.843998
4.616193
2.272614
3.977886
4.079142
3.250064
2.932919
3.239796
2.486664
1.561855
5.083093
4.609282
3.291414
3.042350
1.501886
2.958055
3.673098
4.037299
1.190822
2.383054
4.637485
4.696965
4.092880
2.366620
2.889682
2.578005
1.627832
3.146858
2.670090
3.621411
4.573686
4.520136
3.451588
3.537496
3.148825
4.528236
5.533034
3.424782
2.794231
4.557221
1.881671
2.657515
4.134382
3.260366
2.913149
3.429728
3.201980
1.854791
5.266506
3.315430
1.999149
3.593743
2.872041
3.677595
2.292093
3.063079
3.221691
3.716131
3.781481
5.207933
1.613453
2.691723
2.827267
3.735083
3.522032
4.615142
3.630719
1.976682
3.559433
2.708672
3.404756
3.475588
2.506027
5.506136
2.929884
4.151374
3.308120
1.896780
1.912238
2.299132
3.431877
4.544692
5.137875
3.274327
2.994377
4.680266
4.463168
2.911776
4.510544
1.440221
2.888376
4.115983
3.671990
2.861403
2.979298
3.367415
4.456289
3.251098
4.836241
2.132672
4.194317
3.093383
2.806563
4.281305
3.842104
2.072263
4.954482
2.620278
2.632588
2.510673
3.839504
3.385577
2.796902
2.568646
4.148306
4.429204
3.262165
4.012543
1.964019
3.340777
3.242039
3.874345
4.624852
3.837109
3.684270
3.030841
3.140560
5.132752
2.510671
4.672018
3.114100
3.320973
4.633461
3.065399
3.271101
2.073646
4.789106
5.828705
4.027874
4.575960
5.433932
4.213457
3.047800
3.201029
5.019314
4.042249
3.317369
1.702815
3.484940
3.066880
0.968059
2.293578
2.617605
4.020723
2.174094
2.179996
4.094626
1.904974
3.187232
2.287324
3.659806
2.765025
3.114461
2.530890
2.663850
2.740203
2.856268
3.780192
2.769575
1.957903
1.059099
3.551833
2.849641
4.144531
2.522155
2.996501
2.458082
2.627606
2.113212
3.900474
2.962677
1.120838
2.852814
4.020580
4.583983
3.045438
3.749455
2.449566
4.652787
2.912316
3.338654
3.415636
2.428873
3.739815
2.743734
3.701840
5.033355
4.493175
3.335020
2.167532
3.848656
3.157870
2.966637
2.492430
2.363868
2.156042
4.089132
3.200249
2.110493
0.988418
3.523351
2.848808
2.400254
3.516820
3.540665
4.289730
3.136363
2.764228
2.284676
3.866750
3.654704
3.631029
2.485651
3.512562
3.229069
2.595536
3.677403
2.794272
3.379408
2.603253
2.487931
3.121324
2.142904
2.588777
4.985042
2.795478
4.875775
1.240993
2.947813
0.861659
2.649030
0.703987
3.883778
4.139882
1.248534
2.960399
4.126284
3.387185
3.384680
3.356000
3.971535
4.129381
2.485439
3.487317
4.457193
2.421880
2.832589
4.301727
3.909010
3.002817
3.172611
3.642716
4.056806
4.367277
2.058928
1.799045
5.116098
3.317531
4.402483
4.089217
3.951347
2.689808
5.292549
2.679904
3.641189
2.763418
3.266712
4.070627
4.720369
2.696191
3.859237
2.971765
2.355883
3.903296
3.466991
3.939843
3.198248
4.574091
2.560899
2.654612
1.797020
3.017160
4.818497
2.521832
2.015089
1.887607
3.889208
5.331875
1.992784
3.039720
3.494864
3.535670
2.081986
3.254622
2.861813
3.959893
2.903263
4.115651
2.701727
2.816208
3.057789
2.367701
2.777635
5.086058
4.097783
3.607159
5.402617
5.472814
3.010425
4.476085
3.158566
4.647805
3.568641
3.864971
4.692788
4.184337
3.007857
4.407285
1.109305
3.052146
2.900021
2.371855
1.159995
2.309089
3.632912
3.374281
4.177723
4.582751
2.598451
2.647801
4.764436
3.277500
3.026836
3.237790
3.750918
2.672271
3.210387
3.459450
3.383841
3.301173
3.189598
0.869760
4.644757
2.837888
5.199348
1.777374
4.179777
3.775236
1.449418
3.340711
3.459149
1.508814
5.608427
2.485818
4.309083
1.853356
5.205322
3.576880
2.358137
2.611580
4.340901
5.151326
3.899860
2.611173
2.493460
1.520961
4.263615
2.892686
2.123698
2.759424
2.762043
1.946609
2.922226
4.311219
3.120038
3.525454
2.664823
3.324609
3.204520
2.469513
3.885342
2.462100
3.222600
2.236286
4.291135
2.720601
2.443058
3.202164
4.016668
4.666067
3.143105
3.351851
3.505521
3.062069
3.150611
4.277482
3.436738
2.902807
1.497676
2.227719
2.609656
1.690128
5.508527
3.582420
2.737822
2.637202
3.236727
2.659154
5.128451
4.889942
3.119722
4.444721
2.042070
3.679649
2.483973
4.719329
4.138729
4.504657
3.773060
3.611325
2.420877
2.196111
2.022554
2.931028
3.288454
3.554715
4.140185
3.066907
2.951081
4.207801
4.846743
2.624709
4.067389
1.917796
3.376290
2.846273
3.650312
2.272139
3.530022
4.289760
1.989747
3.745754
3.021451
3.381791
1.657272
5.451942
5.429661
2.708181
2.194901
3.573088
4.593199
3.930227
3.209895
1.082256
4.417000
3.094829
1.227849
3.853361
2.822955
4.913317
3.973580
4.846595
2.471512
2.761489
3.569286
3.215786
3.627053
1.518736
1.775620
1.775690
4.823161
3.049495
4.100039
4.321651
3.551204
2.710980
1.648463
4.815538
3.030762
2.098963
3.983663
3.865702
3.134305
1.912676
3.945391
2.515878
2.444448
3.775693
6.540171
3.278036
3.604166
3.502570
1.808723
4.611274
3.331333
3.363200
2.248687
1.421083
1.181103
4.923042
5.286367
2.717422
2.049743
2.941211
1.806675
3.796981
4.789289
2.495981
3.873738
1.678629
4.545142
3.996290
4.174352
3.220860
2.947481
2.141467
4.191561
3.087166
4.333316
4.085799
4.028198
2.398728
3.278693
2.115676
3.506791
2.743948
2.210211
2.683705
2.994613
0.621626
3.437198
1.406041
2.938875
2.918378
3.861574
4.679329
3.076217
2.682509
3.913340
3.299043
4.363232
3.613500
5.565436
4.699693
3.059287
3.887790
4.228371
3.837479
4.750016
1.438990
4.594706
2.890825
3.819819
2.252429
4.197496
3.704770
2.574610
4.215257
4.592003
3.453540
3.035593
2.939063
3.667551
2.617224
3.879399
2.659121
3.917619
2.979368
3.589735
3.809091
2.644358
3.891571
5.030190
2.471324
2.164056
2.560010
3.673452
2.926381
4.166152
3.780466
3.581288
4.309539
3.760573
2.305397
2.011927
3.893939
2.476787
4.851634
3.752542
4.458229
4.098822
3.268039
3.511944
3.507275
3.396754
4.655474
4.079931
3.665304
3.376966
4.356072
1.181928
3.175765
4.112459
5.666095
2.403980
2.205594
3.033882
4.442448
3.313415
2.808390
2.822589
3.655677
5.290334
2.529690
1.646106
3.484043
3.219548
3.850944
3.467770
2.748116
3.806248
3.328659
1.969857
4.142948
2.717298
2.708385
2.693916
1.478813
5.563137
3.852978
3.213403
3.304815
3.022574
1.494260
3.696663
4.439521
2.845940
2.677642
2.885244
2.641366
4.227247
3.874669
3.744949
4.132903
2.552709
3.300553
2.558216
3.551929
3.219326
3.083891
2.118204
3.410642
2.743399
3.521609
4.614155
3.812258
4.165871
3.486418
3.292209
2.012954
1.844124
4.297054
2.145144
1.824906
2.802521
4.482418
3.441638
1.915491
3.715576
2.412201
3.719523
4.423489
2.598118
3.872168
2.413039
4.254417
2.343824
4.245286
4.643294
3.152324
3.484671
3.250285
4.027779
4.738830
5.298677
4.855991
5.083533
2.928754
2.221312
2.909321
3.424522
1.506755
4.023893
3.119556
2.321291
2.549128
3.851361
2.990569
3.150899
3.035492
1.546574
2.506434
4.969572
4.619704
1.307918
3.272504
5.111199
2.072651
3.730141
3.230954
2.718013
3.888114
3.264978
1.791966
2.211463
2.114555
3.261539
4.215642
4.361985
3.062088
2.287482
5.362205
5.139489
3.878355
4.105307
4.264061
3.865839
2.975012
3.967188
4.684080
2.498617
2.393520
1.532928
3.441025
4.668083
4.484898
1.947989
2.556700
2.670813
1.986926
4.480745
1.705972
3.476233
5.183942
1.964988
3.882468
3.094606
3.957754
2.263585
3.033389
3.955251
4.551988
2.189111
2.498798
2.353769
2.806909
3.114254
1.813892
1.732737
1.087507
4.132218
5.446103
1.616404
3.466005
4.177926
1.343417
3.862813
2.385051
3.922891
3.354683
1.809837
3.515523
3.897359
3.585881
2.025679
3.267870
4.195570
4.829149
2.657397
3.982542
2.639026
2.364141
2.308962
5.440982
4.192447
2.155501
3.762757
3.133947
3.876812
3.872503
0.949264
2.992603
2.261475
3.522526
3.546457
2.752430
2.430052
4.080429
3.188247
4.546253
2.489363
1.984589
2.363963
3.442853
3.600758
4.079221
3.231210
2.131994
5.034727
3.192827
3.871553
4.795331
3.714303
3.760715
3.774725
2.834257
1.956088
2.093218
3.294786
3.554749
3.557192
2.275772
2.169442
3.474619
3.619670
4.653852
19.794444
19.465522
18.029808
17.740610
19.614619
19.127124
19.421860
20.177298
19.177314
20.697612
19.267448
17.919078
18.589400
17.219499
18.710729
18.243002
18.756319
19.142764
20.319603
20.000300
18.286321
19.922066
18.733792
19.290638
19.089611
18.060527
19.639642
21.080865
20.067783
17.365416
21.481927
18.285853
18.364226
16.964518
19.199408
19.098280
19.320495
19.708301
20.329770
21.506674
20.559043
19.077036
21.005660
18.937635
18.592101
18.409675
18.405289
18.951482
17.473577
19.928631
19.700085
18.584433
17.706795
19.136479
18.733021
19.971585
19.811552
18.686337
18.821444
20.247184
18.426593
16.231016
20.382516
18.760788
20.162593
19.263476
19.900763
19.904041
18.782260
21.916640
18.555284
19.719333
20.124691
20.441553
17.551971
17.952300
19.806150
20.387640
17.440278
17.546955
19.403697
18.608259
18.775956
19.241232
20.041556
19.030606
19.268637
19.786355
18.926754
19.242014
20.721274
18.477006
20.243522
19.407132
20.089905
17.716806
19.182978
20.482840
19.207945
19.667137
19.249049
19.603678
20.873860
20.187141
19.295806
19.302624
17.369746
18.674685
18.391947
18.410930
18.804405
18.671430
19.757240
17.803891
20.885398
19.219436
19.777578
20.466315
18.650037
18.497044
20.727052
19.234168
20.408760
18.087639
19.382783
19.632358
21.006869
19.212899
18.625263
18.874648
18.395981
18.679660
18.029175
18.680256
18.274163
20.194605
19.352320
19.279378
17.741171
17.796205
19.183741
19.382628
19.588179
19.555136
19.003923
19.410584
19.592294
18.044641
19.181022
19.908706
18.056413
18.354787
18.994785
20.254491
19.936653
18.647563
19.489887
19.166252
19.122552
19.039668
19.663133
19.020104
18.614166
20.003502
17.065006
19.444128
19.026557
18.805477
17.673493
17.927058
18.638936
18.241900
21.194586
18.376175
18.409596
20.382281
19.129702
18.926969
19.038189
19.171888
18.440345
17.015038
19.609793
19.569764
17.979352
18.153016
19.953262
19.319094
18.078708
20.035706
19.026676
18.701637
18.054903
18.909049
18.824905
18.442174
18.592417
19.990130
19.636707
19.274161
20.106011
20.750389
20.545403
18.790880
20.218960
19.796044
19.041225
19.394002
18.194710
19.965285
17.944193
20.330284
18.968314
18.404822
17.468660
18.684972
18.119393
18.733179
21.858451
18.869840
18.700679
19.796418
16.867917
18.532714
19.543483
17.933155
20.879118
19.600237
18.414195
17.124902
19.899093
18.927543
20.495911
19.260374
18.208202
20.157247
18.926228
19.512615
18.209172
19.271440
20.010852
18.637721
17.838548
18.991823
18.252963
17.547451
18.500449
20.941146
19.415356
18.276569
18.220224
19.088830
19.093829
17.052241
19.360993
18.542778
17.750748
18.478019
19.674261
18.621170
18.350179
19.526591
18.457173
17.762226
17.717868
20.971320
20.042232
17.583885
16.475777
19.636632
21.566825
17.622847
17.103728
17.078468
18.056815
18.933235
20.991603
18.886682
18.985272
19.484145
21.275285
18.221612
18.335508
18.379374
19.545229
18.929827
16.978633
16.916680
19.313389
18.245056
18.771943
17.936614
19.948432
20.627700
19.301499
20.195465
18.161618
20.461907
18.617984
21.413131
18.852089
19.357763
19.708882
19.043435
18.948413
18.504751
19.079739
18.901878
18.738234
17.899152
18.313707
19.476480
18.302527
18.864346
18.034145
18.970518
18.565229
18.897252
19.699995
19.444107
18.403499
19.565817
18.919039
18.589568
19.841850
19.791731
17.464427
17.477876
21.100738
19.152577
19.370933
19.331684
18.510675
19.438452
20.225542
17.195631
17.512204
18.571826
17.697729
18.494670
19.695301
18.132991
19.621789
20.038558
17.773520
17.404919
16.782352
18.703212
17.802796
19.880382
19.166922
19.448275
21.197569
18.248319
18.882085
19.175340
18.313727
19.422942
18.841901
19.341949
20.204710
16.849499
20.116076
20.011698
19.471856
17.951163
17.852616
17.613902
18.657005
21.100842
20.092966
19.215288
21.223649
19.298536
17.798918
18.372537
19.006157
18.911322
19.196826
18.300581
20.469757
16.701101
18.434598
19.955389
18.365827
16.953813
17.191008
19.230151
19.471655
20.034566
19.117212
20.419070
19.609069
20.460212
19.017452
21.050277
18.823379
18.963943
18.632880
19.736375
18.573783
20.072970
21.826693
17.953427
20.088925
16.638533
19.471645
18.866692
20.421469
19.274627
19.270341
20.694077
20.281566
20.312543
19.528788
18.762312
18.266128
19.474161
17.299840
19.486397
18.871134
18.430792
19.546636
18.122133
18.487803
19.226866
19.802279
19.420168
21.189535
19.487522
17.823989
18.270785
18.995271
19.155978
21.536493
18.121405
18.055128
18.245027
18.726107
19.255316
17.436452
19.721310
20.814417
18.484275
18.907373
19.132792
19.255927
19.508954
16.832255
19.698863
8.592752
9.174662
6.956550
6.033885
7.026908
7.909892
8.539702
6.320392
9.231799
5.395682
6.034640
6.137516
5.997409
8.208090
9.062770
10.181832
8.529940
6.975447
6.945258
8.087788
8.715383
6.850485
7.368593
9.115001
6.071396
6.668157
6.566197
9.924667
8.797330
8.886356
8.163527
7.348272
8.664364
7.160503
10.045552
6.563431
6.208121
8.020857
9.592071
7.822448
7.042415
6.969520
8.010123
9.470241
6.632456
8.486926
7.187563
9.196650
6.607737
7.889537
9.577170
8.062226
6.782967
8.971544
6.364640
8.467940
7.385188
7.921456
5.570739
7.247661
8.467122
7.790725
7.358610
7.794437
7.563993
7.618411
8.245632
7.211638
7.736308
7.711129
7.009495
7.509445
6.124957
7.632747
8.666252
8.905293
7.492955
8.574519
7.593854
7.169391
8.450186
7.431463
14.690509
15.664331
16.461360
15.905975
16.776937
15.555650
15.072500
15.854945
14.428337
12.412005
15.519827
14.500783
15.234340
15.555177
16.464709
15.683712
14.076365
15.826932
13.268451
13.761733
16.867854
14.158985
15.053357
15.878391
14.994146
15.925883
16.244220
16.462179
15.133397
15.725342
13.429438
14.591289
14.626501
15.764660
14.334284
15.057538
15.324704
12.238622
14.306130
14.226725
13.865518
14.723280
16.668712
14.299324
16.319314
14.995398
13.979925
15.652369
15.319504
15.938272
14.558906
13.696206
17.312818
16.009770
15.858753
17.797368
14.661448
16.770789
15.212010
15.555398
14.851004
14.901128
15.473548
15.153936
15.579410
14.391506
16.586077
15.251688
15.066701
13.295729
15.885885
15.070361
16.242594
14.699341
14.702423
14.187963
13.967343
13.034367
15.710422
15.100081
15.113106
15.408375
14.487045
16.275058
16.201193
15.540247
14.242191
13.455232
16.418597
15.627738
14.592910
12.327270
16.394055
14.669367
16.267004
13.778502
15.225224
15.589354
14.192953
14.916673
16.230797
15.384259
14.638636
15.708655
13.772817
15.757848
15.360104
17.239946
16.509639
17.098161
15.953229
16.038681
14.254837
16.590393
16.270717
15.417601
13.657394
13.796689
17.823899
13.718953
17.330949
14.798203
15.693282
0.045545
0.776945
-1.108184
1.863761
-1.451734
1.536215
0.451938
-0.725971
1.217073
-0.080808
-0.792933
-0.437312
0.891173
-0.110303
0.055576
1.563681
2.352768
-1.659617
-0.324415
0.306052
0.157167
-2.340294
-0.059290
1.204139
1.066175
0.150129
0.828350
0.561137
0.463791
1.807727
0.037355
2.309788
0.498432
0.196586
0.615571
1.411105
-0.088364
-0.468196
-0.892871
0.576747
-0.488243
-0.714336
2.865581
0.868119
1.242260
0.306084
0.524958
-1.005020
0.969797
0.029790
1.358827
-2.689627
0.858584
-0.938766
0.237831
-1.964948
0.509844
0.131306
-0.579474
-0.267001
1.312614
-2.179868
-0.285571
-0.016473
-1.004000
0.295279
-1.804908
1.061155
-0.915513
-1.466915
-0.217502
-2.237522
0.823439
0.152741
1.901768
0.065936
-1.113910
1.168392
-0.489528
-0.618615
-0.359137
0.441584
-0.378794
0.451490
1.637871
0.090733
0.751858
1.084486
0.626010
-1.612408
-0.903732
-1.540669
0.972302
-0.037275
-0.297761
-1.698094
-0.811299
0.800286
-0.541102
-0.956956
1.282330
-2.686332
-0.091466
-0.803902
-0.689815
1.760636
-1.344986
-0.674830
0.473537
-0.235005
1.065398
0.735461
0.522286
-0.681060
1.002052
-0.220822
-0.245652
-0.065273
-0.812523
-0.106915
1.590732
-0.577340
1.312700
0.819042
0.358872
-0.524429
0.109596
0.070271
-0.266116
1.989611
1.634249
1.591582
-1.200704
-0.000055
0.258509
0.887982
0.051247
-0.985517
-0.823086
1.164748
0.244620
-1.131638
0.540233
-1.421126
-0.877073
-0.823270
0.471572
0.236484
-0.386601
-0.370683
-1.017826
-1.019365
0.720854
0.903364
2.142482
0.160491
-0.448262
2.065326
-0.286902
-0.371455
-1.447793
0.458323
1.276024
1.493843
0.867844
-0.818719
0.799813
0.385353
-0.462058
-1.236654
1.238262
0.807783
2.594835
0.919559
0.943615
-0.949619
-0.403428
-0.309532
-0.394187
-0.120803
1.465660
1.331712
-0.687891
-0.866250
-0.189035
0.469201
1.118864
-0.838381
2.023889
0.638510
-1.124480
-0.286265
-1.111551
0.967894
-0.403165
1.028577
-0.337963
2.138378
-1.784636
-1.696926
-0.438519
1.275764
0.160403
-2.055703
-0.821685
0.364109
-2.033982
-0.864763
-0.255191
-0.238471
-0.885863
-0.083856
-0.932747
-1.623744
2.042415
1.051805
1.182628
0.351401
-0.165054
-0.042909
0.166882
0.846805
-1.925042
-2.419985
-0.606773
-0.621123
0.197104
-1.332711
0.106158
1.981144
0.460538
-0.123041
0.067949
-0.591137
-0.313314
-0.608440
-0.736905
1.123955
-0.445125
1.545398
1.768345
1.197944
0.576728
-0.145486
-0.287959
-1.224526
-0.209326
-0.129501
-1.516098
2.502279
-1.143388
1.126199
-1.166174
1.991940
-1.355298
-1.151012
0.243689
-2.701820
-0.731305
-0.953320
0.764267
-2.883390
0.784590
0.708762
2.673717
-0.546258
0.858373
-0.249304
1.675811
-0.390513
-0.567431
-0.919836
0.942642
2.039951
-0.873547
-0.444097
0.593878
1.791636
-0.463670
0.501872
-0.776326
-1.336087
-0.889266
-0.881368
0.141241
-0.774845
0.514251
-0.310669
1.468064
0.474290
-1.164154
-0.559532
0.157967
0.449096
0.450869
-0.159889
-0.628760
0.564209
0.727823
0.461431
-0.652165
1.523559
-0.238286
-0.915982
-1.228804
1.085394
-3.761046
-0.807861
1.094654
-1.045666
0.073459
-0.316270
0.161274
-0.537211
0.508805
0.179712
-0.042070
-1.187879
0.740847
-3.011053
-0.601938
-0.329892
1.787794
1.572817
1.189295
-0.242448
1.203150
0.282921
0.422512
-1.209602
0.386469
-0.669410
-1.176002
-0.128390
-1.442516
-0.310488
0.517516
1.085691
-1.290966
-0.339056
0.605539
-0.936749
0.547052
2.073790
0.499004
1.127938
0.691654
-0.611454
0.409643
-1.391271
-1.623051
0.551596
-0.232529
1.577829
-0.655982
0.958528
1.122907
-0.307280
0.098625
0.063324
-0.328249
-0.329890
-0.493539
-0.083789
-0.224158
0.028369
0.194599
-0.208548
2.372152
-1.252516
-0.606326
-0.235510
1.200638
0.981293
0.801147
-0.280313
-0.275671
0.897423
1.410582
0.394955
-0.749238
-0.595089
-1.515127
-0.095154
-1.363774
1.789098
0.439523
-0.456807
-0.975172
0.497267
0.522510
-0.077538
1.464718
0.951843
-0.563642
0.449396
1.399993
1.745601
0.260284
0.481001
-0.761289
0.255553
1.114532
0.449173
-0.939576
0.327218
-1.058778
1.044356
-0.410603
-1.627971
0.252106
-0.109007
-0.537144
0.723754
-1.479463
0.197994
0.546980
0.511609
0.307089
0.278942
-1.269660
3.195072
-1.144377
0.264848
0.968815
1.413810
-0.622615
1.191065
0.696295
-1.744934
-0.476631
0.123887
-0.062678
0.547948
0.265793
-1.068381
0.397395
0.578645
-0.241192
-0.667763
0.326115
0.058604
0.630542
-0.279184
-1.111989
1.057292
0.701247
0.497454
-1.844084
-0.073042
-1.018998
0.513607
1.168471
0.595729
0.085292
0.230955
0.367011
1.509084
1.185458
0.224055
0.313646
0.217239
0.170508
-1.029582
-1.578555
-0.993064
-1.166315
-0.759889
-1.076405
-0.549153
-1.014529
0.795999
1.760142
0.080927
0.506940
0.232489
0.002742
-0.537963
-2.370038
-0.558061
-0.431642
2.368980
1.415864
-1.240345
1.225398
1.789730
0.612925
0.066782
-0.238137
-0.507379
-0.482698
-0.114780
-1.125537
-1.740837
0.999084
-0.097374
-0.133042
-1.826950
-0.068479
0.410332
0.722877
0.254283
2.061861
-0.015713
-1.869652
1.168525
-0.031147
0.802436
-2.083922
-1.103043
-0.381876
-1.385188
-0.114462
-0.862290
-1.315693
-0.912596
2.967967
-1.359394
-1.130999
0.307657
0.285957
-0.534779
-0.254840
-0.173518
-0.251035
-0.531837
1.286345
-2.521865
-0.907070
0.830656
1.794997
0.781730
0.041553
0.287565
-0.473805
1.806737
0.823732
-1.567069
0.572483
-0.473002
-1.617075
2.359578
1.236204
1.271328
2.000529
2.088404
1.468500
0.541544
0.441006
0.779967
-1.280368
0.191484
0.654688
0.332368
0.625214
0.010623
0.781816
-0.628299
-0.747862
0.266837
1.751054
0.499965
0.315468
-0.054169
1.231417
-0.683631
-1.148277
-0.358814
-0.068373
0.455836
1.237745
-1.191484
-1.984228
-0.629853
-1.375173
1.600353
1.481966
-0.905166
0.924121
-0.628451
0.545308
-1.547672
-0.023598
1.183557
1.206572
0.401174
-1.718327
-1.595532
-1.015491
-1.252671
0.490512
-0.826973
0.086722
-0.664419
1.438006
0.436185
1.831012
-1.293394
-0.524020
-0.491279
0.713195
0.015964
-0.536219
0.351246
0.461190
-0.586160
0.072138
0.912251
2.511998
-0.133543
0.191453
0.996603
-0.665851
-0.945841
-1.249729
-0.319244
-0.525563
-0.427103
1.105777
0.874455
0.716464
0.922450
-0.562926
-0.085105
-1.527652
-0.678956
1.043230
-0.025492
1.265762
0.279909
0.563990
0.748939
1.043112
1.760083
0.644910
0.397862
0.053934
0.646889
0.696660
0.566664
0.856851
0.894126
0.117965
-1.147295
-0.162079
-1.832197
0.631555
0.081239
0.111735
2.350883
-0.195193
-0.790246
0.787249
0.558716
-1.049402
1.839187
0.374321
-0.681274
-0.276592
-1.188827
0.311129
0.382540
2.179056
0.577807
-1.212274
-0.325341
-0.427771
1.137352
0.614161
0.188997
2.004053
1.362327
0.005499
0.596657
0.475462
0.693522
-0.486711
-1.840437
0.178279
-1.819074
-1.469258
-0.355898
-0.214417
-0.066055
0.024490
0.161441
-0.395845
1.147874
-0.443121
0.628222
-0.460341
0.887444
-1.032227
0.990967
-2.590645
-0.511801
1.327733
0.362518
-0.834970
-0.872581
-0.111335
-0.708163
-0.196886
-1.637806
-0.665149
-1.296127
-1.007718
1.066231
0.268801
1.332895
0.074512
-1.020910
-0.622248
-0.396726
-0.128903
-1.027220
1.079600
-1.558509
-1.422860
0.210686
0.514663
-1.672820
-1.243227
-0.240637
-0.119019
-1.498507
0.101736
0.813071
-0.265435
-0.919989
1.252541
0.504810
0.632870
-0.119553
-1.773058
-0.478044
0.621865
-0.902182
-0.856323
1.002309
0.164605
-1.256104
-0.994595
0.271226
-0.636669
0.173585
-0.788412
1.063668
0.718680
2.408427
1.418292
-0.080244
0.641814
1.653734
-0.971633
0.163343
1.057269
-0.301565
0.167768
0.100500
-0.766030
-0.147848
0.114897
-1.308580
2.790552
2.288142
0.632094
-0.561553
1.303429
-0.360508
0.971603
-0.166661
-0.635304
0.018933
0.625824
-0.486358
-0.326041
-0.585668
-0.879206
