0.029056
0.027507
0.026005
0.024183
0.022634
0.021055
0.019134
0.017083
0.015449
0.013894
0.012185
0.010490
0.008469
0.006300
0.004159
0.001927
0.000181
-0.001398
-0.003094
-0.004708
-0.006519
-0.008387
-0.010164
-0.011951
-0.014074
-0.016336
-0.018592
-0.020946
-0.023200
-0.025456
-0.027818
-0.030215
-0.032098
-0.033789
-0.035540
-0.037173
-0.038996
-0.040850
-0.042574
-0.044277
-0.046207
-0.048210
-0.050181
-0.052197
-0.054099
-0.055970
-0.057892
-0.059809
-0.062053
-0.064439
-0.066806
-0.069266
-0.071658
-0.074062
-0.076566
-0.079111
-0.081512
-0.083883
-0.086303
-0.088715
-0.091229
-0.093789
-0.096335
-0.098908
-0.100924
-0.102714
-0.104555
-0.106254
-0.108108
-0.109967
-0.111671
-0.113329
-0.115242
-0.117225
-0.119148
-0.121104
-0.122908
-0.124657
-0.126447
-0.128212
-0.130226
-0.132339
-0.134415
-0.136550
-0.138613
-0.140669
-0.142787
-0.144921
-0.146912
-0.148857
-0.150824
-0.152765
-0.154773
-0.156800
-0.158795
-0.160794
-0.163132
-0.165614
-0.168083
-0.170650
-0.173128
-0.175612
-0.178201
-0.180828
-0.183339
-0.185829
-0.188364
-0.190897
-0.193526
-0.196199
-0.198865
-0.201560
-0.204086
-0.206552
-0.209055
-0.211528
-0.214066
-0.216622
-0.219144
-0.221667
-0.224300
-0.226977
-0.229649
-0.232352
-0.235019
-0.237684
-0.240383
-0.243090
-0.242884
-0.241447
-0.240145
-0.238015
-0.236611
-0.235141
-0.232784
-0.230096
-0.228514
-0.227154
-0.225396
-0.223689
-0.221135
-0.218203
-0.215357
-0.212282
-0.210496
-0.209161
-0.207533
-0.206127
-0.204219
-0.202169
-0.200370
-0.198558
-0.195871
-0.192831
-0.189819
-0.186559
-0.183576
-0.180597
-0.177351
-0.174023
-0.172058
-0.170605
-0.169006
-0.167729
-0.165965
-0.164128
-0.162645
-0.161228
-0.159226
-0.157043
-0.154955
-0.152762
-0.150878
-0.149087
-0.147173
-0.145283
-0.142547
-0.139448
-0.136411
-0.133139
-0.130059
-0.126957
-0.123605
-0.120157
-0.117095
-0.114124
-0.111036
-0.107982
-0.104668
-0.101248
-0.097873
-0.094439
-0.091767
-0.089395
-0.086931
-0.084648
-0.082141
-0.079612
-0.077282
-0.075002
-0.072331
-0.069539
-0.066818
-0.064028
-0.061440
-0.058914
-0.056309
-0.053721
-0.050799
-0.047735
-0.044702
-0.041580
-0.038531
-0.035475
-0.032324
-0.029136
-0.026119
-0.023148
-0.020131
-0.017134
-0.014033
-0.010893
-0.007777
-0.004643
-0.000962
0.002959
0.006875
0.010959
0.014921
0.018909
0.023077
0.027320
0.031393
0.035448
0.039591
0.043744
0.048063
0.052468
0.056877
0.061346
0.065572
0.069724
0.073947
0.078141
0.082450
0.086803
0.091120
0.095454
0.099974
0.104577
0.109190
0.113866
0.118502
0.123151
0.127868
0.132615
0.132069
0.129293
0.126777
0.122765
0.120087
0.117302
0.112914
0.107936
0.104987
0.102455
0.099211
0.096075
0.091408
0.086064
0.080891
0.075313
0.072092
0.069703
0.066793
0.064301
0.060906
0.057268
0.054097
0.050916
0.046154
0.040765
0.035436
0.029671
0.024421
0.019191
0.013488
0.007649
0.004310
0.001920
-0.000722
-0.002762
-0.005681
-0.008717
-0.011095
-0.013340
-0.016640
-0.020257
-0.023687
-0.027297
-0.030329
-0.033178
-0.036239
-0.039242
-0.043777
-0.048960
-0.054019
-0.059491
-0.064602
-0.069740
-0.075320
-0.081062
-0.086088
-0.090932
-0.095978
-0.100949
-0.106380
-0.111994
-0.117511
-0.123122
-0.126469
-0.128887
-0.131498
-0.133516
-0.136142
-0.138769
-0.140758
-0.142539
-0.145346
-0.148424
-0.151238
-0.154177
-0.156479
-0.158542
-0.160758
-0.162859
-0.165927
-0.169370
-0.172654
-0.176148
-0.179345
-0.182498
-0.185880
-0.189307
-0.192151
-0.194791
-0.197505
-0.200094
-0.202936
-0.205834
-0.208593
-0.211344
-0.206019
-0.197240
-0.188801
-0.178032
-0.169174
-0.160074
-0.148483
-0.135921
-0.126425
-0.117516
-0.107449
-0.097489
-0.085120
-0.071654
-0.058393
-0.044451
-0.041493
-0.042913
-0.043154
-0.046108
-0.045818
-0.045295
-0.047710
-0.050923
-0.048854
-0.045222
-0.042666
-0.039277
-0.038806
-0.039299
-0.038813
-0.038670
-0.066687
-0.106743
-0.145933
-0.193378
-0.234022
-0.275549
-0.325909
-0.379720
-0.380971
-0.362411
-0.349760
-0.324774
-0.318446
-0.314901
-0.297830
-0.278285
-0.098222
0.152733
0.399436
0.694548
0.165230
-0.692647
-0.324599
0.323812
0.753598
14.086970
13.556917
13.151657
14.696111
15.660653
15.150716
13.948092
14.365458
14.991391
14.818711
14.575500
14.634177
14.703691
14.680830
14.655709
14.642285
14.622998
14.600132
14.574235
14.515519
14.441039
14.364808
14.276969
14.333374
14.445530
14.539436
14.666977
14.748087
14.823270
14.935127
15.054895
14.991739
14.858339
14.741307
14.578953
14.479462
14.387214
14.245469
14.092715
14.118992
14.211045
14.283589
14.397613
14.442935
14.476395
14.555602
14.641441
14.653399
14.641873
14.640761
14.625251
14.647694
14.680642
14.697132
14.715562
14.723698
14.726620
14.731862
14.734558
14.736613
14.737446
14.735691
14.732193
14.739438
14.750163
14.758601
14.768834
14.774043
14.777712
14.783439
14.788788
14.796246
14.804643
14.812574
14.820970
14.829119
14.837332
14.846032
14.854944
14.861986
14.868382
14.875081
14.881409
14.888537
14.895863
14.902772
14.909682
14.892145
14.864161
14.837229
14.803260
14.775095
14.746212
14.709804
14.670472
14.640451
14.612226
14.580513
14.549143
14.510494
14.468540
14.427227
14.383867
14.429457
14.512005
14.588603
14.689408
14.766908
14.845206
14.949519
15.062808
15.168845
15.278758
15.398482
15.523428
15.328157
15.000120
14.691374
14.294713
14.070048
13.879412
13.474698
13.013052
-4.561318
-2.443002
-4.997382
-2.123782
-2.997748
-3.417460
-3.871736
-4.524676
-4.303009
-3.805956
-3.552539
-3.181127
-3.353751
-3.728364
-3.959312
-4.281394
-4.125523
-3.793778
-3.575838
-3.273294
-3.302628
-3.445579
-3.487546
-3.574930
-3.536540
-3.455224
-3.425541
-3.384395
-3.423046
-3.495745
-3.553547
-3.629416
-3.690717
-3.752707
-3.833910
-3.922067
-3.949981
-3.957554
-3.975077
-3.980923
-4.013717
-4.053559
-4.080230
-4.107453
-4.072746
-4.010553
-3.951496
-3.874336
-3.808742
-3.739918
-3.651880
-3.555378
-3.486108
-3.422425
-3.348653
-3.276090
-3.183164
-3.081072
-2.981028
-2.875405
-2.970125
-3.147691
-3.310860
-3.527940
-3.691803
-3.856761
-4.079707
-4.322203
-4.252658
-4.065643
-3.912781
-3.686362
-3.596245
-3.533270
-3.388546
-3.236189
-3.306193
-3.458578
-3.380541
-3.266612
-3.409636
-3.620774
7.755930
5.889203
8.099264
7.064968
7.555353
7.605826
7.679803
7.719079
7.314074
6.706257
7.006311
7.550576
7.842221
8.236951
8.086703
7.726124
7.493746
7.159647
7.186972
7.333991
7.361145
7.431659
7.357466
7.229328
7.151361
7.054138
7.085686
7.168315
7.225859
7.310301
7.360526
7.406140
7.480875
7.562218
7.552683
7.510661
7.479628
7.428424
7.414256
7.407558
7.378471
7.347278
7.340130
7.339855
7.336187
7.336842
7.322935
7.304497
7.291135
7.276269
7.254062
7.228565
7.201868
7.172339
7.144706
7.116424
7.085122
7.052432
7.055550
7.072933
7.087311
7.110888
7.123564
7.135593
7.157591
7.182372
7.192116
7.197821
7.207135
7.214501
7.231139
7.251192
7.268856
7.288086
7.288615
7.281669
7.277131
7.268134
7.264424
7.261130
7.253012
7.243595
7.244284
7.248153
7.250205
7.254044
7.252756
7.249931
7.249162
7.248006
7.257416
7.271359
7.284460
7.300447
7.314126
7.328086
7.345125
7.363362
7.376524
7.388415
7.401788
7.414659
7.430816
7.448292
7.465119
7.482636
7.496889
7.510009
7.523978
7.537432
7.552130
7.567207
7.581703
7.596260
7.613304
7.631372
7.649392
7.668136
7.686160
7.704212
7.723044
7.742143
7.735865
7.718996
7.703506
7.680952
7.665041
7.648791
7.624954
7.598434
7.581733
7.567151
7.549306
7.532107
7.507712
7.480213
7.453666
7.425306
7.408684
7.396307
7.381557
7.369029
7.352236
7.334419
7.319067
7.303833
7.281049
7.255370
7.230157
7.202986
7.178500
7.154288
7.127937
7.101089
7.101988
7.114235
7.124753
7.142791
7.152988
7.163188
7.181498
7.202430
7.212591
7.220256
7.231165
7.241143
7.258646
7.279259
7.298610
7.319677
7.326797
7.328653
7.332878
7.334168
7.340075
7.346822
7.350350
7.353390
7.364732
7.379037
7.392454
7.407761
7.419625
7.430816
7.444105
7.457606
7.458947
7.455434
7.452682
7.446693
7.444485
7.442449
7.436905
7.430348
7.428239
7.427177
7.424848
7.422942
7.417946
7.411700
7.406014
7.399654
7.400285
7.403633
7.405987
7.409930
7.411713
7.413216
7.416450
7.420061
7.419826
7.418315
7.417373
7.415669
7.415773
7.416351
7.416065
7.415825
7.412992
7.408985
7.405131
7.400517
7.396314
7.391947
7.386777
7.381232
7.376934
7.372907
7.368431
7.364022
7.358716
7.353012
7.347414
7.341579
7.336238
7.331009
7.325514
7.320010
7.314196
7.308217
7.302241
7.296155
7.289479
7.282502
7.275436
7.268130
7.260865
7.253495
7.245874
7.238100
7.240657
7.247512
7.253762
7.262862
7.269238
7.275727
7.285280
7.295900
7.302439
7.308067
7.315000
7.321630
7.331178
7.341963
7.352319
7.363380
7.369685
7.374250
7.379749
7.384325
7.390590
7.397240
7.402871
7.408427
7.417007
7.426731
7.436240
7.446513
7.455676
7.464701
7.474563
7.484600
7.484436
7.480101
7.476393
7.469917
7.466332
7.462747
7.456176
7.448642
7.445042
7.442349
7.438465
7.434915
7.428603
7.421147
7.414147
7.406512
7.382319
7.350831
7.319403
7.282829
7.249812
7.215902
7.176512
7.134749
7.137729
7.158055
7.173952
7.200831
7.212973
7.223522
7.246040
7.271342
7.277896
7.279044
7.283980
7.286008
7.343876
7.424544
7.499824
7.589409
7.619282
7.629881
7.401381
7.055790
7.326618
7.779541
-7.149366
-6.589897
-8.952826
-6.929942
-7.373732
-7.121286
-7.291977
-7.577641
-7.143941
-6.502837
-6.846479
-7.435762
-7.762172
-8.196115
-7.979164
-7.507815
-7.173755
-6.709975
-6.806723
-7.095723
-7.227363
-7.441493
-7.439028
-7.366396
-7.387242
-7.392048
-7.376560
-7.354818
-7.318089
-7.269904
-7.239734
-7.210274
-7.168059
-7.122657
-7.137148
-7.174279
-7.205427
-7.250982
-7.275166
-7.296375
-7.333370
-7.373425
-7.388694
-7.396522
-7.408712
-7.416646
-7.438230
-7.464090
-7.484991
-7.507231
-7.498160
-7.475869
-7.456274
-7.428316
-7.407716
-7.386613
-7.356556
-7.323233
-7.338872
-7.372864
-7.401293
-7.441141
-7.463342
-7.482796
-7.514786
-7.548955
-7.537006
-7.507782
-7.482901
-7.446889
-7.490280
-7.562702
-7.620212
-7.693390
-7.637071
-7.531415
-7.544232
-7.570627
-7.240268
-6.777019
-6.688199
1.600781
11.310867
10.126688
11.875179
9.916795
10.476029
10.679950
10.904784
11.238601
11.139270
10.908920
10.810228
10.660294
10.689352
10.784498
10.819929
10.879874
10.877852
10.854627
10.858977
10.858561
10.878233
10.907138
10.930465
10.957871
10.956541
10.944304
10.937486
10.924820
10.921280
10.919455
10.911227
10.902044
10.916731
10.940450
10.962101
10.989632
11.008544
11.026326
11.050550
11.076073
11.092524
11.106407
11.122076
11.136341
11.155970
11.177413
11.197185
11.217664
11.204847
11.178016
11.153339
11.119487
11.093871
11.067687
11.031667
10.992068
10.966536
10.944271
10.917616
10.892113
10.856865
10.817546
10.779805
10.739796
10.747968
10.775745
10.799110
10.834886
10.857319
10.879423
10.914916
10.954539
10.971999
10.983382
11.000102
11.013898
11.040992
11.072939
11.101329
11.131887
11.141305
11.142366
11.146556
11.145922
11.151383
11.157509
11.158404
11.158029
11.169916
11.185870
11.199941
11.216415
11.227145
11.236356
11.248288
11.260058
11.258737
11.252057
11.245796
11.235815
11.229678
11.223477
11.213263
11.201719
11.194231
11.187420
11.179026
11.170704
11.158938
11.145572
11.132418
11.118239
11.111676
11.107894
11.102727
11.099079
11.092684
11.085687
11.080370
11.075195
11.065458
11.054024
11.042947
11.030743
11.020286
11.010082
10.998639
10.986973
10.986803
10.991287
10.995035
11.001867
11.005329
11.008724
11.015452
11.023210
11.026558
11.028866
11.032457
11.035639
11.041864
11.049329
11.056250
11.063843
11.065377
11.064591
11.064757
11.063599
11.064379
11.065463
11.065100
11.064470
11.067325
11.071385
11.075006
11.079374
11.082209
11.084695
11.088017
11.091368
11.089989
11.086700
11.083652
11.079310
11.076396
11.073508
11.069222
11.064505
11.061428
11.058699
11.055442
11.052296
11.047925
11.043029
11.038298
11.033261
11.030922
11.029606
11.027859
11.026693
11.024634
11.022422
11.020847
11.019376
11.016360
11.012803
11.009425
11.005707
11.002655
10.999745
10.996455
10.993140
10.991575
10.990702
10.989726
10.989215
10.988142
10.987038
10.986439
10.985981
10.984910
10.983699
10.982664
10.981573
10.980915
10.980434
10.979877
10.979418
10.977897
10.975963
10.974174
10.972140
10.970431
10.968762
10.966828
10.964832
10.963409
10.962173
10.960848
10.959633
10.958142
10.956576
10.955136
10.953685
10.951727
10.949563
10.947410
10.945111
10.942962
10.940810
10.938500
10.936138
10.933921
10.931723
10.929464
10.927203
10.924810
10.922354
10.919901
10.917406
10.915218
10.913140
10.911006
10.908932
10.906744
10.904531
10.902385
10.900243
10.897918
10.895522
10.893140
10.890712
10.888352
10.886002
10.883600
10.881188
10.880784
10.881224
10.881566
10.882474
10.882871
10.883306
10.884348
10.885612
10.886115
10.886462
10.887077
10.887652
10.888803
10.890210
10.891553
10.893049
10.893633
10.893893
10.894351
10.894645
10.895285
10.896017
10.896566
10.897116
10.898271
10.899665
10.901033
10.902566
10.903899
10.905221
10.906722
10.908273
10.908905
10.909188
10.909564
10.909718
10.910197
10.910719
10.910999
10.911231
10.911849
10.912583
10.913249
10.913980
10.914500
10.914953
10.915483
10.915992
10.917069
10.918385
10.919655
10.921079
10.922369
10.923668
10.925132
10.926656
10.927915
10.929107
10.930373
10.931613
10.933022
10.934500
10.935941
10.937418
10.937818
10.937773
10.937810
10.937559
10.937591
10.937618
10.937334
10.936947
10.937029
10.937228
10.937297
10.937415
10.937228
10.936920
10.936676
10.936369
10.936524
10.936853
10.937098
10.937438
10.937627
10.937787
10.938051
10.938330
10.938321
10.938207
10.938122
10.937970
10.937933
10.937916
10.937825
10.937724
10.938250
10.939030
10.939772
10.940684
10.941412
10.942137
10.943045
10.944010
10.944740
10.945416
10.946162
10.946889
10.947781
10.948742
10.949676
10.950647
10.951285
10.951795
10.952359
10.952851
10.953451
10.954070
10.954609
10.955135
10.955854
10.956640
10.957404
10.958209
10.958931
10.959635
10.960386
10.961140
10.960347
10.958902
10.957526
10.955711
10.954288
10.952834
10.950907
10.948807
10.947283
10.945874
10.944256
10.942663
10.940624
10.938386
10.936192
10.933876
10.932266
10.930904
10.929385
10.927991
10.926324
10.924583
10.922981
10.921374
10.919296
10.917029
10.914779
10.912398
10.910170
10.907946
10.905581
10.903174
10.901454
10.899993
10.898457
10.897084
10.895462
10.893802
10.892320
10.890869
10.889125
10.887289
10.885500
10.883656
10.881968
10.880325
10.878620
10.876926
10.874799
10.872486
10.870203
10.867800
10.865493
10.863175
10.860728
10.858231
10.855930
10.853675
10.851358
10.849058
10.846625
10.844137
10.841670
10.839173
10.839656
10.841395
10.842975
10.845390
10.847060
10.848788
10.851413
10.854367
10.856144
10.857668
10.859592
10.861443
10.864160
10.867253
10.870237
10.873443
10.875357
10.876814
10.878555
10.880066
10.882065
10.884195
10.886068
10.887944
10.890687
10.893774
10.896825
10.900113
10.903117
10.906107
10.909355
10.912676
10.914497
10.915740
10.917126
10.918144
10.919672
10.921260
10.922445
10.923541
10.925261
10.927162
10.928941
10.930819
10.932340
10.933743
10.935262
10.936738
10.939107
10.941848
10.944507
10.947399
10.950069
10.952745
10.955672
10.958685
10.961265
10.963727
10.966299
10.968817
10.971596
10.974474
10.977284
10.980140
10.984168
10.988710
10.993247
10.998147
11.002785
11.007481
11.012563
11.017810
11.022702
11.027561
11.032609
11.037683
11.043115
11.048731
11.054361
11.060121
11.065354
11.070426
11.075656
11.080821
11.086240
11.091755
11.097193
11.102669
11.108551
11.114614
11.120700
11.126923
11.133062
11.139231
11.145547
11.151931
11.147140
11.137641
11.128695
11.116595
11.107313
11.097810
11.084926
11.070797
11.060957
11.052000
11.041544
11.031318
11.017861
11.002979
10.988462
10.973091
10.958118
10.942952
10.926887
10.910391
10.893105
10.875187
10.856849
10.837952
10.817451
10.795962
10.773960
10.751106
10.727990
10.704309
10.679753
10.654534
10.666770
10.694539
10.719999
10.755721
10.781472
10.807543
10.844650
10.885547
10.911456
10.933934
10.961068
10.986989
11.023438
11.064292
11.103472
11.145119
11.120369
11.068347
11.021728
10.957596
10.911383
10.865160
10.800079
10.728866
10.726024
10.747402
10.759336
10.785842
10.834884
10.899343
10.977839
11.071919
11.172018
11.283467
11.157390
10.936202
11.200085
11.600644
-4.432770
-5.710494
-4.320855
-4.891264
-4.182727
-3.566061
-4.003792
-4.797791
-4.716080
-4.540359
-4.487104
-4.349175
-4.101690
-3.780877
-3.891048
-4.138637
-4.290868
-4.512556
-4.433675
-4.249355
-4.149136
-4.003465
-3.967287
-3.965302
-3.912215
-3.865001
-3.905522
-3.980715
-4.057799
-4.161226
-4.233493
-4.305047
-4.405228
-4.513957
-4.520684
-4.491047
-4.474883
-4.436610
-4.439748
-4.451573
-4.438833
-4.424096
-4.421146
-4.419673
-4.415430
-4.411949
-4.396323
-4.375594
-4.356155
-4.333587
-4.308969
-4.282150
-4.252191
-4.219646
-4.185044
-4.148023
-4.108390
-4.066293
-4.070072
-4.091938
-4.109257
-4.137974
-4.152462
-4.165754
-4.191423
-4.220292
-4.228511
-4.230752
-4.237294
-4.240678
-4.255814
-4.274926
-4.290297
-4.307183
-4.300609
-4.284367
-4.270675
-4.251054
-4.237420
-4.223826
-4.203855
-4.181824
-4.171922
-4.165540
-4.156451
-4.149144
-4.135034
-4.118578
-4.104238
-4.088979
-4.100557
-4.123346
-4.144044
-4.171947
-4.193116
-4.214574
-4.243765
-4.275669
-4.295499
-4.312282
-4.332456
-4.351365
-4.378087
-4.407900
-4.436095
-4.465877
-4.485056
-4.500295
-4.517621
-4.532867
-4.551690
-4.571281
-4.588580
-4.605643
-4.629619
-4.656184
-4.682187
-4.709896
-4.735016
-4.759774
-4.786405
-4.813389
-4.802498
-4.775854
-4.751225
-4.716060
-4.690977
-4.665461
-4.628620
-4.587825
-4.561448
-4.538154
-4.510054
-4.482882
-4.445077
-4.402674
-4.361651
-4.317934
-4.312661
-4.322630
-4.328164
-4.343024
-4.346442
-4.348893
-4.361456
-4.376657
-4.353548
-4.316446
-4.283806
-4.242450
-4.215917
-4.192078
-4.158614
-4.123887
-4.171175
-4.251748
-4.327401
-4.425243
-4.499105
-4.572640
-4.521934
-4.415673
-3.941470
-3.271521
4.021877
1.617401
3.390580
3.098140
3.333148
3.266976
3.595025
4.005528
4.091454
4.119656
3.927912
3.581162
3.181562
2.663546
2.777334
3.098865
3.270156
3.541772
3.532808
3.435564
3.453077
3.448339
3.474713
3.516048
3.533921
3.552116
3.576435
3.601025
3.625499
3.650700
3.602314
3.522945
3.447500
3.351413
3.273820
3.194838
3.093723
2.984498
2.996184
3.053174
3.096378
3.167751
3.195495
3.216416
3.268267
3.325461
3.329103
3.315738
3.310459
3.294979
3.306842
3.326414
3.334314
3.343754
3.345677
3.343887
3.343924
3.342203
3.340235
3.337531
3.333032
3.327399
3.329733
3.334736
3.338206
3.343119
3.344490
3.344868
3.346879
3.348745
3.346023
3.341453
3.336944
3.331109
3.326742
3.322385
3.316592
3.310349
3.305230
3.300226
3.294696
3.289114
3.282404
3.275132
3.267853
3.260188
3.260977
3.265183
3.268624
3.274236
3.277433
3.280538
3.285988
3.292138
3.294484
3.295787
3.297996
3.299700
3.303692
3.308516
3.312725
3.317305
3.317967
3.317070
3.316721
3.315460
3.315313
3.315270
3.314239
3.312954
3.313882
3.315527
3.316807
3.318502
3.319124
3.319445
3.320239
3.320980
3.321877
3.322867
3.323798
3.324764
3.325785
3.326839
3.327926
3.329049
3.329919
3.330703
3.331534
3.332318
3.333207
3.334123
3.334986
3.335851
3.336972
3.338197
3.339411
3.340698
3.341908
3.343117
3.344404
3.345716
3.346945
3.348160
3.349404
3.350645
3.351952
3.353290
3.354622
3.355972
3.356647
3.357043
3.357487
3.357749
3.358191
3.358629
3.358872
3.359048
3.359511
3.360043
3.360493
3.360971
3.361259
3.361471
3.361719
3.361927
3.362434
3.363054
3.363620
3.364246
3.364773
3.365281
3.365856
3.366440
3.366838
3.367167
3.367515
3.367819
3.368196
3.368587
3.368929
3.369264
3.369208
3.368978
3.368758
3.368418
3.368152
3.367862
3.367446
3.366973
3.366648
3.366344
3.365975
3.365603
3.365104
3.364542
3.363984
3.363384
3.362911
3.362473
3.361987
3.361509
3.360963
3.360387
3.359823
3.359243
3.358547
3.357796
3.357034
3.356228
3.355439
3.354635
3.353786
3.352912
3.352253
3.351670
3.351052
3.350477
3.349813
3.349128
3.348491
3.347855
3.347109
3.346323
3.345542
3.344734
3.343968
3.343207
3.342415
3.341617
3.340675
3.339666
3.338657
3.337600
3.336564
3.335513
3.334413
3.333288
3.332215
3.331146
3.330048
3.328945
3.327792
3.326611
3.325428
3.324225
3.323944
3.324046
3.324088
3.324382
3.324433
3.324493
3.324823
3.325247
3.325293
3.325250
3.325322
3.325363
3.325664
3.326073
3.326438
3.326862
3.326874
3.326733
3.326671
3.326527
3.326526
3.326557
3.326497
3.326429
3.326622
3.326912
3.327182
3.327517
3.327753
3.327974
3.328267
3.328573
3.328400
3.328038
3.327710
3.327257
3.326954
3.326660
3.326231
3.325764
3.325482
3.325248
3.324965
3.324704
3.324322
3.323892
3.323490
3.323064
3.322908
3.322859
3.322774
3.322752
3.322651
3.322543
3.322503
3.322480
3.322312
3.322098
3.321909
3.321692
3.321548
3.321425
3.321272
3.321122
3.320531
3.319751
3.318994
3.318112
3.317332
3.316539
3.315612
3.314633
3.313834
3.313073
3.312250
3.311436
3.310490
3.309484
3.308495
3.307470
3.306617
3.305821
3.304982
3.304169
3.303288
3.302384
3.301511
3.300634
3.299632
3.298579
3.297527
3.296438
3.295384
3.294327
3.293231
3.292120
3.291259
3.290493
3.289700
3.288968
3.288150
3.287321
3.286557
3.285807
3.284949
3.284058
3.283187
3.282297
3.281465
3.280652
3.279818
3.278989
3.278013
3.276974
3.275947
3.274881
3.273849
3.272814
3.271737
3.270644
3.269621
3.268616
3.267590
3.266573
3.265511
3.264431
3.263360
3.262281
3.262247
3.262655
3.263009
3.263657
3.264046
3.264458
3.265184
3.266029
3.266462
3.266809
3.267298
3.267763
3.268533
3.269437
3.270304
3.271250
3.271746
3.272084
3.272523
3.272883
3.273416
3.273996
3.274488
3.274983
3.275784
3.276706
3.277618
3.278615
3.279514
3.280410
3.281398
3.282413
3.282905
3.283197
3.283541
3.283757
3.284153
3.284573
3.284853
3.285104
3.285575
3.286111
3.286607
3.287138
3.287547
3.287916
3.288328
3.288726
3.289439
3.290283
3.291101
3.292002
3.292827
3.293657
3.294575
3.295526
3.296327
3.297088
3.297890
3.298675
3.299553
3.300467
3.301359
3.302269
3.302696
3.302924
3.303191
3.303330
3.303595
3.303859
3.303986
3.304066
3.304361
3.304712
3.305005
3.305322
3.305502
3.305629
3.305787
3.305917
3.306252
3.306665
3.307041
3.307461
3.307815
3.308157
3.308546
3.308943
3.309213
3.309438
3.309677
3.309887
3.310149
3.310421
3.310661
3.310897
3.311426
3.312073
3.312705
3.313416
3.314043
3.314671
3.315385
3.316126
3.316760
3.317369
3.318013
3.318648
3.319362
3.320109
3.320845
3.321599
3.322201
3.322745
3.323316
3.323855
3.324445
3.325044
3.325609
3.326169
3.326819
3.327502
3.328175
3.328870
3.329527
3.330177
3.330850
3.331526
3.331388
3.330907
3.330464
3.329791
3.329324
3.328842
3.328112
3.327291
3.326776
3.326322
3.325759
3.325211
3.324429
3.323542
3.322679
3.321754
3.321199
3.320775
3.320270
3.319830
3.319249
3.318629
3.318083
3.317536
3.316741
3.315848
3.314965
3.314014
3.313144
3.312277
3.311336
3.310374
3.309779
3.309321
3.308826
3.308418
3.307878
3.307320
3.306857
3.306412
3.305812
3.305164
3.304542
3.303893
3.303326
3.302785
3.302213
3.301647
3.300852
3.299960
3.299085
3.298147
3.297261
3.296370
3.295412
3.294429
3.293551
3.292698
3.291814
3.290939
3.289995
3.289022
3.288063
3.287088
3.286555
3.286206
3.285821
3.285554
3.285170
3.284787
3.284530
3.284315
3.283906
3.283448
3.283042
3.282616
3.282314
3.282060
3.281780
3.281524
3.281077
3.280557
3.280070
3.279543
3.279077
3.278622
3.278124
3.277618
3.277230
3.276884
3.276525
3.276193
3.275813
3.275423
3.275062
3.274705
3.274089
3.273368
3.272661
3.271884
3.271181
3.270479
3.269700
3.268897
3.268189
3.267503
3.266786
3.266077
3.265298
3.264491
3.263694
3.262880
3.262202
3.261576
3.260926
3.260306
3.259639
3.258965
3.258321
3.257683
3.256964
3.256216
3.255476
3.254719
3.253994
3.253277
3.252538
3.251798
3.252555
3.253947
3.255272
3.257024
3.258404
3.259820
3.261694
3.263739
3.265221
3.266593
3.268170
3.269724
3.271714
3.273900
3.276044
3.278309
3.279910
3.281280
3.282803
3.284213
3.285884
3.287630
3.289249
3.290876
3.292956
3.295219
3.297470
3.299851
3.302090
3.304330
3.306708
3.309131
3.310863
3.312338
3.313889
3.315278
3.316919
3.318598
3.320100
3.321572
3.323343
3.325208
3.327027
3.328902
3.330622
3.332298
3.334039
3.335770
3.337935
3.340286
3.342609
3.345054
3.347403
3.349767
3.352260
3.354804
3.357154
3.359460
3.361829
3.364183
3.366671
3.369216
3.371741
3.374298
3.373897
3.372250
3.370765
3.368450
3.366877
3.365249
3.362731
3.359889
3.358217
3.356797
3.354983
3.353242
3.350643
3.347672
3.344812
3.341733
3.339938
3.338598
3.336978
3.335588
3.333715
3.331714
3.329970
3.328224
3.325618
3.322674
3.319766
3.316625
3.313768
3.310926
3.307829
3.304662
3.302986
3.301886
3.300645
3.299772
3.298394
3.296958
3.295924
3.294980
3.293417
3.291677
3.290059
3.288345
3.286987
3.285749
3.284396
3.283088
3.280894
3.278333
3.275855
3.273147
3.270662
3.268172
3.265434
3.262613
3.260224
3.257953
3.255575
3.253252
3.250671
3.247995
3.245386
3.242734
3.239043
3.234897
3.230751
3.226282
3.222045
3.217755
3.213121
3.208340
3.203866
3.199417
3.194801
3.190158
3.185198
3.180073
3.174933
3.169675
3.164889
3.160247
3.155462
3.150735
3.145778
3.140734
3.135759
3.130748
3.125373
3.119835
3.114276
3.108593
3.102984
3.097347
3.091578
3.085747
3.091436
3.101982
3.111967
3.125209
3.135560
3.146149
3.160229
3.175600
3.186560
3.196618
3.208229
3.219613
3.234333
3.250531
3.266361
3.283080
3.294681
3.304481
3.315420
3.325457
3.337461
3.350000
3.361531
3.373091
3.388091
3.404463
3.420708
3.437907
3.453996
3.470045
3.487129
3.504516
3.520741
3.536723
3.553079
3.569356
3.586514
3.604048
3.621466
3.639105
3.657435
3.676149
3.695061
3.714311
3.733565
3.753002
3.772789
3.792811
3.664675
3.473647
3.289252
3.062520
2.872043
2.677856
2.438331
2.181615
2.306575
2.581081
2.820974
3.156635
3.330308
3.476268
3.728072
3.994774
3.921510
3.721781
3.803509
3.909735
3.886865
3.850347
18.349246
17.633649
20.232797
18.651791
19.371592
19.462500
19.581252
19.660775
19.106372
18.266800
18.650513
19.353972
19.704452
20.184110
19.907615
19.332537
18.920978
18.359007
18.432280
18.722677
18.831283
19.031550
18.985542
18.858449
18.835415
18.792582
18.830025
18.903366
18.953579
19.019272
19.078247
19.139168
19.216222
19.300340
19.298711
19.265615
19.243659
19.202616
19.193880
19.191127
19.167311
19.140759
19.143054
19.154110
19.160921
19.173087
19.169330
19.160858
19.158581
19.155044
19.141039
19.122645
19.103447
19.080743
19.061260
19.041420
19.017804
18.992755
18.996369
19.011106
19.023094
19.042161
19.051790
19.060429
19.076780
19.094949
19.100875
19.103259
19.108115
19.111066
19.121024
19.133332
19.143386
19.154324
19.149047
19.137045
19.126640
19.112047
19.101538
19.090974
19.075910
19.059339
19.050812
19.044527
19.036297
19.029142
19.017260
19.003665
18.991371
18.978326
18.978347
18.983714
18.987751
18.995111
18.998989
19.002802
19.010194
19.018710
19.020800
19.021062
19.022793
19.023612
19.028126
19.033940
19.038662
19.043920
19.044017
19.042055
19.040861
19.038483
19.037531
19.036712
19.034611
19.032178
19.032800
19.034429
19.035573
19.037307
19.037600
19.037506
19.038081
19.038605
19.037486
19.035716
19.033970
19.031756
19.030094
19.028451
19.026298
19.023996
19.022082
19.020207
19.018158
19.016093
19.013641
19.010998
19.008356
19.005583
19.003994
19.002848
19.001516
19.000438
18.998950
18.997388
18.996104
18.994860
18.992961
18.990831
18.988773
18.986568
18.984644
18.982778
18.980749
18.978707
18.979046
18.980374
18.981586
18.983463
18.984703
18.985970
18.987953
18.990187
18.991541
18.992713
18.994188
18.995613
18.997704
19.000086
19.002391
19.004870
19.006188
19.007085
19.008212
19.009117
19.010444
19.011871
19.013051
19.014218
19.016120
19.018302
19.020437
19.022761
19.024819
19.026848
19.029084
19.031366
19.032660
19.033576
19.034584
19.035349
19.036460
19.037615
19.038504
19.039337
19.040571
19.041920
19.043191
19.044527
19.045633
19.046663
19.047768
19.048845
19.050538
19.052487
19.054382
19.056439
19.058343
19.060252
19.062335
19.064479
19.066329
19.068100
19.069948
19.071760
19.073753
19.075815
19.077832
19.079883
19.079920
19.079111
19.078422
19.077175
19.076433
19.075658
19.074283
19.072692
19.071921
19.071335
19.070484
19.069693
19.068318
19.066695
19.065158
19.063478
19.062658
19.062145
19.061449
19.060911
19.060056
19.059122
19.058363
19.057608
19.056281
19.054733
19.053214
19.051543
19.050066
19.048604
19.046976
19.045306
19.044707
19.044525
19.044252
19.044249
19.043896
19.043511
19.043420
19.043401
19.042948
19.042375
19.041898
19.041361
19.041086
19.040905
19.040650
19.040435
19.039603
19.038519
19.037503
19.036332
19.035326
19.034326
19.033159
19.031941
19.031037
19.030226
19.029347
19.028515
19.027509
19.026444
19.025436
19.024405
19.024672
19.025488
19.026225
19.027323
19.028102
19.028906
19.030097
19.031431
19.032227
19.032902
19.033750
19.034559
19.035750
19.037102
19.038398
19.039786
19.040642
19.041308
19.042092
19.042782
19.043670
19.044612
19.045447
19.046284
19.047482
19.048823
19.050149
19.051574
19.052880
19.054179
19.055586
19.057023
19.057739
19.058173
19.058670
19.058986
19.059537
19.060111
19.060487
19.060814
19.061438
19.062143
19.062784
19.063467
19.063973
19.064417
19.064911
19.065379
19.066261
19.067312
19.068318
19.069428
19.070429
19.071426
19.072536
19.073680
19.074615
19.075489
19.076408
19.077296
19.078302
19.079347
19.080356
19.081380
19.082574
19.083845
19.085123
19.086459
19.087756
19.089065
19.090435
19.091833
19.093199
19.094571
19.095973
19.097388
19.098854
19.100351
19.101859
19.103391
19.104832
19.106247
19.107691
19.109125
19.110608
19.112110
19.113601
19.115101
19.116672
19.118276
19.119887
19.121524
19.123149
19.124781
19.126441
19.128114
19.122304
19.113318
19.104669
19.093884
19.084935
19.075802
19.064380
19.052093
19.042643
19.033753
19.023826
19.014020
19.002022
18.989038
18.976266
18.962890
18.952778
18.943794
18.934046
18.924847
18.914352
18.903483
18.893231
18.882930
18.870381
18.856917
18.843504
18.829445
18.816071
18.802691
18.788615
18.774312
18.788004
18.813429
18.837406
18.869229
18.893840
18.918906
18.952393
18.988913
19.014675
19.038172
19.065339
19.091867
19.126398
19.164423
19.201470
19.240587
19.279124
19.318281
19.359596
19.402059
19.446315
19.492100
19.539013
19.587312
19.511014
19.382468
19.260739
19.104233
18.979588
18.852924
18.688941
18.511506
18.587128
18.760171
18.908081
19.117746
18.562249
17.707454
18.434819
19.614111
8.193522
8.381141
6.683033
8.288121
7.414591
6.834661
7.929956
9.613180
8.903283
7.628020
7.077858
6.317880
6.510149
7.086054
7.409469
7.906060
7.851742
7.617431
7.584133
7.493682
7.623645
7.841896
7.993078
8.180436
8.116714
7.956008
7.843042
7.678355
7.588372
7.510993
7.377232
7.233298
7.257351
7.342145
7.408717
7.513787
7.551544
7.576770
7.644606
7.717573
7.712949
7.682227
7.660499
7.622154
7.620301
7.627142
7.615277
7.603391
7.619279
7.644994
7.669341
7.700653
7.719568
7.736327
7.760819
7.786278
7.774729
7.748705
7.725340
7.692404
7.671685
7.651960
7.621823
7.589014
7.586186
7.593761
7.597196
7.606918
7.603716
7.597523
7.598364
7.599427
7.583861
7.562069
7.541280
7.516240
7.497562
7.479705
7.600423
7.781163
8.159368
8.664394
15.584605
13.091438
14.882055
14.763476
15.102545
15.195275
15.489911
15.803479
15.856976
15.830066
15.660401
15.364776
14.990003
14.507411
14.620851
14.928994
15.099199
15.365064
15.361065
15.272461
15.293422
15.292780
15.308151
15.331813
15.333293
15.330916
15.337367
15.343419
15.344920
15.345233
15.279873
15.185532
15.092756
14.980110
14.880900
14.778261
14.654488
14.521537
14.564839
14.676598
14.771090
14.908979
14.989115
15.063186
15.184532
15.317036
15.373186
15.407082
15.456196
15.493272
15.573619
15.668348
15.748871
15.834670
15.822090
15.768617
15.724736
15.655357
15.610516
15.565183
15.492473
15.410482
15.377282
15.357596
15.325980
15.300787
15.246773
15.182243
15.125509
15.064112
15.070488
15.104341
15.130508
15.173456
15.197933
15.221601
15.263376
15.310521
15.322858
15.324819
15.333982
15.337662
15.360295
15.389187
15.411642
15.436298
15.437320
15.428635
15.423196
15.412087
15.406840
15.401773
15.390610
15.377558
15.378415
15.383659
15.386300
15.391361
15.389435
15.385394
15.384139
15.382340
15.393727
15.410764
15.426691
15.446189
15.462817
15.479780
15.500554
15.522804
15.520890
15.509789
15.501287
15.487028
15.386878
15.247758
15.106402
14.936739
15.545596
16.472210
16.016233
15.203309
14.662319
-0.815699
-0.544297
-0.542455
-1.033821
-0.193668
0.136495
0.821400
0.720610
0.397743
0.471917
0.527767
0.355760
0.120256
-0.121238
-0.419164
-0.337061
-0.120336
0.021539
0.234893
0.195574
0.074314
0.037346
-0.028911
0.010795
0.090788
0.136564
0.197881
0.165780
0.097589
0.049241
-0.017469
-0.057219
-0.092001
-0.146795
-0.204921
-0.195094
-0.160035
-0.131514
-0.086754
-0.067644
-0.052530
-0.019554
0.016435
0.019521
0.011911
0.008978
-0.000460
0.006301
0.017402
0.021107
0.025413
0.042886
0.065461
0.088031
0.114385
0.135882
0.157085
0.182413
0.208845
0.205515
0.190474
0.177892
0.157716
0.147041
0.137110
0.118929
0.098592
0.090305
0.085262
0.077402
0.071139
0.057438
0.041023
0.026559
0.010866
0.009434
0.013701
0.016096
0.021875
0.023628
0.025055
0.030144
0.036211
0.034486
0.030291
0.027474
0.023262
0.022966
0.023827
0.023085
0.022619
0.016649
0.008296
0.000453
-0.008873
-0.017089
-0.025472
-0.035435
-0.046030
-0.053743
-0.060694
-0.068437
-0.075855
-0.085043
-0.094916
-0.104382
-0.114183
-0.115167
-0.112514
-0.110585
-0.106326
-0.104398
-0.102446
-0.097987
-0.092698
-0.091362
-0.091054
-0.089696
-0.088791
-0.085390
-0.081027
-0.077233
-0.072966
-0.072424
-0.073306
-0.073542
-0.074565
-0.074412
-0.074058
-0.074564
-0.075217
-0.073578
-0.071124
-0.068928
-0.066217
-0.064460
-0.062895
-0.060759
-0.058570
-0.057714
-0.057341
-0.056852
-0.056680
-0.055964
-0.055152
-0.054691
-0.054278
-0.053408
-0.052403
-0.051470
-0.050455
-0.049701
-0.049028
-0.048260
-0.047518
-0.045729
-0.043496
-0.041334
-0.038883
-0.036681
-0.034457
-0.031924
-0.029275
-0.027083
-0.024998
-0.022772
-0.020583
-0.018083
-0.015452
-0.012874
-0.010223
-0.007384
-0.004437
-0.001424
0.001687
0.004805
0.007979
0.011255
0.014602
0.018005
0.021475
0.025017
0.028627
0.032321
0.036089
0.039925
0.043834
0.047670
0.051516
0.055441
0.059397
0.063459
0.067589
0.071747
0.075959
0.080301
0.084726
0.089202
0.093753
0.098333
0.102966
0.107675
0.112444
0.112460
0.110490
0.108788
0.105766
0.103976
0.102121
0.098848
0.095071
0.093166
0.091671
0.089563
0.087584
0.084250
0.080336
0.076609
0.072546
0.070636
0.069504
0.067933
0.066767
0.064821
0.062685
0.061000
0.059336
0.056278
0.052685
0.049176
0.045306
0.041928
0.038599
0.034874
0.031056
0.029548
0.028937
0.028127
0.027898
0.026901
0.025828
0.025388
0.025100
0.023882
0.022406
0.021132
0.019726
0.018880
0.018231
0.017421
0.016695
0.014608
0.011964
0.009463
0.006619
0.004135
0.001658
-0.001188
-0.004151
-0.006430
-0.008512
-0.010746
-0.012880
-0.015401
-0.018056
-0.020591
-0.023180
-0.023416
-0.022663
-0.022066
-0.020822
-0.020163
-0.019466
-0.018076
-0.016435
-0.015794
-0.015386
-0.014671
-0.014040
-0.012722
-0.011118
-0.009629
-0.007982
-0.007297
-0.006959
-0.006418
-0.006054
-0.005343
-0.004546
-0.003947
-0.003354
-0.002120
-0.000637
0.000809
0.002425
0.003818
0.005193
0.006752
0.008357
0.008606
0.008318
0.008139
0.007610
0.007509
0.007438
0.006988
0.006436
0.006427
0.006561
0.006564
0.006635
0.006364
0.005965
0.005652
0.005278
0.005661
0.006348
0.006940
0.007714
0.008275
0.008819
0.009560
0.010355
0.010749
0.011019
0.011363
0.011639
0.012121
0.012667
0.013133
0.013617
0.013241
0.012500
0.011813
0.010887
0.010162
0.009417
0.008415
0.007317
0.006589
0.005946
0.005185
0.004452
0.003461
0.002361
0.001300
0.000178
-0.000621
-0.001308
-0.002072
-0.002782
-0.003616
-0.004486
-0.005295
-0.006108
-0.007150
-0.008286
-0.009416
-0.010611
-0.011735
-0.012860
-0.014056
-0.015274
-0.015964
-0.016448
-0.016978
-0.017376
-0.017944
-0.018527
-0.018967
-0.019369
-0.019992
-0.020675
-0.021310
-0.021976
-0.022512
-0.023002
-0.023529
-0.024037
-0.024842
-0.025768
-0.026662
-0.027630
-0.028519
-0.029406
-0.030373
-0.031365
-0.032205
-0.033001
-0.033829
-0.034635
-0.035525
-0.036443
-0.037335
-0.038237
-0.038085
-0.037488
-0.036946
-0.036108
-0.035528
-0.034924
-0.034002
-0.032961
-0.032341
-0.031811
-0.031136
-0.030487
-0.029529
-0.028435
-0.027380
-0.026245
-0.025551
-0.025013
-0.024373
-0.023810
-0.023075
-0.022294
-0.021597
-0.020897
-0.019893
-0.018767
-0.017651
-0.016450
-0.015344
-0.014240
-0.013043
-0.011819
-0.011144
-0.010679
-0.010161
-0.009778
-0.009206
-0.008612
-0.008164
-0.007748
-0.007100
-0.006384
-0.005712
-0.005003
-0.004424
-0.003887
-0.003306
-0.002740
-0.001848
-0.000818
0.000182
0.001269
0.002275
0.003285
0.004388
0.005523
0.006501
0.007437
0.008415
0.009374
0.010429
0.011521
0.012590
0.013676
0.014314
0.014767
0.015257
0.015629
0.016120
0.016609
0.016971
0.017290
0.017812
0.018387
0.018909
0.019454
0.019872
0.020241
0.020640
0.021015
0.021577
0.022212
0.022814
0.023456
0.024039
0.024611
0.025227
0.025851
0.026359
0.026826
0.027306
0.027760
0.028263
0.028775
0.029259
0.029740
0.030498
0.031370
0.032227
0.033160
0.034015
0.034871
0.035810
0.036775
0.037638
0.038480
0.039354
0.040222
0.041164
0.042139
0.043104
0.044087
0.044927
0.045713
0.046525
0.047308
0.048140
0.048981
0.049791
0.050596
0.051488
0.052411
0.053327
0.054263
0.055164
0.056060
0.056978
0.057899
0.058032
0.057833
0.057672
0.057287
0.057104
0.056906
0.056469
0.055944
0.055716
0.055549
0.055277
0.055019
0.054535
0.053950
0.053390
0.052769
0.052508
0.052374
0.052163
0.052015
0.051731
0.051410
0.051162
0.050912
0.050424
0.049841
0.049268
0.048630
0.048071
0.047516
0.046890
0.046244
0.045954
0.045800
0.045609
0.045503
0.045271
0.045021
0.044865
0.044727
0.044438
0.044104
0.043796
0.043461
0.043209
0.042981
0.042723
0.042473
0.042001
0.041435
0.040887
0.040278
0.039720
0.039159
0.038532
0.037882
0.037335
0.036812
0.036260
0.035719
0.035110
0.034474
0.033852
0.033215
0.033008
0.032977
0.032914
0.032965
0.032903
0.032843
0.032906
0.033010
0.032927
0.032797
0.032718
0.032620
0.032642
0.032713
0.032758
0.032828
0.032713
0.032528
0.032376
0.032186
0.032055
0.031936
0.031776
0.031608
0.031556
0.031545
0.031522
0.031526
0.031483
0.031432
0.031410
0.031392
0.031124
0.030755
0.030400
0.029978
0.029628
0.029280
0.028858
0.028413
0.028062
0.027731
0.027372
0.027021
0.026604
0.026159
0.025724
0.025274
0.024957
0.024690
0.024401
0.024141
0.023837
0.023525
0.023245
0.022970
0.022618
0.022238
0.021867
0.021480
0.021125
0.020777
0.020410
0.020041
0.020005
0.020108
0.020195
0.020376
0.020468
0.020566
0.020764
0.020997
0.021107
0.021193
0.021321
0.021443
0.021658
0.021915
0.022162
0.022433
0.022546
0.022601
0.022689
0.022747
0.022864
0.022995
0.023094
0.023191
0.023391
0.023630
0.023863
0.024124
0.024348
0.024570
0.024821
0.025079
0.025196
0.025259
0.025337
0.025380
0.025473
0.025573
0.025635
0.025690
0.025803
0.025933
0.026052
0.026181
0.026278
0.026364
0.026462
0.026557
0.026739
0.026959
0.027171
0.027407
0.027621
0.027837
0.028078
0.028329
0.028538
0.028736
0.028946
0.029151
0.029383
0.029624
0.029860
0.030102
0.030142
0.030099
0.030069
0.029986
0.029954
0.029920
0.029827
0.029714
0.029687
0.029680
0.029647
0.029623
0.029541
0.029435
0.029341
0.029233
0.029212
0.029222
0.029215
0.029226
0.029206
0.029181
0.029174
0.029169
0.029108
0.029028
0.028951
0.028861
0.028792
0.028725
0.028644
0.028559
0.028588
0.028661
0.028727
0.028823
0.028883
0.028943
0.029034
0.029135
0.029192
0.029238
0.029296
0.029350
0.029432
0.029526
0.029613
0.029707
0.029738
0.029745
0.029761
0.029763
0.029783
0.029806
0.029813
0.029816
0.029854
0.029903
0.029946
0.029996
0.030030
0.030060
0.030097
0.030133
