0.180963
0.105901
-0.641890
1.111214
-0.963126
-0.230430
-0.506571
-0.017428
-0.889334
0.399506
0.661865
0.505579
-2.082980
-0.666279
-0.030997
-0.105772
0.849661
-0.625047
-0.327198
1.855431
-0.215760
-1.384403
-0.069502
-0.327910
0.612138
-0.498558
-0.612976
0.642866
-0.964811
0.855252
1.248144
-0.618457
-0.588480
-0.073669
-0.258897
2.276417
1.471015
-0.923606
0.323178
0.412488
0.346834
0.133139
-0.085151
2.214023
-0.872674
1.517832
-1.089084
0.064327
0.876330
0.545552
-1.458843
-0.218061
1.290916
1.140570
0.086166
-0.803464
-0.505228
0.305149
2.597985
-1.055238
-0.043843
0.626749
0.975018
-0.166255
0.167269
1.062462
0.877778
-2.540547
-0.479656
-0.940765
0.124663
-0.401706
-0.407075
-0.718952
0.758876
-1.643844
0.665673
-3.235085
-0.526202
0.401670
-0.076886
-1.437751
2.601366
1.282790
-0.280587
-0.837622
1.258342
-0.153822
-1.279369
1.541866
-0.686416
0.694130
-0.813814
-1.292411
-1.052520
-0.575490
1.081327
-1.069568
1.246731
0.246577
0.277967
1.533004
-1.243834
0.610547
1.798884
0.406131
0.989785
-0.906937
0.142066
0.629342
-0.059372
1.332575
-0.120497
1.666686
-0.810934
1.981073
-1.780474
-0.399675
0.418127
1.234480
1.979855
-0.267743
-0.510541
1.724413
0.556303
1.097999
-0.318822
-2.352503
0.149955
-2.806781
-0.821063
1.891091
-0.639379
0.078535
0.013834
0.178944
-0.173270
-1.140279
1.105147
-0.033701
0.094467
-1.446197
0.299223
-0.307017
0.530144
-0.831678
-0.270429
-0.468945
0.230023
2.016970
-0.839168
-0.520081
1.266625
0.149144
0.354909
0.776877
0.523362
0.025968
-0.731721
0.709570
1.264713
-0.346493
-0.888809
0.993625
-0.504611
-0.962403
-0.469151
-0.385145
0.863072
0.809579
-1.010773
1.516821
1.454980
-0.512627
-0.901138
-0.059768
0.880755
-0.373943
0.262060
-0.302603
-1.127557
0.086612
0.806112
-1.620571
1.137763
-0.987617
1.157945
-1.914177
-1.030809
-1.561109
-0.225990
-0.551693
-1.669569
-0.131238
-0.972591
-0.226337
-0.851351
0.655643
-0.130096
-0.238188
-1.414514
-0.746337
1.709470
0.333764
-0.092755
0.378824
0.868857
-2.787312
1.898045
0.630031
0.580406
0.318241
0.124261
0.846761
0.353075
0.319401
-0.814426
-0.644721
0.219763
0.333016
0.925304
0.830267
2.309064
-0.032703
-0.331814
-1.186994
-1.681323
0.487049
-0.523734
-0.605917
-1.178077
-1.375448
0.871843
-1.189519
1.990991
0.615190
0.368173
1.090368
-0.262769
0.444205
0.625010
-0.388386
0.217240
-0.100099
-1.837931
-0.842121
-0.439502
-1.857467
-1.173169
0.750768
0.147126
1.430008
-0.562748
1.321685
1.639884
0.105883
-0.091843
-1.551001
0.256170
-0.439838
0.611682
0.409556
-1.449922
-0.940214
0.118624
1.294100
0.507142
-1.519493
-1.332163
-0.628006
2.210264
-0.777124
-0.748451
1.336250
0.149327
0.289767
0.810607
-0.253629
1.438350
0.914159
0.483382
0.142979
-0.716785
2.073061
-1.035961
1.522085
0.045038
-0.181957
-0.323619
1.656776
0.046654
0.428030
-1.222267
0.870042
0.570481
1.218103
1.452895
-1.437999
1.779208
-0.067625
1.388826
-1.210994
-1.273361
-0.571504
-0.813025
1.622670
1.375564
-1.893375
-0.356588
1.186829
-0.373189
-1.617857
-0.307917
-0.439176
0.700746
-1.281372
1.717584
-1.015754
-0.004756
0.460397
-0.338573
0.583316
0.298083
-0.569144
-0.475141
0.924874
1.192050
-0.319650
-0.930393
-1.409998
0.156220
-0.767946
-0.268325
-2.568516
-1.488765
0.125385
-0.614813
0.892127
1.856990
1.330324
-0.504495
1.100910
0.079169
-0.312583
0.581495
0.946346
0.059732
-0.330395
0.815658
0.634644
0.659344
-0.322920
0.288310
-1.138230
0.321050
1.976216
-0.045349
0.335678
0.336789
-0.140805
-1.005593
0.973031
0.021419
-1.399834
0.028418
1.414429
1.014934
0.712330
1.598536
-0.359420
-1.608680
-0.283204
-0.145665
-0.223815
0.110112
-0.012769
-0.601532
0.926156
-0.329713
0.312970
1.454232
0.081976
0.356455
-1.665713
1.254753
1.256275
-0.424614
0.864479
-0.811554
-1.401064
1.191653
0.159580
-0.584222
1.449117
-0.211987
0.111983
-0.327519
-0.437362
1.933417
0.927935
0.028477
-0.199778
-0.175847
-0.292072
-0.772479
1.428952
-0.187022
2.336497
1.072346
15.091781
14.551553
15.063503
14.142297
13.426674
15.792400
13.086331
14.488339
13.645198
15.501236
15.646524
16.424080
13.245257
15.093060
16.275931
14.212961
14.428433
13.967408
14.253241
17.127547
14.620029
15.511859
14.937033
14.081212
14.946663
15.104244
11.863614
14.981978
15.007964
13.762382
14.541296
15.838762
14.150899
15.010186
16.152606
12.742094
14.373537
14.215114
14.493038
13.623787
14.361528
14.902469
13.224289
13.646318
12.390720
14.412845
15.172810
13.312274
12.837322
13.571195
14.474187
14.807551
16.300159
14.589822
15.192919
14.130002
14.496565
14.523544
14.734964
14.323669
14.992239
15.302303
14.401024
14.889350
13.983739
14.222754
14.640485
14.001434
14.848378
15.307367
13.904155
14.147653
14.001481
14.421765
13.995917
14.043614
13.658534
12.987280
14.350591
15.914411
13.602859
13.579558
16.327501
14.767860
13.528028
15.616236
14.193180
14.788686
13.866813
14.159929
14.958089
14.869961
14.908439
15.969680
14.438558
14.364053
15.425154
14.072523
14.528310
15.091003
14.320108
16.152474
15.057357
14.498223
14.333183
15.826851
14.841834
17.021966
15.775715
15.046488
13.674366
13.446796
14.438464
15.825755
14.689217
15.245827
14.839271
16.881401
14.790678
13.568520
13.928196
14.049227
14.510696
-3.343262
-2.910255
-3.305950
-3.438801
-1.775856
-3.186755
-3.651084
-1.891006
-3.370610
-2.884124
-3.340635
-4.594799
-3.925380
-2.899914
-3.963716
-4.320014
-5.958106
-4.278084
-4.062835
-3.848692
-4.161984
-3.747686
-3.893942
-3.080928
-3.538689
-2.988248
-3.810336
-5.081633
-3.498492
-2.129335
-4.598500
-2.814751
-4.045539
-1.947563
-3.867487
-2.937922
-3.571588
-3.952365
-3.022594
-4.632372
-4.285094
-2.470219
-3.241740
-3.609420
-2.569459
-2.410419
-2.398400
-3.117410
-5.646388
-4.729469
-3.772080
-2.181689
-2.873279
-3.182681
-2.707698
-2.413487
-4.662991
-3.497226
-4.073122
-6.055585
-3.881654
-5.565206
-2.171412
-3.673846
-3.404491
-4.206159
-2.446909
-4.397080
-4.911965
-4.385186
-3.411018
-3.894102
-3.503146
-4.229270
-4.504475
-3.885005
-4.479320
-6.251271
-2.537183
-2.448761
-2.535737
-4.057910
6.380057
7.769627
6.815772
6.795701
7.719757
6.546027
8.801557
8.058137
6.591603
5.581758
6.366892
6.458176
8.996487
6.836870
7.319072
7.252387
5.673399
4.760231
8.019836
8.014331
6.709277
7.444383
7.434746
6.936745
7.520942
8.056367
8.781360
7.998022
7.021968
9.252181
8.143782
6.874123
7.026882
8.166324
7.104226
8.165322
7.638964
6.430948
7.411838
6.876780
6.752523
7.149982
6.657679
6.336942
7.837434
7.317847
7.877608
6.769372
6.531515
7.845961
7.676903
7.175365
6.032660
7.962548
7.462741
5.750371
8.090068
6.303829
5.226870
8.478751
7.368188
7.181161
6.478868
5.917892
8.475378
6.350259
7.501196
7.951229
8.879298
7.466578
5.352354
6.033057
7.283556
8.604720
7.451621
7.964804
8.441058
7.756448
7.850158
6.080378
6.974453
7.121970
8.162316
6.369708
7.987513
5.188795
9.889415
7.257477
7.072870
7.788339
7.820839
6.730721
6.421276
8.649401
5.980268
6.723703
7.367565
7.405182
6.819989
7.667022
6.197795
8.730946
9.363446
8.507262
7.373941
6.354370
8.414205
6.682551
7.623853
7.717143
7.820067
7.500128
7.642273
5.554348
8.465708
5.594200
7.871901
8.435811
7.691287
6.634831
8.579773
8.034276
7.003565
6.699899
7.446379
6.641327
7.132750
6.231986
8.312170
7.992228
7.290539
7.581435
5.309608
7.689648
5.773693
6.718276
6.437178
6.463722
6.647475
8.299034
8.209834
7.631948
7.919385
7.743107
7.429278
7.939215
8.857756
7.116039
9.183777
7.919721
7.145892
7.562975
4.767020
8.697126
6.549081
8.230949
6.020840
6.461129
7.229186
7.242140
7.703789
7.166518
6.808848
6.933051
7.180640
7.294726
4.690791
6.680857
4.540689
7.737103
11.495582
6.527343
8.591976
5.699835
8.679574
6.806421
5.243734
6.534422
7.140465
6.561956
8.796402
8.828770
8.224441
6.733632
5.161417
5.899228
6.833151
6.737109
8.452015
7.758700
7.445677
7.707104
7.068155
6.147716
7.667759
6.889394
6.898077
7.325692
5.738086
6.402890
7.323084
8.030206
6.766545
6.183808
7.375855
7.773312
6.866486
8.954686
7.851088
7.729155
7.213513
8.105589
7.373187
8.121695
8.865831
6.176152
6.896568
8.498896
8.603834
4.960485
6.093350
7.298892
7.083509
8.295526
6.515994
8.047498
6.729861
8.754182
6.351036
7.257284
9.636009
6.472989
7.429227
7.565159
7.808665
7.566426
6.736894
6.587874
8.327502
7.790476
9.883161
8.175199
7.224508
7.386257
6.759473
8.088404
7.216024
7.720786
7.333754
9.341009
6.812468
7.669792
5.623269
8.014932
7.440890
6.782810
5.459105
7.707087
8.530576
7.408041
8.022530
5.277220
6.816698
7.457133
6.960802
8.222227
6.325418
6.415707
7.094501
8.815767
6.259088
7.710066
7.466444
8.190103
7.661735
7.349594
6.337175
7.693388
7.672249
6.321021
7.176125
6.494390
7.004650
9.160144
7.192398
8.948801
6.495737
8.059327
7.896586
8.881265
5.300976
5.811545
7.893339
7.077821
5.908320
8.537467
7.903899
7.106070
6.071238
7.560505
7.321474
7.768412
9.208437
8.174227
7.784940
8.209376
8.661153
8.507587
6.914265
8.542178
5.891467
8.132421
7.402590
7.434635
7.634511
6.094087
6.736632
5.492223
8.932673
4.265656
8.086477
7.436316
7.329888
5.623039
7.250878
8.315718
7.882847
6.406800
-8.923827
-8.546731
-8.468193
-5.382083
-7.910204
-8.133761
-7.972771
-6.299988
-7.211558
-5.462187
-8.679321
-7.716412
-8.127930
-7.091627
-7.562221
-8.592152
-7.464641
-6.297892
-8.759105
-4.586942
-6.191712
-7.592251
-7.355600
-8.843728
-7.993354
-5.404925
-6.796897
-6.551069
-8.246554
-8.525235
-7.713523
-5.884922
-8.016082
-8.014878
-6.731250
-7.970646
-5.897420
-5.648875
-7.441351
-7.650719
-7.271603
-7.178509
-7.157170
-7.513307
-6.781901
-7.285974
-8.721113
-6.710633
-6.582216
-6.907369
-6.237269
-8.463810
-7.933438
-8.046054
-5.498546
-7.720426
-7.562563
-5.399570
-7.275440
-8.373601
-8.416200
-7.027146
-8.297757
-6.053531
-7.465701
-9.308993
-5.174108
-7.298557
-6.315930
-7.340619
-7.320842
-7.752972
-7.565847
-6.479907
-8.214090
-7.077826
-7.253060
-7.472225
-7.495849
-8.233629
-6.756662
2.159387
10.783186
10.926982
11.933569
10.462739
12.136074
9.928308
10.541644
10.604087
9.266453
12.240968
11.618035
9.770906
10.427371
10.002845
10.924002
9.824865
9.705067
12.146424
11.524000
9.925405
12.630175
10.736541
12.077943
9.715121
10.662166
12.840594
8.843410
9.865717
11.660714
11.780695
10.776057
11.812976
11.452098
12.466435
11.008870
11.332989
11.770208
11.556029
11.078089
10.004480
13.242720
9.789943
13.337552
11.005484
10.434603
9.066983
9.554395
11.854470
10.377486
11.489240
12.078327
11.050016
10.927256
8.944641
10.151275
10.407523
10.814442
9.953382
11.614066
11.486834
9.469228
11.738824
9.996096
11.506100
9.514003
14.255357
9.450896
10.914110
9.600150
8.808030
10.651868
10.263749
11.657570
12.381520
11.049417
11.354427
12.424247
8.164352
10.677817
10.664008
12.923891
10.921997
10.655349
9.769636
10.911934
9.976290
10.269384
12.785344
10.150477
9.288908
12.629083
11.936175
11.713421
11.788092
12.786007
12.428973
10.179410
11.443227
11.960192
10.765206
12.304653
11.131666
11.560791
11.164957
11.648553
10.851076
11.182869
10.710529
12.381612
10.987513
10.655923
9.360836
10.709491
10.943755
10.881177
12.415037
10.592314
9.915987
11.342577
12.613430
13.096133
11.316186
10.441015
11.513497
11.809975
11.998144
10.209096
10.191933
10.588460
10.478332
10.518621
12.610074
12.702086
11.263290
10.440040
10.230811
11.719360
11.396337
12.370898
11.529949
11.464122
11.038341
12.625271
10.808569
11.954442
10.854905
12.134987
12.729762
11.576475
9.293343
10.912276
12.689414
11.418458
9.373682
10.091165
10.217675
11.843188
10.866569
10.360322
11.220103
10.707332
9.518859
10.447153
12.225291
11.985053
10.312963
11.757242
12.139078
11.937017
11.264584
11.190010
9.645997
11.218980
9.588085
10.772213
11.384838
9.652078
10.390933
10.731665
11.300922
12.845149
10.427897
10.561173
12.005491
11.376211
10.231131
11.847134
11.222177
11.607728
10.914097
10.036058
11.368072
10.294309
11.014031
10.054861
11.334259
10.774751
13.058475
11.205372
11.117530
12.345142
10.821642
11.273124
12.266574
9.983078
11.086295
13.041769
9.830553
12.337676
11.892669
11.625498
10.666175
11.798949
10.675739
11.311599
11.491414
11.913553
11.479766
9.737748
9.866931
12.734750
11.097045
11.125119
10.398347
9.300342
11.709490
9.660829
11.272070
11.359765
9.407152
10.044475
9.202282
10.703829
10.410943
10.781363
10.734241
9.663574
13.327173
13.667662
11.158008
10.648583
10.630953
11.224036
11.053163
11.828677
11.814530
9.621198
10.748608
11.494669
10.519085
10.762799
10.421548
11.707113
9.805724
12.761367
10.952219
10.589338
10.014419
9.904428
11.703423
10.457611
9.925426
9.768385
11.254551
9.179377
7.902155
11.224366
9.466154
10.077664
10.684579
11.587992
10.625551
12.125202
10.439037
11.919161
11.552616
10.463795
10.399361
12.048014
11.117056
10.487130
10.580727
11.388700
9.885402
10.555049
10.531557
10.581899
11.658493
10.570460
11.641978
9.440106
10.961906
9.606438
11.927932
11.718319
9.801561
11.491754
11.674093
13.009778
11.850668
10.087785
10.622732
9.494464
11.881968
10.009054
11.603187
9.876936
10.391744
12.642576
10.702659
10.399363
9.910299
10.210291
10.687055
10.212181
11.815402
10.901471
12.398919
10.630766
10.521841
10.700240
8.768189
9.704040
10.876691
9.176146
10.475629
12.364477
11.294301
10.190868
11.598229
9.464160
9.711323
11.273682
11.195058
12.146224
10.076331
11.048546
11.396976
11.678577
12.166100
11.879118
10.121605
9.850101
10.027359
10.915446
10.791218
12.695164
10.181816
10.157799
11.629935
10.334835
12.367402
11.408768
11.504038
11.180557
13.104498
12.999662
8.820332
12.151884
9.635959
10.519716
11.686959
10.900701
11.395909
11.356548
8.751279
11.316080
11.010656
11.099920
9.901145
11.023724
7.823025
11.660847
10.084060
10.866090
12.180901
13.324236
12.105348
11.798256
12.302503
11.485692
11.401035
11.834698
11.956032
10.121681
10.062436
11.799371
11.572187
10.512998
11.238530
9.420994
10.789629
12.178613
12.201042
10.719749
11.190387
11.554706
10.715881
11.144001
10.583325
9.757978
10.328519
10.671124
10.673875
11.463536
9.702313
10.720479
11.724688
11.205778
11.751753
10.667793
11.075044
13.787380
8.307944
10.764036
11.627859
12.080875
12.501578
10.957031
11.044487
11.464612
11.034245
12.815456
11.818451
9.803227
11.395502
10.052381
11.478068
11.449495
13.409144
10.885686
10.821550
11.138925
10.775661
10.861239
10.868401
9.670028
11.745290
10.199417
11.049153
12.315364
10.507164
11.208467
10.754360
9.278020
10.402997
12.302074
11.846775
11.735514
11.440570
10.567970
12.093123
9.640632
10.871863
10.001567
12.397389
10.475975
12.340594
10.353082
11.963700
11.635043
11.277503
11.704083
10.505694
11.098522
10.584544
12.169974
12.057732
12.562632
10.177416
10.688056
9.424766
9.652492
10.199471
10.851240
11.883270
12.288852
9.560812
10.817116
9.403412
10.319805
13.072078
11.154072
10.374773
10.556881
11.062833
9.590654
12.794005
11.473537
12.320291
9.697231
12.464560
10.491266
11.613090
10.034456
11.176045
10.167799
10.674887
9.840871
10.677649
10.240518
10.943630
11.996945
9.174205
11.311202
11.749561
12.090265
11.587776
10.072358
11.660127
13.114596
11.060698
11.701170
10.464922
11.115975
10.627676
10.276602
10.891487
12.531999
10.368948
12.284042
12.582778
10.972257
9.869317
11.196354
11.272007
12.220347
10.893047
9.634013
9.707850
10.120888
10.838813
11.903104
11.219673
9.899560
11.695058
11.525753
11.319445
10.794470
11.799613
10.574324
11.456221
8.716143
11.147966
10.870972
10.958673
12.207736
10.632975
10.970338
10.773652
10.965501
10.662666
11.491361
9.761331
9.474457
11.653491
10.722390
10.486695
9.763183
12.715324
11.742726
10.621118
9.078927
12.208224
9.757519
11.927738
12.831200
9.682060
11.460069
10.298319
11.743098
10.097522
11.532760
11.768478
11.247826
10.806689
9.631262
12.521633
10.990211
11.390291
11.819571
11.582997
11.096610
10.752876
10.190347
10.785091
11.873559
10.740701
8.988270
11.396044
11.194175
11.153804
9.887045
10.468447
9.425898
11.261952
11.281167
11.093798
11.306371
10.616147
12.531991
8.839920
11.598470
11.336981
10.717215
10.687878
10.898701
10.831153
11.811005
12.034013
11.245059
11.549032
9.901950
11.302398
-4.573603
-5.128837
-3.738946
-3.990797
-4.258741
-6.190568
-4.982631
-5.898755
-5.307595
-3.872548
-5.663235
-2.870150
-4.166525
-3.951740
-4.004659
-2.366402
-5.165497
-5.773056
-4.351929
-5.618786
-4.911252
-6.739167
-4.490232
-4.392867
-4.269284
-4.539823
-4.588558
-3.790414
-3.926637
-3.380279
-5.349544
-5.052203
-3.878186
-4.296769
-5.133274
-3.115503
-4.393817
-2.993095
-3.205389
-2.808291
-4.257956
-2.970458
-4.926567
-6.313518
-4.570689
-5.951683
-4.231550
-3.789764
-2.860528
-3.313478
-4.438710
-5.598099
-4.724451
-4.434174
-4.492170
-4.616542
-4.344107
-4.117091
-4.969811
-3.733323
-3.837037
-4.976628
-5.667402
-4.404705
-4.550588
-4.288985
-4.632436
-3.527648
-5.272188
-2.310363
-5.184776
-4.707840
-2.077138
-3.973481
-5.375716
-4.065303
-3.727300
-4.478070
-4.043531
-5.511062
-3.726146
-5.159054
-4.031964
-4.782287
-2.108711
-3.575086
-3.155409
-3.779351
-4.547010
-2.940037
-4.648465
-5.039347
-3.758956
-4.068592
-4.996670
-3.673556
-3.356503
-2.721089
-5.562158
-3.943960
-5.805262
-4.765827
-5.304356
-3.734606
-4.934901
-4.719250
-4.300039
-3.243252
-4.701315
-6.362989
-5.422792
-6.233860
-5.021959
-5.491840
-4.667572
-5.387613
-3.973523
-5.359071
-5.104361
-3.394026
-5.096179
-4.020232
-4.056907
-6.511650
-3.265255
-3.735416
-4.483866
-3.310296
-3.640501
-4.435168
-3.854902
-6.775093
-4.720110
-5.449676
-5.124544
-4.469187
-4.748601
-2.360976
-4.538527
-4.804157
-4.032205
-4.601620
-3.938625
-4.365336
-4.719863
-4.622568
-5.369310
-3.517621
-4.214164
-5.983764
-3.492333
-5.408620
-6.087466
-4.281727
-3.122338
-3.786963
-3.945133
-4.081029
-6.034683
-5.265003
-4.236123
-4.758988
-4.214280
-4.485327
5.150559
3.495298
2.922959
2.041112
3.575239
1.530442
4.724439
2.694245
2.955431
2.558968
2.229833
3.012251
3.227693
3.952786
2.403419
1.240574
3.117306
3.763964
2.659016
3.053436
1.552456
1.650946
3.795983
3.479861
4.942378
4.417376
3.305089
2.429351
3.428192
3.132786
3.926144
3.359423
4.599201
1.010022
3.839942
3.076677
2.604171
3.687198
4.102515
2.997106
3.445510
5.328781
5.119813
1.417361
3.001899
3.655045
3.841292
2.901814
2.811961
2.114456
2.192253
3.231285
1.988047
2.595085
3.849856
2.570123
2.440213
5.529867
1.765210
2.951077
2.051814
2.922653
5.029776
3.684166
3.683303
2.718681
4.293952
3.447004
4.458340
3.783267
4.501992
1.934781
3.618288
2.571798
2.222490
1.403297
4.704149
5.221451
2.438099
4.049046
4.666883
4.525737
4.977099
2.942313
3.447919
1.278255
5.195759
4.510050
3.683112
2.122526
3.422284
2.796584
2.977178
2.492899
1.940007
3.686833
2.371031
0.899769
2.179528
2.836142
3.757524
4.105827
3.785582
3.388372
4.579978
3.113355
2.621108
3.580209
3.360879
3.607403
1.554705
4.401078
1.929265
3.306320
3.483068
4.465321
4.683013
3.177559
3.649129
2.702052
2.815118
2.740961
4.919780
1.537705
2.439450
2.308523
3.086559
4.376334
4.313967
1.586948
3.376070
3.467647
2.207655
2.185036
2.152718
2.794484
3.160190
4.317249
4.063718
1.921897
2.377591
3.179207
2.390550
3.335626
5.513581
2.301048
4.323125
2.829981
2.867562
4.435799
3.576543
1.992223
4.648543
1.895580
5.553840
3.160606
1.945674
3.920223
3.037507
2.977940
1.802864
2.205054
3.284669
4.908116
3.705262
2.048256
3.736756
1.813350
1.845425
2.393356
2.979911
3.019783
3.386818
2.710990
2.219582
4.437062
3.376287
2.036722
5.896879
3.339163
0.501199
2.130480
4.413817
3.319049
3.627192
2.339827
3.492439
3.579952
3.540629
3.614237
3.458631
2.414292
3.366211
1.697740
3.315619
3.494948
1.763716
5.010004
2.373373
2.767160
4.347266
4.158850
2.875860
0.469206
2.922510
5.254466
1.620870
2.658597
2.945931
2.499015
4.458914
4.400067
2.023170
2.410667
2.065256
3.482321
5.989742
3.078506
1.813296
3.149478
2.515510
1.699723
2.153549
3.685658
1.742708
1.550140
2.092665
4.324107
4.853987
2.459797
2.159051
3.694547
2.964134
2.259572
3.085196
3.622132
2.376760
3.562740
2.259659
4.427617
2.707313
4.223572
4.166105
2.133483
0.851553
3.560432
4.837291
2.447513
2.871508
2.705708
1.986301
1.055806
3.572149
4.147000
3.908603
4.592281
4.414544
2.682286
3.538014
3.235149
2.611029
2.141463
3.219653
1.976453
2.072010
3.846378
3.877980
3.823739
4.495626
3.323691
2.269094
3.091902
2.288408
5.223836
3.461844
2.557420
4.590370
3.347305
1.747569
4.048519
3.585152
1.045861
3.284540
3.192747
3.562531
2.880910
3.648046
3.370293
2.703763
3.445686
4.377157
4.567390
2.601810
3.461594
2.960333
3.731515
3.503243
4.223676
5.789552
3.791899
3.871010
4.154593
3.255256
3.101725
3.143800
4.294376
1.017878
3.155535
5.856497
2.811985
3.058413
4.068032
4.021246
2.941346
2.198175
4.228609
2.832892
1.803694
2.116409
4.756338
2.823465
3.043431
3.383559
2.233985
4.317958
1.970490
4.885767
4.574848
3.637679
5.449496
3.799084
-0.033114
2.789402
2.648514
3.096470
2.069968
3.077034
2.818525
2.126519
3.362749
5.641434
2.991156
3.948979
2.370686
2.129465
0.352414
3.076117
3.353455
2.325602
5.271988
3.641814
3.064822
4.739694
1.268124
4.876765
3.593964
2.235826
1.545173
4.933018
2.920542
2.334638
1.654987
2.792566
3.093718
3.648264
3.064505
2.927167
2.329933
2.945945
2.395004
3.449629
2.206279
3.761563
2.906029
3.326277
3.141199
2.870488
2.164967
2.542570
2.370998
2.191457
2.310960
4.452335
2.328157
2.141601
3.832512
3.632738
3.532801
3.817072
1.811800
4.549782
3.002922
2.902583
3.242637
3.136666
4.972621
3.653971
2.858761
1.871051
2.888634
4.306558
0.870003
2.199178
1.210858
2.916855
3.779136
1.623471
4.704145
4.820535
3.876740
3.644670
3.650527
4.102574
3.540545
2.761286
4.669239
3.077424
3.106036
4.870718
3.941920
3.123898
2.471307
3.736213
3.515629
2.594605
3.946983
6.352885
2.831304
1.784618
4.462580
3.343907
3.534478
2.987608
3.955903
3.015275
5.874628
2.265379
2.842206
3.393564
4.478436
4.339426
2.486750
3.858671
3.811082
4.515839
2.518905
5.431635
3.736460
3.224584
4.340531
3.287677
2.411272
1.773078
1.669699
3.946762
4.307681
1.770244
3.171544
2.707082
3.729347
4.155553
4.034896
2.352911
2.472601
2.357520
4.403877
3.727028
2.442207
3.865286
3.828701
2.720392
2.387419
2.234350
4.959481
3.076315
3.001686
2.573359
1.491950
4.617892
2.813823
2.465191
3.185419
1.409144
1.496935
5.384596
3.002747
2.919809
4.443241
4.145144
4.677624
3.956337
2.914338
4.283045
3.645152
2.915663
4.303291
2.916787
3.943010
2.051928
2.097609
3.004873
4.474883
3.629179
1.830355
3.633992
3.300295
5.838243
4.640247
2.806344
2.942727
3.360239
3.092375
3.308994
4.329797
2.821308
3.625511
1.738520
3.401563
4.560068
1.815477
2.537941
5.131093
2.738766
3.719211
3.775618
4.974264
2.820300
3.102199
2.990102
2.403731
4.351354
2.998936
3.994138
3.195189
4.590416
1.891042
3.004003
4.164509
3.157523
3.899687
4.639215
3.299085
3.310505
3.973734
2.190582
4.867635
1.678827
2.771691
2.671935
4.505377
4.466980
3.426571
1.494520
2.933278
1.915899
2.676407
3.017569
3.362246
3.743454
3.605878
2.682493
3.087755
3.022142
1.838893
1.859268
3.696692
2.622795
2.246401
3.317286
4.347767
4.000461
4.054060
4.094826
3.471747
1.535745
3.249329
4.113508
2.788409
3.370247
1.962184
1.790620
4.634610
4.050721
3.943749
4.568440
3.472240
3.691002
2.446626
3.041181
1.987192
1.815296
2.212420
4.718048
3.811726
5.018694
3.377108
4.863825
1.836797
3.650466
3.368072
2.834191
3.504274
4.078492
2.502096
3.854586
3.534605
3.616100
3.111958
3.387517
3.283863
2.049832
3.222428
2.529350
4.669154
2.630309
2.929039
2.821452
3.410173
2.075677
3.482828
2.293020
5.100443
3.753293
3.732792
1.991667
2.930945
3.266308
2.274075
2.815204
5.311131
4.894121
2.979413
4.527473
3.127505
3.427584
3.008586
2.470947
2.794459
3.969824
2.361097
3.251896
3.401089
3.589500
3.394208
2.241757
2.580288
3.192282
1.601740
2.358780
0.776361
3.171286
3.590686
5.333510
3.007590
1.413750
2.265219
4.281222
2.233646
3.058937
3.401193
4.248894
4.384775
2.463584
1.799518
3.524412
2.297239
3.163510
3.633056
1.293849
1.644778
3.863605
2.058063
4.112376
2.761654
5.257598
3.022874
4.363035
5.346384
3.207117
4.495488
2.331246
2.100175
2.957869
2.922465
5.364172
2.843583
4.851500
4.112111
1.897309
1.083437
2.572006
2.701883
4.325980
4.925466
4.586711
2.248817
4.582942
4.212012
4.158461
4.443731
4.138627
2.860442
2.007338
4.398257
2.414233
1.110274
5.288060
3.346223
1.819455
3.001508
3.358876
1.293121
3.404082
3.641275
2.780378
2.610933
3.065859
3.127806
3.292817
3.443217
2.251817
2.353307
2.467273
3.126244
4.913721
2.622971
0.642141
1.470012
3.611702
1.981624
2.678360
2.856967
2.563926
4.028682
3.810453
4.013223
3.418806
3.862771
3.027624
4.130838
3.014870
0.798283
3.279429
2.464252
2.993297
4.220540
2.931364
3.353028
2.018972
3.523476
4.241969
2.794102
2.983541
3.441088
2.156810
5.813694
3.075633
2.747474
2.779045
3.943780
2.904541
2.383247
3.117228
4.391098
3.642322
2.313818
4.111802
3.876694
4.672185
3.582705
3.009230
5.243380
3.088226
3.734517
3.457703
2.563133
2.118182
4.415319
3.758930
1.793260
4.508272
1.799591
2.919336
3.430177
4.213833
3.271543
3.621192
2.721635
3.113570
4.468089
2.946560
3.494882
4.485779
4.782342
3.195555
4.519611
0.724923
2.966660
3.533612
3.970930
3.885036
3.753334
3.271590
2.436891
5.785045
2.071800
3.111577
3.462075
3.185203
2.370374
4.071911
0.564907
2.396761
2.356751
5.301245
3.953093
2.056250
3.363282
3.295073
2.275787
3.154152
4.960190
1.983204
2.139529
2.493076
3.969859
5.378365
4.191145
2.278170
4.959400
3.164862
2.270950
5.452051
2.807259
1.923120
2.546231
3.116274
3.341482
3.032446
2.850459
2.702369
5.262521
3.883316
2.538200
4.135144
3.150257
4.458106
2.138405
5.134081
3.332159
4.820819
2.799429
3.315207
2.124887
2.587633
3.324048
1.589481
1.175453
3.687513
2.115392
18.146893
19.143000
18.525045
19.755964
18.129546
17.955642
18.322998
17.845894
18.051532
18.724458
20.281955
19.134523
19.832770
19.549637
19.810692
19.150872
18.568486
17.185685
18.425104
20.351527
18.243147
18.146812
19.504171
17.785721
17.958695
17.466780
17.389281
19.893947
18.674155
20.617563
20.867973
17.302819
19.490863
18.996551
20.090754
19.370049
20.831697
19.611504
17.951188
19.363836
18.269052
18.723751
18.677091
18.228440
18.293208
19.586674
19.568560
18.381314
19.597638
19.804978
18.164338
19.006437
18.221490
20.177287
18.987291
20.017400
18.552132
18.860530
20.284009
17.047763
19.477080
20.677360
18.699765
18.488603
18.518015
19.928796
18.264375
17.956703
18.105148
19.371058
17.271189
17.053663
19.151623
17.684687
18.979077
19.100617
19.178193
18.612364
18.837760
18.371936
18.803971
21.080099
18.732767
20.164253
17.043618
18.025923
18.384846
19.733319
19.706296
19.966459
18.966210
18.636164
20.174871
18.788268
20.531666
18.658634
22.376740
18.878050
17.232975
20.197266
19.555621
18.779535
19.378801
17.976837
18.593357
17.271796
18.082313
19.468155
20.231712
18.418386
19.192857
16.923871
18.707775
19.824261
18.256634
18.485389
20.430857
19.081027
17.568008
20.272339
18.897311
19.247378
18.636654
17.884827
19.810317
19.527232
19.673196
20.138671
20.989839
18.866008
17.489009
18.631854
19.075240
16.947272
18.730967
18.667122
18.901809
19.444684
18.330998
18.443576
19.023077
20.089164
19.054540
17.173355
16.636648
16.161348
19.367252
19.735765
20.061262
17.953806
17.896715
18.901810
18.534937
20.261918
17.794249
18.931773
17.650300
18.401026
18.069456
18.938484
17.896782
19.453827
19.927566
18.868884
20.234341
18.340521
20.457542
19.372999
17.836559
20.697601
18.666960
17.602318
19.865830
19.393027
16.378795
17.278512
20.283041
18.562553
18.485243
19.411626
19.393388
20.122506
19.532589
18.541815
19.287540
17.534426
19.607745
17.618774
19.554121
20.080237
19.441865
20.003061
20.511025
19.945970
18.955931
18.584203
20.415178
19.754168
19.758857
20.517385
18.012370
16.897811
16.905664
18.357705
19.660235
19.235246
17.869587
19.973922
18.227547
18.360844
18.057492
20.495270
17.683406
19.028289
20.566974
19.171078
19.204793
15.890133
22.047693
19.690863
18.736236
19.177429
18.080275
19.315415
19.589792
20.692764
17.781813
18.040538
18.240612
18.817899
18.239358
20.279443
19.341642
18.520017
20.148241
18.402411
21.533239
17.405961
19.564709
17.875379
19.203359
18.661406
19.779576
19.655394
20.210765
20.081576
19.279286
20.166273
19.649606
16.589215
18.075511
19.130022
18.911030
17.920407
19.683587
18.060569
16.459890
19.613662
17.640227
17.890563
17.386163
19.794204
19.476521
17.758038
18.175036
18.621634
18.949786
19.371644
20.109842
20.682689
18.380844
18.352545
19.482751
20.245559
18.111511
19.218277
20.214974
19.503170
16.183753
18.402630
19.026583
18.186095
17.137245
19.880993
18.448118
17.477177
20.632786
22.119251
18.998774
18.568942
20.385305
18.461068
18.887036
20.308634
18.133089
19.187783
19.156300
17.456731
20.064349
19.127555
17.412190
17.632005
19.085416
18.663752
18.496629
18.279973
20.221005
19.093848
19.138143
19.447740
17.870528
19.865732
19.431201
18.616057
18.485393
19.116361
19.434733
18.106583
18.556074
18.328969
19.951764
18.856014
16.792002
18.468441
18.683497
19.447274
20.686366
18.316787
17.659612
18.905154
19.437507
19.018967
18.820227
17.099071
17.821002
17.445664
19.414497
19.289658
19.115275
20.707058
19.552223
19.351326
19.303215
17.940417
19.400417
19.030645
17.673955
20.393063
18.910898
19.852181
18.534380
19.182797
19.339688
17.484476
19.735205
18.397472
18.145091
19.529350
18.445083
18.124409
18.219714
18.604818
18.924297
17.063818
18.017118
19.710102
18.763405
18.594683
18.325675
19.835370
18.435736
17.960781
19.369165
21.890751
21.131729
18.552493
18.427933
19.586631
18.778903
18.251356
18.929201
18.569813
17.238979
18.971415
20.164547
20.094531
19.145843
17.647758
19.910130
19.198079
21.014821
19.290883
19.377065
18.205096
19.134349
19.695526
19.472626
15.974539
18.794263
20.299735
18.059724
17.276986
17.819245
20.121728
19.130303
21.035449
19.362546
19.407834
21.134382
18.157393
20.588816
19.764027
18.283539
20.369423
20.391347
19.316294
19.020590
18.511592
19.250809
18.914659
17.466206
19.346599
17.793283
21.306166
17.354387
20.138839
19.541109
17.786746
18.199543
20.237541
20.085904
19.301713
18.431327
18.236148
18.173363
19.094225
20.513756
18.539373
18.758388
18.176794
21.129750
18.861210
19.374684
18.511119
19.373486
18.839940
19.358564
17.874634
20.093982
18.282709
7.726742
7.459470
6.038295
5.570273
8.535738
7.761121
7.474119
6.829612
5.637926
8.252802
6.856862
8.376620
7.557754
7.751268
7.318241
7.207889
7.080172
8.790868
7.320038
9.333495
6.663379
8.835813
7.644131
8.566324
8.008074
11.058145
7.566707
9.797034
5.458372
7.944759
7.431822
5.788369
6.875468
8.233056
8.206048
7.400244
8.771591
8.722761
7.655026
7.440931
7.133471
7.344092
8.908671
7.826534
6.792079
6.666752
8.632961
7.867640
7.778454
7.389245
8.885367
7.547541
7.741945
9.477729
7.536321
7.264254
7.712161
7.298734
7.819533
8.950660
8.257131
6.288473
7.128183
6.907157
8.348654
8.135138
7.460527
9.169284
8.571634
8.665833
8.826005
7.238703
7.280807
8.580481
7.565240
7.007910
7.587435
7.738836
8.180615
7.582718
9.414607
9.138342
14.680153
16.327001
15.575425
17.004881
15.354669
15.452313
14.284018
15.186838
16.267717
14.449326
14.587947
16.008880
14.064213
14.547854
17.299523
16.059978
12.520062
15.986490
14.698962
14.517822
16.257920
15.534211
14.902500
14.240602
15.368501
16.027839
16.276145
15.876142
15.624458
16.297278
16.079176
14.462707
14.167458
16.277977
16.281767
15.109951
15.917665
15.093507
16.556343
14.567522
15.151395
16.535444
14.410490
15.009588
16.439167
15.120109
15.376954
15.721014
16.170596
15.657046
16.968359
14.872268
14.245300
16.691205
15.491713
14.373103
15.312739
14.926820
14.522670
16.020368
16.554622
15.648180
14.434962
15.227235
13.785089
14.755855
15.052111
16.060136
15.311121
13.483420
15.847121
12.476664
14.952106
17.074259
14.931599
16.406176
15.198580
14.260533
16.115609
15.150659
16.192516
16.050969
15.438907
15.974068
14.092856
14.700590
14.204256
15.026886
15.921842
15.001288
15.891766
12.913434
15.874050
15.507502
14.955354
16.994631
15.116523
14.893977
14.660807
15.078519
15.566790
15.067558
12.730325
14.772864
15.055593
13.973126
16.756691
15.580550
12.870659
16.240530
15.250318
16.995145
14.688518
16.178081
15.360595
15.608119
14.814960
15.220715
14.597568
16.229646
14.222563
16.000687
14.501922
-1.094768
0.850008
-0.241419
-0.951343
-1.021678
-1.947263
0.383875
0.506656
0.150663
-0.224955
-0.022166
1.030203
0.054230
0.109670
1.006275
-0.617898
-0.615170
0.601933
0.176659
0.621865
-0.654401
0.522314
-1.454207
-1.708395
1.612635
1.123917
0.409980
0.096435
-0.698033
0.200604
-0.066064
1.283526
-0.696107
0.558881
-2.425914
-1.425205
2.062946
0.985377
1.256835
-0.716767
0.035360
-0.094019
1.211202
-0.490824
0.032101
-0.485272
0.362003
0.170512
-0.919102
0.288160
-1.056839
-0.179221
0.535856
0.957921
1.198598
-0.248270
0.748177
1.134486
0.837331
0.683629
-0.199737
0.211423
-0.209288
-0.390408
0.080452
-1.363651
-0.443593
-1.019318
1.632591
0.160522
-0.308811
-0.459403
-0.451400
0.044512
3.328789
-0.299337
-0.229196
0.217479
-0.511851
1.319330
-0.788456
0.035505
-0.618925
0.155700
1.389098
0.967119
1.321102
-0.137327
-0.640247
-1.592398
0.710391
-0.041520
-0.836230
0.359977
-0.891432
1.225389
-0.448767
-0.704919
-0.424897
-0.642444
1.668707
-2.274305
-0.686287
0.690106
0.888679
0.212044
-0.404534
2.434684
-0.015334
-1.436878
1.098423
-0.362870
0.270052
-0.418947
-0.645844
0.610120
-1.567180
-0.966339
-0.958799
0.208800
0.990853
-0.062376
-2.141348
-0.084899
0.991699
-0.647448
-0.356846
0.784922
1.311778
1.126856
1.800456
-0.354699
0.026215
-1.474692
-1.506247
-0.494010
-0.039786
0.074493
2.419226
0.906804
0.758072
0.899541
-2.609990
2.139193
-0.417550
0.891742
1.562611
0.143896
-0.615953
-0.254207
-0.738238
2.364545
1.752994
1.453974
0.112001
-0.542898
-0.559844
-0.588793
1.396243
1.171053
0.894130
-1.056031
-0.375076
-0.508271
-1.394373
0.504908
-0.833560
-0.281465
0.430886
-0.025070
0.676491
1.202264
0.623719
1.611860
-0.508880
0.263277
-0.231352
0.803070
-0.759421
-0.112746
-0.848486
0.418099
-0.914517
-1.737416
-0.199432
-0.372481
-0.126441
1.744416
-0.090100
0.349496
1.559991
-2.131349
-0.043429
0.152413
0.280918
1.376109
0.360940
1.279690
-0.508079
0.084439
-0.355465
-1.847154
1.179191
0.269659
1.026561
-0.184777
-1.692744
-1.092825
-0.796598
1.731108
0.841424
2.439232
1.622099
-1.267495
-0.371866
-1.327416
1.669388
0.002772
2.242627
0.607777
-0.240877
-0.269175
0.347835
0.737205
-0.158861
1.692487
-1.554563
0.530372
-0.455743
-0.762294
0.282747
0.797709
0.151344
0.599357
0.085304
0.672883
-1.276567
0.469038
0.919310
0.540706
-0.569227
0.259867
0.836477
-1.092764
-0.634926
1.076167
-1.509473
-0.457888
-0.484858
-1.325600
1.748021
0.587249
-0.401477
1.213630
0.141835
1.270314
0.871169
1.040488
-0.644225
-0.059901
0.398999
1.051253
-2.354305
0.818634
-0.721903
-0.644567
-0.786583
0.361136
-0.174527
0.082414
2.125742
0.509540
0.049370
0.050407
-0.132654
0.575407
-0.869221
0.120868
0.585098
0.399612
0.902731
0.843021
0.672692
-0.905161
-0.549124
0.030676
-0.818640
-1.061415
0.198697
-0.635319
-0.048300
0.539487
0.979462
-1.089176
0.186159
1.433768
-2.426136
0.701620
1.264692
0.223094
-0.960536
0.530405
-1.019763
-0.108751
-1.356630
-0.275708
-0.228392
-0.684154
-0.781967
-0.525233
-0.327157
-1.576851
-1.242957
-1.063023
-0.150131
0.640107
0.888783
0.443195
-0.245495
-0.649053
-2.610535
-0.356249
0.134771
-0.026164
-0.045981
0.370543
-1.389297
-0.036974
-0.676143
-0.429208
1.475144
1.386244
-0.389591
0.723793
-0.991659
0.365408
-0.103171
0.134341
-2.665483
-0.871012
-0.186394
-0.515606
-0.578012
-1.815711
-1.462009
1.274840
-1.206195
-0.378990
-1.636964
-0.684834
-1.432310
-1.217480
0.587989
-0.360063
-0.671059
0.147391
1.865993
-0.778412
-0.325620
0.640466
-0.331890
1.065383
2.367986
-0.321779
0.430490
-0.361196
-0.003754
-0.588755
0.117974
-0.363111
0.136105
-1.049711
1.019516
-1.421266
1.085544
-0.646377
0.413594
-0.932670
-1.227198
1.670138
1.162134
2.038926
0.558344
0.499457
0.102614
0.636243
-0.595997
0.362442
0.074716
0.584164
0.402830
1.926754
-0.655325
1.536272
0.145939
0.217552
-0.094674
-1.243755
0.702598
-1.444474
-1.871511
-1.851232
-0.741758
0.365817
-1.657616
-0.446058
-1.949810
0.241215
0.879033
-0.207701
1.236507
-1.490837
0.008378
-0.655006
-0.635504
0.394684
0.330302
2.111210
-0.310089
0.355778
0.411657
0.515401
0.610278
1.253052
-3.326349
0.584573
0.541144
1.585656
0.937664
-0.642854
2.724668
0.059378
0.054385
1.688577
0.821041
1.962856
-0.390335
-1.319500
0.099228
-1.110228
1.454538
-0.385332
-0.705893
-0.370365
-1.361647
1.320758
-1.962243
1.423955
-0.370352
0.149764
0.095150
-1.507466
-0.672624
0.896707
0.019006
1.258156
-0.091342
0.426874
0.447939
0.022631
-1.320495
2.030950
1.005500
0.420482
-0.529547
-0.801904
0.736332
0.058892
-2.196986
1.379891
0.447209
-1.818407
-0.712580
-0.621794
0.546952
0.397051
0.234853
-0.364345
0.504366
-0.135887
1.382130
-0.490302
0.929699
0.017477
0.221424
-1.401765
1.479862
0.230247
0.355946
-1.143116
0.492929
-0.286293
-1.129373
0.196587
-0.196172
-0.541491
0.770887
0.482668
2.025401
0.033151
2.460952
-0.209785
0.717763
1.092218
-1.615237
-2.257120
0.316901
0.189530
0.437592
1.348918
-0.720437
0.087377
0.449417
0.374691
0.670831
0.302052
-0.611993
-0.855844
1.385069
0.378764
0.188274
0.092448
-0.175109
-0.196376
0.137320
-0.656718
0.591656
-1.224047
-0.423073
1.128134
-0.867948
1.298023
0.568192
0.221244
-0.249686
-0.066266
0.092965
0.452194
0.029735
-1.092141
-0.710795
-0.805969
0.993331
-0.233110
1.255608
-0.326785
-0.964779
0.772211
-0.578634
1.251716
0.197302
-1.277974
0.778199
-1.287006
2.562682
-0.987824
-0.236326
0.411558
0.390330
0.228352
0.566745
1.795598
-0.036268
0.681212
-0.262408
0.847722
-0.014743
0.547678
1.780097
0.526913
-1.258660
-1.053988
1.031721
-0.874920
0.849218
0.257654
-0.310452
0.275255
-0.287467
0.140186
-0.123317
0.629895
0.480731
1.098506
-0.239684
0.403226
-0.327712
0.776639
-0.971362
-1.630833
0.244053
0.379178
0.520873
0.271278
-0.153851
-1.657480
0.934824
0.270083
0.984999
0.859637
-0.870917
0.430716
0.666348
0.908062
1.481886
-1.726425
-0.418465
-0.089247
0.171883
1.557858
-0.809704
-0.272831
0.282076
0.925978
0.008022
0.321543
-0.134421
-1.068883
1.234390
2.538577
-1.683734
0.443405
-0.364560
-1.080096
0.417856
-0.082037
1.411032
-1.232836
-1.228196
0.088430
-1.227881
-0.670549
0.958020
0.885669
-0.114434
0.003329
-1.270442
-0.145633
-0.211158
-0.768097
0.158161
0.663794
-0.441290
0.128678
-0.792608
2.251312
0.767628
-0.583664
-1.323931
0.454105
0.387100
-0.586979
0.484859
0.319718
-0.805637
0.000096
0.292322
-0.106474
0.531007
0.067772
-0.880969
-0.640462
0.463365
-1.576528
0.995605
-0.974074
0.779795
-0.516829
-0.348285
0.529872
-0.359060
0.676415
1.121847
-1.133029
-0.724409
-0.140924
-0.742642
-0.124650
0.645455
1.182065
-0.780118
0.817059
-0.442765
-1.030274
0.089787
0.069250
0.048359
-0.674803
-0.387562
-1.398421
0.229317
-1.781594
-2.052531
-0.833854
-0.439894
1.056964
1.034268
-0.244343
-0.470486
1.129933
-0.984962
0.508710
-0.278154
-0.199543
-2.216027
0.100840
-0.397915
-0.040403
0.090101
1.738889
-0.507931
-1.112174
-1.968658
0.544880
0.495584
-1.312025
0.236072
0.253510
-0.073751
-0.155491
-2.166934
1.968411
0.649447
0.051375
0.432666
-0.310923
0.745054
-1.649056
-0.060505
1.006501
0.329310
0.209567
0.113252
0.875330
0.265791
1.401582
1.783206
0.758054
1.502611
-0.257320
-0.876893
0.851942
0.575731
-1.758074
0.713159
0.836260
0.972139
1.112913
0.427068
1.175689
-0.462331
0.852737
-1.862948
0.448887
0.439480
-1.242126
0.037976
1.749128
-0.461732
-1.156215
-0.051414
-0.624484
-0.810057
-0.061144
-0.140546
-0.345094
-0.560707
-1.061834
-0.423580
0.854985
-0.616584
-0.524743
1.155431
-0.315013
-0.370555
0.275525
0.187333
-0.778137
-1.712927
