0.062729
0.062640
0.062568
0.062387
0.062303
0.062210
0.062000
0.061745
0.061636
0.061557
0.061424
0.061299
0.061061
0.060773
0.060496
0.060189
0.060054
0.059980
0.059867
0.059784
0.059634
0.059465
0.059329
0.059193
0.058939
0.058638
0.058341
0.058011
0.057719
0.057427
0.057099
0.056761
0.056600
0.056507
0.056394
0.056322
0.056187
0.056043
0.055944
0.055854
-0.010766
-0.105685
0.310012
0.922669
-1.467194
0.682406
0.054680
0.054527
0.054263
0.053952
0.053648
0.053314
0.053004
0.052692
0.052346
0.051988
0.051680
0.051384
0.051073
0.050766
0.050425
0.050069
0.049719
0.049362
0.049206
0.049133
0.049044
0.049007
0.048916
0.048825
0.048791
0.048775
0.048670
0.048541
0.048435
0.048320
0.048260
0.048222
0.048171
0.048130
0.048001
0.047839
0.047691
0.047523
0.047384
0.047248
0.047091
0.046931
0.046824
0.046735
0.046639
0.046555
0.046448
0.046336
0.046237
0.046138
0.045920
0.045652
0.045390
0.045095
0.044834
0.044572
0.044274
0.043964
0.043697
0.043440
0.043167
0.042898
0.042595
0.042279
0.041966
0.041645
0.041387
0.041150
0.040903
0.040668
0.040411
0.040150
0.039902
0.039656
0.039372
0.039074
0.038779
0.038475
0.038185
0.037898
0.037600
0.037301
0.037469
0.037834
0.038176
0.038651
0.039008
0.039374
0.039883
0.040444
0.040828
0.041176
0.041588
0.041991
0.042529
0.043126
0.043710
0.044330
0.044739
0.045075
0.045456
0.045801
0.046227
0.046674
0.047080
0.047488
0.048036
0.048640
0.049239
0.049877
0.050470
0.051061
0.051694
0.052339
0.052771
0.053121
0.053494
0.053816
0.054215
0.054624
0.054978
0.055321
0.055754
0.056216
0.056662
0.057125
0.057538
0.057937
0.058354
0.058768
0.059314
0.059917
0.060509
0.061139
0.061737
0.062339
0.062980
0.063635
0.064229
0.064809
0.065406
0.065998
0.066630
0.067279
-0.004476
-0.107027
0.345954
1.013215
-1.590572
0.750865
0.066792
0.066401
0.065790
0.065097
0.064698
0.064363
0.063930
0.063515
0.062887
0.062167
0.061475
0.060729
0.060301
0.059987
0.059603
0.059276
0.058831
0.058353
0.057940
0.057527
0.056900
0.056190
0.055489
0.054731
0.054043
0.053359
0.052613
0.051849
0.051461
0.051218
0.050940
0.050756
0.050445
0.050120
0.049897
0.049697
0.049342
0.048942
0.048574
0.048183
0.047881
0.047610
0.047311
0.047024
0.046515
0.045915
0.045336
0.044699
0.044120
0.043539
0.042897
0.042235
-0.021700
-0.112573
0.283530
0.867516
-1.412337
0.637415
0.038248
0.037632
0.037549
0.037688
0.037794
0.038047
0.038166
0.038294
0.038579
0.038922
0.039043
0.039113
0.039254
0.039376
0.039653
0.039995
0.040313
0.040667
0.040798
0.040848
0.040946
0.041003
0.041140
0.041298
0.041410
0.041520
0.041779
0.042094
0.042402
0.042749
0.043045
0.043336
0.043670
0.044015
0.044066
0.044003
0.043964
0.043850
0.043829
0.043817
0.043723
0.043608
0.043611
0.043646
0.043653
0.043676
0.043625
0.043549
0.043491
0.043421
0.043517
0.043680
0.043824
0.044009
0.044147
0.044283
0.044463
0.044656
0.044762
0.044842
0.044939
0.045023
0.045152
0.045296
0.045423
0.045556
0.050444
0.057355
0.064066
0.072144
0.079069
0.086122
0.094637
0.103714
0.111009
0.117964
0.125588
0.133148
0.142109
0.151706
0.161183
0.171055
0.178864
0.185967
0.193567
0.200829
0.208928
0.217277
0.225244
0.233254
0.242705
0.252748
0.262771
0.273216
0.283237
0.293274
0.303765
0.314412
0.308414
0.295455
0.283378
0.266652
0.254247
0.241594
0.223950
0.204523
0.191517
0.179880
0.166080
0.152683
0.134546
0.114351
0.094759
0.073957
0.113105
0.177258
0.237578
0.314334
0.375595
0.437560
0.517175
0.602989
0.664125
0.719536
0.782567
0.843545
0.921664
1.006920
1.089372
1.175790
1.373868
1.621019
1.867439
2.148368
2.405105
2.667643
2.966940
3.282035
3.788706
4.388187
4.996054
5.671267
6.325970
7.004394
7.753484
8.541586
9.975537
11.710061
13.457683
15.420120
18.798249
22.880803
26.532146
30.480021
36.984036
38.988878
31.991206
26.498513
22.771721
19.548298
16.622430
14.246046
12.098753
10.337942
9.138427
8.383110
7.044094
5.724308
4.893971
4.219096
3.759731
3.516745
3.429287
3.532224
3.162176
2.696564
2.449672
2.200979
1.978550
1.789613
1.599416
1.427159
1.312793
1.231333
1.165938
1.128928
1.044967
0.956031
0.898632
0.847347
0.839003
0.855136
0.875998
0.914889
0.848954
0.747366
0.668998
0.572702
0.520220
0.480437
0.420391
0.362315
0.371612
0.408352
0.444066
0.499336
0.534011
0.568978
0.625070
0.688108
0.668370
0.618902
0.580361
0.523773
0.500163
0.483285
0.446390
0.407625
0.406395
0.418140
0.426172
0.442679
0.442286
0.438281
0.443748
0.449764
0.466725
0.489603
0.512652
0.539705
0.567476
0.597447
0.631534
0.668479
0.700019
0.731034
0.765274
0.800067
0.840102
0.882968
0.926207
0.971487
1.060451
1.168999
1.277778
1.400459
1.514579
1.631594
1.763370
1.901878
2.027108
2.151404
2.283359
2.416730
2.564105
2.718914
2.874645
3.035736
3.418098
3.897220
4.372356
4.914569
5.408443
5.912759
6.488563
7.094561
8.529771
10.339526
12.145353
14.212829
16.129182
18.103429
20.355013
22.735730
28.057831
34.721363
40.831705
47.646741
47.752271
38.995131
34.701475
27.443388
23.613005
20.324563
17.513503
15.522487
13.232324
11.249707
10.132667
9.496370
8.277591
7.127906
6.507866
6.083887
5.404424
4.764215
4.342186
4.004336
3.538677
3.081186
2.718077
2.385422
2.228761
2.171251
2.138427
2.181207
1.997230
1.754812
1.600629
1.432593
1.398130
1.423354
1.429179
1.468864
1.421892
1.351862
1.320465
1.285523
1.297608
1.332132
1.361268
1.403605
1.410880
1.408852
1.421959
1.433434
1.464210
1.504036
1.541460
1.584147
1.662467
1.758161
1.857747
1.970905
2.079649
2.193286
2.321194
2.456998
2.698649
2.990548
3.286172
3.618137
3.936167
4.265692
4.633466
5.021426
5.669480
6.441713
7.223932
8.096132
9.024049
10.018898
11.104570
12.266151
14.138418
16.358268
18.626778
21.154128
25.434730
30.587785
28.401728
23.687393
21.274189
17.878191
15.935857
14.395167
12.534061
10.878762
9.664600
8.700657
7.675600
6.788507
6.166572
5.715642
5.180048
4.716642
4.436012
4.258017
3.865582
3.449353
3.150066
2.866681
2.786991
2.813806
2.849230
2.959795
2.644797
2.184848
1.821101
1.385298
1.125999
0.918222
0.629010
0.347982
0.346008
0.457983
0.565751
0.754675
0.859069
0.965081
1.158715
1.381439
1.286498
1.079302
0.916611
0.686617
0.587455
0.517134
0.371855
0.222050
0.218716
0.267646
0.304981
0.377384
0.387404
0.386086
0.423667
0.465880
0.446340
0.406815
0.375057
0.330699
0.317405
0.312247
0.292769
0.274299
0.277679
0.289312
0.300933
0.318731
0.327860
0.336194
0.351295
0.367985
0.350698
0.320415
0.293295
0.257833
0.234146
0.211896
0.180528
0.147201
0.127689
0.112173
0.093960
0.077934
0.053964
0.027354
0.003330
-0.021673
-0.025519
-0.020546
-0.017478
-0.008848
-0.005490
-0.001970
0.007519
0.019067
0.020479
0.019175
0.020486
0.020563
0.026835
0.035441
0.042523
0.050708
0.051059
0.048432
0.047271
0.044509
0.044224
0.044398
0.042819
0.040972
0.044193
0.049259
0.053814
0.059554
0.063284
0.066659
0.071343
0.076205
0.074892
0.071174
0.067916
0.063073
0.060290
0.057689
0.053362
0.048604
0.046161
0.044318
0.041916
0.039802
0.036201
0.032042
0.028242
0.024176
0.023891
0.025129
0.025930
0.027661
0.028332
0.028940
0.030553
0.032451
0.032414
0.031795
0.031563
0.031018
0.031513
0.032345
0.032811
0.033390
0.035501
0.038279
0.041105
0.044425
0.047369
0.050389
0.053938
0.057708
0.061163
0.064644
0.068372
0.072183
0.076439
0.080948
0.085526
0.090301
0.094210
0.097850
0.101730
0.105494
0.109674
0.114001
0.118193
0.122441
0.127312
0.132461
0.137640
0.143027
0.148274
0.153562
0.159073
0.164682
0.170211
0.175775
0.181446
0.187172
0.193077
0.199096
0.205164
0.211324
0.217624
0.224031
0.230529
0.237131
0.243801
0.250558
0.257421
0.264377
0.271603
0.278999
0.286480
0.294106
0.301786
0.309565
0.317492
0.325535
0.333601
0.341746
0.350011
0.358366
0.366869
0.375490
0.384199
0.393017
0.400279
0.406939
0.413779
0.420249
0.427225
0.434262
0.440896
0.447440
0.454724
0.462239
0.469626
0.477144
0.484278
0.491295
0.498465
0.505604
0.513556
0.521855
0.530089
0.538545
0.546820
0.555116
0.563648
0.572271
0.580505
0.588640
0.596888
0.605097
0.613558
0.622119
0.630629
0.639191
0.665861
0.700254
0.733921
0.772814
0.807350
0.842405
0.883054
0.925864
0.961943
0.996764
1.034157
1.071341
1.113879
1.158870
1.203434
1.249534
1.287807
1.323424
1.360965
1.397250
1.436749
1.477231
1.516291
1.555546
1.600312
1.647365
1.694370
1.743011
1.790070
1.837218
1.886127
1.935658
2.061554
2.220421
2.376654
2.555304
2.716551
2.880620
3.068623
3.266289
3.435767
3.600313
3.776268
3.951782
4.150441
4.359951
4.568096
4.783195
5.158725
5.605631
6.052808
6.550537
7.015493
7.490222
8.147502
8.883567
8.618587
7.983915
13.194883
9.622391
11.474717
12.138232
12.816127
13.517479
14.574490
15.795349
17.025268
18.373485
19.733148
21.154075
22.697038
24.321849
26.707155
29.467327
32.280404
35.372189
38.660660
42.169029
39.874618
35.235014
32.794013
29.575070
27.321200
25.346222
23.397354
21.692479
20.282847
19.115944
17.063013
14.778088
14.619885
15.164059
13.981740
12.619143
12.074967
11.611729
10.908570
10.227917
9.647897
9.095837
8.721847
8.447384
8.194986
8.017473
7.683837
7.321198
7.042985
6.770571
6.613136
6.516281
6.421143
6.367301
6.203388
6.012174
5.868467
5.720524
5.638649
5.587931
5.530358
5.491465
5.559944
5.682138
5.818985
5.998608
6.167701
6.353911
6.584971
6.842021
7.123811
7.433055
7.768493
8.130562
8.524611
8.947521
9.396828
9.874278
10.373891
10.898918
11.452331
12.032079
12.640893
13.277421
14.021972
14.828551
15.453563
16.041825
20.334737
19.188119
21.384949
22.847653
24.466436
26.161644
28.619315
31.453754
34.335671
37.495086
40.793238
44.285489
48.059391
52.058784
49.102574
43.322265
40.614305
37.153687
33.758022
30.362618
28.127675
26.393504
24.226683
22.233319
20.786217
19.607018
18.201671
16.883484
15.856716
14.970843
13.936961
12.936986
11.567945
10.042083
11.885635
9.202319
9.420579
9.108888
8.539799
7.920092
7.433145
6.951710
6.654302
6.451837
6.248199
6.108041
5.685618
5.172715
4.737685
4.263501
3.917146
3.615080
3.267590
2.935063
2.811082
2.778040
2.751133
2.791535
2.781743
2.782785
2.855716
2.958998
2.801010
2.553687
2.349619
2.094426
1.952830
1.840192
1.670077
1.501104
1.462950
1.474908
1.481951
1.524238
1.518544
1.508429
1.536828
1.574461
1.507977
1.405597
1.317572
1.207809
1.143599
1.090105
1.012258
0.933895
0.900826
0.884209
0.864910
0.856977
0.830229
0.800517
0.783360
0.768164
0.731547
0.688064
0.647634
0.603017
0.569226
0.538403
0.502803
0.467708
0.440974
0.417528
0.394206
0.373363
0.349527
0.325592
0.304354
0.283900
0.268612
0.256176
0.244351
0.234668
0.225284
0.217094
0.211116
0.206669
0.200919
0.195565
0.191872
0.188933
0.188419
0.189466
0.191203
0.194221
0.197582
0.201764
0.207263
0.213743
0.221554
0.230531
0.240476
0.251520
0.264334
0.278520
0.293774
0.310314
0.327750
0.346284
0.366117
0.387113
0.386093
0.376387
0.368844
0.355820
0.349621
0.343985
0.332399
0.319268
0.316005
0.315586
0.313096
0.312102
0.305466
0.296912
0.290134
0.282614
0.286375
0.294778
0.301940
0.311945
0.319053
0.326128
0.336260
0.347371
0.352635
0.356195
0.361044
0.365024
0.372264
0.380621
0.387947
0.395704
0.390056
0.378796
0.368552
0.354691
0.344174
0.333493
0.318932
0.302996
0.293039
0.284571
0.274392
0.264816
0.251327
0.236275
0.222001
0.206913
0.197121
0.189284
0.180381
0.172501
0.162803
0.152699
0.143724
0.134846
0.122485
0.108808
0.095390
0.081096
0.068080
0.055224
0.041408
0.027396
0.027876
0.034329
0.039945
0.049539
0.055142
0.060823
0.070786
0.082186
0.088023
0.092620
0.098978
0.104914
0.114842
0.126457
0.137478
0.149460
0.154318
0.156533
0.160044
0.162114
0.166637
0.171664
0.175104
0.178365
0.185989
0.195217
0.204058
0.213950
0.222136
0.230047
0.239115
0.248367
0.251262
0.251661
0.252532
0.251762
0.253054
0.254504
0.254170
0.253369
0.254994
0.257244
0.258892
0.260833
0.261208
0.260991
0.261141
0.261003
0.264613
0.269722
0.274375
0.279934
0.284423
0.288833
0.294223
0.299879
0.303577
0.306671
0.310133
0.313262
0.317411
0.321877
0.325956
0.330127
0.330290
0.328749
0.327472
0.325086
0.323642
0.322107
0.319384
0.316213
0.314789
0.313773
0.312207
0.310784
0.308158
0.305028
0.302093
0.298878
0.297162
0.295975
0.294433
0.293148
0.291293
0.289279
0.287551
0.285810
0.283009
0.279781
0.276588
0.273097
0.269936
0.266781
0.263304
0.259727
0.258648
0.258552
0.258242
0.258566
0.258093
0.257556
0.257707
0.258037
0.257339
0.256360
0.255615
0.254730
0.254470
0.254434
0.254228
0.254121
0.252623
0.250560
0.248659
0.246415
0.244550
0.242702
0.240485
0.238158
0.236553
0.235166
0.233631
0.232212
0.230403
0.228468
0.226667
0.224824
0.228109
0.233571
0.238768
0.245415
0.250819
0.256345
0.263424
0.271090
0.276721
0.281927
0.287839
0.293638
0.300949
0.308926
0.316725
0.324921
0.330974
0.336282
0.342092
0.347539
0.353825
0.360351
0.366470
0.372617
0.380247
0.388479
0.396673
0.405290
0.413450
0.421610
0.430227
0.438990
0.445097
0.450192
0.455556
0.460278
0.465920
0.471680
0.476740
0.481653
0.487699
0.494083
0.500262
0.506633
0.512381
0.517933
0.523707
0.529419
0.536724
0.544700
0.552544
0.560815
0.568708
0.576626
0.585002
0.593544
0.601334
0.608929
0.616734
0.624456
0.632655
0.641041
0.649324
0.657700
0.665401
0.672847
0.680418
0.687852
0.695507
0.703205
0.710752
0.718278
0.726234
0.734347
0.742418
0.750591
0.758595
0.766570
0.774658
0.782761
0.791142
0.799659
0.808182
0.816801
0.825403
0.834042
0.842782
0.851580
0.860274
0.868963
0.877718
0.886486
0.895366
0.904306
0.913256
0.922251
0.931899
0.941847
0.951812
0.961995
0.972065
0.982190
0.992546
1.003013
1.013303
1.023595
1.101740
1.208737
0.795559
0.181752
2.628104
0.448058
1.098330
1.108942
1.119659
1.130370
1.141235
1.152173
1.163098
1.174067
1.185271
1.196594
1.207953
1.219408
1.230844
1.242322
1.253900
1.265539
1.291340
1.323208
1.354527
1.389956
1.422036
1.454560
1.491477
1.530117
1.563490
1.595896
1.630346
1.664656
1.703188
1.743668
1.783835
1.825229
1.837337
1.837526
1.840244
1.835353
2.016526
2.273572
2.514738
2.804403
2.013986
0.785043
1.639648
3.060927
2.762553
2.218647
2.352049
2.476490
2.491270
2.526910
2.563385
2.598379
2.635891
2.673868
2.710211
2.746342
2.785485
2.825638
2.865429
2.905859
2.944867
2.983531
3.022914
3.062291
3.105942
3.151486
3.196844
3.243464
3.289258
3.335273
3.382626
3.430566
3.476720
3.522532
3.569037
3.615488
3.663326
3.711803
3.760169
3.808934
3.881045
3.963265
4.044890
4.133472
4.216734
4.300929
4.392550
4.487205
4.573724
4.658990
4.747806
4.836683
4.932627
5.031983
5.131126
5.232525
5.324022
5.412340
5.503419
5.593135
5.687312
5.783040
5.877186
5.971859
6.073935
6.179240
6.284758
6.392664
6.498793
6.605307
6.714372
6.824514
6.998732
7.200988
7.401617
7.621479
7.827584
8.036677
8.266258
8.504500
8.719735
8.931410
9.153205
9.375201
9.617104
9.868644
10.119614
10.376966
10.606920
10.828148
11.057158
11.282489
11.520297
11.762513
12.000445
12.239941
12.500136
12.769417
13.039390
13.316108
13.587986
13.861039
14.141287
14.424635
14.833115
15.297051
15.758858
16.258998
16.733878
17.215748
17.738371
18.278935
18.775663
19.266461
19.778045
20.291052
20.843861
21.416474
21.989010
22.575008
23.221384
23.899752
24.589451
25.305357
26.019265
26.745803
27.499645
28.270812
29.130290
30.038352
30.960759
31.921388
32.910928
33.932199
34.991905
36.085895
37.264290
38.498735
39.765336
41.080823
42.419551
43.794481
43.018450
41.346616
40.865173
40.242688
38.624478
36.642545
35.655964
34.817022
33.550736
32.277199
31.395408
30.631655
29.840108
29.133532
28.196265
27.197714
26.296847
25.384398
24.750292
24.239538
23.705569
23.249001
22.743490
22.250967
21.840492
21.465832
20.851955
20.161762
19.519610
18.836807
18.270457
17.739697
17.162215
16.593863
16.154470
15.769280
15.387608
15.046489
14.668598
14.294435
13.963865
13.649697
13.299981
12.947440
12.613758
12.283013
11.989468
11.715124
11.442366
11.183220
10.953865
10.743733
10.546419
10.366722
10.193087
10.031644
9.888279
9.758960
9.541314
9.294583
9.066345
8.822992
8.619728
8.428398
8.219840
8.013789
7.859459
7.726486
7.593742
7.476580
7.344039
7.212280
7.097317
6.988238
6.858827
6.725299
6.598874
6.471389
6.359436
6.254347
6.147548
6.044883
5.955500
5.873523
5.795240
5.723405
5.651723
5.583520
5.522014
5.465005
5.374161
5.271736
5.175478
5.072834
4.984646
4.900269
4.808708
4.717406
4.644549
4.578901
4.512670
4.451521
4.383977
4.316033
4.253622
4.192699
4.154508
4.127272
4.100642
4.081810
4.060536
4.041941
4.031529
4.025595
4.012222
3.998649
3.990097
3.982801
3.983991
3.989912
3.996806
4.007230
4.040609
4.085514
4.133090
4.189634
4.244226
4.302473
4.370109
4.443246
4.513172
4.585304
4.663344
4.744591
4.834624
4.930524
5.029412
5.133252
5.323573
5.553328
5.784503
6.043920
6.287924
6.538755
6.819496
7.114531
7.462864
7.843741
8.237355
8.657281
9.086752
9.533963
10.008102
10.503023
11.197671
11.989892
12.795228
13.673017
14.974800
16.492333
18.066691
19.811226
21.310861
22.792057
22.071848
20.380373
18.642448
16.196504
15.135520
14.327127
13.199425
12.200879
11.488580
10.924792
10.144642
9.372335
8.765364
8.209509
7.662202
7.159992
6.711641
6.308245
6.000731
5.760784
5.563667
5.426590
5.063893
4.637867
4.284060
3.907414
3.654894
3.452134
3.220954
3.014143
2.888130
2.804907
2.743201
2.719258
2.690080
2.678650
2.706708
2.759330
2.629717
2.438255
2.280393
2.088548
1.975919
1.884628
1.755010
1.627472
1.599056
1.609731
1.617981
1.654015
1.656409
1.657253
1.688289
1.727882
1.693038
1.633728
1.586726
1.525614
1.499711
1.483479
1.451222
1.420406
1.424505
1.442438
1.460232
1.488145
1.504115
1.519731
1.546337
1.576189
1.545697
1.492214
1.444780
1.382756
1.341734
1.303452
1.249209
1.191683
1.159608
1.135136
1.106039
1.081233
1.042352
0.999003
0.960665
0.920875
0.895043
0.874999
0.852890
0.834093
0.812057
0.789975
0.771445
0.754062
0.727945
0.699026
0.671699
0.642812
0.618193
0.594827
0.569674
0.544801
0.516730
0.487240
0.458162
0.428257
0.398851
0.369313
0.338899
0.308104
0.279369
0.251240
0.222620
0.194293
0.164843
0.135001
0.105507
0.075858
0.069978
0.074176
0.077191
0.086943
0.090890
0.095399
0.107122
0.121563
0.126716
0.129956
0.136466
0.142489
0.155497
0.171594
0.186911
0.204084
0.211147
0.214697
0.220596
0.224778
0.232922
0.242196
0.249541
0.257013
0.271451
0.288709
0.305784
0.324839
0.341744
0.358642
0.377682
0.397403
0.395699
0.385425
0.376796
0.362583
0.354851
0.347435
0.333971
0.318768
0.312245
0.307962
0.301455
0.295971
0.284922
0.271748
0.259855
0.246922
0.245331
0.248214
0.249542
0.253506
0.254127
0.254396
0.257526
0.261354
0.258946
0.254514
0.251097
0.246503
0.244941
0.244224
0.242167
0.240257
0.237747
0.234908
0.232236
0.229418
0.226479
0.223438
0.220253
0.216944
0.214404
0.212118
0.209670
0.207355
0.204694
0.201932
0.199319
0.196686
0.193392
0.189823
0.186263
0.182507
0.178938
0.175357
0.171566
0.167700
0.164016
0.160353
0.156602
0.152843
0.148906
0.144880
0.140852
0.136763
0.134652
0.133353
0.131905
0.130984
0.129526
0.128070
0.127181
0.126478
0.124932
0.123174
0.121648
0.120034
0.118970
0.118123
0.117161
0.116311
0.114563
0.112475
0.110539
0.108413
0.106575
0.104787
0.102791
0.100759
0.099271
0.097975
0.096619
0.095384
0.093922
0.092414
0.091041
0.089681
0.087037
0.083868
0.080767
0.077314
0.074224
0.071130
0.067655
0.064055
0.060928
0.057902
0.054724
0.051578
0.048085
0.044444
0.040850
0.037171
0.034156
0.031389
0.028505
0.025758
0.022782
0.019761
0.016890
0.014038
0.010786
0.007389
0.004029
0.000574
-0.002721
-0.005988
-0.009359
-0.012745
-0.015633
-0.018325
-0.021055
-0.023657
-0.026426
-0.029209
-0.031852
-0.034461
-0.037257
-0.040103
-0.042903
-0.045726
-0.048429
-0.051088
-0.053775
-0.056441
-0.059411
-0.062505
-0.065563
-0.068696
-0.071744
-0.074787
-0.077911
-0.081058
-0.084049
-0.086993
-0.089969
-0.092919
-0.095953
-0.099014
-0.102046
-0.105087
-0.104690
-0.102831
-0.101130
-0.098447
-0.096598
-0.094659
-0.091670
-0.088279
-0.086206
-0.084394
-0.082102
-0.079869
-0.076621
-0.072919
-0.069316
-0.065435
-0.063023
-0.061117
-0.058860
-0.056846
-0.054244
-0.051469
-0.048968
-0.046441
-0.042891
-0.038922
-0.034972
-0.030725
-0.026784
-0.022836
-0.018568
-0.014192
-0.011487
-0.009408
-0.007144
-0.005271
-0.002796
-0.000229
0.001909
0.003971
0.006761
0.009780
0.012686
0.015728
0.018393
0.020948
0.023660
0.026348
0.030072
0.034243
0.038345
0.042736
0.046900
0.051096
0.055601
0.060228
0.064389
0.068443
0.072646
0.076812
0.081299
0.085922
0.090494
0.095142
0.095479
0.094013
0.092810
0.090418
0.089128
0.087777
0.085149
0.082067
0.080742
0.079818
0.078337
0.076992
0.074408
0.071301
0.068385
0.065173
0.063837
0.063181
0.062140
0.061452
0.060089
0.058564
0.057431
0.056317
0.053980
0.051172
0.048440
0.045390
0.042773
0.040199
0.037279
0.034277
0.033542
0.033696
0.033666
0.034214
0.034030
0.033788
0.034173
0.034721
0.034363
0.033762
0.033373
0.032864
0.032917
0.033176
0.033288
0.033493
0.009037
-0.025885
-0.059648
-0.100433
0.043323
0.262433
0.466325
0.718596
-0.116591
-1.393430
-0.579661
0.801540
0.457976
-0.132191
-0.043989
0.034661
0.011853
0.013231
0.014486
0.016280
0.017606
0.018971
0.020913
0.023070
0.024404
0.025550
0.026958
0.028302
0.030222
0.032383
0.034457
0.036666
0.038109
0.039279
0.040623
0.041833
0.043331
0.044906
0.046332
0.047760
0.049717
0.051885
0.054032
0.056325
0.058447
0.060562
0.062836
0.065156
0.066340
0.067080
0.067918
0.068469
0.069386
0.070335
0.070972
0.071530
0.072554
0.073706
0.074754
0.075867
0.076698
0.077429
0.078238
0.079004
0.080412
0.082081
0.083677
0.085434
0.087017
0.088594
0.090344
0.092145
0.093617
0.094991
0.096435
0.097827
0.099401
0.101034
0.102608
0.104203
0.104404
0.104015
0.103709
0.103013
0.102659
0.102275
0.101475
0.100521
0.100140
0.099888
0.099447
0.099047
0.098237
0.097251
0.096323
0.095295
0.094838
0.094582
0.094199
0.093915
0.093416
0.092858
0.092413
0.091965
0.091126
0.090132
0.089153
0.088067
0.087106
0.086151
0.085078
0.083972
0.083635
0.083598
0.083491
0.083576
0.083407
0.083213
0.083228
0.083294
0.083041
0.082698
0.082423
0.082101
0.081967
0.081897
0.081771
0.081672
0.081128
0.080402
0.079721
0.078927
0.078249
0.077573
0.076774
0.075936
0.075321
0.074770
0.074168
0.073597
0.072899
0.072156
0.071451
0.070727
0.070541
0.070579
0.070575
0.070716
0.070720
0.070729
0.070893
0.071110
0.071087
0.071004
0.070987
0.070945
0.071059
0.071235
0.071378
0.071552
0.071511
0.071389
0.071309
0.071186
0.071135
0.071099
0.071017
0.070928
0.070980
0.071082
0.071173
0.071298
0.071370
0.071434
0.071535
0.071643
0.071415
0.071051
0.070709
0.070277
0.069943
0.069612
0.069183
0.068725
0.068395
0.068095
0.067758
0.067433
0.067020
0.066570
0.066136
0.065683
0.065408
0.065200
0.064965
0.064770
0.064517
0.064256
0.064037
0.063826
0.063513
0.063165
0.062830
0.062474
0.062162
0.061861
0.061536
0.061210
0.059058
0.056126
0.053272
0.049892
0.046947
0.043950
0.040389
0.036611
0.033526
0.030573
0.027360
0.024173
0.020442
0.016465
0.012535
0.008452
0.005139
0.002087
-0.001156
-0.004277
-0.007715
-0.011250
-0.014646
-0.018062
-0.022025
-0.026215
-0.030401
-0.034750
-0.038944
-0.043147
-0.047525
-0.051966
-0.055525
-0.058757
-0.062093
-0.065227
-0.068686
-0.072200
-0.075491
-0.078747
-0.082397
-0.086173
-0.089896
-0.093696
-0.097301
-0.100854
-0.104496
-0.108131
-0.112321
-0.116755
-0.121157
-0.125719
-0.130166
-0.134635
-0.139275
-0.143985
-0.148453
-0.152869
-0.157370
-0.161858
-0.166522
-0.171263
-0.175983
-0.180749
-0.176987
-0.169616
-0.162660
-0.153286
-0.146017
-0.138554
-0.128502
-0.117479
-0.109750
-0.102694
-0.094471
-0.086416
-0.075868
-0.064214
-0.052833
-0.040785
-0.032436
-0.025378
-0.017473
-0.010204
-0.001492
0.007624
0.016027
0.024469
0.035437
0.047422
0.059333
0.071957
0.083789
0.095611
0.108204
0.121036
0.129720
0.136832
0.144377
0.150930
0.158948
0.167169
0.174305
0.181229
0.189925
0.199162
0.208094
0.217339
0.225626
0.233621
0.241977
0.250247
0.261058
0.272947
0.284642
0.297028
0.308828
0.320682
0.333275
0.346146
0.357842
0.369245
0.380993
0.392626
0.405029
0.417742
0.430305
0.443032
0.451075
0.457184
0.463664
0.468899
0.475379
0.481844
0.486971
0.491653
0.498398
0.505670
0.512382
0.519321
0.524938
0.530040
0.535430
0.540561
0.547713
0.555633
0.563200
0.571191
0.578536
0.585766
0.593461
0.601231
0.607758
0.613841
0.620060
0.625996
0.632445
0.638994
0.645230
0.651434
0.697549
0.760599
0.821892
0.894599
0.957503
1.021398
1.097518
1.178266
1.243989
1.306781
1.375110
1.442830
1.522234
1.606912
1.690500
1.777332
1.839145
1.891716
1.948717
2.000622
2.061319
2.123839
2.180739
2.237035
2.308217
2.384855
2.460179
2.539078
2.612101
2.684162
2.760164
2.836771
3.049274
3.320301
3.586125
3.891551
4.165777
4.444735
4.765991
5.104159
5.391168
5.668812
5.966505
6.262923
6.600415
6.956909
7.310472
7.676042
8.254056
8.927780
9.604750
10.350448
11.055040
11.774693
12.567288
13.393626
14.562423
15.900473
17.259265
18.742460
20.263387
21.860863
23.585654
25.404485
27.662515
30.164973
32.746852
35.523575
39.343275
43.706474
42.506539
39.304638
36.489687
32.312159
29.387661
26.398776
26.356696
22.198227
20.862034
19.109753
17.691161
16.518419
15.528664
14.767311
13.717219
12.670678
11.874476
11.155883
10.277414
9.393796
8.599398
7.823620
7.235131
6.744505
6.265788
5.857831
5.471193
5.128046
4.857323
4.640054
4.487787
4.395897
4.357114
4.376104
4.154682
3.863661
3.643233
3.394771
3.274987
3.204294
3.099593
3.017051
2.850638
2.655322
2.486291
2.306019
2.156682
2.018024
1.866604
1.718034
1.644393
1.602618
1.560461
1.541009
1.502218
1.465799
1.453714
1.451046
1.375231
1.275283
1.188431
1.088097
1.021700
0.964812
0.892608
0.821937
0.788409
0.769782
0.751018
0.743111
0.723021
0.702821
0.694384
0.689610
0.668996
0.644603
0.624779
0.603452
0.592961
0.586859
0.578770
0.573040
0.576481
0.584718
0.594986
0.609337
0.623084
0.638703
0.658590
0.681107
0.658251
0.617773
0.582007
0.535184
0.503126
0.472667
0.430163
0.384846
0.359882
0.340983
0.318200
0.298762
0.268110
0.233843
0.203491
0.171924
0.164971
0.168336
0.169413
0.176958
0.178570
0.180446
0.189256
0.200511
0.199644
0.195499
0.194464
0.191932
0.196732
0.204279
0.209986
0.216973
0.210217
0.198017
0.187722
0.174230
0.164722
0.155612
0.143038
0.129598
0.123813
0.120514
0.115961
0.112850
0.106022
0.098157
0.091934
0.085530
0.084525
0.085908
0.086883
0.089375
0.090883
0.092639
0.096005
0.100068
0.101431
0.102141
0.103703
0.105035
0.108164
0.112039
0.115606
0.119582
0.115447
0.108018
0.101360
0.092629
0.086156
0.079755
0.071115
0.061796
0.056261
0.051782
0.046417
0.041572
0.034493
0.026615
0.019362
0.011764
0.007712
0.005073
0.001929
-0.000392
-0.003710
-0.007118
-0.009637
-0.011924
-0.016245
-0.021229
-0.025879
-0.030913
-0.034968
-0.038752
-0.042973
-0.047149
0.045809
0.180072
-0.392747
-1.236784
2.074724
-0.898284
-0.024670
-0.019309
-0.015710
-0.012420
-0.008437
-0.004490
0.000913
0.006992
0.012977
0.019392
0.023287
0.026302
0.029871
0.032996
0.037109
0.041493
0.045379
0.049285
0.054853
0.061086
0.067264
0.073905
0.080012
0.086103
0.092696
0.099440
0.098920
0.095435
0.092421
0.087449
0.084531
0.081619
0.076595
0.070893
0.068055
0.065893
0.062889
0.060147
0.055436
0.049920
0.044754
0.039150
0.037168
0.036558
0.035342
0.034896
0.033266
0.031428
0.030433
0.029574
0.026569
0.022805
0.019280
0.015274
0.012170
0.009249
0.005794
0.002292
0.002079
0.003187
0.004101
0.005899
0.006695
0.007459
0.009181
0.011188
0.012005
0.012549
0.013449
0.014246
0.015890
0.017885
0.019740
0.021789
0.021979
0.021456
0.021212
0.020556
0.020492
0.020515
0.020089
0.019574
0.020104
0.020990
0.021736
0.022700
0.023193
0.023573
0.024197
0.024823
0.025060
0.025159
0.025279
0.025300
0.025491
0.025710
0.025820
0.025916
0.026105
0.026314
0.026503
0.026703
0.026834
0.026938
0.027057
0.027163
0.027622
0.028228
0.028804
0.029474
0.030049
0.030625
0.031302
0.032011
0.032562
0.033071
0.033623
0.034155
0.034788
0.035459
0.036107
0.036774
0.037383
0.037974
0.038586
0.039193
0.039825
0.040467
0.041102
0.041742
0.042439
0.043162
0.043887
0.044632
0.045365
0.046102
0.046859
0.047626
0.048414
0.049216
0.050027
0.050852
0.051686
0.052532
0.053391
0.054262
0.055136
0.056019
0.056914
0.057818
0.058737
0.059668
0.060608
0.061559
0.065120
0.069798
0.074376
0.079710
0.084424
0.089218
0.094822
0.100742
0.105694
0.110468
0.115617
0.120740
0.126640
0.132898
0.139098
0.145524
0.150836
0.155774
0.160994
0.166039
0.171550
0.177206
0.182665
0.188158
0.194445
0.201065
0.207685
0.214544
0.221182
0.227839
0.234753
0.241762
0.245981
0.249086
0.252410
0.255011
0.258455
0.261942
0.264644
0.267123
0.270746
0.274669
0.278304
0.282077
0.285126
0.287901
0.290848
0.293664
0.297945
0.302805
0.307468
0.312473
0.317052
0.321588
0.326496
0.331497
0.335695
0.339634
0.343707
0.347631
0.351950
0.356381
0.360641
0.364923
0.396729
0.440238
0.482581
0.532828
0.576369
0.620636
0.673365
0.729324
0.774981
0.818664
0.866203
0.913366
0.968620
1.027547
1.085768
1.146267
1.341210
1.594352
1.844050
2.133790
2.392857
2.657273
2.964435
3.289043
3.725015
4.221074
4.730731
5.286124
5.843818
6.425363
7.054261
7.714729
8.939337
10.423792
11.916981
13.595390
16.741766
20.600481
23.430154
26.311226
32.401230
27.648154
22.796510
19.308282
16.071587
13.570397
11.866001
10.871941
9.245656
7.767607
7.058466
6.679013
5.811617
4.972519
4.501852
4.149544
3.629705
3.133059
2.769086
2.454694
2.403402
2.501341
2.640315
2.894541
2.702757
2.379549
2.195204
1.961129
1.956037
2.039776
2.063269
2.127001
2.113949
2.080703
2.091944
2.104520
2.155412
2.227945
2.300561
2.387411
2.470908
2.559657
2.663285
2.775351
2.901648
3.039530
3.185652
3.342214
3.522864
3.719529
3.926030
4.146770
4.373979
4.611654
4.863870
5.127862
5.543835
6.031533
6.524985
7.070589
7.594803
8.134963
8.730079
9.353786
10.109340
10.940212
11.795433
12.710271
13.636609
14.598355
15.621513
16.688612
18.467209
20.575641
22.699370
25.059514
27.815445
30.852190
34.249199
37.973001
42.624344
47.861641
52.868746
46.845916
41.429149
36.947749
33.257786
30.407077
27.401952
24.808213
22.446491
20.359922
18.480285
16.842205
15.481877
14.374840
12.956429
11.553635
10.428673
9.396275
8.761481
8.368663
8.056729
7.934707
7.285900
6.510509
5.955063
5.378103
5.131982
5.039841
4.912912
4.878371
4.535158
4.100216
3.773942
3.418237
3.213829
3.071513
2.893070
2.744373
2.541658
2.326073
2.143321
1.962789
1.812452
1.679479
1.547764
1.427917
1.384403
1.379064
1.382730
1.416200
1.442706
1.481168
1.550855
1.638693
1.567973
1.441599
1.341099
1.208739
1.141326
1.089357
1.001813
0.913246
0.906467
0.930242
0.949149
0.988964
0.997254
1.001412
1.028534
1.060153
1.041079
1.004975
0.975894
0.936453
0.920461
0.910334
0.888528
0.866984
0.866534
0.873944
0.880624
0.892910
0.896806
0.899681
0.908715
0.919004
0.969814
1.039105
1.107996
1.189668
1.264552
1.342493
1.433955
1.531885
1.615148
1.696633
1.785553
1.875250
1.978666
2.089071
2.199748
2.315268
2.634576
3.042893
3.447440
3.913673
4.335125
4.766030
5.262691
5.787019
6.643908
7.662230
8.695376
9.845693
11.242935
12.801720
14.471270
16.289797
19.077668
22.359534
26.871796
32.241724
39.911149
42.180240
35.203191
29.117548
24.808572
20.694220
17.786119
15.670609
13.356463
11.456946
10.396044
9.865237
8.366544
6.793228
5.817046
4.957486
4.455377
4.223244
4.101167
4.190283
3.642121
2.933422
2.471694
1.972341
1.859445
1.919505
1.925917
2.031473
1.802521
1.472017
1.258140
1.010878
0.921850
0.896855
0.831405
0.795503
0.746437
0.701333
0.687062
0.686374
0.704482
0.740219
0.789450
0.854674
0.796638
0.695079
0.615497
0.511818
0.457149
0.414369
0.344706
0.274367
0.273083
0.298020
0.319064
0.358051
0.371547
0.382193
0.412481
0.447092
0.429432
0.393637
0.364726
0.324711
0.307364
0.295186
0.270591
0.245536
0.242648
0.247660
0.251141
0.260021
0.259348
0.256977
0.260594
0.264952
0.252378
0.233582
0.216330
0.195026
0.180331
0.166712
0.148627
0.129846
0.117271
0.106539
0.094783
0.084111
0.069932
0.054660
0.040654
0.026304
0.024318
0.027565
0.029932
0.035686
0.038500
0.041556
0.048238
0.056266
0.058791
0.059989
0.062846
0.065204
0.071256
0.078822
0.085725
0.093446
0.088181
0.077704
0.068629
0.056332
0.047756
0.039401
0.027563
0.014740
0.008277
0.003691
-0.002217
-0.007134
-0.015570
-0.025179
-0.033622
-0.042490
-0.045702
-0.046581
-0.048137
-0.048289
-0.049861
-0.051452
-0.051534
-0.051132
-0.053813
-0.057419
-0.060379
-0.063826
-0.065615
-0.066858
-0.068670
-0.070293
-0.072212
-0.074228
-0.076041
-0.077844
-0.079568
-0.081233
-0.082889
-0.084506
-0.085578
-0.086398
-0.087201
-0.087820
-0.088532
-0.089195
-0.089665
-0.090039
-0.090591
-0.091152
-0.091606
-0.092038
-0.092278
-0.092416
-0.092537
-0.092584
-0.092454
-0.092213
-0.091902
-0.091490
-0.091044
-0.090530
-0.089913
-0.089215
-0.087346
-0.084931
-0.082482
-0.079639
-0.076974
-0.074196
-0.071002
-0.067598
-0.064530
-0.061463
-0.058159
-0.054791
-0.051017
-0.047016
-0.042963
-0.038738
-0.034887
-0.031109
-0.027138
-0.023157
-0.018909
-0.014522
-0.010137
-0.005658
-0.000775
0.004324
0.009501
0.014855
0.020199
0.025629
0.031244
0.036977
0.037801
0.036612
0.035757
0.033582
0.032765
0.031941
0.029694
0.026983
0.026269
0.026037
0.025226
0.024607
0.022637
0.020121
0.017856
0.015298
0.015082
0.015751
0.016018
0.016778
0.016771
0.016626
0.017020
0.017498
0.016568
0.015135
0.013853
0.012251
0.011231
0.010326
0.009065
0.007767
0.008888
0.010983
0.012933
0.015535
0.017409
0.019263
0.021821
0.024592
0.026475
0.028155
0.030099
0.031966
0.034462
0.037217
0.039868
0.042662
0.044117
0.045058
0.046205
0.047058
0.048338
0.049684
0.050709
0.051672
0.053394
0.055377
0.057262
0.059307
0.061013
0.062641
0.064448
0.066259
0.065987
0.064848
0.063805
0.062176
0.061110
0.060019
0.058298
0.056357
0.055166
0.054125
0.052818
0.051547
0.049698
0.047591
0.045546
0.043344
0.042181
0.041394
0.040401
0.039606
0.038431
0.037165
0.036120
0.035085
0.033394
0.031452
0.029552
0.027482
0.025648
0.023839
0.021845
0.019808
0.018583
0.017663
0.016664
0.015859
0.014763
0.013625
0.012701
0.011818
0.010604
0.009291
0.008036
0.006724
0.005596
0.004525
0.003387
0.002268
0.000630
-0.001227
-0.003044
-0.005002
-0.006836
-0.008680
-0.010674
-0.012723
-0.014532
-0.016281
-0.018098
-0.019892
-0.021840
-0.023851
-0.025830
-0.027842
-0.028464
-0.028508
-0.028644
-0.028401
-0.028516
-0.028615
-0.028307
-0.027857
-0.027989
-0.028259
-0.028352
-0.028498
-0.028245
-0.027828
-0.027480
-0.027043
-0.027203
-0.027583
-0.027845
-0.028223
-0.028392
-0.028515
-0.028765
-0.029026
-0.028903
-0.028634
-0.028393
-0.028056
-0.027860
-0.027683
-0.027399
-0.027094
-0.027553
-0.028316
-0.029023
-0.029929
-0.030598
-0.031253
-0.032124
-0.033056
-0.033689
-0.034246
-0.034880
-0.035480
-0.036274
-0.037143
-0.037969
-0.038832
-0.039270
-0.039540
-0.039866
-0.040092
-0.040444
-0.040808
-0.041063
-0.041292
-0.041751
-0.042283
-0.042777
-0.043313
-0.043736
-0.044126
-0.044564
-0.044996
-0.044982
-0.044782
-0.044593
-0.044276
-0.044074
-0.043863
-0.043512
-0.043111
-0.042855
-0.042622
-0.042329
-0.042037
-0.041618
-0.041140
-0.040667
-0.040156
-0.039869
-0.039660
-0.039402
-0.039182
-0.038873
-0.038539
-0.038248
-0.037956
-0.037514
-0.037013
-0.036517
-0.035978
-0.035486
-0.034995
-0.034458
-0.033907
-0.033502
-0.033146
-0.032769
-0.032423
-0.032014
-0.031591
-0.031201
-0.030812
-0.030356
-0.029876
-0.029399
-0.028906
-0.028440
-0.027978
-0.027498
-0.027014
-0.026424
-0.025785
-0.025147
-0.024476
-0.023822
-0.023159
-0.022461
-0.021746
-0.021070
-0.020400
-0.019709
-0.019017
-0.018288
-0.017540
-0.016792
-0.016032
-0.015594
-0.015287
-0.014953
-0.014703
-0.014362
-0.014020
-0.013769
-0.013545
-0.013180
-0.012777
-0.012410
-0.012026
-0.011730
-0.011467
-0.011183
-0.010914
-0.010497
-0.010022
-0.009570
-0.009084
-0.008643
-0.008207
-0.007735
-0.007255
-0.006862
-0.006497
-0.006120
-0.005760
-0.005361
-0.004952
-0.004563
-0.004174
-0.003601
-0.002953
-0.002313
-0.001620
-0.000978
-0.000333
0.000367
0.001086
0.001742
0.002386
0.003053
0.003717
0.004432
0.005170
0.005902
0.006650
0.007303
0.007922
0.008561
0.009181
0.009836
0.010499
0.011142
0.011784
0.012486
0.013210
0.013930
0.014665
0.015379
0.016092
0.016820
0.017553
0.017722
0.017655
0.017616
0.017420
0.017368
0.017307
0.017076
0.016784
0.016706
0.016674
0.016567
0.016472
0.016217
0.015891
0.015583
0.015234
0.015143
0.015145
0.015092
0.015087
0.014985
0.014858
0.014784
0.014711
0.014468
0.014160
0.013859
0.013514
0.013226
0.012942
0.012609
0.012264
0.012176
0.012186
0.012172
0.012221
0.012180
0.012128
0.012144
0.012175
0.012100
0.011993
0.011906
0.011801
0.011757
0.011733
0.011688
0.011650
0.011454
0.011192
0.010944
0.010654
0.010402
0.010149
0.009851
0.009537
0.009299
0.009080
0.008841
0.008611
0.008334
0.008039
0.007756
0.007463
0.007477
0.007619
0.007739
0.007941
0.008064
0.008190
0.008405
0.008650
0.008764
0.008845
0.008965
0.009071
0.009266
0.009496
0.009709
0.009941
0.010043
0.010096
0.010175
0.010227
0.010324
0.010430
0.010507
0.010582
0.010739
0.010927
0.011109
0.011310
0.011480
0.011645
0.011833
0.012024
0.012039
0.011983
0.011939
0.011848
0.011810
0.011775
0.011688
0.011587
0.011553
0.011535
0.011499
0.011470
0.011395
0.011301
0.011216
0.011122
0.011124
0.011162
0.011187
0.011233
0.011250
0.011263
0.011299
0.011340
0.011327
0.011297
0.011274
0.011241
0.011232
0.011229
0.011215
0.011200
0.011429
0.011760
0.012081
0.012471
0.012799
0.013132
0.013539
0.013973
0.014320
0.014649
0.015011
0.015370
0.015799
0.016259
0.016712
0.017186
0.017545
0.017864
0.018208
0.018532
0.018901
0.019281
0.019639
0.019997
0.020431
0.020895
0.021356
0.021839
0.022297
0.022753
0.023233
0.023719
0.024104
0.024452
0.024811
0.025146
0.025519
0.025898
0.026252
0.026601
0.026994
0.027402
0.027802
0.028212
0.028599
0.028979
0.029370
0.029759
0.030214
0.030698
0.031177
0.031675
0.032160
0.032646
0.033152
0.033666
0.034152
0.034631
0.035120
0.035607
0.036115
0.036631
0.037145
0.037664
0.038038
0.038354
0.038681
0.038970
0.039298
0.039626
0.039913
0.040187
0.040523
0.040877
0.041213
0.041556
0.041859
0.042147
0.042444
0.042732
0.043085
0.043462
0.043828
0.044208
0.044568
0.044925
0.045296
0.045670
0.046006
0.046329
0.046656
0.046974
0.047309
0.047647
0.047976
0.048304
0.048716
0.049161
0.049603
0.050067
0.050508
0.050949
0.051414
0.051888
0.052332
0.052769
0.053216
0.053661
0.054128
0.054605
0.055079
0.055559
0.055996
0.056416
0.056844
0.057263
0.057696
0.058133
0.058560
0.058986
0.059438
0.059900
0.060359
0.060825
0.061280
0.061733
0.062193
0.062654
