2.119118
0.992689
-1.524271
0.405119
1.144532
0.282855
0.836352
-0.932653
0.704958
-0.401210
-0.271936
-0.023565
0.161713
-1.954203
-0.676891
0.810148
-0.550680
-0.402149
0.874888
-1.119029
-0.834694
1.258155
-0.976933
0.358831
1.501635
-1.313497
1.864592
0.473445
-0.763799
-0.436243
-0.857393
0.478605
0.309314
0.771540
0.407333
1.113265
0.277832
-0.128417
-1.398726
0.356310
0.668079
0.366091
0.212648
1.854795
0.483823
-0.700703
-0.163894
-0.438786
-0.845158
-0.015665
1.550622
-0.673800
0.579336
-0.285292
0.834787
0.538912
-0.047159
1.095661
1.610607
-0.792512
-2.063378
1.863208
0.047974
-0.648225
0.285848
0.472889
1.060749
1.234868
0.887869
-1.647307
-1.644769
0.458657
-0.624580
-0.015513
0.370320
-0.306700
0.770949
1.413830
2.115702
1.429736
-1.543999
0.592032
0.318851
-1.256844
1.771145
1.519543
0.649247
2.033308
0.602819
-0.761385
1.450516
-0.003174
0.062850
0.521524
1.721644
-0.472085
-0.826054
0.302775
-1.602548
0.127624
0.808747
0.124618
0.314185
-0.115410
0.162346
1.005375
0.904100
-1.129906
-2.489964
-0.343386
1.035024
-0.483966
1.276690
-0.458329
-0.170658
0.945702
2.245906
0.585497
0.041980
0.765406
-0.146750
1.822824
-0.180416
-0.638641
-0.552215
-0.243416
0.093597
1.367536
-0.876800
-0.365085
-0.900297
-0.866526
1.045737
-0.252859
0.561857
1.259645
0.985607
-0.063100
0.207805
-0.900013
-1.697619
0.465919
-0.824672
-2.168314
-0.509571
-0.466677
1.347895
-0.225857
-0.526963
-1.150355
-0.768342
-0.787328
-0.968990
1.040109
1.276586
0.126007
0.763111
1.245103
2.131960
0.130745
1.702007
2.136968
0.091580
0.624108
-0.293369
1.444798
0.825493
-2.022443
-0.114763
0.669945
0.432212
-0.596851
-0.491402
1.563275
-1.375885
0.598742
0.246077
0.033980
0.015804
0.790421
-1.269577
-0.606339
-0.673743
-0.206505
0.311670
-2.029851
0.389962
1.048966
-0.184837
1.156828
-0.931759
-0.968989
-0.736874
0.756110
0.143744
0.179212
1.364081
-1.006259
-0.870533
-0.301236
0.495025
-1.138510
-0.565874
-0.564667
-0.209690
0.141913
1.021433
0.536415
-0.060390
-0.113350
-2.905973
-0.913929
1.833256
-0.292695
-0.917623
0.106792
0.820864
0.921208
0.524741
0.123837
0.586081
0.428017
-2.010294
0.429684
-0.228520
-0.485161
1.196517
0.149518
0.991293
1.356894
1.680020
-0.208553
0.385615
0.900034
0.269113
0.468727
-1.110531
0.065397
-0.169511
-1.414633
-0.326600
0.711997
-1.221148
-1.234340
-1.997802
1.283515
0.787596
-0.744716
1.006680
-1.703705
-1.740544
-0.212476
0.746367
-1.685421
0.067260
0.366691
1.724041
-0.693358
1.285548
0.317178
-0.295720
-1.652688
0.047766
0.528717
0.504089
0.510515
1.478915
1.203442
-0.773316
-0.342160
0.428002
-2.892601
-0.422210
-0.504014
0.730550
-0.610634
-1.005898
-0.573693
0.735531
-0.448989
-0.458190
0.683210
0.484955
-1.439650
0.794656
-0.980289
0.047308
-0.653807
0.935919
-1.255719
1.701695
0.972471
-1.258996
1.433857
1.166755
2.300875
-0.697812
0.034270
1.379864
0.457158
-0.514740
0.414028
0.229332
1.612424
1.921496
-0.150479
-1.747483
-0.827273
-0.279465
0.388334
0.005900
-0.288752
-1.188437
-1.029186
-0.687355
-1.117428
1.334914
0.492457
0.971727
0.398332
-1.895797
-0.463739
1.199932
0.395623
0.782329
-0.089914
0.510048
-0.084994
-0.611137
1.432531
1.523725
1.274407
0.151953
0.894686
-0.080790
-0.728292
2.019201
-0.871274
-0.318428
1.623322
0.867083
-0.637178
-0.253313
0.137756
0.813177
0.989124
0.622222
1.783173
-0.280091
0.304772
1.647105
0.982842
1.450493
0.219423
0.536256
1.839379
0.101616
-1.264384
1.405977
1.432843
-0.703946
0.157484
0.113892
1.324547
-0.783980
-1.076792
0.753643
0.259143
-0.871057
0.588906
1.000071
0.460127
1.777859
-0.457021
0.379704
3.493007
0.325553
2.552074
2.983193
0.968278
1.642327
2.685617
1.802136
2.583833
1.860334
3.238791
-0.141805
3.344349
2.862436
1.262614
3.724413
4.098675
3.599205
2.790458
3.985744
4.754908
7.058667
6.292801
8.191098
8.646750
10.612683
10.874373
14.646776
16.177080
17.666480
22.790386
25.854150
28.286356
38.890660
38.382940
33.055552
26.687739
22.946460
18.384541
19.490969
13.574184
12.119146
11.567689
9.526761
8.344372
7.133195
6.225197
5.509042
6.538840
6.442569
4.371011
3.909545
3.216965
3.498871
1.126353
2.493424
3.123460
3.548195
1.707194
1.164687
1.036367
1.240377
2.591920
1.749277
2.337350
0.703075
1.902405
1.017814
0.169428
0.170210
0.083280
0.867218
1.850181
0.445128
2.330923
1.816522
0.461911
-1.535003
0.518875
1.211494
-0.047683
0.210418
-0.191683
-0.040404
2.401917
1.547061
-0.644432
0.584121
-1.076479
0.805446
-2.482896
-1.166679
0.318317
1.453046
-0.216537
0.605249
-0.258770
-1.546745
0.195094
1.096143
-0.733549
0.085777
0.463590
0.444449
0.501277
-1.522648
0.518351
0.759761
0.221939
1.410102
0.998717
-0.079479
1.112310
0.006168
1.205507
0.975291
1.749389
-0.052392
0.469146
1.105207
0.817987
0.104839
0.628755
1.801045
1.338120
2.550585
1.566126
3.091640
1.600196
1.764092
1.326225
2.778410
1.500306
4.462835
2.005048
2.497944
3.625685
4.928651
4.522459
3.578067
5.069310
6.716996
7.379789
8.181474
8.566190
9.269722
10.298759
13.415013
12.928908
15.501719
16.542544
18.627522
23.096666
29.168967
32.977152
38.391203
47.216097
46.497617
39.028594
33.988380
27.786209
24.577787
20.639107
15.837035
14.953262
14.070105
12.444311
10.849976
9.454260
6.926846
5.391783
7.320246
6.250221
3.596965
5.810676
4.354837
2.546658
1.955686
2.127862
2.472948
4.443501
3.325100
2.551533
2.704688
1.133099
0.787774
1.662503
0.081123
2.272665
2.564478
0.665890
1.897611
1.254939
1.824550
2.629849
0.281140
-0.348677
1.670827
3.802122
-0.563342
1.315225
0.858154
1.333958
2.526830
-0.034024
2.727520
-1.540592
1.815280
1.073370
1.353765
2.388578
2.555289
2.736532
0.503823
1.765755
3.088640
1.079458
3.399149
3.557474
1.099269
4.769649
2.775234
3.549380
5.290229
6.044286
4.810392
5.502733
8.429230
7.216599
8.769731
9.818265
10.338512
13.438208
14.787799
15.447531
19.417348
21.346791
24.891595
29.068942
29.146536
23.305730
22.329008
18.285287
14.652820
13.242994
10.908291
10.215435
9.093832
7.609289
6.475979
4.803448
4.651142
5.976312
5.163068
3.353350
4.498169
2.886356
4.202620
2.437750
3.432626
-0.498003
2.580299
2.435089
2.018688
0.700166
0.796806
1.819391
2.047862
1.438451
2.391499
0.850736
-1.104112
2.282056
1.193251
2.294738
0.564761
0.251442
0.810162
1.424226
-0.617712
-0.684695
1.306244
1.917825
0.580812
1.179960
1.807481
-0.227559
-0.403150
0.822711
-0.202153
0.834212
0.074363
-0.405612
0.793549
-0.144222
1.140600
-0.390503
0.633413
-0.552491
-0.079981
0.482289
-0.309889
-1.646107
-0.603505
1.504806
1.753987
-0.625614
0.649234
1.459143
-1.099794
-1.297564
0.232829
0.666971
0.395880
-0.123788
-0.155393
-1.151081
-0.042400
-0.635966
0.067319
-0.929146
-0.086203
-0.358323
-0.823836
-0.065642
-0.306364
-0.574690
-0.905752
0.850607
1.689190
-1.128478
-1.490532
-2.778800
0.788691
-0.741397
0.004320
1.582538
-1.281441
0.580933
0.762443
0.841003
-1.443332
-0.901947
0.381155
-0.224219
0.817407
-0.308703
-0.147628
-0.876852
-0.217431
1.301285
-0.639665
-0.358838
-1.520199
-0.167377
0.640564
0.223488
-2.550390
0.795009
-0.235403
1.244703
0.755673
0.479450
-2.081972
0.526648
0.889932
-0.558843
1.282944
0.969708
0.553316
-0.560868
-0.164279
-1.491085
-0.149495
-0.170976
-0.400362
-0.124300
2.422337
-0.684427
-0.982859
-0.133905
1.140053
-0.574229
1.408365
-0.233741
-0.475332
0.291263
0.504312
-0.901352
0.047494
-0.966860
1.038807
-0.844581
-1.966289
-0.063161
-0.212657
1.144360
-0.240559
0.006867
-0.263760
-0.736448
0.743731
-1.276432
0.230484
-0.188535
-0.880173
-0.339157
1.709381
-0.811731
-0.218124
-1.677869
-0.387704
1.901735
2.168775
-0.494681
0.928629
-0.552695
0.410007
-0.741017
0.456141
0.371360
0.488400
-0.764422
0.073071
0.383320
-0.915868
-0.942604
0.916556
-0.210178
-0.205267
-0.149903
0.272640
0.402258
1.893584
-0.583371
-0.540764
-0.623720
0.998729
-0.779535
1.078251
-1.045606
0.569919
1.084869
0.121176
3.475994
0.669043
-1.309069
1.153879
-0.864233
0.129440
0.472458
0.940234
0.067773
-0.555575
-1.647906
0.539205
-0.061342
-0.360894
-2.319251
0.890376
0.217993
-1.187774
0.522121
2.048324
-0.401688
-0.030865
-2.147107
1.515404
1.652469
0.975810
-0.046888
-0.227829
-2.082422
1.147643
-0.289261
0.598149
0.119822
0.371913
-0.861105
1.126996
-1.447059
1.439659
0.305104
1.362218
0.790845
0.347891
0.894949
-1.202180
0.759620
-0.239083
0.954188
0.862875
0.817810
0.241120
-0.137381
2.069167
0.888202
1.883362
2.001547
2.991031
1.066239
0.693197
-2.339450
2.370694
1.281763
1.930117
1.106321
0.589714
1.443637
1.853633
2.099997
0.983552
2.291628
1.967424
0.846885
-0.674236
2.372191
1.668601
2.776844
2.120873
1.402145
0.952325
3.068903
2.620975
2.144571
3.408073
4.327681
4.076765
2.443902
4.292287
4.011899
4.070484
3.026527
2.901258
3.299580
4.777837
4.400777
4.396625
6.203116
6.215049
7.189667
6.863869
5.000683
6.882145
7.095194
8.697724
10.830783
10.114021
10.187369
10.282227
10.805249
12.523456
14.240980
14.546185
15.656646
17.279035
19.067620
19.903491
21.595830
24.091460
24.807806
27.380618
29.176656
31.014487
36.029725
38.450683
40.550456
40.123592
34.357958
33.397961
28.558798
27.818879
25.928566
22.595945
20.712794
19.803657
17.607967
17.863340
16.086417
16.003635
13.922978
12.769731
12.159545
12.014880
10.813627
10.536416
10.653156
10.481416
8.781648
8.803864
8.915422
9.462395
7.201460
6.889033
8.350536
7.036023
7.108954
8.647848
7.030732
6.392020
6.674572
4.802623
7.965443
4.949935
5.825979
5.400078
6.921835
6.094279
5.068374
7.005515
6.088114
7.050469
6.590910
7.323153
7.474890
8.053088
7.357279
7.644045
8.110344
9.253896
8.671837
8.062920
10.110802
7.072328
9.336855
10.187615
10.095094
11.012964
12.188541
12.949414
14.096208
14.973334
16.138473
14.768471
15.154886
19.054943
18.546402
21.687102
22.775875
24.801706
27.901644
29.133501
30.720139
34.542408
37.508028
40.454320
45.126166
46.922074
51.805235
48.163053
42.996160
39.808495
37.983856
34.367555
32.595941
29.321895
27.148707
24.251554
22.793407
20.591163
19.059883
18.483333
17.161551
15.355687
16.600903
13.399233
12.227056
11.671954
11.487545
11.109721
9.070563
8.152958
9.100324
8.120501
7.379448
8.178796
6.509173
6.622862
6.597278
5.822962
6.798269
4.719233
4.630300
5.151152
4.618001
3.398166
4.870612
2.116547
3.268319
3.392345
4.867340
1.319208
4.127799
3.536382
3.595725
3.157117
2.458996
2.047130
3.021899
3.013368
2.362373
0.225508
1.469083
1.801556
1.741354
1.438378
1.749228
2.474854
1.933587
2.873418
2.146862
1.429704
1.748223
0.373538
1.144119
2.852650
0.622749
0.684238
1.390723
1.278783
0.793196
1.569445
2.538930
0.141452
0.615464
1.398831
0.537411
2.163878
1.312176
2.107933
2.620716
0.778685
0.003216
0.253118
0.140092
0.332016
-1.509083
1.182969
-1.894582
-0.633553
0.267494
1.656350
1.252766
-1.347008
-0.459852
0.087973
-0.932236
0.797092
0.448017
0.984550
-0.379139
0.431582
0.863626
0.359679
0.545581
0.328761
1.029652
1.187233
-0.218928
0.547421
0.785870
-0.290320
-0.400050
0.049506
-1.891815
2.547195
0.939739
1.411573
2.090830
-0.023641
2.170717
0.958675
0.471469
-1.039235
-1.018547
-0.568722
-0.658242
-0.493973
1.067464
0.706966
0.448295
-1.624426
0.398646
-0.296899
0.436816
-0.639354
0.223997
-0.390452
1.590733
0.817713
-0.179135
0.458249
0.165136
0.369983
0.080509
-1.949430
0.996276
0.971783
0.604013
-0.891569
-0.858188
1.641491
1.853750
0.390741
0.112377
-0.460174
-0.193103
-0.288069
1.213611
1.111743
0.481552
-1.245353
0.145652
-0.294058
-0.173264
0.942100
0.236528
-0.074827
1.023324
0.608646
0.027693
-0.052374
1.246188
0.015280
-1.288152
0.598921
0.698979
1.499760
1.735276
-0.152976
0.231601
-0.425092
0.293339
0.265937
0.843557
-0.821716
0.967852
0.211636
1.558274
-1.159331
0.588332
-0.347075
0.999950
0.734038
0.526026
-0.178666
-0.476339
-1.640071
-0.285845
2.090327
0.100995
1.844530
0.547154
0.768758
1.055427
1.028591
-1.018722
-0.485440
-1.706055
-1.174667
2.109857
-0.189142
1.430069
0.056102
-1.464437
-0.344204
0.957381
-0.324163
-0.526868
-1.415234
1.547889
0.645747
-1.225319
-1.489090
-0.102019
0.006768
0.061077
0.142268
1.698481
-0.826640
-0.584357
0.680011
0.250203
-0.347234
-0.161245
0.214935
0.176951
-0.267333
-0.255603
0.453390
0.311718
0.290517
-0.800561
-0.556585
-0.530317
-0.065022
0.737029
1.344400
-2.247531
1.441954
-1.541056
1.415152
-2.096947
0.880980
-0.728453
0.169432
1.367221
-1.081305
-0.913822
-0.258971
-0.392521
0.097436
1.209657
1.647868
0.545244
-1.809282
0.756538
0.960951
-0.284603
0.029586
-0.414229
0.019285
1.108807
1.070540
0.804032
-1.498031
0.412259
-0.423387
0.242953
-1.575672
-0.387534
2.285559
0.985202
0.175956
0.185033
-0.686679
-0.713697
1.938390
0.862724
1.507398
0.851432
0.212691
2.090393
-0.249944
-0.831844
0.587363
-0.037392
1.392690
-1.019046
-0.631749
1.043519
0.690770
2.348795
0.635689
0.774218
-0.348376
-0.812041
-0.430022
0.125255
0.814892
-1.608450
0.627013
-0.211486
1.215174
1.467077
0.374203
0.961590
2.292692
-1.239919
1.556577
-0.715016
0.212165
0.131968
-1.128934
0.317627
-0.230846
0.483611
0.096623
2.114765
0.180441
1.222865
1.337171
1.407492
2.106015
1.610274
-1.037731
-0.293293
0.456453
0.547521
-0.791046
1.971699
0.025729
-0.279735
1.357268
1.579146
0.142387
0.387705
1.437989
0.771850
1.749458
-1.082373
-0.106244
-1.318303
-0.633843
1.704742
0.297725
0.230233
1.860503
0.381193
0.262420
-1.608427
1.397214
0.878758
-0.579400
0.982970
-0.426338
1.207836
0.685471
1.031717
-0.167303
-0.282456
-0.184941
-0.029918
0.808798
2.015818
-1.095129
-0.749046
1.424079
-0.280516
0.979565
0.319440
1.145710
0.090503
-0.028338
2.625748
1.042569
0.953323
0.069373
1.635190
0.829493
-0.161232
-1.094701
-0.425416
2.227656
2.033798
-0.622774
-0.377444
1.458450
1.288790
0.737900
0.191026
0.537325
0.776404
0.636951
1.111224
-1.502414
0.877238
0.841652
-1.193198
0.692488
-0.897349
-0.450829
1.352723
-0.464758
2.444544
0.358998
1.139821
1.559903
1.021058
-1.206079
1.138780
0.866003
1.209159
0.287114
1.031296
0.159914
2.567982
-0.268679
1.638337
-0.390622
1.425931
0.666984
3.086573
3.404082
2.906827
0.929675
0.335141
1.416070
3.245457
0.499878
0.086235
1.433832
1.580818
2.081119
1.807402
1.273681
1.978810
0.032199
1.637330
2.088813
2.694440
0.744488
1.312045
3.839193
1.413807
-0.343215
0.426651
0.857131
0.412695
0.571937
1.818377
0.643715
2.455569
1.490120
2.338520
3.086535
1.012337
1.019044
2.807127
1.871513
2.055285
2.931357
1.221754
4.251690
1.956888
2.607176
0.505175
3.937198
1.938036
1.516705
4.253012
1.440670
2.423138
3.294766
5.430605
2.975696
3.868753
3.108283
2.896304
3.096163
1.305875
2.948130
2.879656
3.126055
3.213422
3.410239
2.550118
4.415180
2.019260
2.861364
4.298533
2.750171
2.765143
3.250571
3.744496
4.130652
3.834716
2.973517
3.795051
4.131589
2.911515
2.793539
4.105862
3.845420
3.349650
4.741629
4.943325
5.499880
5.392694
4.717966
4.377960
3.934993
5.760503
4.374805
4.964916
5.778068
5.170932
4.226490
5.525514
5.753888
6.152498
6.280181
5.375916
5.007330
7.399091
6.099081
7.482959
6.153545
6.618452
7.245625
6.811869
9.846510
6.404035
8.334379
7.457810
8.344121
7.197486
8.183503
9.100368
9.546649
10.117880
7.926830
8.601496
8.574992
9.199654
9.136674
10.910367
9.080247
11.875028
10.229300
10.540514
11.158053
9.769796
9.748304
11.009339
12.383217
11.161370
12.758226
12.221633
13.689090
14.767501
14.681735
14.006001
15.297419
15.678937
14.948283
17.197604
17.006844
16.826655
15.584474
17.239788
17.279794
19.246874
19.213360
18.000483
20.977150
21.063596
21.985538
21.512158
23.622961
22.037607
22.980503
24.892077
25.523537
24.273634
25.976396
28.169374
26.665309
27.581424
27.802753
31.382487
30.083625
31.542559
32.316413
34.404453
32.869994
36.815167
38.503743
36.834289
40.402766
40.903386
44.122384
44.565185
44.427516
38.955880
41.689842
40.188087
38.264418
36.529929
36.911670
35.413406
35.415652
31.934872
31.807615
31.389564
28.347609
28.101290
28.457563
27.297428
29.114177
25.834386
25.594420
25.479594
23.694125
24.150894
22.744717
22.795951
19.725496
20.165853
20.294816
19.690010
18.441303
21.489418
17.844973
19.623934
16.913658
17.245933
17.749205
15.743078
16.583005
16.168079
14.582769
13.256944
14.600567
13.649706
12.437357
12.634651
13.152641
11.838608
13.241228
14.466165
10.922542
11.958826
10.081604
13.286890
10.638963
9.941621
10.348091
9.956988
8.837203
10.252234
10.990310
9.627304
8.223145
11.362460
8.761599
7.114466
8.772204
8.537744
7.615647
8.182638
7.653808
6.225243
6.611108
7.425982
5.624345
5.401905
6.547920
9.692105
6.277385
6.272036
3.695314
6.181537
6.276087
6.147788
7.123015
6.519684
6.278838
6.123343
6.052747
6.325707
6.502696
5.107771
4.825070
4.373441
5.800809
4.630681
4.565215
5.777584
5.402186
6.405454
3.953019
4.230170
4.316769
4.985153
5.197068
4.613607
6.282145
4.821702
4.191707
4.153597
5.120628
4.892859
2.397198
5.531049
4.041649
4.871543
1.435658
3.049399
3.906291
2.772384
4.184110
5.104692
3.480386
2.669967
4.633957
3.686694
4.690303
5.173163
6.908418
3.788810
4.921090
4.206707
3.914069
4.158804
3.291336
3.602648
5.720684
3.535305
4.837201
5.044977
4.417318
6.331125
4.915824
4.928566
6.527760
8.096213
6.518258
7.095238
6.110276
7.449723
8.419479
8.085823
9.274860
7.946479
10.686334
10.291523
9.643190
13.025895
13.274762
14.020605
14.654947
16.914456
18.914844
19.135073
22.077872
23.686316
21.955345
23.216730
19.419937
17.677029
14.182202
14.801000
12.036266
11.727755
13.755317
10.872038
9.852805
11.071150
8.853229
7.241002
7.371303
6.260989
7.485091
7.060066
6.606390
6.775430
5.008314
5.533149
3.763769
7.091618
2.919571
3.273644
4.123823
4.309761
5.108770
3.428356
3.335141
0.834650
3.468480
2.111488
2.545770
2.462303
0.906812
1.674868
2.153905
3.615642
1.507358
1.499524
2.802986
2.601975
3.170511
2.195753
0.663618
2.125229
1.909330
3.171567
1.954343
2.042873
0.079631
3.565824
1.701346
2.349253
2.522512
2.098922
0.244422
1.993146
2.177174
2.488298
0.719183
2.034061
2.144586
1.719178
0.831532
-0.540520
1.258471
0.634026
0.668905
1.652625
-0.281299
0.735630
1.263914
1.708485
-0.382118
1.388742
1.306304
0.774551
-0.269539
0.759763
0.722199
0.300719
-0.291189
-0.082784
1.656485
1.283247
0.379476
-0.393201
0.831755
1.482565
1.450321
0.087539
0.144975
1.957504
1.018532
0.227424
1.624344
-0.414289
0.724113
0.673961
2.202022
0.597037
1.237398
1.211153
0.147635
0.752227
-0.245153
0.442110
2.891148
-0.026419
-0.286703
0.610035
-0.237463
0.676344
2.910500
0.327581
1.377820
2.976927
0.208029
-0.686034
0.000274
1.419832
-0.654956
1.354903
0.951726
0.703047
-0.595894
0.731439
-0.144644
-0.604297
0.093945
0.530653
0.436539
1.521434
0.618702
0.663803
-0.422651
1.846582
0.899147
0.327709
-0.170796
2.213017
-0.399562
1.446808
0.282022
1.751075
0.349863
-0.320263
2.137703
-0.915073
-1.093371
0.832954
-0.337073
2.667435
0.268120
-1.209838
-0.267130
-0.934753
-0.229407
0.026379
-0.773180
-0.470009
0.646963
-0.425079
-0.878155
-0.296613
-1.316869
2.300179
-0.837936
0.560418
2.192114
2.070846
-0.036617
-0.640175
1.984911
1.361318
1.373441
0.840578
-0.155083
0.661662
0.848523
0.469147
0.226797
0.833980
1.726251
-1.367478
2.009146
-1.846020
-0.982713
0.006514
0.561441
-0.269976
0.903292
0.124053
0.266425
1.223601
0.234254
-1.659155
2.178908
-1.704348
1.140874
1.241982
-0.444985
-1.218644
-0.765154
1.271099
0.840953
-0.578849
-1.393610
0.571986
-0.918791
0.030766
0.521190
-0.069630
0.402236
-0.637055
1.734071
-0.381994
-0.928858
0.386361
-0.927826
0.053465
-0.332524
0.489066
-0.496911
0.888676
-0.612101
1.808345
0.198531
0.601983
-1.379627
0.486783
0.772863
0.472178
-0.977478
1.863376
0.126978
-0.167391
0.945612
0.985986
-2.293479
0.817393
1.061626
-1.127478
0.561407
-1.260680
1.166172
-0.109468
0.105624
1.155423
-1.254989
-0.564453
0.066008
0.611970
1.525910
1.637905
0.319622
0.468928
-0.941600
-0.527445
1.020525
-0.802007
-1.050771
-0.299147
-0.032539
1.193616
-1.430450
0.058543
0.054553
-0.371556
0.274397
0.609833
-0.246135
0.128748
1.948289
0.513648
0.221469
-0.666706
-0.948782
0.830978
1.364205
0.349354
-1.828384
-0.817377
-0.409938
0.703824
-0.090236
-0.130410
-0.976715
0.104021
1.887112
1.277657
0.765064
-0.943560
0.438381
-0.566535
-1.566777
1.177273
0.151369
0.431334
0.147467
0.931132
0.358361
-0.172642
0.980510
-0.260232
0.315906
-1.940212
-0.685501
-0.402292
1.013819
1.193267
1.077714
1.777050
-1.201769
-1.927711
1.314677
0.652091
1.379852
-0.940056
-1.276273
-1.048604
0.510375
-2.091435
-0.391313
0.253373
3.850517
1.267691
0.031775
-0.593708
-0.809919
0.690486
1.281115
0.330808
-1.053786
-0.736581
-1.311500
-0.034253
-0.260918
0.974847
-0.368822
0.582076
0.464341
-0.476614
0.077531
0.316660
0.196669
-1.124537
1.059736
0.513926
-0.006188
1.713868
0.568175
0.005011
-0.944778
-0.241865
-0.042794
2.135946
-0.286871
0.486754
0.311924
-0.051112
0.262168
-1.110610
-0.786917
1.630752
-0.339375
-0.237628
1.338137
0.266008
1.430911
1.340240
-0.653569
1.362090
-2.403155
-0.755079
-0.919222
-0.185907
1.107546
1.094898
-1.882174
-0.010547
-0.379479
-1.368287
0.111887
0.353337
1.633481
1.698255
-0.344983
-1.224257
-0.388508
-0.567459
2.173155
-1.575332
-0.652748
1.617204
-0.421343
1.832340
0.501728
0.993216
0.411850
0.186844
0.843922
-0.064065
0.774027
0.933760
1.874591
0.700786
-0.752242
0.933467
0.796364
-1.163455
0.389372
-1.773589
-0.118572
0.086250
-1.160020
1.467124
0.928280
-1.561938
-1.205118
-0.354014
0.891976
-0.525529
-0.435120
-0.491428
0.060813
-0.215646
-0.448177
0.786999
-1.394810
0.524245
-0.187822
0.817021
-0.277794
-0.766438
0.219433
0.059483
-0.031607
0.042080
0.594473
2.887745
1.198923
0.373071
-1.220888
-1.242875
-0.695850
-1.023650
-1.036557
0.161623
-1.401719
0.817548
-1.052128
0.850859
-1.703132
0.349339
-0.042822
-0.680088
1.349944
-1.022930
0.103263
0.871183
-0.283338
1.808482
0.607903
-0.291969
-2.150326
-0.470105
0.556736
-1.560372
-0.067978
-0.925767
-0.145786
-0.545412
-0.707963
0.113977
-0.535933
0.137735
0.486182
-0.143566
0.797657
-0.359122
1.250370
0.155662
-0.638957
-0.267650
0.983941
-1.359484
0.337300
-0.240375
2.474563
-2.195068
0.017663
-0.042361
-1.522590
0.926179
1.907726
-1.274258
0.521031
-0.690455
0.404509
1.394447
-0.225927
-0.138069
0.368639
-0.230905
0.499951
0.854263
0.714032
-0.357933
-0.455331
-0.757720
0.694207
1.208660
0.592238
-1.620799
-0.489030
0.901554
-0.085099
-1.871526
-0.011541
-0.920189
-0.137573
-0.801545
2.158711
-0.664485
0.758913
0.365197
0.542166
1.126159
-0.311143
1.107552
-0.232390
0.730830
0.637208
1.280987
1.331379
-0.938644
0.288200
0.756421
-0.153188
-0.893216
-0.121176
-0.100213
2.244235
-0.626479
0.564723
0.361012
-0.179181
-0.820815
1.019543
-0.330047
-0.219688
1.985750
0.840447
-1.555156
1.323098
0.186743
1.897375
0.122200
1.044079
-0.885738
1.953094
0.651630
-0.283601
0.747933
-0.629679
0.376172
-2.765173
0.421123
-1.152194
-1.361431
1.265948
-0.074036
0.215898
-0.165532
-0.509119
0.400188
1.422977
-0.169138
1.095572
-1.403031
1.288545
-1.333580
1.560518
-0.643569
0.364917
-0.225088
0.696584
0.792294
0.069226
0.648065
0.943722
-1.330823
-0.697903
-0.993916
0.406838
0.086442
0.851074
-1.654913
1.410637
-0.473116
1.275162
0.260441
-0.483546
0.145952
0.013635
-0.795404
-1.192256
-0.732944
-0.113207
0.724807
0.199034
1.727073
0.837463
-1.919665
0.071833
-0.199008
-0.447287
-1.781600
-0.964738
-0.011795
0.176363
-0.806749
0.015307
-1.296757
0.303206
1.569978
0.005597
-0.006451
1.666471
-0.376330
-0.033428
0.929961
-0.811465
1.060659
-1.195029
-0.217313
0.720356
0.567349
0.664657
0.294079
-1.238239
0.773780
0.478957
2.669010
1.516601
-0.900597
0.548687
-0.256662
-1.344130
-0.148181
1.218714
0.583897
-0.921010
-0.580137
1.404925
1.151308
-0.470380
0.463816
-0.597686
-1.433899
2.915102
1.155238
-1.351217
0.504139
-0.294490
1.250697
0.341471
1.720326
1.367489
0.106859
-0.586059
-0.500649
0.533780
-0.942387
-1.467478
2.184652
-2.010558
-0.367738
-0.767251
2.192617
-0.706181
-0.060409
0.187263
-1.711727
1.987452
0.852464
0.747043
0.615650
-0.226214
0.026840
-0.528982
-1.020213
-0.905970
-0.251156
0.226090
0.524963
1.296975
0.753833
1.067571
-0.821610
1.484447
-1.298086
-0.052446
-0.269613
-0.115860
1.865250
2.045597
-0.725543
0.356910
1.506496
0.565302
-0.489582
-0.250770
0.072954
1.017987
0.961326
0.448846
-0.265279
-2.461368
-0.250106
-0.549863
1.718416
-0.844019
0.508345
-0.176803
-1.012553
1.151501
-1.061791
0.391155
-0.241753
2.207230
0.841109
-0.415148
1.411357
1.433526
1.944240
1.319076
0.928237
-1.482459
0.031941
1.438950
1.111336
0.343168
2.843135
1.731856
-1.253651
0.633770
-0.404463
-0.002330
-1.145264
-0.400775
0.513444
1.296289
1.383932
-0.458108
0.893514
0.886753
2.038273
-1.260992
-1.569150
1.582511
1.352652
0.148668
0.819321
2.111711
2.310681
-0.496220
0.607629
-0.987392
2.657476
-0.080406
2.330964
1.871470
-0.389879
1.217362
2.084856
0.766690
-0.968173
-0.506624
-1.396601
-0.970253
2.007567
0.452566
-0.081442
0.613012
1.361101
1.619171
0.527705
1.006789
1.201716
2.238979
2.364492
1.184522
2.265525
1.591168
1.477689
1.875118
0.828409
1.883985
1.665188
0.542100
1.698545
2.281339
0.773354
2.064866
2.296899
2.195524
1.212595
2.597648
2.247637
2.562234
3.190807
1.964727
1.924812
3.711787
2.929825
2.920927
2.685249
4.608303
2.795931
2.708123
5.369417
5.567132
3.762318
5.391957
5.288376
6.466130
6.023451
5.941166
5.776411
7.393653
6.085372
7.540478
6.793714
7.822666
8.978553
10.030625
9.149393
9.917013
13.204530
12.777508
13.492879
15.515236
14.570598
17.550885
16.489353
19.922388
22.161608
25.643543
27.537334
27.442974
31.345264
32.125731
37.679951
38.558288
42.360622
42.975424
39.137308
35.760688
33.543930
30.861136
26.027382
25.182993
22.416571
21.622958
19.243627
17.733471
18.545677
15.930545
15.581436
11.986345
12.592698
11.429650
11.797441
9.681731
9.385838
7.616797
7.026503
7.810865
7.407745
8.467457
7.148569
5.572489
5.262109
5.370272
4.558901
5.735114
4.851977
3.384282
2.915341
2.566689
3.695435
1.409119
3.322502
3.671603
1.996649
1.032863
2.021092
1.404938
1.572670
3.130745
2.674986
3.838728
1.351516
1.829907
1.818260
1.554732
2.253487
2.401764
0.469670
2.353737
0.671387
2.440460
1.214681
1.544781
-0.118448
1.680569
1.901338
2.394518
2.283331
0.052563
-0.531663
0.824738
0.949637
1.239560
1.316002
1.149405
-0.363391
1.136327
-0.072144
1.399807
2.547194
2.134577
1.007648
-0.719593
0.485879
-1.101459
2.178576
2.832103
0.873367
1.845763
0.852091
3.659123
3.143577
0.891589
1.535091
-1.070547
0.068903
0.147199
0.298699
-0.924159
0.178820
-0.091356
0.733796
0.555644
-0.824804
0.098826
1.475331
1.808222
1.460915
0.936068
1.437581
0.815862
-0.199272
-0.100884
2.763020
-0.284321
1.389622
0.446372
0.457055
0.223787
0.089403
0.127443
0.371875
0.502335
1.000854
1.510878
1.281319
-1.534405
1.341036
-0.580433
-0.168692
-0.220678
0.682765
1.217789
0.971965
0.582861
0.404983
0.770104
-1.801821
0.485590
0.857511
0.333021
-1.354064
-1.303761
-0.692558
1.234611
0.359213
0.039216
-1.011113
-1.639739
0.915833
0.122103
-0.548836
-1.099606
-0.722828
0.318581
0.799070
-0.842644
0.145158
-1.015331
2.413729
-0.780799
0.083203
0.701797
-0.963400
-0.382851
0.966849
0.535547
-0.194330
-0.141623
1.188636
1.452756
1.242974
-0.207085
-0.414480
1.694635
-0.620812
0.850185
-0.279839
-0.646421
0.624367
0.409136
0.244120
-0.797891
0.615344
-0.100987
0.070208
-0.469854
0.300455
1.992907
-0.380336
1.521067
0.712751
-0.026411
-0.076773
0.808803
0.806623
-0.089732
-1.664209
0.228961
-1.963446
0.901756
-1.231647
0.487090
-0.181600
0.617314
1.723026
0.785539
-1.403621
-0.893031
-1.588794
0.682327
0.059516
-0.147275
0.460930
1.367900
-0.423445
1.323936
-1.193148
0.026145
0.181518
0.828091
1.578071
2.044051
0.886598
-2.925866
0.814513
-0.447357
1.215621
0.224561
-0.784792
-0.856023
1.435939
0.012792
1.013638
0.455069
-0.609951
-0.257892
-0.646808
-0.528589
-1.488121
0.681512
-0.894472
-0.653713
-1.749838
0.507451
-0.384851
-1.581180
-0.270768
1.941473
-0.232627
-0.526252
-0.387636
-2.646068
0.867832
0.861350
0.440853
0.176709
-0.501514
1.113288
0.448162
1.845093
0.232676
1.000885
0.960957
-2.426709
0.212144
-0.627840
1.081627
0.729531
-2.316972
-1.990325
-0.283140
-0.710562
-1.182372
0.221280
-0.989957
0.069815
0.253773
-0.376142
1.179201
0.233364
0.784377
0.546136
1.163943
0.660927
-0.210607
0.418294
0.138775
-0.530291
1.569570
-0.325225
0.919531
-1.073663
0.370565
-0.438824
-0.374790
-0.724332
-0.706261
-0.210374
1.585275
0.011528
0.071431
-0.374874
0.064063
1.387688
-0.336871
1.461631
-0.030147
-0.746777
-0.355304
-0.068496
0.322086
0.500372
-1.248308
-1.322005
-0.258022
0.541360
-0.379884
-0.775338
-1.092899
0.540821
1.740472
1.335880
-0.229996
1.131803
-0.876435
-0.596383
0.288103
-0.124942
-0.677918
-0.609359
0.800960
0.180024
0.506485
0.011720
0.478614
0.431889
1.130895
0.758650
-1.434381
0.758839
-0.278582
0.565015
-0.337472
1.291292
-0.647334
1.466780
-1.571542
0.727835
2.122111
-1.279774
-0.098151
0.269922
-2.480448
-0.549723
-0.184971
0.857729
-0.680057
-0.707626
-0.494568
1.475785
1.531043
0.521821
-1.129294
0.128861
-2.678747
0.893937
1.528676
-0.824413
-0.032147
0.195249
0.634731
0.246158
0.512966
0.747002
0.215050
-0.424492
-0.826055
-0.169661
1.043623
0.292879
-0.114256
-0.415588
-2.180238
0.154509
0.553507
-1.359780
-1.362944
0.741672
2.495161
0.004167
0.233026
-1.216598
-0.131336
-0.538919
-2.822816
1.004700
0.822453
-0.078092
1.653319
-0.255101
1.469725
0.187894
1.188686
2.460353
2.026613
0.961144
0.025453
-0.967047
0.677066
1.267383
-0.243950
0.955084
0.979365
1.128499
-0.102178
-0.364788
1.292803
-0.012827
1.898514
2.199428
1.787858
1.807291
0.444764
0.678046
1.029010
1.608033
1.392917
3.021258
4.187579
1.218057
2.352571
1.481138
0.815215
2.425446
1.436703
3.190422
2.044076
4.598350
3.998879
3.568245
4.767463
6.026521
8.407207
6.585103
7.091357
9.229584
10.730973
11.095273
15.080365
15.337564
20.390658
21.957085
28.577777
33.437286
25.594871
21.777980
20.357220
15.435398
11.258559
11.088112
9.543682
7.992599
6.289448
6.224127
5.410582
6.855812
7.195329
5.335195
2.706026
2.068478
4.513736
2.467905
4.225360
3.540215
5.221545
2.106348
3.043392
3.096172
1.937010
2.350910
1.613187
2.858659
2.486681
1.997593
1.119300
1.509133
2.593173
1.661537
1.427060
3.243975
2.700446
1.811328
2.156172
3.139509
1.091463
2.840111
1.847909
3.571529
3.446544
2.882540
4.298960
4.814270
3.470505
3.051419
4.211655
3.702230
3.977352
4.954041
5.196231
4.506932
5.338628
6.662049
7.409530
7.310242
7.667069
7.194040
9.814655
9.138847
9.240377
8.565528
12.802977
11.082488
13.628986
16.031636
17.147089
18.037053
18.622533
23.520737
26.252950
27.754470
31.554196
35.560626
38.860954
41.426699
48.761776
53.081439
47.130693
44.013130
37.627498
33.907098
29.859453
27.249528
24.387791
23.810409
20.795208
18.421769
17.746103
14.451655
15.214118
12.927142
12.788085
9.955033
11.991241
9.471413
8.746699
7.840799
6.911260
5.617207
5.690842
6.553626
3.536343
6.008013
3.532645
5.171433
2.604185
4.472198
3.473647
3.772086
3.284346
2.507585
2.200701
3.768762
2.564274
3.426866
2.237617
1.383627
2.900650
0.253016
3.062984
2.522761
1.216190
0.175795
1.095470
0.160158
2.387145
0.503629
3.535512
3.627881
2.087627
1.238889
1.862743
1.011070
3.641932
1.796960
-0.097055
2.331120
-0.880547
0.710851
-0.160689
1.895172
0.755656
2.570959
0.456086
1.989302
0.979468
0.859274
1.694813
0.240940
2.600382
2.941858
-0.338388
0.519614
1.474784
0.340694
-0.157543
-1.220613
2.545801
1.627017
0.939234
-0.459853
1.186762
0.679380
1.617206
2.244753
0.757704
1.052722
1.873564
1.529137
2.688260
1.876936
2.072493
0.155020
0.702784
3.008353
4.041608
1.830208
2.825578
3.189353
2.882019
3.288498
2.715219
1.999306
5.894217
5.814349
8.358896
5.915281
6.901535
9.282032
9.230762
10.687743
9.353792
14.322280
16.841158
18.976643
22.467265
27.715180
32.209609
38.610549
44.002323
34.366117
29.179973
25.202075
20.903375
18.873987
16.520152
14.422641
10.750945
11.265583
9.985778
8.310546
7.937776
5.726442
6.317693
6.321395
4.090386
4.308087
4.048069
2.722855
3.172051
4.615598
1.430692
1.678191
2.939763
2.487786
-0.997494
1.056854
0.987676
0.694922
2.127761
1.007565
0.329657
1.421666
0.140214
0.364590
1.331207
-0.214488
-1.414192
1.109885
0.371102
2.206315
2.099321
0.772856
0.605411
-0.036269
1.481142
1.706731
1.180847
-0.042987
0.048201
-1.824212
0.630979
0.056578
0.996859
0.085211
2.357028
0.043512
1.207286
2.020346
0.737885
1.500204
-0.131025
0.317406
0.620138
-1.803422
-0.006461
1.292897
-1.398583
0.815453
-0.483904
2.091224
0.674120
-0.968179
0.618169
0.038649
1.330581
-0.422576
-0.104668
0.590523
0.923834
-0.762939
1.134274
1.369478
0.710782
2.407781
-0.081776
-0.615104
2.173194
1.188071
-1.068584
-0.004667
0.391899
0.218333
-0.486464
2.260904
-0.701166
1.369670
0.117322
0.958315
0.921007
-0.459193
1.057427
1.496422
-3.266084
0.260514
-0.463460
0.565133
0.387606
-0.777612
1.181003
-0.150760
0.954682
-1.852892
-0.502503
1.531438
-0.248142
-0.497949
1.084465
0.051534
0.431637
0.173993
0.662622
0.720517
0.512409
-1.122689
-0.194197
-0.411311
-1.282714
-1.092459
-0.350161
0.399151
-1.709810
-0.574830
-0.911008
-1.542291
-1.475783
-0.052737
-1.050708
2.020509
0.439172
-0.679958
-0.617738
-0.313191
0.652352
2.373001
-0.046698
1.638650
1.862932
-0.228272
1.222837
1.018162
0.272187
-0.949687
-1.657554
-0.857049
-1.106986
0.082360
-1.883637
1.092778
0.553643
1.300437
-0.189924
-0.613232
-1.818201
0.316401
-0.110493
0.928660
-0.195345
-0.811735
-1.049830
-2.131272
0.079046
-0.108458
0.200604
0.852610
0.449687
-0.048745
-2.345645
-1.472543
0.268164
1.037069
1.001017
0.184349
0.301776
-0.640978
1.677505
0.461361
0.796307
2.196182
0.036596
0.890713
1.302305
-0.657455
-0.289469
-0.940977
-0.317534
1.806326
1.381223
-1.066525
0.202786
1.106321
-0.176496
2.161062
-0.539504
-0.549723
-0.604543
-1.569182
1.469150
0.210037
-0.527779
-0.494422
0.768197
1.561216
0.672254
1.088947
0.882706
-0.517460
-0.658788
1.403147
-2.080967
-0.929944
-0.134071
-0.238095
2.434128
1.091630
-0.518215
-0.359413
0.711830
-0.269997
1.072745
-1.143558
0.254434
0.692355
-0.692542
0.956782
0.368542
-0.245074
1.454084
-0.491746
0.646096
-0.258659
1.588647
0.265529
2.301585
-0.915916
-1.010831
-0.424200
0.798974
1.310809
0.486149
-0.071455
2.239040
0.414912
-0.237996
-0.072469
2.116506
-0.127349
0.523878
-1.847301
1.633989
0.833269
-0.493257
1.044669
0.372394
1.032061
0.047243
-0.480669
1.080276
0.255164
-0.087726
0.680054
1.330697
-1.150754
-1.461007
0.671531
1.715301
-0.219341
-1.436324
0.294768
0.726507
0.209712
0.749397
-0.284722
0.968231
-0.290125
0.241905
0.058437
-0.875648
-1.164583
0.200501
-1.073549
-0.184031
0.128823
1.670637
1.132310
0.937248
0.708885
0.229986
0.101783
-0.618512
-0.172288
-1.192199
0.133171
-1.339281
1.068535
0.791890
0.411873
-0.043466
1.617477
0.221955
1.150415
-2.014020
-0.946399
-0.097885
-0.713425
-0.827812
-0.466726
0.642916
0.032469
0.988135
1.020157
-0.140963
1.557665
-0.345235
-0.221599
-0.153826
1.177329
-0.758371
0.621311
1.219787
-1.354367
-0.040539
1.551175
-1.008855
-0.360367
-0.330479
1.096701
2.091603
0.581126
1.183779
0.082172
-0.632020
0.801020
1.070629
1.220682
1.704096
0.803797
-0.347163
0.477882
0.530871
1.589666
-0.173315
1.013107
-0.153023
1.103086
2.139706
0.999836
-1.603282
-0.144609
0.276958
-1.330208
1.213115
0.355836
0.727823
1.236885
0.408480
1.645816
-0.484505
-1.812873
0.745405
0.399475
-1.545720
1.776140
0.186239
0.252803
0.542997
1.305375
-2.473756
-0.816380
0.838334
1.238860
0.098793
-1.095678
-0.900280
0.703456
0.980751
-0.464626
1.417052
-0.868230
0.379776
0.629041
-0.971506
0.325989
-1.173192
-2.037288
0.619676
0.634879
-0.183642
-0.703424
-1.235486
0.474633
-1.073112
-0.800757
1.476269
-1.371755
1.484199
-1.599816
-1.046205
-1.247504
0.920498
-0.368881
0.763957
1.030286
-0.251970
1.047196
-0.309455
1.040164
-0.038270
0.708803
-1.910826
0.481987
0.882088
-1.401839
0.691346
0.127170
0.009038
1.529370
-0.486952
0.409589
0.562736
-0.435800
-0.287549
0.718468
1.030528
1.412251
0.448529
0.326455
0.088318
-0.938616
0.365817
-1.005647
0.077837
-0.471231
-0.122411
1.293819
-0.306687
-0.069969
1.028205
0.144568
1.445187
0.038222
-0.709934
-0.499180
-0.282496
-0.551762
0.821460
-0.169531
-0.641397
0.569158
-0.661072
-0.762447
0.899670
1.203803
0.676602
-0.455901
-0.659359
-0.950105
0.609610
-1.410509
-1.440975
-0.622229
0.623938
1.476395
-0.543827
1.545167
0.640169
-0.464517
-0.403361
-0.533235
-0.290523
0.725362
-1.956877
1.672820
-2.710682
0.201375
-0.214093
1.309831
0.424927
-1.123536
0.281622
-0.474008
-0.644074
0.943373
-0.901482
-0.816496
-1.070834
1.752357
1.472517
0.340671
0.202438
0.445719
0.274518
-1.817523
-0.416772
0.484463
-0.496831
-0.839735
0.839360
-1.002186
-1.307865
-0.465790
0.686045
0.478350
0.587608
-1.273570
1.708959
-0.133344
-0.213578
0.846250
0.038817
-0.539060
0.910104
1.828016
-1.446758
0.287823
-1.123871
1.414048
1.266466
-0.776842
0.527194
0.115130
1.505866
-0.744165
0.118623
0.475414
2.134808
1.391270
-0.622897
-1.277249
-0.085531
-0.480105
-0.262817
-0.452003
0.833210
-1.127247
-0.926205
-0.182309
0.086507
-0.416545
-1.050296
-0.013348
0.558468
0.045421
0.704004
-1.532377
1.201418
-2.716602
0.651709
0.934309
-1.083557
1.712230
1.955997
-1.143349
0.087897
0.509426
-0.195891
-0.811984
-0.040735
0.054189
0.496974
-0.317058
-0.707780
-0.497105
-0.071698
-0.870946
1.367218
-0.629347
0.465992
-2.036562
-0.086146
0.058656
-1.180768
-2.199567
0.375971
0.285699
1.267536
-1.692226
0.696694
1.278227
0.938296
1.908776
-0.415555
-1.566857
-0.392412
-0.496777
0.303405
0.264250
0.567372
-0.592879
0.046900
1.397999
0.041410
1.426363
1.431718
0.650919
0.275971
1.849174
-1.799086
0.277702
0.505314
0.446149
-1.934532
0.417621
0.264327
1.128809
-1.109395
-0.635606
0.592798
0.096260
-1.545204
-0.122581
-0.859659
-1.676964
1.145228
-0.096100
-0.383588
-0.776285
1.333019
1.073917
-0.270882
-0.851594
-2.189252
0.571926
-0.112397
0.736331
-0.217226
0.664741
1.060666
-0.699072
-2.085787
0.939355
0.168436
1.205216
-0.154383
-0.267930
-2.150502
1.192694
-0.425079
-1.542164
1.056438
-0.454069
0.944458
2.300581
0.288145
-0.321912
-0.323455
-0.926635
0.414856
0.045726
1.441788
-0.170730
1.141911
-1.424475
1.013410
-0.686943
1.646897
0.083271
0.548211
-0.953253
0.148360
0.407504
-1.269150
0.093058
-0.326463
-2.124844
-0.540876
-0.066354
0.982967
0.209562
-0.978261
1.236991
-1.875480
0.907754
1.452487
-1.120273
0.191411
-0.633484
-2.346334
-1.496434
0.189784
0.523073
-1.366918
-0.390139
0.804656
1.185764
0.610681
-0.436666
0.788413
-0.741533
1.997145
1.088543
0.403458
0.065896
0.501763
0.158057
1.131122
-1.087921
0.755912
-0.207932
0.129368
-1.209390
0.595275
0.221969
0.473739
-0.274164
-0.660971
0.087588
0.699786
2.101215
-0.665390
0.872540
1.755637
-0.575835
0.025294
0.132978
0.249882
-1.032788
0.471534
-0.305014
0.140882
-0.149855
-0.404262
-0.339031
0.233637
-1.378671
-0.191148
-0.381551
0.102028
-0.619839
-0.345421
-0.071179
0.918408
-2.690053
-1.065435
0.650338
-0.512637
0.041627
1.072638
0.876548
-0.071390
1.523919
-0.276194
-0.377039
0.075311
0.315584
-0.832130
-0.301228
1.191405
0.468033
0.421006
0.356410
0.488530
-0.517342
-0.702112
-0.486731
0.490365
0.498795
-0.240109
0.719897
1.026274
0.848995
1.162296
1.882220
0.990816
-0.908519
-0.001757
1.547080
1.606220
