0.459995
0.212803
0.148626
0.012629
-0.009760
0.001915
-0.064200
-0.135421
-0.088648
-0.002298
0.073059
0.174780
0.219624
0.251457
0.312945
0.374931
0.215563
-0.034616
-0.274501
-0.575999
-0.423162
-0.104791
0.130292
0.455618
0.395979
0.206009
0.125391
-0.010536
0.006692
0.074748
0.079814
0.098115
0.090137
0.070509
0.065213
0.057774
0.050166
0.042999
0.033734
0.023766
0.050358
0.091954
0.131229
0.180419
0.219448
0.258554
0.308343
0.361637
0.213918
-0.016559
-0.234654
-0.507548
-0.344634
-0.020653
0.227910
0.566009
0.532632
0.375163
0.325796
0.224940
0.251124
0.318682
0.328321
0.346157
0.298140
0.219810
0.152344
0.068322
-0.009482
-0.091249
-0.190336
-0.297990
-0.238390
-0.113473
-0.004774
0.145343
0.241615
0.332667
0.468786
0.615935
0.559712
0.426897
0.314625
0.153666
0.051026
-0.047439
-0.198655
-0.364183
-0.332872
-0.230099
-0.151048
-0.027761
0.018416
0.050000
0.130514
0.216844
0.220798
0.197609
0.184380
0.153947
0.163718
0.183589
0.183996
0.185111
0.319593
0.509095
0.693424
0.915457
0.705369
0.328536
0.009322
-0.409270
-0.306168
-0.021555
0.138149
0.385004
0.348098
0.218066
0.189493
0.130403
0.137161
0.168381
0.165977
0.167702
0.155339
0.135355
0.119985
0.101517
0.097965
0.099797
0.097815
0.098311
0.093665
0.087589
0.084270
0.080910
0.183785
0.332134
0.475882
0.650232
0.564731
0.382517
0.243148
0.049173
0.102022
0.238842
0.308834
0.415877
0.424600
0.401776
0.421013
0.432952
0.027839
-0.553694
-1.124466
-1.817493
-1.267447
-0.244627
0.598126
1.717439
1.479486
0.774554
0.412995
-0.165012
-0.207938
-0.088261
-0.212986
-0.308846
-0.108247
0.206140
0.535683
0.956389
0.757810
0.340050
0.043483
-0.369805
-0.294063
-0.052103
0.048910
0.219626
0.198464
0.113398
0.107639
0.085360
0.079362
0.080948
0.065361
0.047746
0.034553
0.020473
0.003966
-0.013521
-0.057647
-0.113823
-0.169884
-0.234365
-0.294040
-0.355604
-0.426089
-0.500746
-0.005089
0.730335
1.436780
2.303643
1.640337
0.398054
-0.612426
-1.957618
-1.671954
-0.824669
-0.392344
0.299290
0.350376
0.206487
0.355346
0.469574
0.438255
0.359776
0.254050
0.099218
0.035376
-0.015648
-0.121644
-0.235388
-0.293632
-0.337714
-0.392647
-0.439683
-0.371088
-0.250741
-0.127291
0.033974
0.038155
-0.006454
-0.005119
-0.023733
-0.063702
-0.117242
-0.190145
-0.279908
-0.267848
-0.222412
-0.198973
-0.158472
-0.164368
-0.184339
-0.184822
-0.188521
-0.226280
-0.277975
-0.331376
-0.395641
-0.448795
-0.502494
-0.567931
-0.637441
-0.464092
-0.190559
0.068193
0.393320
0.236139
-0.096723
-0.340199
-0.679040
-0.610841
-0.404672
-0.314060
-0.164863
-0.177155
-0.242943
-0.242040
-0.254928
-0.246568
-0.228568
-0.225232
-0.221367
-0.215521
-0.210138
-0.204410
-0.198543
-0.297153
-0.440117
-0.578428
-0.746608
-0.640295
-0.430690
-0.263802
-0.037619
0.151091
0.347120
0.605805
0.890611
-2.016483
-6.262845
-2.571859
3.530859
2.106754
-0.549343
-0.321285
-0.240364
-0.249610
-0.060771
0.002563
0.095772
0.006875
-0.158799
-0.286692
-0.453770
-0.361981
-0.174407
-0.038258
0.148307
0.177319
0.157472
0.196200
0.220271
0.211375
0.187787
0.150914
0.098012
0.123335
0.173023
0.202641
0.243421
0.246142
0.235775
0.238443
0.236494
0.257431
0.287323
0.311552
0.339992
0.362468
0.383780
0.409662
0.436313
0.387201
0.306695
0.230288
0.132890
0.198075
0.323036
0.419292
0.548562
0.561184
0.536603
0.550999
0.552194
0.604085
0.675488
0.731350
0.795110
0.620695
0.346993
0.091613
-0.227718
-0.178430
-0.000325
0.095833
0.256520
0.132425
-0.091282
-0.236563
-0.425308
-0.508982
-0.560013
-0.659944
-0.754259
-0.697781
-0.579688
-0.462672
-0.301272
-0.185903
-0.069434
0.094955
0.275374
0.381854
0.469459
0.577227
0.676900
0.824039
0.989717
1.145128
1.309885
1.522104
1.757811
2.001064
2.263560
2.520244
2.784271
3.068528
3.364219
3.707231
4.077878
4.458481
4.861281
5.538470
6.343866
7.160489
8.071024
9.595004
11.425202
13.326254
15.465909
19.044992
23.355864
27.852231
32.922872
34.320144
34.443162
31.072913
25.230185
23.507524
22.009403
17.746446
12.848554
11.867335
11.962343
11.209242
11.014341
9.429537
7.425106
6.051695
4.602962
4.124770
4.091060
3.942550
4.056252
3.955909
3.875211
4.074264
4.378891
4.003821
3.418638
2.974270
2.419385
2.213034
2.118104
1.894860
1.706140
1.559055
1.432277
1.338422
1.272499
1.190270
1.117679
1.074968
1.047760
0.965118
0.869318
0.792194
0.710980
0.666809
0.638461
0.604431
0.579320
0.593179
0.627198
0.668724
0.727018
0.782542
0.845539
0.926073
1.017278
0.982955
0.902077
0.837796
0.745470
0.698915
0.660450
0.591111
0.517273
0.534719
0.585629
0.627700
0.691358
0.719336
0.741311
0.787101
0.836433
0.968889
1.140896
1.313175
1.512905
1.348291
1.041543
0.778923
0.429893
0.434151
0.552912
0.567342
0.628448
0.535876
0.388741
0.295718
0.183878
0.344645
0.618318
0.861187
1.172725
1.228408
1.204141
1.261745
1.289627
1.437106
1.630214
1.788049
1.964922
2.109513
2.245554
2.402414
2.560708
3.107862
3.823352
4.523725
5.337726
6.065052
6.807144
7.670479
8.583143
9.758437
11.081434
12.445135
13.923182
15.731781
17.738922
19.850501
22.134560
27.162771
33.450495
39.799278
47.054843
44.439131
38.054612
33.034863
25.784442
23.236985
21.789817
17.841600
13.842798
12.218004
11.314805
10.237007
9.674450
8.647124
7.645001
7.194890
6.942254
6.218070
5.444236
4.899541
4.379144
4.036868
3.806032
3.594490
3.462241
3.378759
3.355227
3.411828
3.535782
3.237980
2.800768
2.452101
2.031121
1.799962
1.625060
1.367821
1.122011
0.965204
0.842904
0.727944
0.641701
0.718244
0.878288
1.061098
1.309963
1.274390
1.151153
1.108739
1.029514
1.088289
1.197090
1.262479
1.347452
1.427153
1.509191
1.611384
1.722690
1.840612
1.967753
2.104202
2.249633
2.585464
3.007504
3.430707
3.914964
4.364305
4.827524
5.355459
5.913737
6.399933
6.876531
7.388161
7.902566
8.482518
9.095370
9.708548
10.344222
12.896246
16.274249
19.592917
23.476323
24.190066
23.813487
24.157700
23.962035
22.250614
19.717573
16.696748
12.922848
11.662734
11.067678
9.580800
8.292293
7.353242
6.561408
5.952767
5.528066
4.936345
4.379153
4.021026
3.746096
3.355515
2.975792
2.688759
2.434008
2.345617
2.352954
2.387271
2.495544
2.286198
1.979219
1.762705
1.505300
1.250362
0.986892
0.681704
0.355028
0.493887
0.816343
1.096152
1.493146
1.744443
1.984146
2.351098
2.751333
2.409554
1.781122
1.220147
0.474974
0.514325
0.808313
0.878336
1.055462
0.805097
0.399309
0.121044
-0.221062
-0.426255
-0.589606
-0.823931
-1.054349
-0.642364
0.037279
0.692703
1.531273
1.108808
0.233037
-0.398969
-1.273208
-1.105697
-0.582624
-0.353284
0.028005
0.002235
-0.156635
-0.142996
-0.161431
-0.102780
-0.008093
0.051440
0.121065
0.193836
0.268953
0.354101
0.444950
0.411973
0.330043
0.259433
0.157587
0.361889
0.683016
0.958700
1.302211
1.190482
0.912024
0.723045
0.445803
0.540865
0.762455
0.877336
1.045529
0.795866
0.382088
0.040666
-0.391122
-0.363204
-0.174366
-0.098318
0.053825
-0.092689
-0.342564
-0.501688
-0.702258
-0.768221
-0.786722
-0.853209
-0.903619
-0.909015
-0.892805
-0.862275
-0.810761
-0.769506
-0.721266
-0.650748
-0.568563
-0.727538
-0.981300
-1.212411
-1.503838
-1.297835
-0.906044
-0.597958
-0.185753
-0.387585
-0.810759
-1.100344
-1.501829
-1.419113
-1.168664
-1.053866
-0.866915
-0.568774
-0.203876
0.229843
0.735902
0.551937
0.115554
-0.215646
-0.693443
-0.759409
-0.707702
-0.824669
-0.914654
-0.811102
-0.630417
-0.431486
-0.168154
0.007615
0.178237
0.419446
0.679007
0.501914
0.155099
-0.153331
-0.571199
-0.842394
-1.098400
-1.473712
-1.877139
-1.602244
-1.064533
-0.586121
0.062047
-0.076172
-0.475725
-0.666119
-0.973251
-0.881418
-0.652384
-0.559733
-0.418572
-0.408181
-0.445141
-0.427331
-0.422253
-0.380943
-0.324384
-0.282131
-0.234983
-0.167986
-0.091765
-0.011446
0.077041
0.161007
0.247310
0.342297
0.441594
0.168499
-0.260109
-0.668130
-1.179697
-0.794766
-0.074720
0.499647
1.263996
1.209648
0.880549
0.782255
0.566725
0.532692
0.545387
0.430731
0.303004
0.245442
0.198125
0.133240
0.073110
-0.054739
-0.211033
-0.359625
-0.525440
-0.102295
0.564194
1.187523
1.968885
1.640022
0.908247
0.387589
-0.349609
-0.190824
0.270079
0.469873
0.795017
0.762784
0.609581
0.599470
0.555714
0.682291
0.880730
1.038133
1.229787
1.055451
0.737094
0.469646
0.117615
0.211472
0.460806
0.603762
0.821529
0.866926
0.862773
0.942648
1.016805
1.040817
1.049711
1.055515
1.047610
1.071823
1.102952
1.118480
1.134011
1.171821
1.217459
1.262016
1.312142
1.352163
1.390380
1.434788
1.479914
1.564171
1.666070
1.767075
1.880111
1.986200
2.094876
2.216299
2.343621
2.209135
1.967365
1.743092
1.448266
1.696133
2.143705
2.494983
2.956338
2.995597
2.896643
2.929072
2.907939
3.063708
3.283562
3.441387
3.621582
3.757930
3.879535
4.025694
4.170750
4.528059
4.977765
5.417372
5.918455
6.199535
6.414744
6.702997
6.968166
7.191957
7.395059
7.576629
7.734961
8.368751
9.191677
9.969877
10.868024
11.248011
11.458995
11.816129
12.101386
13.110306
14.408936
15.603120
16.965253
18.674193
20.598342
22.680563
24.967616
27.434567
30.090789
32.952547
36.009504
36.598117
36.249693
36.211392
35.604569
33.605334
30.780052
27.428754
23.319098
22.256959
22.080455
20.983346
20.232242
18.740227
16.997618
15.637811
14.244998
13.079829
12.036589
10.952411
9.932055
9.330563
8.932868
8.582857
8.392990
8.149255
7.962694
7.944612
8.019305
7.694772
7.261687
6.943191
6.580310
6.452349
6.415678
6.323844
6.276192
6.124470
5.943330
5.811976
5.677000
5.543854
5.415062
5.282837
5.151385
5.201732
5.329433
5.450069
5.623198
5.751931
5.885625
6.075517
6.286945
6.581464
6.927382
7.292457
7.698568
8.121738
8.573426
9.067009
9.593589
10.129215
10.688590
11.282064
11.902135
12.543486
13.209967
13.903332
14.622166
15.724892
17.005745
18.296624
19.715892
21.024227
22.346586
23.806712
25.320283
27.780119
30.682222
33.599944
36.831765
39.925940
43.110392
46.626046
50.310357
48.355795
44.116014
40.296578
34.988017
33.079649
31.964741
29.165073
26.380415
24.670765
23.247163
21.779361
20.540629
18.547276
16.335500
14.393036
12.382900
11.515951
11.132231
10.631309
10.428018
9.965029
9.518603
9.390539
9.378201
8.812376
8.098986
7.531785
6.899027
6.605390
6.440808
6.194904
6.010784
5.753034
5.484295
5.282042
5.095133
4.959692
4.860382
4.775263
4.718565
4.452980
4.113335
3.812229
3.470696
3.210842
2.970878
2.685851
2.399620
2.267220
2.194939
2.114420
2.074858
1.983267
1.887859
1.837026
1.797862
1.922514
2.127057
2.325562
2.576282
2.472149
2.113440
1.894021
1.576997
1.517171
1.535792
1.457494
1.401953
1.228650
1.005641
0.810496
0.591445
0.468374
0.377890
0.258742
0.152832
0.009553
-0.146458
-0.287382
-0.431811
-0.395818
-0.283101
-0.181670
-0.029983
0.079203
0.192659
0.359882
0.547484
0.562478
0.519270
0.505027
0.457557
0.487335
0.537479
0.550127
0.564543
0.325915
-0.023525
-0.360522
-0.770946
-0.501945
0.023059
0.442857
1.009800
1.056922
0.940674
0.998324
0.998366
0.966973
0.913622
0.803374
0.655299
0.738317
0.895913
1.003935
1.150282
1.187835
1.191807
1.239749
1.279144
1.211678
1.099394
0.983218
0.833069
0.714050
0.591946
0.433299
0.260954
0.397870
0.656086
0.886498
1.194669
1.065663
0.784135
0.601729
0.343733
0.289099
0.296067
0.216806
0.151257
0.310765
0.563327
0.819695
1.145120
0.600014
-0.282737
-1.056438
-2.034142
-1.773446
-1.069864
-0.629990
0.036353
-0.130472
-0.573605
-0.748478
-1.026912
-0.969719
-0.789843
-0.729508
-0.627008
-0.621564
-0.650315
-0.632183
-0.620404
-0.581461
-0.528971
-0.483857
-0.432657
-0.352499
-0.257948
-0.158405
-0.046926
0.061033
0.173616
0.298746
0.431009
0.297722
0.056115
-0.166559
-0.460056
-0.678660
-0.896580
-1.190893
-1.509461
-1.336339
-0.973461
-0.657496
-0.220506
-0.275740
-0.488667
-0.555463
-0.686099
-0.641337
-0.536386
-0.503921
-0.455521
-0.529359
-0.655416
-0.760282
-0.893547
-0.885131
-0.827495
-0.805195
-0.759864
-0.735900
-0.713976
-0.667570
-0.613966
-0.664248
-0.752768
-0.829163
-0.929317
-0.990122
-1.044033
-1.124141
-1.207997
-0.845696
-0.298085
0.226199
0.874640
0.828067
0.541480
0.413197
0.166203
0.106187
0.086864
-0.062149
-0.227476
-0.162707
-0.021410
0.092046
0.253884
0.212790
0.105073
0.055967
-0.020909
-0.051326
-0.068782
-0.116522
-0.166154
-0.165816
-0.148308
-0.135155
-0.110517
-0.108911
-0.112183
-0.102610
-0.092295
-0.023616
0.071604
0.165176
0.276666
0.378573
0.484624
0.609622
0.743609
0.392190
-0.159551
-0.680906
-1.334605
-0.994476
-0.290276
0.234317
0.958332
0.826220
0.404263
0.224226
-0.079354
-0.041829
0.108559
0.118273
0.157139
0.144509
0.108734
0.104237
0.096751
0.086764
0.077623
0.065744
0.052831
0.002051
-0.065614
-0.132739
-0.211556
-0.282988
-0.356700
-0.442831
-0.534531
-0.466805
-0.335168
-0.216271
-0.055962
0.056697
0.167140
0.322402
0.490651
0.356622
0.104806
-0.120177
-0.420948
-0.179031
0.261124
0.599641
1.045274
0.877724
0.488700
0.236189
-0.126951
-0.276805
-0.373293
-0.592413
-0.816119
-0.926170
-1.002996
-1.090445
-1.154809
-1.089794
-0.960037
-0.337793
0.538041
0.410407
0.026786
-0.047146
-0.215522
-0.154437
-0.007181
0.034877
0.096851
0.066617
-0.004657
-0.052175
-0.118580
-0.175605
-0.234976
-0.314113
-0.401767
-0.165931
0.201466
0.545943
0.976571
0.708301
0.180596
-0.227974
-0.781434
-0.625455
-0.222894
0.000041
0.337219
0.401942
0.385251
0.497141
0.596741
0.561907
0.477729
0.387646
0.257691
0.187547
0.123542
0.015637
-0.101736
-0.108997
-0.078493
-0.062887
-0.024262
-0.034488
-0.056290
-0.052277
-0.047877
-0.068205
-0.096141
-0.122404
-0.154139
-0.041015
0.131359
0.291836
0.490356
0.468572
0.369617
0.319446
0.230541
0.227271
0.247453
0.224235
0.202607
0.508807
0.950647
1.379654
1.901476
1.603476
0.998780
0.525409
-0.122615
-0.006352
0.367174
0.527995
0.799796
0.761510
0.620767
0.606588
0.565413
0.557099
0.563518
0.541582
0.517963
0.499141
0.478568
0.455822
0.431839
0.529429
0.677937
0.819906
0.995827
0.899315
0.702102
0.551728
0.345248
0.446748
0.657960
0.798185
0.992229
1.072915
1.123071
1.233263
1.342690
1.309728
1.222179
1.140454
1.020550
0.952561
0.889386
0.784497
0.669612
0.781613
0.981052
1.160030
1.395301
1.292190
1.069311
0.919132
0.707931
0.892857
1.225437
1.478347
1.808495
1.680330
1.384912
1.188578
0.907495
0.980527
1.175012
1.267287
1.410484
1.417940
1.380677
1.401168
1.410903
1.454532
1.513659
1.560650
1.613328
1.665082
1.717822
1.776393
1.837810
1.797093
1.714868
1.640039
1.538091
1.668056
1.884775
2.063481
2.291223
2.253250
2.121169
2.051003
1.934946
1.918006
1.928291
1.887289
1.847717
2.152211
2.598342
3.030713
3.560034
3.314649
2.783604
2.386212
1.829793
1.956287
2.312988
2.476687
2.738455
2.731443
2.635586
2.651302
2.644397
2.742654
2.886870
3.004023
3.142332
3.267499
3.394123
3.542999
3.700635
3.747156
3.752860
3.772599
3.767416
3.804132
3.848484
3.865343
3.878518
3.766554
3.596707
3.428223
3.219944
3.455851
3.862253
4.208319
4.655644
4.677836
4.560197
4.565229
4.511912
4.638780
4.827963
4.949951
5.091630
5.021990
4.864546
4.736062
4.556379
4.933340
5.526225
6.042340
6.685917
6.796495
6.731883
6.821587
6.838418
7.044235
7.312656
7.498719
7.699087
8.015004
8.378069
8.336442
8.156949
8.359325
8.616728
8.711736
8.803866
9.013165
9.253773
9.485061
9.739463
9.959575
10.174941
10.415638
10.661258
10.835681
10.984799
11.142284
11.283933
11.455119
11.632337
11.791954
11.950037
12.051505
12.126301
12.201809
12.259126
12.323422
12.382238
12.421928
12.451651
13.390172
14.708689
15.977552
17.499591
17.830252
17.767369
18.017539
18.090338
18.765377
19.646697
20.320930
21.067485
21.595494
22.042475
22.572099
23.075775
23.769843
24.541514
25.278772
26.057913
26.791388
27.521414
28.296493
29.084290
29.796851
30.488129
31.196176
31.893416
32.634455
33.390842
34.134289
34.884059
36.182191
37.715243
39.231095
40.907781
41.181531
40.931883
40.909077
40.588966
39.983467
39.141235
38.005348
36.603356
35.461212
34.273836
32.797460
31.204433
30.468985
30.013169
29.397328
28.935244
28.068278
27.084143
26.275359
25.443406
24.708681
24.023036
23.310610
22.620084
21.937055
21.264644
20.614366
19.979275
19.468556
19.020218
18.582414
18.191494
17.791378
17.410435
17.078506
16.775443
16.434938
16.097218
15.791384
15.496458
15.252554
15.038847
14.834485
14.653653
14.343978
13.991498
13.669004
13.325567
12.833575
12.271735
11.694859
11.063122
11.139926
11.490912
11.754440
12.184266
11.665270
10.811222
10.169535
9.360728
9.274038
9.438778
9.401073
9.471516
9.273624
8.990798
8.829885
8.652630
8.379171
8.070029
7.749088
7.396217
7.088064
6.782726
6.442314
6.093032
6.642495
7.566501
8.442297
9.568262
8.967415
7.743941
6.853505
5.630155
5.574398
5.894706
5.822695
5.883618
5.975532
6.101385
6.360394
6.695245
6.507711
6.147544
5.889470
5.538621
5.425975
5.382019
5.232568
5.095641
4.769772
4.358206
3.966914
3.524082
3.554882
3.765207
3.901919
4.141589
4.054865
3.869713
3.804629
3.709946
3.769099
3.892553
3.979688
4.097793
4.033505
3.902277
3.810682
3.685269
3.845658
4.116004
4.339334
4.624450
4.622761
4.523012
4.499214
4.431412
4.477122
4.558553
4.590141
4.629280
4.785606
4.990056
5.196873
5.439658
5.412326
5.287166
5.210904
5.081002
5.267537
5.568756
5.801194
6.091616
6.269571
6.419559
6.633874
6.850544
7.287817
7.826871
8.359363
8.960120
9.528992
10.115593
10.774180
11.468329
12.122681
12.784387
13.485193
14.201868
14.975302
15.784464
16.607916
17.460202
18.392166
19.373057
20.380474
21.430543
20.217006
18.063108
16.739131
15.087924
13.733779
12.440568
10.802407
9.077482
8.180449
7.558496
6.808290
6.220084
5.635899
5.115759
4.762123
4.509774
4.370209
4.343729
4.418557
4.601427
4.369784
4.023124
3.806983
3.548587
3.522927
3.590315
3.604963
3.665419
3.602107
3.502014
3.454257
3.398426
3.399809
3.427295
3.444373
3.475313
3.424328
3.343878
3.281227
3.203667
3.144989
3.089243
3.017391
2.942059
2.847512
2.741454
2.632494
2.514870
2.393775
2.266836
2.131054
1.988404
1.911777
1.859088
1.796372
1.747599
1.673684
1.594545
1.530842
1.468596
1.368902
1.255591
1.145527
1.026497
0.922575
0.821224
0.709968
0.597300
0.576176
0.592293
0.602924
0.638366
0.647294
0.655985
0.691461
0.735414
0.547117
0.266807
0.005501
-0.315431
-0.158072
0.176870
0.429618
0.781257
0.631785
0.306729
0.104995
-0.179610
-0.123823
0.051024
0.126389
0.251263
0.260853
0.234058
0.262691
0.285652
0.353155
0.442822
0.525136
0.619425
0.420612
0.101920
-0.191799
-0.562105
-0.408132
-0.064324
0.177796
0.521124
0.661121
0.751261
0.954126
1.160061
1.038860
0.791839
0.562995
0.248286
0.330066
0.542239
0.648574
0.812964
0.805886
0.741848
0.744457
0.730575
0.464054
0.089365
-0.290972
-0.751154
-0.558902
-0.127055
0.193965
0.649190
0.476899
0.088756
-0.134285
-0.454674
-0.303915
0.019182
0.222504
0.505512
0.494846
0.383882
0.367116
0.312333
0.367632
0.461928
0.512874
0.575304
0.592587
0.591452
0.603808
0.608493
0.621862
0.636759
0.643448
0.648280
0.690151
0.746043
0.798350
0.859625
0.875540
0.875979
0.887626
0.891988
0.909090
0.929386
0.941679
0.953412
0.958580
0.959845
0.960750
0.958978
0.965345
0.973882
0.979293
0.985254
0.986613
0.985940
0.986010
0.984956
0.992274
1.002707
1.011621
1.022236
1.029987
1.037155
1.046194
1.055453
1.059584
1.061833
1.064547
1.066033
1.069534
1.073367
1.075846
1.078117
1.026214
0.951019
0.877935
0.789097
0.712794
0.634666
0.539707
0.438058
0.467838
0.548624
0.616685
0.717150
0.774371
0.827031
0.914998
1.011272
0.891861
0.688308
0.502934
0.263025
0.222274
0.242633
0.198098
0.175677
0.322477
0.544772
0.782146
1.079233
0.855725
0.440286
0.109225
-0.331001
-0.222288
0.077774
0.241836
0.495825
0.539417
0.521225
0.604115
0.678784
0.179309
-0.557611
-0.762808
-0.913823
-3.001176
-0.082601
-0.177511
0.586156
0.439521
-0.011199
-0.193991
-0.501671
-0.439071
-0.249070
-0.202185
-0.117286
-0.046604
0.020688
0.126808
0.246354
0.139838
-0.052464
-0.220811
-0.443104
-0.397526
-0.260714
-0.191103
-0.078968
-0.075330
-0.105046
-0.086599
-0.074776
-0.107981
-0.158349
-0.213251
-0.282894
-0.256765
-0.197274
-0.157206
-0.099628
-0.104422
-0.129607
-0.134131
-0.146023
-0.110206
-0.055355
-0.010023
0.045229
-0.000354
-0.085202
-0.155508
-0.248703
0.664284
1.996211
1.386942
0.254565
0.246579
0.266330
-0.319330
-1.030531
-0.602499
0.187337
0.793285
1.611169
1.430969
0.905931
0.641854
0.221532
0.187226
0.271584
0.179633
0.109145
0.444991
0.945119
1.448545
2.073386
1.572220
0.649187
-0.099586
-1.091137
-1.291248
-1.249919
-1.492645
-1.659289
-1.694120
-1.667290
-1.569643
-1.399010
-1.328554
-1.259021
-1.109055
-0.935904
-0.648429
-0.292928
0.082283
0.509864
0.351535
-0.029469
-0.330842
-0.764722
-0.224292
0.677043
1.399833
2.318948
2.204482
1.723325
1.488541
1.077306
1.047617
1.123676
1.002586
0.887566
0.548526
0.096134
-0.341883
-0.850622
-0.682290
-0.257485
0.065031
0.535905
0.236283
-0.332491
-0.715283
-1.226654
-0.984328
-0.461865
-0.103524
0.396069
0.318408
0.043942
-0.060721
-0.246484
-0.089782
0.192614
0.377642
0.616404
0.327726
-0.170507
-0.591148
-1.132823
-0.827463
-0.210193
0.245880
0.869222
0.731179
0.330483
0.134486
-0.178118
-0.197295
-0.124588
-0.183613
-0.224560
-0.220201
-0.202042
-0.197515
-0.187525
0.014245
0.298733
-0.722541
0.263805
-0.011592
-0.021327
-0.026262
-0.038269
-0.032804
-0.022712
-0.020653
-0.017994
-0.019507
-0.023364
-0.026483
-0.030829
-0.036021
-0.042070
-0.049346
-0.057635
-0.053766
-0.045329
-0.038475
-0.028866
-0.023529
-0.018887
-0.011221
-0.003046
-0.053746
-0.128938
-0.201041
-0.289541
-0.362374
-0.435897
-0.527044
-0.624356
-0.353389
0.069524
0.470038
0.971222
0.707130
0.162219
-0.245664
-0.807871
-0.712269
-0.394578
-0.263914
-0.039100
-0.077703
-0.204075
-0.223114
-0.265507
-0.205973
-0.102648
-0.027039
0.068090
0.148894
0.229816
0.331342
0.440173
0.132901
-0.345818
-0.798869
-1.365402
-1.074005
-0.468022
-0.016299
0.608053
0.490719
0.122362
-0.036544
-0.302498
-0.272669
-0.144969
-0.139172
-0.108060
-0.105369
-0.115817
-0.099803
-0.081697
-0.069638
-0.056370
-0.040464
-0.023510
-0.080799
-0.168908
-0.252709
-0.356982
-0.441467
-0.526671
-0.633884
-0.748704
-0.428389
0.071181
0.543940
1.135369
0.809950
0.147184
-0.353420
-1.040195
-0.859009
-0.378579
-0.127001
0.259338
0.257222
0.128738
0.302090
0.503522
-0.414218
-0.116750
-0.643823
-1.070782
-0.843460
-0.378140
-0.026141
0.458450
0.369939
0.087710
-0.033455
-0.237551
-0.212072
-0.110718
-0.103831
-0.077274
-0.079786
-0.095452
-0.090254
-0.085420
-0.083515
-0.080816
-0.078203
-0.075565
-0.072546
-0.069363
-0.066172
-0.062859
-0.059640
-0.056404
-0.053038
-0.049619
-0.049428
-0.050572
-0.051520
-0.053353
-0.054313
-0.055296
-0.057230
-0.059487
-0.098771
-0.154061
-0.208097
-0.273021
-0.329557
-0.387492
-0.457050
-0.531321
-0.363573
-0.096286
0.155595
0.473194
0.296413
-0.061561
-0.330312
-0.698359
-0.641253
-0.440330
-0.359816
-0.218121
-0.246057
-0.330251
-0.344756
-0.373934
-0.364215
-0.337443
-0.326982
-0.311352
-0.297946
-0.284791
-0.266319
-0.245937
-0.220938
-0.192517
-0.162277
-0.129169
-0.146234
-0.183110
-0.214841
-0.258979
-0.155739
0.004941
0.146463
0.322356
0.369419
0.375744
0.423051
0.455064
0.182090
-0.223481
-0.631410
-1.134773
-0.841084
-0.253223
0.201462
0.821734
0.708361
0.346317
0.186257
-0.082075
-0.056841
0.063955
0.061619
0.082758
0.053315
0.000310
-0.027192
-0.060239
-0.405828
-0.884301
-1.354836
-1.917361
-1.482338
-0.665129
0.013909
0.918883
0.486981
-0.422512
-1.041580
-1.902441
-1.507838
-0.661592
-0.117465
0.642698
0.466632
-0.038550
-0.282134
-0.667772
-0.457311
-0.032078
0.222480
0.568182
0.306043
-0.190092
-0.567027
-1.067259
-0.753258
-0.137959
0.315546
0.927618
0.682684
0.130270
-0.222334
-0.724757
-0.614794
-0.293313
-0.151735
0.077260
0.077026
0.001171
0.024262
0.029744
0.048163
0.074314
0.082464
0.087948
0.103563
0.120333
0.133763
0.147386
0.064637
-0.059381
-0.179071
-0.326463
-0.451978
-0.580709
-0.739025
-0.909119
-0.986200
-1.032356
-1.094951
-1.140199
-0.793030
-0.272501
0.306023
1.032016
0.922144
0.531862
0.330734
-0.009822
-0.039696
0.017316
-0.081896
-0.173967
-0.153658
-0.098727
-0.042491
0.042424
0.059695
0.061762
0.096443
0.130714
0.099091
0.042691
-0.011033
-0.082206
-0.127951
-0.170769
-0.232726
-0.298763
-0.310287
-0.302554
-0.301547
-0.288605
-0.111153
0.141179
0.398718
0.710982
0.671325
0.508122
0.416784
0.260865
0.243354
0.262083
0.208561
0.155936
0.049513
-0.087031
-0.220902
-0.373448
-0.175554
0.162984
0.467103
0.859591
0.627113
0.166480
-0.176002
-0.641305
-0.025490
1.005295
1.863264
2.956640
2.546121
1.587714
0.936461
-0.000092
0.019236
0.344118
0.334892
0.427909
0.406498
0.348934
0.399486
0.466982
0.557682
0.677645
0.815006
0.975941
0.968757
0.902930
0.868891
0.803094
0.805496
0.825399
0.809741
0.794374
0.845939
0.922356
0.995905
1.086968
1.151349
1.212281
1.292469
1.376409
1.333187
1.239655
1.155642
1.038639
0.961811
0.887626
0.777633
0.657897
0.620718
0.610309
0.585970
0.576991
0.528024
0.467766
0.425022
0.380203
0.389485
0.422669
0.451513
0.495440
0.529577
0.566156
0.618737
0.678233
0.688259
0.682170
0.685500
0.680049
0.697928
0.722616
0.737283
0.753346
0.890227
1.078109
1.262148
1.481245
1.669335
1.860254
2.088770
2.331325
1.999639
1.434176
0.908304
0.228920
0.734836
1.677348
2.410160
3.383849
3.375121
3.039052
2.993023
2.812982
2.750307
2.705485
2.519180
2.293470
2.616415
3.139363
3.596739
4.178035
4.244788
4.143732
4.772502
5.578689
5.844559
6.040946
6.450086
6.859977
7.200965
7.535515
7.875505
8.207496
8.785514
9.465044
10.125730
10.852018
11.512757
12.174351
12.906533
13.662208
14.815635
16.156788
17.505673
18.987937
20.095722
21.107489
22.273533
23.420573
25.960004
29.099325
32.160165
35.616168
36.650444
36.831151
37.385116
37.441472
35.254739
31.919915
28.169661
23.467114
22.143386
21.767091
20.256026
19.063881
17.671303
16.222731
15.103918
14.077954
13.143104
12.325451
11.602604
10.984664
9.890224
8.652234
7.544139
6.373589
6.181437
6.390078
6.492915
6.842151
6.456906
5.863404
5.555794
5.194465
5.211201
5.393901
5.506963
5.708202
5.527636
5.218559
5.016668
4.759733
4.657360
4.606308
4.492464
4.392319
4.079389
3.675691
3.294849
2.858664
2.468036
2.073279
1.619451
1.143377
1.625784
2.499343
3.308077
4.374022
3.474497
1.852337
0.580662
-1.088643
-0.713771
0.381670
0.980147
1.921292
1.655408
0.983891
0.715187
0.299982
0.372553
0.626673
0.711310
0.860559
0.875136
0.844742
0.885692
0.921664
0.863367
0.770182
0.676475
0.556214
0.475645
0.399466
0.294085
0.182538
0.345637
0.619617
0.875141
1.203854
1.053399
0.731404
0.505685
0.189805
0.184490
0.279264
0.268082
0.291604
0.184007
0.025663
-0.091946
-0.229886
0.073460
0.559357
1.005504
1.567012
1.394292
0.959011
0.674488
0.253326
-0.003107
-0.237515
-0.619273
-1.035964
-0.842170
-0.420590
-0.062664
0.439566
0.375879
0.132278
0.061950
-0.078885
0.034107
0.240410
0.364158
0.523384
0.540611
0.505303
0.512185
0.497365
0.525469
0.566135
0.582819
0.599730
0.352925
-0.008524
-0.358557
-0.785381
-0.707578
-0.449835
-0.293250
-0.041950
0.254534
0.603917
1.048594
1.563392
1.245166
0.615442
0.094979
-0.613175
-0.469832
-0.040564
0.158568
0.483930
0.459134
0.320132
0.325068
0.300653
0.269212
0.236270
0.174390
0.098750
0.040600
-0.019621
-0.095069
-0.176116
-0.236952
-0.293424
-0.356683
-0.418645
-0.495367
-0.578481
-0.659670
-0.744598
-0.728017
-0.669793
-0.619800
-0.543047
-0.493848
-0.444705
-0.366737
-0.279449
-0.228140
-0.184721
-0.129872
-0.077667
0.000726
0.090233
0.175966
0.268073
0.192594
0.048396
-0.082007
-0.256489
-0.385470
-0.514285
-0.690581
-0.882185
-0.505405
0.101018
0.666712
1.382875
1.187944
0.671543
0.349863
-0.136084
-0.057266
0.205498
0.275416
0.409281
0.310335
0.121874
0.008115
-0.140459
-0.139793
-0.084031
-0.070149
-0.032464
-0.041205
-0.062980
-0.058448
-0.053745
-0.231163
-0.483206
-0.727013
-1.021570
-0.810773
-0.407860
-0.079205
0.361392
0.324001
0.127823
0.067543
-0.059937
0.011441
0.150332
0.212167
0.293908
0.222251
0.086493
-0.022656
-0.166766
-0.278180
-0.389247
-0.537702
-0.698441
-0.330371
0.252992
0.800541
1.489735
1.121508
0.365935
-0.197704
-0.973160
-0.808995
-0.323959
-0.097178
0.269576
0.267030
0.145595
0.182926
0.192994
0.265333
0.368204
0.441430
0.522944
0.611579
0.703988
0.804434
0.910822
0.658567
0.257345
-0.122198
-0.600302
-0.606337
-0.455399
-0.426669
-0.326392
-0.289558
-0.259131
-0.152877
-0.024078
0.150577
0.363338
0.598062
0.864842
0.853740
0.741749
0.675097
0.551035
0.531149
0.533488
0.472266
0.405444
0.272725
0.102612
-0.070961
-0.270507
-0.160467
0.068764
0.257732
0.518204
0.489205
0.366281
0.329537
0.254796
0.305396
0.400649
0.451848
0.518500
0.160385
-0.375891
-0.878206
-1.494539
-1.164439
-0.481467
0.042941
0.765458
0.676389
0.318039
0.198498
-0.031558
0.073800
0.295375
0.389985
0.520548
0.500599
0.420011
0.382123
0.318049
0.286020
0.259877
0.205585
0.145468
0.003959
-0.177892
-0.362488
-0.575775
-0.783296
-1.002099
-1.250872
-1.517075
-0.917723
0.038579
0.939282
2.075252
1.542753
0.404687
-0.418248
-1.567546
-1.305232
-0.561850
-0.214667
0.338844
0.337882
0.155727
0.207915
0.216192
0.230522
0.251663
0.228952
0.191415
0.013486
-0.235772
-0.494673
-0.805968
-0.744301
-0.549514
-0.425122
-0.228807
-0.175148
-0.155938
-0.056686
0.045375
0.114810
0.180155
0.250450
0.317479
0.317633
0.288326
0.258561
0.207714
0.247670
0.316334
0.359256
0.414292
0.730195
1.160046
1.008956
0.691699
0.461506
0.128976
-0.383937
-1.012340
-0.747562
-0.175959
0.236148
0.818752
0.843316
0.693445
0.742858
0.736233
0.705141
0.658478
0.556446
0.420966
0.499773
0.648221
0.752367
0.892988
0.933473
0.943753
0.995755
1.040753
1.070195
1.094153
1.111862
1.122695
1.143291
1.164158
1.177436
1.188645
1.326807
1.517214
1.699945
1.917337
2.099706
2.282604
2.502829
2.735476
2.848725
2.920943
3.011465
3.077904
3.196243
3.327319
3.431373
3.535393
3.807396
4.148000
4.481110
4.860967
5.191907
5.523145
5.904822
6.302922
7.645015
9.401813
11.135309
13.153186
16.218576
19.860478
23.751411
28.129389
27.009995
23.806089
21.345361
17.641909
15.805006
14.258654
11.351300
8.198646
7.403428
7.352225
6.934638
6.959437
6.324706
5.577860
5.314483
5.134446
4.627270
4.071145
3.619237
3.154095
2.992498
2.964891
2.911325
2.941646
2.722399
2.433523
2.242037
2.032936
1.907089
1.818725
1.709310
1.617317
1.792352
2.086942
2.387887
2.775837
3.088033
3.409441
3.824230
4.275047
4.215369
3.965249
3.775176
3.467354
2.699470
1.687011
2.368665
3.607831
3.649686
3.622734
4.237989
4.967475
4.741552
4.230638
3.834833
3.253288
4.021848
5.290023
4.113479
6.492379
6.515832
6.944307
7.568261
8.215774
8.795952
9.379218
9.991327
10.610026
11.443751
12.375113
13.304254
14.300972
16.359941
18.902327
21.468849
24.384658
27.771322
31.524569
35.619278
40.080922
42.017555
43.087912
44.649690
45.747247
42.044624
36.134034
33.413631
30.507672
27.736193
25.272787
22.636854
20.086118
18.489801
17.321242
16.198355
15.396417
14.233830
13.073024
12.260368
11.558495
10.479025
9.327668
8.310037
7.275636
6.662016
6.233738
5.771020
5.425058
5.001598
4.596229
4.314790
4.086355
3.726425
3.348507
3.032111
2.719538
2.440154
2.183197
1.929256
1.690623
1.560355
1.483689
1.418220
1.394109
1.359032
1.339855
1.364052
1.412995
1.351920
1.260222
1.199228
1.125299
1.114413
1.127542
1.124807
1.133250
1.095190
1.040901
1.000063
0.952420
0.921788
0.896631
0.863802
0.832075
0.833329
0.848322
0.862972
0.887407
0.902568
0.918331
0.944620
0.974688
0.950750
0.906719
0.869011
0.818860
0.788536
0.761486
0.720750
0.677825
0.387892
-0.009618
-0.398853
-0.861134
-0.748838
-0.425415
-0.202314
0.137877
0.113050
-0.022845
-0.022589
-0.055100
0.080834
0.287503
0.454071
0.654561
0.784601
0.896313
1.045859
1.195455
1.381962
1.588203
1.793205
2.010837
2.390305
2.844423
3.304625
3.819536
4.505813
5.291287
6.126053
7.046423
7.891017
8.748703
9.698664
10.685998
11.537881
12.359415
13.226211
14.083700
17.683029
22.449434
27.088348
32.510254
34.232397
34.733721
29.956887
21.970353
21.242387
21.539911
18.159947
14.464386
12.514248
10.769482
8.593539
6.515193
5.561243
5.085797
4.659476
4.597352
4.224363
3.894973
3.956382
4.171588
3.884287
3.496624
3.292938
3.067293
3.226075
3.557620
3.851320
4.250584
3.867845
3.197827
2.670502
1.986462
1.579984
1.233280
0.713517
0.177520
0.284816
0.639901
0.949068
1.422932
1.374962
1.177272
1.172204
1.123680
1.069657
1.013328
0.913781
0.794181
0.901662
1.091792
1.251031
1.459901
1.198695
0.757461
0.387626
-0.085969
-0.112682
0.009689
0.005951
0.065737
0.067234
0.060344
0.120723
0.199622
0.314401
0.460249
0.624256
0.814349
0.937280
1.045782
1.184327
1.321781
1.505543
1.711679
1.914928
2.132338
1.948932
1.601311
1.285607
0.864087
0.699639
0.598367
0.376728
0.160700
0.130050
0.168162
0.203132
0.288618
0.298130
0.298655
0.354723
0.422169
0.400995
0.353327
0.321699
0.275096
0.277438
0.295288
0.295653
0.301029
0.226689
0.118926
0.019649
-0.100122
-0.201119
-0.302833
-0.426503
-0.557862
-0.428887
-0.195069
0.019390
0.302308
0.138121
-0.186276
-0.420683
-0.739219
-0.632307
-0.374262
-0.220935
0.003708
0.073151
0.098888
0.204309
0.306719
0.252669
0.139073
0.029740
-0.122250
-0.059550
0.074962
0.156093
0.270897
0.281161
0.257070
0.271919
0.276167
0.321355
0.383118
0.432452
0.488600
0.446118
0.363546
0.292182
0.196356
0.127112
0.058903
-0.035685
-0.138197
0.140895
0.575852
0.985943
1.498902
1.233571
0.682653
0.271578
-0.296235
-0.202306
0.114551
0.241736
0.462754
0.417978
0.283996
0.257099
0.205819
0.145573
0.081424
-0.006728
-0.107872
-0.117288
-0.096304
-0.092913
-0.073051
-0.031192
0.025883
0.098922
0.188213
0.282363
0.387888
0.510154
0.645388
0.594123
0.471352
0.370179
0.224939
0.243456
0.313286
0.330612
0.366983
0.330780
0.267062
0.225772
0.173446
0.140808
0.113751
0.074599
0.035001
0.121545
0.260274
0.393006
0.560997
0.694330
0.828805
1.001225
1.186657
1.072104
0.840024
0.634647
0.353793
0.169374
-0.006554
-0.264561
-0.543301
-0.534492
-0.421741
-0.343502
-0.200791
-0.172073
-0.165301
-0.087148
-0.000978
-0.009120
-0.046077
-0.070100
-0.112110
-0.102179
-0.077206
-0.072990
-0.065056
-0.024967
0.028348
0.083959
0.150150
0.205782
0.262122
0.329888
0.401729
0.388472
0.342126
0.303759
0.244269
0.212696
0.183949
0.132196
0.074934
0.053689
0.042751
0.024375
0.011479
-0.022273
-0.063119
-0.097453
-0.134548
-0.148068
-0.152162
-0.160080
-0.162710
-0.171693
-0.181307
-0.185204
-0.187636
-0.200115
-0.215577
-0.229044
-0.244124
-0.253667
-0.261398
-0.271022
-0.280016
-0.275784
-0.265829
-0.255808
-0.241676
-0.177596
-0.090329
-0.000961
0.105456
0.071036
-0.015097
-0.077494
-0.168937
-0.209550
-0.239633
-0.301787
-0.367270
-0.310843
-0.207500
-0.113114
0.012355
0.095456
0.174146
0.286768
0.407276
0.157120
-0.243463
-0.619633
-1.095157
-1.019988
-0.754474
-0.615358
-0.382513
-0.034857
0.392189
0.910305
1.516531
1.216058
0.580720
0.076408
-0.625084
-0.746293
-0.699120
-0.880041
-1.017664
-0.843001
-0.539323
-0.206102
0.233216
0.213006
0.050115
0.017100
-0.076175
0.050732
0.256838
0.392105
0.557659
0.443125
0.216107
0.031954
-0.216329
-0.389553
-0.556351
-0.792432
-1.047034
-0.737973
-0.205091
0.283765
0.918460
0.781885
0.380817
0.163621
-0.180952
-0.170205
-0.048491
-0.072493
-0.068871
-0.215828
-0.429339
-0.608922
-0.821200
-0.525461
-0.025292
0.419397
0.990073
0.848089
0.456036
0.224686
-0.130935
-0.319851
-0.479051
-0.772803
-1.092229
-0.883648
-0.476680
-0.120123
0.363860
0.313220
0.089475
0.020289
-0.120863
-0.027662
0.147897
0.240083
0.360204
-0.064278
-0.716225
-1.316437
-2.058895
-1.926498
-1.483033
-1.224128
-0.805343
-0.459018
-0.088146
0.449886
1.062874
0.664444
-0.111515
-0.764945
-1.650253
-1.449869
-0.883214
-0.602429
-0.156678
-0.155455
-0.296343
-0.249569
-0.236611
-0.144679
-0.015119
0.077522
0.180449
0.476135
0.854751
1.235411
1.676214
1.559285
1.233443
0.993922
0.634173
0.283080
-0.111532
-0.630286
-1.221340
-1.149835
-0.843439
-0.641438
-0.303626
-0.185278
-0.107723
0.119053
0.366966
0.355266
0.258806
0.196608
0.081777
0.094794
0.141173
0.127829
0.118245
0.111302
0.100920
0.093842
0.086838
0.064722
0.036560
0.009153
-0.022367
-0.040405
-0.054555
-0.073536
-0.091324
-0.116023
-0.143615
-0.169712
-0.197259
-0.178545
-0.140668
-0.106275
-0.059487
-0.024833
0.010099
0.058357
0.111132
0.143797
0.171432
0.204716
0.235916
0.280260
0.329820
0.376701
0.426278
0.441655
0.443458
0.449506
0.447378
0.455273
0.464051
0.463967
0.461587
0.436338
0.399344
0.360889
0.313887
0.267599
0.217454
0.158419
0.093870
0.198980
0.372754
0.533434
0.738684
0.440372
-0.052704
-0.478035
-1.019132
-0.884649
-0.509786
-0.283350
0.064114
0.159242
0.187999
0.351740
0.515095
0.498564
0.419605
0.349074
0.233827
0.202546
0.186928
0.121469
0.051033
0.064344
0.105680
0.137857
0.188138
0.198397
0.199141
0.220278
0.241396
0.245880
0.245436
0.245851
0.242561
0.216019
0.177938
0.137031
0.087053
0.078519
0.083070
0.076421
0.075527
0.055193
0.028098
0.007709
-0.015053
-0.010164
0.006089
0.018746
0.038126
0.050590
0.062880
0.082400
0.104182
0.067148
0.006914
-0.048384
-0.118683
-0.100012
-0.049991
-0.019294
0.027292
0.060775
0.094082
0.144249
0.200120
0.155241
0.071953
-0.000953
-0.098110
-0.085145
-0.035590
-0.015802
0.020127
0.009663
-0.016130
-0.023449
-0.035003
0.003363
0.062941
0.116129
0.181825
0.237000
0.292884
0.362117
0.436249
0.409276
0.342992
0.286244
0.204426
0.395547
0.692065
0.950939
1.272088
1.112024
0.772402
0.529952
0.193750
0.171763
0.249829
0.762395
0.493930
0.566803
0.464922
0.427810
0.372508
0.299950
0.218385
0.119250
0.006591
0.014110
0.064567
0.095702
0.151463
0.160056
0.158072
0.183460
0.210544
0.168087
0.099733
0.036351
-0.044415
-0.098467
-0.148772
-0.218184
-0.291142
0.003769
0.451524
0.879595
1.409868
1.355548
1.098293
0.971885
0.744151
0.709937
0.724438
0.626746
0.524637
0.319711
0.057087
-0.206569
-0.508588
-0.274324
0.170040
0.551560
1.061582
0.909837
0.530075
0.311368
-0.015736
0.097480
0.364308
0.501222
0.701467
0.639506
0.481898
0.400123
0.278027
0.517920
0.900973
0.718143
0.399948
0.497142
0.647729
0.635783
0.623686
0.612075
0.583390
0.553235
0.514506
0.482850
0.450031
0.408018
0.362298
0.501823
0.717460
0.921198
1.175155
0.963273
0.575451
0.259605
-0.157391
-0.069606
0.193184
0.330074
0.548855
0.430075
0.192707
0.053663
-0.134860
-0.115544
-0.020568
0.015009
0.082775
0.083230
0.063839
0.080199
0.095343
0.152874
0.231656
0.307636
0.396871
0.485463
0.579698
0.687658
0.804035
0.617138
0.306596
0.017952
-0.351431
-0.256199
0.001208
0.155179
0.390334
0.442688
0.444352
0.537114
0.625527
0.803471
1.027118
1.243128
1.486785
1.428157
1.253054
1.119545
0.917143
0.811760
0.719778
0.552629
0.370049
0.305588
0.276196
0.225140
0.193809
0.096646
-0.021580
-0.116721
-0.218882
-0.217040
-0.171789
-0.138105
-0.077989
-0.042737
-0.006904
0.057273
0.131148
0.149294
0.151272
0.165920
0.172481
0.210230
0.258803
0.297760
0.341000
0.322957
0.279826
0.243695
0.192297
0.156892
0.121878
0.070426
0.013857
0.082289
0.199771
0.306434
0.444717
0.542913
0.637724
0.766909
0.904887
0.478641
-0.179920
-0.804777
-1.583904
-1.170738
-0.318977
0.321948
1.204945
1.045093
0.532625
0.314030
-0.055189
-0.007306
0.178587
0.192909
0.243068
0.236677
0.204850
0.211195
0.215875
0.305711
0.435042
0.559281
0.708878
0.398084
-0.097261
-0.546547
-1.111468
-0.882263
-0.364472
-0.000257
0.517938
