-3.936902
-0.894381
-5.063407
2.476544
5.660387
-2.676706
0.623694
-5.840012
-3.417228
-5.823113
5.648883
1.664730
1.498030
-3.606375
1.004376
-0.455594
2.255626
1.924253
-3.187260
2.584959
3.113360
1.051564
-2.436151
3.404235
4.943290
4.055400
4.140381
-2.388229
-1.714728
-2.428641
1.934794
0.694633
2.229220
-2.459355
-5.033690
0.334990
8.221831
-2.901064
-5.921021
0.871991
0.872723
8.319372
0.553721
1.236096
0.156416
0.445364
3.982901
-0.898417
-13.148733
2.181067
1.579083
-0.429883
14.178275
0.446651
-0.988331
-1.586459
7.582698
-1.391663
1.000352
0.387436
-6.225420
1.911208
1.065532
-2.821823
1.001963
-1.536379
-2.160076
2.556686
3.107347
-2.338953
3.362806
1.093609
-2.371018
1.139761
-2.353118
-0.723810
-2.952030
2.748417
-8.909296
2.219249
-21.977931
2.704583
2.718664
-1.703217
-1.914521
-1.436415
4.189958
-5.565738
1.764414
0.328878
-0.353447
0.373512
0.139694
-3.776005
-6.382296
5.234230
0.117622
-0.668493
0.359098
-0.878635
-0.710973
-0.395322
2.292000
-10.477870
0.484460
4.744364
-8.031652
-9.924164
-7.416772
0.192548
0.164868
5.208696
0.052985
2.039120
1.685980
-0.672527
-9.235524
-6.848141
-1.964107
0.364106
-1.003424
1.032232
3.985127
-1.725319
-11.249801
-0.101337
3.234158
-0.527985
-2.533079
-3.298126
-3.668287
3.483365
1.439893
0.148136
2.676133
-4.597766
-10.299448
6.583930
-0.429500
11.700499
1.284292
-1.186500
3.666306
3.335480
-2.322727
-4.473481
1.648954
-0.826095
0.878456
-0.427979
0.588676
4.923136
3.882380
-0.906969
-16.423767
1.143472
8.054073
3.373181
1.032457
0.673207
0.790684
3.560848
-10.125106
4.712852
0.050754
-0.403092
-8.818306
11.778807
-1.651743
0.482177
2.892559
-1.704110
-7.929611
9.050767
0.004862
-3.369583
3.587211
-1.056601
-1.308210
1.908242
7.060707
3.490259
-1.129426
-7.408882
-3.183027
2.550007
3.963759
-2.977098
-3.913254
-4.677511
3.542723
-4.023707
1.645195
-5.380687
1.124514
-1.033464
0.917000
11.701802
0.529908
-1.290149
0.650037
-4.220069
-26.763291
-1.494284
-0.769219
0.832195
-2.635545
0.354021
-0.222159
-1.687229
3.208388
-0.192294
0.944309
6.938716
-8.897579
-5.465519
-0.477949
-3.422061
3.640881
-5.741138
-2.905093
-4.357222
-4.560965
-4.237772
-11.775440
7.513819
-1.661298
3.769212
0.334934
-5.660969
1.163970
-2.887349
-0.263051
1.196804
1.029611
0.675212
-0.246340
-1.066244
-5.397189
-14.960764
2.723700
1.768492
1.135463
-1.339680
-1.824638
3.590324
5.501055
0.001924
-15.040816
14.980451
-3.494342
0.175875
2.554611
-2.706360
-3.146397
-4.115944
-4.405285
0.607170
0.013280
1.272714
0.746921
-0.515301
-3.824997
-9.978772
1.227458
0.791696
4.195231
0.900815
3.141618
0.566121
7.972732
0.676542
3.856399
7.683461
3.545626
1.261567
4.787535
6.389909
0.759073
1.208517
2.243991
0.590132
-1.656999
0.774391
2.632818
-9.937540
-1.810452
1.642732
2.365721
-2.769647
-4.521409
-2.166904
-4.552375
-3.515275
-7.980156
-0.617624
4.150933
-0.550770
-1.121793
1.709874
-0.328410
2.475903
4.728252
4.195766
9.166731
1.834885
5.421857
1.040819
7.641922
5.486354
8.804827
3.962162
1.614502
0.742193
0.272768
1.267216
-1.957995
-0.517657
6.247187
-2.741923
-1.365983
-4.561643
-0.662347
-1.942359
7.726027
-0.401777
7.888965
0.257371
-1.549358
-1.889248
-1.435198
3.612546
-3.844592
2.136198
-4.985875
-4.158907
3.054959
0.471482
6.209143
3.743841
7.184700
-2.133875
7.882738
3.194804
-3.780490
-0.508748
6.854208
1.161965
-0.767885
-3.703933
0.750049
-3.809077
4.600734
12.160210
-8.040616
1.708053
9.107949
1.811921
-5.154225
-0.663071
-6.315724
2.808941
3.921113
-2.217009
0.236768
-0.767388
-1.768819
-2.074151
1.849960
0.200549
0.173889
-3.027423
-0.724119
-1.013167
1.482268
0.950527
-0.756215
-7.098387
5.009635
6.054386
-5.265045
0.811707
-9.347077
-13.818202
1.290684
-2.597099
4.381674
13.912961
6.196839
-2.601465
-0.309431
10.994682
2.692112
3.069462
11.393289
3.618805
4.381027
5.295719
10.828751
11.443237
9.309515
12.588740
14.958212
21.770676
15.931753
28.854777
27.277264
24.800040
42.542137
35.158808
34.466663
23.265947
23.202036
19.788496
22.776385
11.229332
10.197301
13.151463
10.376884
0.613040
7.764224
4.972859
12.269800
1.814516
1.030940
5.344754
6.542484
0.277015
6.743806
1.982552
1.756415
-8.222326
-6.231853
1.142358
6.432486
0.838666
10.997728
4.475996
2.787456
2.103607
-4.313924
-8.843262
-13.294201
-1.075731
-4.594578
3.639231
0.344666
3.598737
5.440181
1.518590
3.295081
-3.985103
0.469194
14.602212
13.349216
0.511188
-0.959079
4.071804
1.186649
0.478431
-2.941167
-0.201591
4.474425
-1.636536
-10.232178
2.315266
1.007287
1.068333
0.049475
5.290428
-8.926879
-0.575608
7.092104
2.858994
-0.387952
1.115072
-6.962945
0.717627
17.049151
-2.183719
-5.345310
-4.591579
-8.519424
6.225017
1.194247
2.550153
-1.122131
-3.058636
-5.778381
-9.917758
-6.094273
-5.966363
2.384699
2.989435
-0.237771
1.239513
9.138362
3.198041
6.325709
-5.485393
0.445078
3.202788
-4.024517
7.506458
-1.179335
2.687341
2.358557
-0.069299
3.381412
1.935447
6.826973
4.783540
1.083361
5.640787
1.198239
8.829352
9.617853
13.280206
-10.045134
10.009264
13.749036
10.137323
13.954579
10.468748
17.157621
22.649649
10.898550
22.004825
35.565206
29.587932
43.721711
44.111538
49.687433
39.921259
39.909241
35.033123
30.474751
19.232970
17.200810
12.247051
14.326592
7.966372
3.454476
1.025222
14.755904
4.284298
5.228847
5.226897
6.010583
-0.754836
-6.124565
-3.013737
4.370352
2.482341
-0.365944
5.762179
4.499720
2.469725
3.731928
-8.636114
8.193670
11.593352
-5.456924
1.445063
10.522847
3.593479
-9.224405
-0.628080
-2.788023
4.131626
-0.031471
-0.478911
-2.608271
11.066342
2.847445
6.558716
4.042592
5.000954
3.554371
-1.016654
-0.531240
1.364155
14.320027
3.832071
-0.559868
-2.987417
-2.174662
1.494123
9.325621
3.595969
9.219159
-0.097521
3.412511
1.453271
2.896864
4.806870
1.187282
5.597347
4.405177
3.357575
6.011263
-2.525033
1.810287
7.981202
13.707943
8.713550
-1.836469
10.661002
18.035508
16.253691
20.275747
35.120004
18.125975
24.480981
21.588206
24.847353
20.166859
20.532689
20.737358
4.172346
9.149205
14.730211
8.490671
8.274628
5.999233
6.117881
4.886087
9.435745
0.521891
4.800530
0.476133
0.081143
1.057665
1.243367
20.257463
0.451942
5.421106
2.801726
0.886662
8.040283
-0.952102
0.172101
2.039605
10.674597
8.507099
-1.075472
0.239730
8.683009
-0.311029
2.822649
-7.114640
-2.166746
0.000038
5.592271
0.625051
2.937855
21.936698
4.254811
1.941923
0.353565
-1.078187
-5.697440
-0.672808
4.984909
-2.646966
-1.452138
1.659234
-0.558641
-2.582595
8.078466
0.627188
0.287511
-6.927319
1.916847
2.432357
-3.013613
2.091271
-0.823721
-8.470610
2.150364
4.393094
1.764659
5.869444
-0.846647
0.101590
7.559868
-5.740735
7.354647
-3.985421
-0.890194
-1.132295
3.015626
-0.694477
-1.628206
2.298382
-10.690813
-0.114473
1.250787
-4.195154
9.739998
2.660969
3.284917
0.279637
-2.025492
-2.945422
-0.394937
2.667406
10.094947
-13.117005
3.524199
3.249822
2.103154
7.868945
-1.790250
1.885473
0.878621
-0.374333
1.048245
-2.038516
-6.192334
2.153930
-2.561525
5.050389
-0.029124
0.186749
-5.134694
0.580806
0.682869
-2.282292
1.346950
0.175434
-0.882734
2.726058
-1.333332
-2.568115
9.379957
-11.430210
2.507834
-0.531152
-1.157037
-2.324678
3.759154
2.384962
-6.767523
-2.747510
0.984166
4.281736
-5.280223
0.341542
5.599548
-1.739885
0.738054
-0.140107
-2.659448
1.936009
8.439245
13.362224
-3.676267
9.779604
0.722722
-4.059310
11.784807
-3.654179
6.923460
7.244119
-2.224856
3.739517
9.997578
4.939062
5.234516
1.790585
-0.609593
13.050768
-4.463090
-11.115039
0.413155
1.367300
3.675212
-0.688958
5.590081
-1.418178
2.078216
-4.192259
0.546855
-4.151093
-2.998262
3.118228
-3.936118
-0.983623
-0.230254
3.379343
-1.310147
1.233830
-4.625019
-1.926633
-0.134071
5.802282
-0.234898
-7.848737
-2.619801
0.999674
-2.889946
-6.821793
-2.322321
3.083808
3.047560
0.237674
-0.473356
0.022116
6.273500
8.399780
10.709621
3.394576
-1.035413
0.561074
0.264413
1.773029
3.356681
-0.820584
0.610257
0.167017
0.276147
-4.151246
0.079304
-0.641463
-0.161428
0.484935
-7.087775
1.487677
-2.399067
4.187507
7.311108
0.624464
2.477837
10.100919
5.648441
-1.106617
-10.064341
3.774182
0.002941
0.154169
-3.978854
11.678716
-1.471420
0.250958
9.603944
1.256920
0.514245
13.053362
7.157015
2.365250
-0.658146
1.689991
6.259089
-3.532029
1.953935
-9.982359
-2.622969
1.967224
0.475139
0.122843
0.570705
4.083296
-1.685640
-1.314275
2.311525
8.212677
1.168264
-3.914350
1.099574
2.050737
10.505552
5.363916
10.334679
3.499598
-8.022281
7.725178
7.112853
5.282053
-3.261241
-1.044937
-2.889739
1.577436
-0.141228
2.990698
6.608702
2.083083
1.727194
4.809445
4.776312
-8.243585
-6.723296
10.469484
6.363250
2.426388
3.352723
4.943325
4.450999
4.539370
-7.398964
-0.154302
-3.143246
3.997836
1.537809
5.746875
8.339708
-7.295431
12.415898
9.856327
6.267338
6.107682
8.457032
4.949994
1.426508
6.464956
7.314099
12.658592
9.611026
8.255171
14.829378
11.025080
3.483513
9.329427
9.881602
13.179390
12.553154
9.131020
13.562162
10.954974
21.614811
14.599338
15.119665
24.872872
29.358329
20.109057
25.377040
26.424460
24.535427
29.782614
35.279783
43.294560
38.625202
36.672892
25.739149
33.959632
35.559971
27.168629
23.087358
29.914354
30.177377
21.140008
21.341529
15.098492
16.035884
20.102285
18.357377
14.615815
14.285398
13.980757
12.435534
7.209004
9.455105
10.196573
14.027437
6.572426
6.688436
6.077220
6.497057
7.480060
8.126876
1.909016
3.735913
7.919922
11.505135
9.693545
10.607851
5.678819
5.181031
4.098923
5.841324
10.470516
5.616802
8.861669
3.094106
5.580185
2.862732
-11.153902
8.422138
-16.431842
13.663805
6.734296
1.951725
8.642013
15.843094
14.550615
7.794835
15.429583
5.950108
12.153175
15.470548
14.358789
5.708217
13.088856
12.042632
8.676150
14.219148
25.958853
9.300103
18.738763
18.777184
19.020631
21.715645
24.107973
18.897920
29.063817
29.878595
25.247019
29.297251
36.461318
46.769887
40.266971
41.873989
46.282952
57.711959
54.025606
48.232695
40.327645
39.324757
38.515754
49.065415
25.667203
19.437610
21.203029
30.139922
20.185621
15.017730
18.259575
13.757841
19.501697
10.146595
19.779970
1.013978
8.445916
5.346914
11.891320
11.544062
14.853016
7.537011
8.552068
17.296261
11.189892
4.792682
4.580865
4.225885
15.259652
10.651925
0.638867
-3.830815
1.035329
8.889079
4.350913
12.662758
4.157923
-0.373539
-2.487283
-1.957284
3.320690
4.492708
9.846491
2.772948
3.432698
5.118197
5.512162
-2.574116
3.249480
2.397279
3.178652
-0.687222
11.703768
-5.689016
-0.245226
4.603831
-3.952344
2.958430
9.086473
1.324613
1.290600
0.156991
-6.052775
-2.655802
-1.288646
-6.687220
-4.309821
6.746092
-1.345909
-6.065743
5.919372
-2.666498
-3.366506
-10.235605
-3.675357
-0.905636
2.844192
-0.406163
0.960673
0.547126
3.560799
-1.143359
0.925118
0.818049
1.523278
-0.652458
-1.686890
1.741429
3.154270
0.838682
-10.875816
1.735729
2.237317
2.529358
-0.368447
5.573013
-2.812647
-4.054730
-3.904615
1.242784
8.258665
-13.760291
-1.915203
-4.923345
-0.009975
2.585102
-12.953433
-0.161919
0.489077
3.153152
4.909144
-1.613941
2.020963
5.501014
-4.173104
-4.956213
3.788884
-0.377645
-0.040798
7.526526
-0.941978
1.648140
1.256643
1.188198
7.987437
-0.259325
1.460043
-1.466739
1.861370
1.084631
-1.289185
0.785211
0.956641
-0.514952
3.514756
2.234119
-1.072123
3.774729
-0.022946
0.522817
7.619584
-0.636686
-3.770554
11.214932
-0.562950
-0.117106
-2.678587
0.872436
-0.245437
-2.170993
-0.213516
-1.922593
4.171106
-2.393450
1.002775
0.885983
-0.147764
2.284972
0.634406
2.457741
-1.611748
4.829648
-0.999764
-1.894285
1.189748
-7.341688
-4.108378
1.630927
-1.756715
-0.951820
-0.566862
0.181637
2.688475
-5.915109
-2.763977
-1.890334
1.279283
5.812233
5.145037
-2.698763
-1.711397
-4.377209
-8.174897
-2.627350
-7.061319
-0.886366
-4.926629
1.648481
5.701332
0.092710
1.262388
-1.712994
-2.030673
-2.419092
-12.225063
3.903718
2.900344
4.016004
-1.799847
-8.965457
-4.906209
2.177337
4.094412
-5.233680
7.534487
-4.695263
5.560217
-0.245797
-3.504408
-0.466915
-7.451590
4.104700
-1.852837
-2.895058
-0.587524
1.001538
-7.269938
-1.623103
0.299051
-5.258134
-0.735771
-0.705606
4.261488
-1.202539
-3.981740
-1.655482
6.377572
9.075264
0.805859
-0.281286
4.473169
0.916910
-2.332797
2.580430
4.947447
2.301815
7.735431
-9.703239
-9.438732
0.878055
6.242538
-4.229145
-8.308049
-2.330826
-3.079011
-2.384501
6.774749
-0.821177
-4.993266
-1.969257
2.735085
-9.058911
1.218175
0.153293
2.648248
5.376714
2.978061
-4.750442
18.123948
5.535789
4.263530
-2.524648
11.357330
-0.869421
3.419794
-0.648627
-0.515548
5.346159
-1.741839
3.542969
4.467979
7.723783
-3.822793
-1.637016
6.093557
-5.319976
1.623182
-1.419380
-13.629833
1.943249
-2.047737
3.064204
-10.372704
-0.513373
-2.149682
9.368813
12.682442
-3.836818
3.551174
2.126675
3.686490
1.476986
5.527134
8.271408
4.170987
2.629589
-2.348023
13.124158
-5.511996
1.863031
-8.785022
1.666476
1.803872
0.058881
7.434097
-7.451847
-5.356987
5.870371
-3.800784
-1.079977
-0.215725
14.717537
0.324996
-1.372536
4.248108
0.902407
1.920971
5.734911
-5.827243
-8.523339
3.354556
1.846775
0.239570
-4.158092
-0.912472
-1.004530
0.501129
1.349358
6.475331
0.543026
-3.535070
3.848402
-8.443617
1.135274
-1.217744
-4.379663
1.888575
-7.577801
-3.902027
-3.373469
15.271737
3.602065
6.005312
2.664432
-12.735498
-8.883888
3.712612
7.675901
6.393278
2.446336
0.220686
0.740946
-3.521869
-5.217480
-5.628125
-0.120920
1.261479
-0.665280
-8.039255
-2.572354
3.251458
4.811443
2.062566
-0.864033
12.409929
5.724901
-13.774298
6.303685
-2.707864
-1.537593
-0.280068
2.954705
15.593568
-2.035086
5.834794
1.030821
-2.234691
3.756296
-5.819243
0.416805
-2.475843
-3.745930
-9.514339
0.200783
3.859883
1.489023
-3.007601
-0.516681
-14.095697
1.617714
-3.088992
-10.189900
0.744503
6.022323
10.696784
-0.000798
-0.989460
-2.746483
1.644132
-8.924856
-5.373669
3.246230
2.062690
3.292665
-0.220339
-0.210604
-0.366849
4.224614
0.343270
1.651003
2.596467
-1.431209
-5.090583
2.689540
-2.241782
0.744819
2.504129
2.096953
2.507684
-1.658514
-1.940145
5.388481
-10.742818
2.709936
-3.913323
0.078248
1.707020
1.777645
1.958332
10.280643
2.460286
0.569767
-3.473875
-0.730562
2.680819
-2.852324
0.715063
0.175661
-2.453067
0.908748
-10.203728
9.564433
0.272745
0.250996
21.915281
0.915439
-1.612183
3.233677
-0.161821
-1.048700
-0.122510
-1.376685
-5.097989
3.332789
3.091300
2.677349
-1.101189
5.985513
1.663685
18.203753
3.222914
-5.982834
-7.063651
16.392976
6.253982
7.067070
3.132669
8.408201
6.938073
1.743184
-0.569270
9.076586
-6.107630
6.504799
2.783326
0.723063
1.845075
2.132458
1.166064
0.131243
5.153070
6.088728
-2.494839
-11.797211
5.805947
1.252706
2.276724
12.667085
-4.894665
2.192897
9.171865
3.080337
3.454396
4.063788
-3.577944
2.706053
-0.594949
3.117693
-0.684109
1.793721
4.753256
2.924325
-9.766337
6.029769
4.292684
4.043151
-1.210040
-3.194093
4.187970
10.866829
11.558031
7.846733
-7.494828
9.306158
2.837209
8.201102
3.935527
2.631235
4.232293
4.386692
-4.066225
-3.598949
1.982094
4.549640
1.128658
11.721131
3.204222
2.030060
4.866155
5.579908
-1.042143
3.801632
1.736873
2.516337
10.322369
6.283352
5.456290
4.283043
1.630960
4.677817
15.802482
6.231237
-2.860421
29.397056
8.677297
3.287715
0.750243
7.584794
8.880870
4.511402
9.217207
11.882266
4.972455
18.226665
10.775657
4.453186
5.177411
10.846898
11.558275
9.766992
14.269674
3.301841
11.983626
3.769879
11.561939
18.925978
11.561462
19.359249
18.228698
15.549028
14.102233
13.998391
16.270264
21.029599
16.974045
25.868570
19.492440
11.374521
18.814230
28.515372
19.559964
11.805668
21.903439
14.824673
13.598953
21.456342
14.008195
20.464567
27.178011
21.728172
28.635070
25.244552
26.468671
27.890760
25.587209
31.496733
23.457468
25.584309
30.626331
29.767836
25.975489
27.902546
34.381179
26.932081
37.192501
33.697251
35.639404
41.273467
35.189206
42.223482
40.042382
42.518427
38.026183
41.331382
43.815772
37.325049
37.496236
45.376416
36.434452
32.176474
34.835905
29.564308
31.010257
29.648167
33.649972
34.152492
27.915812
27.385351
26.540261
32.750498
36.130076
26.928199
28.313499
24.639409
24.689316
23.227671
20.522575
24.153446
33.271564
19.211226
19.105419
21.378335
19.777170
18.636613
10.655822
13.016693
33.617749
14.223161
14.379043
5.441349
21.959855
12.887871
8.440908
8.744308
21.663985
19.605428
13.659769
11.591796
18.823738
6.438991
17.121142
8.251617
7.407257
8.130506
12.248279
17.364308
18.294907
8.505394
7.696578
18.598410
4.194647
-0.597047
6.195635
3.103072
10.902860
8.402358
0.271937
5.785053
2.989216
5.797196
0.981616
6.968074
6.359977
10.382573
8.637688
3.928026
5.061976
10.454269
6.374386
11.433536
6.305383
-10.551878
6.170192
0.994525
5.660399
12.316521
2.404034
16.134650
5.473753
14.853362
1.156047
17.440456
10.477334
1.202217
1.663258
5.989224
-3.484488
13.558896
7.498248
3.488906
1.867587
5.100673
2.414284
26.004667
6.425954
4.334307
22.907044
3.844417
15.407434
2.979042
0.583722
10.764708
-4.071349
5.975380
4.984140
3.658581
3.646878
14.005537
7.233983
4.361152
10.910344
1.663809
4.896138
-4.105455
0.813767
-1.200703
-4.214874
3.096503
-2.052739
4.575216
5.909253
3.031287
9.570905
-3.813053
2.746079
5.669284
2.985066
3.850240
4.450828
0.501583
6.944361
7.572308
10.292848
4.213457
6.191927
10.518608
12.821189
9.220209
16.056431
9.646122
8.961938
12.248094
9.455024
9.762625
10.455063
14.356699
8.654162
12.202679
13.776237
12.687207
11.114195
15.236730
18.231582
20.252362
15.928821
23.703977
20.932713
16.573565
21.166108
12.004242
18.323971
18.980643
6.914395
12.635574
10.756267
7.253099
9.366194
3.184388
5.727140
6.043310
8.453809
10.966310
9.185022
-4.048100
7.032838
-2.261057
12.843166
4.868767
5.371768
4.639600
10.592324
6.690159
-6.333595
4.112587
1.614804
-17.595132
3.945145
5.061064
4.633474
6.566247
-9.014728
-1.442305
4.035600
-0.184094
1.997582
6.580037
-1.068479
1.034301
4.233899
4.250162
-9.301580
6.780695
0.009554
3.189668
7.714354
3.134604
-2.312420
0.434207
7.750638
1.736442
6.761958
4.787291
-0.301719
-0.239035
0.642638
6.555226
2.548824
0.894315
6.452871
0.056838
2.203984
-1.224647
-2.856799
1.824350
-2.461163
6.195913
2.427509
0.308448
-1.224227
1.920512
-2.113279
-2.787935
0.526909
-3.628432
-0.132964
0.480869
13.375797
3.591390
2.101932
-0.228936
-4.411423
4.701695
1.455869
-1.710704
3.147741
4.900339
-3.893316
1.214049
-7.016917
-0.091514
12.112390
1.659285
3.157827
1.194166
5.270712
0.621963
-9.304883
7.655775
9.058327
-3.553875
-13.478985
-4.499788
5.896112
0.554156
-2.517756
-2.973565
-1.918587
2.989660
4.185718
-0.094615
-1.326690
0.691198
5.303968
2.228788
-1.122926
0.928789
-0.644396
1.368211
3.501809
-0.251200
1.874835
6.628268
0.282852
-4.018424
-0.537854
-6.105321
-1.994121
0.461887
8.025029
-4.260734
-2.942032
6.339220
-9.875880
0.176993
-4.602759
-8.772231
-2.952713
6.814119
0.913056
-0.276051
-0.853980
0.903202
5.284815
13.770122
-4.241548
5.178695
-0.779104
2.215689
-2.981559
0.621616
1.049200
5.647941
2.182444
4.326152
7.212444
7.710935
-6.784270
-0.963970
1.468995
9.644456
-1.150520
-4.244125
0.279092
-5.568742
1.543963
3.595950
4.727623
2.309179
9.424739
0.427085
0.250793
-2.312980
-4.009039
0.925853
-0.027221
10.893178
-5.229000
-0.125398
-0.474438
-0.789953
8.873912
-0.915937
9.775439
-8.748288
0.601688
2.724079
-2.042027
1.453272
2.113910
-1.660670
-3.321738
-5.400666
0.915077
-8.261530
4.551159
1.562917
2.926408
-2.422818
3.864719
-0.060165
-1.804973
4.979393
-2.981965
6.029645
3.765336
-2.160508
1.648471
-1.139346
-1.489729
0.607626
1.829956
-5.355070
-0.303872
1.149333
-10.375636
3.281328
5.676156
-0.307925
10.867016
8.097689
-0.238147
-3.649858
-2.348225
-2.483717
-3.313452
-1.203092
0.824920
-2.312414
4.921572
-0.879107
2.618154
-0.518056
10.600751
-1.619460
0.755927
0.263841
4.930224
-0.100046
-4.173676
0.924498
-3.428464
2.812868
-2.886064
-2.323627
-3.900705
1.367200
0.182349
-2.314690
1.360869
9.225401
9.719291
1.880873
-1.887439
7.983581
-3.232497
-0.695597
-2.460342
1.012314
-1.316510
-0.738549
-0.129034
-1.060142
-12.966458
2.477287
0.252046
-6.551030
-4.801049
6.139085
-0.617650
1.687504
6.714410
1.983824
0.308970
2.658016
0.706503
10.947089
0.814634
0.030897
-6.833419
0.665671
-2.981837
1.257579
-3.812870
2.768373
-1.429848
-0.567061
-1.622026
4.743161
-0.596437
1.692035
-11.773290
5.145265
1.106827
1.535907
1.289300
-3.927856
-0.133647
0.402505
7.104648
1.847557
-0.695267
2.090978
11.489405
9.609019
0.387200
2.007670
0.268995
8.807279
-1.602572
-0.409788
2.129863
15.126664
2.876445
0.626726
-1.013600
1.739296
9.218716
-0.082228
-5.076972
-0.343097
-5.559816
-1.579440
4.867366
3.648368
-8.539216
-7.668837
-1.081751
-2.243415
1.791874
9.195719
0.032779
-0.000043
2.701297
-3.640181
3.996942
-2.286755
10.636929
9.002477
-0.568096
1.278653
4.822777
-0.682326
7.792883
-11.175598
0.487792
-0.678699
-6.257479
-0.913647
3.516360
0.179022
-1.554064
5.786318
3.605460
1.255240
2.371589
-11.913230
-5.356037
0.024244
-0.373347
1.254370
-18.840602
-7.137079
0.711631
-0.613853
-1.524784
4.773171
-0.620063
-4.455870
-0.253065
-0.814258
-2.596378
-7.226577
-3.748832
3.266284
-18.236193
0.825368
4.048770
0.658818
-5.586195
1.041344
0.257983
4.124988
1.117223
-8.273050
0.543033
1.057247
-3.012642
-3.218812
-0.918707
-0.372720
1.580308
-10.112650
-1.518790
23.427986
1.957804
1.263943
8.565105
-2.076956
-2.198484
8.028732
1.434677
-18.127737
-3.443810
-0.465225
1.610640
-4.312873
2.260402
-1.819598
0.393525
-2.788926
-2.362676
-0.040347
-1.015986
2.682406
0.971138
3.109427
-0.082674
-1.426711
3.208461
1.488152
-3.097785
-1.313590
-0.540861
-0.123740
-6.275297
-1.204318
0.172507
4.483277
-2.039921
-8.918830
0.055546
-1.650649
2.610124
3.749224
-4.721186
-0.179421
-8.655100
-0.845613
-0.065077
5.041063
3.283758
-5.704723
-1.411690
-7.286785
-2.297952
-1.099064
-1.098974
3.378118
0.886708
2.291163
9.415855
2.916398
-0.206962
-3.578386
-3.595612
1.014216
4.724297
-4.506194
-12.938696
-5.597664
0.906290
1.402852
3.550343
9.360973
4.136380
-2.854299
5.557363
-1.043784
-4.831471
0.590758
3.598112
1.128143
4.725069
-13.334104
0.462029
4.448724
9.887343
-2.488938
1.398926
-13.429419
0.028934
-3.355587
-4.421176
2.781642
-0.050391
-12.110747
4.458472
-0.373253
-0.537692
-3.578547
7.574759
0.598779
-4.972955
6.124523
6.217834
-10.688745
-6.708361
2.857016
-0.539479
-0.328176
8.302197
5.522305
1.818666
3.255748
16.872802
-2.178040
-0.109778
4.130828
-0.469296
-0.746551
-1.077376
-10.101154
-0.096204
4.299124
-2.597777
0.796094
-1.294448
5.080093
-0.823584
-8.785408
-1.791085
-4.846394
0.122898
2.327186
0.356915
-2.518385
16.182693
4.018418
-4.200730
0.785660
1.036030
1.237570
-10.928197
3.109813
-1.297194
1.271645
-0.002865
-2.831071
-0.181401
-1.713564
-0.981118
3.599269
-4.477563
0.522424
2.327577
2.512055
3.464816
0.023737
-0.354770
1.837724
3.149253
0.578712
-2.580613
-2.369976
3.101120
4.922911
-1.575494
3.253860
4.997028
9.904683
-0.617787
-14.572438
-4.653689
-1.440951
0.274027
-4.830883
-8.223452
-13.073565
-0.205270
-1.680510
-15.028433
2.768433
-0.228603
-4.281342
-4.537465
1.237522
-8.060213
-1.240602
0.513728
1.667221
-3.404447
-0.726617
3.268496
1.162033
-5.552360
-3.264369
0.297587
-6.634743
-2.030558
3.836567
-1.555447
-9.168120
3.566692
3.155120
6.578100
0.571856
2.526640
1.055593
3.160730
2.998009
-2.617748
-0.170347
-1.534217
5.389267
0.238773
-7.001400
4.649017
6.202732
8.772769
-1.594714
0.427606
-3.504711
4.039676
0.399530
6.594893
0.575391
5.913377
7.038141
-2.748861
-3.374541
-9.392167
2.149033
0.704850
7.971636
10.563431
5.394680
4.152798
-2.405680
7.437325
-3.385610
0.228599
-0.955505
8.636497
-4.088897
-2.836610
0.681721
-1.453173
1.531608
-0.750761
-1.842181
-0.391843
-7.528935
3.893740
-3.054561
0.088008
3.820610
-11.543850
3.414425
-0.327193
0.972741
0.353059
-1.985987
1.350339
-2.591884
-8.698814
0.621401
-1.982565
0.457059
0.683370
-13.554240
-7.810993
1.178273
-11.186603
0.901913
-1.189350
-8.275169
-6.494480
-8.357831
-1.120535
-4.088291
0.039200
-3.508154
1.153834
-1.873019
0.786179
0.695759
-1.629961
-0.289143
-3.176122
-5.735062
-0.248962
0.679567
-2.065379
6.116881
-3.130841
-1.888515
3.689570
-0.180579
-3.822663
-1.933997
0.940172
-2.782427
1.218521
1.067977
4.600939
2.357982
-5.234420
3.381085
0.648450
0.367992
10.240651
-4.779101
-7.374609
0.604872
1.534326
3.332894
2.277283
0.277920
3.284386
-2.423051
-1.583526
-10.076749
-12.298807
0.410649
2.907953
0.241679
-6.513261
-1.568881
-2.204797
-3.939518
-0.964385
1.565406
-12.684374
7.254852
-3.774114
-2.128107
-2.900473
4.251229
0.773791
4.117290
1.243473
-2.630489
7.504746
-4.021538
-0.211831
-2.409058
-0.744272
1.519024
0.601366
0.458955
1.794945
-1.584906
-5.139377
-0.926296
2.001305
-1.267930
13.120902
8.485015
-3.144522
-4.810833
0.684864
-1.755499
6.143118
-1.398001
4.148726
-3.776929
0.735663
-6.597892
2.117901
2.298690
-2.356505
-1.772821
-2.272378
1.204896
0.570160
-4.697537
9.054115
5.338703
0.281034
-2.748346
4.798210
0.501634
-0.006346
3.359691
2.007505
-6.010374
-4.737179
-7.815561
1.700760
2.230271
2.215821
-0.113673
3.746029
1.914167
11.907900
-3.649687
0.678769
1.387344
3.759087
-0.130378
6.719668
1.009829
-0.229056
1.046064
0.912593
1.351561
3.892070
-7.023351
2.700155
5.405955
4.132046
1.776478
13.700382
2.703462
8.200350
-4.201965
14.599837
0.327087
5.853222
6.606751
11.593719
5.067896
-0.377716
-2.037162
2.079637
4.582242
2.423706
5.415292
7.471138
10.889399
2.372767
-1.651939
2.546549
0.113361
-3.207031
3.344870
10.803520
5.435292
6.124878
8.985686
3.914541
7.421362
6.807869
15.612866
14.793755
11.170613
9.947781
8.869797
3.283682
18.031389
25.699643
10.728482
28.583936
9.701976
13.738453
14.770555
19.530894
16.188405
24.366244
30.637868
25.634201
33.884920
25.830619
45.224118
44.106198
44.534302
44.488597
48.058278
28.402637
31.056298
29.355874
32.257137
28.591463
20.333860
15.776945
18.102861
7.469715
13.367532
23.844511
20.719945
9.857840
17.248374
12.981719
-6.040200
16.627275
10.317991
13.385459
1.543908
8.036918
11.324138
2.393993
18.278921
9.868586
4.071847
5.041775
7.287448
3.013922
7.593579
3.269663
8.069341
7.096630
7.098023
1.358740
4.518475
-13.496383
-7.847008
2.303734
17.843395
2.127902
-6.223122
-3.683791
2.563284
3.886483
5.965149
1.813210
-0.999141
2.127417
-2.935775
8.892365
2.877094
2.013476
-8.624899
-0.426104
3.658677
-1.757039
1.865098
-1.915650
2.289700
6.776451
-3.996207
9.765452
-1.041175
-0.203177
10.111355
-6.690817
0.784318
-0.522902
4.275341
2.015867
1.792687
-1.085681
7.402944
-1.939203
11.730597
-10.771303
-2.530079
-2.431088
-2.971618
0.999083
-0.202382
-16.559414
-5.631838
-1.836402
0.252392
0.422687
1.108114
2.136335
3.491714
0.797712
-10.834234
5.070558
-8.843572
-11.031235
8.182294
1.009662
7.353918
1.749543
-3.460090
-0.493850
-3.299024
-0.448169
-0.380424
-0.088236
1.055702
1.994335
1.651832
5.712116
0.799866
3.028126
-10.675388
0.676444
3.314520
2.166134
1.965089
-3.380483
-3.484163
-5.829946
2.254549
-0.687832
4.045348
-10.486463
4.856985
3.673347
-2.089570
2.034665
0.016804
0.520472
1.407123
-1.427394
-3.140491
0.547935
1.470612
0.999919
-1.364643
8.523666
6.205628
0.448951
0.492789
-0.481727
-0.663437
2.111144
0.389988
-6.604115
-0.966311
-10.784264
-2.554297
-2.866188
0.997276
3.649816
-0.341237
-1.609062
2.787654
2.788752
4.714452
15.556667
-2.082603
0.760766
10.506477
-0.180714
-1.465871
-7.459682
1.575953
5.786162
-7.310726
2.149942
-7.486727
4.993098
3.464221
-4.074265
5.765227
-5.483364
-7.753984
-0.043758
1.110496
1.014047
0.836591
19.501900
1.056335
8.104083
2.947171
-4.501977
3.810986
5.923059
4.094180
2.356628
0.485702
1.078114
4.620077
-4.730026
12.270458
10.307010
-2.196416
2.257536
-4.922103
7.132403
-0.027761
-1.284284
0.392167
-5.995380
0.724582
2.481444
1.070197
-5.703080
3.148685
-2.165938
-0.155532
7.990990
-2.539700
-0.315759
0.605271
-0.314103
7.104907
-1.200394
3.356122
-5.010123
-9.563921
-5.059258
0.933281
-0.942102
-0.547028
0.726136
5.829379
-1.838970
-3.452465
1.953885
-5.421991
-5.006682
-4.223039
0.810142
-0.279754
-0.744797
1.171974
3.005341
-11.799821
5.572322
4.830777
5.290507
1.021496
-1.642789
-15.681311
2.326785
-4.251737
-2.527603
1.884044
-1.779295
-6.949689
-2.391705
-5.457341
-1.027898
8.207159
-0.167529
-0.706437
2.058329
5.727687
0.056169
6.771371
-5.876489
1.690254
-5.736615
0.532445
-1.072239
3.006860
-3.910368
-0.462740
-5.378139
-2.403484
-0.492406
-10.433200
7.183025
-1.218359
1.136662
-4.474327
1.658451
2.530526
-6.517502
-0.566601
2.965580
-1.420938
-7.435210
1.836659
0.430205
-1.720633
-2.425310
-1.643901
-1.667674
-9.141041
-9.418480
0.926157
-0.091865
10.610915
0.432403
12.102454
0.639856
1.101970
6.887349
-0.122457
5.872575
-0.011094
-2.427402
-1.364773
-0.410062
1.245386
-1.619710
-0.997218
0.087301
3.027764
-0.133191
-1.203452
-0.112620
-0.257591
3.928832
2.045454
-1.619327
0.091035
-0.630581
-3.220196
0.756904
-0.306186
-0.095326
1.385719
-0.648033
5.512272
2.404827
1.058560
-1.096489
3.633575
0.192516
5.587607
0.080557
-2.965023
-5.823838
2.448548
4.303704
-0.826513
-3.652639
7.991216
-1.191642
-12.066771
1.266903
-0.642732
0.809695
3.484385
-0.706853
-7.734826
0.789659
4.274675
-0.078982
-8.160095
-1.423559
6.183641
-0.701786
-1.977998
0.410581
1.010557
5.205675
1.187656
0.103712
11.651025
-3.708162
0.475306
-1.915497
8.162319
0.092512
0.502169
-6.911483
-1.349409
-2.009546
-0.530052
12.544942
-1.516215
-6.449644
-0.259253
4.923293
-5.143035
11.036045
4.856786
3.753295
1.221624
8.843859
-9.527736
-2.096768
3.732633
1.743733
0.036346
-4.484142
-0.888624
0.069501
-1.498826
1.228925
0.308219
2.655850
-0.798333
-6.098244
-0.651626
2.249383
1.970413
-3.914465
-4.522000
0.511118
4.952318
2.686837
-0.099012
5.014225
-0.318644
-0.885920
-0.636312
-1.511396
1.556260
5.383654
-1.247747
5.309766
0.706421
7.370969
4.141645
1.574478
-1.972160
3.386273
5.142340
4.073862
3.620720
5.110162
1.101284
7.416459
-5.041565
2.964876
9.018147
0.250834
0.678340
-9.043254
9.750193
2.872233
2.904951
2.185283
1.493433
5.740369
13.552507
1.170967
0.768457
9.235662
0.315937
16.040081
7.231078
15.017886
17.522195
24.368301
29.533281
36.252152
25.541269
26.907440
10.301601
19.265601
9.449353
4.138417
11.546395
0.718314
1.570971
3.395006
4.630792
8.775957
1.217830
2.710795
4.649341
-2.324684
3.623698
16.092109
10.059443
10.050197
-2.986966
-0.467717
1.582039
7.426488
-3.946151
3.634919
7.334109
1.514676
1.345588
6.377574
9.785183
0.494388
0.596221
6.916932
12.073063
-1.527221
9.665155
-3.910560
5.904167
2.804843
2.188567
-0.007906
9.329508
-1.161041
3.920191
4.804835
5.048247
1.170097
6.117992
5.817654
-0.821240
3.593551
-1.692604
5.701164
-4.628933
5.649733
3.065016
3.334631
5.352081
2.505268
7.123977
7.820448
5.220904
14.025372
6.338762
8.439548
6.619025
4.960732
15.013751
15.597039
23.803638
16.464124
25.570743
18.816415
25.367667
29.382431
34.955982
37.995573
36.695746
46.050368
49.853173
52.974658
44.019112
42.293889
38.537400
25.499112
30.388784
-9.700013
22.084424
24.770841
16.888656
9.859751
16.185626
12.811733
11.886560
13.604663
11.478656
10.493685
10.564594
12.979120
8.460011
12.694170
5.337974
16.315128
12.418525
1.340873
8.687840
9.160579
5.267427
4.308485
10.642655
7.314845
3.754086
19.537177
2.084029
5.767272
6.748595
1.265522
-7.318848
6.642068
2.607198
4.775006
1.685357
0.290704
2.711549
-6.582859
-0.357440
1.460310
3.306551
5.008996
1.995527
13.253373
3.185271
0.823200
0.195880
3.712827
4.562113
-4.048286
4.032126
2.061957
-1.110993
-0.419710
0.858918
-0.012316
2.372277
0.612504
-0.825667
-0.971408
-5.697731
2.637148
0.989951
7.075527
-2.953338
-3.846776
-8.374610
4.026944
-5.850548
1.333381
-2.406119
-4.338515
-3.235875
-1.158665
0.753050
-4.625704
-1.116349
5.136281
6.432860
5.986533
0.456697
1.961585
0.403380
1.105064
-0.074832
-1.321045
-10.789750
7.307074
2.429498
5.685133
-0.453882
6.323726
3.426503
3.452022
2.780499
3.222471
-6.916582
-8.694665
9.244538
3.542487
-2.299346
5.587910
4.834601
10.883514
12.177598
12.218202
10.517303
5.867718
11.937800
16.150174
24.434103
18.829325
25.984449
25.474387
32.179097
57.327298
30.308773
44.156451
27.869465
19.201060
13.592468
12.295709
13.502097
5.564906
14.934886
8.676852
7.207820
12.181539
5.077532
16.254145
-1.994491
-4.076439
1.224524
1.568669
6.941758
-1.145981
-0.592346
0.211321
2.044640
2.302911
-0.350194
1.766226
10.576788
-3.808014
-7.193169
2.462248
5.261153
8.777801
-11.574960
3.929535
3.695081
-8.320345
10.406105
4.083877
5.525795
0.104974
4.654888
-2.680024
-1.064226
-7.462192
0.220072
5.816196
-3.759381
8.244554
7.260648
-0.213477
4.521711
-1.461959
-3.540343
-1.759703
0.620395
10.176993
-7.880477
-7.244010
-0.990269
0.070873
5.923273
-0.445355
0.697612
2.362531
2.981010
-3.205671
0.522523
0.478499
3.275375
-4.932666
8.559089
-4.931606
3.064160
-3.422314
7.308677
1.939622
-0.338308
-3.577578
4.243206
-0.267183
2.537599
3.524091
3.728323
-2.221110
-1.133174
7.581322
-1.368117
0.707411
-1.613341
6.467419
11.207377
5.622821
0.356395
0.487436
-1.360961
-0.824351
0.519595
-6.014004
10.478305
-2.178856
0.231472
6.048986
-1.692350
6.683114
-2.306315
1.522384
-8.114677
6.474728
17.858118
0.353666
0.047843
3.708856
-1.696914
1.819622
-0.485596
-2.146945
-1.005713
0.625949
0.060071
0.063431
-2.819239
1.722126
8.757964
-5.241783
6.818954
0.098141
-3.728870
5.141170
1.487418
-0.824299
1.206298
-3.902945
0.516424
1.780911
-5.574109
-2.903014
6.491915
1.136771
0.458691
-3.504221
-5.257822
-6.398647
0.180365
0.699173
-0.136834
-13.354228
-1.784503
-10.948468
4.223557
-4.367064
-1.830615
-0.033348
-1.851221
-0.840123
-3.560012
-8.992556
-0.205581
0.812028
1.830003
-0.985318
2.108805
-0.563476
-2.769441
-8.099271
7.381628
-1.975972
-5.013099
3.602055
4.871612
1.447469
0.917120
0.862797
-2.772146
-0.862223
1.496771
1.213133
2.344246
5.218393
-2.659930
4.633384
2.322044
-1.416266
6.601945
-0.023111
-0.112214
1.231631
0.991040
-26.309483
6.257471
0.371585
1.063282
2.139513
2.993524
-6.562791
3.390626
-4.606069
-2.959963
-3.090994
-2.040769
-6.989308
-3.565114
1.376998
-0.833430
3.729744
-2.181571
-5.713625
-14.551798
2.968002
0.541571
12.415420
1.266311
-0.887951
-9.160841
0.054407
1.062293
-1.018550
-8.575516
2.282759
1.771176
0.344652
-4.376768
-0.110337
3.772272
1.443224
-1.961273
-2.680228
5.673537
0.108441
3.414269
-0.784268
2.699962
-7.694054
-8.621824
-1.591709
6.317801
-0.026526
-8.772300
4.295394
1.755713
-5.865319
-3.830950
0.580361
0.160741
1.764398
-8.120848
8.771395
8.522197
0.386484
1.005716
1.423942
-6.159960
1.723291
4.882324
-4.464366
-2.564974
15.379577
-0.748958
8.365920
0.165501
-2.991613
-1.279831
-0.748377
-0.251653
-4.273568
-3.512255
-0.894270
-3.905488
-2.366399
-1.185731
0.485652
-3.797575
0.551387
-0.864538
1.558356
-0.852813
1.171525
0.565590
0.681792
-0.583614
1.963711
-6.563027
2.615277
0.356218
1.352509
-1.196533
-4.743704
0.696779
-1.861815
1.197895
-5.183655
4.774408
-0.641476
6.516374
-1.223492
-6.325169
-3.162674
-0.957098
-6.212541
1.317924
0.927144
0.715394
-2.128387
12.919180
-1.793832
-0.032095
8.287998
-2.197433
-3.411191
1.313325
-0.360725
0.866815
1.780165
-8.323970
-1.331924
-0.589995
1.923514
-4.797496
5.858885
-0.391534
-3.097915
-1.241803
-0.795584
0.006980
-1.940314
5.064945
3.103757
0.805300
2.780025
-0.201447
4.004307
1.126382
-2.934099
-0.916026
-2.155898
-4.232406
3.638683
0.246326
-3.673455
-1.134198
0.592817
-0.591234
-4.690199
3.077133
-0.334539
-2.044299
2.324392
8.247298
-5.796533
10.686939
2.905130
-22.703630
1.338791
-2.044532
0.607520
-1.466985
0.244698
-3.896005
-1.785164
-2.714459
0.386961
1.896783
-7.087013
0.609110
2.302460
-4.743980
-1.433593
-0.951965
0.576231
2.249664
-2.474702
-3.605108
2.242366
-5.860548
4.725679
-7.157705
-2.827499
-5.127881
0.120654
0.729237
0.070712
-8.195047
-3.496656
-3.006199
-5.000095
-8.545353
-3.921133
3.115723
-3.270513
1.078870
2.773245
11.049377
1.824055
-1.340652
10.996188
-5.464390
3.100898
1.216479
-0.547476
7.750185
-6.805215
0.757437
-2.518856
2.777532
2.466821
2.199475
-6.916243
2.090733
-4.700279
5.627239
-0.647266
5.724121
1.669739
1.651996
-1.535442
-6.848304
3.082946
-19.376657
-16.561173
0.968591
5.688741
10.092241
6.357919
-10.780585
-4.261149
8.496299
2.435853
-5.172677
8.169604
-4.117991
12.707670
12.334043
-2.661509
-5.709537
9.288086
-1.801819
-0.843273
-24.568455
-7.428253
1.351342
10.025565
2.033271
-3.438412
0.175075
4.517253
-1.797296
7.463334
3.486538
-1.036678
3.700655
1.207681
-3.156350
-0.995572
-4.506208
0.169827
-5.152177
-1.225302
-1.054323
2.034919
0.146773
2.658302
2.162587
-3.153111
0.677391
1.298136
-2.848446
0.040561
6.059711
1.111404
-0.320931
-7.580640
-1.217947
4.735442
0.758660
-0.296510
-1.952945
0.182531
-5.683226
0.437635
3.808914
2.707863
-17.726588
3.793551
-1.643085
-0.024768
0.559099
2.055304
4.902174
-6.132296
2.632802
-3.398837
-0.029617
-3.063536
-6.330504
7.027100
-3.614366
0.191775
-4.595822
4.924895
0.555088
1.690640
-1.908821
-0.769584
18.846780
-1.687517
1.809990
-2.024809
-0.788324
-1.732621
1.203569
1.808467
-4.560723
2.537536
-2.167136
-0.214291
-0.761182
-3.875811
-4.431059
-3.948420
-6.217019
1.813659
0.645284
3.407147
-0.283686
2.860122
5.969539
0.938167
0.815625
-2.333053
4.856733
-17.598798
5.251463
3.380591
-1.633320
-1.068521
-2.105009
-2.424827
1.001449
-11.339793
8.414955
-3.850743
-3.643012
-2.191516
-1.668304
-1.876691
-1.794678
-2.210967
0.186961
1.491701
7.152118
-2.386475
3.698906
0.147892
-5.140149
-2.764881
1.111309
3.970469
3.590804
4.623966
-2.549929
0.642355
-2.704804
0.187848
2.610620
-1.336160
1.252648
-0.579792
-6.159249
0.861303
-4.439108
3.434435
-2.631575
-1.033476
-1.557510
-2.257611
1.787231
-8.321971
-2.622464
1.669359
-3.603079
-0.696903
3.472444
-2.006814
4.956130
-6.436811
0.081581
1.742139
-14.291629
0.118954
-6.812165
-0.157239
0.114362
0.186540
10.266373
-2.175462
-8.051120
3.300641
0.613773
0.110994
3.316975
3.538333
-0.465579
-0.968988
5.712312
-0.125794
-0.978644
-0.081502
0.842900
6.709542
-8.072336
1.307380
-3.530539
-1.469018
-0.225666
0.603178
-0.977715
-3.283248
0.719715
-3.813494
-2.181546
-1.726650
2.730266
-4.668647
-0.742916
2.893872
2.101092
4.543330
6.035085
-2.367925
0.291501
-1.262742
1.716883
-1.506914
-0.751359
0.543390
0.749811
-1.245374
1.354390
9.162481
-0.421045
5.369524
-0.443795
-7.747485
-5.334277
-0.461677
1.548267
2.299044
0.069127
12.541795
7.346998
7.441374
1.274417
6.121700
-3.741213
-1.411760
-4.888991
5.392038
-4.557212
-2.066014
10.979958
-0.073874
0.442266
0.480086
-0.171660
-5.626079
-2.757426
13.963365
-6.516045
-0.638288
-0.294560
1.451045
0.538118
8.819884
-0.824543
0.075634
-2.632317
2.501945
-3.032693
-0.148195
-0.371258
3.236059
3.264826
-6.862895
-5.583133
-4.130499
-1.726829
1.331978
1.200334
5.437189
-1.081521
-9.957859
0.659835
-2.082241
0.719351
1.739528
-0.127708
-1.511266
3.300723
3.447898
0.242730
-6.553069
0.570314
-0.210518
2.208099
-1.632048
2.847078
-0.299877
-4.085815
0.404720
0.134165
-0.670656
1.219716
1.409352
0.144587
-2.556260
0.710093
2.704599
19.098296
-5.381777
1.701643
-3.836441
5.883198
-0.913524
-2.639863
-1.652541
-3.149010
-3.084781
-0.566892
1.829603
3.233199
-4.636178
-3.217875
1.825716
-1.853334
0.188860
1.728934
-4.713352
-1.604205
1.851767
-5.060881
6.578475
0.271950
2.739950
7.440730
-0.004620
0.609832
-6.765524
3.392267
-1.594811
6.603000
0.603001
-0.746757
2.059121
1.670541
-1.448526
-11.976479
8.946136
2.394940
-7.634152
2.343936
-10.033726
6.768357
6.120341
1.352038
-0.697841
0.140509
-7.584842
-1.119813
0.163900
-1.537545
-1.303244
-10.308387
-4.059488
-0.973443
-2.034613
8.004563
0.206947
-0.435254
-1.440533
1.539444
