-0.683503
-0.436678
-0.250952
0.048225
0.152615
0.220818
0.414376
0.623688
0.612084
0.527137
0.469020
0.364558
0.366294
0.394340
0.370045
0.347053
0.340891
0.336959
0.333235
0.332425
0.312977
0.286986
0.264819
0.239238
0.294338
0.382573
0.463827
0.566181
0.646911
0.727588
0.830984
0.941733
0.807625
0.575183
0.361090
0.082796
-0.122348
-0.324511
-0.596140
-0.888184
-0.911838
-0.838214
-0.797848
-0.697627
-0.702650
-0.727928
-0.686973
-0.638472
-0.354818
0.039443
0.431902
0.900328
1.338799
1.799934
2.340983
2.923483
2.666899
2.081175
1.575173
0.860002
0.411421
-0.013306
-0.665417
-1.374873
-1.317442
-0.984653
-0.746097
-0.337395
-0.237197
-0.198513
0.028854
0.275011
0.292578
0.241665
0.221559
0.158266
0.224986
0.330051
0.385049
0.450479
0.452047
0.426028
0.413164
0.386208
0.369458
0.351839
0.319297
0.281079
0.295086
0.327075
0.350817
0.385008
0.396692
0.402822
0.420673
0.438525
0.416819
0.379523
0.344027
0.297802
0.264706
0.232359
0.188354
0.141131
0.125054
0.119489
0.109155
0.105016
0.086779
0.064941
0.050086
0.035022
0.055019
0.090575
0.124459
0.168635
0.206217
0.245640
0.295988
0.351149
0.391167
0.428153
0.470861
0.512980
0.566595
0.625431
0.683207
0.744195
0.702976
0.619662
0.544071
0.441218
0.365855
0.290231
0.185261
0.070594
-0.000147
-0.059848
-0.131715
-0.198934
-0.294781
-0.401918
-0.503107
-0.610086
-0.614408
-0.577132
-0.550230
-0.497379
-0.473079
-0.449866
-0.398642
-0.339032
-0.328771
-0.332612
-0.325421
-0.325371
-0.297016
-0.258795
-0.229098
-0.195408
-0.225447
-0.281634
-0.331007
-0.396482
-0.445315
-0.493891
-0.559799
-0.631199
-0.670224
-0.699881
-0.736758
-0.768888
-0.819264
-0.875944
-0.926981
-0.980504
-1.010287
-1.030536
-1.054337
-1.072668
-1.097392
-1.122650
-1.141998
-1.159758
-1.191741
-1.228406
-1.262767
-1.299848
-1.330204
-1.358728
-1.390340
-1.421695
-1.410319
-1.380969
-1.353220
-1.313204
-1.284240
-1.254400
-1.211397
-1.163555
-1.130705
-1.100572
-1.064677
-1.029192
-0.981547
-0.928309
-0.875974
-0.820114
-0.818633
-0.838733
-0.852848
-0.880288
-0.891495
-0.901407
-0.925765
-0.953942
-0.955759
-0.949680
-0.948806
-0.943656
-0.952850
-0.966695
-0.975535
-0.985944
-0.798907
-0.528063
-0.267316
0.049315
0.318096
0.591637
0.925009
1.281004
1.184699
0.912879
0.684453
0.344349
0.153260
-0.022162
-0.319270
-0.645034
-0.585556
-0.388474
-0.238633
-0.003616
0.074317
0.120324
0.260899
0.410117
0.416077
0.375145
0.350089
0.294645
0.310593
0.344359
0.343716
0.344342
0.564477
0.874963
1.177025
1.541086
1.842730
2.145979
2.516031
2.908650
2.523185
1.824296
1.182847
0.336572
-0.279630
-0.887838
-1.717538
-2.613374
-2.467005
-1.931626
-1.511404
-0.847528
-0.565420
-0.343768
0.145653
0.680254
0.766304
0.711023
0.723978
0.652240
0.812539
1.039106
1.168540
1.312268
1.307055
1.234881
1.183154
1.092978
1.023080
0.945959
0.828324
0.692212
0.657320
0.652549
0.623965
0.610083
0.542050
0.455345
0.386003
0.309565
0.311303
0.344819
0.367757
0.409362
0.430568
0.450721
0.490995
0.537177
0.538544
0.525741
0.521146
0.508657
0.518664
0.535412
0.543084
0.552437
0.559074
0.564382
0.571474
0.578414
0.584857
0.591205
0.597433
0.603512
0.615378
0.629625
0.643467
0.658866
0.672685
0.686519
0.702029
0.718091
0.730473
0.741725
0.753721
0.765114
0.778425
0.792349
0.805573
0.818988
0.834296
0.850425
0.866666
0.883539
0.899923
0.916407
0.933568
0.951012
0.934132
0.902851
0.873349
0.834221
0.803888
0.772973
0.731729
0.686749
0.655008
0.626056
0.592583
0.559895
0.517367
0.470540
0.424915
0.376744
0.436714
0.541632
0.639262
0.766306
0.865092
0.964866
1.096249
1.238551
1.257636
1.232757
1.224746
1.190262
1.205467
1.231195
1.227511
1.221505
1.297966
1.405314
1.506469
1.628195
1.718868
1.805312
1.914341
2.027710
2.112967
2.190687
2.274291
2.353890
2.451201
2.554794
2.653524
2.755005
5.248648
8.760923
12.172866
16.272768
19.527466
22.734295
26.688922
30.849805
31.315395
30.384486
26.859287
21.184515
19.851705
19.084360
15.884019
12.373196
11.725145
11.892070
11.594829
11.785133
10.584389
8.971078
7.918746
6.764477
6.059197
5.556595
4.933569
4.401825
3.834443
3.281921
2.824470
2.410662
1.999386
1.619705
1.285849
0.986564
0.756400
0.576700
0.430171
0.328725
0.274699
0.265490
0.301166
0.381964
0.503686
0.668717
0.879050
1.133286
1.033223
0.807777
0.643415
0.408772
0.315023
0.254758
0.116150
-0.025182
0.027184
0.152396
0.265814
0.428860
0.518744
0.599506
0.734703
0.881040
0.900265
0.876388
0.869956
0.837288
0.862344
0.901514
0.911177
0.921010
0.984235
1.067133
1.147672
1.242079
1.314802
1.384546
1.469563
1.557387
1.604579
1.637414
1.675029
1.703646
1.749364
1.798649
1.837921
1.876414
1.726241
1.494367
1.269741
0.989936
0.752132
0.507110
0.203214
-0.124668
0.039894
0.396517
0.706610
1.139051
1.411746
1.668876
2.059176
2.481929
2.693966
2.845653
3.041080
3.204523
3.489763
3.816470
4.105166
4.410018
4.838535
5.323218
5.818990
6.358896
6.872551
7.396892
7.968138
8.561570
10.061950
11.963597
13.849479
16.012728
17.991054
20.019005
22.341926
24.794028
26.978020
29.139703
31.449015
33.782298
32.659177
30.092231
27.700299
24.340243
23.561392
23.445693
22.217921
21.101049
18.500022
15.201705
12.073340
8.533375
7.858575
8.228010
8.049184
8.429807
7.779550
6.894767
6.629199
6.408044
5.814925
5.149916
4.551842
3.909172
3.585224
3.383080
3.121563
2.925612
2.505223
2.013775
1.599404
1.160763
0.820340
0.518497
0.187909
-0.126430
-0.237412
-0.257296
-0.269356
-0.213864
-0.201067
-0.173952
-0.075007
0.056691
0.111746
0.157144
0.240322
0.326934
0.484612
0.678138
0.872455
1.091432
1.375497
1.698895
2.045022
2.426143
2.814924
3.225769
3.672691
4.146114
4.386943
4.545044
4.740893
4.889408
5.130143
5.391934
5.601049
5.807383
6.166554
6.583877
6.991313
7.437975
7.829071
8.213858
8.641570
9.078705
10.192092
11.602184
12.993214
14.586782
16.038164
17.521939
19.221353
21.012646
19.942655
17.721086
15.719707
12.969393
11.064448
9.191561
6.508700
3.585736
3.035286
3.296051
3.199538
3.582374
2.919676
1.998905
1.616580
1.231716
1.128372
1.200639
1.262418
1.431838
1.692967
2.042449
2.499321
3.053001
2.806402
2.276022
1.881214
1.326367
1.089072
0.926253
0.585153
0.236721
0.226421
0.337680
0.425354
0.595761
0.623508
0.626825
0.721749
0.829097
0.756942
0.623932
0.512250
0.362119
0.294834
0.247039
0.156041
0.064565
0.039821
0.038674
0.033813
0.045495
0.027515
0.004275
-0.000591
-0.003246
0.007096
0.025950
0.046679
0.073571
0.104933
0.141284
0.183837
0.231840
0.274307
0.317629
0.366880
0.418469
0.478399
0.543601
0.610910
0.682470
0.689044
0.670182
0.658539
0.631165
0.624187
0.619280
0.597268
0.571108
0.575787
0.589833
0.598120
0.611612
0.608563
0.600306
0.598104
0.594286
0.561047
0.515173
0.468943
0.413526
0.365548
0.316394
0.257405
0.194467
0.138648
0.082966
0.022811
-0.038428
-0.108075
-0.182281
-0.257283
-0.335650
-0.403493
-0.468518
-0.537488
-0.605701
-0.679874
-0.756645
-0.832408
-0.909590
-0.995960
-1.086797
-1.178700
-1.274123
-1.368350
-1.463829
-1.563013
-1.664233
-1.567831
-1.388688
-1.220203
-0.996553
-0.823862
-0.648131
-0.413183
-0.157010
0.022241
0.184978
0.373474
0.557047
0.797103
1.061614
1.318797
1.590303
1.357938
0.917113
0.512781
-0.027064
-0.433448
-0.842685
-1.397665
-2.001863
-1.904859
-1.547993
-1.273467
-0.837952
-0.662746
-0.531579
-0.223192
0.112401
0.063813
-0.116729
-0.251135
-0.468426
-0.513510
-0.519274
-0.617898
-0.719373
-0.672743
-0.574263
-0.485859
-0.361762
-0.304266
-0.259449
-0.174892
-0.086420
-0.103494
-0.159436
-0.206458
-0.279074
-0.310427
-0.335272
-0.388320
-0.445949
-0.507917
-0.576866
-0.650593
-0.730085
-0.821339
-0.920806
-1.025770
-1.138167
-0.961822
-0.666684
-0.391733
-0.039129
0.234800
0.509505
0.867826
1.253759
1.134103
0.821113
0.559170
0.174811
-0.035743
-0.224303
-0.546671
-0.897265
-0.816476
-0.579531
-0.391467
-0.105345
0.009255
0.091647
0.282551
0.486373
0.512770
0.481216
0.471546
0.425243
0.466843
0.530997
0.553615
0.578435
0.582632
0.574689
0.569585
0.557816
0.540596
0.518233
0.489229
0.454412
0.440370
0.431740
0.416144
0.402320
0.375985
0.344420
0.315174
0.283138
0.414805
0.615066
0.805400
1.040988
1.234951
1.431358
1.676327
1.938697
2.134350
2.314912
2.516749
2.713503
2.957452
3.221354
3.478128
3.746215
3.746997
3.638589
3.553362
3.398525
3.317008
3.236524
3.081005
2.901807
2.843158
2.816760
2.760055
2.718334
2.602471
2.458872
2.333738
2.195615
2.205447
2.274102
2.323077
2.406910
2.448206
2.485655
2.560866
2.645836
2.649976
2.628294
2.620501
2.597958
2.615588
2.644871
2.657264
2.672184
2.625172
2.551205
2.482390
2.396578
2.323070
2.247378
2.153601
2.052408
2.317584
2.733257
3.125314
3.616643
4.006692
4.397667
4.895583
5.428712
5.938598
6.466420
7.032544
7.620910
8.280295
8.984376
9.708724
10.470160
10.675968
10.664885
10.716312
10.633864
10.727171
10.839145
10.805454
10.737141
11.787969
13.283340
14.693460
16.394131
17.746896
19.078756
20.725708
22.460095
23.750226
24.925665
26.213273
27.447820
28.967393
30.595256
32.156794
33.771039
32.816425
30.786443
28.921254
26.350238
24.431789
22.477696
19.766124
16.784645
15.933962
15.783234
15.255215
15.120296
13.986247
12.571333
11.603424
10.588301
10.141359
9.961385
9.711590
9.617355
9.475699
9.379370
9.445563
9.597126
9.356872
9.007117
8.763921
8.473262
8.406962
8.425168
8.385416
8.384361
8.158340
7.848594
7.588144
7.285613
7.056574
6.844305
6.585698
6.323015
6.220447
6.179191
6.126444
6.114493
6.045905
5.971118
5.940914
5.920777
6.128098
6.441640
6.756150
7.144935
7.501477
7.879207
8.335221
8.831061
9.247154
9.656267
10.110665
10.572618
11.114990
11.699916
12.289554
12.909654
14.242842
15.894222
17.546426
19.423598
21.157924
22.936979
24.955079
27.080728
28.985373
30.871694
32.880774
34.910098
37.166300
39.541524
41.928898
44.401240
43.247127
40.591072
38.179428
34.783948
32.351534
29.893745
26.377936
22.502030
21.418340
21.241952
20.564004
20.393484
18.887940
16.999024
15.688956
14.304169
13.639486
13.307485
12.871689
12.623878
12.305680
12.034635
11.960397
11.984543
11.485418
10.830587
10.301725
9.698088
9.373272
9.145392
8.829086
8.550105
8.166373
7.746199
7.368475
6.980644
6.626673
6.286866
5.935475
5.589379
5.362819
5.188375
5.014167
4.877138
4.712608
4.553825
4.434717
4.332272
4.067787
3.746365
3.449493
3.119228
2.855901
2.608007
2.322854
2.036167
1.828265
1.649221
1.464897
1.300192
1.103702
0.902323
0.722581
0.546389
0.472714
0.446614
0.419941
0.426173
0.417409
0.417624
0.452543
0.504849
0.519276
0.529407
0.559445
0.591929
0.660425
0.747498
0.835709
0.936923
0.932253
0.888744
0.863269
0.816055
0.807098
0.806141
0.781174
0.753791
0.786932
0.842151
0.892069
0.956485
0.996711
1.032877
1.085052
1.139576
1.098932
1.020591
0.948911
0.852322
0.785849
0.721224
0.629568
0.530466
0.467359
0.413216
0.349598
0.289961
0.206436
0.113610
0.025858
-0.066622
0.000676
0.134282
0.256143
0.420999
0.544187
0.668551
0.839123
1.025496
1.142891
1.243233
1.363273
1.476399
1.635055
1.811929
1.979839
2.157295
2.141999
2.048212
1.972544
1.847394
1.775266
1.704429
1.580228
1.439539
1.388872
1.363133
1.316021
1.281028
1.192599
1.084849
0.991778
0.890242
0.871584
0.885779
0.887752
0.908697
0.906003
0.900847
0.916251
0.936747
0.909068
0.865454
0.829350
0.783874
0.761072
0.744321
0.716949
0.690294
0.620394
0.531304
0.444736
0.345671
0.254566
0.161257
0.054688
-0.057712
-0.150239
-0.238447
-0.333653
-0.427710
-0.536072
-0.650724
-0.763623
-0.880240
-0.780467
-0.590177
-0.413051
-0.176195
0.005215
0.189630
0.438162
0.709512
0.892925
1.056404
1.247804
1.432432
1.679191
1.952169
2.215680
2.494028
2.392238
2.134650
1.908736
1.583038
1.360634
1.138774
0.809419
0.445518
0.368391
0.385714
0.354058
0.376188
0.263850
0.114315
0.025867
-0.068259
0.030448
0.215011
0.385869
0.611547
0.803541
1.005439
1.265430
1.551215
1.551410
1.448327
1.384720
1.259270
1.244866
1.252912
1.192467
1.125159
0.736126
0.199732
-0.330441
-0.961089
-1.540828
-2.145331
-2.855988
-3.618027
-3.295304
-2.546335
-1.898171
-0.978289
-0.401833
0.145153
0.987418
1.905149
1.756581
1.220937
0.811734
0.162032
-0.069031
-0.221275
-0.639522
-1.089687
-1.084062
-0.927623
-0.825990
-0.628742
-0.652274
-0.730745
-0.701153
-0.674704
-0.647596
-0.610236
-0.575300
-0.536522
-0.468273
-0.385942
-0.300923
-0.205040
-0.139072
-0.080459
-0.009288
0.060612
0.148799
0.245502
0.340201
0.439974
0.516254
0.584703
0.659402
0.730602
0.811671
0.895960
0.976252
1.057398
1.156001
1.262008
1.368114
1.479580
1.586412
1.693793
1.806924
1.922269
1.888083
1.791919
1.704539
1.576020
1.487579
1.397843
1.263862
1.114692
1.024133
0.946710
0.850685
0.759106
0.625680
0.474561
0.329702
0.174784
0.214628
0.333292
0.433196
0.582677
0.677349
0.769946
0.916078
1.078212
0.902556
0.596339
0.321677
-0.036510
-0.281578
-0.514313
-0.838136
-1.182961
-1.134203
-0.937463
-0.780156
-0.528606
-0.419731
-0.331577
-0.140026
0.070703
0.074058
0.009113
-0.026218
-0.102914
-0.080094
-0.031180
-0.029140
-0.024279
0.005007
0.041044
0.078577
0.122495
0.149009
0.171269
0.200901
0.229835
0.264769
0.302709
0.339725
0.378392
0.417169
0.456669
0.497866
0.540135
0.530819
0.500237
0.473002
0.431764
0.404555
0.377109
0.334589
0.287028
0.335456
0.420768
0.496604
0.595857
0.662544
0.725344
0.813713
0.907692
0.904106
0.864343
0.834797
0.782314
0.766481
0.756575
0.721427
0.682196
0.671534
0.668443
0.659693
0.655109
0.632143
0.602709
0.578334
0.551134
0.697732
0.917492
1.126874
1.384529
1.598904
1.816385
2.085620
2.373750
2.241969
1.945851
1.687809
1.324493
1.096394
0.880528
0.550160
0.191121
0.231607
0.416529
0.553638
0.780392
0.848751
0.886660
1.023817
1.172161
1.149977
1.070985
1.011715
0.916160
0.902415
0.908565
0.873781
0.839567
0.906932
1.013450
1.115853
1.245608
1.338921
1.429110
1.549153
1.676575
1.775945
1.869998
1.973137
2.074680
2.198972
2.333159
2.464784
2.602366
2.584348
2.502643
2.433792
2.324090
2.256953
2.190146
2.079317
1.954419
1.898319
1.860237
1.804276
1.756435
1.665396
1.557889
1.460509
1.355146
1.371159
1.436147
1.487720
1.569387
1.617162
1.663199
1.741743
1.829716
1.856815
1.865874
1.887575
1.899756
1.945374
2.002097
2.047623
2.097129
2.100051
2.083831
2.073651
2.052137
2.042290
2.032735
2.010994
1.985440
1.986386
1.995530
1.999489
2.007888
2.002598
1.993015
1.988579
1.982871
2.009125
2.048927
2.086076
2.131830
2.170188
2.209151
2.257318
2.308903
2.345225
2.377630
2.414303
2.449341
2.494070
2.542608
2.589069
2.637457
2.831512
3.088231
3.340648
3.636025
3.897263
4.163650
4.475946
4.806574
4.785256
4.627637
4.504535
4.294979
4.201868
4.121444
3.946781
3.750296
3.865791
4.093829
4.285076
4.546443
4.683198
4.795896
4.986260
5.185202
5.252987
5.277210
5.316584
5.328103
5.402920
5.493222
5.552080
5.611518
5.704056
5.807620
5.910107
6.020808
6.114545
6.204799
6.304279
6.404255
6.499849
6.594788
6.690503
6.785778
6.885365
6.986662
7.087324
7.188974
7.303582
7.424099
7.545074
7.670386
7.793294
7.917258
8.045819
8.176577
8.304179
8.431956
8.562179
8.693190
8.828419
8.966071
9.104377
9.244543
9.435503
9.649017
9.862272
10.091364
10.310086
10.531789
10.770331
11.016338
11.246033
11.474068
11.710667
11.948405
12.202201
12.464269
12.726891
12.995327
13.377123
13.809937
14.243885
14.714226
15.162714
15.619078
16.114066
16.626866
17.106135
17.583573
18.081201
18.583012
19.121362
19.679357
20.240267
20.815492
21.630733
22.555117
23.483994
24.491344
25.454837
26.436918
27.502159
28.606850
29.739810
30.912092
32.124653
33.375774
34.682238
36.034584
37.424779
38.858440
38.935775
38.460374
38.088747
37.358637
37.009761
36.666099
35.935732
35.083635
34.803967
34.669874
34.382016
34.157563
33.563137
32.824717
32.166664
31.436152
30.656540
29.830591
28.932392
27.976536
26.988643
25.952450
24.857380
23.711231
23.048888
22.562233
22.001375
21.542503
20.900487
20.220479
19.653350
19.097054
18.482602
17.860433
17.252883
16.641780
16.089012
15.560949
15.026809
14.507836
14.370011
14.400828
14.430864
14.579956
14.649055
14.739825
14.957281
15.230325
14.801132
14.112602
13.512902
12.755110
12.258127
11.807440
11.182562
10.532879
10.266330
10.132735
9.955557
9.862710
9.601080
9.302536
9.098219
8.898824
8.655127
8.404865
8.162357
7.915380
7.712193
7.526367
7.334088
7.151835
6.972713
6.798938
6.635355
6.478948
6.329269
6.186896
6.051740
5.923791
5.880713
5.877889
5.878923
5.909449
5.928351
5.956536
6.015782
6.091363
6.144872
6.199932
6.273101
6.352366
6.461721
6.588653
6.720742
6.866447
6.543173
6.027277
5.545738
4.938893
4.460148
3.980827
3.366543
2.708127
2.845663
3.286902
3.647067
4.199337
4.476355
4.717693
5.169116
5.664063
5.571114
5.270658
5.042274
4.685064
4.574731
4.516705
4.315251
4.103422
4.122369
4.219461
4.294723
4.421754
4.439805
4.433435
4.485178
4.538664
4.599447
4.670306
4.743115
4.822249
4.918778
5.025879
5.138792
5.260975
5.369961
5.478293
5.596834
5.718016
5.852872
5.995865
6.141082
6.292507
6.411837
6.520655
6.637301
6.748952
6.874899
7.005417
7.130211
7.256225
7.512019
7.823001
8.129604
8.473949
8.786242
9.102121
9.458415
9.830191
10.716143
11.832409
12.942855
14.213198
15.385605
16.590654
17.965400
19.417278
19.105838
18.098226
17.247835
15.951387
15.206312
14.503465
13.316351
12.001356
11.818507
12.006177
12.008806
12.226213
11.902701
11.430084
11.201651
10.949966
10.235425
9.338900
8.440203
7.406291
6.536382
5.672663
4.661884
3.608798
3.451253
3.639360
3.743892
4.069668
4.094112
4.085168
4.317578
4.605129
4.627191
4.587686
4.618626
4.622576
4.815576
5.083829
5.316551
5.589438
5.370564
4.957506
4.606946
4.139909
3.819208
3.512808
3.080021
2.615655
2.409223
2.284359
2.114679
1.991467
1.737875
1.445838
1.207167
0.959382
0.971155
1.094749
1.198141
1.372823
1.492075
1.619011
1.821972
2.055013
2.163420
2.240942
2.355579
2.458338
2.642552
2.859789
3.061512
3.280735
3.284858
3.204014
3.150436
3.045866
3.005248
2.970833
2.881092
2.777489
2.786592
2.831295
2.856349
2.901661
2.889913
2.861298
2.855957
2.846572
2.595294
2.241662
1.894459
1.476412
1.120240
0.757879
0.319566
-0.147412
-0.241104
-0.197439
-0.200146
-0.118689
-0.177636
-0.261793
-0.253142
-0.231683
-0.137464
0.003543
0.155409
0.341525
0.550036
0.785275
1.055090
1.354514
1.455525
1.489648
1.563251
1.601297
1.725748
1.874482
1.982997
2.094929
1.950351
1.693970
1.451865
1.136281
0.873990
0.601453
0.250668
-0.132569
-0.098993
0.088442
0.223690
0.452969
0.527036
0.573597
0.723774
0.888715
0.878494
0.811632
0.768428
0.690201
0.699590
0.732352
0.725269
0.721462
0.783770
0.871526
0.959506
1.066508
1.148544
1.228895
1.330014
1.436537
1.436534
1.395936
1.365690
1.309545
1.290580
1.276396
1.233882
1.185490
1.181195
1.189909
1.190413
1.198188
1.181196
1.156204
1.139742
1.120539
1.148623
1.196446
1.239459
1.294684
1.338433
1.382512
1.439688
1.501377
1.538895
1.569630
1.606183
1.639472
1.686818
1.739233
1.787710
1.838375
1.537217
1.086969
0.654123
0.121562
-0.324808
-0.779388
-1.340768
-1.942313
-1.724019
-1.187017
-0.727788
-0.065489
0.327993
0.694021
1.281233
1.921228
1.874964
1.584856
1.380733
1.026260
0.954577
0.941869
0.762015
0.568620
0.668235
0.868479
1.040747
1.279293
1.383638
1.458978
1.608491
1.761762
1.743659
1.662251
1.592712
1.480411
1.435573
1.400659
1.318664
1.228431
1.191930
1.169447
1.135744
1.109526
1.048328
0.974565
0.909969
0.839681
0.954509
1.146405
1.324502
1.552444
1.732902
1.915054
2.150741
2.404974
2.332716
2.135897
1.972778
1.731054
1.602102
1.487866
1.287668
1.069731
1.080949
1.172256
1.234637
1.346506
1.360189
1.352221
1.399485
1.449709
1.404666
1.326324
1.255590
1.162402
1.111755
1.069494
1.002213
0.932722
0.863691
0.791171
0.716143
0.638461
0.551043
0.457973
0.362555
0.262460
0.164342
0.064626
-0.040037
-0.147345
-0.260243
-0.377282
-0.496857
-0.620043
-0.486162
-0.244861
-0.018402
0.279301
0.510500
0.745215
1.056429
1.394799
1.335873
1.128726
0.967427
0.714109
0.605759
0.520827
0.334753
0.131967
0.015488
-0.082810
-0.202932
-0.314680
-0.493583
-0.699448
-0.893922
-1.103296
-0.971338
-0.699920
-0.458552
-0.128474
0.108243
0.343625
0.674623
1.035793
0.973440
0.755144
0.587101
0.322518
0.217867
0.141349
-0.041602
-0.239721
-0.251549
-0.202489
-0.178009
-0.115729
-0.144994
-0.198100
-0.208324
-0.221169
-0.278549
-0.351566
-0.425034
-0.510737
-0.575175
-0.636345
-0.711101
-0.787856
-0.796824
-0.779325
-0.766925
-0.737113
-0.729717
-0.724240
-0.699813
-0.670595
-0.696575
-0.741789
-0.779513
-0.828910
-0.854698
-0.875119
-0.908579
-0.942573
-0.952390
-0.953549
-0.956407
-0.953370
-0.960631
-0.969690
-0.972218
-0.973899
-1.031050
-1.110713
-1.187058
-1.278414
-1.353553
-1.428474
-1.519607
-1.615820
-1.691253
-1.761942
-1.838913
-1.914133
-2.004061
-2.100092
-2.193726
-2.290758
-2.094502
-1.774790
-1.471222
-1.085615
-0.773606
-0.456179
-0.050782
0.386792
0.238751
-0.134075
-0.447644
-0.903346
-1.160226
-1.392838
-1.780684
-2.202157
-2.116764
-1.847897
-1.636927
-1.310941
-1.186328
-1.099630
-0.885650
-0.656603
-0.637222
-0.686516
-0.710161
-0.777276
-0.740984
-0.678348
-0.664965
-0.649244
-0.661320
-0.689344
-0.714141
-0.747981
-0.787733
-0.833895
-0.889139
-0.951878
-0.989162
-1.020089
-1.059944
-1.097923
-1.151865
-1.212666
-1.270908
-1.332966
-1.354334
-1.359905
-1.371161
-1.373123
-1.387772
-1.404067
-1.410240
-1.414221
-1.440247
-1.473555
-1.503562
-1.537911
-1.561800
-1.582922
-1.608965
-1.634696
-1.622385
-1.594262
-1.567496
-1.529871
-1.502663
-1.474941
-1.435540
-1.392031
-1.361244
-1.332708
-1.299280
-1.266171
-1.222591
-1.174186
-1.126526
-1.075812
-1.018693
-0.957495
-0.893419
-0.825530
-0.756546
-0.685004
-0.609539
-0.531089
-0.449986
-0.365939
-0.278887
-0.188896
-0.095558
0.000901
0.100281
0.202722
0.087080
-0.119611
-0.313709
-0.568209
-0.766061
-0.966781
-1.232369
-1.520904
-1.428433
-1.191466
-0.995197
-0.708187
-0.554728
-0.419881
-0.185668
0.067961
0.008177
-0.165344
-0.304462
-0.515428
-0.602154
-0.666042
-0.809387
-0.962684
-0.989314
-0.975124
-0.977329
-0.953967
-0.994648
-1.052335
-1.080925
-1.111886
-1.136862
-1.157321
-1.180260
-1.201504
-1.217656
-1.231110
-1.243048
-1.252538
-1.274717
-1.300988
-1.324165
-1.349287
-1.368571
-1.385954
-1.405578
-1.424646
-1.167365
-0.792477
-0.428946
0.014127
0.390031
0.773426
1.241967
1.743135
1.582273
1.164026
0.808774
0.289609
-0.012629
-0.292707
-0.751315
-1.252531
-1.154952
-0.841460
-0.599312
-0.222934
-0.085698
0.005130
0.244653
0.500374
0.502667
0.420463
0.367136
0.259665
0.273734
0.317204
0.299615
0.282691
0.315634
0.363642
0.409704
0.467278
0.494973
0.515144
0.548505
0.580788
0.609256
0.636993
0.663883
0.689666
0.719337
0.750055
0.779452
0.809190
0.801487
0.777874
0.756217
0.723971
0.700727
0.676558
0.641056
0.601252
0.576408
0.554714
0.527831
0.501800
0.464676
0.422680
0.382004
0.338433
0.315367
0.299808
0.280379
0.264992
0.242305
0.217996
0.198156
0.178685
0.146535
0.109637
0.073703
0.034610
0.000287
-0.033386
-0.070524
-0.108328
-0.139022
-0.167369
-0.196739
-0.224691
-0.256038
-0.288274
-0.318904
-0.349628
-0.383308
-0.418120
-0.452889
-0.488481
-0.522960
-0.557347
-0.592635
-0.628145
-0.527882
-0.370049
-0.218306
-0.027800
0.129299
0.289704
0.491627
0.709229
0.439898
-0.024878
-0.452100
-1.006492
-1.415526
-1.818328
-2.358741
-2.939395
-2.869258
-2.555640
-2.312831
-1.917141
-1.758636
-1.636909
-1.347260
-1.028510
-0.988315
-1.035225
-1.038666
-1.093927
-1.003616
-0.871046
-0.798048
-0.715179
-0.671321
-0.645744
-0.608741
-0.579575
-0.549625
-0.521804
-0.502037
-0.486613
-0.427068
-0.351639
-0.282670
-0.204334
-0.143212
-0.085710
-0.017820
0.050971
0.034062
-0.017788
-0.064929
-0.135515
-0.181338
-0.227112
-0.298186
-0.377380
-0.425189
-0.466128
-0.517027
-0.565622
-0.637097
-0.718282
-0.796175
-0.879639
-0.651152
-0.292192
0.047576
0.473351
0.819225
1.169373
1.611845
2.087144
1.969075
1.623690
1.338602
0.909815
0.683655
0.482758
0.124850
-0.266570
-0.273237
-0.148523
-0.076338
0.075806
0.055762
-0.005640
0.022734
0.051694
0.129446
0.237740
0.345249
0.471905
0.614351
0.772404
0.949590
1.143901
1.252203
1.333960
1.437306
1.528290
1.662018
1.810426
1.944367
2.083558
1.857307
1.476490
1.116748
0.654847
0.282145
-0.098244
-0.588064
-1.118605
-1.036829
-0.725183
-0.482959
-0.097717
0.067717
0.199293
0.487843
0.804043
0.849003
0.808130
0.808823
0.758257
0.846823
0.974971
1.044390
1.122100
1.006813
0.807073
0.623771
0.387451
0.188028
-0.018801
-0.281972
-0.568680
-0.466818
-0.216614
-0.007977
0.293633
0.461874
0.612534
0.864857
1.138076
1.156355
1.086715
1.050506
0.960327
0.982292
1.030224
1.017716
1.003536
1.095831
1.226246
1.349859
1.499715
1.603949
1.700350
1.825831
1.955183
1.872147
1.703633
1.548516
1.336553
1.188508
1.042440
0.834878
0.608845
0.462464
0.334807
0.184106
0.040809
-0.157728
-0.378741
-0.589891
-0.813225
-0.756920
-0.586295
-0.440261
-0.221509
-0.079063
0.062387
0.282209
0.526830
0.644233
0.727425
0.842398
0.941390
1.118203
1.324006
1.510163
1.709786
1.759441
1.749515
1.759839
1.734979
1.753235
1.775492
1.759630
1.733989
1.790969
1.874486
1.944014
2.028775
2.072802
2.105154
2.154920
2.202309
2.538751
2.998913
3.444293
3.971967
4.432560
4.901608
5.458620
6.049920
6.223648
6.245082
6.320713
6.303821
6.446984
6.620630
6.692030
6.751157
7.357633
8.180426
8.966104
9.895316
10.649410
11.392324
12.291076
13.232355
14.100856
14.974820
15.897182
16.834992
17.877460
18.976824
20.088050
21.242068
22.922856
24.849091
26.797005
28.924942
30.968975
33.063964
35.349098
37.730132
36.181523
33.025936
30.140564
26.201008
23.362006
20.525895
16.553221
12.214835
11.582941
12.236422
12.342486
13.210448
12.492697
11.399299
11.158614
10.936813
10.134730
9.184882
8.286378
7.279030
6.687312
6.226874
5.636252
5.095768
4.689035
4.348923
4.053910
3.823469
3.568512
3.338158
3.176062
3.051944
2.987532
2.973550
2.996849
3.065964
3.176919
3.331094
3.531190
3.775509
3.621568
3.323754
3.089255
2.772104
2.606995
2.474551
2.250497
2.018870
1.997883
2.053274
2.091016
2.179344
2.181838
2.169647
2.213381
2.264942
2.249644
2.215486
2.192756
2.158972
2.165630
2.185526
2.192325
2.204038
2.240770
2.289064
2.341261
2.403186
2.459717
2.518926
2.588468
2.663091
2.698179
2.719919
2.748705
2.770048
2.808875
2.852400
2.887522
2.923121
2.979423
3.043867
3.107846
3.177636
3.240320
3.302654
3.371305
3.441728
3.331998
3.147111
2.971876
2.746452
2.568290
2.387739
2.153274
1.899754
1.715551
1.546203
1.353713
1.165677
0.926643
0.665546
0.411076
0.143686
0.359794
0.776278
1.158593
1.671466
2.056927
2.445737
2.974918
3.551904
3.156302
2.384133
1.704499
0.784788
0.188252
-0.373480
-1.196931
-2.081212
-1.992916
-1.547011
-1.208088
-0.644120
-0.452173
-0.324388
0.051547
0.463608
0.471049
0.349530
0.284826
0.141020
0.204162
0.324307
0.354097
0.394067
0.423515
0.443689
0.474136
0.503495
0.517737
0.526125
0.534120
0.537603
0.581979
0.641598
0.694781
0.756699
0.804337
0.849309
0.903889
0.959795
0.941342
0.892890
0.849093
0.785346
0.743776
0.702786
0.640224
0.571103
0.529954
0.495349
0.452577
0.412358
0.352680
0.285054
0.220845
0.152305
0.171304
0.225884
0.272233
0.341022
0.385538
0.429370
0.497413
0.572866
0.607590
0.631021
0.664071
0.691610
0.743300
0.803702
0.857434
0.914967
0.702117
0.375295
0.064013
-0.322696
-0.642268
-0.966975
-1.372534
-1.807791
-1.606120
-1.155917
-0.764561
-0.214336
0.129102
0.452769
0.949342
1.488325
1.428730
1.152624
0.947601
0.607982
0.505569
0.448540
0.242518
0.019484
0.050760
0.166495
0.252472
0.392294
0.409508
0.396634
0.444549
0.491246
0.482138
0.455151
0.429794
0.390842
0.382610
0.381250
0.364507
0.347692
0.336110
0.325092
0.313651
0.302848
0.286070
0.267003
0.248852
0.229385
0.222594
0.220678
0.216860
0.215859
0.210823
0.205188
0.202628
0.200670
0.191613
0.180142
0.169624
0.157629
0.148848
0.140843
0.131178
0.121511
0.134346
0.156579
0.177826
0.205440
0.227094
0.249092
0.277930
0.309208
0.332379
0.353967
0.378485
0.402650
0.433141
0.466467
0.499179
0.533628
0.620809
0.731178
0.841066
0.967199
1.081992
1.199523
1.334356
1.476632
1.469995
1.405317
1.354902
1.267588
1.228609
1.194415
1.120055
1.035964
1.100917
1.220475
1.323215
1.460170
1.539712
1.609077
1.716203
1.828547
1.878243
1.907726
1.945612
1.970968
2.027814
2.093076
2.144077
2.196288
2.037147
1.787133
1.547371
1.247007
0.994736
0.735615
0.411769
0.062266
0.219897
0.574434
0.880032
1.310779
1.574880
1.821539
2.204544
2.619744
2.575638
2.365622
2.209821
1.950706
1.874387
1.833173
1.677561
1.509079
1.534343
1.623901
1.690874
1.798883
1.813299
1.804730
1.842496
1.879294
1.799648
1.674907
1.554555
1.402608
1.291963
1.184551
1.042687
0.892052
0.922305
1.021767
1.104076
1.230674
1.294763
1.351192
1.456026
1.571248
1.510297
1.384379
1.277194
1.128881
1.047662
0.977701
0.862423
0.740241
0.690113
0.662609
0.624493
0.600094
0.538061
0.465318
0.408313
0.349000
0.135072
-0.144059
-0.418787
-0.738568
-1.018280
-1.301588
-1.633227
-1.982874
-1.811677
-1.432419
-1.094642
-0.621864
-0.306913
-0.000247
0.452645
0.947160
0.890231
0.633653
0.445101
0.133544
0.038978
-0.013697
-0.202519
-0.406663
-0.369447
-0.251130
-0.160163
-0.017271
0.011617
0.013432
0.073697
0.134074
0.349473
0.637076
0.918575
1.247728
1.557017
1.879539
2.252198
2.650289
2.434281
1.974201
1.567323
1.003681
0.628012
0.264498
-0.268977
-0.849169
-0.674005
-0.217328
0.157069
0.708361
0.981261
1.209889
1.632983
2.088596
2.223215
2.257082
2.339997
2.362580
2.552247
2.789929
2.958342
3.137474
3.224497
3.270016
3.330053
3.367063
3.415608
3.459809
3.479792
3.488656
3.565229
3.662836
3.745822
3.839613
3.899218
3.947793
4.008911
4.066577
5.907660
8.507293
11.026559
14.055940
16.653358
19.297515
22.487714
25.886413
24.532856
21.312754
18.517723
14.525658
12.046912
9.696143
6.044371
2.059241
2.256410
3.939157
5.086160
7.144228
7.482051
7.458123
8.447214
9.515665
9.113598
8.230288
7.500582
6.455004
6.146194
6.019120
5.534519
5.060972
4.964199
4.995063
5.018283
5.137959
5.068852
4.963810
4.966695
4.978673
4.564555
3.984824
3.433735
2.772106
2.254911
1.750404
1.125470
0.470534
0.687520
1.248694
1.740262
2.455830
2.895403
3.315139
3.978102
4.706036
5.084572
5.370643
5.740968
6.066814
6.611873
7.238285
7.809872
8.419467
8.400938
8.127150
7.919352
7.553503
7.359212
7.170841
6.811988
6.401536
7.005962
7.999983
8.895478
10.039084
10.836611
11.592718
12.619801
13.706127
15.945058
18.730874
21.530475
24.714268
27.756002
30.918787
34.485511
38.265793
38.408295
37.145781
36.264394
34.501562
33.943686
33.525816
32.146578
30.551482
29.085966
27.472633
25.622623
23.616360
21.085656
18.233520
15.240367
11.981051
10.923511
10.663163
10.031238
9.847927
8.837693
7.646484
6.952369
6.297396
5.988423
5.897652
5.836433
5.926677
6.119744
6.430669
6.894187
7.488749
7.051581
6.252982
5.635733
4.817029
4.417851
4.121979
3.600919
3.076875
2.940599
2.944075
2.925953
3.005192
2.919680
2.807405
2.802846
2.814132
2.725766
2.613828
2.523447
2.420640
2.389392
2.385052
2.364935
2.358292
2.229852
2.054231
1.897683
1.714245
1.568264
1.427640
1.257716
1.081801
0.977019
0.896593
0.806666
0.731643
0.624896
0.510630
0.413084
0.315768
0.358846
0.463538
0.562550
0.702885
0.814432
0.932493
1.094526
1.275273
1.105712
0.800521
0.530156
0.173957
-0.066419
-0.294048
-0.615246
-0.958021
-1.071565
-1.107592
-1.176580
-1.198994
-1.325517
-1.478002
-1.578049
-1.678974
-1.569875
-1.366270
-1.172213
-0.915692
-0.695117
-0.461577
-0.161903
0.168181
0.784595
1.544095
2.323255
3.208151
4.072165
4.978926
5.996198
7.078313
8.082215
9.094925
10.179009
11.289308
12.512913
13.804573
15.119052
16.487129
17.892479
19.341222
20.844022
22.394105
23.947712
25.530698
27.162908
28.830204
27.132047
24.023554
21.096877
17.230293
14.227722
11.171585
7.106679
2.678932
2.381106
3.563699
4.184609
5.697584
5.563397
5.086905
5.600406
6.200321
5.732817
4.956455
4.323435
3.493643
3.302557
3.306208
3.079767
2.914311
2.676780
2.412796
2.213220
2.021022
1.834302
1.660191
1.493992
1.337648
1.358774
1.460870
1.565579
1.728135
1.859312
2.004522
2.210987
2.446770
2.325240
2.071898
1.864798
1.577769
1.423450
1.293040
1.074536
0.843805
0.780862
0.774256
0.747057
0.755263
0.684709
0.595053
0.545279
0.495184
0.546249
0.644430
0.738234
0.862966
0.974889
1.095393
1.248431
1.417975
1.539782
1.652457
1.784536
1.915538
2.083460
2.268642
2.451270
2.644810
2.671981
2.633205
2.612877
2.551878
2.540722
2.533669
2.482512
2.419790
2.137998
1.752902
1.364929
0.904126
0.472266
0.018288
-0.512353
-1.082914
-1.049565
-0.786080
-0.590566
-0.252181
-0.120930
-0.018062
0.241094
0.531515
0.547683
0.478358
0.454465
0.380799
0.450192
0.561942
0.616362
0.681386
0.667817
0.619705
0.585503
0.532709
0.491666
0.448382
0.385458
0.314372
0.302994
0.311117
0.308060
0.315707
0.295271
0.266718
0.250367
0.232430
0.299809
0.404037
0.503043
0.626129
0.730714
0.838157
0.971283
1.114718
1.220667
1.318216
1.428257
1.535708
1.669693
1.815079
1.956738
2.104964
2.000056
1.790123
1.597872
1.337124
1.142818
0.946557
0.676666
0.381565
0.428244
0.600739
0.731817
0.940421
1.020215
1.077145
1.219554
1.373978
1.321732
1.196229
1.092756
0.942444
0.879335
0.833713
0.736020
0.633599
0.608896
0.609531
0.601509
0.609906
0.579305
0.538888
0.517081
0.494463
0.485724
0.484481
0.481948
0.483849
0.487233
0.493188
0.503659
0.517414
0.520394
0.520807
0.525120
0.528748
0.539439
0.553229
0.566036
0.580625
0.572159
0.554615
0.539902
0.519697
0.506464
0.493923
0.475419
0.455442
0.447238
0.442722
0.436124
0.431616
0.421068
0.408708
0.398754
0.388336
0.418771
0.466626
0.512258
0.569432
0.616989
0.665626
0.726610
0.792335
0.841365
0.886822
0.938005
0.988181
1.050591
1.118340
1.184566
1.253941
1.098818
0.849485
0.613079
0.314255
0.072377
-0.173150
-0.485645
-0.822315
-0.671914
-0.332685
-0.040014
0.372909
0.624771
0.859524
1.225333
1.621834
1.546767
1.299308
1.104994
0.802575
0.682915
0.595986
0.389693
0.167300
0.142068
0.180544
0.192905
0.244886
0.197910
0.124629
0.096421
0.064586
0.023847
-0.017606
-0.062073
-0.109099
-0.143787
-0.174744
-0.208907
-0.241379
-0.135950
0.028608
0.188946
0.389798
0.557833
0.730443
0.946374
1.179407
1.110142
0.924851
0.770643
0.543278
0.418379
0.306089
0.113899
-0.095530
-0.173426
-0.211895
-0.274514
-0.315005
-0.427709
-0.563328
-0.673118
-0.790303
-0.782468
-0.722168
-0.674708
-0.594887
-0.544554
-0.492964
-0.406705
-0.308227
-0.274632
-0.259246
-0.228139
-0.205747
-0.145670
-0.071976
-0.008804
0.060263
-0.268658
-0.765274
-1.238712
-1.823015
-2.308428
-2.801262
-3.412939
-4.068190
-3.681429
-2.884299
-2.178146
-1.208062
-0.567514
0.046866
0.947945
1.923856
1.823813
1.331379
0.965079
0.354637
0.161994
0.046071
-0.339591
-0.759834
-0.597193
-0.231304
0.071513
0.504459
0.682170
0.805581
1.074201
1.352134
1.247943
1.000899
0.781126
0.465551
0.295197
0.144628
-0.111158
-0.387063
-0.537060
-0.654052
-0.798137
-0.924951
-1.132960
-1.370293
-1.586462
-1.815965
-1.539358
-1.051410
-0.598919
-0.008885
0.452248
0.919233
1.533873
2.200434
1.832481
1.064312
0.395667
-0.527723
-1.106852
-1.648337
-2.467577
-3.350907
-3.181122
-2.622684
-2.178203
-1.488569
-1.198390
-0.975362
-0.482243
0.052034
0.149752
0.109601
0.133025
0.072665
0.238349
0.467685
0.601049
0.747342
0.680077
0.517839
0.377430
0.179189
0.015963
-0.157154
-0.391472
-0.652759
-0.790924
-0.895819
-1.034426
-1.158750
-1.356762
-1.583006
-1.791554
-2.013605
-1.901412
-1.651454
-1.429743
-1.120101
-0.898885
-0.677080
-0.360662
-0.013074
0.182811
0.338772
0.534293
0.711873
0.984104
1.292389
1.578337
1.881699
1.570854
1.004462
0.482401
-0.205589
-0.734978
-1.269946
-1.983163
-2.758045
-2.574988
-2.032102
-1.595768
-0.934716
-0.617750
-0.353167
0.158026
0.713168
0.632671
0.328419
0.099028
-0.270672
-0.370502
-0.413328
-0.612437
-0.822756
-0.779117
-0.649223
-0.543123
-0.379835
-0.335809
-0.318250
-0.236538
-0.152561
-0.163285
-0.206450
-0.242676
-0.301181
-0.315242
-0.320098
-0.349876
-0.381239
-0.387884
-0.387394
-0.389808
-0.387496
-0.400185
-0.417350
-0.429000
-0.441988
-0.375760
-0.275869
-0.180736
-0.063464
0.035001
0.135333
0.259356
0.392343
0.492061
0.584334
0.687508
0.788309
0.912756
1.047308
1.178469
1.315427
1.302140
1.227282
1.164876
1.063005
1.002001
0.941212
0.837907
0.720939
0.670684
0.637910
0.587780
0.545520
0.461405
0.361331
0.271072
0.173078
0.192103
0.258334
0.311591
0.393841
0.443393
0.491246
0.570417
0.658655
0.688131
0.700169
0.724375
0.739365
0.786582
0.844480
0.891544
0.942418
0.963423
0.972358
0.986437
0.993885
1.008893
1.024556
1.033070
1.039650
1.066069
1.099266
1.129549
1.163868
1.189400
1.212777
1.240687
1.268587
1.218297
1.135214
1.055526
0.953635
0.872063
0.789092
0.682288
0.566839
0.606826
0.706376
0.790085
0.911426
0.979750
1.041474
1.144312
1.255937
1.369752
1.492971
1.625517
1.766672
1.927961
2.102839
2.285833
2.480781
2.077514
1.426168
0.813053
0.036609
-0.581068
-1.203680
-2.001907
-2.860359
-2.759443
-2.297136
-1.939932
-1.356509
-1.115369
-0.924990
-0.486513
-0.002503
0.063217
-0.001436
0.001052
-0.073278
0.071491
0.280598
0.401271
0.537665
0.580707
0.582031
0.602952
0.602777
0.613366
0.620725
0.605937
0.581352
0.637339
0.720673
0.790215
0.875236
0.924821
0.965119
1.022859
1.079917
1.080196
1.057842
1.037369
1.001077
0.983173
0.965879
0.931432
0.891920
0.868743
0.848327
0.821826
0.795760
0.755794
0.709474
0.664154
0.614809
0.581371
0.552922
0.519628
0.488296
0.449622
0.408230
0.369146
0.328992
0.276157
0.217669
0.158639
0.095388
0.034901
-0.026444
-0.092284
-0.160146
-0.168682
-0.153398
-0.142801
-0.116755
-0.108353
-0.100716
-0.076361
-0.047121
-0.042466
-0.044211
-0.039706
-0.038143
-0.020980
0.002104
0.021519
0.043799
0.035673
0.015563
-0.000299
-0.023189
-0.037115
-0.050071
-0.070656
-0.093082
-0.098611
-0.098621
-0.101327
-0.100805
-0.108414
-0.118255
-0.124425
-0.130941
-0.137343
-0.143470
-0.149930
-0.156391
-0.162097
-0.167518
-0.172974
-0.178232
-0.184923
-0.192134
-0.199078
-0.206305
-0.213008
-0.219592
-0.226489
-0.233407
-0.237816
-0.241201
-0.244719
-0.247548
-0.251100
-0.254651
-0.257459
-0.260027
-0.263504
-0.267177
-0.270557
-0.274000
-0.276771
-0.279256
-0.281833
-0.284243
-0.220500
-0.128539
-0.039260
0.069107
0.161559
0.255901
0.370666
0.493321
0.591325
0.684701
0.787470
0.889456
1.011003
1.141501
1.270420
1.404933
1.322474
1.150147
0.992954
0.777112
0.618676
0.458784
0.235826
-0.008570
-0.161836
-0.293051
-0.450887
-0.600069
-0.810540
-1.045852
-1.269773
-1.506979
-1.385775
-1.117087
-0.877514
-0.543263
-0.304996
-0.066285
0.274339
0.648371
0.595451
0.387311
0.232972
-0.016423
-0.100109
-0.152135
-0.309276
-0.478761
-0.410714
-0.258514
-0.130167
0.052617
0.134486
0.196399
0.318827
0.446966
0.489707
0.505194
0.530757
0.538793
0.591162
0.655247
0.699358
0.745155
0.608480
0.392840
0.186654
-0.071836
-0.290511
-0.515756
-0.796784
-1.100411
-1.049379
-0.863936
-0.717621
-0.487415
-0.381302
-0.292822
-0.112460
0.085595
0.246385
0.409340
0.592947
0.782409
1.025263
1.295767
1.570194
1.864901
1.708801
1.370803
1.073266
0.659970
0.376264
0.097737
-0.305886
-0.746589
