0.381002
0.253298
-0.269296
0.058490
-0.176922
-0.302096
-0.055742
0.201419
0.277202
-0.101664
-0.140365
0.510318
0.328188
0.554592
-0.033826
-0.205948
0.064187
0.526909
1.387658
-0.281044
0.164372
0.092538
2.212911
0.403778
0.384261
0.246325
-1.147019
1.140269
-0.353771
-0.657667
0.994362
0.071281
0.038661
0.388077
0.253631
-0.246377
-0.411480
0.293143
-1.115661
-0.521957
-0.226989
-0.188089
0.083299
0.056080
-1.809872
1.097147
-0.030516
-0.718567
0.107458
0.118172
0.138600
-0.257376
1.133675
0.125590
0.136601
-0.301424
-0.853067
-0.687259
0.128228
0.466678
-0.334928
0.095345
0.477536
-0.166374
-0.118257
0.142325
0.122075
-0.438858
-0.248139
0.163293
0.048161
0.634439
-0.786949
-0.026384
0.951311
-0.357524
0.141303
-0.256074
0.090319
0.372310
-0.230285
-0.195598
0.136829
0.290367
0.362451
-0.248837
-0.608332
-0.208292
-0.123146
0.212183
0.038869
0.691252
0.552885
0.767841
-0.376533
0.136076
0.087059
0.046784
0.158605
0.085752
-0.349364
0.054779
-0.204865
0.037534
-0.828596
-0.188104
0.159627
-0.200242
0.763122
0.047706
1.100728
-0.068736
0.150163
-0.115440
0.436382
0.421207
0.045759
-0.012132
0.245165
0.085001
0.089923
-0.091468
0.823778
-0.295983
-0.076531
-0.108224
0.385910
0.031408
-0.209375
-0.598003
-0.112597
0.105373
-0.119241
-0.451059
-0.033519
0.047305
0.159331
0.176414
-0.123290
-0.410059
-0.311661
-0.229873
0.654227
0.949179
0.209197
-0.286691
-0.572544
-1.497854
-0.260374
0.505958
0.444734
0.378085
0.281842
-0.107008
0.524163
0.792173
-1.543604
0.052684
-0.113545
0.226799
0.370254
-0.467356
0.506319
0.096213
0.531090
0.115560
0.066042
0.280067
0.228621
0.546761
0.312799
-0.238919
0.751542
-0.301584
-0.075312
-1.106496
0.251516
0.053416
-0.232637
-0.505763
1.361327
0.315382
-0.214059
-0.006374
-0.292287
0.110581
0.533763
1.709471
-0.246271
-0.445497
-0.157524
0.474531
0.240597
2.386927
-1.147018
0.103627
-0.072957
-0.503559
-0.469832
0.804829
1.351434
-0.630055
0.050315
0.293731
0.441686
-0.303096
-0.125523
0.626509
0.006117
-0.017501
-0.192600
0.148050
-0.676829
0.005557
0.590308
-0.349989
-0.025565
0.504287
-0.458166
0.323373
-0.540691
0.511176
0.261593
-0.108477
0.915402
0.424669
-0.300844
0.009898
-0.265779
0.305703
-0.149504
0.080435
0.398628
-0.215128
0.006895
-0.230937
-0.100287
-0.483217
-0.853711
-0.280755
0.015789
0.069774
0.198252
0.189750
-0.162943
0.206233
-0.223134
-0.638688
0.643744
0.471549
0.088930
0.315979
-2.080808
0.077937
0.614921
0.047687
0.194424
1.390054
-0.936932
0.608711
0.012971
-0.238908
-0.399697
-0.108502
0.269650
0.081425
-0.064633
0.351078
-0.197364
1.515587
-1.036118
0.812612
0.450607
-0.144851
1.176909
-0.364821
-0.221036
-0.049373
0.162236
0.019647
-0.118453
-0.145859
-0.099247
0.033248
-0.000623
-0.298406
0.125522
0.397647
-0.204591
0.012085
-0.810209
-0.391852
-0.111116
1.022817
0.045214
0.364159
-0.560760
-0.027677
-0.415301
0.133444
0.408052
-0.223795
-0.100358
0.313939
0.026425
-0.543885
0.500898
-0.291816
0.403722
0.091825
0.432877
0.016421
-0.043893
0.478229
0.767968
0.052192
0.201715
0.055533
-0.217132
1.186254
-0.157828
0.366840
-0.186042
0.064682
0.019951
-0.172283
0.512957
0.063558
0.167721
-1.059188
0.338968
-0.143620
-0.181656
-0.412863
0.609966
-0.243546
0.114074
0.054161
0.252607
0.060292
-0.156950
0.190764
0.130567
0.275298
0.240821
0.195881
0.210999
0.573574
0.256854
-0.040829
0.321413
0.500439
-0.137752
0.716900
0.333004
0.277225
0.623251
-0.228576
0.516660
0.527126
0.672073
0.403162
-1.152651
0.325055
-0.698008
0.179975
1.070410
0.585547
0.064178
0.922838
0.389630
1.115934
0.406688
0.407335
0.493694
0.285473
1.808765
0.704001
1.083631
0.958197
0.804317
-0.100792
0.888992
1.682933
0.990777
1.403350
2.151228
0.985616
2.715001
3.054775
2.498086
3.644746
3.720323
4.626703
4.379549
5.600205
5.535511
7.220427
8.109327
8.574735
10.122467
11.728393
14.317970
15.659024
18.654992
21.627758
26.877600
30.655789
37.239659
38.888719
31.998172
26.631848
22.623703
19.813374
16.052678
14.293440
12.048563
10.786769
9.329764
7.417100
7.816543
5.735331
4.556620
4.175888
3.291548
4.522583
3.213166
3.321237
2.874481
2.996005
2.531186
2.415708
1.426326
1.964506
1.561547
1.311946
1.500744
1.183115
1.338158
1.012543
1.103706
0.970909
0.992988
0.740612
0.427372
-0.204048
0.681329
1.611291
0.688061
0.838153
0.559272
0.651910
0.944674
0.340424
0.458452
0.069783
1.032101
0.695115
0.577334
0.201325
0.764901
0.172182
0.877242
0.937369
0.672230
0.552320
0.993310
-0.205551
0.340389
-0.249345
0.246065
0.009034
0.863965
0.420937
0.288614
0.546828
-0.186677
-0.504524
0.684362
0.480010
0.988421
0.686012
0.455749
0.167532
0.650720
0.802563
0.767479
0.326358
1.094672
1.964015
0.424234
0.404225
0.813117
1.103186
0.517500
1.551669
0.942634
0.659569
1.108984
1.787874
1.717827
1.232783
1.963626
1.253192
1.890168
1.036318
2.154534
1.730557
2.464878
2.692596
2.978239
2.626076
5.377280
3.838414
4.382930
3.913685
5.184523
6.272117
7.196360
7.932900
8.722614
9.224423
12.096787
13.708196
15.028769
17.313837
21.072586
23.714476
28.233794
34.860250
39.885849
48.150165
48.025874
39.400999
33.503061
27.800545
24.064496
19.616261
18.285929
15.258222
13.124165
11.786070
9.803960
9.970706
7.930296
6.821150
7.071449
5.627789
5.588338
5.029924
4.279313
4.005515
3.427487
3.039166
2.768944
3.167977
1.911714
2.377256
2.171029
1.406634
2.044345
2.223641
1.655717
2.374915
1.241519
1.557956
1.842807
0.912374
1.182886
1.401926
2.515097
0.890726
1.357282
1.875876
1.532774
2.577115
1.350326
1.487026
0.822952
0.658339
1.507934
1.649360
1.140599
2.617624
1.925690
2.054744
1.889069
2.059577
1.733504
2.149940
2.988270
2.377241
3.011199
3.315992
3.160470
4.027202
3.425007
4.087828
4.743856
5.105009
6.115791
6.231759
8.583801
7.132271
8.609286
9.881990
11.200795
12.106604
14.856068
15.954808
19.309923
20.940034
25.246984
30.464665
28.835283
24.292218
20.269857
18.453895
15.698174
14.426689
12.438259
10.990315
9.320175
8.449534
7.372025
6.826297
7.646734
5.918269
4.887989
4.345233
4.098023
3.761879
3.939104
3.062502
3.035058
2.559252
3.002060
1.953007
2.273419
1.896613
3.123898
1.990032
1.559019
1.488020
1.733494
1.224163
1.142617
1.051311
0.299683
0.988236
0.837038
0.934400
0.311378
0.618984
1.471771
1.026313
0.462392
0.806733
0.222640
0.611816
0.602954
0.405567
0.360300
0.495331
0.738134
0.368079
-0.178517
0.560301
0.470923
0.272996
-0.137173
0.523013
1.173697
0.129706
0.693303
-0.775888
0.464132
0.154626
-0.088762
0.360545
0.247015
-0.066792
0.863801
1.785358
0.155869
-0.252559
0.259278
0.947625
0.680711
-0.296141
0.163952
-0.004696
0.084092
1.139284
0.282931
0.158012
0.383827
-0.323914
-0.975373
-0.457453
0.121772
0.002064
0.107181
0.170768
0.008888
0.472715
0.473084
0.134229
-0.375105
0.319599
0.265039
-0.130121
0.019672
0.242950
-0.204964
-0.233837
0.482624
0.108914
0.385260
0.170750
-0.136040
0.225964
-1.527179
-0.054312
0.116360
0.107781
-0.027049
0.767823
0.057157
-0.554076
1.339917
-0.147777
0.009152
-0.091513
0.530363
1.315680
0.320953
0.039761
-0.015960
0.135348
-0.582377
0.527545
-0.040874
-0.495558
-0.040834
-0.475788
0.223360
-0.971157
0.381579
-0.034998
-1.097114
0.311170
0.008803
-0.081518
0.113967
0.167900
0.369968
0.708079
-0.681163
-0.104151
0.062148
-1.840046
0.057906
0.119543
-0.039933
0.426914
-0.216445
0.382933
-0.013936
-0.231785
0.207727
0.115393
0.091499
0.030033
0.480780
-0.082247
0.313002
-0.038959
0.490646
0.291534
1.590127
-0.170325
-0.032831
-0.095271
0.183440
-0.251563
0.309748
0.176790
-0.835120
0.297483
0.008344
0.029561
0.279787
0.188758
0.872333
0.051774
0.117068
-0.445255
-0.068776
0.165163
0.456695
-0.217547
-0.153140
0.184817
0.451006
0.451788
0.239160
0.054845
-0.386603
0.212994
-0.062592
0.114467
0.297562
0.147818
0.446869
0.199771
1.874864
0.213958
0.787392
0.423705
0.057278
1.651771
0.113233
1.551189
0.410796
0.526180
0.174040
0.281180
0.271063
0.225427
-0.020449
0.143451
0.264066
0.687605
0.292959
0.216756
-0.137723
0.549461
-0.000827
0.844773
0.104629
0.857485
-0.588372
0.031061
0.316832
1.186399
0.126198
-0.221065
0.477492
0.734739
0.341083
0.339593
0.588024
1.029919
1.338785
0.831685
0.427699
0.270880
0.305715
0.187428
0.404747
-0.266346
0.599352
1.185996
0.412103
0.367425
1.167322
0.691702
0.813718
0.884182
1.652603
1.333639
0.799750
1.622440
1.032285
0.959731
1.931378
0.871570
1.216311
1.385574
1.217879
0.864134
1.388338
1.944552
1.345966
1.192533
1.395722
1.539602
1.765054
2.453670
1.791192
1.077107
1.840294
1.627739
1.518206
2.451634
1.569061
2.661961
2.552255
2.730040
2.630894
3.045498
2.493090
2.572858
3.252606
3.562013
3.895533
3.873122
3.743166
5.169269
4.499237
4.960678
5.255742
5.545970
5.763205
7.309440
6.566388
7.203236
7.627191
8.750030
8.519189
8.008689
13.798378
11.002867
11.016239
12.339619
12.959635
13.434959
14.535232
15.748524
16.512568
18.402848
19.412134
20.486636
22.845396
24.755498
27.127226
29.708868
31.913786
35.540733
38.694527
42.540918
39.353821
35.439353
32.963048
30.016191
26.585139
25.776532
23.159588
22.002054
19.641570
18.885808
17.441613
13.650247
15.789142
15.022811
13.162727
12.472240
11.979264
11.507868
10.325006
10.118783
9.846957
9.396647
8.704916
8.717528
8.509555
9.286009
8.305956
7.216906
7.038239
7.082266
5.925640
5.984710
6.762018
5.889303
5.679640
6.408631
5.340983
5.654492
4.587373
5.860380
6.366624
6.141387
5.990386
6.182812
6.501275
4.880686
6.183564
6.775676
7.467359
6.543552
7.613756
7.407535
7.679657
8.144552
8.786912
7.198204
9.127251
9.346918
9.851755
11.081763
11.460003
11.927878
12.292450
13.288116
13.324458
15.056941
16.176061
17.256577
21.143296
19.161607
21.019667
22.840269
23.736994
26.417455
29.784927
30.860986
34.485437
36.765812
40.452166
43.996696
48.122718
53.148811
48.301950
43.732026
40.935367
37.084590
33.614509
30.458296
28.415278
26.782682
23.981706
22.255139
20.136841
19.598510
18.424569
16.850069
15.591902
15.182630
13.467363
12.776662
11.174750
11.007319
12.706071
9.926633
9.232532
7.854202
8.650352
6.548054
7.844043
6.357985
6.355505
6.100591
6.287475
5.316425
4.292669
5.217504
4.947710
5.958343
4.214622
4.505099
3.603777
2.584664
2.786411
3.688360
3.773861
2.790055
2.877795
2.710320
2.545333
2.543652
2.640522
2.803095
2.050529
2.105648
1.992168
2.008565
1.686037
1.842557
1.785783
1.498282
1.440685
1.242543
1.417486
1.551166
1.188276
1.303425
1.751417
1.019331
0.985440
1.420641
1.185540
1.292776
0.814747
1.140252
1.683629
0.820377
1.311809
0.428610
0.303979
0.367709
0.423511
2.341573
0.785630
0.720919
1.307825
0.497667
0.113800
0.263375
-0.048939
-0.393120
0.193320
0.243450
0.210230
0.806293
0.830288
0.606366
0.137942
0.423141
0.290872
0.277751
0.592871
-0.573727
0.762116
-0.084336
0.773852
0.390411
-0.164206
0.656813
0.216158
0.592051
-0.088729
0.114440
0.461168
0.009145
-1.287067
0.536126
0.199510
0.768052
0.709500
-1.132415
1.037299
-0.662871
0.280074
1.090674
-0.100086
-0.199870
0.043360
0.676064
1.575357
0.336136
0.365005
-0.071791
-0.600036
-0.185880
0.295649
0.502826
0.106363
0.224172
0.404087
0.577349
1.571040
-0.236971
1.417723
0.394073
0.374136
0.691575
0.302276
-0.369706
0.202842
-0.044422
0.451543
0.271025
0.924339
0.316352
0.833606
0.967119
0.575265
0.145844
0.250541
0.345498
-0.696281
-0.481212
0.198277
0.874059
0.491157
0.203910
0.207331
-0.251611
0.770537
0.353570
0.139734
0.511881
0.111357
0.182756
1.274944
0.307240
0.212510
0.075972
-1.010141
0.196300
0.076681
0.467597
0.443145
-0.281158
0.301491
-0.849121
-0.027240
0.039367
0.360736
-0.189791
-0.021523
0.203068
0.334655
0.208895
0.117410
-0.003184
-0.570053
-0.401042
0.611540
0.189264
-0.244535
-0.226026
-0.005896
-0.124331
-0.032696
0.273399
-0.026710
-0.002947
-0.074173
0.143737
1.252344
0.467941
0.744904
0.360520
-0.074812
0.159901
-0.043371
0.047971
0.657773
-0.386757
0.503411
0.198717
0.589116
0.345840
-0.110437
0.525800
0.829271
0.255878
0.181178
-0.061098
-0.210102
0.464877
0.310343
-0.050650
0.547234
0.160212
-0.226785
0.684414
0.540466
0.147008
-0.259783
-0.197184
0.192913
-0.211941
0.254608
0.479967
0.200965
-0.446589
1.092631
-0.109239
0.281465
0.339828
0.009420
0.157996
0.200554
0.557009
1.336853
0.726110
0.755770
-0.669337
-1.058878
0.172486
0.561988
-0.138146
-0.056912
0.240396
0.311499
1.275083
0.191493
0.294523
0.218554
1.073316
0.306564
0.166778
0.403988
0.037675
0.190731
0.147103
0.533768
0.112301
0.161420
0.595826
0.181249
0.345748
1.416572
-0.160284
0.241910
0.125780
0.057064
0.662960
0.244279
-0.537368
0.187697
-1.291722
0.230472
0.460431
1.297649
0.370978
0.475844
-0.040087
0.554040
-0.608605
-0.145881
0.339378
0.574803
0.395928
-0.161032
-0.117054
1.062210
0.412142
0.807112
-0.213796
0.405963
0.463888
-0.489891
0.572930
0.170293
0.640103
-0.786872
0.340835
0.486640
0.135386
0.317570
0.323436
0.132176
1.664841
0.327163
0.395708
0.734058
0.497802
-0.125777
-0.240640
0.666222
0.516549
0.485537
-0.164305
0.355077
-0.417252
0.671781
0.347674
0.004167
0.302251
0.999152
0.549637
0.367884
0.828022
0.678104
0.523575
0.515018
0.572763
0.504056
-0.046664
2.309838
0.712162
-0.576908
0.327344
0.349607
0.437670
0.787060
1.266930
0.686763
0.794379
0.529922
1.414388
-0.358730
0.109125
-0.124472
0.263894
0.441258
1.522051
1.042262
0.698939
0.737939
1.406667
0.587141
0.760551
-0.229237
0.473948
-0.170556
0.474480
0.401264
0.353301
0.769408
0.221252
0.914277
0.812833
0.327064
0.506018
1.114990
0.740835
-0.071786
0.956869
0.757796
0.700105
0.395680
0.443372
0.606586
1.000303
0.145035
0.846646
0.888382
0.528413
0.795873
-0.313662
1.087140
0.735045
0.779261
0.583657
2.648176
0.752152
0.960893
1.057988
0.358417
1.087964
1.067886
1.052290
0.978868
0.645494
0.895122
0.661674
0.953733
2.321748
1.881251
1.261312
0.751996
0.888908
1.109251
1.059763
2.537983
0.809360
0.073243
0.826633
3.126897
1.109062
1.170871
1.307543
0.833360
1.243210
-0.077011
1.402433
0.777677
1.234369
1.402608
1.168759
1.090647
1.153646
1.412653
1.332256
1.953214
1.514567
1.663169
0.209845
1.693645
0.822635
1.406051
1.754695
1.663232
1.870591
1.646169
1.411450
2.139925
0.358810
1.815527
1.980082
1.785899
2.247285
1.866237
1.754960
1.731501
1.680521
1.382708
2.272053
2.396001
3.243187
1.123930
0.317588
2.114172
2.186464
2.514550
2.165584
2.181605
2.675740
1.643842
2.661169
3.273200
2.505300
2.271223
3.078694
1.783866
2.426172
2.584348
2.327191
2.941582
3.450153
3.201114
2.089201
2.030248
2.205324
3.377336
4.293855
3.654469
3.277348
2.938300
2.844283
3.831783
2.904112
3.176722
3.496145
3.809098
3.831425
4.591200
3.584002
3.610481
3.888208
4.411921
4.375005
4.342716
4.014737
3.098507
4.957861
4.315450
4.294125
4.328737
4.574236
4.860812
4.849686
5.055857
5.907121
5.162394
4.307138
6.469088
4.775796
6.203301
5.677313
5.679210
5.234226
6.301091
6.323908
6.568291
6.479546
6.555495
7.079607
6.374361
6.981293
7.096947
7.412110
7.026724
6.748467
7.978412
7.359972
8.144101
6.866893
7.483910
8.251355
8.054933
9.176742
9.114198
9.134312
9.950356
8.932557
9.456419
9.159281
10.344077
10.347687
10.842775
11.243710
11.159504
11.956875
11.189651
12.689150
12.919718
13.148148
12.780358
13.642636
13.955420
14.157933
14.133220
15.051255
14.678429
15.716673
15.800242
16.738688
16.902635
17.170958
17.799650
17.658520
19.109756
19.352153
19.832157
19.687429
19.807456
21.403918
21.977317
22.827627
23.636329
24.134719
24.469392
25.675894
26.030571
26.636619
27.625293
27.833543
28.892170
30.210190
31.410096
31.230940
33.335572
33.703343
34.934195
36.287719
37.260564
38.391365
39.501044
40.956399
42.802498
43.932108
42.845205
41.674673
40.886138
39.277592
39.008169
36.825611
35.656241
35.001180
33.575536
31.494820
32.161779
30.901620
29.803168
28.301535
28.030129
27.330951
26.210066
25.253284
24.892943
23.845147
24.056586
24.137023
23.143923
21.642009
21.406180
22.244400
20.492453
19.406790
19.828621
18.689423
18.232398
17.908992
17.092152
16.925661
15.304062
15.795461
15.514986
15.349559
14.609297
15.634685
13.934345
13.506924
13.201107
12.063769
12.666852
12.714026
12.841044
10.131233
11.552464
10.950381
11.253130
10.933719
10.583988
10.506928
9.918498
10.007905
9.924136
9.483581
9.601451
8.445773
9.558072
8.871679
8.698662
9.474616
8.479815
8.706424
6.894974
7.555641
7.730658
7.448523
7.698589
7.202482
7.585292
6.887964
6.649126
6.714351
6.391153
7.011297
4.900846
5.772423
6.127384
6.197501
5.818341
6.317990
6.608249
5.244864
5.503598
5.712785
6.215081
5.190253
5.452607
5.085396
5.010478
5.005884
5.046156
4.848813
4.203169
4.374525
4.474249
5.383420
4.328520
5.019697
4.417439
4.534148
4.988829
4.010022
4.014556
3.904596
6.034148
4.353218
3.799915
3.551745
4.057834
4.156476
4.408745
3.817083
4.209213
3.207844
4.121483
4.907216
4.104737
3.690880
4.466769
3.836033
3.667851
3.848311
3.769995
4.773098
4.288892
5.823160
4.853898
3.912627
3.822114
4.349420
5.388103
4.892906
5.365083
5.354800
6.711114
5.601693
5.447736
5.877980
6.168026
6.445721
6.690402
7.025933
6.927380
8.017864
7.737535
8.767928
9.784358
9.697010
10.574800
10.829839
11.404224
11.195678
12.482795
14.195864
15.069957
17.597571
17.558056
19.843190
21.206697
23.066881
21.849698
20.907993
18.201605
16.367161
15.380116
14.277133
13.370715
12.508962
11.189772
11.318224
9.927749
8.904527
8.690455
8.266268
7.012093
7.600871
7.647958
6.012675
6.099393
5.718396
4.315981
5.156911
5.081286
4.603766
4.550238
4.078390
4.059394
3.887585
3.912868
2.332385
2.375602
3.502572
3.011691
1.955861
2.506458
2.428737
2.409826
2.439190
1.272831
2.881335
2.210022
1.963331
2.012097
2.182408
1.902796
1.920340
2.007838
1.829391
1.765766
1.557143
2.251864
1.424492
1.719325
1.433219
0.788522
1.538653
0.912533
1.103894
1.402229
1.306051
1.032354
1.746309
2.082520
0.961211
2.397853
-0.751860
1.191469
1.011160
1.522836
1.476502
2.992298
0.983400
0.951900
1.000624
0.669456
1.037920
1.939053
0.839190
0.853946
2.134142
0.030478
0.950029
0.238119
0.792069
0.838067
1.305635
0.442722
0.804195
1.535865
0.906773
0.857640
0.026491
0.672299
0.905396
0.566041
-0.892213
0.354518
-1.118737
0.862946
1.562505
1.424435
1.533263
0.538408
0.235719
0.516607
0.087047
0.776498
1.185200
-0.797341
0.085132
0.028946
0.716541
0.321901
1.702137
0.639565
0.535169
0.177808
0.564325
0.114971
0.402953
0.760143
0.589941
0.984479
0.375437
0.104997
-0.599181
-0.525545
0.453809
0.397334
-0.055631
-1.141910
-0.781382
1.195068
0.551323
-0.437904
0.611495
0.396875
0.643826
0.356289
0.101247
0.385708
0.909513
1.313147
0.060282
0.306308
-0.154822
0.848808
0.839349
0.183958
-0.124626
0.528944
0.106389
1.055473
0.583227
0.215203
0.487867
0.451575
0.522613
0.585073
0.008465
0.542602
-0.137235
-0.317202
0.041883
0.588765
0.787866
0.163114
0.704366
0.354426
0.222231
0.158715
0.122851
0.099679
0.251987
0.360435
0.327504
-0.703518
0.232048
0.042138
0.224459
0.109312
0.368007
-0.475028
-0.804154
0.576757
0.563591
0.082804
1.628332
0.174889
0.722443
0.484252
0.415688
0.320497
-0.682327
0.422796
-0.372073
0.072155
0.037059
0.617499
1.459817
-0.018534
1.109722
0.142780
0.013817
-0.901941
-0.029989
0.489531
0.116484
0.379025
0.175484
-1.411071
-0.400929
-0.454473
0.086806
0.309636
0.194692
-0.048852
1.250680
-0.080414
-0.002640
0.228252
0.047898
-0.125065
-0.330333
-1.541237
-0.122964
-0.212832
-0.189672
-0.428540
-0.039760
-0.071875
0.070260
-0.482673
-0.084492
0.139287
0.439714
0.069606
-0.024973
0.115089
0.280108
0.582739
1.494103
0.237579
0.032537
0.419768
0.207617
0.294318
-0.249886
-0.777358
-0.242930
0.140210
-0.178770
0.351050
-0.107339
-0.430576
-0.245919
-0.545864
-0.471938
0.415732
1.004750
0.349502
0.144959
-0.601964
0.873559
0.028480
-0.140957
-0.439884
0.091752
0.258029
0.380869
0.364652
0.232757
-0.430042
0.110853
0.436982
-0.304933
1.093649
1.058557
0.000365
-0.987018
-0.732700
-0.495408
-0.260970
-0.320302
-0.282586
0.213391
-0.641103
0.694161
-0.437201
0.651785
-0.106418
-0.176774
0.092566
0.387304
0.923276
0.077603
0.083656
-0.209380
-0.103774
-0.069302
-0.666539
0.492434
0.137287
-0.025984
0.035716
0.344199
-0.196664
1.111264
-0.028340
0.656927
-0.508173
-0.086186
-0.723796
-0.336365
-0.068300
0.064557
-0.277071
0.002660
0.297217
0.137185
0.146917
0.206042
-0.487192
-0.143654
0.097907
0.096833
0.198049
0.300158
-0.149522
0.166052
-0.672731
0.270751
0.037063
-0.499072
-0.255992
-0.688342
-0.209113
0.529138
0.225559
0.491003
-0.073930
-0.695101
0.883623
0.753741
-0.056026
0.248424
-0.217588
0.072468
0.222393
0.043234
0.720587
-0.085303
-0.000637
-0.357055
0.152027
0.003217
-0.532183
-0.309602
-0.478759
0.248727
-0.090507
1.688240
0.276214
1.174353
-0.233605
0.626506
-0.637542
0.514885
0.661526
-0.846784
0.306639
0.142161
0.184623
0.449543
-0.773675
0.353575
0.087212
-2.439972
-0.223957
0.010180
-0.168228
0.113467
-0.429163
-0.102700
0.065030
-0.379490
0.332687
0.235222
-0.869443
0.361313
0.082122
-0.170180
-0.687590
1.296027
0.260541
0.120325
-0.225306
0.493299
-0.397640
0.032659
0.056666
-0.138990
0.399086
0.428456
-0.038321
0.967243
-0.047622
-0.494588
-0.172994
-0.740005
1.208894
-0.193123
-0.492144
-0.541449
-0.022386
0.309609
0.412650
0.286076
-0.013343
0.278799
0.092070
-0.677701
-0.019052
0.816663
0.003446
-0.144274
-0.051240
-0.553881
0.234264
0.312024
0.062139
-2.567791
-0.227059
0.103503
0.043537
0.209226
0.303881
0.309569
0.134456
1.451346
0.196230
0.059782
-0.322783
0.042932
0.307230
0.288882
0.754062
0.228229
-0.007157
-0.587699
-0.056487
-0.618982
0.091876
-0.055705
-0.221515
-0.526201
0.159899
-0.088075
0.116964
0.306725
-0.033406
-0.290587
0.866407
-0.124650
0.387745
-0.026459
-0.043365
-0.083882
0.235539
0.838339
-0.099681
0.099181
0.332490
0.191054
0.667314
-0.324307
0.057789
0.904931
-0.043273
-0.815777
-0.697243
0.298605
0.236100
-0.101994
-0.177957
-0.289696
0.489291
-1.022889
0.144247
0.174813
0.406023
0.336973
0.224176
0.149504
-0.582516
-0.577389
-0.811188
1.007731
0.016176
0.232305
0.493742
0.895785
0.488521
-0.258328
0.192995
-0.178233
-0.183591
0.032190
0.749084
-0.364357
-0.799511
0.100153
0.061663
0.436745
-0.078779
0.108158
0.098350
0.494452
0.323736
-1.110199
0.002667
0.324306
0.265810
0.168186
0.762606
0.162192
-0.153644
0.221028
0.580292
0.401386
-0.240387
1.674155
0.167042
-0.713716
-0.047764
0.502755
0.207545
-0.016770
0.364350
-0.078836
1.313869
0.104110
0.878086
-0.248875
-0.046817
0.325287
0.228545
0.083392
0.740445
-0.009134
-0.410924
0.710459
0.527601
-0.627481
0.866697
0.012937
-0.214388
0.281211
-0.015514
0.855195
-0.117121
-0.058412
-0.432110
0.241986
-0.676940
0.005681
0.241176
-0.013745
0.387351
-0.259285
-0.326565
-0.192415
-0.241593
-0.543877
-0.353885
0.522271
-0.006476
0.145207
0.070774
-0.102034
-1.257033
-0.260118
0.314140
0.296833
0.436410
0.136881
-1.001998
-0.001752
0.023372
-0.024451
0.059652
-0.906077
0.209159
-1.676834
0.906257
0.137212
0.127906
-0.428949
0.536799
-0.405245
-0.137289
0.263011
-1.132195
0.027007
-0.302954
0.169225
-0.791187
0.398956
0.096444
-0.868399
0.459885
-0.302004
0.319138
-0.263493
0.116463
0.775679
0.330139
-0.280843
0.114408
-0.024513
1.411827
-0.036760
1.026434
0.741883
-0.133573
-0.678175
0.368075
0.227310
0.015263
0.194162
0.296012
-0.436018
-0.544846
0.191056
0.199322
-0.019770
-0.616269
-0.119535
-0.564063
-0.863685
-0.032575
-0.029767
0.032405
0.087349
0.008573
0.017239
-0.007377
0.175819
0.239494
0.069747
-0.562545
0.482040
0.009197
-0.611712
0.006974
0.294358
-0.820800
0.471397
0.228420
0.071245
-0.206003
0.298736
-0.048269
-0.546222
1.465989
-0.172032
-0.076662
-0.151851
0.500686
0.245232
0.604986
-0.052089
-0.665099
-0.621301
-0.256984
-0.656320
0.388642
-0.283297
-0.152006
0.035418
0.278133
-0.374297
0.756652
0.434971
0.014410
-2.050456
0.433871
0.116637
-0.262429
-1.044449
0.457515
0.024893
0.131879
-0.331897
0.132310
-0.225310
0.168320
0.561446
0.090874
-0.107879
0.167069
0.220010
-0.142534
-0.104216
0.262160
0.241651
-0.533815
0.172674
-0.141771
-1.120663
0.395580
0.789411
0.449873
0.205039
-0.097691
-0.425178
0.517081
0.227549
0.616503
0.217566
0.130336
1.232711
0.849672
-0.288807
1.516757
1.105082
-0.344006
1.291092
0.306718
0.910681
0.831649
0.053117
0.105194
0.067486
-0.092096
0.809836
-0.295419
0.103861
-0.247604
0.211788
0.001757
0.491149
0.245154
0.375152
0.373200
0.415777
-0.333204
-0.212137
-0.371302
-0.654266
0.140354
0.120145
0.106389
0.164420
0.358972
0.535794
-0.414063
0.202997
0.325798
0.621012
0.043781
-0.073021
0.360631
-0.138691
0.449547
-0.086783
0.803973
0.165400
0.373116
0.665012
0.232268
1.740393
1.191659
0.649272
0.849652
0.567335
0.326019
-1.262098
0.805282
0.759112
0.027074
0.879549
0.916775
1.169694
0.930609
0.724560
1.070665
0.709263
0.890383
0.877294
0.633603
0.845808
0.337568
0.102807
-0.198071
1.222865
0.994663
1.112567
2.644596
1.478258
1.110130
0.701529
1.277913
1.271860
1.354112
1.308701
1.335555
1.877790
2.018864
1.912657
1.735550
2.091582
2.422266
2.178054
2.459373
2.032388
2.193615
2.918891
2.739704
3.010087
3.434246
3.329581
2.718314
3.263089
3.582362
4.719003
4.247070
4.176005
4.128318
5.164434
6.419758
5.440032
5.805222
5.982108
6.424378
7.029751
7.307822
7.847047
8.415794
9.511483
9.691342
10.168688
10.251305
11.695058
13.030700
13.267854
15.856259
15.269939
16.846666
18.381088
20.072573
21.521774
24.423711
25.781913
27.550779
29.537098
32.866336
35.912478
39.049185
43.619645
42.757624
39.487808
36.066392
33.072825
28.285555
26.643361
26.507965
22.824843
20.885439
19.151002
17.272069
16.860128
16.081192
14.153679
13.470206
11.556589
12.261324
10.609992
10.562427
9.521795
9.436184
8.144447
7.217866
7.174628
5.898843
5.284177
4.726520
5.168191
5.453970
4.723090
4.915189
4.499290
4.571495
3.741622
3.984959
3.406646
3.325290
4.790219
3.111445
3.322661
3.091999
2.925202
2.595739
3.328708
2.396791
1.223657
2.206765
1.946380
1.927874
1.949923
2.246359
2.023250
1.434473
1.629151
1.359567
1.313855
0.990486
1.395903
1.331128
1.647621
1.261903
1.015526
0.632634
1.090514
1.247921
0.620941
0.949614
0.910075
1.008690
1.185906
0.824082
0.705354
0.008813
-1.028754
0.758858
1.128029
1.747322
0.554468
0.400167
0.496183
0.990343
0.600757
0.690324
0.410098
0.928124
-0.250320
-0.211323
0.179282
0.667277
0.397414
0.182659
0.486321
0.316330
2.511913
1.088400
0.246660
0.449114
0.345732
0.223549
1.446314
-0.128760
-0.761267
1.099026
0.004138
0.763459
1.233848
0.376316
0.041676
1.225002
0.359309
-0.139458
-1.025621
0.252418
0.058791
0.271441
-0.033192
0.224857
-0.203498
-0.313137
-0.413170
0.642256
-0.024280
0.135107
0.001444
-0.283462
0.148871
0.294138
0.495297
0.040493
-0.374123
0.257092
-0.243986
0.377375
0.148198
0.029645
0.080225
-0.588707
-0.545021
0.953958
0.221661
0.778845
0.087348
0.185607
0.202459
0.901264
-0.688067
0.216656
0.358568
0.079359
-0.447181
0.382733
-0.199518
0.115863
-1.317992
-0.091200
-0.270513
0.224422
-0.052420
0.095994
0.507246
-0.041814
-0.089548
-0.860986
0.139536
-0.738826
0.486956
0.690644
0.073770
0.125103
0.594265
0.611923
-0.035659
-0.355966
0.070012
0.860126
-0.690129
-0.191212
0.449707
0.168652
0.104105
-0.012831
0.899637
-0.065588
0.672816
0.040305
0.325405
-0.321777
0.141351
-1.040509
-1.240292
2.351439
-0.008245
0.040289
-0.069366
0.326206
0.266560
-0.476291
-0.441304
-0.008218
0.218773
-0.382999
0.101267
0.630109
0.668696
0.293964
0.395895
0.076815
-0.358956
0.406860
0.014093
0.473591
0.120303
-0.600239
0.381921
-0.151628
0.166981
-0.165820
-0.463090
0.540330
0.146419
-0.315399
0.179962
0.210592
0.019172
-0.101630
-1.369516
-0.051098
-1.564354
-0.012468
-0.403001
0.132666
-0.108851
-0.453854
0.178693
-0.104952
-0.081873
1.014271
-0.263404
0.050673
-0.192514
0.931301
0.247999
-0.503714
0.060368
0.422059
-0.299954
0.298689
-0.046921
0.620855
0.456185
0.118542
0.490255
-0.557801
0.624138
-0.586435
-0.000750
-0.482365
-0.466417
1.018605
-0.382864
-0.057265
-0.330913
0.964226
0.125182
0.046575
0.202539
0.829458
0.196813
0.328291
0.059775
-0.880648
0.608142
0.217437
-0.283007
-0.477537
-0.390225
1.373271
0.352089
0.323814
-0.291978
-0.233424
-2.424100
-0.375555
0.235054
-0.119497
0.203762
0.017108
0.597178
-0.082301
-0.040214
0.006145
-0.624121
-0.572891
0.058565
0.685271
-0.386306
-0.024647
0.760773
0.338393
0.268013
1.313657
-0.070207
-1.817831
0.571716
0.110575
0.084180
-0.157386
0.109762
1.826339
-0.265699
-0.443222
-0.204320
1.207084
0.085829
-0.071898
-0.443271
-0.347184
0.109515
-0.099756
0.286249
-1.002732
0.423005
-0.047999
0.365761
0.120408
-0.446618
0.211096
0.186572
0.326096
-0.020383
0.328222
0.239042
-0.428422
-0.196032
0.273128
-0.437943
0.234764
-0.590006
0.228828
0.098342
0.645153
-0.082819
-0.586823
-0.076342
-0.291227
0.369684
0.282381
-0.024565
0.921235
0.124505
0.160515
-0.508830
-0.290429
-0.013033
0.177938
-0.030243
-0.362936
1.690278
0.204609
-0.686841
0.255213
0.329021
0.763117
0.237489
0.572069
-0.581370
-0.738937
0.091191
0.570123
-0.102506
0.452162
1.015046
-0.043938
0.487933
0.912767
0.122928
0.102816
-0.536140
0.473809
0.776796
0.353771
0.283754
-0.075212
-0.079576
-0.066267
0.209450
0.443101
0.396207
-0.408980
-0.136821
0.370223
0.180168
0.112118
0.239849
0.160811
0.143601
0.375267
0.201636
0.402349
-0.290128
0.819284
1.100528
1.422588
0.860462
0.125535
0.370915
0.932865
0.396510
0.867237
-0.885678
-0.452923
0.988770
0.092440
0.946021
1.046455
0.734072
0.280305
0.027996
-0.379751
0.987713
0.967963
1.695274
1.418292
1.273260
0.988894
1.446561
1.862375
1.991625
1.634440
1.630156
2.249064
2.983641
1.812322
3.364219
3.410637
4.336329
4.554887
4.875396
5.692571
6.199419
6.990029
8.161885
8.998567
11.493839
12.037787
14.128160
16.444276
19.536419
23.481625
26.492309
32.612791
27.585291
22.795163
19.358015
16.397632
13.403322
11.900002
10.161385
10.009835
7.848981
6.999963
6.447046
5.616716
5.165422
4.291022
3.806847
3.963050
3.266542
2.233349
3.109106
2.862121
2.684482
2.634417
2.302451
2.380540
2.513791
2.388122
2.185317
1.680551
2.333540
2.468114
1.857601
1.282648
2.132203
2.152088
1.915850
1.852611
2.322220
1.979955
2.810232
1.552624
2.431367
3.317829
2.782095
2.650726
2.910609
3.696915
3.873758
4.495380
3.633676
4.389980
4.301974
4.470501
4.590413
4.258550
5.560943
5.367007
5.946117
6.515920
6.442196
7.417053
7.760722
9.277110
9.882350
9.361578
10.549421
11.373710
12.609529
13.652191
14.570802
16.053419
16.858318
18.298929
21.186740
22.530827
25.616237
27.855624
30.284366
33.688573
38.283349
43.061807
47.687405
52.868990
46.930173
41.412993
36.793561
33.573061
30.556019
27.017842
25.073342
22.490302
20.203787
18.003106
16.728854
15.745963
14.055243
12.637067
11.320648
10.965575
9.757471
10.009894
8.743990
7.236074
6.847678
7.321635
6.787320
6.246991
5.791033
5.184161
5.020952
4.557460
4.382157
4.330326
4.005537
4.322076
3.342645
3.417933
2.942949
2.240443
2.859258
1.916535
2.504835
1.971526
2.281106
2.262283
1.601320
2.265851
0.953636
1.751081
1.767246
1.488242
1.268007
2.198374
0.344695
1.554863
1.139654
0.918231
1.428194
1.706663
1.601581
0.982292
1.528477
0.455679
1.341989
0.738662
1.335787
1.081772
0.979986
1.268949
0.876013
1.110992
0.657060
0.447374
0.387671
1.446701
0.782868
0.900517
2.599961
1.160558
0.906585
-0.015776
0.748195
0.886575
0.817603
0.917010
0.327827
1.055698
0.955414
2.007451
0.911823
1.153206
1.336902
1.296579
1.641054
1.277164
1.598641
1.560987
0.897242
0.406334
1.179835
2.052644
2.363482
2.856747
2.265954
3.434324
3.303405
3.345504
3.386386
3.599018
6.373394
5.935049
5.458300
6.874317
7.547776
8.192297
9.556419
10.974483
11.912283
14.459790
16.989571
19.406459
22.665266
26.678784
32.286310
39.864057
42.196054
35.342360
29.443365
24.503291
20.863325
17.408794
15.234682
13.529607
11.341664
11.024091
8.903440
7.838559
7.552106
6.315534
5.302219
4.438525
4.477447
3.754781
3.399997
3.263394
2.918072
3.188393
2.557478
1.908267
2.508662
1.828349
1.491834
2.216955
1.281658
0.509818
1.156338
0.990520
0.763935
0.334686
0.875570
0.623494
0.903094
0.515155
1.147935
1.304745
-0.306401
0.400044
1.126044
0.421016
0.541717
0.954497
0.353930
0.632923
0.925690
-0.096752
2.093267
0.520121
0.119942
0.030500
0.114066
0.546206
0.145760
-1.026029
0.196824
0.635508
0.663876
1.302846
0.940435
0.280163
0.221154
-0.200254
0.070842
-0.344085
0.091619
0.442889
0.788885
1.016728
0.176616
0.794197
0.826456
-0.003511
0.157914
-0.033008
-0.128416
0.044734
0.025559
-0.367248
0.551546
0.367330
-0.165564
-0.497134
-0.030215
-0.240597
0.066384
-0.038888
0.115299
0.114045
0.066050
-0.129167
0.166236
-0.380613
-0.298283
0.109853
0.148954
-0.779120
0.973166
-0.779356
1.189334
-0.287856
1.107860
0.049475
-0.385289
-0.395503
-0.587905
-0.171465
-0.510025
0.264478
0.785737
0.015303
-0.061277
-0.183907
0.485337
-0.018620
-0.181978
0.977675
0.167583
0.273782
-0.712368
0.232949
-0.199712
0.295866
1.218479
-0.293297
0.118304
0.016424
-0.661761
-0.232126
0.274101
0.481266
-0.065464
0.125032
-0.118589
-0.136235
0.319073
-0.112883
-0.457686
0.264930
-0.734106
-1.030885
-0.193352
0.068673
-0.597334
-0.670346
0.269985
-0.083667
-0.350008
-0.704238
-0.265530
0.270252
-0.028432
-0.339756
-0.214761
0.078484
0.035549
0.002846
0.218543
0.162016
0.657053
1.027952
0.042408
0.024661
0.194825
0.147789
-0.021923
-0.542141
-0.017531
-1.213709
-0.596888
0.826879
0.162074
0.593200
-0.481900
-0.676241
-0.289059
0.242184
-0.460049
0.760818
-0.188993
0.088213
0.218017
-0.350280
-0.282659
-1.369722
0.375022
0.206426
-1.015073
0.070853
-0.087579
0.040620
0.110945
0.142110
0.256752
0.550810
0.018665
0.306651
0.051931
-0.167716
0.160616
-0.013119
0.471230
0.229731
-0.383490
0.027968
-0.127663
1.177527
-0.450406
-0.019466
0.012162
-0.155002
0.282337
0.536274
0.135300
-0.017436
-0.039718
0.015238
-0.344190
0.457933
0.049897
-0.212274
0.207702
-0.846515
0.331615
0.934888
0.505919
0.151173
0.114902
-0.807129
0.057020
-0.519533
-0.017269
-0.679744
-0.174056
0.410649
-0.316766
-0.024481
-0.327582
0.110989
0.159373
0.850410
-0.724746
-0.459235
0.135803
0.911153
0.356513
0.001060
-0.437276
-0.273373
-1.093640
-0.157640
-0.202173
-0.841814
-0.031731
-1.190211
0.039073
-0.284269
-0.023819
-0.067817
0.138631
0.140029
0.870271
1.337100
-0.057255
-0.065152
-1.244143
-0.170641
0.179575
1.561079
-0.148561
0.789772
-0.041913
0.264621
0.152440
-0.038583
0.234970
0.002487
-0.484694
0.256193
1.102819
-0.662135
-0.100289
0.433513
-0.327153
0.036669
0.262124
0.168545
0.362604
0.147428
0.144754
0.155822
0.064534
0.697309
0.202848
-0.896021
0.763574
-0.017369
0.258790
0.958224
-0.041446
0.527305
0.098493
-0.741606
-0.020980
0.211297
-0.319769
-0.066002
-0.011571
0.098002
0.653768
0.106572
-0.152023
0.181393
-0.069030
-0.215874
0.347565
-0.195042
-0.164859
0.789764
0.022133
0.350269
-0.259680
-0.181962
-1.270519
0.043147
-0.106102
0.662812
-0.036777
-0.275897
-0.592163
-0.381363
0.015427
-0.127508
0.027869
-1.923113
-0.222869
0.103972
-0.191025
-0.451401
-0.817715
0.373622
0.274220
-1.019490
-0.157237
-0.030799
-0.353655
0.884989
-0.046921
0.159384
0.637491
-0.016817
0.902844
0.095123
0.197627
0.323418
-0.186819
0.371292
-0.442110
0.381185
0.586659
0.225022
-0.551828
-0.071347
0.413324
-0.625316
-0.557937
0.048898
-0.053960
-0.058366
0.216464
0.613257
0.234359
-0.480841
-0.012698
0.010903
-1.242011
-0.149931
-0.062713
1.103723
0.498038
-0.443482
-0.224802
-0.032103
0.029291
0.604991
-0.581656
0.029399
0.533982
-0.768734
-0.289620
-0.232921
0.649884
-0.363718
-0.506346
-0.272854
0.427427
0.907769
0.061525
-0.014122
-0.105694
0.110411
0.053359
-0.012794
-0.085149
0.072531
0.658257
-0.904033
-0.928801
-0.453652
-0.352897
-0.193827
-0.066858
-0.566948
-0.351493
0.374152
0.021196
0.548494
-0.323607
-0.142027
0.277904
0.713689
0.100416
-0.148792
-1.510316
0.460277
0.515701
0.296560
0.768278
-0.854984
0.811338
-0.423962
0.022767
0.014082
-1.214714
0.171485
0.133453
-0.385564
-0.039359
-0.316276
0.508342
-1.043731
-0.020371
-0.390000
0.105191
0.650484
0.495302
-1.359022
-0.127005
0.708636
-0.846383
0.069622
-1.081049
0.201679
1.140171
0.420415
-0.102958
-0.124575
-0.704449
-0.058680
-1.002483
0.243956
0.004197
-0.739613
-0.137351
0.063149
0.018979
0.044285
-0.082237
-0.088111
-0.761172
-0.253546
0.028968
0.156492
0.398163
-0.121959
-0.217287
0.079146
-0.046201
0.441808
0.419048
-0.187407
0.101667
0.044468
0.246331
-0.705338
0.850522
0.680983
-0.232873
0.245274
0.231708
-0.551725
-0.077091
0.226288
0.143608
-0.121627
-0.262894
1.207763
-0.156868
0.156025
-0.128177
-0.006152
-0.839020
-0.335253
0.177052
-0.010822
-0.184777
0.388076
-0.149821
0.027511
0.594898
-0.376114
-0.021766
-0.907852
-0.716590
0.069843
0.191443
0.186105
-0.346235
0.396211
0.058433
-0.171097
0.179660
0.554270
0.190552
0.192483
0.004190
0.492050
0.407323
0.278698
-0.701979
-0.111716
-0.155407
0.201962
-0.543818
1.059079
0.380611
-0.522882
0.524953
-0.517846
-0.140997
0.408229
0.489933
0.024133
-0.011590
0.020159
0.198595
-0.563156
-0.187660
-0.166176
-0.118314
-0.270156
0.722946
-0.147893
0.193834
-0.171769
-0.135601
-0.515178
-0.190887
0.482900
-0.007580
-0.598149
0.254457
-0.077372
0.135614
0.051701
0.186894
-0.224323
-0.609181
-0.100319
-0.040882
0.140801
-0.079927
0.033878
-1.122962
-0.463522
0.460390
0.012505
-0.002177
0.011854
0.106370
-0.006392
0.548122
0.189771
-0.930154
-0.598560
-0.302635
0.977061
-0.733778
0.284376
0.205988
0.575070
0.542376
0.037944
-0.034182
0.283938
-0.340137
-0.009524
-1.095403
0.058643
0.164080
0.091944
0.306933
0.289143
-0.019350
0.014525
-0.374136
0.249337
0.289177
0.685543
-0.366449
0.370790
0.273846
-0.102613
-0.195477
0.011415
-0.248846
-0.168627
-0.065925
0.230481
-0.209361
0.318507
0.660430
-0.467708
0.489285
0.281593
0.209656
-0.129906
-0.064981
0.197326
-0.145047
0.640476
0.210112
-0.012349
0.071797
-0.078036
0.419004
-0.736506
0.876472
0.014310
0.132232
0.731797
0.386905
0.096218
-0.411753
-0.112484
-0.046820
-0.142463
-0.298766
-0.115246
-0.948246
-0.412612
-0.581848
-0.018186
0.138083
-0.144402
0.211103
2.036821
0.006418
0.677505
0.109207
0.470289
0.215526
0.181550
-0.163667
-0.468247
0.556627
0.608479
0.176810
-0.029676
-0.177829
0.451771
-0.399835
-0.033427
1.277612
-0.348669
-0.252155
0.277796
0.095614
-0.477091
0.508799
0.019602
-0.417096
0.000336
-0.101912
0.232841
0.196747
0.099672
0.098954
0.247973
-0.243746
1.423976
-0.636613
-0.037441
-0.110776
-0.305921
0.349347
0.028885
0.614680
-0.873306
0.431489
1.286569
0.511781
-0.039240
-0.151546
-0.353040
-0.489943
-0.099317
0.077582
0.550241
-0.057874
0.460635
0.039937
0.804787
-0.321347
-0.317199
-0.476623
-0.804458
0.009601
0.366411
-0.115919
-0.436005
0.002127
1.545627
0.230679
0.073060
-0.174174
0.094284
-0.946538
-0.558025
0.288800
0.403104
0.163100
0.445937
0.142916
-0.216019
-0.192167
-0.187633
-0.300185
-0.552933
0.874421
0.164643
-0.552881
-0.277208
-0.190973
0.534158
-0.882801
-0.436265
0.546616
-0.125121
-0.171497
0.896418
-0.005167
-0.011318
0.424695
-0.270018
-0.413741
0.204491
-0.339327
0.694308
0.010836
-0.093445
0.309955
-0.794375
0.066167
-0.089063
-0.268582
-0.343347
0.134805
0.004245
-0.819862
0.471081
0.009757
0.176816
-0.205060
-0.277865
0.003004
