0.059547
0.059194
-0.034629
-0.168386
0.416369
1.278238
-2.084426
0.939506
0.056180
0.055838
0.055421
0.055014
0.054450
0.053817
0.053199
0.052538
0.052113
0.051770
0.051372
0.051015
0.050565
0.050089
0.049658
0.049224
0.048629
0.047969
0.047313
0.046611
0.045960
0.045308
0.044607
0.043891
0.043426
0.043055
0.042657
0.042318
0.041888
0.041445
0.041066
0.040699
0.040224
0.039715
0.039223
0.038711
0.038255
0.037817
0.037355
0.036897
0.036283
0.035601
0.034930
0.034216
0.033536
0.032852
0.032121
0.031372
0.030694
0.030033
0.029349
0.028671
0.027945
0.027198
0.026460
0.025710
0.025229
0.024858
0.024465
0.024141
0.023744
0.023346
0.023024
0.022725
0.022306
0.021855
0.021434
0.020998
0.020637
0.020304
0.019953
0.019615
0.019160
0.018658
0.018176
0.017667
0.017194
0.016726
0.016229
0.015727
0.015294
0.014886
0.014467
0.014064
0.013629
0.013187
0.012762
0.012336
0.011749
0.011095
0.010447
0.009755
0.009107
0.008457
0.007758
0.007042
0.006384
0.005738
0.005071
0.004407
0.003699
0.002970
0.002246
0.001511
0.000857
0.000234
-0.000405
-0.001028
-0.001681
-0.002341
-0.002983
-0.003624
-0.004317
-0.005029
-0.005737
-0.006459
-0.007162
-0.007862
-0.008577
-0.009294
-0.009127
-0.008585
-0.008085
-0.007334
-0.006804
-0.006256
-0.005438
-0.004520
-0.003938
-0.003423
-0.002787
-0.002168
-0.001292
-0.000302
0.000662
0.001696
0.002334
0.002833
0.003421
0.003940
0.004613
0.005327
0.005965
0.006605
0.007512
0.008526
0.009531
0.010611
0.011605
0.012598
0.013670
0.014768
0.015455
0.015988
0.016564
0.017043
0.017668
0.018315
0.018855
0.019376
0.020071
0.020820
0.021541
0.022293
0.022951
0.023582
0.024248
0.024908
0.025822
0.026845
0.027849
0.028924
0.029940
0.030963
0.032060
0.033187
0.034196
0.035178
-0.028036
-0.118592
0.284464
0.877940
-1.430778
0.648213
0.041656
0.041233
0.040875
0.040215
0.039832
0.039431
0.038707
0.037867
0.037467
0.037166
0.036722
0.036312
0.035588
0.034730
0.033919
0.033031
0.032614
0.032366
0.032020
0.031761
0.031329
0.030856
0.030479
0.030105
0.029421
0.028618
0.027831
0.026963
0.026202
0.025450
0.024608
0.023745
0.023449
0.023375
0.023253
0.023274
0.023110
0.022929
0.022904
0.022918
0.022702
0.022424
0.022196
0.021937
0.021818
0.021748
0.021639
0.021552
0.021138
0.020589
0.020077
0.019483
0.018977
0.018474
0.017883
0.017266
0.016815
0.016414
0.015977
0.015565
0.015061
0.014527
0.014022
0.013506
0.013971
0.014852
0.015679
0.016782
0.017645
0.018529
0.019709
0.020999
0.021893
0.022702
0.023645
0.024563
0.025770
0.027102
0.028396
0.029764
0.030724
0.031539
0.032448
0.033287
0.034282
0.035321
0.036280
0.037243
0.038486
0.039841
0.041188
0.042612
0.043948
0.045282
0.046701
0.048145
0.049069
0.049793
0.050566
0.051212
0.052033
0.052875
0.053578
0.054249
0.055138
0.056091
0.057001
0.057946
0.058766
0.059545
0.060365
0.061170
0.062281
0.063520
0.064731
0.066022
0.067237
0.068453
0.069756
0.071088
0.072272
0.073414
0.074595
0.075756
0.077008
0.078293
0.079555
0.080832
0.083714
0.087284
0.090801
0.094787
0.098391
0.102047
0.106206
0.110561
0.114342
0.118024
0.121939
0.125847
0.130230
0.134838
0.139419
0.144143
0.148168
0.151958
0.155928
0.159790
0.163949
0.168203
0.172335
0.176490
0.181147
0.186015
0.190885
0.195908
0.200795
0.205695
0.210761
0.215888
0.216877
0.216152
0.215671
0.214052
0.213544
0.213002
0.211237
0.209052
0.208490
0.208291
0.207579
0.206991
0.205247
0.203014
0.200955
0.198618
0.250283
0.324813
0.396730
0.483967
0.557900
0.633075
0.724663
0.822408
0.899311
0.971970
1.052030
1.131044
1.225855
1.327681
1.427802
1.532157
1.733653
1.978286
2.223100
2.498493
2.753797
3.014903
3.308530
3.616586
4.154949
4.801512
5.453340
6.182500
6.854156
7.538141
8.304698
9.106078
10.516227
12.210469
13.915166
15.821903
18.318093
21.160880
26.223442
32.455348
36.359169
40.055418
32.091126
27.388228
22.950722
18.919744
16.405778
14.755903
12.394674
10.296326
9.135185
8.420687
7.278860
6.263748
5.736860
5.431842
4.623634
3.756990
3.145593
2.562137
2.456704
2.594789
2.743215
3.060775
2.808931
2.395161
1.615646
0.544332
3.135220
0.793572
1.457879
1.477548
1.360932
1.202539
1.105516
1.000598
0.953540
0.933900
0.904080
0.888903
0.810565
0.711135
0.629506
0.538879
0.474279
0.418422
0.352270
0.288591
0.274542
0.281680
0.289156
0.311958
0.321948
0.333703
0.361880
0.396514
0.389916
0.370539
0.359754
0.342272
0.345818
0.356082
0.358575
0.363135
0.389861
0.426165
0.463593
0.508334
0.547301
0.587358
0.635244
0.686359
0.700685
0.701698
0.707704
0.705700
0.718018
0.733206
0.739525
0.744931
0.767607
0.796263
0.823160
0.853940
0.876999
0.898405
0.924150
0.950148
1.041237
1.160601
1.277455
1.413384
1.535075
1.659381
1.804026
1.957043
2.074217
2.182216
2.300589
2.415281
2.552677
2.699106
2.840828
2.987186
3.457470
4.067256
4.667837
5.364174
5.984898
6.617346
7.352105
8.127885
9.148072
10.302310
11.489286
12.778891
14.993918
17.654270
20.381219
23.443182
28.484740
34.532654
40.768079
47.764499
45.842759
40.502835
33.030264
28.458281
23.899866
20.480652
17.508921
15.262873
12.943368
10.980055
9.774671
9.050922
7.841156
6.730548
6.145492
5.779060
5.096101
4.436562
4.021159
3.687093
3.260627
2.858812
2.547118
2.275538
2.176522
2.179271
2.216821
2.335140
2.126269
1.819715
1.611154
1.363867
1.282421
1.263770
1.198658
1.160765
1.129957
1.109998
1.117540
1.142618
1.177580
1.227877
1.296119
1.380229
1.391108
1.380164
1.388946
1.388140
1.425437
1.476542
1.516237
1.561582
1.655909
1.772519
1.892775
2.030211
2.157643
2.289256
2.439113
2.597633
2.847998
3.143434
3.444023
3.777650
4.102657
4.440023
4.812003
5.203590
5.853937
6.627239
7.409956
8.281697
9.197481
10.174721
11.242292
12.381761
14.304923
16.604802
18.946036
21.564385
25.474930
30.069540
28.247474
24.152520
21.767386
18.365211
16.115728
14.061166
12.281653
10.832573
9.582570
8.601243
7.552910
6.623051
5.975790
5.497195
4.945940
4.472732
4.179502
3.991732
3.550540
3.069994
2.710974
2.358387
2.220763
2.190489
2.158571
2.199022
2.024566
1.792406
1.644413
1.482436
1.440175
1.451213
1.443281
1.464931
1.298212
1.063196
1.351527
1.810590
-0.544578
1.452194
0.777469
0.707408
0.643799
0.583406
0.528273
0.477569
0.424475
0.372996
0.326246
0.282012
0.248715
0.221752
0.196959
0.177215
0.158613
0.143093
0.132767
0.126218
0.117090
0.109184
0.105339
0.103522
0.107450
0.115201
0.124837
0.137674
0.156358
0.179231
0.205181
0.235022
0.267026
0.302099
0.341131
0.383516
0.370477
0.335846
0.307106
0.264885
0.240453
0.217897
0.180665
0.139953
0.124610
0.116877
0.104330
0.095987
0.073790
0.047158
0.025438
0.002261
0.000616
0.007970
0.012929
0.023364
0.028690
0.034154
0.045490
0.058849
0.060635
0.059068
0.060139
0.059536
0.065413
0.073542
0.079679
0.086710
0.087193
0.085098
0.084195
0.081897
0.081428
0.081210
0.079480
0.077416
0.079710
0.083541
0.086829
0.091067
0.093479
0.095503
0.098585
0.101741
0.101699
0.100444
0.099412
0.097568
0.096889
0.096348
0.094919
0.093299
0.092764
0.092507
0.091999
0.091631
0.090552
0.089209
0.088039
0.086743
0.087684
0.089536
0.091162
0.093357
0.094943
0.096513
0.098695
0.101065
0.102352
0.103331
0.104556
0.105627
0.107323
0.109239
0.110970
0.112792
0.113967
0.114890
0.115933
0.116841
0.117935
0.119058
0.120033
0.120979
0.122356
0.123886
0.125367
0.126944
0.128344
0.129708
0.131180
0.132662
0.134343
0.136126
0.137912
0.139767
0.141616
0.143495
0.145447
0.147443
0.149355
0.151261
0.153216
0.155181
0.157229
0.159323
0.161423
0.163556
0.166400
0.169562
0.172727
0.176119
0.179371
0.182669
0.186208
0.189856
0.193287
0.196702
0.200241
0.203803
0.207593
0.211504
0.215429
0.219441
0.223172
0.226826
0.230583
0.234317
0.238205
0.242159
0.246084
0.250044
0.254246
0.258564
0.262907
0.267341
0.271741
0.276171
0.280697
0.285274
0.295519
0.308210
0.320710
0.334876
0.347744
0.360821
0.375676
0.391248
0.404744
0.417881
0.431863
0.445818
0.461486
0.477961
0.494338
0.511234
0.525789
0.539580
0.554007
0.568099
0.583218
0.598683
0.613763
0.628949
0.645872
0.663542
0.681246
0.699498
0.717313
0.735203
0.753680
0.772395
0.796144
0.822209
0.848309
0.876041
0.902954
0.930287
0.959346
0.989250
1.017504
1.045636
1.074727
1.103993
1.134974
1.166870
1.198880
1.231550
1.262651
1.293405
1.324910
1.356406
1.388937
1.421984
1.454983
1.488312
1.523265
1.559058
1.595123
1.631869
1.668519
1.705475
1.743144
1.781249
1.916196
2.092630
2.265347
2.466176
2.644146
2.825170
3.036252
3.259134
3.446048
3.626369
3.820696
4.014083
4.236362
4.471976
4.705484
4.947405
5.294384
5.689784
6.089347
6.524496
6.941447
7.367773
7.831754
8.314224
8.804886
9.311686
9.837570
10.380004
10.949202
11.539566
12.146060
12.772169
13.898893
15.249528
16.599012
18.105943
19.584866
21.125531
22.830380
24.631056
26.914345
29.465276
32.095901
34.936960
38.402942
42.241880
40.292639
36.121488
33.323040
29.454548
27.384519
25.723650
23.561547
21.568346
20.034597
18.722419
17.392064
16.206458
15.254649
14.468226
13.568027
12.721675
12.053289
11.473813
10.798319
10.142478
9.584229
9.066547
8.709477
8.450091
8.226550
8.081044
7.753989
7.390050
7.115002
6.841269
6.695800
6.614936
6.530609
6.488664
6.321599
6.120789
5.969220
5.809541
5.719041
5.659390
5.588753
5.535222
5.597665
5.716308
5.847571
6.022822
6.182731
6.358061
6.579686
6.826613
7.111761
7.429932
7.773013
8.146215
8.547916
8.978495
9.439223
9.929331
10.435085
10.964456
11.523804
12.108632
12.726402
13.373303
14.045397
14.745350
15.878154
17.210858
18.553938
20.040943
21.456788
22.910900
24.517149
26.198529
28.636296
31.447221
34.304515
37.436500
40.745769
44.264107
48.059520
52.089572
48.950621
42.900573
40.131432
36.635007
34.016637
31.778475
28.775666
25.718649
23.749354
22.136513
20.414581
18.928450
17.585489
16.402393
15.456351
14.701249
13.603518
12.474578
11.559951
10.685608
10.145507
9.789195
9.461876
9.268412
8.675549
7.978540
7.437545
6.871837
6.537681
6.306990
6.041973
5.835354
5.423287
4.947535
4.540821
4.111882
3.777366
3.479922
3.155951
2.848063
2.719163
2.671151
2.631861
2.653138
2.638144
2.637022
2.700233
2.793477
2.639582
2.401416
2.205506
1.961917
1.825921
1.717837
1.556093
1.395989
1.362590
1.378190
1.389599
1.435602
1.436242
1.433346
1.468185
1.512620
1.449415
1.348902
1.263262
1.155071
1.093392
1.042511
0.966396
0.889531
0.860044
0.847694
0.832321
0.828711
0.805295
0.778643
0.764996
0.753269
0.730107
0.704356
0.681189
0.656698
0.640708
0.627989
0.613553
0.600818
0.592513
0.586708
0.582460
0.580516
0.578581
0.577895
0.579606
0.582921
0.563692
0.535877
0.510714
0.480270
0.457526
0.435865
0.408425
0.379849
0.361802
0.347091
0.330705
0.316283
0.296496
0.275169
0.256095
0.236689
0.229925
0.228622
0.226448
0.227803
0.226460
0.225530
0.228361
0.232700
0.231229
0.228392
0.227396
0.225927
0.228421
0.232575
0.236084
0.240516
0.238017
0.232933
0.229098
0.223849
0.220955
0.218532
0.214555
0.210386
0.210458
0.212080
0.213309
0.215546
0.216106
0.216383
0.217773
0.219325
0.224003
0.230204
0.236449
0.243756
0.250795
0.258223
0.266764
0.275931
0.283930
0.291842
0.300463
0.309221
0.319188
0.329809
0.340526
0.351718
0.349326
0.341386
0.334525
0.324085
0.317415
0.310787
0.300299
0.288588
0.282739
0.278401
0.272514
0.267297
0.228690
0.176024
0.125480
0.065714
0.245974
0.524267
0.782683
1.103997
0.042327
-1.580429
-0.548133
1.204505
0.764843
0.011065
0.118587
0.213248
0.178303
0.173386
0.167590
0.161768
0.162429
0.165742
0.168741
0.173537
0.176471
0.179422
0.184309
0.189832
0.193068
0.195836
0.199374
0.202778
0.207917
0.213814
0.219504
0.225644
0.228297
0.229657
0.231631
0.232891
0.235358
0.238068
0.239993
0.241825
0.245741
0.250417
0.254902
0.259882
0.264032
0.268041
0.272597
0.277232
0.279624
0.281157
0.282873
0.284027
0.285963
0.287988
0.289398
0.290672
0.292792
0.295144
0.297312
0.299601
0.301370
0.302955
0.304685
0.306335
0.309423
0.313101
0.316635
0.320537
0.324059
0.327577
0.331491
0.335531
0.338868
0.342008
0.345311
0.348517
0.352132
0.355892
0.359535
0.363239
0.363471
0.362241
0.361224
0.359245
0.358130
0.356956
0.354749
0.352168
0.351021
0.350199
0.348919
0.347747
0.345563
0.342951
0.340492
0.337790
0.336542
0.335813
0.334772
0.333996
0.332685
0.331237
0.330085
0.328936
0.326816
0.324316
0.321864
0.319152
0.316770
0.314411
0.311768
0.309051
0.308237
0.308168
0.307937
0.308188
0.307821
0.307401
0.307505
0.307741
0.307204
0.306456
0.305882
0.305201
0.304991
0.304949
0.304778
0.304680
0.303495
0.301868
0.300363
0.298587
0.297106
0.295636
0.293875
0.292026
0.290735
0.289610
0.288367
0.287211
0.285750
0.284187
0.282726
0.281228
0.284460
0.289699
0.294696
0.301032
0.306218
0.311515
0.318246
0.325517
0.330923
0.335940
0.341609
0.347176
0.354136
0.361709
0.369121
0.376900
0.382689
0.387785
0.393346
0.398569
0.404571
0.410795
0.416641
0.422511
0.429757
0.437560
0.445326
0.453484
0.461218
0.468951
0.477106
0.485397
0.491269
0.496220
0.501419
0.506035
0.511491
0.517058
0.521988
0.526788
0.532619
0.538760
0.544717
0.550850
0.556419
0.561810
0.567406
0.572946
0.579944
0.587557
0.595051
0.602937
0.610480
0.618048
0.626036
0.634177
0.641634
0.648916
0.656390
0.663791
0.671630
0.679641
0.687560
0.695567
0.703194
0.710690
0.718293
0.725841
0.733535
0.741276
0.748955
0.756644
0.764638
0.772761
0.780881
0.789092
0.797220
0.805356
0.813590
0.821860
0.830283
0.838799
0.847346
0.855966
0.864613
0.873309
0.882080
0.890908
0.899715
0.908548
0.917441
0.926371
0.935382
0.944452
0.953555
0.962709
0.972350
0.982226
0.992133
1.002215
1.012236
1.022317
1.032581
1.042945
1.053199
1.063472
1.073855
1.084281
1.094883
1.105592
1.116340
1.127174
1.137856
1.148518
1.159276
1.170048
1.180949
1.191922
1.202905
1.213941
1.225161
1.236485
1.247855
1.259313
1.270778
1.282293
1.293898
1.305565
1.330369
1.360802
1.390733
1.424480
1.455127
1.486190
1.588772
1.721651
1.331478
0.740518
3.198573
1.049692
1.723254
1.761744
1.799951
1.839302
1.873088
1.905013
1.938359
1.970848
2.005677
2.041251
2.075849
2.110627
2.149403
2.189862
2.230327
2.272008
2.312595
2.353287
2.395284
2.437769
2.474135
2.508263
2.543171
2.576715
2.612597
2.648916
2.683727
2.718351
2.755768
2.794126
2.832156
2.870784
2.908102
2.945108
2.982786
3.020465
3.062109
3.105511
3.148748
3.193159
3.236813
3.280677
3.325788
3.371447
3.415460
3.459163
3.503514
3.547821
3.593420
3.639616
3.685716
3.732192
3.809199
3.899364
3.988601
4.086841
4.178002
4.270272
4.372159
4.477909
4.572775
4.665838
4.763445
4.860988
4.967705
5.078777
5.189423
5.302901
5.403367
5.499578
5.599278
5.697090
5.800593
5.906003
6.009242
6.113052
6.226408
6.343863
6.461482
6.582103
6.700292
6.818870
6.940662
7.063745
7.161144
7.248560
7.904136
8.794065
6.329192
8.924731
8.441796
8.665116
8.871550
9.075782
9.288173
9.501217
9.729768
9.966088
10.202478
10.444182
10.665639
10.880978
11.102691
11.322105
11.551449
11.784615
12.015025
12.247104
12.495325
12.750904
13.007494
13.269672
13.528675
13.789053
14.055359
14.324497
14.742581
15.225997
15.705969
16.230861
16.724084
17.224517
17.772790
18.341444
18.857140
19.364920
19.896461
20.428795
21.007575
21.609006
22.209444
22.824991
23.463803
24.119489
24.789806
25.476719
26.171909
26.879946
27.604923
28.344005
29.208922
30.135786
31.071959
32.054447
33.051026
34.076289
35.148963
36.256743
37.443585
38.685540
39.960805
41.284440
42.650291
44.060298
43.280826
41.594899
41.008696
40.233804
38.455762
36.278909
35.437425
34.871026
33.826243
32.848218
31.921022
30.996082
30.134255
29.305721
28.383420
27.443506
26.542601
25.640112
24.927795
24.299784
23.662244
23.080293
22.462496
21.854487
21.305493
20.782400
20.212174
19.640280
19.097700
18.561821
18.079539
17.626308
17.177934
16.750917
16.369787
16.018706
15.687790
15.384396
15.091433
14.817941
14.572647
14.349581
13.995606
13.599331
13.231934
12.843140
12.515511
12.206939
11.873810
11.545639
11.296063
11.079652
10.864789
10.674449
10.462310
10.252550
10.069127
9.895719
9.644698
9.368134
9.105492
8.828585
8.587865
8.357331
8.110581
7.865537
7.659819
7.469917
7.279956
7.101545
6.910312
6.719030
6.540257
6.365426
6.250873
6.165141
6.080989
6.017398
5.946671
5.882709
5.840351
5.809601
5.759604
5.709143
5.671700
5.637540
5.625485
5.625753
5.628571
5.640588
5.548278
5.416158
5.298081
5.156275
5.049196
4.947261
4.819377
4.686541
4.607216
4.545593
4.476328
4.417774
4.333756
4.243115
4.164597
4.085437
4.059472
4.057124
4.051914
4.062187
4.062611
4.065797
4.085412
4.112269
4.115280
4.113278
4.119932
4.125393
4.148406
4.179245
4.208163
4.241789
4.266741
4.290004
4.318499
4.347512
4.382479
4.420777
4.459394
4.500338
4.552547
4.610673
4.670725
4.735562
4.799953
4.866601
4.938238
5.013006
5.207545
5.455040
5.700655
5.982968
6.240687
6.504941
6.808228
7.128583
7.420681
7.712887
8.024289
8.340916
8.692226
9.062776
9.437392
9.826427
10.836734
12.118578
13.388594
14.846608
15.918688
16.913399
18.119267
19.337860
20.867736
22.558385
21.753791
19.995781
18.492222
16.385929
15.524757
14.937876
13.701461
12.449052
11.518480
10.648575
9.888685
9.238114
8.648157
8.146871
7.564241
6.994970
6.521476
6.086382
5.772727
5.538880
5.340308
5.207004
4.946400
4.665951
4.458834
4.260140
4.164369
4.124104
4.088704
4.092283
3.888188
3.614509
3.390173
3.132234
2.962802
2.820508
2.640006
2.465335
2.358820
2.279993
2.203960
2.149307
2.072091
1.995590
1.942216
1.896628
1.843412
1.793047
1.751256
1.713641
1.692176
1.680448
1.672416
1.672229
1.625196
1.562297
1.509570
1.448774
1.407836
1.372643
1.328323
1.284915
1.270915
1.268888
1.266465
1.272598
1.269705
1.266939
1.273416
1.282929
1.269823
1.249494
1.233358
1.213225
1.204222
1.198527
1.188248
1.178747
1.180541
1.187019
1.193780
1.204052
1.210936
1.218052
1.228952
1.241213
1.213607
1.170076
1.129702
1.078987
1.040361
1.002368
0.953174
0.900790
0.864756
0.832998
0.797145
0.763284
0.719079
0.670974
0.625344
0.577844
0.551358
0.533200
0.512219
0.496165
0.474001
0.451249
0.433837
0.417775
0.390226
0.358987
0.329683
0.298256
0.272496
0.248357
0.221792
0.195554
0.188131
0.188609
0.188596
0.194069
0.194556
0.195441
0.202216
0.211155
0.214080
0.216084
0.220634
0.225200
0.235037
0.247394
0.259560
0.273383
0.277454
0.278132
0.280945
0.282044
0.287009
0.293043
0.297152
0.301352
0.311933
0.325067
0.338005
0.352731
0.365417
0.378050
0.392623
0.407779
0.403780
0.392110
0.381886
0.366654
0.357202
0.348016
0.333408
0.317230
0.308769
0.302282
0.293793
0.286195
0.273613
0.259116
0.245739
0.231414
0.227231
0.227037
0.225434
0.226173
0.223899
0.221292
0.221229
0.221773
0.216716
0.209831
0.203836
0.196769
0.192400
0.188770
0.183922
0.179188
0.177769
0.177684
0.177564
0.178406
0.178184
0.177956
0.178769
0.179910
0.180262
0.180542
0.181203
0.181909
0.183429
0.185357
0.187299
0.189525
0.189469
0.188577
0.188077
0.187110
0.186967
0.186998
0.186513
0.185977
0.186753
0.188008
0.189150
0.190608
0.191544
0.192394
0.193593
0.194843
0.196026
0.197241
0.198516
0.199824
0.201304
0.202878
0.204480
0.206157
0.207865
0.209623
0.211458
0.213352
0.215316
0.217347
0.219437
0.221591
0.224074
0.226733
0.229445
0.232296
0.235145
0.238064
0.241128
0.244287
0.247410
0.250577
0.253844
0.257172
0.260640
0.264207
0.267831
0.271540
0.269057
0.263987
0.259272
0.252839
0.248006
0.243085
0.236321
0.228901
0.223939
0.219520
0.214301
0.209257
0.202444
0.194875
0.187557
0.179804
0.174826
0.170852
0.166310
0.162291
0.157265
0.151995
0.147306
0.142642
0.136178
0.129020
0.121972
0.114455
0.107574
0.100756
0.093426
0.085974
0.081591
0.078403
0.074952
0.072275
0.068585
0.064799
0.061856
0.059118
0.055146
0.050834
0.046796
0.042584
0.039119
0.035919
0.032510
0.029215
0.024124
0.018300
0.012670
0.006589
0.000988
-0.004599
-0.010673
-0.016896
-0.022212
-0.027262
-0.032510
-0.037623
-0.043243
-0.049036
-0.054668
-0.060367
-0.060537
-0.058369
-0.056507
-0.053094
-0.051035
-0.048858
-0.045020
-0.040563
-0.038333
-0.036585
-0.034087
-0.031732
-0.027753
-0.023071
-0.018600
-0.013718
-0.011147
-0.009388
-0.007105
-0.005225
-0.002462
0.000545
0.003101
0.005672
0.009823
0.014606
0.019333
0.024500
0.029163
0.033811
0.038936
0.044203
0.046544
0.047758
0.049248
0.050019
0.051777
0.053647
0.054731
0.055638
0.057767
0.060251
0.062493
0.064927
0.066660
0.068159
0.069886
0.071526
0.074888
0.078966
0.082881
0.087246
0.091179
0.095122
0.099547
0.104136
0.107885
0.111403
0.115131
0.118752
0.122877
0.127187
0.131367
0.135630
0.134927
0.132136
0.129646
0.125779
0.123157
0.120451
0.116270
0.111553
0.108874
0.106655
0.103783
0.101064
0.096901
0.092127
0.087569
0.082663
0.079861
0.077813
0.075317
0.073205
0.070322
0.067244
0.064594
0.061953
0.057913
0.053326
0.048813
0.043926
0.039518
0.035145
0.030366
0.025482
0.023275
0.022115
0.020727
0.020016
0.018435
0.016776
0.015854
0.015118
0.013295
0.011175
0.009299
0.007273
0.005907
0.004776
0.003464
0.002254
-0.000491
-0.003862
-0.007061
-0.010642
-0.013809
-0.016961
-0.020525
-0.024213
-0.027116
-0.029786
-0.032622
-0.035337
-0.038484
-0.041775
-0.044923
-0.048124
-0.049240
-0.049478
-0.049860
-0.049670
-0.049993
-0.050281
-0.049956
-0.049409
-0.049765
-0.050336
-0.050633
-0.051010
-0.050774
-0.050286
-0.049904
-0.049385
-0.049692
-0.050299
-0.050728
-0.051310
-0.051593
-0.051802
-0.052181
-0.052564
-0.052390
-0.052000
-0.051641
-0.051134
-0.050819
-0.050519
-0.050059
-0.049558
-0.050311
-0.051560
-0.052712
-0.054188
-0.055274
-0.056335
-0.057747
-0.059257
-0.060265
-0.061143
-0.062145
-0.063086
-0.064345
-0.065725
-0.067028
-0.068389
-0.069059
-0.069454
-0.069938
-0.070257
-0.070776
-0.071311
-0.071669
-0.071979
-0.072660
-0.073458
-0.074190
-0.074988
-0.075598
-0.076153
-0.076783
-0.077400
-0.076776
-0.075626
-0.074516
-0.073044
-0.071884
-0.070690
-0.069110
-0.067383
-0.066084
-0.064858
-0.063458
-0.062064
-0.060310
-0.058388
-0.056486
-0.054475
-0.053049
-0.051822
-0.050458
-0.049192
-0.047687
-0.046112
-0.044646
-0.043169
-0.041293
-0.039253
-0.037219
-0.035069
-0.033038
-0.031004
-0.028845
-0.026643
-0.024916
-0.023358
-0.021735
-0.020213
-0.018499
-0.016743
-0.015101
-0.013466
-0.011614
-0.009685
-0.007774
-0.005812
-0.003946
-0.002097
-0.000192
0.001719
0.003958
0.006347
0.008727
0.011208
0.013632
0.016078
0.018631
0.021234
0.023709
0.026163
0.028676
0.031191
0.033815
0.036494
0.039170
0.041882
0.043823
0.045452
0.047152
0.048654
0.050376
0.052107
0.053624
0.055077
0.056879
0.058777
0.060593
0.062455
0.064108
0.065686
0.067320
0.068921
0.070877
0.072975
0.075023
0.077154
0.079185
0.081206
0.083317
0.085452
0.087386
0.089255
0.091157
0.093022
0.094984
0.096974
0.098921
0.100874
0.103280
0.105877
0.108459
0.111172
0.113768
0.116373
0.119119
0.121917
0.124561
0.127180
0.129860
0.132538
0.135345
0.138211
0.141071
0.143969
0.146642
0.149236
0.151880
0.154485
0.157179
0.159897
0.162570
0.165246
0.168071
0.170955
0.173834
0.176755
0.179629
0.182501
0.185419
0.188350
0.189123
0.188989
0.188962
0.188327
0.188243
0.188118
0.187342
0.186328
0.186139
0.186121
0.185816
0.185556
0.184675
0.183522
0.182439
0.181194
0.180924
0.181001
0.180867
0.180909
0.180582
0.180158
0.179931
0.179702
0.178828
0.177699
0.176598
0.175322
0.174261
0.173212
0.171973
0.170680
0.170393
0.170488
0.170484
0.170723
0.170611
0.170454
0.170563
0.170727
0.170471
0.170090
0.169786
0.169412
0.169272
0.169206
0.169058
0.168935
0.168197
0.167201
0.166256
0.165147
0.164186
0.163216
0.162070
0.160860
0.159941
0.159096
0.158172
0.157281
0.156206
0.155060
0.153954
0.152813
0.151587
0.150313
0.149006
0.147653
0.146300
0.144921
0.143495
0.142037
0.140544
0.139017
0.137458
0.135865
0.134236
0.132573
0.130876
0.129145
0.127457
0.125768
0.058064
-0.037725
0.373383
0.980024
-1.394424
0.738078
0.113075
0.111113
0.109128
0.107108
0.105076
0.103020
0.100929
0.098809
0.096602
0.094340
0.092052
0.089720
0.087371
0.084992
0.082567
0.080105
0.077641
0.075153
0.072628
0.070076
0.067477
0.064841
0.062179
0.059484
0.056780
0.054055
0.051295
0.048509
0.045686
0.042832
0.039952
0.037043
0.034089
0.031100
0.028082
0.025031
0.021955
0.018849
0.015710
0.012540
0.025083
0.044293
0.062794
0.085781
0.104918
0.124445
0.148776
0.174927
0.195112
0.214121
0.235308
0.256239
0.281777
0.309386
0.336549
0.364980
0.386576
0.405810
0.426649
0.446340
0.468747
0.491942
0.513845
0.535855
0.562578
0.591220
0.619760
0.649654
0.678115
0.706591
0.736531
0.766948
0.816277
0.874032
0.931477
0.994742
1.054312
1.115003
1.181875
1.251512
1.314452
1.376493
1.441734
1.507205
1.578765
1.653363
1.727963
1.804633
1.867001
1.924254
1.984265
2.041539
2.104229
2.168232
2.229189
2.290040
2.359602
2.432498
2.504884
2.579537
2.651058
2.722256
2.795933
2.870180
3.068800
3.320870
3.568189
3.851703
4.106341
4.365150
4.662635
4.975473
5.241778
5.499574
5.775577
6.050412
6.362642
6.692164
7.019009
7.356778
7.932608
8.614568
9.297551
10.055912
10.766012
11.491008
12.296122
13.137196
14.301955
15.629777
16.981505
18.454092
19.973220
21.571319
23.292712
25.108501
27.422615
30.006055
32.666705
35.539185
39.323042
43.602130
42.340920
39.050904
36.144742
31.864524
29.678369
27.779977
25.325055
22.989920
20.993306
19.137934
17.700659
16.543319
15.516852
14.721523
13.588910
12.434956
11.535852
10.699470
9.916731
9.213195
8.574299
8.005704
7.559970
7.206302
6.920623
6.720026
6.301140
5.836441
5.469770
5.100225
4.884179
4.742480
4.591968
4.488800
4.237488
3.944393
3.706624
3.457130
3.285454
3.147253
2.993998
2.858265
2.679802
2.489774
2.319606
2.147945
1.998595
1.860141
1.719336
1.585000
1.498322
1.434705
1.375710
1.334536
1.287181
1.246038
1.223644
1.211484
1.226506
1.259875
1.302815
1.361304
1.428484
1.507662
1.602637
1.710877
1.599398
1.402319
1.228570
1.001367
0.844693
0.695451
0.488020
0.266780
0.263660
0.340717
0.393613
0.496897
0.516745
0.522145
0.583112
0.652115
0.629993
0.578748
0.540193
0.483741
0.473708
0.476382
0.458629
0.443055
0.426896
0.409347
0.393915
0.378671
0.359459
0.338871
0.318665
0.297557
0.284820
0.275262
0.264412
0.255389
0.243602
0.231358
0.221114
0.211213
0.212032
0.217783
0.223445
0.232516
0.239914
0.248188
0.260061
0.273701
0.283396
0.292621
0.303872
0.315347
0.330526
0.347600
0.364762
0.383242
0.371316
0.347079
0.325518
0.296107
0.275337
0.254848
0.225882
0.194355
0.176385
0.162087
0.144486
0.128636
0.104532
0.077388
0.052385
0.025995
0.013695
0.006966
-0.001790
-0.007304
-0.016896
-0.026919
-0.033427
-0.039073
-0.052746
-0.069059
-0.084105
-0.100699
-0.113476
-0.125221
-0.138722
-0.152083
-0.155088
-0.153808
-0.152843
-0.148906
-0.147878
-0.146730
-0.142382
-0.136926
-0.134746
-0.133103
-0.130145
-0.127224
-0.121501
-0.114463
-0.107576
-0.099839
-0.097818
-0.097847
-0.096751
-0.096744
-0.094597
-0.091930
-0.090473
-0.089060
-0.084096
-0.077771
-0.071654
-0.064612
-0.058837
-0.053191
-0.046533
-0.039639
-0.035527
-0.032381
-0.028863
-0.025933
-0.021802
-0.017396
-0.013648
-0.009925
-0.005004
0.000344
0.005611
0.011171
0.016219
0.021178
0.026461
0.031786
0.039241
0.047655
0.056023
0.065047
0.073692
0.082478
0.091960
0.101763
0.110757
0.119631
0.128878
0.138143
0.148116
0.158438
0.168750
0.179297
0.179184
0.174645
0.170808
0.164067
0.160128
0.156095
0.148940
0.140709
0.136875
0.134077
0.129951
0.126211
0.119452
0.111448
0.103963
0.095796
0.092384
0.090730
0.088170
0.086552
0.083295
0.079686
0.077116
0.074649
0.069177
0.062584
0.056236
0.049149
0.043202
0.037419
0.030823
0.024080
0.022941
0.024032
0.024721
0.026879
0.027292
0.027610
0.029518
0.031873
0.032063
0.031710
0.031926
0.031900
0.033300
0.035253
0.036899
0.038825
0.037612
0.035162
0.033135
0.030376
0.028548
0.026818
0.024293
0.021575
0.020558
0.020091
0.019343
0.018914
0.017650
0.016151
0.015015
0.013835
0.014384
0.015687
0.016873
0.018545
0.019865
0.021251
0.023156
0.025274
0.026586
0.027711
0.029096
0.030418
0.032293
0.034402
0.036425
0.038578
0.040231
0.041723
0.043372
0.044959
0.046764
0.048651
0.050465
0.052310
0.054574
0.057023
0.059484
0.062082
0.064586
0.067114
0.069787
0.072524
0.073978
0.074930
0.076004
0.076759
0.077930
0.079140
0.080004
0.080783
0.082115
0.083605
0.084982
0.086442
0.087584
0.088617
0.089751
0.090843
0.092643
0.094735
0.096754
0.098954
0.100973
0.102992
0.105205
0.107482
0.109402
0.111221
0.113123
0.114974
0.117030
0.119159
0.121228
0.123326
0.120874
0.116493
0.112340
0.106897
0.102568
0.098132
0.092316
0.085981
0.081424
0.077233
0.072417
0.067695
0.061637
0.054989
0.048490
0.041638
0.036726
0.032489
0.027804
0.023449
0.018336
0.013007
0.008050
0.003070
-0.003245
-0.010099
-0.016917
-0.024113
-0.030895
-0.037674
-0.044863
-0.052181
-0.043868
-0.029008
-0.014959
0.003469
0.017860
0.032501
0.051841
0.072870
0.087893
0.101649
0.117450
0.132891
0.152796
0.174647
0.195950
0.218404
0.233708
0.246450
0.260689
0.273606
0.289176
0.305415
0.320183
0.334920
0.354326
0.375548
0.396525
0.418743
0.439356
0.459841
0.481678
0.503861
0.534162
0.568223
0.602302
0.639010
0.674483
0.710663
0.749619
0.789956
0.827480
0.864748
0.903590
0.942683
0.984596
1.027993
1.071541
1.116149
1.299630
1.542714
1.780907
2.059655
2.305767
2.556479
2.850540
3.161746
3.589441
4.079327
4.582282
5.132277
5.655226
6.190094
6.774926
7.383739
8.745237
10.443529
12.134590
14.060101
16.333092
18.863035
22.959964
27.880846
32.599350
26.851004
22.197597
19.155303
16.240417
14.250674
12.098401
10.323998
8.881899
7.741059
6.975759
6.546612
5.837486
5.206521
4.938587
4.832102
4.270097
3.628368
3.176291
2.719316
2.634199
2.725094
2.796392
2.981209
2.782093
2.470736
2.293289
2.079567
2.059860
2.119887
2.135063
2.189064
2.140150
2.060889
2.025900
1.984629
1.991324
2.020173
2.040803
2.073397
2.144096
2.235744
2.338068
2.458787
2.579044
2.708856
2.857814
3.019347
3.187588
3.366604
3.558500
3.761636
3.980752
4.213297
4.456892
4.713173
5.140139
5.646847
6.159416
6.729921
7.274302
7.835338
8.457521
9.110759
9.905306
10.781007
11.683250
12.649779
13.629700
14.648256
15.732992
16.865411
18.601198
20.623067
22.668807
24.922657
27.760164
30.946068
34.452984
38.321557
42.927748
48.051262
53.088179
47.267642
41.669413
37.614060
33.539069
30.202275
27.269867
24.853373
22.459068
20.358789
18.457377
16.780717
15.336292
14.117063
13.095932
12.289212
8.878956
9.920883
8.696574
8.318652
8.027815
7.930690
7.275580
6.483047
5.915789
5.320902
5.069867
4.976047
4.840590
4.797501
4.452753
4.018526
3.692590
3.338858
3.132639
2.987628
2.808343
2.658779
2.534824
2.432065
2.358695
2.310473
2.273670
2.256622
2.265349
2.295510
2.163836
1.976075
1.817684
1.628371
1.506245
1.401326
1.261733
1.122565
1.073591
1.059523
1.041729
1.048258
1.022857
0.994874
0.993415
0.998652
0.978470
0.953418
0.936603
0.918320
0.920500
0.931571
0.940304
0.954376
0.938627
0.912443
0.893053
0.868506
0.855510
0.845731
0.830170
0.814880
0.819932
0.833154
0.845733
0.864022
0.875888
0.887629
0.905551
0.925365
0.991671
1.079300
1.166932
1.269480
1.364398
1.463058
1.577489
1.699576
1.805764
1.910445
2.023862
2.138606
2.269166
2.408003
2.547601
2.693076
2.956865
3.273830
3.591784
3.947606
4.280496
4.621478
5.002657
5.402304
6.252517
7.307355
8.362203
9.560655
10.959408
12.510684
14.201978
16.045535
18.756420
21.922530
26.934391
33.036779
37.845782
42.810936
34.694268
29.205093
25.020692
21.237521
18.126206
15.626948
13.273149
11.339202
10.037905
9.217949
7.787748
6.390443
5.522748
4.831196
4.367519
4.139425
4.088053
4.246404
3.724538
3.030234
2.583759
2.089901
2.011633
2.114236
2.151839
2.290549
2.050486
1.689753
1.449499
1.163852
1.045599
0.990057
0.881267
0.796933
0.705199
0.616138
0.552289
0.499636
0.455732
0.423467
0.402616
0.393002
0.356820
0.315807
0.287663
0.259918
0.252631
0.255599
0.258199
0.267615
0.302480
0.351327
0.406130
0.472714
0.539429
0.612351
0.697510
0.790799
0.762428
0.687396
0.626123
0.535955
0.486631
0.442602
0.367011
0.284797
0.258704
0.250044
0.231858
0.223730
0.186242
0.139967
0.105294
0.068332
0.059333
0.062388
0.061959
0.068658
0.069918
0.071836
0.081339
0.093802
0.089403
0.080021
0.074490
0.066476
0.067623
0.071912
0.073267
0.075817
0.073564
0.069516
0.066888
0.063515
0.061546
0.059975
0.057583
0.055177
0.057166
0.060932
0.064488
0.069252
0.072689
0.076106
0.080830
0.085959
0.084573
0.080743
0.077625
0.072975
0.070680
0.068745
0.065128
0.061213
0.060108
0.059881
0.059211
0.059061
0.057443
0.055397
0.053949
0.052400
0.054932
0.059216
0.063224
0.068367
0.072606
0.076964
0.082533
0.088578
0.092786
0.096564
0.100922
0.105131
0.110599
0.116594
0.122385
0.128470
0.127156
0.122810
0.119085
0.113420
0.109764
0.106119
0.100385
0.093979
0.090880
0.088653
0.085571
0.082884
0.078134
0.072600
0.067557
0.062138
0.059957
0.059031
0.057578
0.056832
0.055095
0.053211
0.052097
0.051137
0.048240
0.044673
0.041354
0.037622
0.034737
0.032046
0.028891
0.025721
0.026959
0.030016
0.032862
0.036938
0.039790
0.042675
0.046883
0.051541
0.054616
0.057367
0.060662
0.063870
0.068283
0.073226
0.078030
0.083152
0.086006
0.088029
0.090476
0.092475
0.095281
0.098264
0.100751
0.103196
0.107036
0.111397
0.115650
0.120250
0.124321
0.128319
0.132697
0.137146
0.136758
0.134386
0.132299
0.128891
0.126838
0.124772
0.121283
0.117327
0.115221
0.113534
0.111270
0.109154
0.105719
0.101732
0.097948
0.093853
0.092184
0.091423
0.090237
0.089552
0.088046
0.086382
0.085268
0.084227
0.081724
0.078692
0.075803
0.072572
0.069930
0.067393
0.064478
0.061514
0.060625
0.060555
0.060342
0.060672
0.060339
0.059962
0.060175
0.060548
0.060146
0.059552
0.059162
0.058687
0.058729
0.058972
0.059105
0.059342
0.058362
0.056900
0.055596
0.054005
0.052773
0.051576
0.050068
0.048481
0.047543
0.046811
0.045967
0.045242
0.044192
0.043047
0.042038
0.041007
0.040500
0.040221
0.039899
0.039720
0.039435
0.039167
0.039052
0.038999
0.038684
0.038302
0.037996
0.037665
0.037501
0.037405
0.037275
0.037180
0.036946
0.036667
0.036430
0.036174
0.035975
0.035795
0.035594
0.035399
0.035320
0.035291
0.035263
0.035272
0.035251
0.035236
0.035260
0.035299
0.034905
0.034337
0.033805
0.033161
0.032649
0.032144
0.031518
0.030857
0.030376
0.029943
0.029466
0.029012
0.028445
0.027836
0.027254
0.026654
0.026280
0.025997
0.025684
0.025425
0.025100
0.024770
0.024498
0.024241
0.023860
0.023440
0.023042
0.022621
0.022262
0.021920
0.021554
0.021191
0.020871
0.020569
0.020269
0.019982
0.019682
0.019381
0.019096
0.018816
0.018531
0.018249
0.017973
0.017699
0.017436
0.017179
0.016924
0.016675
0.016391
0.016094
0.015804
0.015507
0.015225
0.014946
0.014660
0.014374
0.014109
0.013853
0.013595
0.013343
0.013084
0.012825
0.012571
0.012320
0.012083
0.011855
0.011628
0.011406
0.011184
0.010965
0.010752
0.010543
0.010329
0.010116
0.009907
0.009699
0.009498
0.009301
0.009106
0.008913
0.008719
0.008527
0.008338
0.008151
0.007968
0.007787
0.007608
0.007432
0.007260
0.007092
0.006926
0.006763
0.006602
0.006444
0.006288
0.006136
0.006027
0.005938
0.005850
0.005776
0.005695
0.005619
0.005557
0.005503
0.005436
0.005369
0.005310
0.005253
0.005211
0.005177
0.005145
0.005119
0.005079
0.005035
0.004998
0.004960
0.004933
0.004911
0.004888
0.004868
0.004863
0.004865
0.004871
0.004882
0.004893
0.004907
0.004927
0.004951
0.004958
0.004960
0.004968
0.004973
0.004989
0.005008
0.005025
0.005043
0.005074
0.005109
0.005147
0.005188
0.005228
0.005269
0.005315
0.005363
0.005427
0.005498
0.005572
0.005652
0.005732
0.005815
0.005904
0.005998
0.006089
0.006181
0.006278
0.006377
0.006483
0.006593
0.006705
0.006822
0.006921
0.007016
0.007116
0.007213
0.007319
0.007427
0.007533
0.007640
0.007758
0.007882
0.008006
0.008135
0.008261
0.008387
0.008518
0.008651
0.008795
0.008945
-0.059228
-0.156467
0.271274
0.901537
-1.555297
0.655140
0.010065
0.010231
0.010401
0.010573
0.032943
0.064758
0.095619
0.132850
-0.004850
-0.214099
-0.409218
-0.650377
0.142023
1.354122
0.580338
-0.732314
-0.407043
0.152356
0.067533
-0.008252
0.014183
0.014430
0.014679
0.014932
0.015182
0.015432
0.015687
0.015943
0.016205
0.016469
0.016735
0.017005
0.017280
0.017560
0.017843
0.018129
0.018417
0.018707
0.019002
0.019299
0.019339
0.019272
0.019218
0.019094
0.019035
0.018973
0.018834
0.018668
0.018602
0.018559
0.018482
0.018412
0.018269
0.018094
0.017929
0.017746
0.017679
0.017653
0.017604
0.017577
0.017507
0.017427
0.017371
0.017316
0.017185
0.017025
0.016870
0.016694
0.016546
0.016399
0.016231
0.016058
0.016010
0.016010
0.015999
0.016020
0.015998
0.015973
0.015981
0.015998
0.015964
0.015915
0.015878
0.015833
0.015819
0.015814
0.015801
0.015793
0.015710
0.015597
0.015492
0.015368
0.015263
0.015159
0.015034
0.014903
0.014808
0.014724
0.014632
0.014545
0.014437
0.014321
0.014212
0.014099
0.014118
0.014192
0.014258
0.014359
0.014427
0.014498
0.014607
0.014730
0.014797
0.014851
0.014922
0.014988
0.015092
0.015213
0.015326
0.015449
0.015517
0.015566
0.015626
0.015676
0.015746
0.015820
0.015882
0.015945
0.016043
0.016155
0.016264
0.016383
0.016490
0.016595
0.016711
0.016829
0.016871
0.016883
0.016902
0.016900
0.016923
0.016947
0.016950
0.016947
0.016974
0.017009
0.017036
0.017068
0.017080
0.017085
0.017094
0.017100
0.017148
0.017213
0.017273
0.017342
0.017400
0.017456
0.017524
0.017594
0.017642
0.017682
0.017727
0.017768
0.017820
0.017876
0.017927
0.017979
0.018161
0.018398
0.018630
0.018900
0.019138
0.019380
0.019661
0.019958
0.020209
0.020451
0.020712
0.020971
0.021268
0.021583
0.021895
0.022219
0.022483
0.022727
0.022986
0.023234
0.023507
0.023787
0.024055
0.024326
0.024636
0.024964
0.025291
0.025629
0.025956
0.026283
0.026623
0.026968
0.027257
0.027528
0.027805
0.028070
0.028356
0.028647
0.028924
0.029199
0.029499
0.029808
0.030114
0.030425
0.030725
0.031022
0.031325
0.031628
0.031968
0.032324
0.032678
0.033043
0.033401
0.033761
0.034133
0.034510
0.034871
0.035231
0.035596
0.035961
0.036337
0.036720
0.037101
0.037486
0.037798
0.038080
0.038369
0.038639
0.038930
0.039222
0.039494
0.039760
0.040059
0.040367
0.040668
0.040973
0.041258
0.041536
0.041820
0.042100
0.042414
0.042741
0.043064
0.043394
0.043715
0.044035
0.044364
0.044695
0.045007
0.045313
0.045622
0.045928
0.046242
0.046560
0.046874
0.047188
0.047545
0.047922
0.048297
0.048685
0.049061
0.049439
0.049830
0.050226
0.050607
0.050986
0.051370
0.051755
0.052152
0.052555
0.052957
0.053363
0.053748
0.054124
0.054506
0.054884
0.055270
0.055659
0.056044
0.056429
0.056828
0.057233
0.057638
0.058047
0.058451
0.058855
0.059264
0.059674
