-0.385496
0.553420
-1.084001
0.301950
0.032964
-0.222105
0.448871
-0.456234
-0.203194
-0.363432
0.055674
0.531709
0.361327
0.430801
-0.137935
0.311466
-0.361977
-0.119286
-0.157028
-0.461282
-0.913833
0.907208
0.198514
-0.140124
-0.105166
0.702502
1.117780
-0.335148
-0.765001
0.163166
-0.028159
0.746394
0.122502
-0.219319
-0.505907
0.573875
-0.481969
0.073759
-0.824547
-0.109974
0.424891
0.288318
-0.454247
0.280826
-0.124581
-0.351557
0.939025
-0.827173
-0.057011
0.514581
0.439604
0.097893
0.950642
0.450782
-0.131271
-0.967102
0.596500
-0.583841
0.381762
-0.370000
-0.028813
0.233830
-0.070856
-0.248223
-0.483781
-0.225604
0.440958
-0.329322
-0.069991
0.134395
0.316475
-0.238542
0.369436
0.311207
0.220279
-0.250865
-0.899435
0.076361
-0.988913
-0.529381
-0.565442
0.404408
0.070624
0.879130
-0.036328
0.309850
0.442266
0.245903
-0.742362
-0.097878
0.673354
-1.076024
0.392323
0.257453
0.225875
-0.205966
0.322590
-0.072494
0.233603
-0.220996
0.496162
-0.314025
-0.056829
-0.129751
-0.117106
0.468300
0.884577
0.306656
-0.997548
-0.258063
0.015504
0.941447
0.437456
-0.174257
0.028509
-0.873541
-0.135893
-0.391998
0.131431
-0.801761
0.452883
-0.948278
0.108894
0.170021
-0.427327
0.737596
0.363620
0.079739
-0.020208
-0.970301
-0.093123
-0.169141
-0.544541
-0.260738
-0.895785
0.508591
-0.209652
0.182746
0.446022
0.339356
-0.069449
0.052315
-0.118746
-0.623583
0.467535
-0.334943
-0.099579
0.937028
-0.127251
0.602318
0.214095
0.870493
-0.327101
-0.475396
-0.549350
0.363847
-0.319207
0.154135
0.485226
0.728802
0.723519
-0.075120
1.039347
1.265098
-0.659649
-0.196786
-0.519686
-0.118967
-0.054684
-0.016187
0.374230
0.377055
0.145880
-0.060511
0.853639
-0.539512
-0.257542
0.348268
0.175959
0.100758
0.014760
-1.377810
0.694847
-0.505528
0.099829
-0.149928
-0.172102
-0.539322
0.183883
0.789818
-0.556657
0.108665
-0.001622
-0.228095
-0.139686
0.240373
0.197006
0.347230
-0.530125
-0.287667
-0.202498
-0.350935
-0.750459
-0.476664
0.116244
0.434351
0.482722
0.458130
-1.334841
-0.042861
-0.015261
-0.701320
-1.217879
0.081701
-0.471577
-0.445062
0.369661
-0.337582
-0.706255
-0.125188
0.164362
-0.005853
0.848103
0.744357
-0.019455
0.229997
-0.502925
-0.327922
0.242417
0.610248
-0.778280
-1.082370
0.205678
-0.026317
-0.033960
-0.496231
0.315951
0.273231
0.867211
0.195974
0.416519
-0.548188
-0.529065
0.958839
0.248999
0.146545
0.601098
-0.075186
0.462651
0.765484
0.246500
0.206370
0.371483
0.022513
-0.174156
0.424810
0.523610
0.120833
0.152547
0.799573
0.278841
0.256678
-0.317233
-0.379031
-0.291768
0.470479
-0.010147
-0.545527
0.506529
0.284774
-0.227692
0.420359
0.537632
0.602742
0.795383
0.522223
-0.881845
-0.157329
-0.125432
0.035149
0.283828
0.040054
-0.874768
-0.190587
-0.058801
0.013334
0.018443
0.443792
-0.981267
0.215007
-0.236621
-0.832415
0.533142
0.447534
0.174424
1.259409
-0.289101
0.095936
0.710206
0.805935
0.472242
-0.059363
0.369484
0.249968
-0.291948
-0.183749
-0.820520
0.341661
-0.215553
-0.492092
0.729326
0.128709
0.091879
1.221571
-0.667852
-0.395864
0.380786
0.372665
-0.316672
0.190427
-0.088278
0.878307
-0.206202
-0.100910
0.726357
1.318644
0.357830
-0.023007
-0.532822
-0.538930
-0.084239
-0.047251
0.222546
-0.448426
0.635102
0.564564
-0.138654
-0.370341
0.495041
0.779985
-0.489427
0.513459
0.356716
0.231773
-0.349518
0.183517
0.737887
0.971524
0.164833
0.756648
1.117544
0.170201
0.326811
0.222733
0.445588
0.508791
-0.741853
0.373548
-0.017062
0.933363
0.691436
0.635420
0.857827
0.677348
0.541983
0.332634
0.131640
1.198420
0.985053
1.225456
0.770270
0.586237
0.945328
0.897492
0.817403
0.633086
1.580618
1.372075
1.035804
1.251695
0.836371
1.026421
1.379858
1.430359
2.264819
2.364818
1.187830
2.335078
2.569001
1.907311
3.147030
3.824905
3.969288
3.651719
5.043298
5.361493
6.188778
7.287203
7.113956
9.060090
9.800051
11.140060
13.231600
16.349189
19.501412
21.415370
25.237853
31.304512
38.293586
39.071616
32.100953
27.474057
22.299452
19.727194
16.535563
14.061045
12.886251
11.003017
9.061236
7.174807
7.281962
6.615397
6.546405
4.856278
4.121845
4.171176
3.963581
3.119206
2.441941
3.681925
2.346839
2.721971
2.888756
1.663830
1.920024
2.282637
1.830592
0.994871
1.255104
1.069449
1.471354
1.527691
1.583492
0.852250
1.692487
0.796029
1.115788
-0.014329
-0.060849
0.663545
0.573023
0.178690
0.480820
-0.286292
0.688970
0.773922
0.340786
0.061026
0.102898
0.726758
1.448283
0.711975
0.316774
0.021831
1.001675
0.084269
1.029003
0.335303
-0.101022
0.908986
0.486943
-0.403787
0.870277
0.937690
0.615864
0.365101
0.446982
1.187581
0.573963
-0.844665
0.887742
0.380819
0.146942
0.614770
1.329987
0.409858
0.599818
0.669559
0.733662
0.895277
0.629838
0.968343
1.407741
0.713832
1.321706
1.043834
1.161887
1.531818
1.325584
1.264266
1.750679
1.126672
1.374348
2.052335
1.849684
2.468950
2.427783
2.620523
3.008911
2.545516
3.322212
3.477573
3.310460
5.031204
5.625722
6.243882
5.596529
6.405616
6.997602
8.117752
8.887384
10.257704
10.913634
13.381466
15.583736
17.789924
21.343256
23.864651
28.049549
33.848081
40.346464
47.497256
47.697350
40.119026
33.002655
27.892314
23.187199
20.512756
16.984246
14.713919
12.445687
11.555143
10.064418
8.776415
8.753418
6.801513
6.261134
5.186981
5.266092
4.779699
4.843426
4.815314
3.464595
3.757328
3.459423
2.719320
2.883371
2.056840
2.827343
1.505432
1.117810
1.280027
2.442421
2.237267
1.705246
1.429207
1.618191
1.494346
0.891952
1.811426
1.805304
1.174484
0.775517
1.387604
0.314359
1.364624
1.468274
1.005510
1.079555
1.610295
1.657601
1.404748
1.322657
1.639021
1.173642
2.031777
2.170295
2.055580
2.365593
2.398559
1.547645
2.712742
3.320255
3.201761
3.294355
3.519766
4.748686
4.433465
4.348935
5.458516
5.723731
5.878626
7.324816
8.646989
8.432941
9.648996
11.116522
12.737547
14.670991
15.850061
18.792903
22.147739
25.166004
29.331303
29.000575
24.069172
22.469727
18.758752
16.027585
14.099797
12.760257
10.028133
9.020793
8.135802
7.068934
7.001227
6.379029
5.609420
5.162440
4.252065
4.704354
3.266745
3.820560
1.965205
2.590243
2.372541
2.059507
3.341995
2.051085
2.237327
2.395094
1.832802
1.823775
1.298972
0.779873
0.277901
-0.022629
0.677549
2.259785
0.532933
1.277568
2.363451
0.424245
0.957189
0.931560
1.040913
0.793058
0.344063
0.723501
-0.132240
0.542714
1.205455
0.503383
-0.352717
0.418695
0.643973
-0.065898
0.579894
0.921088
-0.092564
0.619451
0.720268
0.611049
0.422082
0.198764
-0.479311
0.266436
-0.330967
0.108801
0.296692
0.311650
-0.579345
0.022094
0.693545
-0.068663
0.533401
0.255080
1.200346
0.248819
0.530922
0.498141
-0.137842
0.413087
0.207320
-0.072515
0.612525
0.110144
0.316346
0.683883
0.029671
0.647772
-0.033851
-0.305573
-0.081397
-0.276341
-1.007320
0.464923
0.375352
0.689488
0.278021
0.787453
-0.166592
-0.136395
-0.455574
0.572971
-0.186420
0.223449
-0.488384
0.562613
-0.512463
-0.203865
-0.596145
-0.008258
-0.431229
-0.845344
0.246729
-0.053611
-0.077283
-0.084460
0.348145
0.045088
0.122524
0.596503
0.445932
0.020343
-0.229332
-0.636141
-0.149605
-0.391991
0.898866
-0.487423
0.265739
0.443334
-0.046348
0.387471
-0.564313
-0.176987
0.024192
0.005752
0.158867
0.774355
-0.443081
-0.727556
-0.287594
-0.059266
-0.093977
0.338993
-0.109335
-0.149574
0.474962
-0.478322
-0.051108
0.044323
0.310739
-0.860642
-0.519013
0.265431
-0.251363
0.186974
-0.180360
0.250048
-0.524013
0.437652
-0.078527
-0.347589
-0.213549
0.078419
0.264163
0.251431
-0.160945
-0.236357
0.522299
-0.341620
0.130547
-0.178585
0.194590
-0.270558
-0.688251
0.120498
0.267733
0.370973
0.222017
-0.026462
-0.082780
0.146676
0.265578
0.067886
0.257058
-0.511580
0.437352
-0.162596
-0.194271
-0.161046
0.354136
0.118448
0.150490
0.168924
-0.225625
-0.364575
0.519356
1.105072
0.240937
0.315698
0.202757
0.095337
-0.010552
0.492525
-0.412624
0.863446
0.026688
-0.018775
-0.647469
0.718801
0.424841
0.428470
0.591010
0.203913
0.463314
0.358990
1.351905
0.426922
-0.378469
-0.090631
0.747877
1.296178
0.188892
0.007905
0.173319
0.088770
-0.144042
0.588186
0.589055
0.447832
0.080099
0.108938
0.621843
-0.221241
0.563339
1.392847
0.370426
0.854025
0.372099
1.506053
0.521463
0.614175
0.350960
1.367803
0.595495
0.463545
-0.621110
1.302543
1.052672
1.397260
1.129257
1.005724
0.812312
1.858153
0.980248
1.116756
0.991847
0.684736
1.607971
0.929264
0.725240
0.881758
0.493178
1.210957
1.652641
1.952414
0.953419
0.693800
0.982220
2.154764
0.076663
2.652147
1.015116
1.439781
2.547871
0.776831
2.593737
1.485282
2.239473
2.702079
1.435198
1.646394
2.313951
2.483271
2.947371
2.823741
3.297645
3.518579
2.813137
2.837180
3.565483
3.689276
3.425044
3.776098
4.008557
3.985076
3.935786
4.625093
4.271663
3.821054
5.317168
6.106888
6.825113
6.761954
7.385329
6.943062
8.544016
7.110597
9.064875
9.801827
10.495867
11.866177
11.837868
11.972070
12.956104
15.570627
15.765418
17.327225
16.764125
19.307093
21.091140
23.857705
26.132868
27.109902
29.125574
32.391276
35.329060
38.553790
42.714278
39.663735
35.839132
32.947374
30.446797
27.841576
25.249867
23.628311
22.218732
20.289014
18.599382
16.751980
16.497113
15.447180
14.939802
12.180566
13.052189
11.449251
10.149498
11.122159
9.578243
8.904447
9.553019
8.389556
8.294545
7.957943
7.219133
7.804315
7.322310
7.636827
6.480789
6.345323
6.412782
6.251975
5.734544
5.958684
5.710571
6.227568
6.213252
5.296037
6.761575
5.782905
6.268753
6.168615
5.857054
6.621761
6.743692
7.223362
6.067827
7.393118
6.940526
7.165787
6.966868
8.126840
8.061505
8.846496
8.833395
9.253780
9.591138
8.646763
10.616445
11.740263
12.130086
12.741660
12.964512
14.244173
14.840076
16.309343
16.941600
18.222350
19.910119
21.695813
22.147891
24.425460
25.996601
28.182307
32.055425
33.190710
36.980133
39.795373
43.480680
47.273913
53.050987
48.238660
44.453601
40.354694
36.883011
34.825755
30.054567
27.375368
26.589656
23.733290
22.233683
20.605722
18.598809
17.238194
16.380109
15.917961
14.750009
13.651514
12.587759
11.273363
11.191166
10.003311
9.368920
8.351395
8.876478
7.972759
7.353029
7.191357
6.757841
5.157444
6.810347
5.127968
5.689417
4.381046
4.641030
4.569906
4.268221
4.422971
4.077237
4.018924
3.804007
3.743068
3.022440
3.509602
2.801481
2.612968
3.839587
3.223790
2.661006
2.707994
2.466804
2.202376
2.324936
1.626294
2.277583
1.546397
1.977274
1.555711
2.490680
1.605671
2.656722
1.500549
0.850960
0.979567
2.062669
0.510882
1.251608
1.252538
1.171227
1.254233
1.261034
1.076358
1.888835
1.146867
1.340089
0.777713
1.449598
0.657980
0.154278
0.584521
0.578506
0.939218
1.042307
1.089999
0.228229
0.687975
0.882330
0.257383
0.685338
0.996526
0.356349
0.959978
0.513560
1.029609
0.045466
0.163204
1.016431
-0.457688
0.624317
-0.309573
0.717202
0.604274
0.266345
-0.221910
1.370669
0.197786
0.616531
-0.161211
0.593013
0.502139
0.023321
1.159549
1.264781
-0.644788
-0.274041
-0.106885
0.170770
1.323259
1.206726
-0.193626
0.826272
-0.217314
-0.182708
0.368596
1.112125
0.680894
0.652612
0.329537
-0.205409
0.114923
-0.396817
1.522128
-0.306529
0.219493
0.065858
-0.192017
0.480930
0.761863
1.339875
-0.213660
0.009167
0.401069
-0.387639
0.340110
0.290393
1.309804
-0.706547
-0.112094
0.559590
0.714576
0.043786
0.060264
0.683304
0.506552
0.370965
0.809626
0.255394
0.279839
0.600031
-0.442299
0.306242
0.168900
0.827868
0.738327
0.569612
1.125051
-0.233710
-0.260414
-0.057964
0.618885
-0.514209
0.762883
0.503052
0.023604
0.273784
1.081125
0.123691
0.605940
-0.402682
0.838999
0.598904
-1.257614
-0.013325
-0.071623
0.254260
-0.285918
-0.174168
0.502880
-0.623100
-0.207609
-0.164390
-0.048255
0.319508
-0.178247
0.358178
1.399015
0.631344
-0.832264
0.333840
0.541166
-0.299812
0.626340
0.323856
0.422460
0.491881
0.109206
-0.137105
-0.003718
1.273794
0.253817
0.555044
0.422089
0.273623
-0.065662
0.329969
0.146262
-0.152120
-0.474367
0.027150
0.716802
0.462256
-0.201346
0.425712
0.563061
-0.173836
0.137940
-0.734400
0.486477
0.451867
-0.478348
0.260228
0.553001
-0.059640
0.521200
0.348671
-0.597755
-0.782825
0.220292
0.511058
-1.000191
0.565815
-0.618146
0.698775
0.611969
0.214439
-0.370101
0.653338
-0.061915
-0.143460
-0.571711
-0.314499
0.341782
-0.243502
-0.307108
0.242588
0.790970
0.427614
-0.406681
0.230087
1.154301
-0.130361
0.196311
1.314420
0.891591
0.049781
-0.114832
0.088860
0.904881
0.300660
0.349403
0.060107
0.553225
1.256279
-0.144007
0.114684
0.286793
0.845906
0.216324
0.688145
-0.181203
0.555057
0.348174
-0.032136
1.188412
-0.235017
-0.525284
0.271575
-0.257294
0.086038
0.366016
0.608121
0.711194
-0.010142
1.033204
0.120027
0.256411
0.075127
0.267899
1.278765
0.158269
0.222741
0.407950
-0.220141
1.392961
0.863034
-0.082227
0.088202
-0.218944
0.692940
0.166152
0.826490
-0.290828
0.745254
0.224711
0.160638
0.676201
0.893979
0.487424
0.155300
-0.392560
0.221293
-0.617483
0.052458
1.701454
-0.256043
0.725795
-0.277685
0.865545
1.178105
0.107624
0.022068
0.615041
0.865681
0.527904
0.356605
0.521961
0.019980
0.278342
0.873474
0.666338
-0.221665
0.302861
1.214203
-0.370151
-0.243433
-0.306808
0.682786
0.060371
1.053584
-0.232607
0.277181
1.148227
1.115604
0.473510
0.465913
0.598454
1.271005
0.097081
-0.158906
0.158814
0.289938
0.945054
1.813667
-0.665274
0.938394
0.595032
0.303800
0.954991
1.744927
-0.216506
0.116226
0.856741
1.563830
1.086394
0.421865
0.134105
0.690346
0.489029
0.398563
0.338629
-0.057536
-0.049709
0.567051
0.940462
0.075369
1.793563
0.102203
0.541352
0.099427
1.610399
1.049964
1.029858
0.554991
0.707196
0.238382
1.202825
1.094040
0.819863
0.695442
1.211868
0.682616
1.141349
1.201298
1.126782
0.787122
0.463033
0.352022
1.737646
1.489028
1.220619
1.665534
0.329061
0.849325
1.043100
0.497642
0.497325
-0.175944
0.739650
0.471424
0.977066
1.208307
1.783052
1.582013
0.966637
1.060066
1.165599
0.463325
1.479538
0.393932
1.721825
1.980758
1.464582
0.744699
1.664520
1.549660
0.020583
0.992447
1.348383
1.420034
1.742438
0.741670
2.502077
1.874851
1.223898
1.606356
1.507690
0.759826
2.200027
0.945371
1.158157
1.017023
2.535406
1.649437
2.032681
1.424802
1.293877
1.266445
1.514540
1.442435
2.258847
1.714869
1.544027
2.793864
2.354975
2.024599
1.969675
2.115713
1.667090
1.124970
2.212815
1.611808
2.615326
2.039317
1.336779
2.121786
2.204462
2.793804
1.614784
1.947865
2.345195
3.233980
3.142487
2.282004
2.028191
3.038813
2.193817
2.069257
2.478488
1.777122
2.793846
1.368084
2.425785
2.283118
3.216070
4.069662
2.464467
3.085154
3.181535
3.739808
2.927263
4.062968
3.706004
3.325086
3.225609
2.316005
3.394014
3.802487
2.723921
3.066008
4.234977
4.015473
4.085823
3.846557
4.327010
4.419907
4.072714
5.101655
3.918524
4.758638
3.530398
5.394937
4.995590
4.762855
3.904120
4.171834
5.857170
5.663700
5.611362
4.768047
5.061340
5.556046
4.521851
5.512367
6.645837
5.558993
6.240944
6.037819
5.640064
6.229958
6.377213
6.646197
7.260227
6.583417
7.054595
6.847200
7.663592
7.995023
7.567030
8.055419
8.810660
7.949448
9.124818
8.859336
7.529163
8.047722
9.269765
9.636263
9.991076
10.179629
10.230973
10.248281
10.737578
11.015858
11.419134
10.570730
12.158865
10.684364
11.652521
12.338850
11.664229
12.848029
14.172377
14.266502
13.444946
14.177069
13.976227
14.567629
15.398533
15.893218
16.283568
16.819240
17.088541
16.915884
17.923284
18.629405
18.679704
19.233580
19.709988
19.817056
20.307181
21.715866
22.802663
22.831557
23.766955
23.512616
25.145809
25.034368
25.307644
28.034693
27.531708
28.166024
30.341118
30.293191
30.913307
32.085764
33.435725
33.661426
34.559065
35.619600
37.118541
38.143391
39.516845
40.706125
42.504692
43.511068
43.328164
41.986856
40.595997
39.107619
38.458282
37.197082
36.163095
35.306509
34.360253
33.335078
32.049818
31.296667
30.466123
28.798574
28.460390
27.259537
27.031848
26.308145
25.158030
24.163150
23.760489
23.835437
22.287954
21.958689
21.637703
20.452741
20.030736
19.547475
19.029444
18.721293
18.598057
18.591153
15.838781
16.330530
16.508759
17.144127
14.961751
15.977734
14.547736
15.050084
13.901542
13.822918
14.064284
13.261303
13.670775
12.424030
12.933480
11.895805
11.452361
11.840180
10.906514
10.557115
9.732160
10.777690
11.428153
9.945869
10.381413
10.741877
9.183529
9.213598
10.633336
9.545567
8.771739
8.711730
8.590056
8.962589
7.325489
7.873325
6.999887
6.355408
6.209348
6.904349
7.583493
6.873572
7.252013
7.127398
7.480558
6.796229
6.298238
5.965882
6.234157
4.892357
5.549438
6.293560
5.914199
6.320279
6.178637
5.578302
5.607895
5.095581
4.676935
4.606441
4.742949
4.974438
5.244099
4.784039
5.117704
4.837252
4.805158
4.924683
4.795843
5.325458
4.957607
4.426916
4.605454
4.503567
4.838776
4.534087
4.635121
4.047946
4.297351
4.352187
5.181837
3.196783
4.111428
3.961308
4.350549
3.926151
4.009646
4.198145
3.837918
3.771334
4.127616
3.451761
3.679499
4.450932
4.898089
4.149251
4.762665
3.431058
3.348592
4.750729
3.794984
4.988785
4.892313
4.550881
6.108733
4.930210
5.259791
5.169934
5.538276
5.659050
6.267415
5.627112
6.622795
6.813517
7.184164
6.993697
7.897770
8.307079
9.357904
9.428734
10.436608
10.902884
11.171523
11.835708
13.158371
13.838825
15.343884
16.936875
18.661730
19.547272
20.825688
22.710931
22.162063
19.169638
18.090614
15.823187
15.614507
15.120598
12.879582
11.959293
11.894448
10.491252
10.230008
8.669949
8.927879
8.445020
7.636389
7.270054
6.731961
6.843019
5.901171
5.331202
5.835518
5.889244
5.263948
3.797259
4.326100
3.959942
3.403213
3.866380
3.966292
2.942285
2.965463
2.976627
3.062130
3.246272
2.636073
1.534398
2.652970
1.601216
2.640098
2.637822
1.744098
3.074056
1.966044
1.552290
2.465710
1.844480
1.616790
2.135616
1.923668
1.184622
1.525469
1.234940
1.236119
1.260554
1.134705
1.062149
2.147815
1.384026
1.426099
0.611268
1.826184
0.837370
1.704473
1.538480
0.848985
0.878399
1.105713
0.589604
2.105887
0.566690
1.736211
0.594801
1.092085
0.635996
1.096538
-0.105945
0.275640
1.405548
0.646652
0.626627
0.288832
0.533630
1.252195
0.806113
1.208822
-0.478799
-0.542965
0.850163
1.255691
0.632153
0.517161
0.822654
0.252180
0.212221
0.949336
0.960714
0.767983
0.669991
0.211898
0.878078
0.089467
0.673213
0.791650
-0.369868
0.546169
1.514485
0.097869
0.280470
0.365755
0.266436
0.263267
0.356998
1.222842
0.166537
-0.370975
0.225219
-0.237649
0.564833
1.162733
-0.061675
0.511339
0.653060
0.648643
1.032727
-0.776763
0.793482
-0.483560
0.429303
0.476306
0.039783
-0.099063
0.316267
1.056982
0.235190
0.378819
-0.202250
0.716559
-0.002804
0.584941
0.731485
0.924639
0.225674
-0.912639
0.752956
0.463270
0.659845
0.892573
0.541411
0.560768
0.217492
0.933436
-0.289880
-0.336211
0.156411
-0.032910
-0.096750
0.837434
0.175655
0.983039
0.683747
0.588938
0.723525
0.817071
0.073989
0.227808
-0.105206
0.430071
0.896888
0.384238
-0.017496
0.291898
0.098343
0.314383
0.359953
0.214298
-0.400246
-0.287303
1.196965
-0.575785
1.413743
0.341186
-0.006740
-0.289526
-0.302422
-0.260208
-0.346698
0.640329
0.149061
0.479399
0.774326
0.005854
0.484450
0.260749
0.765304
0.003714
0.175848
0.324508
0.279689
-0.461304
0.475855
0.828035
-0.213912
0.110981
1.002891
0.818503
0.332222
1.010974
-0.296546
-0.250062
0.144401
0.780209
-0.241283
0.387073
0.741254
0.660518
0.239110
0.753182
0.292228
-0.903384
-0.268436
-0.317082
0.393726
-0.420222
0.100220
0.002351
0.699310
0.106922
0.650734
0.348712
0.642601
0.037794
0.375991
0.196492
0.433846
0.092503
0.087214
0.076205
-0.347330
-0.166656
0.424622
0.082659
0.236781
-0.410370
-0.750923
0.979027
0.275576
0.770474
0.632837
-0.808142
-0.319694
0.991221
-0.319341
-0.199304
0.243578
0.075873
0.455914
0.008887
0.491837
0.172449
0.169564
0.627751
-0.990946
0.411577
0.068749
0.117051
0.015718
0.220615
-0.736594
0.927298
0.219754
0.659363
-0.220003
-0.214395
0.155093
0.131273
0.914432
-0.041968
0.739454
0.423966
0.701291
0.308793
-0.260164
0.109863
-0.103133
-0.740265
0.633892
0.394637
-0.218045
0.619281
-0.683753
-0.496479
0.993114
0.965497
0.245883
1.028929
0.323372
0.010938
0.673308
0.275386
0.174762
0.235532
0.551422
-0.439586
1.022485
0.589602
1.174725
-0.882566
-0.666240
-1.011171
0.317702
0.055952
-0.584093
1.049404
1.448293
0.317797
0.134552
0.730482
1.207665
0.441175
0.490384
-0.717802
-0.559632
-0.673767
0.630629
-0.549779
0.461691
-0.822354
0.495700
-0.585103
-0.587741
0.018950
-0.661328
0.454858
0.356891
0.094349
0.595274
0.135688
-0.022571
-0.184575
-0.409218
0.444220
-0.529699
0.020540
0.449066
0.069253
-0.179594
-0.813800
-0.186090
0.775496
0.916292
-0.562559
-0.637623
0.533508
0.290854
0.171535
-0.312304
-0.137812
0.163040
0.623253
-0.071262
-1.209064
0.224491
0.906686
0.106797
-0.330258
0.100709
0.266580
0.093660
-0.274992
0.005686
-0.655225
0.461678
-0.767936
-0.213831
0.496003
0.278725
0.467159
0.116802
0.044258
0.521385
0.457407
0.277592
-0.868176
0.022425
0.156772
-0.326837
-0.771002
-0.144218
0.589163
-0.239329
0.876169
0.321275
-0.512598
-0.490703
-0.437553
0.022059
-0.051209
0.651311
-0.539835
-0.299671
0.047970
-0.344331
-0.167658
-0.172508
0.056773
0.418468
-0.295523
0.220860
0.786580
0.331279
-1.239031
0.351859
-0.311821
-0.324282
-0.528470
-1.175748
0.296233
-0.111604
0.506684
-0.168627
0.083081
0.280628
-0.395951
-0.103408
0.457317
0.851859
-0.050564
-0.211743
0.015316
0.905254
0.864060
0.181380
0.302748
0.659381
-0.597048
-0.586930
0.406529
-0.207958
-0.498784
0.591505
0.252400
-0.169069
-0.913745
-0.960910
0.320586
-0.187053
0.709299
-0.310955
0.910365
0.857491
0.549165
0.048290
0.320636
-0.051416
-0.358653
0.303644
-0.430791
-0.180963
0.026053
0.096695
-0.001577
0.142683
0.106780
-0.929495
0.624982
-0.374564
-0.395564
0.238921
0.047766
-1.245256
-0.634785
-0.182001
-0.471525
-0.354404
-0.590987
-0.159969
-0.286483
-0.404518
-0.200579
-0.287170
-0.231668
0.619199
-0.146745
-0.848858
0.231639
-0.199672
0.193974
-0.306321
0.485099
-0.376847
0.102573
0.033704
-0.322398
0.232427
0.387045
0.891176
0.045769
0.216176
0.229428
0.146050
-0.451376
0.901955
0.927886
0.833122
0.029248
0.204714
0.125585
0.170502
-0.112721
0.088641
-1.353454
0.106704
-0.391962
0.539288
-0.454679
0.285999
-0.482695
-0.372958
0.193189
0.419438
-0.238291
-0.529646
0.999138
0.477962
-0.647978
-0.461475
0.648068
-0.633394
-0.666207
0.464859
0.595291
0.992489
0.395355
-0.395960
1.074092
0.369956
-0.111469
0.018244
-1.248092
-0.739764
-0.385089
-0.802399
-0.095254
0.255583
-0.223265
-1.085868
-0.367044
0.358091
-0.463910
-0.548921
0.248800
0.693480
-0.183990
0.273931
0.926669
-0.441512
-0.110539
0.623524
0.676591
-0.752053
-0.418159
0.056674
-0.055555
-0.432514
-1.030899
0.289552
0.374132
-0.011045
-0.837441
-0.128116
-0.317775
0.383167
0.621528
-0.414955
0.030768
0.698553
-0.649938
0.538794
-0.493260
-0.349154
-0.297228
0.952768
-0.426279
-0.417266
0.455835
-0.766862
0.114048
0.286664
0.166208
1.568583
0.360479
0.797202
-0.250975
-0.104111
0.524190
0.138088
0.090479
-0.589628
0.150200
0.296712
0.601503
0.065097
-0.299734
0.957174
0.337164
0.401821
-0.457696
-0.430150
-0.141287
0.002672
0.398275
0.524470
0.226117
-0.593271
0.666492
-0.920208
-0.702457
0.093209
-0.659582
-0.475052
0.038516
0.338729
-0.265809
-0.365014
-0.150872
-0.042221
0.085339
-0.111676
0.552786
0.317303
-0.230069
-0.710365
-0.100894
-1.038180
0.235928
0.921662
-0.121112
-0.440928
0.175442
-0.543573
0.249605
0.771932
-0.351575
-0.097066
0.111001
0.285348
0.150823
-0.312390
1.308618
-0.127830
0.507852
-0.663384
0.632652
0.306860
0.339485
0.498122
-0.418492
-0.464837
0.004781
-0.483051
-0.766459
0.570462
-0.048290
-1.078252
0.453026
0.221024
0.228368
0.907749
0.494014
0.522521
0.258905
-0.322606
-0.075741
-0.403671
0.282266
0.210363
-0.202246
-0.218795
-0.384206
-0.127913
0.755183
-0.559888
0.325994
-0.401807
0.139238
0.392543
0.429294
0.136253
0.759574
0.369204
0.093449
0.438222
-0.224611
0.248222
0.595948
0.030378
-0.482722
1.086440
-0.128283
-0.381885
-0.255983
-0.091593
0.193655
-0.656017
-0.022062
-0.031123
0.245789
-0.533054
-0.572508
0.812840
-0.804150
0.576835
0.070525
-0.173210
0.194392
0.315456
0.086235
0.220839
-0.412788
0.406383
-0.421878
-0.172460
0.820699
-0.764105
-0.034150
0.222424
-0.242959
0.271572
0.018900
-0.014138
0.409086
0.497194
0.549879
0.701821
0.535016
0.025453
0.463129
0.130642
-0.033263
-0.112779
1.471688
0.021841
0.280159
-0.408816
0.415598
-0.034179
-0.377128
0.377304
0.339117
-0.802000
-0.347062
0.765983
0.923355
0.464459
0.498737
0.353521
-0.420748
0.296842
0.298840
0.188166
0.851827
0.218770
0.271266
0.616746
0.704524
0.352345
0.192924
0.569470
0.180588
0.666214
0.012225
0.160031
0.195448
-0.013804
0.972971
0.180459
0.793480
0.584147
0.521944
0.372808
-0.011961
1.200930
1.863417
1.507227
0.624214
1.009231
0.428237
1.022476
1.212145
0.978652
0.323719
1.320813
0.951255
1.920831
1.466688
1.702100
1.175687
0.688847
0.363941
1.806894
0.211241
1.565946
2.043112
1.298321
1.548589
2.711776
1.080237
1.902453
1.070933
2.301200
2.116837
2.376513
2.661737
2.042892
1.534812
3.071984
3.408210
2.707247
2.178239
3.149498
2.297851
2.979198
3.264555
3.719685
3.738093
4.311088
4.333748
4.244773
3.766863
4.572661
4.607578
6.005334
5.752527
6.497023
6.361040
6.312820
7.414277
7.557026
8.564874
9.283306
9.941077
10.482198
11.693264
10.391677
12.337800
14.267207
14.200550
16.579151
17.382474
19.049433
19.437987
20.883703
23.047184
25.205160
27.585335
30.009319
33.410022
35.696796
39.668466
43.060071
43.347550
39.053545
35.643251
32.220928
29.547053
27.254995
24.973635
23.005463
21.360711
18.906329
17.549251
16.969977
16.251759
13.961205
13.556665
11.758355
10.949194
11.070409
9.527985
9.470871
8.870830
8.214799
8.599836
7.882848
6.876950
6.145389
5.749905
6.224004
4.981945
5.248651
5.152478
5.421925
4.276095
4.329183
4.538923
3.764997
3.891237
3.811587
3.625554
2.828009
2.936963
2.424005
2.525881
1.742286
1.988461
2.068992
1.383383
2.483313
2.474365
1.545878
1.448330
1.292466
2.631625
1.684810
1.448740
1.753156
2.136340
1.665990
1.391754
1.084621
1.235826
0.769505
0.656084
1.661476
1.109908
1.231309
1.052917
1.402273
0.735972
1.461947
1.282873
1.868769
0.464069
0.214470
1.147967
1.014519
0.179491
1.518228
0.568517
1.054564
-0.016591
-0.536991
0.425794
0.583244
-0.081056
0.055486
1.133240
-0.048652
0.141758
0.750978
0.802951
0.192729
-0.647791
-0.572915
0.549498
1.150804
0.402117
0.835798
0.019273
1.315469
0.792705
0.287117
0.190716
1.234784
0.435940
0.201585
-0.334679
0.056944
0.806256
0.243758
0.493516
-0.295124
-0.327115
-0.154051
0.402152
0.698772
-1.096511
0.561392
0.833908
0.359934
-0.141032
-0.324186
-0.239942
0.388701
0.366777
0.148651
0.477170
-0.015708
-0.135253
0.255700
0.698940
0.392108
-0.197229
1.005674
-0.477558
0.307527
0.131805
0.353827
0.851155
0.294636
0.053911
-0.038487
0.137277
-0.713705
0.340645
0.324909
0.677491
-0.033550
0.054044
0.136131
0.074640
0.482829
0.430865
-0.222571
0.323250
-0.119665
-0.082916
-0.492808
-0.137903
0.387307
-0.602851
-0.293090
0.657939
0.058160
0.093961
0.661004
0.886238
-0.351861
-0.131809
0.139111
0.349454
-0.380413
-0.525392
0.246120
0.436982
-0.735180
0.587088
-0.398002
0.520722
0.351638
0.280022
-0.063245
0.215789
0.424920
0.122206
0.900124
0.012349
0.520809
-0.203830
-0.503695
0.634003
0.011303
-0.790277
-0.279808
0.269312
1.353224
0.450632
0.546057
-0.161983
-0.605713
0.540648
0.129538
0.008304
-0.218274
0.110218
0.223459
0.501046
-0.365974
-0.953086
-0.748838
0.313278
0.900271
-0.527892
0.540056
-0.697570
-0.004204
0.700625
0.634570
-0.071867
0.621182
0.676802
-0.168760
0.407440
0.323804
-0.513861
0.445343
0.703947
-0.012184
-0.639528
0.869847
-0.478948
0.434411
0.206131
-0.454327
-0.127616
0.478286
-0.341115
0.324380
0.217249
0.916378
0.457406
-0.074890
0.479975
-0.810344
0.071343
-0.688060
-0.091748
0.083224
-0.171070
0.553865
-0.410056
-0.241285
0.119095
0.135826
0.766913
0.001893
0.231936
0.133124
1.269339
-0.308708
-0.043355
0.168800
-0.147871
0.377058
0.715412
0.868891
-0.488685
-0.114692
0.080053
-0.373279
0.133976
-0.225777
-0.105501
-0.106368
0.312970
-0.985023
-0.221437
0.602386
-0.288010
-0.016894
0.412527
0.695119
0.884368
0.105050
-0.159622
-0.428908
0.231652
0.381583
0.613102
1.047707
0.382723
0.148518
0.663879
0.170404
-0.246546
0.072217
-0.547396
0.574787
-0.914552
0.916673
0.180233
0.063173
-0.069315
0.588256
0.124073
1.046114
0.510245
0.167183
-0.223710
0.392076
-0.457787
-0.465709
-0.039098
0.449271
-0.137796
0.215149
-0.340444
-0.547269
-0.355549
0.001717
-0.162247
0.206208
0.689226
0.679558
0.300328
-1.357224
-0.192173
0.137371
-0.067482
-0.050701
0.474328
0.732086
-0.483218
-0.387661
-0.404939
-0.122901
0.802108
-0.008283
0.173498
0.022162
-0.392217
-0.480883
0.139313
0.144799
0.528916
0.000869
0.344854
-0.326828
-0.925983
0.097935
-0.765792
0.461907
-0.738801
0.403923
0.487473
0.179944
0.329842
0.082371
-1.077983
0.419359
-0.197693
-0.034617
-0.577453
-0.171554
-0.318995
0.021788
0.983990
-0.126313
-0.400172
0.821528
-0.232587
-0.212074
1.122278
1.155997
0.194760
0.109844
-0.201673
-0.295219
-0.241488
0.641260
0.211948
-0.406574
0.585503
0.551275
-0.211568
0.266038
-0.259535
0.770318
-0.229559
0.347000
-0.331435
0.315918
-0.363391
0.332756
-0.726562
0.414264
0.061750
-0.140078
0.028100
0.851225
1.171502
0.615222
-0.246422
-0.329128
0.909555
0.728204
0.672028
0.701595
-0.055873
0.198860
1.040373
1.552329
0.764867
1.621870
0.705501
0.923879
1.314585
0.616639
0.675496
1.120938
1.483987
1.596441
1.769840
1.830804
1.417082
2.319017
1.826068
1.861891
1.734325
2.549122
2.566509
2.484517
3.012998
3.683028
3.278931
3.725465
4.374524
4.730384
5.743813
5.226562
6.889333
7.833140
9.410614
10.028193
11.714606
13.836947
16.655352
19.029622
23.182217
26.938039
33.219839
27.104690
22.938352
18.243523
16.304763
14.531384
11.167368
10.016939
9.849880
8.607020
8.274433
5.985491
5.122298
5.196473
4.488928
4.575899
3.904689
3.526589
3.921752
3.612529
3.066342
2.415642
2.128764
2.115719
1.336727
2.495434
2.670711
1.910548
2.687967
2.074588
2.852974
1.859517
2.147556
2.232882
2.309696
1.117966
2.419916
1.832148
2.016030
1.692117
2.213130
2.808985
2.944529
3.172727
3.192221
2.298204
2.927227
4.401447
3.126741
3.471571
4.537878
4.502204
5.291173
4.780806
4.664114
4.694581
6.662869
6.163606
5.987422
7.483249
7.751251
7.079579
8.432432
9.361778
9.304213
10.258267
11.403654
12.329054
12.503473
14.634608
14.879045
17.478453
17.700330
20.939496
22.827944
25.037888
28.092576
31.704997
34.787998
38.837438
42.921267
48.012789
53.876846
47.217582
41.106383
37.077538
33.689049
29.827122
26.397909
24.776850
22.047502
19.186045
18.675402
16.990058
15.377839
13.133092
12.109969
12.123792
12.199493
10.319852
9.195972
8.559657
7.515287
7.354403
6.481255
6.822316
5.378854
6.175552
5.684444
5.069399
4.240976
4.529150
3.645135
3.994118
3.537438
3.250972
3.091513
2.752043
3.101177
3.095043
2.420551
2.729863
3.562928
1.613381
1.769398
1.818470
1.413514
1.924102
1.627644
1.789214
2.136929
2.418372
1.305660
0.783644
1.018134
1.682306
2.282795
0.933468
1.072349
0.868312
0.845670
1.803365
1.317453
1.307575
0.860653
1.280392
1.415603
1.135035
1.548245
0.333721
0.737837
2.128391
1.379037
0.687400
1.255794
1.573293
0.485884
1.308556
1.102881
0.123287
0.542660
0.688631
0.232568
0.672325
0.904899
-0.001481
1.218614
1.181365
1.176782
0.561900
2.809884
0.895009
1.752557
1.698256
1.993212
2.578813
1.168633
1.075461
1.514470
0.770828
2.269947
2.253023
2.048743
2.916733
3.390653
3.023434
3.118565
4.037921
3.907720
3.501942
4.769984
5.514091
7.174121
7.557246
8.035324
9.558026
10.335149
11.603825
14.428850
17.460891
18.764661
21.812918
26.414684
32.073774
38.998979
42.166813
35.747458
30.218841
25.240870
20.392784
18.189619
15.581340
12.861071
11.505055
9.613225
8.955769
8.040224
6.928369
6.150417
5.882862
5.008784
3.873114
4.415091
3.757076
2.733745
3.261042
3.600345
2.810091
1.631303
2.078431
1.772719
2.531146
0.810907
2.420784
0.574201
1.960735
1.444581
2.230424
0.289789
0.668759
0.304168
-0.346796
0.911641
0.648503
0.597879
0.485170
0.358770
1.309289
1.448427
0.041866
1.196530
0.418026
1.163375
0.663513
0.073898
0.128682
0.215143
-0.025520
0.364360
1.215647
0.950996
0.189195
0.022356
-0.026760
-0.277882
-0.168222
0.538676
0.083604
-0.100426
1.898633
0.144220
0.327732
0.672046
0.749401
-0.209768
0.698482
-0.051345
-0.156113
-0.141992
0.097212
0.083988
0.213970
0.047843
-0.331083
0.680518
-0.697862
1.095302
0.443952
-0.235589
-0.011149
0.269148
0.683467
0.323535
0.070712
-0.141594
-0.881455
0.833195
0.945677
0.641636
0.305494
-0.209931
0.237509
0.487205
0.554344
-0.113532
0.081743
1.169892
0.072323
-1.064582
0.781903
0.271148
-0.346958
-0.218431
0.056080
0.342248
0.181847
0.162875
-0.451584
0.477642
0.205888
-0.124691
-0.363085
0.463303
-0.138885
-0.220654
-0.162977
0.709857
0.602194
0.553372
-0.025397
-0.399523
0.524203
-0.663598
-0.941798
-0.659756
-0.103407
-0.008644
-0.201882
0.184328
0.331447
0.140965
0.436972
0.158345
0.223646
1.151053
0.400762
-0.468001
0.182610
-0.523625
-0.469583
-0.243441
-0.094412
0.774376
0.564383
-0.322321
-0.377200
0.835596
0.551869
0.621119
0.907747
-0.366366
0.264081
0.478689
1.133106
-0.240009
0.167688
0.309044
0.122247
-0.245359
-0.088106
0.061650
0.153449
0.151513
-0.366422
-0.059204
-0.808866
-0.523085
-0.955275
0.559739
-0.849590
-0.580652
-0.638638
-0.530984
0.613027
-0.172712
-0.245546
0.150103
0.145548
0.626186
0.887386
-0.561648
0.059278
0.545810
0.070922
0.375737
-0.009830
0.299500
-0.282255
0.327205
-0.461636
-0.179211
-0.005565
-0.507621
0.238417
0.334932
0.344546
0.497475
-0.025623
-0.099552
-0.264323
-0.874010
-0.355380
-0.391812
-0.342626
-0.120003
0.369958
1.168082
-0.331772
0.073703
-1.104328
-0.529698
0.433822
-0.355604
-0.412739
-0.069862
-0.525072
-0.008924
-0.269163
0.963782
-0.327932
-0.297379
-0.810094
-0.150797
0.229441
0.313188
-0.169641
-0.703556
0.550799
-0.492943
-0.463556
0.750688
-0.487656
0.130165
-1.247474
-0.307468
0.218603
-1.078157
0.823680
-0.094615
0.189667
-0.470906
0.051349
0.308707
0.071764
-0.683753
1.020043
-0.636179
-0.315965
-0.128828
-0.063069
-0.128278
0.731012
-0.365002
0.210622
-0.541731
-0.310205
0.244543
0.151784
-0.116067
-0.169667
0.309023
0.303197
-0.096678
0.440470
0.157472
-0.138280
-0.532294
-0.666778
0.743715
-0.229430
-1.210541
-0.054870
-0.090914
0.792732
0.292401
0.678376
-0.173982
-0.590369
0.049336
-1.031308
-0.083946
0.669533
0.008882
0.718078
0.377950
-0.819430
-0.169789
0.418805
0.157679
0.042149
-0.631027
0.477299
-0.161648
-0.609980
-0.471630
0.305776
0.376512
0.935343
-0.010556
-0.428603
0.867677
-0.503791
-0.259362
0.369115
0.152762
-0.148524
0.052225
0.303097
0.094536
0.052591
0.512764
-0.143321
0.867618
-0.024895
-0.397322
0.554178
-0.273607
-0.032766
0.074066
0.106481
0.120585
0.477600
0.562699
-0.022223
0.414817
-0.141582
0.830874
-0.299337
-0.619271
0.112337
-0.603435
0.243309
0.305381
-0.717800
0.356734
-0.674710
0.047758
0.183961
-0.384777
-0.764281
-0.874955
-0.264775
0.273346
0.386948
0.002657
0.550530
0.569985
-0.004603
-1.258821
-0.247352
0.667160
-0.160507
0.018634
-0.050474
-0.035833
0.230357
-0.096977
-0.190730
-0.053698
0.381433
-0.019408
-0.401015
0.332461
0.183567
-0.184863
0.058651
-0.932139
-0.934711
0.200940
-0.261764
-0.277816
0.440527
-0.597722
0.493082
0.417134
0.381749
0.271283
-0.489071
0.257937
-0.327129
0.208847
-0.005674
-0.063092
0.333347
-0.127685
-0.834988
-0.830678
-0.325695
-0.534362
-0.010721
0.216963
0.296406
0.128168
-1.297573
0.640773
1.262528
0.066374
0.111601
-0.109162
-0.763339
-0.175471
0.922798
-0.170251
-0.438248
-0.367223
-0.029987
-0.252567
-0.087437
0.490436
0.714964
0.418274
-0.020691
0.379012
0.054474
-0.435133
0.559189
0.419225
-0.716747
-0.666102
0.041468
0.284911
-0.939817
0.724054
-0.728336
0.859476
-0.581400
-0.893151
-1.022535
-0.397164
0.531948
-0.583235
-0.265533
0.087567
0.915605
-0.366928
-0.064938
-0.230307
-0.146867
0.046738
-0.434765
0.818232
-0.115771
-0.045258
-0.743349
0.219999
0.653785
1.178215
0.439236
0.606283
-0.058637
0.610791
-0.344905
0.941970
-0.441905
0.453482
-0.797378
-0.910966
0.090098
0.159334
-1.390772
-0.853354
-0.502483
-0.796875
0.012873
0.233368
0.239788
1.032680
0.157314
0.905391
0.230274
0.134544
-0.442544
-0.197884
-0.020611
-0.048969
-0.139773
0.647146
0.048710
0.445321
0.801780
0.749269
0.481155
-0.725676
-0.618997
-0.123140
1.223350
-0.713616
-0.480190
0.360829
-0.462675
0.678006
0.208463
-0.393733
0.162195
-0.183142
0.280151
-0.089622
0.449308
-0.304488
-0.888648
0.006536
1.407847
0.476342
-0.159884
0.081425
-0.357540
0.010818
-0.298505
0.273250
0.195624
-0.293316
0.366877
-0.104629
-1.003464
-0.891762
-0.621453
-0.043746
0.480080
0.350208
-0.396333
-0.180402
-0.505710
0.518838
-0.015453
-0.013003
-0.619994
-0.552465
-0.101892
0.096135
-0.119031
0.392154
-0.155911
-0.346848
-0.105305
0.760943
-0.439504
-0.085810
-0.212388
-0.275040
1.397460
0.104092
-0.583505
0.336503
-0.342639
0.178965
-0.403619
0.326562
-0.301492
0.498354
0.043938
-0.689219
0.445168
0.019270
-0.560736
0.456199
0.327998
0.721995
0.113673
-0.231806
0.791134
-1.259207
-0.374389
0.077943
-0.337548
0.190177
-0.149144
0.274017
-0.559389
1.278047
0.281724
-0.076306
-0.432112
0.638080
-0.073723
-0.176031
-1.215564
-0.730419
-0.368723
1.126863
-0.938958
-0.181312
-1.204757
-0.041846
-0.018225
0.497447
0.226855
-0.707443
0.121991
0.273295
0.403921
-0.138809
0.277482
-0.013806
0.731324
-0.688471
-0.834131
0.019031
-0.958470
-0.658641
-0.119094
-0.684997
-0.238470
-0.170147
-0.049700
-1.034777
0.298158
0.463383
0.342534
0.326984
-0.807591
-0.558558
0.589083
0.372542
-0.249883
0.363729
-0.314101
1.119800
0.168374
0.333410
-0.869833
-0.396289
-0.424301
-0.285676
-0.295126
-0.746465
0.001216
-0.314618
-0.245573
0.715566
-1.105765
0.464599
-0.493794
-0.430208
-0.204041
-0.526980
-0.117108
0.231011
1.329357
0.692769
0.682517
-0.175903
-0.813953
-0.054725
0.161007
-0.130288
-0.615821
-0.304790
-0.222386
-0.695855
-0.319406
-0.068811
-0.179845
-0.422826
-0.337262
0.790488
-0.024337
-0.678743
-0.123081
-0.007885
0.798807
0.513956
0.170673
-1.236378
-0.365822
-0.083449
0.025723
-0.664062
1.407959
0.456765
0.457573
-0.425074
0.834690
-0.304717
0.648772
0.796915
-0.811023
-0.324002
0.763966
-0.444702
1.116452
-0.008878
-0.577594
-0.161237
0.488791
0.291450
-0.545350
-0.574754
0.690575
0.306424
-0.761158
0.439341
0.038140
-0.166882
0.096004
0.372214
0.370182
-0.059841
0.081212
0.325019
-0.303995
-0.414048
0.336418
0.795324
0.404502
0.070641
-0.271688
-0.360488
0.383502
-0.066974
-0.832785
0.381485
0.522212
-0.415693
0.451006
-0.635344
0.458842
0.417621
-0.320405
0.429966
-0.017232
-0.202612
0.110398
-0.078204
0.372577
0.250694
0.169415
-0.021814
0.431639
0.650452
-0.088126
0.618135
0.104160
-0.295976
0.635507
0.149352
-0.339343
-0.647944
-0.153806
-0.262874
0.673277
-0.440960
0.541445
-0.274055
0.439523
-0.969441
-0.301665
-0.074926
0.520083
-0.857339
0.240467
-0.598843
0.462498
0.514003
0.696558
0.650138
0.705543
0.948607
-0.787652
0.251301
0.321092
-0.198071
-0.507399
0.338456
0.084320
-0.275688
-0.279459
0.558445
1.234769
-0.133486
-0.250142
0.029128
0.141295
-0.556329
0.080730
