0.179895
0.957134
0.109072
0.541036
-0.744971
-0.869119
0.059750
-0.045283
0.480430
-0.162004
0.003452
0.230359
-0.136492
-0.415977
0.424180
-0.137676
0.851270
-0.294969
-0.363270
-0.525463
0.673265
-0.366203
0.138654
0.589131
0.439999
-0.210967
-0.378117
1.045424
-0.043879
0.764271
0.229271
-0.644253
-0.436068
-0.326615
0.121890
0.002634
0.639778
0.240266
-0.272688
0.221900
0.295700
-0.634947
-0.090820
-0.420441
1.325623
0.355729
0.689719
-0.927256
0.069056
0.237416
0.091043
0.156500
-0.297470
-0.336811
0.033328
0.190408
-0.499649
-0.293083
0.328881
-0.161244
-0.316851
0.478226
0.140367
-0.479806
0.009617
0.266764
-0.199554
-1.047346
-0.195988
0.245845
-0.171941
-0.009964
0.123597
-0.160384
-0.336202
-0.769219
-0.121146
0.896884
-0.312000
0.126384
-0.586686
0.622990
0.241006
0.124690
-0.014040
-0.258771
0.442837
1.275734
-0.316587
-0.175938
-0.794289
-0.279074
-0.368903
-0.178165
0.148581
0.522769
-0.808180
-0.714582
-0.007113
-1.077062
-0.254387
-0.183532
0.509310
-0.232010
-0.244675
-1.043635
0.130192
0.047359
0.070882
-0.152216
-0.532421
-0.053800
-0.119209
-1.092368
-0.089721
0.069568
0.224339
0.491782
-0.326957
0.808219
-0.274464
0.363208
0.348803
0.116560
-0.351357
0.422510
-0.670668
0.636948
0.839954
0.240436
0.087501
0.357338
-0.160934
-0.608783
0.419856
-0.458590
0.578221
0.656537
0.193696
-1.197337
-0.366753
-0.112812
0.027287
-0.579246
0.004223
0.400664
0.195108
1.004537
0.021201
0.336527
-0.660387
0.314036
0.083690
-0.962800
-0.282291
0.164391
-0.206983
0.440309
-0.300449
-0.779123
-0.241019
0.048317
0.520630
-0.180196
-1.000856
-0.100854
0.198249
0.529415
0.268225
0.317213
0.195126
0.085153
0.417479
-0.691848
-0.140944
0.629106
0.645205
0.403503
0.053107
0.478305
0.772159
0.646018
0.065319
-0.557782
0.564536
-0.318576
0.504805
-0.547081
-0.774644
-0.765785
0.104559
-0.726564
-0.816282
-0.382867
-0.032608
-0.170690
0.878127
-0.347243
-1.362116
0.109838
0.204311
0.225994
0.140107
0.074060
-0.090924
0.351748
0.095578
0.010659
-0.034605
0.240489
-0.634245
0.341028
0.500009
-0.121685
0.423243
0.076307
-0.573370
0.326830
-0.352181
-1.428450
-0.511879
0.181541
0.619725
1.040032
-0.100515
-0.039321
0.022477
-0.461324
0.247550
0.318559
0.200990
0.403194
-0.314135
-0.133767
-0.005678
0.312545
-0.417998
-0.456650
-0.578297
-0.083039
-0.504295
0.116257
1.094743
0.808575
0.446754
0.767264
0.190401
0.332853
0.296965
0.707665
-0.938125
-0.455828
-0.630071
-0.276447
-0.236368
-1.375832
0.455116
-0.005057
-0.339416
-0.288120
0.326819
0.626963
0.406303
0.394354
0.609729
0.171386
-0.316786
1.478639
-0.021176
-0.456141
0.405041
-0.517228
-0.426261
0.493500
0.395517
0.217266
0.192437
-1.444711
0.507078
-0.377882
0.125980
-0.638978
0.542872
0.064618
0.732469
0.263287
-0.255455
0.280332
0.278532
-0.309886
0.435218
0.566532
-0.615390
-0.658965
0.071758
-0.262431
0.154664
0.374418
0.409076
0.373792
0.113004
-0.056771
-0.153950
0.121903
0.454141
1.261370
-0.205402
0.139764
-1.261893
-0.203496
0.531377
-0.561572
0.326581
-0.249494
-0.257297
0.026603
0.177712
0.072866
0.136787
-0.142897
0.783952
-0.305222
0.389535
0.912950
-0.158369
-0.362140
-0.147948
0.088470
1.038153
0.420537
0.801620
0.089976
0.193496
1.113151
1.045819
-0.223101
-0.238920
0.110894
0.280554
-0.000474
0.511787
0.906708
0.433674
0.377762
0.066869
0.782376
0.182307
0.219291
0.516005
0.957272
-0.025532
-0.122498
-0.853034
0.379784
-0.033692
0.500552
-0.517287
-1.135366
0.088042
-0.163667
0.678755
0.607654
0.336280
0.975538
0.837154
-0.330231
-0.118632
-0.581578
0.550889
1.289372
0.066319
-0.857649
0.304167
0.767796
0.140733
-0.819009
1.011631
0.614927
0.339166
0.411148
2.568632
2.579445
0.767331
1.662693
1.812466
0.902972
2.473089
2.894546
2.297628
3.418837
3.163011
3.472479
4.099960
3.724190
5.306666
5.415663
6.126078
7.414293
8.263886
8.506075
10.174440
12.044327
14.152174
16.005218
18.683103
21.648199
26.245089
31.454733
37.654524
38.228642
32.230353
26.975951
22.644715
19.814459
16.864632
14.491039
11.919505
11.193142
8.260228
8.385587
7.098645
6.419157
6.292091
5.023858
4.260671
4.464349
4.171337
3.154161
2.334570
3.073536
2.743835
2.306367
1.961276
1.919103
0.957024
2.023470
1.185876
1.167961
0.083496
1.646282
1.182458
1.680759
0.839122
0.706312
0.300474
0.444682
1.409514
1.229411
0.676790
0.238863
1.260363
0.132270
0.517011
-0.384251
0.378974
0.781045
-0.183497
-0.359085
-0.228351
0.714250
0.812712
-0.512099
-0.572492
1.254510
1.387249
0.186125
-0.236764
1.196479
0.282165
0.788377
0.542088
1.299246
1.381569
0.331482
1.388895
0.803404
0.626642
1.483774
0.254810
-0.084313
0.225234
0.619545
0.481011
0.838529
0.447654
0.201535
0.915268
0.107216
-0.431113
-0.013753
1.351786
1.047613
1.407798
0.683766
0.651665
0.982915
0.716382
1.322229
1.329048
0.463218
0.935401
1.849295
1.717587
1.668009
2.387492
1.194735
3.275759
2.794658
2.992525
2.761801
2.710157
3.753510
4.234174
3.376695
5.563669
5.712594
4.931972
5.755342
6.603345
8.307966
9.150460
10.236208
11.504385
13.347548
16.592421
18.377877
20.006774
23.309319
28.351612
34.064523
39.985865
48.016888
48.476467
39.216286
32.994452
27.915006
23.837480
20.778315
18.114649
14.408794
12.233147
12.116580
9.511758
8.940988
7.865703
7.254843
6.190750
6.240935
6.198495
4.898559
4.045873
4.247386
3.833000
2.652688
2.234238
1.995129
1.986290
3.135802
2.951585
1.438236
2.283922
1.300769
1.698940
2.448261
2.810292
2.306685
2.495019
1.129317
1.289911
1.476642
1.277082
1.279413
2.386214
0.665748
1.331334
1.524281
1.577843
1.758450
1.524349
1.228271
1.093121
1.837215
2.039311
1.720592
2.611389
1.946361
1.983860
2.498022
2.059680
3.171112
2.093864
2.631046
3.154670
3.983705
4.026733
3.338033
3.649383
4.777135
5.468988
4.511171
6.913629
6.051084
5.589326
9.042729
8.685476
10.405032
10.392354
12.227374
14.612484
16.343061
18.627524
21.849983
25.587666
29.634179
28.958366
24.799017
20.690897
18.903880
15.254510
13.406514
11.521059
10.666468
9.173706
7.427857
7.431404
6.996916
5.432988
5.353464
4.737466
4.214707
3.598582
3.556200
4.007811
3.653941
2.407574
2.564753
2.244692
2.818311
1.372679
2.162675
2.045250
1.794702
1.835421
0.760408
1.091456
0.835530
0.634229
0.441584
0.930337
0.586583
0.835292
0.505549
1.104355
0.428648
0.620160
1.550785
0.946819
0.670309
0.691554
0.624721
1.672292
1.088893
0.558555
0.056413
0.461431
0.311512
-0.858778
0.056862
0.527435
-0.194656
-0.041562
0.163748
-0.077293
-0.111527
-0.503853
0.239439
0.527951
-0.341156
0.300738
-0.006540
-0.273745
-0.603378
0.175985
0.064521
1.011056
-0.012513
-0.352031
0.159158
0.366323
0.809113
-0.321089
0.041577
0.445231
-0.594545
0.170455
0.397804
0.681671
-0.346711
0.672598
0.631885
-0.386679
0.727323
-0.511677
-1.377470
0.151471
0.701800
0.116297
-0.161029
0.073602
0.745230
0.078184
-0.008163
0.300540
-0.196256
0.513595
-0.487974
-0.224759
0.405843
-0.018327
0.479649
-0.123730
-0.169601
1.030295
0.562676
-0.274195
1.034272
-0.273077
0.376918
-0.307527
-0.554796
0.521927
0.240076
0.573341
-0.477343
0.167695
0.174133
0.668121
0.110058
-0.188395
1.441908
-0.460867
0.395851
0.268984
0.107840
0.263910
-0.043174
0.131856
0.300398
-0.382401
0.100449
-0.565183
-0.093175
0.103179
-0.005087
0.561535
-1.115819
-0.038733
0.581377
-0.134037
-0.744897
0.518219
-0.005027
0.317439
-0.421253
0.042851
0.477244
-0.578654
0.344149
0.188529
0.307888
0.145881
0.439000
0.121144
-0.701178
-0.186544
-0.235213
-0.630769
0.476682
-0.144694
0.464856
0.840948
0.871861
-0.689810
0.085445
0.008779
1.040307
-0.797701
-0.414089
-0.622698
0.242168
0.693976
-0.197308
-0.072954
-0.142761
-1.404984
0.649830
0.184247
-0.310745
0.449632
-0.737541
0.666579
0.211185
0.341582
-0.247121
0.700377
0.420189
-0.928985
-0.409581
-0.694033
1.293957
0.145065
0.327252
0.509060
0.130514
0.268986
1.210829
-0.319319
0.652766
1.153882
0.641800
1.125338
0.839367
0.539873
0.209440
0.138612
-0.234737
0.923818
1.538948
-0.653788
1.075741
0.979930
-0.191086
0.578655
0.890540
1.118346
0.401625
0.553320
0.379105
0.612094
0.417392
0.168194
-0.233204
0.905087
0.518410
-1.053593
-0.135542
1.565272
-0.373605
0.890793
0.423874
-0.398671
0.489698
-0.373908
1.207863
-0.248872
0.559300
-0.082274
0.488023
-0.006443
0.422983
0.601693
0.229359
0.242138
0.795809
0.809554
1.076628
0.859487
1.048054
1.514855
0.886402
0.881614
1.089725
0.567409
1.095129
0.930782
1.590260
2.083871
1.809638
-0.347806
1.352064
0.852603
1.755535
1.542174
1.754908
1.445670
1.660096
1.095361
1.496969
1.629238
1.916682
1.973156
1.367791
1.134273
2.042607
1.623998
3.004624
1.628769
2.133098
1.595512
2.358562
3.165679
2.951971
3.371638
3.113426
3.678543
3.298000
4.066538
4.568408
4.550722
4.222930
4.873154
4.451167
4.660480
5.627474
6.097630
5.931745
6.753550
7.229247
6.889500
7.817318
8.193462
9.429932
9.846304
9.333943
10.711340
12.563792
12.919847
13.425658
13.777810
15.016140
16.436169
18.376579
19.150260
21.885758
22.730398
24.472437
27.145156
29.186866
32.014436
34.868204
38.558452
42.273148
39.847005
36.402460
32.202547
29.587469
28.144461
24.601529
23.660056
21.287404
20.868467
18.859080
16.966771
16.095682
14.979712
13.457048
13.576193
11.937692
12.153402
11.552624
10.604946
9.690170
9.758537
8.933638
8.128931
8.104038
8.219838
7.456894
6.831783
5.855187
7.459332
6.804445
6.689492
5.487701
6.527948
5.109966
6.551810
5.800324
6.036711
5.943492
6.120235
6.329729
5.374119
6.526439
6.732009
5.585947
5.551401
6.135402
6.526434
7.017202
6.618802
6.356151
7.547310
7.861448
8.133695
7.201096
8.095231
8.989372
9.453261
9.628022
10.386397
10.815332
10.591672
11.999100
12.430763
13.045703
14.330344
14.129877
16.325589
17.040912
18.735689
19.497982
21.649763
23.415423
25.052940
25.692674
29.052288
31.321415
33.801586
36.976738
39.770028
44.840901
48.738181
52.623854
47.817411
43.612382
40.785336
36.726097
33.015525
30.965388
28.136129
25.713861
24.107758
22.693593
20.745691
19.790721
18.513367
16.695526
14.931639
14.642337
13.463434
13.080456
12.455044
10.585836
10.126873
10.344571
9.332539
8.682279
8.352890
7.667635
6.327759
7.244508
6.852140
5.376210
6.404367
4.891981
6.009778
5.022722
4.420832
4.659261
4.859843
4.527855
3.329215
3.866215
3.295586
2.687812
3.058772
3.187404
2.948005
3.188267
3.075294
2.279178
2.446848
2.009180
2.226298
2.425811
2.063289
1.996390
1.943993
1.935294
1.847831
2.844676
1.738175
2.427489
1.420632
2.301479
0.275843
2.126705
1.425795
1.462156
1.834236
0.326399
1.457351
1.334715
2.283234
1.548297
0.973654
0.878098
0.994941
0.938260
1.210083
0.301713
0.934019
0.729357
0.384726
1.118638
1.552468
0.628000
0.567352
0.574466
0.563223
0.784967
-0.600797
1.310087
1.236060
1.029970
0.954291
0.192465
0.496978
0.208330
1.029115
0.605954
0.559265
0.596905
-0.551012
0.009780
1.057747
1.189600
1.506359
0.779700
0.160953
0.578658
-0.237706
-0.184898
0.988652
1.542795
0.759470
0.705044
0.682064
0.547973
0.768127
0.999740
0.297607
0.329064
-0.125043
-0.198146
-0.483752
-0.237586
-0.729639
0.585668
0.866596
0.623471
0.481351
0.770639
0.547834
0.056292
-0.075105
0.703957
1.309891
0.910084
0.990488
0.515895
0.266056
0.536071
0.716180
0.569374
-0.591706
-0.078361
-0.224308
1.135467
0.437631
0.368085
-0.511672
0.227869
0.670129
-0.606983
0.570935
-0.059228
-0.280701
-0.700122
0.160675
0.063189
0.222782
0.578313
0.246185
-0.505620
0.848198
-0.235372
0.208482
-0.288361
0.409540
-0.068185
0.645485
0.566320
1.226033
-0.564670
-0.022425
-0.834534
0.162590
0.792984
0.043515
0.391655
0.161065
0.061741
0.354115
-0.937947
0.366999
-0.550358
-0.314172
0.191611
-0.131068
0.839925
0.216018
-0.681398
0.103717
0.373432
-0.130662
-0.131426
-0.203670
1.004208
0.315477
0.304309
-0.160503
-0.065126
0.087517
0.870611
-0.724803
0.078900
0.205389
-0.535287
0.222734
0.391408
0.332925
0.575970
0.217815
-0.064644
-0.542191
0.024164
-0.434417
0.758897
0.460628
-0.061916
0.489112
-0.383345
-0.052450
-0.181046
0.982172
0.503203
-0.082859
0.954527
-0.693260
0.047380
-0.315297
0.151806
0.481942
0.009424
-0.154748
0.100866
-0.633038
-0.108693
0.134693
0.459659
1.019456
0.689023
0.741267
-0.453316
-0.573761
0.359133
-0.364003
1.058062
0.398727
-0.519374
0.834360
-0.012942
-0.495769
-0.018181
0.187046
0.240390
-0.595972
0.415352
0.611315
0.271574
-0.142931
-0.235001
-0.571887
0.648085
0.534310
0.121956
0.261814
0.324972
0.583620
0.381388
0.133774
0.367629
0.963153
-0.349513
-1.053932
0.294506
0.258208
0.025405
0.396315
0.660100
0.152646
0.361444
0.051462
0.135437
0.163250
-0.349790
0.404257
0.660082
0.046730
0.548916
0.765393
0.259523
-0.365918
0.039346
-0.362513
0.796783
0.411964
-0.007705
0.078969
-0.383625
0.414159
0.773695
0.048281
-0.519146
0.137784
0.497610
-0.304698
0.860949
1.206564
0.729838
0.594422
0.243562
1.245420
-0.119571
-0.137540
-0.045420
0.036517
0.047908
0.716405
-0.586093
-0.513172
0.427505
0.203359
-0.142337
-0.198140
1.038192
-0.853680
-0.077007
0.187623
0.509639
0.391447
0.708080
0.729959
-0.591033
0.168248
0.110936
0.671696
0.738619
0.001230
0.245928
0.718670
1.327114
0.847934
-0.499512
0.884706
0.220964
0.428392
0.834935
1.204056
0.229580
0.526320
-0.239350
0.847568
0.695944
0.768074
0.334421
0.950764
0.853895
0.706949
0.128460
-0.520033
0.361276
0.360557
0.770187
1.075030
0.178009
0.273529
0.845397
-0.048646
0.862824
0.334749
0.672996
0.915244
0.829234
0.338514
1.405854
1.299550
1.356072
0.662232
1.233285
-0.080537
0.176561
1.619251
0.368258
0.715406
0.762634
0.618458
1.383992
1.058366
1.421901
-0.156714
0.117192
0.621343
0.850884
0.811138
0.183010
1.708235
0.919259
-0.075317
0.760087
1.860687
1.205891
0.516890
1.504228
0.482984
0.933680
1.791566
0.900113
1.363515
1.101551
1.116672
0.180538
0.492207
0.588223
1.026156
1.219298
1.248265
0.542825
0.939673
0.672498
0.185611
2.164997
2.159989
1.253640
0.466625
0.017729
0.695783
1.312763
0.741228
1.131666
1.239005
1.052990
1.779627
0.735493
1.353684
0.997369
1.445140
1.808537
1.538342
1.306364
1.573329
1.762264
2.351344
1.763917
1.570758
1.213322
1.214346
1.592625
1.125973
1.730328
0.603973
1.797586
1.717121
1.805372
2.633918
1.718610
1.422413
1.406519
1.582985
1.041628
1.220676
2.302562
1.651236
2.170661
2.591578
0.935501
1.433310
1.909843
1.890537
2.359373
1.649529
1.447428
2.001450
1.531335
1.486159
2.201498
2.147173
2.253357
2.892845
2.352376
2.647711
3.100315
1.736313
2.969307
2.175177
2.754455
2.414291
2.379259
3.304622
3.125372
2.544375
2.179153
2.440984
2.371298
3.745698
2.226995
3.165133
2.910372
2.605294
3.170598
2.934837
2.492653
2.649142
2.854413
2.688498
3.594115
3.013468
3.913462
3.814551
3.451616
2.621341
4.578934
4.776866
3.907350
3.402236
3.866787
5.267042
4.025959
4.101024
4.982305
4.345647
4.308786
4.177409
4.605215
3.824746
4.919781
5.468984
4.745642
4.735995
5.429594
5.047781
5.617636
6.645897
5.826979
6.986366
6.091493
5.956384
6.246115
6.291068
6.388758
6.809004
6.416010
7.578435
7.848581
7.114204
6.845336
6.970670
7.742955
7.717814
8.229405
7.696845
7.941041
8.568959
9.314886
8.723076
8.317880
9.354049
10.215657
9.599766
9.700104
9.466103
10.750019
10.023567
10.563516
10.681117
11.581665
11.051681
11.364640
11.617043
12.155597
12.200785
12.096268
13.743571
13.349579
14.268631
13.945399
14.810224
15.394829
14.762317
14.632332
15.485164
16.858201
16.660730
17.162460
17.286389
18.562111
18.710624
18.614504
18.977390
19.950087
21.127101
21.052668
22.062662
22.495624
22.460691
24.426980
25.320084
25.380056
26.641493
26.835386
27.251286
28.553585
29.789224
30.154456
30.766510
31.040979
32.241331
33.975006
35.111902
36.183943
37.328524
37.335685
40.171981
41.281124
42.021773
43.972782
42.241217
41.828430
40.327194
39.069514
38.283776
37.001588
35.684103
35.598439
34.407199
33.112099
31.964285
31.052280
30.486710
28.668147
27.725265
27.304969
26.311022
26.165077
23.955417
24.787807
23.651835
23.557372
21.806885
21.265254
21.536384
20.479780
19.588551
19.724740
18.923840
18.415790
18.156873
18.254312
17.171335
17.519516
16.195048
15.822485
15.243363
15.600510
15.104270
14.130904
13.639015
14.244021
14.295316
13.195297
12.762276
13.421666
12.190947
11.498368
11.446065
11.631897
12.040346
11.290032
10.259390
10.661752
10.266127
9.756492
9.932503
9.470616
9.309932
9.449581
9.040714
8.587834
8.680251
7.833483
9.197500
8.230613
8.019671
8.082325
8.070415
7.824617
6.209702
7.102697
7.043570
7.175870
6.786629
7.645310
7.280096
6.453657
6.693171
6.417300
6.145537
5.567886
5.884476
5.735996
5.421625
4.908804
5.705415
5.019999
5.385746
4.761873
5.271632
4.184421
5.643109
4.390722
4.710482
5.651269
4.150483
4.739296
4.756231
4.093223
4.562501
4.210042
4.462717
4.914890
4.987193
4.278174
3.659762
4.321444
4.217106
3.729276
4.216856
3.995051
4.543837
5.007901
4.051742
4.864684
4.227938
3.124099
5.636127
4.373302
3.293325
4.103893
4.514815
3.620750
4.394685
3.774202
4.440959
4.011431
4.921987
4.058095
4.187391
5.250242
4.071386
5.072381
5.140641
5.432524
5.155551
5.462740
4.580347
5.938859
5.848475
6.088237
5.461713
6.473166
6.169767
7.670569
7.157432
8.060416
8.762172
8.278806
8.876449
9.544789
11.053622
10.110867
11.648960
11.663108
13.279929
14.205426
15.893776
16.392148
19.054516
19.943378
20.402793
23.201434
22.834144
19.577748
18.027723
16.647423
14.911215
15.195818
12.960327
12.949788
10.419596
10.390476
9.911976
8.852888
8.208699
7.974955
7.816145
7.104720
6.851899
6.352228
5.201927
5.957692
5.356435
4.468790
5.226487
4.855577
4.140671
3.311522
4.549162
3.975074
4.266023
3.165673
3.714136
3.059906
2.325056
2.827169
2.832245
2.137491
2.408481
1.734986
2.950082
1.946094
2.114867
1.434249
1.977370
1.938738
1.584650
1.031730
2.082647
1.645626
0.929050
1.418789
1.223298
1.843802
1.251088
0.840705
1.148020
2.248257
1.835278
1.470936
1.131406
1.679555
1.718528
1.314113
0.271290
1.356179
1.970117
1.435917
1.079890
1.278575
0.905562
0.906544
1.791209
1.225394
0.671637
1.107511
0.890301
1.158612
1.343403
0.991664
0.578705
1.414680
0.605403
1.103205
0.269071
0.546331
-0.268643
0.141361
1.083015
0.560089
0.683216
0.564750
0.435768
1.176759
0.540039
0.667075
1.362545
0.249009
0.310636
0.154964
1.251233
0.618938
0.696561
1.265351
0.386678
-0.258560
0.271270
0.852343
0.672657
0.639424
0.332237
0.595531
1.036867
0.667524
0.023071
-0.128435
0.178081
0.714362
0.913425
0.193392
0.830038
0.950972
-0.202272
0.045050
0.496568
0.335769
-0.277436
-0.046011
-0.065964
1.180159
-0.464942
0.591713
0.472351
-0.090581
-0.270713
0.437456
0.374182
1.118604
1.145639
-0.125427
0.285018
0.340374
0.218430
0.955337
0.632829
-0.089277
0.497263
0.409518
0.155327
0.223513
0.087524
0.166524
0.260372
-0.179719
0.034227
-0.349714
0.807886
0.073080
0.837592
0.412195
0.077016
-0.176304
0.022935
-0.582725
0.224603
1.034728
-0.104804
-0.456610
0.315995
0.953835
0.305474
-0.614453
0.553945
-0.518650
-0.695812
1.227154
0.054971
0.114689
0.189692
-0.336500
0.368048
0.502323
-0.551267
0.199690
0.681404
0.452506
-0.498509
0.509264
-0.452522
0.077579
0.508095
0.622819
0.351347
-0.034501
0.295537
-0.137474
-0.173363
0.079256
0.256264
0.050582
-0.010282
0.719023
-0.503388
-0.514582
-0.487304
0.417929
0.517925
0.243139
-0.126083
0.457062
-0.651392
-0.271482
0.210440
0.491549
-0.477066
0.613440
0.839056
0.758505
0.659834
0.299461
0.392101
0.679113
-0.245559
0.170974
0.482666
-0.426144
0.181005
0.283249
-0.407897
-0.164921
0.086259
0.066583
0.383991
0.443878
-0.228848
-0.498134
-0.184015
-0.199909
0.566639
0.709840
0.156260
-0.159522
-0.259763
0.726213
1.281536
0.131340
0.345097
-0.092735
-0.024629
0.064256
0.012701
0.746498
-0.596634
1.728398
0.308343
0.342830
-0.403318
0.164648
-0.608282
0.117826
-0.498782
0.018439
0.372928
0.459695
-0.490191
-0.003808
0.081956
0.529839
0.216517
0.556392
0.388468
0.617360
0.866520
0.059652
0.718589
-0.155464
-0.366117
0.060162
0.418086
-0.607507
0.119254
-0.027837
0.401624
-0.433188
0.394131
0.166948
0.166677
0.540919
-0.433924
-0.621658
-0.190708
0.414821
-0.257345
0.228638
1.229733
1.137515
0.097142
0.640389
-0.328550
0.072526
-0.104937
-0.191934
0.123697
-0.550692
0.398562
0.234740
0.452773
-0.354502
-0.564044
0.012882
0.542386
0.394190
0.165401
-0.349032
-0.396434
-0.122242
0.545028
-0.185430
0.863330
0.274036
0.772128
0.545902
0.285109
-0.474355
0.888944
0.443247
-0.630700
1.118668
-1.183104
0.539927
-0.134578
-0.199042
0.108998
-0.397785
-0.398467
0.071186
-0.470071
-0.456312
0.371096
0.147443
-0.140373
0.114091
-1.022666
0.523610
-0.449595
1.373873
-0.535824
0.003603
0.506800
0.266321
-0.462918
0.111584
-0.674447
-0.508939
-0.033946
0.733833
0.116302
0.456082
-0.465640
-0.472108
0.358445
-0.090492
0.225516
-0.534033
-0.046998
-0.205167
0.211609
-0.694858
-0.031689
0.194546
-0.073010
0.578990
0.470070
-0.461654
0.593225
-0.476337
0.018477
-0.057155
-1.556255
-0.333797
0.802886
0.312866
0.423305
0.565750
-0.834931
0.795664
-0.375945
0.193804
-0.000589
0.525415
0.817983
-0.253838
-0.451028
0.179950
-0.197748
0.368448
-1.421230
-0.106297
0.796463
0.524854
-0.097545
0.275963
0.432216
-0.455818
-0.048977
-0.156722
-0.215507
1.133232
0.420259
0.534562
0.296154
-0.644971
0.977089
-0.177203
-0.326041
-0.187664
0.062139
-0.031706
0.645876
-0.411867
-0.310466
0.501827
-0.996171
-0.179938
0.047567
0.330747
0.283422
-0.434631
0.023452
0.350742
-0.063820
-0.117435
-0.113131
-0.011904
-0.716115
-0.440454
-0.820238
0.657343
-0.343762
-0.412438
-0.115239
-0.589672
1.089497
0.112908
0.046508
0.233586
1.016014
0.188870
-0.500670
0.418701
0.125539
0.603270
0.067911
-0.529860
0.207958
-0.224945
-0.811523
1.165757
-0.172849
0.063648
-0.152991
0.010237
-0.016634
-0.167197
0.364357
-0.523945
0.463386
0.966738
0.358601
-0.379416
-0.654098
-0.037357
0.013478
-0.278191
0.021709
0.328604
0.224312
-0.176201
-0.022114
0.382220
-0.391586
0.562077
1.418382
-0.713115
0.533380
-0.355762
0.571617
0.001694
-0.110187
0.071004
-0.735485
0.450710
0.613829
-0.715461
0.447203
0.562198
-0.069927
0.886356
0.296184
0.241772
0.669269
1.006021
-0.183282
0.554359
0.369356
-0.188159
0.562625
-0.716236
-0.322981
-0.313728
0.093923
-0.708300
0.994626
0.270340
-0.471953
-0.472793
-0.464305
0.210846
0.472383
0.061890
-0.413141
-0.965542
-0.922499
-0.260630
1.087561
-0.946669
-0.237393
-1.039200
-0.184462
0.253623
-0.331982
0.285486
-0.147419
0.598119
-0.020908
0.472371
0.917440
-0.169814
-0.101718
0.230941
-0.689287
0.404396
0.777783
-0.863214
0.611229
-0.800729
0.906558
0.907672
0.883227
-0.140593
-0.359910
0.263995
-0.285065
0.233180
0.006385
0.144385
0.220810
-0.411504
-0.376212
0.692889
-0.661891
0.373635
0.326717
0.193367
-0.751985
-0.223470
0.163143
-0.202077
0.400983
0.751412
-0.036450
0.471577
-0.521654
-0.751584
0.163363
0.059926
1.058181
0.271385
0.465241
0.517245
-0.168549
0.108164
-0.265073
-0.611071
0.254827
-0.148730
0.204215
0.685931
0.391747
0.188770
-0.049619
0.476279
-0.303546
-0.158776
0.035420
-0.149674
-0.317972
0.567399
-0.236013
0.090424
-0.404026
0.580989
-0.552280
-0.669132
-0.549033
0.726723
0.119379
0.340704
-0.546153
-0.199928
0.015353
-0.515499
0.400283
0.127905
0.081342
-0.360977
-0.121959
-0.074809
0.197592
-0.327179
-0.148000
1.061184
0.103585
-0.727748
-0.274609
0.743280
-0.357142
0.092202
-0.003888
0.663076
-0.282241
0.583270
0.066885
-0.385832
0.796220
-0.158104
0.023626
-0.204987
0.356020
0.824786
-0.112169
-0.146681
0.896228
0.964803
-0.647399
-0.182921
0.027163
-0.083308
-0.317805
-0.304947
-0.088810
0.940442
0.342132
0.481422
0.264638
0.317452
0.173626
0.422846
0.114886
0.392952
1.077305
-0.359869
-0.051242
-0.323784
0.078020
-0.144599
-0.701524
0.116993
-0.755324
-0.657912
-0.569146
-0.386970
0.122091
-0.097022
-0.296508
0.500610
-0.011095
0.352060
-0.006094
-0.595378
0.486587
0.195821
0.470740
-0.082306
0.164586
-0.350055
-0.229713
0.712164
0.288049
0.665908
0.809560
-0.954341
-0.175949
0.178700
-0.427151
-1.006288
0.082601
0.963831
-0.356591
-0.839839
0.095079
-0.438530
-0.876688
-0.113538
0.088555
0.196405
0.330196
0.849255
0.227972
0.169208
-0.162223
-0.215617
0.102534
0.268855
1.217739
0.294968
0.157608
-0.952100
0.409206
-0.431733
-0.005664
-0.066989
-0.125797
0.261342
-0.039336
-0.509077
-0.219267
0.056258
-0.197152
-0.405972
-0.269396
0.894556
-0.216767
1.325822
-0.714254
0.627925
0.371828
1.520868
0.639382
1.112759
0.651996
-0.209883
1.618550
-0.798185
1.267460
-0.960387
1.330259
-0.908009
0.388689
0.819913
-0.067691
0.464143
0.108300
-0.164043
0.314592
0.807256
0.698999
0.033057
0.574247
0.986520
1.066882
0.531365
0.649902
0.463015
0.605189
1.009901
0.490841
1.490076
0.229633
0.334968
0.502856
0.650328
0.487829
1.257193
1.035771
0.171661
0.408161
0.800414
1.345167
0.290047
0.813687
-0.141504
0.774216
-0.011463
0.535596
1.423288
1.247344
0.240063
0.357358
0.195873
0.788042
0.542613
0.331475
1.093682
1.096209
1.131643
1.553670
0.660584
1.520804
0.897183
1.134730
0.784846
1.659153
0.608075
0.957030
1.648185
2.629001
0.982997
1.949127
1.313234
2.098350
2.276847
2.588648
2.171860
1.809516
3.293045
2.560745
3.420134
2.544449
3.709623
1.816094
3.493156
3.687147
3.098713
3.371218
4.123954
4.241643
3.486762
4.746491
3.236429
4.578103
5.085942
4.577053
5.465773
5.107688
5.834555
6.446895
6.608207
8.500097
7.888875
7.983349
9.313149
10.414991
10.184925
10.745738
11.331053
12.564913
13.557256
13.343651
15.704063
17.595835
18.510868
20.104549
21.676088
23.415731
26.499792
28.079690
29.978935
31.998855
36.771105
39.172795
43.836370
43.065783
38.954222
35.888776
32.733939
29.592285
27.039223
25.348867
23.358059
20.736926
19.211042
18.049710
17.127089
15.284107
13.165889
13.230648
11.792280
11.015842
10.923579
10.862223
9.347597
8.683740
8.668038
7.373260
7.436727
6.808260
5.773159
5.396268
5.263375
5.618999
5.334895
5.257811
4.528482
5.736975
4.050199
4.680545
3.313366
3.397289
3.569466
3.786184
3.391501
2.830760
2.633923
3.365487
3.227033
2.378832
1.983398
2.081603
1.521381
1.824253
2.422177
1.922512
0.997475
1.586582
1.840844
1.409790
1.742295
0.736400
1.416946
1.462637
0.729860
1.941406
0.655947
1.181522
1.190753
1.280699
0.933836
1.348476
1.606779
1.420752
0.903111
-0.100179
0.170853
1.195785
0.817480
0.062834
1.260994
-0.491393
0.652106
0.770392
0.764269
0.997675
0.969281
1.217514
0.071232
0.510335
0.344748
-0.304454
0.791301
0.481769
-0.202641
0.449233
0.165522
-0.086762
0.799083
0.067691
-0.604718
0.675251
0.123373
0.257973
0.603808
0.392208
0.385984
0.126617
1.180679
-0.080509
0.089775
0.572470
0.387179
0.213997
-0.078375
0.668168
0.069675
0.654070
0.805487
0.535159
-0.305717
-0.098774
0.628389
-0.336628
0.289073
0.242110
-0.130029
0.112162
0.116968
-0.127835
-0.363859
-0.078530
1.263971
-0.194436
0.190252
-0.135736
0.182884
1.187816
0.566118
1.091567
-0.094852
-1.425396
0.389584
0.489858
-0.587056
0.738080
1.124513
0.061494
0.914946
-0.253742
0.147471
-0.531244
0.520619
-0.159232
1.534014
-0.458592
-0.363508
0.830466
0.825965
0.851742
0.112500
-0.081498
-0.063264
0.752984
-0.278036
0.195170
0.444701
-0.631704
-0.048237
-0.239402
0.110359
-1.090984
0.425190
-0.590963
-0.192437
0.287219
0.670026
0.497263
-0.163883
0.604500
0.784722
-0.496854
-0.302059
0.470800
0.555035
-0.373257
0.259413
0.463325
-0.358012
-0.021647
-0.299750
0.251595
-0.571868
0.153316
-0.164714
-0.014173
-0.273979
0.265182
0.144866
0.379710
-1.171131
-0.320845
0.123292
-0.182340
-0.082562
-0.326583
0.574462
-0.546942
0.445988
0.442427
0.514088
-0.545114
-0.048352
0.361590
-0.375847
0.431863
-0.259475
0.695412
-0.234099
-0.128389
-0.544548
0.464917
0.064704
-0.308973
1.652595
-0.031681
0.799777
-0.987549
0.237890
0.298681
0.646331
-0.234346
0.177548
-0.090995
0.359128
-0.421959
-0.355416
-0.197104
-0.259142
-0.150257
-0.094442
-0.600707
-0.280373
0.444198
0.010172
-0.145808
-0.284218
0.284103
-0.138702
0.472603
0.851141
-0.712653
0.036885
-0.299879
0.426885
0.486995
-0.124684
-0.296230
-0.598082
0.575624
0.415094
-0.979703
-0.310886
-0.069959
0.678624
-0.287343
-0.280622
-0.443536
0.456991
0.132138
0.529204
0.070715
0.354258
0.071537
0.347287
0.273655
0.403696
0.145708
0.361036
0.274193
0.626361
-0.584075
-0.409763
-0.358479
-0.429516
0.274878
-0.111918
-0.466303
-0.433256
0.042041
0.227480
0.028700
0.598860
0.602967
0.826755
-0.623387
0.286727
0.188367
0.543765
0.709821
0.077342
-0.002603
-0.571427
0.769090
0.730942
-0.044822
-0.562068
0.021728
-0.167319
0.303194
0.224368
-0.154492
-0.363007
-0.470574
-0.776322
0.249921
0.123948
0.459562
-0.371532
0.219150
0.739459
0.649607
-0.338346
0.664966
0.603261
-0.650226
-0.107866
0.100001
0.949776
0.681834
-1.050136
-0.040136
-1.010629
-0.823202
-0.076852
0.325195
-0.110644
-0.014211
-0.574710
-0.061634
-0.246835
0.479852
0.369552
-0.151813
-0.030850
-0.230610
-0.900512
0.149808
-0.186021
-0.336415
0.732936
0.088150
0.501017
0.904321
0.122981
0.564458
-0.148013
0.464681
-0.401992
-0.308789
1.810028
-0.590140
-0.646501
0.168680
-0.029160
0.742902
-0.114048
-0.460304
1.431931
0.509509
0.271992
0.129389
-0.101913
0.452197
-0.082152
0.382190
-0.027476
-0.355781
-0.000838
-0.153666
-0.101375
0.231894
0.284760
0.913545
0.023572
-0.328485
1.054529
0.346442
-0.604235
-0.131427
-0.050362
0.301780
0.303320
0.902446
-0.071534
0.761797
0.567683
0.938884
-0.378757
0.462683
-0.006379
1.231505
1.893800
0.800906
-0.113161
0.337929
0.120892
0.470809
0.446790
0.515525
0.497631
0.143909
0.183634
0.937906
0.273422
0.343274
0.511472
0.553415
0.455585
0.761673
0.970785
-0.662602
1.196920
0.806167
0.396826
2.515716
1.947852
1.007898
1.362387
1.467028
1.419205
2.201556
1.626233
1.886881
2.279027
2.953690
2.908594
2.448991
3.624981
3.700547
2.960598
4.813323
5.050639
5.467310
6.339050
7.300571
7.550861
8.885711
11.256302
12.174467
13.615253
16.365547
19.935351
22.501467
27.317341
33.562875
27.118564
22.797131
18.460896
16.852512
13.897269
12.723536
10.699611
9.555319
7.597895
7.539172
6.615464
6.037182
4.262080
3.851635
4.205085
4.273251
4.692827
3.532501
2.624186
2.302515
3.379163
3.820736
3.110132
2.439363
1.829029
2.250141
2.369948
1.604600
1.638673
1.163400
1.810284
1.861552
1.877959
1.984722
1.514603
2.292388
2.452763
3.046912
3.456534
2.364697
3.260933
2.776843
2.110735
4.375572
3.357378
2.989559
3.310966
3.048079
4.425572
4.109413
3.522147
5.740238
4.797373
4.277116
5.209047
5.333250
5.863946
6.330934
6.121309
7.206891
7.315487
8.695894
9.110743
9.119276
9.602745
10.941500
12.408855
14.691216
14.949611
15.594697
17.584460
19.831699
20.629174
23.338064
24.779306
27.529204
31.112403
34.558006
38.413662
43.196841
48.005426
52.582342
47.286195
42.247258
36.802921
34.374134
29.108241
26.355603
24.887934
21.209067
20.617766
18.041090
16.701680
15.487907
13.957261
12.524547
12.534314
10.513506
10.865639
8.942602
8.257510
6.329386
8.244402
7.263567
7.034318
6.020581
5.987258
5.071047
4.224893
4.549921
4.201219
3.788153
4.179683
3.670110
3.210853
3.137655
3.632247
2.510899
2.242971
2.633887
2.937489
2.000891
2.409706
2.145562
2.100783
1.038028
1.645196
1.195626
1.394604
0.657641
0.497222
2.018224
1.389106
2.197341
1.064456
0.988496
1.433426
0.819918
0.779216
0.402065
0.165821
0.662603
1.309788
0.019163
1.076493
-0.298053
1.062696
1.083118
0.707222
0.806408
0.533238
0.656245
1.134047
0.705852
0.835094
0.267027
1.005932
1.358591
0.304480
0.744790
0.205827
1.754113
0.156382
0.510425
1.083873
1.435880
1.278480
0.616310
0.541699
0.928895
1.442480
1.796061
1.066181
1.627404
1.346101
2.179494
1.279441
2.087248
1.393471
2.387422
1.851470
2.430544
1.969951
2.700202
2.911065
4.427783
3.711610
4.421773
4.565660
5.481476
6.214024
6.692905
7.070007
7.598555
9.218229
10.366146
12.657142
14.839865
15.272869
19.472212
23.098700
27.080729
31.714481
37.978481
42.061203
34.665551
28.937157
25.205497
21.118278
16.892495
14.691520
12.935627
11.976018
10.403001
8.284227
8.020503
6.452004
5.867645
5.315813
5.532691
3.901533
4.238350
3.220699
1.746586
3.108449
2.894555
2.515759
2.078401
1.914726
1.749953
2.341595
1.547240
1.170541
1.690135
0.605409
0.801509
0.511421
0.543997
0.422716
0.129137
1.339325
0.356599
0.047453
1.132032
0.471001
0.245876
0.737873
-0.502179
0.227375
0.292284
0.502930
0.220786
0.016237
0.370778
-0.342748
0.473927
-0.572944
0.064721
-0.736283
0.783132
-0.303993
0.083698
0.203423
-1.178339
0.705721
-0.083933
0.855144
0.946077
0.814316
1.610707
-0.249104
0.410476
-0.035392
-0.160276
-0.179420
0.515932
0.448119
0.136102
0.701251
-0.806198
0.341397
-0.423015
0.802355
1.178772
-0.053876
0.035476
-0.088864
1.019808
-0.695317
0.708522
-0.259110
0.345527
-0.840046
0.311567
-0.649582
-0.888592
0.572890
0.539487
-0.794459
0.540730
0.129329
-0.011914
0.345478
-0.368850
0.283011
0.183166
0.736619
-0.413140
-0.709403
0.069873
-0.219354
1.337771
-0.455360
0.129675
-0.230094
0.102278
0.297487
0.622369
0.196968
-0.641921
0.657439
0.605983
0.350939
0.435904
-0.127200
0.399810
-0.607110
-0.405285
0.839643
-0.444164
0.197136
1.038636
0.132322
0.908643
-0.099887
0.255633
1.040771
0.032424
-0.153828
0.026668
0.095397
1.270579
-0.541496
-0.225290
-0.921408
0.559820
-0.142734
-1.145589
-0.131049
0.024477
-0.026882
0.093196
-0.282980
0.747626
0.757159
0.392970
-0.059331
-0.721545
-0.431998
-0.900675
0.071294
-0.095386
0.313571
1.195491
-0.142751
-0.525960
0.429178
0.396821
-0.357405
-0.196064
0.471199
-0.273177
-0.046053
0.164657
0.095562
0.401556
-0.332078
0.057838
-0.423584
-0.143529
-0.104406
1.042435
0.182006
0.591163
-0.234209
-0.501612
0.296868
0.196661
0.317807
0.061224
-0.338867
-0.091165
-0.214672
-0.157627
1.121383
0.028222
-0.091756
-0.601281
-0.322841
0.820532
0.336986
-0.294806
-0.192038
-0.134255
0.095589
-0.443386
0.149359
0.315500
-0.296854
-0.841589
-0.447422
0.638613
-0.157596
-0.903448
0.765616
0.140339
0.332829
0.036374
-0.403806
0.041123
-0.146819
0.543540
0.289228
-0.239666
-0.317646
-1.436774
0.701733
-1.060533
0.036833
0.465062
0.141235
-0.566880
0.535052
0.043858
1.405957
-0.228043
-0.056035
0.257506
-0.317726
0.162088
-0.123096
-0.037298
-0.385833
0.111984
-1.055391
0.220605
-0.083382
-0.061530
-0.396189
0.311033
0.063474
-0.493140
-0.265226
-0.815923
-0.503137
-0.840297
0.025370
0.120224
-0.003664
-0.184511
1.086859
-1.142254
0.102299
0.220736
0.228129
-1.048051
-0.409631
0.340876
-0.290331
0.461740
0.150900
-1.141231
-0.075095
0.038779
0.319233
0.496118
0.501663
1.369200
0.488729
0.512487
0.640857
-0.332897
-0.217169
-0.463688
0.064116
-0.250688
0.300237
-1.089293
0.006345
0.013904
0.603418
0.344985
0.135368
-0.018688
0.632565
-0.335610
0.926880
-0.161340
-0.127745
0.028590
-0.590121
-0.085560
0.129641
-0.025793
0.772806
0.653740
-0.197748
-0.302606
0.176460
0.703083
0.122708
0.201082
-0.545023
-0.374961
-0.232655
-0.851022
0.499185
-0.562619
0.412151
-0.356552
0.137971
-0.165169
0.285229
0.804334
0.304539
0.874264
-0.243557
-0.043155
0.843277
-0.864295
-0.006257
0.636921
-0.548956
0.055573
-0.568190
0.095527
0.244136
-0.841418
-0.432849
0.723670
-0.380346
1.220304
0.200227
0.759926
-0.714259
0.073460
0.827556
-1.092624
0.210659
0.092359
-0.558408
-0.076217
-0.034092
0.723148
0.599832
-0.184963
-0.262044
0.016332
-0.635355
0.415825
-0.208450
0.184945
0.420219
0.500545
-0.202468
0.165379
0.174189
0.675443
-0.299400
0.642209
0.733019
0.451633
0.288419
-0.726329
-0.582250
0.085758
-0.181113
-0.616773
-0.128086
-0.775952
-0.877059
0.067118
-0.053509
0.077549
-0.122157
1.335572
0.168898
-0.137733
0.884015
-0.241169
-0.362225
-0.854455
0.265622
0.362634
-0.448821
0.882809
0.188784
-0.407315
1.361938
0.455763
0.505714
-0.058545
0.132049
0.135116
0.917182
-0.376329
-0.472953
0.438877
0.011642
-1.495068
0.104347
0.124036
-0.701239
-0.995814
0.587831
0.684113
-0.394344
0.122753
-0.075066
-0.566887
-0.656529
0.131231
-0.063624
0.016473
0.753469
0.675848
-0.361007
0.173332
-0.697051
0.280173
-0.250839
0.285519
-0.125390
0.522383
0.099388
-0.084069
0.630497
0.335578
0.774802
-0.118893
0.332662
0.292290
-0.137316
0.299079
-0.077720
-0.361952
-0.621204
-0.020274
0.060569
0.124302
-0.516414
-0.754113
-0.532114
0.006640
0.302459
0.844092
0.201440
-0.069830
-0.143117
-0.283216
-0.192691
-0.340544
0.805838
0.711795
0.183693
0.334465
-0.277485
0.794679
0.429466
-0.978839
0.713125
-0.402433
0.143955
0.047882
0.350199
0.594738
-0.467881
0.353306
-0.613613
-0.301697
0.173009
-0.563536
0.474598
0.038244
0.138459
-0.239464
-0.130799
-0.828209
0.620702
0.029380
-0.098856
-0.636185
0.137531
-0.929654
-0.684140
-0.226151
0.087316
0.403988
0.697989
0.776624
0.072860
1.207561
-0.453426
0.915431
-0.106002
-0.701411
0.764310
-0.112799
-0.057213
0.545618
-0.564491
0.277361
0.136846
-0.184194
1.264451
-0.757351
-0.111038
-0.452485
-0.535644
-0.834877
0.027534
0.065153
-0.766142
-0.222095
-1.123362
-1.183262
0.083169
0.030070
0.488465
0.375869
0.031681
-0.256799
0.632787
0.260362
0.498130
-0.493916
-0.285300
0.877228
-0.693318
-0.024561
-0.370933
0.159138
-0.207011
-1.533511
0.357877
0.756914
-0.309398
0.650976
-0.032024
-0.383696
-0.248946
-0.269475
0.458708
-0.380917
0.076782
-0.953829
-0.180943
-1.079624
-0.551075
0.388476
-1.161057
-0.477529
-0.486687
0.126292
-0.039323
0.482089
-0.596799
0.102077
0.675678
0.062733
-0.538883
0.228491
-0.703761
-0.050090
-0.442266
-0.698605
0.827060
-0.894127
-0.057273
1.112603
0.705975
0.465201
0.130058
0.151775
-0.862817
0.036066
-0.440437
-0.197741
0.381859
-0.780132
0.024233
0.366505
-0.083916
0.147965
0.405976
-0.226773
-0.571847
-0.745227
-1.011690
-0.370896
-0.939870
0.112917
0.307141
-0.105711
-0.047235
-0.288011
-0.163227
0.277274
-0.492924
0.133142
0.739938
-0.038490
-0.305784
0.283332
-0.223892
-0.763538
-0.556316
-0.458562
0.818971
-0.372177
-0.211244
0.075137
-0.214121
-0.395546
-0.153389
-0.414947
-0.002643
0.261695
0.553513
-1.036332
-0.243772
0.324493
-0.310975
-0.513807
0.146060
-0.133359
-0.016557
0.247627
-0.165761
-0.336206
0.890870
-0.258243
-0.395689
-0.284484
-0.090578
-0.295953
-0.309545
0.140144
-0.526587
0.345038
0.262259
-0.358182
0.778954
1.001656
-0.002882
-0.267514
0.423087
-0.086058
0.280778
-0.477042
-0.631942
0.253150
-0.582499
-0.323451
0.156943
0.218599
0.332489
-0.108092
0.354453
-0.211567
-0.253881
-0.521880
-0.876398
0.483012
-0.143752
0.442710
0.697828
-0.480329
0.278645
-0.160498
-0.095730
-0.109553
-0.074937
-0.596074
1.399758
0.309851
0.524902
0.536732
0.336407
0.250664
0.170501
0.295688
-0.044796
0.476320
-0.596635
0.111084
0.476035
-0.509419
0.467103
-0.447468
-0.380315
-1.115782
-0.024291
-0.594102
1.111757
-0.439034
0.117504
0.249293
0.237370
0.318741
-0.973317
-0.594587
0.754162
0.116978
0.443138
0.069906
-0.025127
-0.056872
0.048314
-0.228990
0.478113
-0.030343
0.027761
-0.110296
-0.787704
-0.191843
0.317683
0.454030
0.193636
0.537363
-0.077910
-0.260067
0.304094
-0.233631
0.013515
0.478088
-0.295944
0.754341
-0.234040
-0.414356
0.124729
-0.130742
0.340759
0.645641
0.686183
0.236643
0.250952
0.798062
0.129663
-0.391199
-0.552164
0.238835
0.103812
-0.183201
-0.435800
-0.348718
0.201974
-0.409373
0.258434
-0.146612
-0.352655
0.402500
0.516652
0.080313
0.553474
0.008488
-0.530550
-0.364897
-0.265910
0.239504
0.469063
-0.548176
-0.415254
0.243817
-0.035389
0.206522
-0.057895
-0.114026
-0.584120
0.317480
-0.167701
0.064802
-0.146924
