0.091914
0.044979
0.003487
-0.060905
-0.096190
-0.129245
-0.187216
-0.251662
-0.202048
-0.109574
-0.152531
-0.220950
-0.204814
-0.178971
-0.184210
-0.189171
-0.171222
-0.146686
-0.123098
-0.094401
0.020594
0.174603
0.330173
0.513826
0.295089
-0.081539
0.002665
0.166353
0.088658
-0.005699
-0.003708
0.005912
-0.087820
-0.211751
-0.322563
-0.452889
-0.337091
-0.124322
0.057739
0.298238
0.261503
0.130940
0.072578
-0.028387
-0.016394
0.031344
0.030683
0.038140
0.017696
-0.015939
-0.040354
-0.069980
-0.059675
-0.033844
-0.015059
0.012234
-0.153522
-0.398179
-0.059433
0.470134
0.005098
-0.731943
-0.320630
0.346523
0.213535
-0.018422
0.062232
0.144796
0.084447
-0.002714
0.021083
0.064396
0.052932
0.039056
0.045353
0.053302
0.044389
0.031211
0.020631
0.007372
0.013970
0.028037
0.038496
0.053022
0.077141
0.106866
0.140359
0.179098
0.097736
-0.031872
-0.150840
-0.300608
0.190918
0.942007
0.286807
-0.777224
-0.111763
0.949098
0.442932
-0.361574
-0.208598
0.046046
-0.061879
-0.175046
-0.038322
0.163880
0.009830
-0.238660
-0.169850
-0.048009
-0.040441
-0.023045
-0.189480
-0.441629
-0.320657
-0.100554
-0.091173
-0.085490
0.009435
0.118287
0.211310
0.029626
0.019715
-0.047515
-0.049938
-0.033456
-0.046314
-0.055934
-0.091492
-0.139675
-0.106632
-0.047691
-0.066627
-0.097963
-0.098487
-0.099957
-0.099193
-0.094660
-0.090958
-0.085606
-0.103122
-0.129683
-0.153557
-0.182948
-0.192690
-0.196371
-0.224387
-0.257838
-0.085953
0.168178
-0.532045
-0.059253
-0.131838
0.012155
0.102078
0.212737
0.212708
0.169572
0.152244
0.113975
0.051703
-0.027863
-0.127865
-0.247208
-0.145758
0.038412
0.192878
0.396848
0.282238
0.052125
-0.113242
-0.338921
-0.261825
-0.077306
0.032241
0.192288
0.136269
0.004041
-0.036821
-0.097399
0.060828
0.312592
0.195621
-0.011243
0.017998
0.066529
0.008895
-0.059871
-0.159856
-0.289583
-0.062443
0.299299
0.244537
0.113418
0.142429
0.159691
0.010471
-0.198135
-0.045885
0.214451
0.123323
-0.028490
0.062908
0.192137
0.124161
0.015756
0.027065
0.049484
0.040122
0.035121
0.043943
0.057324
0.041368
0.016531
-0.002212
-0.025630
-0.124051
-0.255932
-0.094550
0.167992
0.057447
-0.133387
-0.030774
0.119570
0.089702
0.036594
0.042998
0.044750
0.046968
0.053506
0.055683
0.058077
0.047705
0.031541
0.016118
-0.003055
0.001588
0.014684
0.022878
0.035468
0.033944
0.027954
0.027087
0.024811
0.028618
0.034896
0.039494
0.045181
0.044719
0.041974
0.040606
0.038103
0.032891
0.026139
0.018340
0.009087
0.044976
0.099280
0.150124
0.212906
0.048051
-0.208435
-0.040205
0.241698
0.170047
0.046200
0.058642
0.067178
-0.088276
-0.300907
-0.037820
0.383525
0.253288
0.012890
-0.036122
-0.113729
-0.075677
0.018454
0.079518
0.165038
0.077627
-0.075407
-0.022370
0.069286
0.065639
0.061359
0.102803
0.153315
0.019225
-0.184323
-0.075499
0.114141
0.054237
-0.040900
-0.039135
-0.039074
-0.017280
0.023223
0.061796
0.110616
0.159895
0.213967
0.064720
-0.168744
-0.114569
0.001000
0.015373
0.045915
0.019159
-0.035117
-0.070988
-0.117992
0.008166
0.204736
0.071421
-0.150928
-0.104299
-0.019875
-0.041833
-0.062865
-0.008378
0.067411
0.140059
0.229349
0.200114
0.127912
0.138487
0.151600
0.234186
0.356288
-0.080545
-0.729327
-0.442860
0.083046
0.344781
0.705349
0.618654
0.359992
0.220823
0.004552
0.031460
0.138362
0.155915
0.198686
0.230927
0.261044
0.317011
0.381866
0.394907
0.392802
0.402338
0.404244
0.340827
0.247272
0.148726
0.027018
0.059668
0.146615
0.202888
0.287899
0.337898
0.383217
0.365324
0.314635
0.378386
0.468769
0.519766
0.578601
0.641436
0.705474
0.777142
0.853044
0.854359
0.826730
0.806761
0.768589
0.841512
0.953987
1.042890
1.152061
1.215554
1.266613
1.340435
1.413280
1.590966
1.815215
2.034112
2.283653
2.504661
2.727322
3.317313
4.061354
4.247327
4.306931
4.869560
5.527912
6.105749
6.747448
7.495707
8.310708
9.848208
11.735689
13.661955
15.845234
18.591067
21.700811
25.959575
30.937345
35.476157
38.368735
33.184313
25.976472
22.399893
18.564935
16.070034
14.408757
12.633259
11.341705
10.129659
9.166131
7.948592
6.747852
5.902038
5.188219
4.554923
4.055327
3.691718
3.457149
3.075795
2.706853
2.609093
2.616993
2.332749
2.002427
1.622140
1.168065
1.033155
0.994180
0.864665
0.775377
0.706843
0.656404
0.645994
0.663292
0.658944
0.662609
0.696210
0.744010
0.956402
1.248653
1.030197
0.649289
0.625326
0.623036
0.433131
0.211350
0.335844
0.572874
0.606830
0.643781
0.450076
0.138128
0.365667
0.742921
0.659543
0.507450
0.534487
0.556767
0.609082
0.690915
0.693352
0.679019
0.512383
0.264677
0.505398
0.899826
0.834891
0.698248
0.744404
0.786095
0.836450
0.907756
0.975519
1.052511
0.637002
0.015885
0.352701
0.948613
0.885695
0.765297
0.949126
1.165705
1.074185
0.899132
1.076228
1.331395
1.334645
1.304580
1.256322
1.158036
1.238851
1.464302
1.578577
1.732290
1.865346
1.996322
2.157749
2.328970
2.526270
2.742480
2.967947
3.208975
3.642217
4.165516
4.696711
5.293821
5.912857
6.572946
7.300386
8.078044
9.134159
10.339420
11.585195
12.947586
15.109717
17.671074
20.318988
23.275499
27.848493
33.263075
40.179556
48.300639
45.647031
39.132349
34.341131
27.332967
23.617222
20.445999
17.697040
15.731556
13.356750
11.219637
9.914557
9.031549
8.004718
7.202581
6.495522
5.918982
5.436977
5.066428
4.783876
4.601008
3.957438
3.173871
2.887942
2.699369
2.442066
2.253834
2.173301
2.163683
1.983499
1.775376
1.648873
1.525945
1.626119
1.831542
1.732551
1.576978
1.553702
1.527968
1.435539
1.327588
1.294469
1.278854
1.243416
1.215670
1.155291
1.082532
1.018985
0.950101
1.047405
1.213896
1.452762
1.772443
1.822707
1.803870
1.880882
1.937767
2.057298
2.204202
2.328333
2.462234
2.741642
3.085128
3.431195
3.823797
4.014093
4.140390
4.599526
5.240997
5.809646
6.468000
7.141176
7.854985
8.731863
9.698737
10.700760
11.777178
13.569370
15.704707
18.323321
21.384163
25.067366
29.273790
27.924138
24.521481
22.007527
18.321319
16.040951
13.903535
12.088384
10.626210
9.309292
8.253713
7.240888
6.384102
5.797158
5.402680
4.860548
4.374354
3.989546
3.658455
3.276832
2.909615
2.755802
2.694191
2.556630
2.452558
2.448901
2.495622
2.231537
1.869446
1.661272
1.439752
1.293576
1.189501
1.069585
0.970637
0.841056
0.706591
0.913941
1.261199
1.246501
1.179547
1.275746
1.378551
1.278776
1.113176
0.964446
0.770596
0.653809
0.550456
0.397206
0.237182
0.517829
0.977521
0.730829
0.314138
0.404188
0.555392
0.503156
0.446674
0.395292
0.322547
0.243570
0.152470
0.135686
0.144182
0.136875
0.142561
0.174155
0.221188
0.280428
0.354839
0.277677
0.144423
0.033507
-0.110240
0.003070
0.212737
0.166752
0.084363
0.130008
0.186001
0.196756
0.206670
0.233504
0.262354
0.289244
0.318035
0.351614
0.387914
0.425960
0.466532
0.439814
0.385832
0.337380
0.271378
0.224598
0.178359
0.113169
0.042205
0.121112
0.259076
0.384450
0.548012
0.417262
0.177845
-0.009452
-0.256659
-0.165513
0.047045
0.083464
0.137661
0.127115
0.078702
0.050082
0.005284
-0.027105
-0.059699
-0.109418
-0.165206
-0.196424
-0.221844
-0.254742
-0.285503
-0.366190
-0.467911
-0.565326
-0.676054
-0.263792
0.365218
0.052430
-0.504140
-0.300667
0.012236
0.032529
0.060078
-0.156604
-0.504790
-0.319366
0.005621
0.125779
0.280687
0.116145
-0.189727
-0.149477
-0.062009
-0.138304
-0.225501
0.002000
0.340955
0.169132
-0.134475
-0.034884
0.120423
0.117870
0.116952
0.116442
0.100155
-0.016678
-0.183643
-0.012351
0.268730
0.301761
0.316514
0.290774
0.212972
0.247404
0.300906
0.230580
0.128386
0.052165
-0.041051
0.014637
0.128469
0.218496
0.341408
0.061251
-0.377522
-0.030268
0.534429
0.420504
0.202955
0.215323
0.205101
0.210985
0.237482
0.241729
0.247872
0.237946
0.219716
0.203966
0.183678
0.165894
0.147313
0.123946
0.098433
0.113852
0.145175
0.172474
0.209849
0.171088
0.104228
0.039320
-0.045987
0.005241
0.105212
0.169131
0.255011
0.191769
0.071550
0.204180
0.401906
0.403387
0.378646
0.431760
0.484934
0.501897
0.511723
0.523791
0.529634
0.612575
0.725642
0.828958
0.950407
0.463311
-0.275255
0.159936
0.912275
0.665194
0.265771
0.247070
0.213148
0.350509
0.593933
0.585039
0.536623
0.620899
0.716396
0.517873
0.213554
0.347870
0.588113
0.697591
0.847515
0.821877
0.726646
0.679813
0.602370
0.595968
0.610574
0.590816
0.573803
0.599616
0.641298
0.683703
0.738387
0.766874
0.790046
0.598018
0.309158
0.488222
0.798222
0.986100
1.232922
1.210358
1.087861
1.037026
0.941327
1.047316
1.225688
1.349492
1.505354
1.491309
1.414213
1.549754
1.728233
1.777155
1.813588
1.901745
1.992339
2.075072
2.161079
2.250359
2.341733
2.432775
2.525004
2.620817
2.718675
2.898969
3.115678
3.212254
3.166137
3.471757
3.847452
4.158561
4.512272
4.504865
4.356929
4.574756
4.844121
4.908921
4.949561
5.567607
6.398355
6.785580
7.144903
7.503920
7.802768
8.345688
8.964232
9.509964
10.085997
10.769228
11.504560
12.116282
12.711174
13.774274
15.015621
16.218377
17.537819
18.915943
20.369630
22.336524
24.563410
26.446885
28.360420
31.318111
34.697810
38.103785
41.829264
39.618423
35.034201
32.849628
29.945307
27.439810
25.020826
23.075865
21.415372
19.827166
18.453217
17.176583
16.049415
15.140418
14.404598
13.408700
12.406393
11.864527
11.488035
10.703192
9.870849
9.315972
8.813657
8.609304
8.585745
8.197743
7.770947
7.506739
7.254943
7.013376
6.799194
6.673158
6.598543
6.548558
6.542483
6.488026
6.436169
6.210455
5.906860
5.882316
5.921602
5.866855
5.831557
5.871188
5.941859
6.028684
6.144863
6.243598
6.350377
6.514831
6.705748
6.961887
7.264286
7.591725
7.958402
8.329225
8.722850
9.157114
9.619795
10.092224
10.586421
11.109937
11.657160
12.380993
13.194187
14.024541
14.922774
15.973604
17.122989
18.336196
19.638903
21.180148
22.871589
24.645899
26.551112
28.664865
30.937469
33.708911
36.789129
40.272929
44.125970
47.985654
52.063931
48.962916
42.910271
39.980323
36.235689
33.522338
31.196684
28.518550
25.981320
24.053406
22.413461
20.890302
19.616300
18.144071
16.716621
15.556566
14.510282
13.538245
12.679428
11.937306
11.305756
10.829562
10.483642
9.940396
9.390688
8.665710
7.842233
7.473531
7.233618
6.765762
6.309425
5.999847
5.733977
5.369623
4.999387
4.679807
4.368597
4.106748
3.875187
3.650565
3.448315
3.330611
3.260101
3.209160
3.197614
2.768995
2.183445
2.467259
3.003281
2.729848
2.322238
2.217516
2.093083
2.067504
2.106824
1.952836
1.757476
1.725179
1.722409
1.668245
1.623317
1.545843
1.453408
1.425487
1.414559
1.410328
1.423742
1.317217
1.168636
1.157263
1.171862
1.136058
1.105508
1.106512
1.118067
0.683979
0.068558
0.492650
1.226887
1.090810
0.839829
0.757502
0.600934
0.621014
0.699327
0.613420
0.503631
0.491220
0.491663
0.503507
0.536537
0.434676
0.286555
0.476057
0.773256
0.603691
0.321738
0.329249
0.357834
0.253889
0.134080
0.028155
-0.093329
0.070668
0.350314
0.337972
0.285814
0.368232
0.458334
0.467926
0.461113
0.466795
0.461581
-0.044058
-0.766409
-0.199302
0.761923
0.530202
0.112115
0.163688
0.201447
0.253698
0.355375
0.445858
0.556275
0.359933
0.041223
0.258164
0.613198
0.481675
0.264556
0.215622
0.146616
0.184415
0.276062
0.343665
0.437579
0.263812
-0.014068
0.087571
0.273561
0.194945
0.083456
0.073709
0.063829
0.061012
0.071910
0.083176
0.101772
0.100716
0.094771
0.097266
0.098981
-0.048660
-0.259322
-0.012030
0.384772
-0.015831
-0.637174
-0.344886
0.148270
0.044941
-0.121319
-0.046666
0.037843
-0.007354
-0.077613
-0.130162
-0.200653
-0.111984
0.037876
0.067190
0.090740
0.085932
0.053593
0.015551
-0.040820
-0.030543
-0.001101
0.006447
0.020718
0.040524
0.063518
0.093058
0.127464
0.031131
-0.117858
0.104483
0.446304
0.326418
0.105386
0.215406
0.370000
0.345720
0.301272
-0.117826
-0.724730
-0.427545
0.126647
0.299244
0.525644
0.393452
0.093485
0.178337
0.310335
0.142268
-0.090635
0.071817
0.340336
0.200011
-0.022706
-0.114858
-0.233357
-0.128515
0.072838
0.130332
0.195489
0.202347
0.172756
0.152468
0.112886
-0.015662
-0.190122
-0.113984
0.037847
0.109278
0.208506
0.173836
0.086706
0.102214
0.122633
0.083256
0.031606
0.049836
0.085715
0.105401
0.133868
0.139903
0.138793
0.147610
0.154929
0.149607
0.139256
0.127977
0.112608
0.117175
0.128210
0.134143
0.143048
0.119787
0.083690
0.052016
0.012802
0.020056
0.044018
0.058206
0.080987
0.113703
0.153638
0.201961
0.258287
0.317341
0.382195
0.455283
0.534882
0.487265
0.389441
0.303907
0.186603
0.155031
0.146352
0.101188
0.060304
0.124489
0.231522
0.079293
-0.152045
-0.026921
0.185353
0.221188
0.260534
0.257403
0.219160
0.184980
0.131578
0.164823
0.226360
0.264293
0.314617
0.163928
-0.068985
0.038705
0.231503
0.292821
0.374142
0.227501
-0.020686
0.090966
0.284004
0.354598
0.449335
0.597037
0.765623
0.444428
-0.069772
0.012250
0.205657
0.193261
0.208628
0.163794
0.084562
0.035028
-0.024364
-0.046700
-0.054743
-0.074353
-0.088262
0.150349
0.497853
0.398239
0.186145
0.272620
0.386081
0.366680
0.335008
0.315384
0.281069
0.238253
0.186211
0.195744
0.226254
0.244491
0.273856
0.279195
0.278227
0.289717
0.301007
0.304090
0.304908
0.305972
0.305209
0.512046
0.806386
0.489659
-0.024088
0.100999
0.340877
0.552365
0.848338
0.671256
0.329476
0.116355
-0.169293
0.322347
1.124358
0.953758
0.597064
0.559887
0.468467
0.444290
0.457139
0.456675
0.475017
0.532795
0.614758
0.612866
0.590804
0.597704
0.598597
0.611544
0.629871
0.641689
0.654535
0.667539
0.680402
0.694272
0.708520
0.708787
0.703389
0.698994
0.690891
0.686838
0.682878
0.674911
0.665713
0.731363
0.827859
0.919821
1.032234
0.982634
0.873202
0.791890
0.677348
0.710931
0.794945
0.811437
0.838517
0.891472
0.953248
0.914522
0.839906
0.856637
0.884776
0.871025
0.854470
0.855587
0.858474
0.857362
0.857250
0.899139
0.958944
1.017940
1.089437
1.061477
0.996970
0.949685
0.882069
0.888434
0.918574
0.999320
1.120573
1.156787
1.181159
1.207564
1.220280
1.190926
1.137471
1.071675
0.984881
1.033407
1.128364
1.195651
1.287252
1.450604
1.652951
1.460232
1.125286
1.216745
1.381157
1.376813
1.380003
1.314672
1.205846
1.106432
0.983385
1.188356
1.522819
1.400907
1.180224
1.270325
1.398053
1.406510
1.414759
1.479750
1.556157
1.628954
1.711574
1.643720
1.516060
1.509472
1.510439
1.586285
1.710352
1.839975
2.002488
2.004051
1.953131
1.943241
1.909173
1.952565
2.021932
2.063255
2.113020
2.078250
2.008498
2.144843
2.343537
2.364813
2.361640
2.432296
2.504122
2.525328
2.533360
2.545373
2.547547
2.498047
2.422370
2.338768
2.234055
2.323955
2.485930
2.617599
2.790754
3.038084
3.333206
3.289707
3.132376
3.069657
2.957995
3.048198
3.211377
3.254323
3.301685
3.431377
3.585437
3.572626
3.508947
3.478344
3.420308
3.302229
3.149249
3.485271
4.006649
4.051452
4.032114
4.229084
4.437573
4.393380
4.269975
4.171106
4.018801
4.344222
4.850471
4.874804
4.829407
5.012804
5.209846
5.321012
5.426259
5.418002
5.349581
5.550695
5.826284
5.901052
5.953813
6.094468
6.240944
6.304404
6.344576
6.395052
6.430207
6.589206
6.794810
6.979299
7.189757
7.349447
7.497468
7.674394
7.852774
8.061534
8.286963
8.512818
8.749882
8.956866
9.156348
9.413336
9.688092
9.710234
10.137437
10.320772
10.563410
10.796984
11.028668
11.265066
11.501624
11.510517
11.423113
11.807684
12.323846
12.506067
12.657839
12.963978
13.286172
13.856084
14.555269
14.701983
14.700431
15.133039
15.622401
15.935173
16.245375
16.688461
17.168184
17.638115
18.135119
19.078737
20.224039
20.223023
19.876057
20.618967
21.542117
22.051048
22.583599
23.350720
24.184856
25.030038
25.936162
26.563211
27.101242
27.714479
28.288450
29.105591
30.015762
31.094513
32.314339
33.243370
34.132629
35.181802
36.249588
37.337321
38.459196
39.600749
40.768788
41.253384
41.461673
41.727002
41.814750
40.121859
37.594134
37.257428
37.273230
35.899067
34.330674
33.107299
31.792527
31.017646
30.466192
29.791892
29.227190
28.407651
27.518030
26.751873
25.978425
25.270970
24.601251
23.922120
23.263656
22.620409
21.992325
21.384904
20.794991
20.255736
19.748427
19.257223
18.793206
18.346587
17.921816
17.524567
17.151108
16.691109
16.208351
15.832084
15.481300
15.117576
14.771564
14.453335
14.153858
13.739964
13.289115
13.026956
12.815652
12.482434
12.141153
11.859271
11.585975
11.365509
11.177835
10.997244
10.840627
10.621767
10.388407
10.182606
9.975144
9.747329
9.512994
9.278037
9.037605
8.774659
8.499503
8.253918
8.012809
7.895503
7.836103
7.593480
7.313142
7.158166
7.019454
6.834840
6.651590
6.536477
6.446133
6.353900
6.279686
6.250161
6.247896
6.076602
5.850893
5.795649
5.769540
5.678409
5.591314
5.539909
5.498697
5.459608
5.429978
5.340276
5.229671
5.131465
5.022378
4.938502
4.861567
4.772380
4.683902
4.611098
4.543998
4.476859
4.414037
4.400338
4.409561
4.327063
4.221481
4.124824
4.011435
3.938284
3.875357
3.785300
3.692751
3.513183
3.292550
3.587012
4.072188
4.042094
3.936667
4.023884
4.103206
4.092146
4.059328
4.143435
4.257527
4.343336
4.443544
4.370784
4.228179
4.389577
4.629281
4.667345
4.688499
4.801822
4.925088
5.033226
5.149346
5.277143
5.412046
5.547559
5.687897
5.835659
5.988906
6.549885
7.287709
7.249455
7.007029
7.462148
8.036213
8.362683
8.713404
9.115038
9.523482
9.952868
10.399746
11.200761
12.162875
13.127995
14.207386
15.343964
16.558742
17.889369
19.311990
20.935743
22.700454
21.629309
19.438867
18.520361
17.318256
15.908712
14.412688
13.267995
12.210300
11.525185
11.076572
10.203172
9.299306
8.661536
8.077732
7.497944
6.973331
6.506524
6.090593
5.886660
5.802894
5.317736
4.740549
4.572991
4.494099
4.299088
4.139595
3.988887
3.846265
3.739109
3.651762
3.550989
3.457543
3.385465
3.324489
2.880299
2.280519
2.321791
2.522339
2.774210
3.190439
2.680845
1.859771
2.036135
2.392906
2.289914
2.181454
2.097630
1.973043
1.838078
1.682205
1.693287
1.764510
1.834232
1.949177
2.187506
2.499368
2.191264
1.666891
1.570598
1.489457
1.379724
1.310255
1.270742
1.259816
1.289051
1.351943
1.255627
1.111592
1.137846
1.197337
1.165232
1.127761
1.129999
1.136918
1.017365
0.850395
0.930141
1.079251
1.074768
1.063561
1.132741
1.216712
1.164554
1.069916
0.997097
0.899240
1.004335
1.186362
1.092554
0.938921
0.863885
0.765049
0.772613
0.822619
0.783187
0.736856
0.739161
0.749457
0.733120
0.714344
0.705375
0.696616
0.702304
0.715276
0.727920
0.745368
0.762468
0.781636
0.805789
0.832995
0.772930
0.677689
0.589412
0.478372
0.511676
0.596467
0.651528
0.733351
0.734551
0.710839
0.718070
0.718256
0.758999
0.816973
0.598125
0.273858
0.365942
0.556468
0.617717
0.714178
0.665476
0.557819
0.491844
0.400606
0.391839
0.410738
0.397648
0.392646
0.395947
0.403185
0.418181
0.439202
0.433010
0.418884
0.412230
0.402156
0.406979
0.417329
0.423556
0.432196
0.383385
0.310822
0.243203
0.160472
0.197913
0.279929
0.341161
0.427163
0.364376
0.247686
0.248346
0.257924
0.253788
0.260423
0.277813
0.303374
0.224135
0.105271
0.224537
0.415461
0.348644
0.230954
0.200448
0.155905
0.216635
0.324811
0.414612
0.529977
0.444494
0.283586
0.157654
-0.010010
-0.098885
-0.170088
-0.009400
0.266581
0.204025
0.076005
0.098235
0.117871
0.112763
0.111820
0.110452
0.108237
0.111870
0.117551
0.122097
0.127739
0.112515
0.088805
0.067120
0.040111
0.078265
0.141866
0.197162
0.267748
0.449333
0.684433
0.408253
-0.048643
0.002657
0.131367
0.047031
-0.037868
0.014086
0.101449
0.087196
0.060789
0.090917
0.128644
0.150545
0.175261
0.165366
0.140387
0.119688
0.090077
0.147573
0.238409
0.180818
0.084918
0.110552
0.154230
0.151833
0.151156
0.154760
0.156113
0.158695
0.161198
0.165577
0.170846
0.175963
0.181632
0.185030
0.187705
0.191047
0.194094
0.194423
0.193526
0.192447
0.190427
0.092945
-0.045616
-0.000794
0.092697
0.120612
0.162851
0.259755
0.379689
0.364012
0.307213
0.140589
-0.106397
-0.068009
0.042516
0.056678
0.093860
0.068330
0.016698
-0.009165
-0.042935
-0.018509
0.029702
0.067423
0.117990
0.173613
0.236298
0.085537
-0.152199
-0.164630
-0.144554
-0.079905
0.042800
0.052941
0.047111
0.106587
0.174447
0.139509
0.071675
0.017472
-0.057233
0.059415
0.249319
0.042133
-0.279422
-0.234149
-0.128435
-0.092137
-0.018209
0.003933
0.014324
0.014330
-0.001072
0.014457
0.034827
-0.052266
-0.179541
-0.020740
0.229576
0.060385
-0.214129
-0.098835
0.088544
0.146757
0.225066
-0.037596
-0.449599
-0.323054
-0.073447
-0.081049
-0.083397
-0.102898
-0.154472
-0.407308
-0.762627
-0.280505
0.488610
0.509373
0.434881
0.232743
-0.147589
-0.096021
0.042298
-0.023480
-0.089713
0.043835
0.240564
0.059899
-0.230584
-0.190740
-0.101768
-0.143717
-0.183372
-0.075655
0.081980
0.234596
0.424072
0.386167
0.268254
0.198263
0.087092
0.073770
0.087859
0.055482
0.026540
-0.065084
-0.186691
-0.302408
-0.436306
0.080394
0.866026
0.620029
0.129993
0.213431
0.317284
0.135591
-0.097311
-0.049347
0.063892
0.109742
0.187248
0.260131
0.338746
0.279153
0.162950
0.167730
0.182826
0.133005
0.073208
0.086075
0.118312
0.136573
0.165657
0.159295
0.141442
0.136212
0.127214
0.077484
0.009995
-0.059537
-0.142575
-0.059329
0.088125
0.214413
0.379392
0.311725
0.160958
0.060105
-0.083087
-0.068582
-0.001532
0.015288
0.052057
0.042984
0.018434
0.016112
0.011142
0.102120
0.235037
0.137221
-0.028957
-0.026599
-0.008997
0.006458
0.045989
0.033473
0.009866
0.013408
0.017795
-0.011931
-0.052901
-0.091312
-0.137515
-0.013397
0.179812
0.089065
-0.072092
-0.117145
-0.175858
0.006926
0.298360
-0.033014
-0.552904
-0.311097
0.100521
0.071717
0.015745
-0.045587
-0.168567
-0.136057
-0.066842
-0.068191
-0.065899
-0.054439
-0.044845
-0.032438
-0.018738
-0.021686
-0.030812
-0.037860
-0.048682
-0.015097
0.035833
0.011035
-0.033154
0.020254
0.098084
0.231815
0.411110
0.233309
-0.069165
0.144871
0.482443
0.282874
-0.032662
-0.193053
-0.398651
-0.203832
0.156607
0.157997
0.126624
0.153253
0.151188
0.412888
0.779515
0.584792
0.228317
0.006757
-0.292636
-0.240902
-0.061951
0.022360
0.163200
0.152797
0.094508
0.100505
0.095399
0.008112
-0.112539
-0.240628
-0.396218
-0.264528
-0.024275
0.175064
0.438287
0.212169
-0.196558
-0.095582
0.084882
0.001004
-0.104130
-0.111533
-0.115302
-0.090125
-0.040581
0.012253
0.080971
-0.074501
-0.317573
-0.143875
0.142367
0.078981
-0.036299
-0.016690
-0.001026
0.000691
0.008908
0.014715
0.021065
0.034869
0.051845
0.069043
0.088610
0.106155
0.123972
0.144332
0.165687
0.165194
0.156141
0.149080
0.136541
0.160814
0.198394
0.228732
0.266123
0.120141
-0.101328
0.024004
0.242108
0.195669
0.116864
0.138567
0.159857
0.053062
-0.097785
-0.029687
0.097366
0.039245
-0.046856
-0.062205
-0.080169
-0.064662
-0.028646
0.044419
0.146402
-0.012671
-0.265349
-0.099331
0.173334
0.089248
-0.052323
-0.064788
-0.087033
0.172039
0.559899
0.366046
0.014817
0.068598
0.159365
0.065134
-0.047594
0.133387
0.411083
0.655497
0.962172
0.617957
0.022441
0.163644
0.431635
0.290803
0.113443
-0.104795
-0.400834
-0.082856
0.455597
0.228662
-0.155608
-0.103113
-0.019552
0.054362
0.184978
0.175391
0.131697
0.152669
0.170326
0.232399
0.318666
0.400102
0.495522
0.350467
0.109133
-0.107395
-0.383949
-0.284367
-0.050242
0.105724
0.331312
0.290288
0.160171
0.112998
0.031136
0.057130
0.121543
0.132426
0.149955
0.181039
0.215338
0.133172
0.004392
0.225791
0.562014
0.397133
0.109923
0.095531
0.086836
-0.064236
-0.244332
-0.169002
-0.013666
0.099481
0.259216
0.322040
0.360992
0.206576
-0.051566
0.008876
0.135792
0.140061
0.157030
0.089543
-0.020915
0.042362
0.150483
0.119428
0.068565
0.071504
0.073317
0.076830
0.086234
0.083234
0.077898
0.081636
0.086826
0.089107
0.091793
0.088634
0.082869
0.077751
0.071069
0.063983
0.056062
0.046543
0.035910
0.032238
0.030837
-0.001138
-0.044320
-0.063599
-0.081198
-0.111672
-0.144305
-0.159797
-0.170371
-0.184021
-0.194861
-0.241886
-0.303316
-0.146357
0.092944
0.085259
0.034195
0.080752
0.122366
0.060502
-0.037373
0.110454
0.334994
0.247445
0.089069
0.047668
-0.010197
-0.031516
-0.032614
-0.051402
-0.064371
-0.256206
-0.523294
-0.288711
0.105126
0.091819
0.033025
0.067238
0.076597
0.083507
0.087577
0.066764
0.033772
0.071102
0.130012
0.173086
0.226980
0.168556
0.065734
-0.021169
-0.133998
0.026039
0.291716
0.087155
-0.239092
-0.138785
0.036202
0.274895
0.620859
0.419200
0.041542
0.090183
0.179751
0.169118
0.180169
0.241294
0.323276
0.245038
0.113703
0.291723
0.559525
0.493015
0.359088
0.334973
0.290589
0.329693
0.406449
0.235363
-0.014695
0.034812
0.148532
0.121350
0.096025
0.165745
0.261857
0.354675
0.468523
0.482653
0.463859
0.471108
0.463451
0.427882
0.376208
0.535293
0.773551
0.550534
0.190665
0.394180
0.724439
0.646462
0.513833
0.534484
0.551515
0.549122
0.552999
0.555186
0.557534
0.556517
0.553965
0.551713
0.548512
0.555042
0.565300
0.574158
0.585199
0.589129
0.590908
0.595242
0.598901
0.620605
0.649942
0.633722
0.603604
0.620845
0.646900
0.656166
0.667432
0.657903
0.638684
0.622300
0.600380
0.883058
1.293047
1.111788
0.770869
0.909652
1.115120
1.129930
1.145662
1.276449
1.436435
1.590898
1.768877
1.735403
1.622392
1.474888
1.253044
1.424448
1.724690
1.930747
2.198746
2.349045
2.468318
2.656035
2.845873
2.970793
3.076333
2.918637
2.632980
2.906956
3.331216
3.596793
3.924534
4.143280
4.327978
4.580465
4.834299
5.139878
5.475284
5.810393
6.164831
6.494978
6.823816
7.238680
7.686962
8.246956
8.879253
9.542011
10.263440
10.949971
11.652371
12.414598
13.206021
14.327782
15.919526
17.107288
18.378377
19.960542
21.671339
23.417529
25.271996
27.222794
29.269069
32.112354
35.349707
39.143805
43.443857
42.031649
38.484939
36.000345
32.362553
29.667908
26.946633
24.702628
22.749091
20.944934
19.390993
17.870097
16.496335
15.381350
14.448923
13.453481
12.544178
11.828626
11.229207
10.440497
9.646183
8.981788
8.350003
7.571727
6.760159
6.681721
6.884116
6.319234
5.637111
5.284604
4.936161
4.674837
4.487389
4.303011
4.163783
4.019359
3.894209
3.816045
3.766355
3.668106
3.567514
3.423777
3.255443
3.007913
2.710591
2.390878
2.029918
2.102265
2.337283
2.092901
1.766647
1.836064
1.984708
2.006792
2.054049
1.973114
1.836027
1.729521
1.596140
1.637070
1.742813
1.348784
0.790933
0.881695
1.118750
1.194481
1.338804
0.957590
0.367821
0.784167
1.475231
1.198971
0.746392
0.759344
0.785325
0.131262
0.711332
0.546114
0.570099
0.519316
0.446465
0.404299
0.356932
0.383802
0.443072
0.494000
0.564423
0.628743
0.698718
0.789071
0.890097
0.782830
0.594094
0.425551
0.205366
0.518889
1.037442
0.698322
0.146860
0.257141
0.458666
0.405033
0.355660
0.348072
0.333242
0.318993
0.306021
0.274391
0.235481
0.198703
0.157446
0.140540
0.132123
0.118036
0.108093
0.048330
-0.031289
0.101538
0.310180
0.323173
0.310942
0.387317
0.468855
0.453279
0.408183
0.373325
0.318705
0.285662
0.253623
0.215675
0.177968
0.187374
0.216315
0.243426
0.283902
0.176321
0.011809
0.101105
0.256039
0.218865
0.157584
0.174549
0.193170
0.176804
0.154613
0.179205
0.217267
0.200562
0.171818
0.159753
0.143344
0.130859
0.119773
0.104154
0.087678
0.135763
0.210437
0.281403
0.370089
0.311343
0.197777
0.094680
-0.045263
-0.012937
0.076530
0.120511
0.190157
0.198518
0.188014
0.206358
0.221646
0.131890
-0.000939
-0.132172
-0.294034
-0.218124
-0.055226
0.065727
0.234773
0.195797
0.086403
0.035430
-0.045711
-0.043799
-0.014499
-0.019545
-0.017577
-0.022825
-0.031493
-0.032862
-0.033492
-0.036128
-0.038499
-0.039960
-0.041122
-0.041937
-0.042367
-0.042495
-0.042278
-0.044269
-0.047006
-0.049288
-0.051960
-0.053658
-0.055075
-0.056934
-0.058747
-0.063696
-0.070005
-0.076134
-0.083155
-0.069625
-0.047749
-0.027682
-0.002298
-0.088508
-0.219902
-0.113116
0.062024
-0.036829
-0.195013
-0.126312
-0.017890
-0.044533
-0.086009
-0.078738
-0.071978
-0.071806
-0.069514
-0.067080
-0.064289
-0.069810
-0.078684
-0.086831
-0.097120
-0.061643
-0.007620
-0.051212
-0.122801
-0.083697
-0.020949
0.007268
0.043593
-0.094227
-0.306002
-0.181243
0.033614
-0.033588
-0.142950
-0.123230
-0.098209
-0.110465
-0.122429
-0.062449
0.024332
0.043078
0.053053
0.094277
0.137483
0.142710
0.136016
0.133258
0.122568
0.016114
-0.134387
-0.052796
0.096768
-0.030240
-0.218500
-0.169842
-0.078364
-0.062568
-0.033821
0.044396
0.141719
0.129363
0.084532
0.064599
0.028427
0.034839
0.054398
0.055509
0.059440
0.058903
0.055833
0.055729
0.055226
0.101419
0.167607
0.231394
0.308473
0.060561
-0.319660
-0.130225
0.205183
0.126254
-0.000249
0.046747
0.101397
0.126605
0.161243
0.206455
0.257466
0.086661
-0.174689
-0.012545
0.263877
0.199829
0.089309
-0.066751
-0.300019
-0.215750
-0.037372
0.047031
0.169171
0.134308
0.040374
-0.008473
-0.082441
0.178179
0.574167
0.468289
0.247732
0.173968
0.055783
0.131531
0.284524
0.222686
0.126172
0.120423
0.114296
0.011184
-0.123760
-0.050151
0.087011
0.068319
0.035176
0.076198
0.125501
0.287016
0.508010
0.319752
-0.002886
0.075812
0.218970
0.202465
0.190727
0.190762
0.181133
0.174664
0.166256
0.157104
0.147061
0.135070
0.121753
0.105643
0.087518
0.068125
0.046953
0.089394
0.157933
0.221877
0.302832
0.290186
0.245198
0.221819
0.182567
0.180635
0.189433
0.180362
0.172667
0.173837
0.177532
0.182128
0.189229
0.190088
0.189559
0.191901
0.194152
0.201412
0.211066
0.220433
0.231329
0.224290
0.210306
0.198677
0.182895
0.273471
0.407605
0.337402
0.211928
0.256433
0.325726
0.328851
0.333438
0.334512
0.327771
0.322167
0.313012
0.309684
0.307292
0.300983
0.294062
0.341750
0.411974
0.479179
0.561442
0.587080
0.595362
0.457787
0.244020
0.332612
0.498707
0.587746
0.712335
0.745014
0.747086
0.837676
0.941855
0.993723
1.039075
1.101453
1.162481
1.233004
1.308737
1.382800
1.459599
1.613730
1.801870
1.989495
2.201027
2.392046
2.585485
2.804551
3.033485
3.446100
3.944208
4.444814
5.005996
5.586333
6.203471
7.209425
8.400092
9.055978
9.612048
11.286354
13.333063
15.912730
19.012092
23.238793
28.245144
30.016187
25.997086
23.081583
18.344159
16.073778
14.116200
11.895278
9.970120
8.665209
7.734927
6.991923
6.569838
5.785647
5.017599
4.598858
4.297968
3.915643
3.590883
3.394405
3.270863
3.059869
2.859426
2.739275
2.648971
2.515955
2.387253
2.218558
2.030346
1.979648
1.974081
1.942063
1.934501
1.951195
1.986870
2.046605
2.128039
2.235102
2.365785
2.503035
2.656861
2.721421
2.756460
2.812561
2.854337
2.997071
3.178278
3.292822
3.407721
3.487510
3.545466
3.752574
4.009198
4.613819
5.405509
5.293202
4.920760
5.277354
5.726524
6.141268
6.661944
7.065612
7.465489
7.979794
8.528622
9.301054
10.196923
11.119797
12.135684
13.134056
14.171423
15.306042
16.498461
18.264191
20.311245
22.394187
24.684937
27.497266
30.632708
34.047624
37.788099
42.631001
48.125137
51.269055
46.543482
42.429103
36.915376
33.156923
29.554300
26.720336
24.472324
22.114413
20.065718
18.105247
16.315580
14.991282
13.954380
12.794983
11.767419
10.951873
10.275348
9.491071
8.748543
8.156257
7.636052
7.147104
6.721145
6.027576
5.252967
5.124452
5.204536
4.581284
3.824930
3.650242
3.586201
3.353710
3.162987
3.030162
2.923709
2.856657
2.824860
2.689489
2.530739
2.413262
2.291424
2.128676
1.950846
1.770594
1.577912
1.516430
1.504693
1.474413
1.473446
1.428235
1.375972
1.355813
1.341325
1.287942
1.224067
1.167993
1.106204
1.068864
1.040075
1.004377
0.972335
0.969034
0.978944
0.991344
1.014038
1.031120
1.050900
1.081598
1.117613
1.079168
1.012688
0.955008
0.880051
0.832427
0.789267
0.727114
0.661866
0.676002
0.720454
0.758128
0.815531
0.934019
1.087024
1.174049
1.255644
1.055835
0.726758
0.910871
1.222971
1.185448
1.113478
1.193150
1.284180
1.430999
1.622937
1.825433
2.059472
2.180714
2.269860
2.396606
2.512366
2.822773
3.214833
3.587428
4.010616
4.389836
4.771996
5.208269
5.664289
6.523944
7.570329
8.620181
9.801754
11.148820
12.628395
14.046463
15.517981
18.732179
22.706416
26.859086
31.628375
36.047664
40.625879
35.754026
28.282986
24.822951
20.850913
17.718946
15.129218
13.115943
11.691003
10.239073
9.112399
7.892511
6.782522
6.013034
5.430058
4.910913
4.542385
4.379778
4.382130
3.853167
3.197239
2.736615
2.243334
2.080944
2.064723
2.001982
2.022982
1.846559
1.620448
1.489167
1.354045
1.337062
1.378590
1.411803
1.481405
1.342169
1.130244
0.964928
0.763267
0.897531
1.162633
0.907172
0.527095
0.509224
0.531950
0.513021
0.533746
0.479818
0.408297
0.380712
0.355673
0.372114
0.412051
0.453183
0.510227
0.507196
0.486187
0.484248
0.475638
0.365444
0.210920
0.206598
0.234657
0.464942
0.812351
0.538633
0.076927
0.150177
0.297186
0.221593
0.142495
0.147216
0.162389
0.168550
0.184649
0.161977
0.126512
0.102935
0.074316
0.061733
0.054869
0.042189
0.031412
0.025881
0.022859
0.021534
0.022663
0.017187
0.010229
0.006109
0.001803
-0.022879
-0.056017
-0.088447
-0.126695
-0.250695
-0.413833
-0.121043
0.338321
0.214668
-0.030722
-0.074918
-0.152288
-0.123744
-0.044376
-0.002317
0.058899
0.075294
0.077644
0.101460
0.123084
-0.265420
-0.827186
-0.514463
0.045731
-0.057470
-0.234375
-0.119553
0.014612
0.013753
-0.004603
0.005206
0.004501
0.038484
0.085283
0.119927
0.159078
0.000737
-0.240812
-0.108599
0.122745
0.068351
-0.021592
0.006371
0.037588
0.120718
0.239946
0.361242
0.505829
0.083420
-0.569110
-0.261560
0.286624
0.187876
0.028288
0.153320
0.302442
0.175705
-0.026982
-0.190575
-0.402336
-0.328135
-0.150690
-0.035125
0.132771
0.042792
-0.138942
-0.255877
-0.415543
-0.154193
0.273134
-0.033154
-0.529234
-0.378248
-0.118558
-0.089063
-0.038057
-0.012040
-0.010950
0.011655
0.029087
0.052142
0.077445
0.036948
-0.029896
-0.017316
0.009744
0.005581
0.003329
-0.068816
-0.173111
-0.074801
0.087250
0.050674
-0.019092
-0.012702
-0.010493
-0.025729
-0.042283
-0.061808
-0.085062
-0.058598
-0.013042
0.026487
0.077662
0.080388
0.067319
0.068346
0.062841
0.052112
0.037592
0.064267
0.106141
0.092704
0.067217
0.060175
0.049477
0.038884
0.028576
0.128447
0.275342
-0.033133
-0.501665
-0.302233
0.058192
0.160494
0.299140
0.121795
-0.200303
-0.113493
0.046014
0.035533
0.030090
0.050310
0.065812
0.084069
0.104005
0.010206
-0.130908
-0.265359
-0.431191
-0.319267
-0.103159
0.019278
0.180092
-0.007833
-0.336079
-0.134599
0.189593
0.077541
-0.106536
-0.140565
-0.190695
-0.129454
-0.012483
0.084213
0.210190
0.175287
0.083504
0.028809
-0.053796
-0.061796
-0.047204
-0.064425
-0.076695
-0.122135
-0.182738
-0.237039
-0.299276
-0.282161
-0.234333
-0.198091
-0.143985
-0.116364
-0.092867
-0.049827
-0.003210
-0.014877
-0.047599
-0.073949
-0.113625
-0.179071
-0.261054
-0.212819
-0.119656
-0.135780
-0.163562
-0.139087
-0.109414
0.020560
0.201182
-0.008742
-0.350489
-0.266080
-0.103472
-0.098799
-0.079556
-0.052515
-0.032052
-0.000291
0.034020
-0.106055
-0.317938
-0.519574
-0.768964
0.000873
1.183095
0.537188
-0.585407
-0.351940
0.041566
-0.083054
-0.209547
-0.522863
-0.431716
-0.215039
0.224805
0.148492
-0.029572
0.006951
0.032444
-0.034815
-0.123987
-0.218873
-0.336281
-0.070571
0.346995
0.060344
-0.414219
-0.314529
-0.133124
-0.207490
-0.291585
-0.185244
-0.029517
0.105896
0.275973
0.219142
0.079855
-0.013925
-0.151011
-0.086777
0.047643
-0.011193
-0.098051
-0.539302
-1.164941
-0.470406
0.661927
0.448229
0.006750
0.242873
0.518042
-0.055958
-0.901229
-0.524261
0.155727
0.205202
0.257817
0.168868
-0.045609
-0.244918
-0.511588
-0.319606
0.037572
-0.027892
-0.147210
-0.119602
-0.099468
-0.082461
-0.054729
-0.033431
-0.010175
-0.005427
-0.008317
-0.008434
-0.012911
-0.069975
-0.151165
-0.115309
-0.046523
-0.051153
-0.059196
-0.029057
0.007955
-0.004554
-0.030871
-0.047634
-0.072047
0.025955
0.173470
-0.028940
-0.344077
-0.327086
-0.258655
-0.102342
0.150638
0.111233
0.002024
0.006188
-0.005080
0.021851
0.069809
0.101046
0.139068
0.043265
-0.108070
-0.246746
-0.420229
-0.311880
-0.098583
0.066632
0.290411
0.110348
-0.219195
-0.108126
0.077612
0.031512
-0.031588
-0.003897
0.029911
-0.022485
-0.099081
-0.164907
-0.246619
-0.181910
-0.061204
0.116231
0.359548
-0.045789
-0.690247
-0.347027
0.235706
0.075664
-0.183603
-0.155059
-0.129202
-0.094925
-0.027848
0.038370
0.120486
-0.014979
-0.235665
0.000130
0.367181
0.171763
-0.153140
-0.058499
0.094420
0.020386
-0.078480
-0.103900
-0.133738
-0.043201
0.104262
0.242546
0.416347
0.307877
0.094973
-0.069068
-0.291145
-0.236197
-0.085399
-0.006235
0.116700
0.067363
-0.042350
-0.099894
-0.181774
-0.161275
-0.103094
-0.074105
-0.029038
-0.015968
-0.012069
0.009622
0.031196
0.022761
0.003388
-0.014670
-0.040472
-0.048055
-0.051376
-0.063489
-0.075415
-0.050334
-0.010349
0.091662
0.230967
0.202694
0.127161
0.097953
0.048564
-0.021119
-0.103988
-0.206504
-0.325708
-0.258706
-0.122375
-0.011504
0.140740
0.122531
0.048486
0.024416
-0.022604
0.071422
0.220000
0.214600
0.184181
0.129369
0.036149
-0.044145
-0.139522
-0.123814
-0.066539
-0.043421
-0.003595
0.021609
0.044805
0.054521
0.056012
0.105564
0.170283
0.224308
0.285981
0.204398
0.064312
-0.061767
-0.224470
-0.107106
0.113747
0.284723
0.512629
0.410517
0.189380
0.041008
-0.167125
-0.193176
-0.162051
-0.200060
-0.221413
-0.425306
-0.706385
-0.253456
0.456293
0.344356
0.080866
0.124488
0.140758
0.150296
0.176672
0.177465
0.174549
0.090545
-0.032409
-0.042209
-0.030700
0.007687
0.079479
0.173069
0.294434
-0.143778
-0.804764
-0.395761
0.304871
0.276883
0.188830
0.073015
-0.159914
-0.007744
0.250464
0.019028
-0.330282
-0.085721
0.304445
0.121529
-0.174116
-0.133312
-0.062859
-0.128159
-0.201701
-0.025052
0.239816
0.168607
0.022230
0.048772
0.078080
0.019450
-0.056991
-0.108704
-0.167555
-0.068858
0.096150
0.040023
-0.062441
-0.085475
-0.119843
0.012534
0.218961
0.118184
-0.060950
-0.086613
-0.116224
-0.236005
-0.379754
0.072230
0.756918
0.342907
-0.366467
-0.171861
0.152634
0.123671
0.100902
0.076856
0.017744
-0.037711
-0.108178
-0.081945
-0.021214
0.019837
0.078920
0.177962
0.300373
0.165920
-0.062647
-0.011326
0.087784
0.075362
0.067516
0.083909
0.100950
0.120796
0.144705
0.039901
-0.117469
-0.265061
-0.446754
-0.135584
0.370353
0.354089
0.259090
0.214339
0.098775
-0.104609
-0.373223
-0.319187
-0.167730
-0.098407
0.015786
0.015413
-0.021377
-0.007433
-0.001098
-0.002021
-0.004226
-0.013593
-0.027375
-0.049204
-0.077285
-0.109648
-0.147613
0.101340
0.469298
0.203312
-0.246267
-0.141120
0.046898
0.015912
-0.010686
-0.034486
-0.078230
-0.119292
-0.168262
-0.027728
0.190017
0.039899
-0.210494
-0.155217
-0.055823
-0.076333
-0.094820
-0.063866
-0.023624
-0.072509
-0.149730
-0.101663
-0.023004
0.020213
0.075953
-0.116262
-0.411865
-0.225643
0.090891
0.006793
-0.135685
-0.122168
-0.112056
-0.108467
-0.092731
-0.078999
-0.061118
-0.109925
-0.185375
-0.074240
0.096739
0.043539
-0.057248
-0.084936
-0.127560
-0.097331
-0.035362
-0.111103
-0.222849
-0.040909
0.234538
0.065656
-0.217369
-0.124564
0.027617
0.041905
0.065140
-0.043178
-0.217881
-0.100416
0.096326
0.048246
-0.035918
-0.025139
-0.016795
-0.021726
-0.023395
-0.026257
-0.029503
-0.034310
-0.040086
-0.046203
-0.053084
-0.034357
-0.005127
0.022204
0.056361
-0.073458
-0.270051
-0.182639
-0.023039
-0.013738
-0.004488
-0.064315
-0.169473
-0.142397
-0.087613
-0.086004
-0.080035
-0.096281
-0.125566
-0.100259
-0.060186
-0.076114
-0.103169
-0.112090
-0.124441
-0.134746
-0.143868
-0.156484
-0.169814
-0.098913
0.007123
0.108759
0.233907
0.179338
0.058852
-0.029582
-0.154298
-0.229180
-0.296466
-0.064359
0.303976
0.103334
-0.243865
-0.423135
-0.659878
-0.510706
-0.206480
-0.199966
-0.206603
-0.120869
-0.033518
0.033870
0.103303
