0.006305
0.006230
0.006158
0.006068
0.005993
0.005918
0.005822
0.005718
0.005640
0.005567
0.005485
0.005404
0.005303
0.005193
0.005086
0.004973
0.004890
0.004818
0.004739
0.004665
0.004579
0.004490
0.004407
0.004323
0.004220
0.004108
0.003996
0.003879
0.003768
0.003657
0.003541
0.003422
0.003335
0.003261
0.003182
0.003112
0.003030
0.002947
0.002871
0.002798
0.002710
0.002619
0.002529
0.002437
0.002353
0.002270
0.002185
0.002101
0.001996
0.001883
0.001772
0.001655
0.001542
0.001429
0.001310
0.001189
0.001077
0.000968
0.000855
0.000743
0.000625
0.000505
0.000386
0.000265
0.000179
0.000107
0.000032
-0.000035
-0.000110
-0.000186
-0.000251
-0.000314
-0.000392
-0.000474
-0.000552
-0.000632
-0.000702
-0.000769
-0.000838
-0.000905
-0.000987
-0.001075
-0.001160
-0.001248
-0.001332
-0.001415
-0.001502
-0.001590
-0.001668
-0.001744
-0.001820
-0.001895
-0.001973
-0.002052
-0.002130
-0.002207
-0.002304
-0.002410
-0.002515
-0.002626
-0.002731
-0.002836
-0.002947
-0.003061
-0.003166
-0.003271
-0.003378
-0.003484
-0.003596
-0.003711
-0.003825
-0.003940
-0.004045
-0.004145
-0.004248
-0.004349
-0.004453
-0.004559
-0.004662
-0.004764
-0.004873
-0.004985
-0.005096
-0.005209
-0.005319
-0.005429
-0.005540
-0.005652
-0.005325
-0.004811
-0.004317
-0.003698
-0.003185
-0.002661
-0.002003
-0.001294
-0.000750
-0.000238
0.000335
0.000901
0.001596
0.002349
0.003090
0.003867
0.004453
0.004973
0.005538
0.006072
0.006682
0.007314
0.007910
0.008510
0.009242
0.010028
0.010812
0.011634
0.012416
0.013199
0.014023
0.014861
0.015493
0.016049
0.016628
0.017159
0.017765
0.018384
0.018949
0.019507
0.020154
0.020830
0.021493
0.022173
0.022807
0.023428
0.024070
0.024708
0.025477
0.026301
0.027117
0.027970
0.028795
0.029625
0.030493
0.031378
0.032205
0.033019
0.033853
0.034682
0.035552
0.036440
0.037322
0.038213
0.038318
0.038092
0.037910
0.037509
0.037306
0.037089
0.036637
0.036100
0.035876
0.035721
0.035463
0.035225
0.034760
0.034196
0.033664
0.033074
0.034339
0.036369
0.038261
0.040648
0.042542
0.044444
0.046879
0.049493
0.039761
0.024916
0.010792
-0.006728
-0.020925
-0.035224
-0.053176
-0.072378
-0.019318
0.063517
0.141913
0.240025
0.189357
0.084152
0.005737
-0.102591
-0.082332
-0.018540
0.008957
0.055026
0.049844
0.027714
0.026732
0.021378
0.022190
0.025816
0.024820
0.023829
0.023606
0.023224
0.022778
0.022310
0.021959
0.021641
0.021295
0.020966
0.020569
0.020149
0.019747
0.019335
0.019543
0.020010
0.020441
0.021043
0.021492
0.021952
0.022596
0.023308
0.023765
0.024165
0.024648
0.025112
0.025756
0.026478
0.027172
0.027911
0.028390
0.028777
0.029220
0.029616
0.030108
0.030625
0.031090
0.031555
0.032194
0.032901
0.033599
0.034345
0.035033
0.035716
0.036451
0.037200
0.037902
0.038597
0.039309
0.040019
0.040768
0.041536
0.042301
0.043076
0.043880
0.044701
0.045532
0.046379
0.047228
0.048087
0.048962
0.049848
0.050803
0.051793
0.052793
0.053820
0.054847
0.055887
0.056956
0.058044
0.059121
0.060206
0.061310
0.062425
0.063570
0.064733
0.065907
0.067098
0.069790
0.073130
0.076422
0.080157
0.083546
0.086990
0.090907
0.095014
0.098579
0.102053
0.105751
0.109443
0.113589
0.117949
0.122286
0.126762
0.130608
0.134248
0.138058
0.141778
0.145774
0.149864
0.153849
0.157863
0.162342
0.167022
0.171710
0.176545
0.181262
0.186000
0.190894
0.195852
0.207014
0.220862
0.234509
0.249987
0.264067
0.278390
0.294666
0.311739
0.326539
0.340953
0.356306
0.371635
0.388855
0.406967
0.424981
0.443573
0.491981
0.553335
0.614000
0.683597
0.746476
0.810609
0.884272
0.961866
1.026366
1.088146
1.154636
1.220469
1.296050
1.375969
1.454825
1.536293
1.722944
1.955462
2.186141
2.448669
2.687827
2.931772
3.209679
3.501805
3.910772
4.379713
4.858607
5.382211
6.157799
7.062612
8.002922
9.045576
10.357059
11.834646
13.799066
16.076936
18.805841
21.925097
26.210818
31.223551
37.667671
38.962235
32.318214
26.897480
22.936100
19.328308
16.455895
14.216609
12.266491
10.813974
9.371354
8.196748
7.119882
6.211247
5.575916
5.146060
4.539952
3.984079
3.650678
3.416816
3.085382
2.782634
2.588900
2.444663
2.188422
1.919262
1.707035
1.501118
1.401810
1.356850
1.314278
1.309479
1.198224
1.059627
0.964740
0.864365
0.826071
0.816248
0.798416
0.797092
0.747450
0.684136
0.639931
0.592333
0.569571
0.557810
0.541618
0.531325
0.508055
0.481557
0.461691
0.441761
0.429193
0.420430
0.411335
0.404662
0.394618
0.384240
0.376512
0.369397
0.365278
0.363001
0.361252
0.360908
0.365796
0.373625
0.382687
0.394205
0.405936
0.419038
0.434685
0.452079
0.469981
0.489188
0.510202
0.532650
0.557387
0.583961
0.611936
0.641609
0.673317
0.706834
0.742034
0.779013
0.817520
0.857689
0.899647
0.943307
1.008146
1.082982
1.158681
1.241675
1.321675
1.403910
1.493833
1.587757
1.757159
1.961367
2.166523
2.396386
2.614028
2.838148
3.088377
3.351459
3.719328
4.140573
4.570810
5.040981
5.646999
6.330485
7.049524
7.834378
8.958064
10.260528
11.616795
13.115612
15.214325
17.640789
20.663619
24.157313
28.364866
33.159966
40.050588
48.183772
47.775488
39.607530
33.316849
28.091575
23.741718
20.462396
17.464403
15.180478
13.275858
11.897043
10.318420
8.941343
8.001225
7.320321
6.450382
5.667751
5.086753
4.612446
4.218320
3.929659
3.558857
3.211018
2.976531
2.792337
2.571686
2.371092
2.225034
2.107719
1.955903
1.808652
1.693076
1.589463
1.537709
1.516981
1.506653
1.520780
1.461571
1.383719
1.334427
1.280786
1.271078
1.281048
1.284849
1.299898
1.313749
1.331707
1.361312
1.397671
1.443044
1.496652
1.556955
1.624919
1.711269
1.809740
1.915404
2.031754
2.152875
2.281795
2.421630
2.570269
2.801854
3.074013
3.351797
3.659770
3.959204
4.269748
4.611956
4.971939
5.578200
6.300934
7.031702
7.846546
8.831230
9.928430
11.105406
12.387036
14.356562
16.676275
19.075298
21.745011
25.451953
29.735478
28.251197
24.692756
21.084738
18.506858
15.965808
13.917915
12.165691
10.774274
9.589402
8.692803
7.614137
6.614962
5.923688
5.381396
4.810149
4.329001
4.005771
3.788889
3.426216
3.068068
2.827550
2.623766
2.394903
2.185038
2.015216
1.868678
1.701292
1.540186
1.404402
1.280127
1.194893
1.134346
1.084231
1.054258
0.984213
0.907661
0.853769
0.802227
0.782501
0.779812
0.778365
0.788798
0.730025
0.647504
0.580275
0.501096
0.450255
0.407489
0.351254
0.296072
0.285763
0.293616
0.300517
0.320276
0.326082
0.331876
0.351573
0.375703
0.357456
0.324728
0.298525
0.263826
0.247767
0.236349
0.215384
0.194505
0.193546
0.200093
0.205794
0.216762
0.220102
0.222574
0.230820
0.240308
0.231508
0.216121
0.202854
0.185465
0.175423
0.166798
0.153608
0.139918
0.133800
0.130186
0.125692
0.122798
0.116220
0.108731
0.103052
0.097325
0.093415
0.090448
0.087368
0.084875
0.082441
0.080296
0.078754
0.077610
0.075294
0.072728
0.070631
0.068491
0.067192
0.066282
0.065295
0.064547
0.064357
0.064508
0.064881
0.065568
0.066321
0.067272
0.068548
0.070060
0.071763
0.073692
0.075862
0.078260
0.080933
0.083856
0.087005
0.090397
0.090650
0.089705
0.089149
0.087864
0.087636
0.087559
0.086684
0.085653
0.086143
0.087122
0.087867
0.088902
0.089181
0.089249
0.089649
0.090012
0.092066
0.094856
0.097538
0.100698
0.103512
0.106391
0.109779
0.113378
0.116204
0.118852
0.121756
0.124604
0.127992
0.131609
0.135147
0.138817
0.139811
0.139719
0.139878
0.139351
0.139573
0.139819
0.139325
0.138607
0.139127
0.139989
0.140560
0.141299
0.141304
0.141044
0.140987
0.140815
0.141827
0.143310
0.144624
0.146213
0.147467
0.148690
0.150210
0.151806
0.152724
0.153421
0.154228
0.154907
0.155912
0.157007
0.157955
0.158919
0.161544
0.164867
0.168133
0.171877
0.175189
0.178533
0.182392
0.186439
0.189916
0.193294
0.196895
0.200485
0.204545
0.208823
0.213071
0.217458
0.221025
0.224306
0.227766
0.231081
0.234716
0.238438
0.241998
0.245564
0.249669
0.253989
0.258290
0.262740
0.267017
0.271288
0.275721
0.280202
0.287158
0.295206
0.303199
0.311941
0.320178
0.328545
0.337711
0.347223
0.355842
0.364329
0.373219
0.382125
0.391815
0.401888
0.411946
0.422260
0.431661
0.440792
0.450227
0.459569
0.469369
0.479352
0.489221
0.499175
0.509889
0.520954
0.532074
0.543462
0.554713
0.566036
0.577644
0.589392
0.620823
0.660725
0.699926
0.744882
0.785284
0.826369
0.873604
0.923293
0.965724
1.006866
1.050912
1.094821
1.144655
1.197252
1.249476
1.303463
1.347904
1.389068
1.432467
1.474271
1.519937
1.566735
1.611733
1.656905
1.708591
1.762939
1.817173
1.873294
1.927457
1.981658
2.037898
2.094816
2.219013
2.372370
2.523545
2.694580
2.850552
3.009191
3.189020
3.377521
3.541284
3.700828
3.870583
4.040087
4.230140
4.429899
4.628593
4.833558
5.135400
5.481289
5.829484
6.209560
6.571722
6.941446
7.344963
7.764504
8.321668
8.948477
9.586210
10.275800
10.957285
11.660779
12.418390
13.208484
14.256599
15.435452
16.637236
17.937363
19.438404
21.073446
22.801810
24.653953
26.948593
29.499400
32.129794
34.960952
38.487239
42.411810
39.114788
35.582924
32.997791
29.940749
27.543920
25.307115
23.322020
21.588926
20.015879
18.655675
17.320361
16.112326
15.124818
14.293425
13.352479
12.461426
11.738454
11.098781
10.482630
9.933322
9.470562
9.078443
8.668541
8.293341
7.992719
7.738210
7.428710
7.125319
6.872625
6.638541
6.483672
6.376597
6.285776
6.232655
6.127204
6.018876
5.951959
5.895773
5.892654
5.921529
5.959552
6.022080
6.074526
6.135133
6.221614
6.321861
6.450371
6.600097
6.763060
6.944591
7.181966
7.453204
7.741361
8.058498
8.383556
8.727356
9.100949
9.496841
10.034882
10.647010
11.276329
11.962733
12.644631
13.353183
14.121158
14.926431
15.957310
17.107955
18.287953
19.560456
21.081678
22.755187
24.513961
26.406716
28.697718
31.229986
33.884453
36.746147
40.227365
44.082238
48.557037
53.536313
48.309697
43.857856
40.421695
36.700077
33.707348
30.998539
28.482179
26.257937
24.160820
22.275064
20.687747
19.339922
17.882548
16.522392
15.417246
14.454564
13.454530
12.532367
11.761315
11.087097
10.393188
9.752279
9.213658
8.741313
8.181034
7.625228
7.142632
6.683971
6.339843
6.063417
5.807412
5.603949
5.281151
4.934359
4.647266
4.361694
4.160661
4.002634
3.843012
3.711815
3.524213
3.325761
3.159155
2.995042
2.870875
2.768245
2.666726
2.580003
2.470798
2.359077
2.263651
2.171598
2.099254
2.038604
1.980725
1.931592
1.853533
1.767559
1.691907
1.613875
1.551923
1.496791
1.438584
1.383967
1.328627
1.274336
1.223768
1.175199
1.129257
1.085763
1.044255
1.005017
0.972514
0.944151
0.917864
0.895113
0.873464
0.854161
0.838488
0.825575
0.797258
0.764064
0.734421
0.702372
0.677751
0.655539
0.630544
0.606282
0.591429
0.580628
0.570157
0.562722
0.552854
0.543408
0.537212
0.532339
0.519075
0.503204
0.489090
0.473614
0.462398
0.452543
0.441107
0.430088
0.423615
0.419105
0.414816
0.412023
0.408043
0.404282
0.402123
0.400621
0.391162
0.378796
0.367467
0.354374
0.344313
0.334826
0.323390
0.311714
0.303730
0.296998
0.289844
0.283488
0.275424
0.266962
0.259396
0.251845
0.247789
0.245321
0.242725
0.241188
0.239087
0.237230
0.236493
0.236286
0.234581
0.232605
0.231253
0.229880
0.229708
0.230103
0.230431
0.231123
0.230995
0.230683
0.230782
0.230883
0.231505
0.232393
0.233263
0.234306
0.236258
0.238675
0.241232
0.244162
0.247029
0.250058
0.253479
0.257135
0.255401
0.251527
0.248132
0.243366
0.240248
0.237239
0.232744
0.227843
0.225263
0.223323
0.220850
0.218697
0.215150
0.211103
0.207443
0.203565
0.202471
0.202500
0.202188
0.202551
0.202151
0.201706
0.201992
0.202486
0.201494
0.200044
0.198881
0.197467
0.196831
0.196438
0.195756
0.195147
0.194206
0.193128
0.192138
0.191086
0.190095
0.189111
0.188061
0.186992
0.186231
0.185586
0.184908
0.184302
0.183584
0.182849
0.182193
0.181552
0.180882
0.180215
0.179565
0.178920
0.178319
0.177742
0.177167
0.176610
0.176068
0.175541
0.175030
0.174536
0.174055
0.173589
0.173138
0.172703
0.172892
0.173356
0.173809
0.174451
0.174962
0.175503
0.176248
0.177079
0.177695
0.178282
0.178970
0.179665
0.180554
0.181540
0.182525
0.183575
0.184378
0.185106
0.185913
0.186691
0.187592
0.188539
0.189452
0.190387
0.191520
0.192743
0.193979
0.195284
0.196550
0.197833
0.199189
0.200580
0.201894
0.203200
0.204545
0.205895
0.207319
0.208781
0.210244
0.211735
0.213293
0.214894
0.216518
0.218181
0.219851
0.221546
0.223279
0.225041
0.226915
0.228854
0.230817
0.232834
0.234862
0.236922
0.239037
0.241191
0.243340
0.245510
0.247722
0.249962
0.252256
0.254591
0.256953
0.259350
0.261797
0.264285
0.266809
0.269372
0.271965
0.274592
0.277260
0.279964
0.282701
0.285473
0.288282
0.291127
0.294010
0.296930
0.299885
0.302877
0.305892
0.308937
0.312019
0.315134
0.318288
0.321478
0.324701
0.327958
0.331257
0.334594
0.337965
0.341373
0.344813
0.348287
0.351798
0.355345
0.358603
0.361760
0.364965
0.368113
0.371375
0.374664
0.377889
0.381111
0.384491
0.387929
0.391357
0.394825
0.398234
0.401634
0.405079
0.408532
0.412161
0.415874
0.419589
0.423363
0.427115
0.430885
0.434718
0.438583
0.442385
0.446183
0.450018
0.453859
0.457765
0.461706
0.465651
0.469622
0.473778
0.478026
0.482292
0.486628
0.490943
0.495285
0.499700
0.504157
0.508583
0.513023
0.517508
0.522015
0.526591
0.531211
0.535852
0.540529
0.545147
0.549759
0.554411
0.559072
0.563788
0.568536
0.573290
0.578068
0.582922
0.587822
0.592742
0.597700
0.602664
0.607650
0.612675
0.617728
0.626035
0.635745
0.645343
0.655895
0.665696
0.675613
0.686549
0.697893
0.708046
0.717991
0.728418
0.738828
0.750217
0.762067
0.773859
0.785945
0.796675
0.806958
0.817605
0.828054
0.839092
0.850327
0.861334
0.872399
0.884461
0.896952
0.909457
0.922275
0.934836
0.947437
0.960371
0.973440
0.985005
0.996029
1.007259
1.018163
1.029658
1.041274
1.052529
1.063749
1.075675
1.087845
1.099947
1.112209
1.124159
1.136044
1.148109
1.160185
1.173255
1.186773
1.200262
1.214054
1.227671
1.241353
1.255355
1.269506
1.283261
1.296953
1.310817
1.324682
1.338880
1.353238
1.367584
1.382036
1.404257
1.429831
1.455180
1.482826
1.508685
1.534835
1.563440
1.593036
1.619876
1.646267
1.673824
1.701374
1.731266
1.762275
1.793185
1.824825
1.853171
1.880447
1.908619
1.936323
1.965482
1.995135
2.024248
2.053517
2.085220
2.117975
2.150783
2.184363
2.217335
2.250418
2.284326
2.318574
2.358196
2.400350
2.442631
2.486720
2.530074
2.573977
2.619785
2.666583
2.711711
2.756793
2.802987
2.849456
2.897837
2.947277
2.996929
3.047369
3.096344
3.145086
3.194711
3.244446
3.295343
3.346880
3.398489
3.450551
3.504384
3.559190
3.614390
3.670401
3.726432
3.782892
3.824020
3.858828
4.032669
4.261081
3.758665
4.365737
4.294055
4.376098
4.463076
4.552317
4.636705
4.720611
4.807110
4.893972
4.985630
5.079772
5.174105
5.270192
5.375131
5.484678
5.595660
5.710350
5.824600
5.940552
6.060373
6.182590
6.304241
6.427184
6.552663
6.679766
6.810429
6.943637
7.078393
7.215377
7.374169
7.543449
7.714107
7.892576
8.068319
8.246709
8.433312
8.624362
8.810413
8.997292
9.189053
9.382751
9.584322
9.790666
9.998715
10.210559
10.454348
10.713690
10.975596
11.249265
11.519272
11.793505
12.080091
12.373527
12.660623
12.949540
13.245918
13.545652
13.857094
14.175880
14.497695
14.825481
15.223553
15.654651
16.088922
16.547463
16.995489
17.450751
17.931613
18.425647
18.902075
19.379895
19.872311
20.369726
20.891524
21.427583
21.967883
22.519251
23.169159
23.866631
24.571347
25.311869
26.040188
26.780860
27.559182
28.358020
29.213380
30.106392
31.018504
31.962372
32.945457
33.962134
35.010144
36.091380
37.243396
38.444417
39.677030
40.953544
42.288702
43.672730
43.199823
41.965907
40.881612
39.307731
38.211485
37.104889
35.978177
34.888632
33.793035
32.710150
31.770005
30.895911
30.028774
29.210665
28.362075
27.524228
26.738501
25.976759
25.241692
24.534733
23.851866
23.195246
22.570442
21.974027
21.403602
20.860908
20.283330
19.706656
19.160399
18.623814
18.129619
17.661216
17.201238
16.761421
16.358241
15.980990
15.623095
15.289466
14.968463
14.666252
14.388771
14.131956
13.775204
13.388232
13.027159
12.652361
12.328701
12.023112
11.701317
11.386509
11.136905
10.916602
10.700593
10.507046
10.299375
10.096675
9.917870
9.750066
9.530151
9.295748
9.075170
8.848167
8.651359
8.465852
8.272503
8.084310
7.927971
7.786773
7.649476
7.524307
7.393900
7.267360
7.153631
7.046612
6.908130
6.760761
6.621795
6.478909
6.353829
6.235378
6.112168
5.991925
5.891389
5.800126
5.711046
5.629327
5.544186
5.461269
5.386136
5.314996
5.232678
5.148298
5.068595
4.988732
4.917684
4.850807
4.783422
4.718709
4.662843
4.611939
4.563416
4.519168
4.475135
4.433449
4.396199
4.361958
4.325274
4.289430
4.256842
4.225775
4.199470
4.176248
4.154422
4.135137
4.120594
4.109407
4.100659
4.095023
4.091051
4.089504
4.091126
4.095409
4.125587
4.168366
4.212809
4.266606
4.317583
4.371920
4.436076
4.505685
4.569080
4.633428
4.703766
4.776442
4.858717
4.946807
5.036949
5.131706
5.304147
5.512023
5.721342
5.956106
6.176993
6.404051
6.658060
6.924958
7.293216
7.713496
8.142964
8.611452
9.075614
9.557195
10.079428
10.626663
11.402551
12.291752
13.197299
14.187112
15.331451
16.582761
17.914768
19.347602
21.105141
23.056635
22.091479
20.010569
18.637243
16.733292
15.649867
14.741841
13.564003
12.440440
11.516599
10.674603
9.917770
9.256676
8.678221
8.188810
7.670004
7.189168
6.802433
6.470417
6.105131
5.761296
5.476287
5.222838
4.932133
4.646595
4.395800
4.158264
3.977199
3.830054
3.694476
3.585695
3.417071
3.236766
3.086873
2.938109
2.832561
2.749150
2.665286
2.596180
2.495814
2.389015
2.298836
2.209405
2.141304
2.084390
2.027461
1.978027
1.910277
1.838243
1.774758
1.710963
1.658657
1.612001
1.564597
1.520739
1.472713
1.424496
1.380123
1.336855
1.297708
1.261240
1.225769
1.192413
1.166489
1.144823
1.125036
1.108830
1.093113
1.079481
1.069551
1.062225
1.036271
1.004002
0.975262
0.943092
0.919005
0.897125
0.871373
0.845863
0.830712
0.819671
0.808404
0.800063
0.788272
0.776360
0.767624
0.759819
0.747238
0.733398
0.720751
0.707517
0.697273
0.688152
0.678303
0.668988
0.662240
0.656758
0.651712
0.647715
0.643379
0.639435
0.636597
0.634377
0.623181
0.608573
0.595001
0.579320
0.566731
0.554579
0.540120
0.525210
0.514426
0.504941
0.494795
0.485413
0.473911
0.461796
0.450558
0.439182
0.433011
0.429084
0.424795
0.421956
0.417987
0.414180
0.411918
0.410269
0.406235
0.401637
0.397790
0.393745
0.391321
0.389574
0.387559
0.385918
0.382602
0.378720
0.375295
0.371623
0.368629
0.365856
0.362800
0.359800
0.358094
0.356935
0.355774
0.355007
0.353892
0.352814
0.352158
0.351661
0.347848
0.342744
0.337951
0.332335
0.327800
0.323373
0.318048
0.312507
0.308376
0.304648
0.300628
0.296823
0.292200
0.287300
0.282653
0.277899
0.275004
0.272878
0.270561
0.268719
0.266401
0.264083
0.262276
0.260637
0.258064
0.255226
0.252605
0.249855
0.247642
0.245619
0.243440
0.241341
0.238557
0.235501
0.232557
0.229460
0.226557
0.223677
0.220631
0.217547
0.214885
0.212367
0.209789
0.207297
0.204617
0.201890
0.199261
0.196632
0.194233
0.191943
0.189643
0.187415
0.185160
0.182926
0.180767
0.178647
0.176417
0.174166
0.171962
0.169755
0.167634
0.165553
0.163468
0.161408
0.160023
0.158936
0.157847
0.156969
0.155950
0.154968
0.154211
0.153552
0.152682
0.151791
0.151012
0.150250
0.149699
0.149257
0.148824
0.148467
0.147833
0.147117
0.146493
0.145841
0.145331
0.144879
0.144391
0.143931
0.143697
0.143569
0.143459
0.143429
0.143360
0.143314
0.143353
0.143435
0.142391
0.140896
0.139495
0.137804
0.136452
0.135118
0.133470
0.131733
0.130470
0.129333
0.128081
0.126890
0.125404
0.123810
0.122290
0.120719
0.119729
0.118971
0.118136
0.117438
0.116574
0.115695
0.114966
0.114275
0.113267
0.112158
0.111104
0.109993
0.109040
0.108134
0.107161
0.106199
0.105788
0.105609
0.105417
0.105386
0.105212
0.105051
0.105063
0.105140
0.105040
0.104915
0.104865
0.104817
0.104925
0.105107
0.105285
0.105513
0.105459
0.105309
0.105222
0.105087
0.105065
0.105076
0.105032
0.104993
0.105141
0.105364
0.105582
0.105855
0.106069
0.106284
0.106556
0.106847
0.106117
0.104968
0.103883
0.102520
0.101440
0.100356
0.098973
0.097492
0.096412
0.095424
0.094314
0.093239
0.091883
0.090410
0.088984
0.087494
0.086501
0.085694
0.084799
0.084007
0.083047
0.082055
0.081176
0.080312
0.079146
0.077871
0.076626
0.075310
0.074115
0.072942
0.071691
0.070429
0.069636
0.069029
0.068391
0.067876
0.067215
0.066546
0.066010
0.065513
0.064840
0.064124
0.063456
0.062770
0.062202
0.061681
0.061137
0.060617
0.059828
0.058934
0.058077
0.057157
0.056319
0.055489
0.054593
0.053680
0.052913
0.052194
0.051451
0.050736
0.049951
0.049146
0.048373
0.047596
0.047139
0.046820
0.046484
0.046239
0.045923
0.045618
0.045411
0.045242
0.044941
0.044612
0.044329
0.044040
0.043849
0.043701
0.043542
0.043409
0.043159
0.042872
0.042616
0.042343
0.042120
0.041913
0.041686
0.041465
0.041331
0.041235
0.041140
0.041072
0.040982
0.040894
0.040836
0.040790
0.040554
0.040246
0.039958
0.039625
0.039358
0.039099
0.038792
0.038474
0.038239
0.038031
0.037808
0.037599
0.037347
0.037080
0.036831
0.036578
0.036437
0.036344
0.036242
0.036171
0.036074
0.035980
0.035918
0.035868
0.035767
0.035652
0.035553
0.035449
0.035379
0.035323
0.035260
0.035204
0.035062
0.034886
0.034720
0.034535
0.034375
0.034218
0.034038
0.033854
0.033715
0.033590
0.033458
0.033334
0.033188
0.033034
0.032890
0.032745
0.032637
0.032545
0.032450
0.032366
0.032274
0.032183
0.032103
0.032027
0.031933
0.031834
0.031741
0.031645
0.031562
0.031484
0.031403
0.031325
0.031312
0.031327
0.031342
0.031378
0.031400
0.031424
0.031471
0.031527
0.031562
0.031596
0.031641
0.031687
0.031753
0.031829
0.031907
0.031991
0.032048
0.032095
0.032152
0.032205
0.032273
0.032346
0.032415
0.032486
0.032580
0.032683
0.032789
0.032901
0.033010
0.033121
0.033239
0.033362
0.033298
0.033158
0.033030
0.032852
0.032725
0.032597
0.032415
0.032216
0.032091
0.031983
0.031854
0.031731
0.031557
0.031361
0.031175
0.030978
0.030869
0.030795
0.030704
0.030632
0.030531
0.030424
0.030337
0.030253
0.030115
0.029958
0.029806
0.029641
0.029498
0.029360
0.029207
0.029053
0.028988
0.028959
0.028924
0.028913
0.028874
0.028835
0.028821
0.028814
0.028775
0.028727
0.028689
0.028648
0.028629
0.028620
0.028607
0.028598
0.028539
0.028461
0.028390
0.028308
0.028241
0.028177
0.028100
0.028020
0.027968
0.027925
0.027879
0.027838
0.027784
0.027726
0.027675
0.027624
0.027678
0.027777
0.027872
0.027997
0.028098
0.028203
0.028340
0.028490
0.028599
0.028699
0.028815
0.028929
0.029075
0.029236
0.029394
0.029561
0.029687
0.029799
0.029922
0.030039
0.030174
0.030315
0.030448
0.030583
0.030749
0.030927
0.031106
0.031295
0.031475
0.031657
0.031848
0.032044
0.032183
0.032301
0.032426
0.032537
0.032669
0.032804
0.032925
0.033044
0.033188
0.033340
0.033489
0.033642
0.033783
0.033920
0.034063
0.034205
0.034382
0.034574
0.034764
0.034964
0.035157
0.035351
0.035555
0.035764
0.035957
0.036148
0.036343
0.036537
0.036743
0.036953
0.037161
0.037373
0.037721
0.038128
0.038532
0.038977
0.039391
0.039811
0.040274
0.040756
0.041190
0.041618
0.042067
0.042517
0.043008
0.043519
0.044030
0.044554
0.045019
0.045467
0.045930
0.046386
0.046869
0.047361
0.047844
0.048330
0.048860
0.049409
0.049960
0.050524
0.051079
0.051636
0.052209
0.052788
0.053311
0.053815
0.054328
0.054831
0.055357
0.055890
0.056411
0.056932
0.057481
0.058041
0.058600
0.059167
0.059723
0.060278
0.060842
0.061408
0.062014
0.062638
0.063264
0.063902
0.064536
0.065173
0.065824
0.066483
0.067128
0.067771
0.068423
0.069077
0.069745
0.070421
0.071098
0.071780
0.073954
0.076766
0.079519
0.082704
0.085532
0.088405
0.091740
0.095255
0.098216
0.101075
0.104148
0.107204
0.110704
0.114406
0.118076
0.121873
0.125030
0.127971
0.131073
0.134073
0.137339
0.140687
0.143920
0.147172
0.150878
0.154773
0.158666
0.162696
0.166598
0.170509
0.174566
0.178677
0.181792
0.184523
0.187354
0.189942
0.192865
0.195828
0.198526
0.201165
0.204231
0.207424
0.210534
0.213715
0.216657
0.219521
0.222467
0.225386
0.228883
0.232621
0.236307
0.240145
0.243843
0.247546
0.251413
0.255337
0.258982
0.262553
0.266196
0.269806
0.273586
0.277431
0.281235
0.285070
0.294895
0.307279
0.319436
0.333330
0.345788
0.358425
0.372920
0.388137
0.401155
0.413772
0.427246
0.440665
0.455857
0.471868
0.487752
0.504154
0.517956
0.530881
0.544453
0.557614
0.571854
0.586429
0.600537
0.614717
0.630737
0.647524
0.664303
0.681633
0.698445
0.715293
0.732733
0.750389
0.786368
0.830307
0.873682
0.922488
0.967232
1.012731
1.064023
1.117704
1.164686
1.210551
1.259223
1.307858
1.362111
1.419035
1.475699
1.534098
1.608502
1.690500
1.773603
1.862431
1.948932
2.037243
2.131588
2.229103
2.323430
2.418525
2.517085
2.617143
2.722776
2.831850
2.942260
3.055442
3.242950
3.463523
3.683771
3.927247
4.155708
4.388632
4.646244
4.914862
5.224149
5.558512
5.902711
6.267153
6.639533
7.025818
7.432794
7.855930
8.378680
8.953580
9.541077
10.168921
10.919602
11.742792
12.602550
13.524854
14.563925
15.685863
16.867801
18.126467
19.701837
21.454274
23.272957
25.236340
27.608216
30.228728
32.995814
35.985037
39.554000
43.489258
42.678858
38.898397
35.364143
32.586831
29.693951
27.132681
24.926037
23.013445
21.146096
19.473345
17.961063
16.613041
15.459903
14.483654
13.426228
12.437789
11.637510
10.941024
10.189964
9.484245
8.889819
8.358216
7.820495
7.321395
6.888476
6.501167
6.087444
5.690863
5.343161
5.021493
4.769106
4.563573
4.382391
4.240863
4.016086
3.777047
3.582839
3.392209
3.266423
3.174651
3.084144
3.016980
2.841314
2.630555
2.448648
2.251083
2.102178
1.969694
1.819134
1.673729
1.606401
1.572797
1.541021
1.534093
1.507631
1.484695
1.488339
1.502876
1.430354
1.328709
1.242305
1.139520
1.076113
1.023398
0.952149
0.882194
0.856484
0.848243
0.839287
0.842898
0.831408
0.819306
0.820858
0.826335
0.796767
0.755573
0.720060
0.677806
0.651860
0.630296
0.601095
0.572425
0.560152
0.554297
0.548222
0.546799
0.539595
0.532089
0.529644
0.528598
0.508032
0.480351
0.455001
0.425241
0.403059
0.382282
0.356632
0.330370
0.312559
0.297541
0.281486
0.267194
0.248806
0.229392
0.211970
0.194482
0.190216
0.191754
0.192670
0.197441
0.199543
0.202251
0.209060
0.217615
0.220625
0.222528
0.226510
0.230270
0.238255
0.248154
0.257659
0.268339
0.260945
0.246369
0.233787
0.216774
0.205133
0.193911
0.177887
0.160585
0.152075
0.146198
0.138582
0.132390
0.121415
0.108889
0.098030
0.086647
0.083563
0.083942
0.083434
0.085050
0.084662
0.084324
0.086263
0.088983
0.087352
0.084478
0.082617
0.080143
0.080145
0.081021
0.081164
0.081666
0.080455
0.078604
0.077194
0.075491
0.074321
0.073288
0.071931
0.070557
0.070574
0.071140
0.071626
0.072483
0.072888
0.073267
0.074048
0.074941
0.076259
0.077852
0.079546
0.081456
0.083489
0.085686
0.088103
0.090703
0.093229
0.095833
0.098632
0.101542
0.104710
0.108059
0.111514
0.115128
0.113836
0.110544
0.107626
0.103412
0.100566
0.097736
0.093506
0.088832
0.086236
0.084169
0.081541
0.079142
0.075401
0.071136
0.067161
0.062923
0.060991
0.059946
0.058531
0.057619
0.055987
0.054246
0.053053
0.051966
0.049520
0.046604
0.043860
0.040825
0.038385
0.036079
0.033448
0.030805
0.030114
0.030214
0.030214
0.030748
0.030700
0.030643
0.031165
0.031866
0.031886
0.031762
0.031859
0.031909
0.032469
0.033248
0.033959
0.034797
0.034536
0.033860
0.033363
0.032632
0.032266
0.031965
0.031407
0.030808
0.030844
0.031103
0.031291
0.031621
0.031682
0.031686
0.031849
0.032024
0.031572
0.030877
0.030224
0.029407
0.028801
0.028213
0.027447
0.026637
0.026046
0.025509
0.024915
0.024345
0.023626
0.022849
0.022102
0.021326
0.020948
0.020729
0.020462
0.020292
0.020006
0.019711
0.019520
0.019357
0.018989
0.018557
0.018164
0.017736
0.017415
0.017128
0.016800
0.016482
0.016572
0.016835
0.017091
0.017468
0.017743
0.018030
0.018448
0.018916
0.019255
0.019577
0.019957
0.020341
0.020842
0.021402
0.021960
0.022557
0.022953
0.023283
0.023661
0.024008
0.024440
0.024898
0.025320
0.025748
0.026314
0.026939
0.027563
0.028229
0.028856
0.029486
0.030161
0.030852
0.031416
0.031938
0.032483
0.033005
0.033586
0.034185
0.034757
0.035332
0.035970
0.036635
0.037300
0.037984
0.038647
0.039310
0.039994
0.040684
0.041475
0.042313
0.043154
0.044029
0.044892
0.045767
0.046677
0.047607
0.048504
0.049401
0.050320
0.051244
0.052204
0.053186
0.054171
0.055171
0.055905
0.056532
0.057186
0.057774
0.058442
0.059117
0.059719
0.060302
0.061010
0.061754
0.062471
0.063208
0.063875
0.064519
0.065185
0.065842
0.066628
0.067467
0.068292
0.069149
0.069974
0.070798
0.071657
0.072527
0.073329
0.074111
0.074908
0.075695
0.076519
0.077356
0.078181
0.079011
0.086210
0.096121
0.105762
0.117233
0.127161
0.137260
0.149319
0.162129
0.172547
0.182508
0.193364
0.204134
0.216781
0.230280
0.243617
0.257482
0.267781
0.276793
0.286505
0.295534
0.305876
0.316532
0.326429
0.336290
0.348380
0.361323
0.374125
0.387503
0.400076
0.412563
0.425678
0.438936
0.481204
0.535948
0.589594
0.651691
0.707076
0.763448
0.828850
0.897845
0.953912
1.007118
1.064674
1.121371
1.187307
1.257233
1.325906
1.396894
1.561313
1.766438
1.969921
2.201675
2.412571
2.627666
2.872912
3.130746
3.493990
3.911177
4.337090
4.803157
5.421794
6.125091
6.863444
7.672541
8.987118
10.553640
12.171878
13.983711
16.481977
19.368516
22.984621
27.165791
32.719530
27.078882
22.703693
19.159286
16.263017
14.165844
12.126723
10.555402
9.195503
8.150928
7.177831
6.405300
5.675622
5.065735
4.662188
4.407110
3.979449
3.569778
3.322880
3.135397
2.925650
2.751508
2.641124
2.572198
2.424986
2.270642
2.163095
2.063829
2.041782
2.061428
2.086688
2.142052
2.123873
2.089104
2.088712
2.087386
2.133913
2.204004
2.271338
2.353608
2.430094
2.510827
2.607248
2.711723
2.830823
2.961582
3.100171
3.249103
3.422692
3.612449
3.811913
4.025694
4.245590
4.475825
4.720694
4.977283
5.351034
5.781679
6.219520
6.699491
7.166490
7.648473
8.174683
8.725361
9.470123
10.313617
11.174421
12.109410
13.214767
14.429211
15.713241
17.096039
18.830301
20.767763
22.792866
24.987699
27.789667
30.938786
34.363475
38.132389
42.964320
48.439049
53.008716
46.910310
41.775279
37.393404
33.460181
30.172808
27.196792
24.703419
22.266898
20.113711
18.250416
16.649263
15.329360
14.282669
13.023863
11.832613
10.935565
10.172895
9.337258
8.564699
7.936728
7.392113
6.853393
6.371552
5.976893
5.646609
5.256838
4.881154
4.575366
4.299621
4.008814
3.733078
3.489646
3.265427
3.094208
2.957963
2.839579
2.750796
2.589237
2.412474
2.269634
2.126396
2.034047
1.966757
1.897131
1.843643
1.753813
1.655833
1.576108
1.496482
1.440150
1.395710
1.350514
1.313036
1.253723
1.188657
1.132514
1.075161
1.030137
0.990735
0.949620
0.911716
0.894600
0.887653
0.883120
0.886580
0.887504
0.891350
0.903600
0.920526
0.906495
0.882372
0.864492
0.841261
0.832472
0.827982
0.817380
0.807720
0.815321
0.830060
0.844983
0.865157
0.880190
0.895514
0.916498
0.939482
0.996764
1.070176
1.144225
1.229736
1.310518
1.394727
1.491009
1.593533
1.681884
1.768407
1.862098
1.956483
2.063820
2.177752
2.291900
2.410601
2.712042
3.093394
3.471583
3.905223
4.298898
4.701218
5.162639
5.649025
6.426756
7.346411
8.279818
9.316435
10.819791
12.571565
14.410163
16.451540
19.298953
22.593550
26.804172
31.699467
38.380337
42.348540
35.032103
29.272527
24.557032
21.030058
17.830844
15.438606
13.273996
11.619107
10.053640
8.789187
7.635926
6.680505
6.032601
5.620030
4.934949
4.276758
3.876370
3.569421
3.197293
2.868518
2.641327
2.470774
2.246785
2.037357
1.889670
1.769419
1.604876
1.440880
1.307686
1.183164
1.113818
1.075274
1.043574
1.035062
0.951989
0.848781
0.772847
0.691187
0.651492
0.629859
0.600705
0.581259
0.529436
0.467589
0.417128
0.363385
0.324361
0.291268
0.254234
0.219861
0.214986
0.223492
0.233449
0.253418
0.267549
0.284041
0.311160
0.343290
0.325383
0.289658
0.261362
0.222579
0.203849
0.189523
0.163536
0.136775
0.134495
0.141034
0.145623
0.156107
0.156409
0.154934
0.159986
0.165904
0.154345
0.136447
0.120251
0.099957
0.086685
0.074661
0.058107
0.040953
0.030290
0.021630
0.012032
0.003662
-0.008213
-0.021103
-0.032580
-0.044301
-0.042930
-0.035953
-0.029783
-0.019944
-0.013084
-0.005857
0.005290
0.017962
0.024982
0.030727
0.038325
0.045515
0.056693
0.069573
0.081874
0.095148
0.093460
0.085802
0.079791
0.070100
0.064778
0.059764
0.050765
0.040677
0.037923
0.037357
0.035317
0.034451
0.029580
0.023399
0.018596
0.013340
0.014762
0.018959
0.022412
0.027555
0.031069
0.034602
0.039951
0.045908
0.048308
0.049673
0.051836
0.053476
0.057099
0.061405
0.065091
0.069044
0.067597
0.063912
0.060730
0.056142
0.052927
0.049691
0.044943
0.039688
0.037038
0.035097
0.032507
0.030249
0.026426
0.022023
0.018028
0.013767
0.011548
0.010116
0.008325
0.006968
0.004989
0.002911
0.001304
-0.000214
-0.003018
-0.006277
-0.009386
-0.012781
-0.015638
-0.018385
-0.021449
-0.024540
-0.023816
-0.021515
-0.019409
-0.016242
-0.014121
-0.011969
-0.008675
-0.004992
-0.002717
-0.000738
0.001715
0.004080
0.007498
0.011374
0.015118
0.019132
0.021239
0.022647
0.024415
0.025808
0.027878
0.030097
0.031901
0.033670
0.036621
0.040015
0.043318
0.046916
0.050069
0.053160
0.056575
0.060052
0.059871
0.058198
0.056748
0.054308
0.052910
0.051514
0.049049
0.046240
0.044835
0.043754
0.042248
0.040862
0.038489
0.035708
0.033090
0.030245
0.029267
0.028994
0.028408
0.028216
0.027407
0.026488
0.026002
0.025582
0.024058
0.022141
0.020344
0.018298
0.016713
0.015220
0.013449
0.011652
0.011408
0.011783
0.012061
0.012753
0.012961
0.013145
0.013778
0.014539
0.014737
0.014802
0.015029
0.015202
0.015768
0.016494
0.017149
0.017891
0.017733
0.017226
0.016846
0.016261
0.015954
0.015683
0.015189
0.014646
0.014597
0.014711
0.014752
0.014890
0.014796
0.014641
0.014596
0.014546
0.014377
0.014167
0.013956
0.013714
0.013527
0.013349
0.013136
0.012918
0.012709
0.012497
0.012280
0.012060
0.011822
0.011575
0.011326
0.011070
0.010944
0.010871
0.010785
0.010731
0.010638
0.010543
0.010483
0.010433
0.010322
0.010195
0.010080
0.009956
0.009866
0.009789
0.009700
0.009617
0.009463
0.009281
0.009107
0.008915
0.008741
0.008567
0.008375
0.008176
0.008014
0.007862
0.007702
0.007548
0.007374
0.007192
0.007018
0.006840
0.006688
0.006546
0.006400
0.006260
0.006113
0.005966
0.005825
0.005686
0.005532
0.005372
0.005216
0.005056
0.004904
0.004754
0.004600
0.004447
0.004587
0.004853
0.005106
0.005443
0.005709
0.005982
0.006345
0.006743
0.007031
0.007298
0.007606
0.007911
0.008301
0.008731
0.009153
0.009600
0.009917
0.010190
0.010493
0.010775
0.011110
0.011459
0.011784
0.012112
0.012529
0.012982
0.013434
0.013912
0.014363
0.014815
0.015295
0.015784
0.016139
0.016444
0.016764
0.017054
0.017394
0.017742
0.018056
0.018365
0.018733
0.019121
0.019500
0.019890
0.020252
0.020605
0.020972
0.021337
0.021788
0.022277
0.022760
0.023268
0.023758
0.024252
0.024772
0.025302
0.025796
0.026281
0.026779
0.027275
0.027799
0.028334
0.028866
0.029404
0.029403
0.029174
0.028976
0.028627
0.028415
0.028193
0.027810
0.027369
0.027143
0.026965
0.026715
0.026480
0.026089
0.025631
0.025194
0.024718
0.024478
0.024322
0.024116
0.023953
0.023703
0.023430
0.023206
0.022982
0.022602
0.022161
0.021728
0.021253
0.020831
0.020413
0.019949
0.019474
0.032929
0.052302
-0.033278
-0.159266
0.331671
-0.110245
0.018643
0.018584
0.018413
0.018211
0.018032
0.017836
0.017707
0.017601
0.017476
0.017359
0.017081
0.016737
0.016409
0.016040
0.015713
0.015386
0.015015
0.014629
0.014324
0.014042
0.013741
0.013451
0.013116
0.012763
0.012425
0.012079
0.011985
0.011996
0.011989
0.012051
0.012049
0.012050
0.012125
0.012226
0.012218
0.012184
0.012182
0.012169
0.012230
0.012320
0.012397
0.012490
0.012480
0.012432
0.012405
0.012359
0.012348
0.012346
0.012321
0.012295
0.012337
0.012404
0.012467
0.012546
0.012601
0.012653
0.012724
0.012799
0.012726
0.012593
0.012471
0.012310
0.012194
0.012080
0.011925
0.011757
0.011647
0.011553
0.011442
0.011339
0.011197
0.011040
0.010891
0.010735
0.010660
0.010617
0.010562
0.010527
0.010467
0.010404
0.010362
0.010325
0.010243
0.010147
0.010057
0.009960
0.009883
0.009813
0.009733
0.009654
0.009605
0.009569
0.009532
0.009504
0.009467
0.009429
0.009401
0.009377
0.009344
0.009311
0.009281
0.009252
0.009230
0.009213
0.009195
0.009180
0.009144
0.009102
0.009063
0.009021
0.008985
0.008951
0.008913
0.008874
0.008848
0.008825
0.008801
0.008781
0.008756
0.008730
0.008707
0.008685
0.008661
0.008636
0.008612
0.008588
0.008566
0.008544
0.008523
0.008502
0.008482
0.008462
0.008444
0.008426
0.008408
0.008390
0.008374
0.008357
0.008345
0.008334
0.008324
0.008316
0.008307
0.008298
0.008292
0.008286
0.008279
0.008273
0.021435
0.040201
-0.042208
-0.163646
0.309872
-0.116099
0.008217
0.008165
0.008116
0.008057
0.008007
0.007957
0.007897
0.007834
0.007784
0.007739
0.007689
0.007640
0.007582
0.007519
0.007458
0.007394
0.007347
0.007306
0.007262
0.007222
0.007176
0.007128
0.007084
0.007041
0.006988
0.006930
0.006874
0.006815
0.006761
0.006706
0.006650
0.006592
0.006553
0.006522
0.006489
0.006461
0.006427
0.006393
0.006365
0.006337
0.006303
0.006267
0.006233
0.006198
0.006168
0.006140
0.006111
0.006082
0.006044
0.006001
0.005960
0.005917
0.005877
0.005837
0.005794
0.005751
0.005713
0.005678
0.005641
0.005606
0.005567
0.005528
0.005491
0.005453
0.005437
0.005430
0.005422
0.005420
0.005413
0.005407
0.005407
0.005410
0.005405
0.005397
0.005393
0.005389
0.005391
0.005395
0.005400
0.005406
0.005403
0.005398
0.005395
0.005391
0.005390
0.005390
0.005389
0.005388
0.005393
0.005401
0.005409
0.005419
0.005427
0.005435
0.005446
0.005457
0.005456
0.005451
0.005448
0.005441
0.005439
0.005437
0.005433
0.005428
0.005428
0.005429
0.005430
0.005432
0.005431
0.005430
0.005429
0.005429
0.005435
0.005444
0.005453
0.005464
0.005474
0.005483
0.005495
0.005507
0.005517
0.005525
0.005535
0.005544
0.005556
0.005568
0.005580
0.005593
0.005598
0.005600
0.005602
0.005603
0.005606
0.005609
0.005610
0.005611
0.005615
0.005620
0.005625
0.005631
0.005634
0.005636
0.005640
0.005643
0.005649
0.005657
0.005665
0.005673
0.005681
0.005688
0.005697
0.005706
0.005713
0.005719
0.005726
0.005733
0.005741
0.005749
0.005756
0.005764
0.005777
0.005793
0.005808
0.005825
0.005841
0.005857
0.005874
0.005893
0.005909
0.005926
0.005943
0.005960
0.005979
0.005998
0.006018
0.006038
0.006056
0.006073
0.006090
0.006107
0.006126
0.006144
0.006163
0.006181
0.006201
0.006222
0.006243
0.006265
0.006286
0.006307
0.006329
0.006351
