-4.182276
-1.844788
-2.969856
0.651274
0.551842
0.726803
1.494017
2.247849
2.976013
3.749697
4.169866
4.458229
3.516981
1.953338
9.156085
1.390367
2.781759
3.116476
2.486364
1.920190
1.352340
0.711573
0.003990
-0.766368
-2.265453
-4.111101
-5.285668
-6.414260
-3.805661
8.361459
1.262155
-9.159981
-7.065365
-3.242139
-2.794909
-1.648715
-2.445881
-4.099879
-2.496211
-0.113721
-0.789776
-2.057315
-2.360879
-2.855320
0.822573
6.288410
3.716134
-0.996676
0.172663
1.990608
1.275243
0.408764
0.409166
0.439358
0.255613
0.086592
-0.021787
-0.120116
-0.207518
-0.279140
-0.416127
-0.572375
-0.709383
-0.854151
-0.690584
-0.397422
-0.140446
0.194512
0.565096
0.983550
0.814319
1.702261
1.876920
2.181253
2.522816
2.865458
1.924588
0.442036
-0.322244
-1.170650
-2.473710
0.169107
-0.040680
0.336704
0.153438
-0.295289
-0.588733
-0.999871
0.606001
3.031395
0.792220
-2.834096
0.290339
-2.943171
-3.499115
-5.180346
-0.528948
6.573169
3.548308
-1.966557
-0.482905
1.739408
0.909959
-0.130792
0.833820
2.229540
-0.787541
2.579386
1.796472
1.772173
1.864778
1.923198
1.532392
0.946800
0.346119
-0.399829
-0.564815
-0.552275
-0.715280
-0.808271
-2.959918
-5.973295
-4.138821
-0.863408
-0.135743
0.696440
-0.883349
-3.710226
-0.985080
3.262631
7.267565
0.116018
1.345129
2.540726
1.362294
0.045436
0.104435
0.432605
1.555112
3.287434
3.412779
2.911741
3.289208
3.576784
3.217265
2.633309
2.025766
1.234492
0.636304
0.031677
-0.771655
-1.642107
-1.729329
-1.535783
-1.447067
-1.188448
-1.093010
-0.998487
-1.167108
-1.465402
-1.449543
-1.388643
-1.477615
-1.575984
-1.575437
-1.553076
-1.545898
-1.524484
-1.458352
-1.368130
-1.265220
-1.140886
-1.018580
-0.885755
-0.730564
-0.561142
-0.502250
-0.481352
-0.440778
-0.421340
-0.354963
-0.276434
-0.221653
-0.166311
-0.059610
0.066692
0.191171
0.329498
0.448736
0.566148
0.698704
0.834826
0.961647
1.087785
1.218137
1.348977
0.916393
0.244749
-0.402064
-1.209999
0.708024
3.713061
0.027717
-5.706326
-4.628394
-2.320473
-2.445586
-2.308244
-4.278688
-7.280633
-3.963743
-1.616501
-0.974664
-0.843763
-0.108328
0.464318
-0.033263
-0.998494
0.119423
1.791242
1.875514
1.764439
2.311748
2.879551
2.779856
2.475461
2.226292
1.834017
1.571782
1.303663
0.882237
0.406592
0.441083
0.650994
0.781566
1.014602
0.463896
-0.380674
-0.565050
-0.689214
-0.055304
0.999287
-1.169003
-4.431212
-3.138805
-0.762316
0.259793
1.695919
1.648864
1.021319
0.875537
0.505665
0.333938
0.192524
0.781521
1.716491
1.340064
0.645111
0.116889
-0.628518
0.239555
-1.124055
-0.993005
-1.100928
-2.624189
-4.703390
4.271428
-2.176074
-0.121229
-0.505261
-0.461850
-0.479144
-0.391092
-0.241402
-0.152668
-0.049830
0.003367
0.035597
0.218628
0.192176
0.169959
0.067346
-0.032464
-0.168307
-0.135198
-0.046789
-0.002942
0.065748
-0.528513
-1.397934
-0.764636
0.308921
0.652413
1.050698
-1.874876
1.080602
0.279817
0.284731
0.300629
0.301013
0.340309
0.390054
0.422150
0.455753
0.536991
0.637335
0.737044
0.850482
0.932707
1.008018
1.098880
1.189813
0.933725
0.531661
0.144756
-0.340850
-1.437175
-2.838007
-2.970027
-2.769537
-2.579156
-2.102904
-1.276014
-0.167035
0.534373
1.231679
2.059944
3.247480
2.989533
2.298762
1.748470
0.902063
0.481242
0.117618
-0.607655
-1.414939
-1.022577
-0.619630
-0.784040
-1.057869
-0.993519
-0.896627
-0.889478
-0.869454
-1.021345
-1.249855
-0.935251
-0.084030
-0.021244
0.015040
0.493650
1.064563
0.165453
-1.269057
4.235875
-0.736873
0.775652
0.872477
0.911329
0.948819
0.766148
0.483021
0.268662
0.013175
-0.654057
-1.508476
0.148756
-2.474299
-0.970067
-1.449864
-1.007802
-0.666197
-0.502287
-0.363446
-0.092231
0.204744
0.207393
0.110897
0.054809
-0.061712
-0.042699
0.009943
-0.334640
-0.818131
1.505102
4.915432
-6.557319
4.530768
1.775971
2.127413
2.552201
2.998007
3.449126
3.920120
3.976541
4.705647
5.191183
5.844409
6.496960
7.202013
9.062136
11.438269
15.193090
19.438772
21.480104
22.959503
25.441895
27.854311
32.993593
39.366564
30.305948
15.545251
15.637145
17.743388
13.186049
8.310057
8.308998
9.527282
9.089751
9.035278
8.259031
7.179844
6.515150
5.808431
5.239302
4.752914
4.220385
3.721566
3.392449
3.146451
2.927666
2.777379
2.607466
2.464182
2.392869
2.362579
2.346670
2.363726
2.423200
2.517693
2.931978
3.503236
4.097293
4.808474
2.688655
-0.578446
1.777342
5.688248
4.563669
2.620659
2.451320
2.119941
2.313892
2.843248
-1.152341
1.496636
0.510822
0.613002
0.162057
-0.399279
-0.012240
0.668029
-15.432244
2.998000
-1.984631
-2.524799
-3.908656
-1.378770
-1.623551
-1.304250
-0.769576
-0.172734
-0.103701
-0.207312
-0.222098
-0.335883
-0.198224
0.009438
0.104484
0.211043
0.301116
0.377645
0.465907
0.551068
0.617100
0.674781
0.730171
0.778648
0.877474
0.994242
1.101664
1.218848
1.368753
1.536165
1.712198
1.903567
1.714691
1.372121
1.061891
0.653134
2.668240
5.671946
4.021243
1.110033
2.117621
3.709104
3.789798
3.916236
4.446125
5.009141
5.590107
6.236957
5.552782
4.335033
3.415296
2.231381
8.202292
17.125319
17.574582
1.858063
6.967085
12.464534
12.693454
13.067856
14.773998
16.557087
18.391485
20.424791
25.000234
30.755993
36.608456
43.324364
41.280643
35.924585
31.840788
25.818577
23.489534
21.958275
18.408569
14.764939
12.782230
11.248492
15.624821
11.189038
11.650062
10.691003
7.314443
2.762292
8.183046
2.473944
4.367768
2.899928
2.574373
1.964606
1.558949
1.227909
1.091157
1.093654
1.003998
0.960959
1.436868
2.145675
-4.342141
0.150587
0.066985
2.419750
0.671123
-2.165505
-0.809646
1.385959
0.948242
0.227511
2.680013
-8.377380
-3.255767
2.755063
1.294455
-1.215345
-0.074670
0.029183
0.178625
0.248144
0.376826
0.498057
0.699900
0.938816
0.569981
-0.031542
0.240037
0.709724
0.845194
1.023744
0.888407
0.604310
-0.151830
3.129270
7.253607
13.578658
10.209664
3.836454
5.316265
7.703201
6.564636
5.182624
6.816163
9.245415
11.264621
13.801551
15.325302
16.617141
18.485337
20.382810
22.104310
23.825685
23.026883
21.137060
20.688030
20.073928
17.411280
13.952192
11.376021
8.585387
4.891631
0.806591
0.919653
2.540005
2.487080
4.948657
4.838797
4.635945
5.378513
6.207490
5.703758
4.773563
3.997790
2.946757
0.194732
-3.393699
-2.815234
-1.035836
-1.042165
-0.804312
-0.468058
-0.164597
0.473231
1.248382
2.550192
2.942782
2.883255
2.261048
1.763981
1.008605
0.741996
0.575560
0.121652
-0.355876
-0.362632
-0.210586
-0.105573
0.103694
0.060050
-0.047332
-0.036263
-0.031442
0.006810
0.068902
-0.209140
-0.617195
-0.664395
-0.654995
-0.798443
-0.942193
-0.953178
-0.923998
-0.902070
-0.850347
-0.840326
-0.834855
-0.796801
-0.751430
-0.743629
-0.744933
-0.736786
-0.732863
-0.703119
-0.663367
-0.629026
-0.589563
-0.714436
-0.907406
-1.088031
-1.312717
-0.704083
0.239786
1.154559
2.302287
-1.612945
-7.576369
-1.930064
2.693423
1.824521
-0.631335
-0.039880
0.522945
0.322750
0.107154
-0.080966
-0.345407
-0.561564
-0.790034
-1.099372
-1.443777
-0.482390
1.009612
0.456540
-0.579783
6.841972
3.087422
-18.929531
3.991630
0.043561
3.787514
2.659664
0.218292
-1.208050
-3.333907
-0.809355
3.473611
1.600104
-0.077518
-0.455842
-0.841429
-1.474246
-2.078081
-1.971121
-1.574319
-5.380628
-1.123391
-1.674693
-0.938395
-0.893751
-1.049190
-0.947089
-0.902406
0.869602
3.376946
1.472816
-1.780889
-1.268706
-0.253704
-0.833171
-1.456684
-0.402078
1.177086
0.447825
-0.840155
-0.366982
0.349294
0.392924
0.450753
0.537458
0.571876
0.614404
0.638938
0.725874
0.831788
0.916449
1.007569
0.834541
0.549896
0.283155
-0.056242
0.461362
1.311466
0.525054
-0.711128
-0.678589
-0.490271
-0.835251
-1.199802
-0.363759
0.917492
2.122478
3.630776
-1.753930
-9.937530
-4.858216
3.822937
2.198971
-0.717523
0.384654
1.499864
1.131196
0.562784
0.103780
-0.559401
-0.819376
-0.991883
-1.347431
-1.697180
-1.685374
-1.536394
0.592200
-0.159898
-0.357086
-1.458471
-2.315228
-3.432856
-2.177548
-0.008907
1.854728
4.267853
-3.190936
-14.624996
-5.592828
3.658001
1.477335
-3.297776
-2.471446
-1.687983
-1.020733
0.170114
1.692937
3.590072
2.041422
2.887305
2.266955
1.779965
2.274840
3.094731
2.862483
2.438829
2.330217
2.154548
1.758796
1.271336
0.829264
0.340223
-0.247458
-0.894313
-0.751294
-0.310361
-0.035678
0.391511
0.958817
0.856080
1.334218
1.760362
1.590046
1.203080
0.879339
0.417815
0.193052
0.011160
-0.323066
-0.676950
-0.499078
-0.120288
0.214016
0.679851
0.383246
-0.180847
-0.576263
-1.105991
-0.934095
-0.508739
-0.251329
0.127689
0.261041
0.329065
0.532233
0.736277
0.673157
0.511080
0.362504
0.145010
0.076246
0.039901
-0.074091
-0.190181
-0.310779
-0.442500
-0.103679
0.429668
0.457120
0.410298
0.590394
0.778667
0.986688
1.230972
1.484674
1.761467
1.494417
1.007783
0.568576
-0.010940
2.601033
6.510247
2.751846
-3.323255
2.013745
4.957726
3.150963
-0.590210
3.797041
10.233369
6.446000
0.129416
1.740370
4.456664
3.846696
3.178832
4.962711
4.226943
5.047708
5.609648
6.051193
6.485042
7.020841
7.583664
7.987064
8.346089
8.740773
9.112954
9.755710
10.506827
11.417933
12.476543
11.710729
10.254692
19.637914
16.505045
19.640212
20.724967
22.715681
24.794746
26.692965
28.651567
30.716625
32.836127
34.567668
36.170918
37.848100
39.455540
36.247139
30.964758
25.818409
19.248101
19.081077
20.985749
17.639519
13.707909
15.307374
18.429965
6.373528
16.625497
12.091880
10.113756
7.951486
5.342764
7.330686
3.115145
8.903563
4.402519
6.411652
7.428383
6.737793
5.545048
5.825731
6.317249
6.211856
6.107299
6.337224
6.646656
6.937788
7.293810
7.191544
6.922749
6.740740
6.469091
6.364123
6.297259
6.131108
5.958216
6.004840
6.131196
6.240321
6.402721
6.475603
6.533537
6.650343
6.775715
7.001681
7.280697
7.564710
7.886363
8.153153
8.414766
8.717747
9.030094
10.018091
11.302343
11.938924
12.510295
13.578910
14.759961
15.846924
16.999194
17.997500
18.950936
19.977867
20.998740
22.159593
23.384950
24.598585
25.852282
28.287467
31.242905
34.188779
37.499488
40.451355
43.420489
47.596268
52.255566
46.848493
46.599041
42.380762
37.824767
35.295788
33.050784
32.794050
27.077092
25.693829
23.806343
22.009038
20.472712
19.652339
22.474477
17.647575
11.348768
10.540307
10.568267
15.513776
9.892855
10.972158
10.471534
10.310115
10.262136
9.347354
8.152827
7.112285
5.914386
5.162713
4.543474
3.587360
2.896952
2.628739
2.629011
2.826123
3.277511
2.054514
0.259072
7.508967
1.426591
2.350787
0.966386
-0.306937
-1.872914
-0.981217
0.830833
1.848167
3.962008
3.596349
2.605354
2.178755
1.436711
1.888317
2.759759
1.352953
2.960350
2.799118
3.056594
3.397229
3.782182
4.066558
4.337711
4.909086
5.591359
3.887269
1.251547
9.113025
-0.525987
1.223591
0.729562
-0.482753
-1.846150
-1.168418
-1.854304
-1.644929
-1.477500
-1.683327
-1.972832
-2.051774
-2.119859
-1.806164
-1.302639
-0.802662
-0.174811
1.329237
3.265653
5.296634
7.663244
3.568762
-3.107603
1.795896
9.732528
4.628424
-3.376927
-0.279763
4.801052
3.143252
0.723395
0.735725
0.712287
0.200332
-0.278704
-0.520350
-0.697291
-2.001171
-1.115399
-0.593753
0.679729
0.895852
0.975834
1.547399
2.152370
1.705871
0.879683
-1.644684
-1.756287
-1.216233
0.551934
1.880360
3.666190
3.064737
1.615282
2.215842
3.038505
3.234397
3.484756
4.008344
4.607345
4.371008
3.843509
3.432263
2.845587
2.663105
2.582706
2.304204
2.032048
2.844834
4.101256
2.896608
0.967560
1.184187
1.713727
1.381320
1.055995
1.146407
1.325762
1.487675
1.727867
1.881724
2.033680
2.270254
2.532800
2.389180
2.093870
1.843629
1.498473
1.301771
1.128529
0.850991
0.555788
0.525485
0.588576
0.621130
0.712507
0.691571
0.647177
0.668274
0.694352
0.709208
0.728560
0.754071
0.783122
0.839329
0.909403
0.982018
1.065088
1.025387
0.938614
0.867978
0.769150
0.710700
0.657927
0.893392
1.258439
-0.769566
-3.724562
7.726305
-2.605282
0.525956
0.703468
-0.213456
-1.554645
3.442839
-2.698125
2.769211
-0.794807
0.247939
0.247835
0.255950
0.266677
0.331372
0.421126
0.511321
0.619161
1.126905
1.813123
1.221219
0.211459
7.187877
-0.364691
0.960628
0.100639
-0.422426
-0.886121
-1.608619
-2.377738
-2.252057
-1.794894
-1.532523
-1.102947
-0.808393
-0.513563
-0.898121
-1.585924
2.826475
0.994397
-2.311391
1.821751
0.978323
1.347309
1.674153
2.024253
1.823445
1.394664
0.348489
0.152207
-0.541526
-1.114028
-1.466986
-1.722394
-3.476593
-1.291262
-1.414860
-0.833491
-0.579316
-0.378495
0.048912
0.513082
0.683735
0.770717
0.910211
1.001760
0.823743
0.514119
0.166903
-0.286525
1.671106
4.600885
2.875809
-0.119029
-0.807271
-1.601990
0.082923
3.017261
1.795375
-0.346909
-0.996922
-1.883388
-2.004610
-1.753011
-1.767318
-1.639026
-2.415028
-3.537137
-2.495269
-0.790580
-0.360349
0.067353
-1.858453
1.058335
0.478115
0.430021
0.470229
0.427074
0.658444
0.976909
1.228660
1.521907
1.472153
1.288836
2.526581
1.649070
2.078560
2.223415
2.349825
2.473400
2.467567
2.403390
2.341711
2.240052
2.161546
2.074422
1.944932
1.795828
1.740755
1.712013
1.658578
1.616931
1.506229
1.369053
1.246863
1.111330
1.036944
0.983911
0.914549
0.854720
0.028605
-1.120824
-0.945626
-0.439453
0.172130
1.123930
2.407454
4.002718
2.135307
-1.024250
0.541052
4.584240
10.120755
0.969769
2.468668
1.774433
1.132849
0.613647
-0.213800
-1.109478
-0.955600
-0.419752
-0.658594
-0.936931
2.275303
-0.458263
0.560241
0.758574
1.144574
1.623387
-1.324565
0.887428
0.081110
0.045668
-0.087927
-0.221650
-0.242339
-0.225386
0.157101
0.724732
-0.972397
0.639380
0.265490
0.357487
0.442394
0.532343
0.630133
0.732872
0.857556
0.994727
1.136136
1.287524
1.165231
0.931612
0.720157
0.436984
0.603096
0.929118
1.161703
1.477043
1.180987
0.653671
0.237636
-0.304160
0.232985
1.182066
0.382339
-0.854213
-0.836737
-0.675560
-0.346240
0.254752
-0.374876
6.304203
3.765632
0.599624
1.335739
2.462119
1.846757
1.086366
0.852195
0.589534
0.140213
-0.346161
0.172310
1.081210
1.906946
2.986659
2.855264
2.318755
2.096713
1.690391
1.925239
2.379846
2.618546
2.936253
3.012763
3.000805
3.079317
3.129326
2.977669
2.736427
1.640169
0.116768
3.289784
-1.154424
-0.519290
-0.795142
-0.961873
-0.971225
-0.855965
-0.602378
-0.707161
-0.886413
-0.866511
-0.834714
-0.294995
0.487507
2.063642
0.772593
1.950206
2.918664
3.670620
4.493848
4.286275
3.650572
3.131371
2.351962
1.945741
1.588710
1.109956
0.641977
-0.296270
-1.442454
4.244696
-1.200119
3.086333
2.262342
2.549977
1.946223
1.975512
1.974153
1.492931
0.860199
1.273403
1.281252
2.906050
5.139655
-8.077226
4.490547
0.925197
0.942237
0.942000
0.904841
0.917981
0.933393
0.880599
0.805174
0.735441
0.650301
0.552753
0.443307
0.318494
0.180254
0.704287
1.502195
2.257527
3.193213
1.807193
-0.486699
1.452932
4.522632
4.617018
4.423267
5.012876
5.485724
4.882526
-2.274837
1.540342
6.838996
5.925223
4.225131
5.093542
6.028534
4.297554
1.735389
3.165667
5.622917
12.405265
1.766592
2.619282
1.605913
2.090750
3.555422
4.596723
5.973232
5.705990
4.851590
4.498329
3.909096
4.019115
4.369151
4.448748
4.599792
4.193994
3.556105
3.014036
2.345014
3.568155
5.547059
3.909411
1.287451
2.432023
4.335026
4.861202
5.555788
7.710042
10.418509
5.822698
12.763422
4.833169
-4.791914
2.405655
14.392317
7.872258
6.584994
6.198522
6.687825
6.738912
7.109323
7.407286
7.777659
8.028325
8.254317
8.559851
8.874993
9.018821
9.102680
9.204502
9.267725
9.405519
9.558857
9.669166
9.776346
10.006307
10.282487
10.549794
10.847985
11.100380
11.346822
11.627139
11.914231
12.160622
12.396457
12.641329
12.880790
13.165062
13.466822
13.769783
14.086194
14.421581
14.771474
15.134481
15.511875
16.659572
18.143162
17.742837
16.779881
18.179464
20.121158
22.388804
18.053551
19.822449
21.128953
21.466632
21.821760
22.584780
23.426944
24.261885
25.174032
26.004974
26.836779
27.794335
28.797203
29.481743
30.065385
32.592751
32.249222
33.212579
33.592493
34.902219
36.472553
37.346146
38.143858
36.897817
34.672829
42.847246
38.827391
41.655792
42.784896
32.941450
41.316268
37.613792
36.147904
34.998024
33.751841
32.170526
30.434947
29.717990
29.326678
28.729093
28.304202
27.429090
26.421493
25.610438
24.773252
23.728136
22.603112
21.461566
20.253528
21.564414
23.914187
22.421107
20.046466
19.951085
20.070470
19.112790
18.038814
17.515734
17.058511
16.441399
15.845450
15.256248
14.662903
14.089905
13.524336
13.150875
12.864791
12.578277
12.352869
12.294532
12.335872
12.433260
12.618898
12.319482
11.860966
12.479711
13.430908
12.485832
11.003759
9.956152
8.640970
8.551858
8.905052
8.931849
9.156864
8.827870
8.321472
8.041556
7.716209
7.600634
7.577009
7.499111
7.463422
7.269358
7.021938
6.824608
6.606819
6.356121
6.087136
6.879905
8.112392
5.621235
1.864165
3.956940
7.551290
6.549292
4.914655
5.079067
5.225801
5.210688
5.308926
5.410140
5.548600
5.673861
5.811274
5.987836
6.185352
5.543289
4.557951
3.630815
2.478679
3.259986
4.764692
5.953584
7.551824
5.544782
2.162087
3.495335
5.808793
5.795121
5.749969
5.532117
4.979610
4.455765
3.769004
3.094265
2.351330
2.127736
2.094435
1.968245
1.946697
2.167745
2.531218
2.991816
3.586170
3.522387
3.251533
4.311883
5.771931
5.742197
5.406829
5.288401
4.961305
5.117058
5.403448
5.454736
5.518336
5.463442
5.339003
5.230549
5.083761
7.221518
10.315072
8.879206
6.205894
7.056121
8.346104
8.167204
7.942478
7.907154
7.775408
8.639189
9.901434
5.293755
10.350472
9.560883
10.191010
10.100499
9.749595
9.539310
9.190525
10.286703
11.947696
13.204561
14.707157
17.297200
20.422309
14.889876
23.069960
21.171478
20.493721
19.975963
19.031118
17.922170
16.560200
15.420266
14.238861
13.783717
13.641671
13.427148
13.405411
12.680956
11.740164
11.028661
10.238932
9.446837
8.641356
7.756822
6.832128
5.844555
4.803036
3.722028
2.592279
2.683872
3.268121
3.620466
4.234328
2.862175
0.742971
-1.692951
6.139254
4.031944
2.473641
2.700326
2.891302
3.000897
3.248141
3.469544
3.735838
3.100834
2.100631
0.981230
0.105192
0.376186
1.236660
1.824574
2.694211
2.461608
1.863162
1.601707
1.195485
1.229791
1.419385
1.442807
1.514939
1.460357
1.357088
1.308387
1.246672
1.115210
0.953750
2.905417
5.734771
-5.321830
2.060617
0.666467
2.708307
2.344386
1.637623
1.897423
2.153088
1.948139
1.647610
4.229455
7.944179
-5.952292
5.425737
1.219451
0.361210
0.417363
0.781312
0.876634
1.098719
1.226966
1.346244
-0.055421
1.060370
0.689314
0.704270
0.689356
0.685182
0.687355
0.694100
0.711450
0.736127
0.744716
0.751017
0.765680
0.781124
0.809964
0.845754
0.881843
0.922735
0.301117
-0.600113
1.477400
4.621178
-3.154414
1.789132
0.675429
1.788494
1.459359
0.918667
0.865495
0.767909
0.703132
0.683125
0.619602
0.562018
0.235342
-0.207656
0.136229
0.731926
0.602104
0.364901
0.425902
0.486642
0.442941
0.386255
0.336173
0.271756
0.237189
0.209304
0.165346
0.120841
0.066319
0.005576
-0.055428
-0.120519
-0.208348
-0.307793
-0.410492
-0.522426
-0.471676
-0.356377
-0.257678
-0.118568
-0.907984
-2.075306
-1.470881
-0.387997
-0.489267
-0.682570
-0.172559
0.468192
-1.472327
-4.375429
-0.681502
-7.098237
0.475755
9.963326
3.935155
-6.316722
-3.725989
0.707001
0.090714
-0.450822
-0.084481
0.168524
0.419637
0.712968
0.737661
0.667632
0.652875
0.588801
0.793421
1.095112
1.334607
1.621579
1.763568
1.859531
2.010397
2.147703
2.037297
1.820950
1.601682
1.305297
1.081087
0.851139
0.538226
0.194966
-0.093508
-0.381675
-0.704280
-1.035592
-1.064950
-0.973554
-1.613244
-2.475448
-1.835270
-0.737521
-1.880293
-3.602890
5.841691
-3.222487
3.440505
0.983129
1.592285
0.897658
0.308846
-0.521199
-0.549901
-0.339476
-0.412476
-0.409162
-0.398055
-0.377882
-0.281298
-0.147128
0.042402
0.281193
0.557112
0.877775
0.445130
-0.283147
-0.932332
-1.766167
0.784584
4.697311
2.222698
-1.973079
-1.003738
0.680435
0.309453
-0.054081
-0.083909
-0.185875
-0.645172
-1.254982
0.713793
3.671379
-8.485893
2.190686
0.158706
1.819014
2.432208
2.984413
-0.994438
-3.351643
-0.486037
4.881995
3.153758
0.131788
-0.360546
-1.134207
-1.162284
-0.737089
-0.293472
0.449342
-0.812882
0.806668
0.849140
1.358694
-0.697224
-3.792857
-2.474421
-0.036692
-1.162134
-2.811776
-3.114051
-3.465976
-2.728449
-1.407959
-0.175129
1.408948
1.810593
1.864433
2.268343
2.533014
6.592150
12.237639
5.701769
0.573489
0.783702
2.635166
1.012112
-0.754938
-0.748277
-0.422301
-0.349471
-0.046902
-0.356956
-0.846826
-1.074475
-1.339684
-1.164046
-0.790663
-0.473086
-0.039906
0.330095
0.721478
1.234808
1.803357
1.634446
1.190537
0.836554
0.313876
0.049556
-0.174364
-0.583335
-1.024756
-1.000917
-0.813913
-0.628674
-0.318459
-3.362567
-7.775552
-4.173949
-2.711867
-2.950147
-4.065875
-3.412399
-2.597366
0.466191
4.749537
4.731061
3.946935
2.248519
-0.653235
0.367261
2.395951
3.178289
4.318086
2.938485
0.522420
-2.412086
4.884625
1.220261
2.412730
2.501441
3.235821
3.412225
3.536904
4.162064
4.916855
-3.849885
5.913110
2.763214
1.793970
1.489301
1.121951
1.262334
1.659755
0.913158
-0.146000
0.100015
0.633768
0.778602
1.030994
-1.034630
-4.077342
-1.630612
2.448531
0.794265
-1.953306
-1.131291
0.090127
0.655974
1.508024
0.657225
-0.853432
-0.234288
0.801550
1.048962
1.381693
0.291651
-1.447282
-0.420152
1.329195
0.837017
0.022414
0.074054
0.105832
0.065542
0.077006
0.077901
0.090919
0.073694
0.048163
0.036401
0.023405
0.076385
0.158319
0.236238
0.333002
0.416756
0.503381
0.610043
0.725198
0.703807
0.630417
0.571866
0.480802
0.436887
0.399369
0.326280
0.246046
0.535555
0.975273
1.391370
1.906959
1.654689
1.119820
0.720860
0.165991
0.235733
0.512576
0.602176
0.775294
0.813040
0.812496
0.902756
0.999376
0.586826
-0.029778
0.743431
1.958463
1.945453
1.764124
2.104151
2.457099
1.415858
-0.157346
-1.652918
-3.512373
-3.222164
-2.179579
-1.605742
-0.651156
-0.857647
-1.429386
-1.560648
-1.798595
-1.580555
-1.171846
-0.889732
-0.523851
-0.211666
0.103522
0.506733
0.943119
-0.454067
-2.606567
-1.018123
1.613976
0.813968
-0.561195
-0.564033
-0.615900
-1.402964
-1.104441
-1.514975
-1.796341
-1.846859
-1.813704
-1.039361
0.114010
0.396748
0.565135
1.169308
1.813131
1.510746
0.870477
0.798684
0.710247
-1.754915
0.217334
-0.684688
-0.981943
-1.075266
-1.102770
-1.133080
-1.112147
-1.515536
-2.075757
-2.564660
-3.141641
-2.988104
-2.557456
-2.289622
-1.883854
-1.407773
-0.854378
-1.970051
-0.278573
-0.453345
-0.283468
-0.124977
-0.007440
0.343948
0.774442
1.008666
1.497374
1.148738
0.542287
0.000294
-0.723754
0.818193
3.245826
1.290120
-1.875694
-0.981157
0.609825
0.093483
-0.563209
-0.543837
-0.525716
-0.698775
-0.882179
-0.868526
-0.796116
-0.744431
-0.653164
-0.605715
-0.560556
-0.472700
-0.372388
0.088852
0.714023
1.336865
2.073754
3.073194
4.237546
3.068644
1.012029
12.129625
0.938962
3.210863
2.152111
1.761946
1.521017
0.402486
-0.948731
-0.893919
-0.442814
-0.300176
0.045803
0.303759
0.586887
1.081850
1.669423
0.160692
-2.174181
-1.220880
0.522411
0.051040
-0.644281
3.551478
-2.993220
-0.633197
1.000553
-0.653527
1.786153
-1.051399
-4.564154
2.729349
-0.368986
0.515683
-0.630378
-0.722193
-0.895299
-0.563515
-0.363689
-0.764540
-1.429352
-1.403023
-1.269917
-1.432756
-1.598298
-1.558688
-1.464390
-2.922479
-2.037315
-1.897718
-1.141660
-0.440028
0.448379
-1.825245
-5.362542
-2.913840
1.154888
0.438687
-0.920468
-0.684577
-0.577968
-0.422884
-0.138859
0.021922
0.195820
0.188992
0.098361
0.028122
-0.091850
-0.155649
-0.216693
-0.331477
-0.461888
-0.497076
-0.504760
-0.533153
-0.547387
-0.615623
-0.702394
-0.772344
-0.849541
-0.986344
-1.150124
-1.318701
-1.508274
-1.716404
-1.942776
-1.951230
-1.877473
-2.767933
-1.339028
-1.247191
-0.739488
-0.546759
-0.434752
1.264351
3.567579
-3.189713
2.831147
0.992226
0.837590
0.881062
0.965840
0.932252
0.888633
0.863172
0.828204
0.781128
0.726368
0.606834
0.454855
0.297619
0.116082
0.124383
0.201515
0.245265
0.327169
-0.659400
-2.086257
-2.127367
-1.898311
-0.729882
1.111587
1.017416
0.514501
-5.371658
1.719169
-0.000204
0.042867
0.311008
0.567915
0.825940
1.103009
-0.378359
-2.598895
-1.591772
1.114168
0.343534
-0.768510
-0.671985
-0.589338
-0.702884
-0.778438
-0.850296
-0.923552
-1.282781
-1.763955
-3.028838
-4.714614
-1.198199
4.251513
0.669139
-5.299538
-3.659561
-1.608960
-2.005733
-2.445759
-2.690465
-3.131482
-2.902687
-3.273724
-2.717864
-1.977775
-1.663565
-1.346085
-0.736032
-0.045055
0.378635
0.757498
2.084970
0.922439
1.232784
1.103432
1.451098
1.951648
1.231772
0.114763
4.866331
-0.163857
-0.075495
-1.771646
1.961833
-0.986811
0.098427
0.343679
-1.078877
-3.177564
1.672809
11.295927
7.770936
1.623865
-0.913256
-4.535340
-3.942891
-1.683344
-0.699944
0.967959
0.801251
0.039557
0.055399
-0.071004
-0.263694
-0.468912
-0.812342
-1.227469
-1.389716
-1.492596
-1.681698
-1.852890
-1.695748
-1.399639
-0.263180
1.330735
3.512080
-1.396123
-2.416029
-5.041529
-1.274234
-3.666819
-2.538184
-2.120951
-1.709764
-1.261662
-5.361682
-2.145701
-2.672654
-1.466543
-1.186106
0.283843
-1.367964
-3.888669
-1.745929
1.643357
1.580316
1.126276
2.183711
3.335483
-0.489424
-6.227638
-1.512240
3.225621
2.827734
1.362054
2.978290
4.861669
2.944528
2.271734
0.740131
-0.976211
-0.788874
0.030963
0.303954
0.842241
0.579048
0.041244
-0.191724
-0.508539
-0.166994
0.447668
0.949570
1.601193
1.574289
1.316895
2.265028
3.546251
2.474448
0.685181
0.702610
0.903409
-4.858622
2.206449
1.333380
2.462205
2.554580
2.303498
-2.560849
-0.054790
2.282160
7.512529
4.594119
-0.453586
2.358923
3.163602
3.278299
2.990828
3.271989
3.533579
3.702075
3.882000
4.088294
3.930507
4.972290
6.356665
6.703195
6.895691
7.839064
8.919852
7.546183
5.272053
15.724043
5.230723
8.238177
8.522482
8.698291
8.325435
8.712548
9.154424
9.549397
10.030549
10.365883
10.674591
11.251536
11.914698
13.389764
15.279099
21.550914
15.195119
19.135517
22.003508
23.881939
25.927029
26.657524
26.801976
27.167765
27.213903
33.252320
41.714078
39.416860
34.311857
33.445288
31.927134
28.913534
25.407088
23.855345
22.746017
20.908542
19.175548
18.614945
17.164675
16.513438
15.909421
14.904092
13.834743
12.988480
12.164644
11.506438
10.952840
9.680384
8.168616
7.454936
6.892575
6.042362
5.225088
5.005464
5.025094
5.050765
5.254409
5.591412
6.069199
5.186840
3.805837
10.380245
2.777304
4.315103
3.940961
3.411173
2.887104
2.365024
1.829991
1.782408
1.936375
2.055931
2.306910
2.260334
2.145092
2.357179
2.644858
1.903499
0.794370
6.579690
-0.234175
1.570316
1.867795
1.463060
0.965922
2.464492
4.694573
-3.893561
3.899533
1.722818
1.834904
3.564445
5.999074
-2.737782
2.049101
1.468062
3.757449
3.333170
2.530948
2.807238
3.077974
2.659326
2.058947
1.491114
0.778969
0.167687
-0.464858
-1.250880
-2.101490
-1.792635
-1.036948
-0.730911
-0.284034
-0.310320
-0.519549
2.247854
0.738088
1.225592
0.873784
0.604712
0.189022
0.038880
-0.058218
-0.171822
-0.239474
-0.991219
-0.382982
-0.593824
-0.588315
0.059280
0.994732
1.939419
3.090920
-0.329132
-5.596474
-2.132019
3.698049
2.358612
0.001733
0.472174
0.909671
0.915259
1.021017
1.133762
1.250687
1.097634
0.832405
1.112600
1.543716
1.451929
1.266125
1.263431
1.239222
1.200656
1.165290
1.109726
1.045547
1.008547
0.976935
0.935073
0.894253
0.832645
0.761594
0.692437
0.617459
0.495157
0.350191
0.201256
0.035000
-0.124685
-0.290112
-0.473783
-0.667212
-0.618445
-0.473128
-0.348500
-0.161785
-0.048488
0.060475
0.236709
0.431762
0.373422
0.223207
0.103931
-0.072065
-0.082692
-0.046258
-0.075425
-0.092940
-0.309196
-0.611500
-0.841088
-1.101104
1.993506
-1.126710
-0.228444
-0.177458
-0.244937
-0.334355
-0.418772
-0.523886
-0.442097
-0.289950
-0.317787
-0.369446
-0.150523
0.153311
-4.503859
1.642688
-0.051336
-0.544052
-0.416902
-0.293284
-0.321038
-0.349218
-0.826731
-1.511663
0.703972
-1.096417
-0.435889
-0.303071
-1.024818
-2.096888
-1.335907
-0.049623
-0.390213
-0.982770
-0.946839
-0.933830
-0.462300
0.260138
0.695684
1.175290
-0.017887
-1.932560
-3.136855
3.119023
1.599207
0.342013
0.924355
1.589118
0.324731
0.464503
3.535427
0.967846
1.406490
0.792375
1.236001
0.003668
0.409288
0.838479
1.120289
1.523875
-1.797809
-6.663126
-4.086605
0.538563
0.142573
-0.641871
0.970015
2.887810
2.847200
2.370392
2.703846
2.970282
-0.106922
-4.552443
-3.320865
0.529465
0.994252
1.846826
6.190538
-3.980477
-1.131151
0.826173
0.604598
0.416621
0.434947
0.326076
0.225774
0.091356
0.015342
-0.050901
-0.154910
-0.264224
-0.355604
-0.445839
-0.542640
-0.639798
-0.757686
-0.885258
-1.012358
-1.145991
-1.114792
-1.016469
-0.932012
-0.804544
-0.941391
-1.172017
-1.362158
-1.607007
-1.649697
-1.627719
-2.351205
-2.032527
-2.403278
-2.657944
-2.915709
-3.193397
-2.835113
-2.215889
-1.644734
-0.904410
-0.949547
-1.254711
-1.219001
-1.243273
-1.692358
-0.836944
-0.834017
-0.627500
-0.752327
-1.013004
-1.713526
-2.699947
2.706002
-1.400217
-2.721624
-0.802224
-0.267083
1.492626
-6.476623
0.840050
-1.251915
-1.214236
-2.514585
-1.643361
-1.796950
-1.510648
-1.904524
-2.490192
-2.288366
-1.913362
-1.776255
-1.575832
-1.406165
-1.245104
-1.019065
-0.772667
-0.624964
-0.502834
-0.354859
-0.218320
-0.019097
0.204176
0.413111
0.633854
0.635436
0.547780
0.481682
0.359733
0.297718
0.237316
0.116685
-0.022472
0.099005
0.316321
0.890800
1.689760
-0.188079
1.272109
0.668172
0.466755
2.434870
5.296172
3.439603
3.144276
2.573183
2.116798
0.781540
-0.903123
0.188990
2.205814
5.122107
9.148485
1.502786
5.705535
-0.109338
-0.529164
-0.621800
0.892213
1.628683
2.821855
2.607629
1.926243
3.571093
2.380591
1.911707
0.667509
-0.601041
-2.166864
-2.222121
-1.776522
-3.989464
-6.938948
-6.402504
-5.009473
-5.535488
-6.107522
-1.229909
-5.261164
-3.546700
-2.985202
-1.883434
-0.483667
0.962639
2.625602
2.136648
0.838515
-0.142189
-1.594884
-1.461073
-0.839778
-0.772955
-0.545622
-1.036565
-1.816627
-2.403973
-3.120860
-2.897058
-2.313293
-1.902654
-1.297387
-0.323713
0.879590
1.062942
0.958926
0.864372
0.531176
2.769688
0.461352
1.188067
1.347792
1.420389
1.511595
1.430082
1.274572
3.532837
2.176465
2.962682
3.222292
3.547068
3.879676
4.019669
4.088276
4.263178
4.429460
3.968367
3.247545
6.481607
3.584374
4.909419
5.576606
4.761659
6.208621
5.380643
4.487703
4.926372
5.660303
8.043144
11.406960
12.787475
13.958400
17.065889
20.689154
23.888724
27.354773
26.762915
23.334711
20.662977
16.635436
16.647715
14.448245
12.594187
10.278419
9.284564
8.673391
7.903579
7.385573
6.034537
4.430250
3.121281
1.731083
1.256258
1.164127
2.410234
4.502022
-4.226558
3.662418
1.543094
1.806711
1.617840
1.293341
1.098207
0.846647
0.654245
0.474271
0.753419
0.242505
1.282366
2.660460
2.607287
2.267825
2.790835
3.395109
5.891327
5.023233
5.543357
5.277940
5.279286
5.173021
6.636054
10.523743
8.979148
6.425530
7.070491
8.028375
7.908114
7.814442
5.455541
2.031087
14.039645
2.492127
5.735163
6.163546
6.380692
6.755138
9.199013
12.631752
11.609422
9.373996
10.932838
13.065914
13.737926
14.459127
14.901253
15.092971
16.455606
18.169567
14.599278
21.573135
22.279760
24.701275
26.734155
28.741658
31.117112
33.596083
35.547271
37.361361
39.776814
41.508346
39.301441
35.631094
31.644638
26.420851
26.292034
25.281791
24.054626
22.861616
20.808461
18.382352
16.296555
14.089709
12.382602
10.867441
9.208132
7.630354
7.143506
7.143789
4.829189
1.873408
2.178448
3.325370
3.649570
4.363509
5.018452
5.743813
6.868624
8.190152
7.170045
5.288062
3.954243
2.201826
2.081853
2.518364
0.440865
-2.272704
-1.366997
0.514424
1.561377
3.093742
2.087251
0.139592
2.605193
6.238743
5.489471
3.889954
3.723504
3.304289
3.157858
3.160794
2.901703
2.630000
2.505890
2.410923
2.294456
2.198125
1.930583
1.597350
1.909559
2.447487
-1.044139
0.819030
-0.692628
-1.557623
0.294179
3.247646
2.868735
1.875840
2.208725
2.465141
2.229899
1.890009
0.658643
-1.053144
7.265811
0.114670
1.681590
0.770677
1.581349
2.886556
2.737805
2.384441
2.619375
2.854786
2.873140
2.861655
2.864697
2.836953
3.162453
3.625367
1.784105
-0.935778
9.672400
0.086510
2.844918
2.803881
3.008929
3.313959
3.109734
2.761732
3.023275
3.422877
3.643318
3.916767
4.175023
4.432683
4.744448
5.077345
6.160964
7.579645
8.988265
10.629111
12.558095
14.717439
16.437301
18.108625
19.783184
21.389838
24.358486
25.154199
29.102517
33.518213
31.875645
28.208150
26.644497
24.385609
21.026725
17.096774
14.752725
12.699387
9.977778
7.275982
6.254321
5.886074
5.460586
5.494849
4.813178
4.036263
3.765682
3.590103
3.605267
3.799726
4.088327
4.521203
4.004960
3.162448
2.451222
1.542463
1.884890
2.681028
0.567451
2.658076
1.955791
1.727168
1.924378
2.229003
0.572504
-1.823021
8.703776
-0.276058
2.689494
2.965046
3.310871
3.690917
3.387668
2.817157
2.312090
1.637273
1.181553
0.746440
0.126681
-0.538787
-0.527547
-0.269341
-0.089097
0.245363
0.314167
0.333949
0.524203
0.735891
1.337784
2.133805
2.936543
3.874428
2.646356
0.560719
-1.047950
-3.084889
-2.789090
-1.650906
-1.052841
-0.042831
-0.507578
-1.463981
-2.160773
-3.133659
-1.489110
1.167259
-6.613361
1.211767
-0.649560
-0.424552
-0.025977
0.398443
0.543004
0.598976
0.695146
0.737272
1.042526
1.438671
0.861665
-0.058959
4.243870
0.384533
1.495527
1.449592
1.342399
1.193295
1.008764
0.783032
1.347576
2.225321
1.971959
1.467767
0.012554
1.956396
1.452984
1.400411
1.819717
2.391937
2.943840
3.608722
2.968153
1.822910
0.850744
-0.422508
-0.326429
0.229529
0.416147
0.806116
0.614596
0.231838
0.081718
-0.120605
-0.140135
-0.081716
-0.083369
-0.054698
-0.638827
-1.475852
-0.694350
0.592432
0.291463
-0.276924
-0.240941
-0.241242
-0.615610
-1.102149
-0.831768
-0.331493
-0.364590
-0.436754
-0.241928
-0.008284
0.145182
0.310994
0.522569
0.750910
0.140598
-0.813856
-1.714430
-2.842152
-2.218910
-0.951378
0.005952
1.318622
1.152203
0.490107
0.257156
-0.182096
0.008655
0.416237
0.586510
0.824129
0.878885
0.862263
1.225729
1.698110
1.494724
1.095087
-0.765557
-0.325187
1.956657
5.945623
2.432560
-3.277622
-2.634135
-1.111163
-2.196145
-3.305880
-2.720132
-1.700713
-0.800746
0.431151
0.809268
0.967002
1.504203
2.009186
1.740129
1.166805
0.596518
-0.197023
0.686630
2.179626
0.630758
-1.749273
-1.070696
0.197716
-1.223048
0.026842
-0.358423
-0.472693
-0.491459
-0.515742
-0.277695
0.079501
-0.296452
-0.900744
2.717078
-0.059750
1.136927
1.474779
1.243113
0.787415
0.384898
-0.160281
-0.525972
-0.876514
-1.382051
-1.927433
-1.666026
-1.096416
-0.604070
0.085259
0.591639
1.104302
1.828150
2.625428
2.024842
0.886242
-0.001769
-1.183295
-0.779106
0.188789
0.799393
-7.920890
1.875754
-2.531037
0.435371
1.843883
1.664924
0.861192
0.527561
-0.066917
0.198363
0.757010
1.012303
1.367036
1.941462
2.623843
2.375128
1.804085
1.878746
1.978512
1.709375
1.363410
1.141092
0.896320
0.563754
0.196402
-0.112619
-0.422418
-0.771439
-1.131336
-1.253927
-1.284794
-1.337465
-1.331301
-2.309358
-3.680936
-1.407358
2.128596
1.490663
0.054301
1.995771
-1.620672
5.484246
-0.208456
1.435867
1.340219
1.351628
1.370128
1.313671
1.239979
0.830286
0.261612
-0.311012
-0.995396
0.920929
3.891058
1.772889
-1.741122
0.806990
4.741612
-0.725573
0.375900
15.482083
7.050855
6.947763
0.841275
2.085380
4.525731
3.995645
3.540571
2.945986
2.012652
1.139380
0.118149
-0.248670
-0.400015
-0.732260
-0.971208
-2.081563
-3.538134
-4.073359
-4.471068
-3.420515
-1.591728
-7.175925
-0.982580
-2.168971
-1.761261
-1.090437
-0.342077
-0.543630
-1.085174
-1.442605
-1.981606
-2.041671
-1.963542
0.389554
-1.362448
-2.185484
-6.728290
-3.973918
0.240616
-0.228352
-1.233192
-1.185970
-1.438148
-1.055692
-0.432102
-0.137444
0.197454
-0.104505
-0.693419
-2.738746
-5.605679
5.652089
3.736777
6.462451
-6.008828
-1.898182
2.637964
1.189869
-0.849259
-0.941779
-1.116657
-2.034840
-3.101766
-2.723281
-1.878187
-1.255296
-0.355238
-0.949108
-2.072285
-1.251950
-0.010886
-7.690319
-0.960429
-3.173077
-3.382936
-2.173037
-0.367422
1.408996
3.602488
3.057580
1.539846
0.571691
-0.908465
-0.659794
0.142752
0.345116
0.734723
0.399142
-0.220812
-0.620441
-1.136374
-1.244142
-1.209407
-1.197936
-1.086364
-1.216571
-1.405208
-1.479985
-1.559298
-1.625410
-1.675974
-1.730898
-1.778993
-1.137722
-0.200390
-0.582949
-1.315384
-1.201351
-1.030867
-1.269549
-1.566245
-1.698565
-1.831456
-2.034739
-2.250836
-2.303180
-2.299307
-2.316318
-2.298531
-2.412531
-2.568511
-2.682952
-2.813347
-2.648740
-2.361688
-2.775088
-3.397912
-3.311601
-3.095865
-3.815865
-3.523217
-3.399808
-2.972955
-3.434193
-2.500057
-2.447869
-2.211096
-1.893244
-1.547785
-1.331625
-1.148959
-0.931494
-0.728610
-0.240378
0.366120
0.945499
1.598974
0.320745
-1.747567
0.339644
3.620227
-4.518356
2.718555
1.150926
1.832983
1.172520
0.062743
-0.859053
-2.053576
-1.543163
-0.415203
0.358422
1.451204
1.247582
0.604384
0.344648
-0.095194
-0.027182
0.213124
0.248143
0.330327
0.081605
-0.307553
-0.336574
-0.313207
-1.624655
-0.105624
-0.304181
-0.048510
-0.245560
-0.604258
-0.856050
-1.186042
-0.050154
1.684136
0.940582
-0.421648
-1.136380
-0.916532
-1.030533
-0.780066
-3.801680
-2.219574
-3.474839
-4.126512
-3.775093
-3.014457
-2.343384
-1.412437
-0.682385
0.074484
1.100975
2.233482
1.463896
-0.036794
-0.144271
0.423497
-0.728813
-2.149057
-3.105836
-4.173106
-0.955930
-0.294131
-0.434173
-1.659203
-0.775554
0.411987
0.863348
1.367162
1.318001
0.980177
0.742193
0.352864
0.246224
0.199518
0.944453
-0.266744
-0.205831
-0.436483
0.070428
0.889242
0.857494
0.688098
0.884108
1.081027
1.110845
1.108680
1.272704
1.474758
0.774963
-0.273146
5.646976
1.034912
1.292350
-0.575912
0.258202
1.761668
1.124152
0.175474
0.033473
-0.137809
0.245233
0.935836
1.578636
2.403921
2.891584
3.316044
1.399817
-1.577735
-0.994373
0.358943
-0.788304
-2.261661
3.685539
-1.362193
0.791823
1.643549
0.855768
-0.477300
10.169758
-3.105205
0.762701
1.983242
1.971927
2.011119
1.811617
1.403781
1.193209
0.943670
-0.272817
-1.898110
2.471402
-3.231292
0.222490
-1.245663
-0.448337
-0.041589
0.116880
0.226568
0.728422
0.907728
0.910770
0.729188
0.596708
0.379940
0.362793
0.396285
0.334306
0.276574
0.153660
-0.005107
-0.157428
-0.330710
0.752366
2.360879
1.461872
-0.124815
0.435241
1.320956
1.382317
1.472845
0.909607
-0.005429
-0.868637
-1.943877
1.719447
7.305143
2.793118
-4.612846
0.903169
-0.498246
-0.045381
-0.676824
-0.559593
-0.435576
-0.345920
-0.188428
-0.137094
-0.102780
0.006061
0.127395
0.112115
0.052452
0.012205
-0.055044
-0.054934
-0.036760
-0.049288
-0.059283
0.537316
1.389955
2.218819
3.221783
1.725488
-0.755165
-2.848028
-5.501816
0.014938
8.786443
8.671171
-1.368252
1.142672
3.402127
2.069566
0.419720
0.093382
-0.198848
2.653748
0.397688
-0.099075
-1.908242
1.990062
-2.611228
-1.416323
-1.133816
-0.976326
-0.685837
-0.598339
-0.548125
-0.352476
-0.133912
0.298336
0.847645
1.412617
2.061737
2.719416
3.421827
4.208981
5.054060
5.557703
6.382319
5.241734
6.846669
4.438864
1.402142
-0.429110
-2.467064
-7.458854
-0.435388
-0.762025
1.101618
1.493830
1.508047
2.329194
3.160745
2.748031
1.896207
3.436875
5.658014
2.637764
-2.040464
0.379830
4.488568
2.902995
0.437393
0.021544
-0.537501
-0.606057
-0.315967
-0.178968
0.112895
-1.693887
-4.337276
-2.746314
0.032083
-0.637059
-1.768298
-1.488046
-1.188811
-1.254857
-1.317972
-1.227516
-1.109022
-1.721232
-2.614954
1.302179
-2.069674
-1.070759
-1.118392
-0.648034
0.015119
-2.309188
-0.217572
-0.837450
-0.858041
-0.390596
0.278223
0.911497
1.675690
-0.840566
-4.695058
-2.219573
1.974819
0.988186
-0.727179
-0.350832
0.025424
-0.225427
-0.521662
0.931244
-0.258426
0.199614
0.305621
0.408668
0.519963
0.632183
0.748349
0.872989
1.003182
1.200123
1.428966
1.589164
1.742170
2.342489
2.323033
2.715424
3.039986
2.348540
1.236609
0.190019
-1.133397
-0.400857
1.083681
-0.378171
-2.523604
-1.498227
0.243996
1.118469
2.295395
1.091743
-1.074991
-2.894613
-5.269931
