-0.178819
-0.078937
0.105263
0.305026
0.134375
-0.177664
-0.456951
-0.827782
-0.764673
-0.556355
-0.461249
-0.300318
-0.320883
-0.399816
-0.403683
-0.422181
-0.346245
-0.229036
-0.130447
-0.010439
0.129713
0.286503
0.464448
0.661324
0.604798
0.451563
0.329017
0.147378
0.051384
-0.032611
-0.181226
-0.342646
-0.318906
-0.229223
-0.161292
-0.052108
-0.019361
-0.002110
0.060968
0.128189
0.116004
0.076827
0.045727
-0.002994
-0.014739
-0.018154
-0.041339
-0.065118
-0.052964
-0.027892
-0.005140
0.026483
0.042871
0.056690
0.080330
0.105331
0.120340
0.132775
0.147128
0.160033
0.179604
0.201535
0.221696
0.242915
0.240550
0.228459
0.218466
0.202311
0.192337
0.182327
0.165689
0.146868
0.101851
0.043962
-0.015109
-0.083489
-0.149569
-0.219157
-0.298491
-0.383371
-0.222812
0.038549
0.283508
0.594715
0.422893
0.074851
-0.183917
-0.538426
-0.492164
-0.310786
-0.245087
-0.122854
-0.160980
-0.253095
-0.280693
-0.323120
-0.285813
-0.214696
-0.161854
-0.092502
-0.036984
0.018449
0.091424
0.170359
-0.021712
-0.324445
-0.609185
-0.966823
-0.768378
-0.365577
-0.062071
0.353833
0.360179
0.234418
0.241875
0.200742
0.334749
0.534614
0.677686
0.846001
0.812189
0.698188
0.618581
0.494627
0.334691
0.142306
-0.094160
-0.368399
-0.226367
0.070419
0.309806
0.641368
0.823144
0.978303
1.234881
1.506279
1.428964
1.220956
1.044130
0.782402
0.649769
0.535580
0.328186
0.103447
0.109218
0.195072
0.252292
0.359265
0.365909
0.350146
0.389983
0.432355
0.430037
0.415778
0.406511
0.389040
0.266442
0.095796
-0.078769
-0.288649
-0.196473
0.007265
0.161390
0.378668
0.205710
-0.108951
-0.341807
-0.647580
-0.504612
-0.196213
0.018005
0.317190
0.139617
-0.210970
-0.453796
-0.782329
-0.666113
-0.389409
-0.219748
0.026668
0.023055
-0.062310
-0.058293
-0.081028
-0.013514
0.089330
0.161298
0.246241
0.311078
0.370170
0.443314
0.517617
0.511681
0.473634
0.440358
0.385567
0.355563
0.326529
0.274193
0.215021
0.168739
0.122272
0.067987
0.011654
-0.089607
-0.211773
-0.334184
-0.471253
-0.268850
0.071103
0.381244
0.779104
0.607727
0.232091
-0.028434
-0.395975
-0.262465
0.046280
0.223558
0.480070
0.447818
0.315906
0.277421
0.201410
0.128610
0.049484
-0.067883
-0.204146
-0.348326
-0.508778
-0.688753
-0.885499
-0.794918
-0.592006
-0.418998
-0.175649
-0.023649
0.119280
0.338723
0.576799
0.396130
0.054118
-0.249942
-0.657803
-0.365617
0.179813
0.587910
1.130375
0.505291
-0.568157
-1.453264
-2.591973
-2.056652
-0.907935
-0.092419
1.046028
0.851145
0.204983
-0.052052
-0.496174
-0.413564
-0.153299
-0.106320
-0.011066
0.000663
-0.023109
0.004997
0.029697
0.055758
0.086297
0.113662
0.141919
0.193482
0.255043
0.316497
0.385059
0.285753
0.118338
-0.034481
-0.230783
-0.230231
-0.164751
-0.152652
-0.111996
-0.167440
-0.256043
-0.311366
-0.378242
-0.351079
-0.285793
-0.236257
-0.165601
-0.118586
-0.073401
-0.005457
0.068808
0.140963
0.217591
0.301037
0.389256
0.490799
0.600970
0.715563
0.837491
0.584488
0.175859
-0.208976
-0.696316
-0.732600
-0.622476
-0.637721
-0.589940
-0.548096
-0.492519
-0.372440
-0.219107
-0.042836
0.165610
0.408001
0.682342
0.703718
0.636026
0.612583
0.539444
0.567951
0.621104
0.618782
0.615169
0.285770
-0.188731
-0.650962
-1.210466
-0.828003
-0.089020
0.508753
1.313256
1.009575
0.316288
-0.116340
-0.737977
-0.563416
-0.111046
0.113409
0.455381
0.413473
0.239161
0.201239
0.118656
0.254827
0.477591
0.645775
0.854478
0.501739
-0.076684
-0.589390
-1.239342
-0.837911
-0.046475
0.558077
1.377203
1.182414
0.636970
0.355876
-0.084421
-0.133285
-0.062209
-0.170711
-0.257970
-0.235448
-0.175275
-0.099272
0.012736
0.063958
0.107864
0.191787
0.282872
0.483808
0.739078
0.997345
1.293980
1.188524
0.930277
0.729109
0.438050
0.864669
1.560578
2.132945
2.854934
2.999994
2.956605
3.091991
3.154047
3.756576
4.573642
5.292915
6.128343
6.817608
7.488759
8.285674
9.112135
10.368099
11.833978
13.312923
14.941277
18.702867
23.443541
28.247005
33.761885
34.021861
32.385918
29.744491
25.230341
23.295272
21.473541
17.594035
13.165161
12.058145
11.889233
10.992053
10.576355
9.256126
7.699536
6.674573
5.669273
5.105145
4.794243
4.488898
4.351299
3.447917
2.297892
1.354574
0.302541
0.356486
0.851963
1.188859
1.782299
1.749930
1.554708
1.650775
1.728202
1.667786
1.570827
1.462832
1.318421
1.346779
1.430417
1.468820
1.532175
1.518451
1.478832
1.468007
1.449138
1.191535
0.831632
0.473924
0.043930
-0.004549
0.075665
0.064619
0.115448
0.006401
-0.151342
-0.238866
-0.336260
-0.268083
-0.126645
-0.002005
0.167350
0.308439
0.456676
0.652287
0.868412
1.027973
1.178095
1.352268
1.526263
1.747562
1.991454
2.233311
2.489899
2.395119
2.157520
1.950303
1.651880
1.571173
1.543579
1.412427
1.285154
1.161428
1.030062
0.901737
0.771502
0.612828
0.441482
0.269407
0.088073
0.243650
0.538165
0.808562
1.169481
1.439763
1.711346
2.080350
2.481818
2.380078
2.089753
1.855504
1.503458
2.002744
2.815004
3.469065
4.292622
4.748972
5.111752
5.664566
6.215507
6.967285
7.823763
8.671153
9.585007
10.809663
12.196747
13.639159
15.214141
16.773549
18.394313
20.153420
21.998494
26.919411
33.204025
39.446112
46.634848
43.708343
36.916939
31.541271
23.885754
21.993137
21.634163
18.677936
15.945501
14.167654
12.625832
11.253873
10.165877
8.875069
7.649021
6.727015
5.943251
5.527089
5.364317
5.331214
5.510953
4.980274
4.260785
3.793283
3.269297
3.156970
3.220017
3.208847
3.291870
3.021205
2.636328
2.363618
2.047661
1.883728
1.776092
1.618025
1.480979
1.415712
1.385499
1.373550
1.393399
1.400414
1.418803
1.470806
1.541085
1.504037
1.433445
1.386665
1.322932
1.170880
0.975825
0.767219
0.523344
0.695498
1.026710
1.303366
1.675399
1.909267
2.123263
2.441514
2.780182
3.119077
3.478675
3.860228
4.260849
4.732056
5.244557
5.773928
6.337302
6.879958
7.431520
8.019309
8.624491
9.277695
9.963320
10.665168
11.394197
13.829078
17.004250
20.134138
23.772299
24.640662
24.563871
24.627481
24.014628
22.228162
19.640194
16.403689
12.391366
10.909614
10.072382
8.317785
6.742842
5.968801
5.522590
5.220530
5.218239
4.914134
4.637349
4.685033
4.851622
4.694317
4.489274
4.423860
4.361192
3.669680
2.726669
1.814722
0.731549
0.733867
1.121109
1.284547
1.648081
1.596623
1.438656
1.503935
1.570350
1.490440
1.372441
1.263701
1.125557
1.091287
1.088418
1.050705
1.023881
0.939525
0.832103
0.738155
0.633039
0.541614
0.452207
0.350756
0.246576
0.255873
0.310902
0.358116
0.435452
0.351507
0.212225
0.111015
-0.017004
-0.035898
-0.016892
-0.030041
-0.027556
-0.065281
-0.116193
-0.149444
-0.185618
-0.209640
-0.227991
-0.249751
-0.269017
-0.288654
-0.307642
-0.324059
-0.339118
-0.302919
-0.244001
-0.185866
-0.111990
-0.048492
0.017886
0.100998
0.191482
0.152769
0.064309
-0.010816
-0.117261
0.064852
0.356481
0.603354
0.913060
0.835841
0.618691
0.482911
0.275208
0.401084
0.643809
0.798347
1.005440
0.816250
0.473732
0.202004
-0.153416
-0.284375
-0.351548
-0.514474
-0.664483
-0.668966
-0.615615
-0.555929
-0.451036
-0.398154
-0.345547
-0.243851
-0.126903
-0.204339
-0.352140
-0.475381
-0.641730
-0.731786
-0.806978
-0.929888
-1.058059
-0.812213
-0.414741
-0.039220
0.437619
0.007210
-0.764076
-1.391537
-2.213610
-1.984494
-1.384069
-1.029279
-0.493695
-0.352785
-0.321095
-0.087188
0.139787
0.139437
0.060525
-0.014153
-0.147917
-0.172095
-0.176884
-0.247528
-0.325503
-0.286758
-0.208757
-0.143901
-0.053883
-0.018927
0.002998
0.053240
0.103594
0.102517
0.082606
0.065254
0.034719
0.025301
0.018962
-0.001913
-0.025296
-0.035562
-0.042961
-0.053636
-0.062973
-0.082232
-0.105433
-0.126847
-0.150398
-0.138726
-0.112879
-0.090750
-0.059829
-0.038923
-0.018551
0.011322
0.043927
0.059417
0.069911
0.084046
0.095577
0.116695
0.141058
0.162340
0.184847
0.177211
0.156997
0.139326
0.113651
0.095510
0.077094
0.050087
0.020093
0.052088
0.108148
0.158376
0.223965
0.269119
0.312160
0.371936
0.435678
0.477171
0.512828
0.553684
0.591660
0.643810
0.701192
0.755025
0.811299
0.809081
0.782742
0.761425
0.724748
0.703484
0.682112
0.644215
0.600868
0.604413
0.623606
0.635004
0.655384
0.654282
0.647422
0.650724
0.653377
0.754755
0.898913
1.038223
1.205971
1.118961
0.936367
0.794156
0.597360
0.623520
0.723245
0.757172
0.821185
0.791944
0.730155
0.703007
0.665472
0.644334
0.628972
0.602427
0.575566
0.545400
0.512497
0.479321
0.444396
0.554413
0.725254
0.888032
1.091231
1.257552
1.426270
1.638355
1.866111
1.838821
1.714946
1.618634
1.461782
1.394604
1.340132
1.219343
1.085786
1.099441
1.162727
1.205923
1.279416
1.285197
1.274237
1.297400
1.320068
1.377060
1.452038
1.525295
1.609882
1.695968
1.787819
1.891321
2.002641
2.145935
2.307730
2.476333
2.659887
2.846557
3.042280
3.253401
3.475646
3.623859
3.747416
3.885801
4.011103
4.169469
4.337343
4.490365
4.645024
5.005266
5.452178
5.891803
6.390711
6.836825
7.287484
7.801729
8.339570
8.871758
9.419331
9.992078
10.582148
11.214966
11.876756
12.554835
13.257948
14.135546
15.100843
16.084662
17.135933
18.665702
20.432640
22.248920
24.248004
26.627918
29.260764
32.066815
35.105416
36.382437
37.037227
38.010075
38.640138
36.220537
32.376357
28.311353
23.161886
21.564029
20.945797
19.050075
17.445927
16.339141
15.445343
14.821778
14.465670
13.878077
13.345935
13.102786
12.984076
12.198173
11.217298
10.396301
9.481316
9.183692
9.121638
8.936943
8.875828
8.414882
7.828735
7.386778
6.905164
6.571387
6.297199
5.976731
5.680150
5.662806
5.770571
5.890654
6.104176
6.258500
6.432726
6.706326
7.025267
7.020657
6.910147
6.861313
6.754835
6.799452
6.887878
6.910608
6.941913
7.255137
7.685378
8.111819
8.621331
9.050733
9.484575
10.007833
10.562735
10.999912
11.411296
11.861223
12.302996
12.830058
13.393671
13.945473
14.518409
15.690515
17.126219
18.557872
20.174773
21.662693
23.182114
24.898826
26.700589
29.059769
31.716875
34.439557
37.388778
40.342343
43.410860
46.714216
50.171825
48.189930
43.990694
40.187531
34.937833
32.942644
31.696313
28.815400
25.934522
24.195136
22.768383
21.279457
20.031454
18.013746
15.774847
13.818036
11.796095
11.075080
10.906955
10.617562
10.673414
10.291124
9.871351
9.826894
9.878172
9.225186
8.357141
7.621548
6.766958
6.286422
5.923305
5.421933
4.956366
4.855838
4.912772
4.989933
5.188143
4.891873
4.444071
4.143055
3.781126
3.689914
3.700889
3.638303
3.620969
3.301987
2.868071
2.493421
2.058186
1.957163
1.976231
1.918645
1.920109
1.801389
1.651086
1.566481
1.482305
1.481031
1.522189
1.560738
1.626840
1.693052
1.771946
1.879336
2.004806
1.902462
1.714675
1.555651
1.344704
1.214609
1.097629
0.923642
0.740106
0.699668
0.709607
0.703037
0.728204
0.692492
0.644000
0.630853
0.620311
0.435926
0.182535
-0.060384
-0.349592
-0.196024
0.125361
0.379821
0.731331
0.616498
0.341628
0.186797
-0.041334
-0.085233
-0.072380
-0.142394
-0.201565
0.041764
0.410114
0.775987
1.231424
0.891772
0.255520
-0.253757
-0.932188
-0.559836
0.193799
0.728033
1.458854
1.216546
0.629066
0.285299
-0.219564
-0.117915
0.192118
0.311175
0.510846
0.485340
0.381577
0.369455
0.335809
0.439717
0.601772
0.736344
0.901036
1.039752
1.178620
1.349568
1.531487
1.082519
0.373649
-0.296408
-1.138548
-0.714372
0.172087
0.826121
1.731981
1.512503
0.907596
0.610043
0.143491
0.205614
0.446038
0.491166
0.592732
0.505339
0.343312
0.246302
0.121974
0.037684
-0.035488
-0.138149
-0.243908
-0.133543
0.064207
0.249198
0.492595
0.357803
0.088111
-0.104916
-0.368584
-0.234539
0.043745
0.232366
0.492541
0.348289
0.055992
-0.145509
-0.420577
-0.378577
-0.226525
-0.163576
-0.053395
-0.061950
-0.108328
-0.101402
-0.102091
-0.189073
-0.310696
-0.436059
-0.588385
-0.633147
-0.645172
-0.689775
-0.721509
-0.642263
-0.513215
-0.375890
-0.199952
-0.327152
-0.564366
-0.748475
-0.993640
-0.988268
-0.899282
-0.883880
-0.834076
-0.627051
-0.344799
-0.034298
0.340122
0.248801
-0.007747
-0.177822
-0.437847
-0.516261
-0.550396
-0.684787
-0.821857
-0.779912
-0.673669
-0.578713
-0.439473
-0.376399
-0.326176
-0.226918
-0.120882
-0.082765
-0.065179
-0.037259
-0.021756
0.031383
0.095811
0.145845
0.199031
0.108259
-0.043815
-0.186534
-0.369242
-0.433550
-0.465227
-0.543331
-0.613362
-0.490736
-0.287268
-0.084117
0.177182
0.203669
0.157460
0.181566
0.176661
0.206567
0.245137
0.252733
0.254896
0.242521
0.218135
0.188504
0.149475
0.159131
0.184542
0.198082
0.219110
0.207965
0.185382
0.171843
0.153385
0.270321
0.443519
0.605859
0.804282
0.688507
0.454799
0.271904
0.022094
0.072814
0.225432
0.296229
0.411785
0.406818
0.362880
0.369821
0.367387
0.388551
0.420750
0.442632
0.467792
0.493751
0.520493
0.550514
0.582382
0.616961
0.653906
0.692671
0.733608
0.776613
0.821709
0.868977
0.918368
0.802307
0.617071
0.441183
0.219338
0.122007
0.057110
-0.060655
-0.172532
-0.103575
0.039488
0.180429
0.374343
0.514001
0.655172
0.853501
1.071114
0.981171
0.775453
0.603412
0.358880
0.224316
0.106139
-0.091553
-0.303754
-0.391966
-0.442640
-0.514312
-0.564199
-0.681785
-0.820191
-0.933293
-1.052555
-0.926973
-0.697418
-0.484594
-0.204240
0.018574
0.246777
0.547234
0.874868
0.645611
0.199784
-0.193325
-0.724459
-0.603472
-0.264108
-0.095321
0.172273
0.149796
0.032134
0.027905
-0.003378
0.077219
0.204754
0.300361
0.416225
0.441700
0.434827
0.452566
0.456049
0.490885
0.534986
0.563173
0.592250
0.594836
0.584884
0.576869
0.560997
0.547587
0.531749
0.507687
0.479248
0.465850
0.455930
0.440767
0.426594
0.402175
0.373306
0.345863
0.315856
0.322073
0.342652
0.359027
0.384179
0.398564
0.412037
0.435025
0.460496
0.467871
0.469718
0.474989
0.477211
0.489025
0.503854
0.515140
0.527347
0.533669
0.537544
0.542598
0.546383
0.551394
0.556456
0.560162
0.563444
0.571078
0.580222
0.588729
0.598133
0.605675
0.612777
0.620883
0.629014
0.644521
0.663285
0.681764
0.702428
0.721629
0.741202
0.763098
0.786002
0.779331
0.760794
0.744595
0.720697
0.718623
0.722474
0.717435
0.713700
0.808225
0.944229
1.077276
1.238908
1.153696
0.976535
0.839583
0.650513
0.721747
0.883574
0.980547
1.119940
1.159292
1.169088
1.226596
1.279960
1.283297
1.268459
1.251868
1.220717
1.212187
1.206274
1.184300
1.159113
1.159831
1.168366
1.172331
1.180757
1.175034
1.164898
1.159954
1.153653
1.181022
1.222632
1.261426
1.309261
1.349219
1.389764
1.439985
1.493764
1.533557
1.570091
1.610989
1.650734
1.696162
1.743931
1.790296
1.837764
1.885960
1.934834
1.984805
2.035639
2.086909
2.138885
2.191744
2.245354
2.325089
2.416384
2.507339
2.606334
2.699967
2.795050
2.898684
3.006067
2.880857
2.659342
2.451805
2.180456
2.205595
2.328464
2.372606
2.460443
2.534469
2.614757
2.740247
2.886442
3.053360
3.243586
3.454711
3.687844
3.641663
3.489160
3.371649
3.189627
3.102354
3.028870
2.884799
2.727189
3.194215
3.913202
4.590681
5.434713
5.104146
4.347445
3.813469
3.050192
3.240955
3.753789
3.989894
4.360200
4.350544
4.212800
4.228162
4.208412
4.300964
4.441058
4.541180
4.658465
4.761647
4.862638
4.981686
5.105896
5.253226
5.414724
5.580714
5.757702
5.908079
6.052763
6.210016
6.367130
6.454760
6.514091
6.576375
6.619297
6.682729
6.746128
6.788623
6.824379
7.410053
8.224343
9.007781
9.943456
9.582205
8.737188
8.105435
7.200395
7.571983
8.381288
8.854347
9.524636
9.692490
9.703378
9.937424
10.139663
10.272718
10.385062
10.469237
10.524394
10.769332
11.078440
11.349104
11.653576
11.917589
12.176158
12.471164
12.774839
13.108545
13.462951
13.825324
14.203968
14.644022
15.118674
15.607584
16.125277
16.645789
17.182500
17.748996
18.336056
18.631923
18.816678
19.035511
19.185942
20.126727
21.375359
22.519377
23.846834
24.045768
23.839404
23.870755
23.693826
24.798694
26.376532
27.685388
29.237162
30.106214
30.770122
31.712790
32.605643
33.400810
34.160587
34.875223
35.543724
36.355015
37.200662
37.992036
38.791537
39.499387
40.166301
40.845148
41.500184
40.721927
39.323913
37.963144
36.176025
34.717688
33.203398
31.233884
29.079267
28.589587
28.673388
28.490173
28.638384
28.071384
27.327100
26.954613
26.581514
25.770533
24.812318
23.875303
22.831946
22.148240
21.569975
20.866291
20.196734
19.626103
19.100276
18.604516
18.153021
17.832523
17.591692
17.391272
17.259252
16.851144
16.361894
15.955673
15.517522
15.222871
14.983109
14.704766
14.450924
14.147796
13.831093
13.541571
13.252034
12.912948
12.555649
12.200688
11.832940
11.610202
11.443421
11.257171
11.104213
10.904761
10.699066
10.529685
10.367907
10.079846
9.745461
9.424679
9.074605
8.855227
8.679173
8.467271
8.274256
8.037473
7.787122
7.557926
7.326738
7.113126
6.908300
6.700823
6.498196
6.379709
6.299017
6.219696
6.167579
6.098821
6.035877
6.001821
5.981019
5.768307
5.483208
5.220334
4.912673
4.979272
5.186483
5.331374
5.555269
5.423972
5.171967
5.016564
4.808089
4.741298
4.720153
4.638727
4.568045
4.463308
4.342732
4.234267
4.119926
4.005776
3.890237
3.768703
3.643988
3.864642
4.230125
4.577375
5.021307
4.821124
4.390248
4.087080
3.661941
3.779137
4.083460
4.239154
4.476724
4.506514
4.470524
4.527068
4.570157
4.589541
4.602332
4.602953
4.592796
4.603632
4.617060
4.618330
4.617864
4.598979
4.570156
4.540235
4.503238
4.465408
4.423792
4.374879
4.320998
5.045502
6.098105
7.111948
8.345472
8.161521
7.473280
7.073254
6.409451
6.987787
8.001558
8.691009
9.578043
10.002556
10.288514
10.796369
11.284736
11.883569
12.543770
13.180799
13.848422
15.147228
16.726485
18.310014
20.093619
19.826548
18.781131
18.031278
16.825299
16.306179
15.896868
14.988122
13.991056
13.400757
12.889265
12.264839
11.672363
11.018259
10.340946
9.698465
9.053404
8.508005
8.007490
7.500283
7.021816
6.321610
5.539815
4.797277
4.009729
3.810653
3.845035
3.807763
3.911718
3.842448
3.758065
3.826774
3.935198
3.898046
3.833773
3.818106
3.794996
3.890725
4.038680
4.174193
4.341468
4.101912
3.702816
3.354043
2.908840
2.588434
2.281269
1.869303
1.432164
1.812652
2.518144
3.161493
4.017279
3.466418
2.410003
1.633652
0.590609
0.607750
0.980676
1.034045
1.230432
1.003223
0.628957
0.418462
0.163885
0.536387
1.172393
1.737031
2.461184
2.149673
1.464685
0.988909
0.317469
0.441588
0.834677
0.992583
1.260704
1.214871
1.062197
1.035281
0.978564
1.138590
1.390192
1.602597
1.864189
1.843270
1.721043
1.661601
1.551484
1.553708
1.586633
1.562757
1.540995
1.463240
1.356637
1.254185
1.134051
1.065859
1.011921
0.937474
0.866480
0.792941
0.717767
0.646114
0.574923
0.535300
0.509698
0.483242
0.466336
0.443271
0.421970
0.410813
0.404148
0.380179
0.352026
0.329348
0.305208
0.261478
0.209308
0.156511
0.097419
0.114892
0.161928
0.199140
0.254132
0.284443
0.311544
0.358037
0.408664
0.446737
0.483460
0.525157
0.567008
0.621641
0.682311
0.742630
0.806981
0.736870
0.611397
0.495895
0.344453
0.229309
0.113823
-0.040352
-0.207305
-0.230803
-0.203345
-0.195609
-0.157194
-0.177260
-0.209921
-0.208461
-0.204577
-0.169148
-0.115549
-0.060529
0.006950
0.079350
0.159832
0.253011
0.355901
0.373649
0.361064
0.362304
0.346196
0.363703
0.388847
0.394694
0.399469
0.048873
-0.455477
-0.945769
-1.539761
-1.252641
-0.637717
-0.168017
0.486803
0.369443
-0.005104
-0.155881
-0.413731
-0.363937
-0.209721
-0.177830
-0.116479
-0.170665
-0.273160
-0.341148
-0.429326
-0.346158
-0.195890
-0.073636
0.086286
0.099025
0.063823
0.073737
0.064797
0.118546
0.194912
0.249417
0.311856
0.314955
0.294208
0.284059
0.260962
0.253128
0.246845
0.226583
0.202717
0.198523
0.199530
0.195846
0.194687
0.181150
0.163031
0.148023
0.130880
0.154581
0.194990
0.231454
0.278394
0.314358
0.350143
0.397214
0.447842
0.341912
0.172230
0.013068
-0.188070
-0.042805
0.231298
0.447095
0.735139
0.601303
0.315641
0.122492
-0.147113
-0.041118
0.198662
0.343837
0.551223
0.520456
0.407491
0.368442
0.297106
0.313535
0.360005
0.369857
0.387498
0.436383
0.498335
0.566712
0.647256
0.716510
0.787342
0.871306
0.960401
1.035911
1.109436
1.188962
1.268674
1.360469
1.458127
1.555503
1.656787
1.586478
1.444959
1.314881
1.138130
1.006584
0.873612
0.690469
0.490097
0.463382
0.497170
0.505238
0.549102
0.347587
0.055714
-0.188727
-0.481312
-0.515630
-0.457594
-0.460154
-0.417871
-0.322075
-0.188913
-0.012119
0.206416
0.205783
0.136076
0.119376
0.069652
0.125514
0.216439
0.269049
0.332968
0.314940
0.263286
0.226568
0.171769
0.135931
0.101268
0.047191
-0.012588
0.007914
0.057846
0.098260
0.156917
0.184885
0.207336
0.249919
0.295234
0.207362
0.066231
-0.066170
-0.233918
-0.360726
-0.485754
-0.649066
-0.823500
-0.740790
-0.557930
-0.397974
-0.173603
-0.033602
0.098261
0.300260
0.519353
0.544528
0.502630
0.487346
0.431420
0.459757
0.507720
0.510192
0.511426
0.276767
-0.063660
-0.395559
-0.798371
-0.758668
-0.563003
-0.459759
-0.275896
0.184960
0.791669
1.469154
2.274433
1.807356
0.866276
0.112906
-0.917448
-0.711976
-0.090586
0.192288
0.656889
0.617766
0.413624
0.416630
0.377108
0.304667
0.220226
0.094826
-0.057112
-0.134804
-0.197679
-0.291550
-0.383805
-0.339401
-0.239374
-0.143812
-0.009614
0.184598
0.421978
0.696731
1.013969
0.708080
0.160918
-0.315100
-0.939893
-0.709001
-0.176202
0.166261
0.659823
0.559677
0.257562
0.135945
-0.066384
-0.039951
0.065110
0.078191
0.113206
0.125496
0.128655
0.154766
0.183959
0.211565
0.242369
0.276613
0.313653
0.201128
0.026639
-0.138481
-0.344490
-0.274496
-0.105233
0.009878
0.177693
0.225080
0.240189
0.314617
0.386407
0.223004
-0.035426
-0.285976
-0.602608
-0.280975
0.282104
0.749321
1.356478
1.108663
0.552487
0.177274
-0.355973
-0.305266
-0.060983
-0.004032
0.125756
0.019795
-0.172180
-0.280080
-0.417478
-0.367899
-0.243683
-0.157394
-0.032469
0.044710
0.115662
0.228368
0.350865
0.334926
0.269092
0.219696
0.139253
0.114187
0.099876
0.051169
-0.001269
0.004834
0.030454
0.049415
0.080886
0.084278
0.080880
0.091591
0.102150
0.102019
0.098762
0.095921
0.090660
0.092104
0.095310
0.095725
0.096489
0.104604
0.115715
0.126847
0.140171
0.138169
0.130675
0.126111
0.118596
0.122551
0.130314
0.134552
0.140289
0.141352
0.140756
0.141885
0.142475
0.146186
0.151156
0.155447
0.160369
0.164548
0.168636
0.173403
0.178338
0.168811
0.153281
0.138553
0.119823
0.104962
0.089957
0.070648
0.049850
0.090056
0.155067
0.215872
0.292970
0.196566
0.033527
-0.105198
-0.283176
-0.184661
0.015680
0.163660
0.366356
0.419488
0.429077
0.501338
0.564025
0.517616
0.426937
0.331548
0.201856
0.108511
0.014058
-0.117508
-0.261536
-0.268277
-0.226372
-0.203583
-0.151593
-0.155814
-0.172293
-0.156273
-0.138122
-0.146008
-0.160531
-0.171467
-0.186744
-0.183902
-0.175004
-0.171353
-0.165178
-0.167079
-0.171789
-0.173581
-0.176302
-0.176272
-0.175197
-0.175181
-0.174833
-0.163664
-0.147847
-0.132163
-0.113212
-0.096892
-0.080176
-0.059965
-0.038360
-0.047727
-0.069248
-0.087963
-0.114459
-0.131078
-0.146844
-0.171069
-0.197447
-0.099336
0.049839
0.191351
0.366713
0.291299
0.124230
0.002955
-0.168340
-0.127012
-0.013803
0.038823
0.121870
0.120095
0.090070
0.094712
0.091883
0.055124
0.004097
-0.052924
-0.122773
-0.093101
-0.027729
0.020024
0.087547
0.068449
0.019893
-0.004603
-0.041837
-0.044774
-0.036540
-0.042781
-0.046313
-0.055747
-0.067957
-0.077223
-0.087163
-0.097489
-0.107982
-0.119132
-0.130682
-0.087458
-0.021184
0.042310
0.121222
0.186277
0.252368
0.334994
0.423674
0.435163
0.418394
0.411352
0.387033
0.392116
0.402643
0.394096
0.383097
0.388363
0.397380
0.403006
0.410670
0.406330
0.397480
0.391229
0.382699
0.393129
0.410834
0.425383
0.444007
0.456671
0.468376
0.484529
0.501495
0.523723
0.549042
0.575011
0.603261
0.904525
1.323094
1.732259
2.221303
2.037285
1.603319
1.280985
0.817751
0.563736
0.344536
-0.028654
-0.428896
-0.413808
-0.250981
-0.135290
0.073556
0.109790
0.111239
0.216188
0.330597
0.290104
0.199093
0.125376
0.018943
-0.009812
-0.019017
-0.065300
-0.109973
-0.113493
-0.102673
-0.092256
-0.070933
-0.069256
-0.070871
-0.060352
-0.048294
-0.034584
-0.018167
-0.000129
0.020041
0.044919
0.072972
0.103042
0.135957
0.087829
0.006764
-0.067845
-0.163725
-0.316865
-0.503652
-0.709937
-0.946349
-0.457548
0.323645
1.042229
1.947984
1.507686
0.575728
-0.104938
-1.051610
-0.889052
-0.352566
-0.137270
0.234044
0.161836
-0.059988
-0.103737
-0.188792
-0.122257
0.008277
0.090933
0.199259
0.129126
-0.009981
-0.115201
-0.257221
-0.194450
-0.058199
0.031397
0.157262
0.209054
0.241384
0.314080
0.386988
0.445353
0.501904
0.559622
0.615447
0.428453
0.137375
-0.145183
-0.498604
-0.353477
-0.028525
0.201645
0.528546
0.523721
0.413041
0.416042
0.382682
0.263781
0.103479
-0.089869
-0.325738
-0.269113
-0.111457
-0.010690
0.144188
0.278101
0.422426
0.623217
0.850693
0.693407
0.390890
0.133035
-0.214616
-0.145082
0.064613
0.163721
0.325632
0.315346
0.249509
0.255230
0.247133
0.279192
0.329439
0.364220
0.405195
0.445007
0.485591
0.532513
0.582372
0.594784
0.593309
0.596539
0.591297
0.599810
0.610704
0.612273
0.612447
0.741565
0.923908
1.099172
1.310020
1.172293
0.902172
0.683860
0.388641
0.307518
0.286938
0.177927
0.082330
0.105624
0.176429
0.255291
0.372435
0.359965
0.311136
0.307588
0.292544
0.347383
0.431366
0.500795
0.585089
0.731581
0.909964
1.100935
1.318794
1.531167
1.755139
2.007280
2.276261
2.151672
1.870493
1.623940
1.277066
1.507500
1.940230
2.244495
2.650028
2.667601
2.553952
2.560839
2.516439
2.622673
2.781732
2.882164
2.998356
3.187217
3.408176
3.641850
3.903670
4.145017
4.392189
4.669481
4.960150
5.211441
5.455435
5.715214
5.974121
6.264248
6.568922
6.871472
7.183241
7.803370
8.558801
9.310463
10.156578
10.935946
11.730776
12.626229
13.564675
14.720589
15.999836
17.315011
18.726297
20.155642
21.641514
23.226384
24.881779
27.119143
29.647665
32.224886
35.020894
36.100769
36.558117
37.316325
37.729105
35.923891
33.044913
29.906378
25.919361
24.391736
23.485481
21.592801
19.832005
18.336511
16.911252
15.603239
14.406119
13.521901
12.835203
12.250739
11.835469
10.953829
9.963861
9.169958
8.359332
7.566899
6.795132
6.006829
5.223099
4.821995
4.584089
4.334290
4.196423
3.965084
3.745165
3.645051
3.591368
3.439556
3.280435
3.174560
3.077525
3.227094
3.491372
3.754592
4.097229
3.747149
3.139423
2.643766
2.001706
1.665976
1.403850
0.977855
0.549063
0.695504
1.068041
1.411579
1.909641
1.903218
1.751478
1.781218
1.766660
1.711980
1.638686
1.522709
1.375599
1.251263
1.117508
0.950203
0.766622
0.743261
0.776894
0.786503
0.829563
0.808334
0.772883
0.774641
0.778758
0.794242
0.819609
0.847223
0.881629
0.926719
0.979776
1.039421
1.106733
1.165068
1.223875
1.291058
1.361076
1.442472
1.530925
1.621888
1.718430
1.703376
1.643717
1.594666
1.517410
1.473224
1.431016
1.358269
1.276956
1.180382
1.070067
0.951301
0.820883
0.676897
0.520782
0.353125
0.173435
0.492105
1.015965
1.505792
2.130062
1.884769
1.328876
0.949378
0.407308
0.492814
0.787847
0.888933
1.072136
1.003363
0.845320
0.781604
0.689509
0.695975
0.741067
0.753282
0.780046
0.784650
0.783161
0.797426
0.813192
0.805988
0.791382
0.779446
0.762745
0.757779
0.755855
0.748514
0.741536
0.737300
0.733827
0.730569
0.728051
0.723576
0.718638
0.714551
0.710403
0.701875
0.691545
0.681346
0.669896
0.659705
0.649478
0.637902
0.625867
0.644896
0.676784
0.706848
0.745452
0.775685
0.806164
0.845829
0.888633
0.688804
0.388179
0.101337
-0.252567
-0.101309
0.234929
0.480074
0.826636
0.766374
0.570890
0.497205
0.368900
0.407211
0.503720
0.537471
0.589434
0.551217
0.476518
0.424061
0.354423
0.409585
0.512152
0.591730
0.696956
0.585026
0.390283
0.231270
0.025657
-0.110092
-0.234169
-0.409211
-0.593072
-0.537560
-0.389726
-0.261745
-0.073602
0.032825
0.130573
0.293965
0.472569
0.467195
0.397618
0.352242
0.267595
0.261674
0.273409
0.241291
0.207125
-0.017763
-0.329406
-0.635295
-0.999585
-0.814803
-0.423151
-0.115583
0.311292
0.250351
0.028850
-0.048784
-0.192099
-0.130207
0.003454
0.061421
0.142541
0.145571
0.118209
0.117580
0.105815
0.111948
0.123309
0.122583
0.121059
0.132858
0.148672
0.162990
0.179963
0.189310
0.196497
0.206751
0.216489
0.222679
0.227442
0.231849
0.235061
0.239574
0.244042
0.247213
0.249950
0.267373
0.290703
0.312941
0.339036
0.360770
0.382340
0.408084
0.435065
0.456107
0.475644
0.496751
0.517191
0.541495
0.567296
0.592254
0.617963
0.619858
0.611881
0.605704
0.593144
0.586813
0.580332
0.566991
0.551319
0.546024
0.543326
0.537714
0.533178
0.521865
0.507863
0.495244
0.481236
0.567738
0.696501
0.819504
0.970504
1.096239
1.223733
1.381252
1.549695
1.454068
1.254377
1.077619
0.833892
0.673538
0.519705
0.293135
0.047499
0.060856
0.167777
0.243218
0.376533
0.407167
0.417896
0.492714
0.574600
0.544831
0.477651
0.423112
0.344598
0.319139
0.306358
0.266571
0.226853
0.212965
0.207240
0.200258
0.199301
0.184000
0.165287
0.153419
0.141347
0.125800
0.109403
0.092999
0.075825
0.061364
0.047697
0.033117
0.018806
0.024447
0.038606
0.052178
0.071604
0.086171
0.101351
0.122797
0.146682
0.069764
-0.048240
-0.159323
-0.297388
-0.406823
-0.515988
-0.654263
-0.801766
-0.422310
0.173959
0.737724
1.445060
0.958147
0.026923
-0.704449
-1.685453
-1.425391
-0.733077
-0.351096
0.232813
0.341125
0.308837
0.503619
0.678771
0.681193
0.624964
0.557666
0.439884
0.413994
0.402373
0.334442
0.258969
0.228977
0.208840
0.178487
0.153221
0.092848
0.018839
-0.048471
-0.123038
0.409759
1.198297
1.953188
2.877920
2.394218
1.387260
0.616573
-0.447924
-0.446606
-0.104451
-0.110516
0.007831
0.087893
0.173094
0.385966
0.651516
0.586153
0.418194
0.320046
0.168486
0.185241
0.255978
0.264719
0.290201
0.275205
0.244265
0.231907
0.215698
0.206363
0.200116
0.189733
0.179766
0.225195
0.293951
0.360716
0.443431
0.511856
0.581464
0.668184
0.761225
0.890918
1.040981
1.196144
1.366903
1.539883
1.721657
1.919520
2.128586
2.029068
1.805201
1.606364
1.327229
1.766338
2.476080
3.071932
3.822200
4.024125
4.053034
4.264527
4.414568
4.834642
5.360149
5.811851
6.310151
7.653654
9.370809
11.099171
13.096900
16.017700
19.458680
23.138788
27.262152
26.317322
23.449027
21.259996
17.921961
16.302207
14.947064
12.333821
9.491207
8.515599
8.093693
7.343853
6.911646
5.602861
4.035217
2.831566
1.568668
1.572125
2.125193
2.565223
3.348802
3.260633
2.950561
3.032809
3.085693
3.038889
2.977451
2.893031
2.781419
2.784657
2.821588
2.825235
2.842670
2.804624
2.745909
2.703595
2.652697
2.618192
2.588376
2.549100
2.509731
2.269488
1.942728
1.624459
1.247989
1.873737
2.899552
3.821974
4.994005
5.018177
4.659961
4.608800
4.387551
4.648362
5.067097
5.291418
5.558067
5.672698
5.721896
5.819919
5.891958
6.564490
7.485525
8.354158
9.380532
10.033585
10.596162
11.337706
12.073472
12.909046
13.803330
14.688752
15.608483
17.205900
19.106809
21.013946
23.137712
26.570147
30.661591
34.920909
39.699052
42.484428
44.682790
45.889249
46.187560
43.556414
39.148190
33.918304
27.195842
25.361176
24.819808
22.516100
20.586142
18.845268
17.173379
15.866229
14.766623
13.337870
11.904947
10.703958
9.564848
8.810837
8.274243
7.786943
7.463281
6.902013
6.321548
5.921111
5.563119
4.861641
4.052964
3.304465
2.494966
2.419516
2.634189
2.754544
3.048452
3.125093
3.180630
3.424440
3.715464
3.467662
3.032652
2.671245
2.196371
1.953369
1.763649
1.447059
1.126009
1.009460
0.964401
0.904899
0.894406
0.791865
0.671595
0.605912
0.545402
0.590862
0.689617
0.789590
0.926277
1.058592
1.206382
1.392374
1.601411
1.186399
0.520701
-0.093932
-0.870394
-0.342798
0.669242
1.457943
2.516718
2.339016
1.738109
1.468310
1.010147
1.123681
1.427261
1.513835
1.657668
1.380150
0.927201
0.549969
0.078127
0.126456
0.359799
0.473379
0.677782
0.879163
1.109137
1.432306
1.808208
1.635306
1.263470
0.970625
0.560054
0.749162
1.146629
1.397002
1.745926
1.862467
1.910737
2.069874
2.219585
2.261113
2.263931
2.262537
2.229756
2.951295
3.978640
4.940937
6.098736
7.042148
7.979065
9.127087
10.339188
11.280021
12.157813
13.115311
14.048458
17.379585
21.728073
25.948596
30.845339
32.639434
33.416695
31.991356
28.823778
26.752592
24.098248
19.575616
14.100853
12.547806
12.019425
10.321491
9.021357
7.765634
6.591380
5.817705
5.257356
4.853245
4.657998
4.680025
4.908922
4.463324
3.850678
3.482986
3.069818
2.864691
2.752712
2.586635
2.463219
2.216253
1.930980
1.694765
1.448391
1.175987
0.892943
0.600893
0.297269
0.324513
0.486164
0.621496
0.843649
0.971957
1.098233
1.318220
1.567193
1.506863
1.338433
1.214086
1.025089
0.966632
0.938092
0.837348
0.733724
0.539631
0.298050
0.056814
-0.216110
-0.491577
-0.782938
-1.106989
-1.452666
-1.363095
-1.101923
-0.882164
-0.553524
-0.360643
-0.178890
0.121099
0.451807
0.592867
0.680149
0.808346
0.908670
1.119544
1.368727
1.584615
1.815995
1.781493
1.637593
1.520929
1.336433
1.220953
1.105936
0.917944
0.706426
0.705653
0.775800
0.811928
0.889130
0.726962
0.478588
0.282784
0.043603
0.018969
0.070864
0.069024
0.102902
0.059788
-0.005039
-0.030000
-0.056325
0.013274
0.127271
0.236037
0.373539
0.236140
-0.005315
-0.205213
-0.465298
-0.418304
-0.264452
-0.185816
-0.056592
-0.045941
-0.070001
-0.037180
-0.008978
0.019260
0.051372
0.079153
0.106911
0.147466
0.192997
0.237918
0.286266
0.295540
0.289730
0.289148
0.279583
0.282535
0.287157
0.281983
0.274749
0.248311
0.211699
0.173705
0.128321
0.082702
0.033374
-0.023604
-0.085601
0.162172
0.538590
0.896396
1.339368
1.258225
0.992012
0.836410
0.585649
0.576618
0.637561
0.590455
0.555761
0.406260
0.202284
0.015248
-0.202263
-0.206543
-0.132582
-0.099228
-0.023909
-0.023868
-0.040492
-0.010752
0.022935
-0.079808
-0.233843
-0.377541
-0.555323
-0.551794
-0.485995
-0.463214
-0.410357
-0.330318
-0.229175
-0.098413
0.057721
0.222590
0.406201
0.615934
0.846491
0.751373
0.530206
0.344844
0.081162
-0.076070
-0.220918
-0.451145
-0.700625
-0.492673
-0.108149
0.236043
0.694256
0.597787
0.314464
0.172766
-0.054968
0.020190
0.198907
0.276627
0.391976
0.395622
0.358677
0.364698
0.358151
0.371784
0.392664
0.400005
0.407119
0.410470
0.410678
0.410706
0.408786
0.373429
0.322913
0.271821
0.209839
0.154079
0.095802
0.025979
-0.049276
0.089126
0.314672
0.525289
0.793014
0.552190
0.120160
-0.230944
-0.691067
-0.666715
-0.478738
-0.423859
-0.297635
-0.367080
-0.500441
-0.552570
-0.620806
-0.730152
-0.855937
-0.995977
-1.154140
-1.017265
-0.764854
-0.544037
-0.251279
-0.160596
-0.125529
-0.007530
0.098296
0.233983
0.385453
0.523693
0.666863
0.658925
0.587601
0.527789
0.427171
0.363847
0.298488
0.189371
0.064631
0.042636
0.052404
0.041221
0.046888
-0.000258
-0.064197
-0.108584
-0.158113
-0.182581
-0.196725
-0.217117
-0.232676
-0.253255
-0.274367
-0.290310
-0.304834
-0.341513
-0.386408
-0.428838
-0.476416
-0.515726
-0.553671
-0.597280
-0.641784
-0.683065
-0.723995
-0.766034
-0.808040
-0.853378
-0.900235
-0.946922
-0.994601
-1.064165
-1.143487
-1.222892
-1.309222
-1.391128
-1.474405
-1.565043
-1.658987
-1.627062
-1.543910
-1.469665
-1.361876
-1.289942
-1.218489
-1.110836
-0.991802
-0.920996
-0.861545
-0.787945
-0.718752
-0.616240
-0.500117
-0.389880
-0.272242
-0.222296
-0.198307
-0.163785
-0.144113
-0.102835
-0.058208
-0.029800
-0.004437
0.188967
0.450728
0.701964
0.998548
1.003430
0.904329
0.864665
0.770675
0.767779
0.784479
0.741488
0.691926
0.587079
0.449309
0.306647
0.140621
0.167555
0.265128
0.330156
0.434871
0.234132
-0.081424
-0.342987
-0.667725
-0.617536
-0.431703
-0.327003
-0.153560
-0.114205
-0.108280
-0.026057
0.058765
0.087439
0.101521
0.121321
0.130770
0.179290
0.240188
0.288733
0.341959
0.332180
0.296477
0.268239
0.224357
0.196435
0.168764
0.124270
0.074425
0.058661
0.053108
0.040414
0.033075
0.007364
-0.024411
-0.049907
-0.077518
-0.060386
-0.024541
0.007235
0.050786
0.083390
0.116422
0.162084
0.212161
0.240545
0.263105
0.291272
0.316799
0.355549
0.399281
0.439755
0.482578
0.472565
0.440828
0.413773
0.372936
0.346139
0.319353
0.277731
0.231289
0.237776
0.262955
0.280743
0.309751
0.316913
0.319255
0.334093
0.349678
0.202614
-0.011983
-0.218696
-0.470925
-0.360932
-0.117309
0.063643
0.318905
0.289261
0.166577
0.132602
0.062604
0.112723
0.206463
0.258440
0.325807
0.118258
-0.203478
-0.497760
-0.862981
-0.680501
-0.295311
-0.006951
0.393196
0.274801
-0.022102
-0.181697
-0.421428
-0.459419
-0.434584
-0.500310
-0.553765
-0.409162
-0.184125
0.044355
0.332964
0.134315
-0.243118
-0.537271
-0.931365
-0.832892
-0.562848
-0.416835
-0.191039
-0.153623
-0.172107
-0.100866
-0.037590
-0.313455
-0.727854
-1.135163
-1.640287
-1.396982
-0.880310
-0.497104
0.036666
0.263276
0.415614
0.735995
1.060548
1.001221
0.798303
0.617590
0.338389
0.131291
-0.088928
-0.414033
-0.782279
-0.727030
-0.522908
-0.382538
-0.154687
0.014622
0.193266
0.464485
0.773270
1.159343
1.605709
2.088365
2.622900
1.982462
0.870230
-0.137349
-1.445905
-1.240882
-0.521795
-0.178698
0.405585
0.289798
-0.050658
-0.114249
-0.239447
-0.081306
0.197842
0.403200
0.663869
0.288589
-0.339180
-0.882859
-1.576419
-1.283568
-0.632334
-0.178113
0.464674
0.346678
-0.027525
-0.175295
-0.427339
-0.376865
-0.222558
-0.187436
-0.122336
-0.135330
-0.180124
-0.191467
-0.211747
-0.220821
-0.225774
-0.240196
-0.255529
-0.254956
-0.249044
-0.244837
-0.237169
-0.237071
-0.238753
-0.236539
-0.234304
-0.224632
-0.211373
-0.198380
-0.183033
-0.168295
-0.152739
-0.134723
-0.115340
-0.090386
-0.062161
-0.032742
-0.000693
0.032032
0.066404
0.103479
0.142548
0.088011
-0.005134
-0.092159
-0.204583
-0.188556
-0.129127
-0.101482
-0.053419
-0.092940
-0.163524
-0.209451
-0.268716
-0.297115
-0.316020
-0.349868
-0.382358
-0.314529
-0.204960
-0.098429
0.036992
0.144858
0.254215
0.394643
0.546072
0.482825
0.336679
0.211424
0.033479
-0.072684
-0.170783
-0.326354
-0.494999
-0.454024
-0.336068
-0.241141
-0.097742
-0.034812
0.014156
0.116586
0.226701
-0.057430
-0.500049
-0.917290
-1.439749
-1.252614
-0.810167
-0.507032
-0.068393
-0.026735
-0.105243
-0.027472
0.018448
0.246132
0.552780
0.819861
1.126356
1.013782
0.737175
0.519122
0.204742
0.017147
-0.155443
-0.432749
-0.734154
-0.749466
-0.665428
-0.619503
-0.512945
-0.530022
-0.575328
-0.552839
-0.527824
-0.198455
0.268779
0.726045
1.275902
0.954137
0.303834
-0.213119
-0.919586
-0.785551
-0.368574
-0.182955
0.125814
0.092641
-0.052817
-0.057890
-0.092055
-0.083680
-0.055972
-0.059099
-0.061781
-0.059821
-0.058943
-0.058050
-0.057167
-0.054101
-0.050110
-0.046222
-0.041713
-0.037738
-0.033709
-0.029016
-0.024071
-0.019967
-0.016032
-0.011796
-0.007599
-0.002762
0.002361
0.007417
0.012647
-0.025931
-0.083075
-0.138152
-0.205687
-0.262456
-0.320262
-0.391414
-0.467591
-0.489965
-0.493214
-0.504091
-0.503553
-0.524816
-0.550813
-0.564116
-0.576544
-0.467558
-0.305157
-0.146985
0.047275
0.216742
0.392124
0.605898
0.836154
0.786325
0.629109
0.501337
0.306112
0.205896
0.117616
-0.044352
-0.222021
-0.304962
-0.362757
-0.441474
-0.507280
-0.633052
-0.780504
-0.912171
-1.053631
-1.039739
-0.962662
-0.902295
-0.802979
-0.745792
-0.690048
-0.592301
-0.481820
-0.289382
-0.051656
0.196053
0.477909
0.342503
0.046611
-0.195861
-0.534992
-0.399174
-0.100905
0.077252
0.330720
0.342207
0.273305
0.291842
0.284290
0.303310
0.330670
0.330572
0.325512
0.315826
0.298940
0.276899
0.248800
0.228234
0.207489
0.180108
0.150617
0.112044
0.067916
0.021943
-0.028381
-0.075153
-0.122647
-0.174813
-0.228929
-0.288556
-0.351936
-0.417135
-0.485449
-0.444134
-0.357824
-0.279481
-0.171834
-0.094254
-0.016579
0.092664
0.212199
0.210093
0.164393
0.134845
0.078859
0.071577
0.074340
0.047765
0.018571
-0.166783
-0.422915
-0.675258
-0.975694
-0.896735
-0.678481
-0.526337
-0.296874
