0.022294
0.038135
-0.013058
-0.060973
0.188098
0.063947
-0.184608
0.089337
-0.026406
0.065422
0.030556
-0.002211
0.006288
0.019913
0.017242
0.014409
0.015460
0.016361
0.016797
0.017377
0.001403
-0.021597
-0.012337
0.005605
0.004247
0.002163
-0.006018
-0.019177
0.052369
-0.080855
0.123991
-0.051535
0.049244
0.001932
0.007942
0.013054
0.002637
-0.009164
0.028178
-0.018528
0.011836
0.040811
-0.114622
0.007374
-0.031670
-0.028756
-0.023075
-0.013608
-0.014832
0.033824
0.004829
-0.034964
0.003952
0.063076
0.048696
0.020844
0.025857
0.030759
0.019714
0.005311
-0.001595
-0.008573
-0.019189
-0.030593
-0.031999
-0.029906
-0.016294
-0.019671
-0.016006
-0.016087
-0.017975
-0.021641
0.006341
0.046765
-0.129174
0.021619
-0.021985
-0.018105
-0.038832
-0.068361
0.043377
-0.073454
0.032392
-0.039350
0.059822
-0.007294
0.016856
0.020013
0.048914
0.088597
0.007215
0.000443
0.008212
-0.062987
-0.048494
-0.033005
-0.012566
-0.021152
0.005975
0.035221
-0.024700
-0.117788
-0.056013
0.046671
0.023750
-0.017048
-0.027711
-0.047229
-0.037595
-0.016516
-0.004608
0.011847
-0.024416
-0.081950
-0.007930
0.020087
-0.005071
0.021055
0.031194
0.052933
0.038401
0.012179
-0.038423
-0.108718
-0.014324
0.005227
-0.065780
0.035002
0.071530
-0.026376
-0.112315
-0.140487
0.016072
0.012256
0.020611
-0.021448
-0.001482
0.022539
-0.033133
-0.009486
-0.018050
-0.011588
-0.015261
-0.019618
0.000875
-0.018787
-0.013209
-0.013078
-0.017578
-0.023929
0.003031
0.042807
-0.113475
0.014268
0.013667
-0.018113
-0.011212
-0.016054
-0.004491
0.012645
-0.065120
-0.002439
0.013928
0.066354
-0.127016
0.013586
0.056026
-0.020589
0.004925
0.007709
0.011428
0.015709
0.002195
-0.018527
-0.000879
-0.047947
0.032090
0.139947
0.007790
0.006232
0.003635
0.036381
0.026260
0.014352
0.037226
0.049268
0.046910
0.037033
0.126292
0.008829
0.181069
0.390201
0.009120
-0.040856
-0.025751
0.034580
0.031873
0.030427
0.065907
0.165257
0.089560
0.092720
0.058334
0.026390
0.026635
0.037745
0.035186
0.035312
0.024579
0.009036
0.027649
0.167033
-0.023654
0.064632
0.022417
0.020454
0.014389
0.030387
-0.012325
0.028767
0.016826
0.015374
0.069339
-0.024116
0.001272
0.014013
0.013467
0.013925
0.009803
0.002796
-0.008173
-0.022663
-0.000248
-0.021068
0.020166
0.071451
-0.114757
-0.039647
-0.047279
0.007192
-0.003688
-0.022033
-0.018924
-0.002121
-0.012051
-0.024667
0.037594
-0.013925
0.019054
0.042598
-0.019319
0.024154
0.015326
0.024580
0.012817
-0.004954
0.083448
0.060452
0.019536
0.108040
0.070528
0.046034
0.097740
0.027040
0.028797
0.012094
-0.070566
-0.030347
-0.114789
0.003871
0.013220
0.058033
0.050546
0.025849
0.016502
0.000084
0.006090
0.019948
0.017590
0.014387
0.016890
0.019708
0.021786
0.024302
0.024027
0.022691
0.033941
0.006179
0.061662
0.016616
0.029906
0.029723
0.029466
0.029040
0.028305
0.027350
0.030974
0.036409
0.040419
0.045155
0.054705
0.055324
0.064655
0.074018
0.049344
0.011126
0.052345
-0.056969
0.047487
0.023205
0.041070
0.039178
0.092462
0.121980
0.095081
0.038883
-0.032706
0.212522
-0.148419
0.132005
0.065824
0.088529
0.073166
0.112481
0.087174
0.099339
0.091019
0.084699
0.089861
0.098677
0.104106
0.111021
0.115307
0.118812
0.122394
0.125365
0.147522
0.177564
0.121392
0.166367
0.161708
0.174200
0.181147
0.188515
0.196318
0.203917
0.211889
0.219971
0.227244
0.234264
0.241435
0.248466
0.264102
0.283351
0.300372
0.319050
0.294500
0.252096
0.239636
0.373055
0.348553
0.328387
0.345187
0.363027
0.356202
0.343284
0.440183
0.370633
0.441471
0.497885
0.555233
0.621085
0.694598
0.775455
0.822689
0.987342
0.926114
1.081206
1.139623
1.234358
1.343974
1.413345
1.519328
1.623606
1.793988
1.995574
2.199969
2.427181
2.664221
2.916432
3.246371
3.512778
3.940701
4.415808
4.898314
5.423183
6.202943
7.010537
7.905663
8.878066
10.276865
11.902575
13.812092
16.079801
18.785509
22.297625
26.359494
31.112891
37.455171
38.838881
32.268472
26.818637
22.697297
19.256973
16.361226
14.172166
12.079388
10.698320
9.330320
8.216818
7.256766
6.482653
5.729064
5.087590
4.563381
4.143780
3.675402
3.284190
2.987213
2.761328
2.525772
2.329394
2.344711
1.861527
1.742505
1.567245
1.438742
1.342341
1.253248
1.187260
1.100600
0.989829
0.918708
0.850970
0.831566
0.838512
0.823570
0.816782
0.773542
0.716296
0.635634
0.534585
0.684448
0.557654
0.561624
0.518158
0.491236
0.462969
0.398562
0.416416
0.314464
0.439277
0.439026
0.479139
0.464207
0.431525
0.417160
0.396442
0.385728
0.401104
0.398725
0.402076
0.413670
0.476133
0.388107
0.474023
0.459751
0.468427
0.472153
0.473917
0.544443
0.642783
0.613805
0.550969
0.576078
0.609260
0.591499
0.565158
0.654401
0.659557
0.734789
0.812673
0.725876
0.859757
0.945998
0.938066
1.027120
1.108266
1.188922
1.275933
1.387441
1.512297
1.525692
1.706616
1.838851
2.017072
2.191810
2.381459
2.597699
2.831872
2.910669
3.262221
3.613504
4.075430
4.582106
5.082112
5.710178
6.394348
7.173360
8.032578
8.967759
10.290281
11.618222
13.138025
15.232280
17.661446
20.476992
23.868969
28.145363
33.392907
39.957250
48.047733
47.552603
39.467647
33.391157
27.936757
23.703933
20.495080
17.615302
15.209964
13.260720
11.614889
10.176384
9.016574
7.973699
7.133133
6.352152
5.703711
5.304976
4.554537
4.221779
3.928371
3.532585
3.155907
2.994152
2.781090
2.432372
2.414437
2.243215
2.147414
1.980015
1.837584
1.724067
1.626972
1.498503
1.502129
1.446337
1.423843
1.336285
1.230354
1.222610
1.241145
1.256499
1.293212
1.259423
1.205309
1.329546
1.349070
1.410635
1.329488
1.430417
1.546394
1.500007
1.578019
1.665835
1.798925
1.918952
2.055674
2.181815
2.309894
2.509606
2.635815
2.857559
3.093093
3.357052
3.649684
3.847086
4.247326
4.671544
5.190933
5.643698
6.390217
7.073844
7.861314
8.830185
9.918243
11.100993
12.500619
14.347155
16.495509
18.970002
21.772025
25.359906
29.470186
28.549354
24.566608
21.138587
18.659454
16.074695
13.948394
12.193608
10.800556
9.583638
8.593960
7.590083
6.705304
6.118510
5.567984
4.967553
4.394436
4.069388
3.709372
3.339963
3.058975
2.784882
2.629352
2.393486
2.179726
2.025279
1.897922
1.726650
1.564351
1.512134
1.080023
1.329047
1.110025
1.088107
1.002849
0.961352
0.929665
0.873782
0.816834
0.792769
0.779635
0.747807
0.716630
0.747209
0.623903
0.594205
0.538763
0.497914
0.435521
0.416823
0.408168
0.365240
0.317061
0.383388
0.363439
0.360684
0.336940
0.333057
0.329609
0.311484
0.289422
0.267681
0.242678
0.231847
0.233515
0.158877
0.198441
0.151239
0.108521
0.263713
0.077323
0.206083
0.143008
0.153123
0.137855
0.152601
0.135641
0.132414
0.123350
0.120445
0.095349
0.126555
0.171970
0.153070
0.119426
0.113709
0.106156
0.148791
0.299829
0.225936
0.130528
0.106155
0.234448
0.071302
0.206538
-0.068087
0.146674
0.073312
0.063288
0.062883
0.065743
0.076663
0.093562
0.055563
-0.002139
0.254248
0.065916
0.064827
0.106156
0.060310
0.017075
0.127524
0.092513
-0.087725
0.076669
0.036327
0.054993
0.149278
0.135104
0.129223
0.084053
0.071552
0.055419
-0.033943
0.078840
0.056534
0.063721
0.094818
0.051119
0.056626
0.050552
0.063678
0.084756
0.102972
0.125730
0.097849
0.050247
0.017577
-0.041496
0.073896
0.252730
0.118542
0.016824
0.042730
0.105009
0.076591
0.040140
0.207344
0.034335
0.090878
0.107231
0.026926
0.137073
0.116264
0.118746
0.101277
0.072368
0.184138
0.075838
0.106902
0.109033
0.108845
0.108870
0.109893
0.111194
0.112654
0.114417
0.113697
0.112080
0.096009
0.073105
0.156658
0.016658
0.345470
0.031667
0.139562
0.175392
0.121521
0.040366
0.381968
0.074095
0.155374
0.142649
0.172156
0.147570
0.115624
0.125182
0.160051
0.224359
0.081741
0.257475
0.050523
0.212538
0.175552
0.186273
0.188812
0.189152
0.198173
0.208991
0.188775
0.157115
0.321021
0.107780
0.227953
0.213337
0.243702
0.265348
0.264661
0.255149
0.251280
0.243313
0.252869
0.268558
0.280179
0.294797
0.292237
0.256816
0.373982
0.260686
0.359884
0.372557
0.272924
0.356738
0.401824
0.245395
0.391705
0.377933
0.385507
0.359203
0.364468
0.369552
0.425418
0.574876
0.496500
0.370417
0.524738
0.484747
0.524236
0.536177
0.537372
0.570128
0.586778
0.610226
0.600876
0.554596
0.802946
0.622127
0.710219
0.742815
0.742367
0.761969
0.778115
0.798687
0.813145
0.826710
0.852449
0.882302
0.910657
0.941591
0.976428
1.013976
1.032901
1.045586
1.049019
1.043618
1.199565
1.044182
1.273664
1.214999
1.360222
1.376410
1.355752
1.490507
1.525141
1.586100
1.673581
1.774081
1.830191
1.876321
1.890270
1.934054
2.004964
2.205795
2.289793
2.387834
2.458232
2.753464
2.864078
2.998571
3.168588
3.345362
3.535400
3.738010
3.942542
4.155187
4.367696
4.530735
4.803087
5.098755
5.409599
5.562807
5.932356
6.321695
6.651641
6.988497
7.417369
7.882344
8.197211
8.976359
9.600070
10.214334
10.875738
11.536314
12.349354
13.231870
14.280948
15.449600
16.716506
18.098891
19.491847
20.990167
22.594370
24.617582
26.876079
29.442255
32.154411
35.097778
38.400515
42.293154
39.099460
35.677040
32.821125
29.971205
27.417548
25.494708
23.305097
21.621063
20.009372
18.618615
17.399218
16.356162
15.252945
14.259611
13.325201
12.655720
11.692448
11.188097
10.504206
9.927870
9.433294
9.004897
8.566745
8.235009
7.937024
7.702235
7.420263
7.151403
6.998165
6.629367
6.521043
6.434780
6.400300
6.160734
6.191673
6.003410
5.948546
5.876366
5.899562
5.961223
5.934303
5.921677
6.006252
6.129503
6.201264
6.279532
6.366030
6.540882
6.673780
6.831102
7.148965
7.542140
7.790765
8.030175
8.334290
8.779410
9.073732
9.613723
10.094055
10.648157
11.244270
11.886512
12.548312
13.244498
14.103795
14.932964
15.991427
17.062825
18.311237
19.639154
21.123861
22.748252
24.372715
26.557820
28.623636
31.156832
33.849170
36.883469
40.267154
43.976602
48.333882
53.156466
48.210418
43.880228
40.176154
36.705532
33.701493
31.071680
28.492138
26.158760
24.255488
22.253205
20.694295
19.323185
17.928876
16.474538
15.470237
14.449277
13.482209
12.577920
11.823639
11.168312
10.515485
9.925976
9.151660
8.723543
8.152830
7.664107
7.198432
6.765887
6.437540
6.171494
5.640458
5.556558
5.106962
4.838849
4.648675
4.387724
4.159134
4.028419
3.900329
3.822648
3.535940
3.502093
3.264961
3.187247
3.016089
2.858351
2.706408
2.553325
2.441822
2.348089
2.251430
2.166256
2.059474
1.948571
1.867090
1.793908
1.777448
1.690370
1.653104
1.609946
1.624261
1.526377
1.480025
1.409107
1.496506
1.332612
1.324959
1.282790
1.205993
1.114831
1.063327
0.934449
0.996854
1.046328
0.988485
0.899174
0.900695
0.914755
0.898361
0.884503
0.856692
0.820907
0.788059
0.751247
0.718862
0.686815
0.650587
0.617326
0.614048
0.624476
0.645954
0.491081
0.575739
0.545587
0.550067
0.540846
0.427742
0.517726
0.475909
0.462180
0.452219
0.443068
0.434111
0.426015
0.415455
0.404270
0.394084
0.383770
0.382407
0.384897
0.367189
0.343640
0.411758
0.368689
0.159187
0.406167
0.340161
0.337271
0.316797
0.285276
0.314128
0.361629
0.197959
0.339052
0.304176
0.314880
0.335702
0.363556
0.325118
0.370174
0.340130
0.310237
0.269430
0.314093
0.293082
0.283023
0.280303
0.278884
0.276923
0.276118
0.269060
0.259825
0.279136
0.325611
0.154760
0.302856
0.272595
0.263346
0.268173
0.269951
0.272652
0.275807
0.260284
0.237123
0.213140
0.183252
0.207432
0.251764
0.197662
0.296396
0.249353
0.239992
0.221368
0.201024
0.217671
0.248271
0.260782
0.276052
0.151643
0.155974
0.161655
0.213449
0.297994
0.161977
0.198348
0.208179
0.177177
0.203836
0.188540
0.178089
0.214755
0.182527
0.184847
0.190143
0.187236
0.185892
0.184693
0.183419
0.184877
0.187478
0.164671
0.131879
0.256599
0.184870
0.125951
0.191907
0.190929
0.123635
0.131651
0.168734
0.181386
0.120073
0.149526
0.172825
0.056353
0.128702
0.149339
0.107138
0.171833
0.201259
0.372854
0.115766
0.190304
0.223170
0.266266
0.046301
0.117399
0.190153
0.133505
0.214021
0.187896
0.166971
0.189743
0.222253
0.146525
0.206909
0.196120
0.207370
0.167036
0.205206
0.195062
0.195687
0.195007
0.193701
0.205404
0.222211
0.166140
0.255372
0.148715
0.228289
0.212215
0.221970
0.196302
0.224366
0.219554
0.222183
0.225060
0.228049
0.230691
0.233263
0.235967
0.238658
0.243473
0.249200
0.240612
0.226585
0.291409
0.227007
0.260943
0.284514
0.191804
0.320089
0.163862
0.269225
0.251494
0.273844
0.255032
0.224453
0.266581
0.242358
0.250508
0.249038
0.249580
0.249899
0.241018
0.228331
0.276271
0.347250
0.003001
0.274678
0.253556
0.295269
0.245999
0.156455
0.245062
0.252133
0.142587
0.243899
0.212994
0.212295
0.298040
0.251419
0.285194
0.300302
0.228517
0.319695
0.301212
0.399139
0.397817
0.269330
0.131555
0.319993
0.254836
0.233658
0.234193
0.237723
0.279503
0.275555
0.261385
0.290062
0.292238
0.302133
0.303627
0.302358
0.302086
0.300053
0.302143
0.305267
0.306400
0.307606
0.311559
0.316505
0.321011
0.326085
0.332898
0.340670
0.334247
0.355021
0.343926
0.330514
0.417616
0.350218
0.386791
0.405846
0.350938
0.409045
0.391222
0.368806
0.470341
0.451778
0.391123
0.213516
0.313134
0.471448
0.444591
0.395805
0.390324
0.456401
0.411932
0.463191
0.465960
0.481250
0.485745
0.486380
0.488476
0.488241
0.492342
0.497349
0.499769
0.501972
0.507410
0.513848
0.515910
0.516922
0.545958
0.585961
0.435033
0.551551
0.607645
0.664431
0.497679
0.599426
0.570545
0.588235
0.598483
0.585402
0.619725
0.662498
0.647852
0.617755
0.635135
0.659397
0.665160
0.671303
0.677255
0.681346
0.689338
0.698097
0.683645
0.660089
0.810628
0.717382
0.715737
0.773049
0.738986
0.703372
0.885733
0.766258
0.759067
0.812995
0.827713
0.803099
0.810189
0.808185
0.826498
0.852552
0.864867
0.877114
0.886647
0.893539
0.898854
0.901974
0.918476
0.939477
0.890371
0.944188
0.952449
0.982134
1.024357
1.077131
0.834714
1.087210
1.057897
1.048174
1.067880
1.079447
1.091528
1.103130
1.120894
1.141111
1.160570
1.181509
1.174533
1.156292
1.214900
1.297973
1.200341
1.302092
1.270582
1.256667
1.273488
1.297521
1.355468
1.391689
1.414550
1.425136
1.416785
1.393210
1.412195
1.440149
1.499365
1.580593
1.504263
1.535663
1.570957
1.641708
1.646614
1.661087
1.676609
1.690089
1.757923
1.743057
1.779773
1.805438
1.837020
1.871404
1.934676
1.957304
1.988561
2.007503
2.030630
2.050681
2.073297
2.096006
2.103798
2.105558
2.209312
2.282627
2.124809
2.329287
2.402079
2.374166
2.445095
2.496946
2.531214
2.559526
2.607124
2.626628
2.679782
2.736130
2.773101
2.806889
2.932665
2.918055
2.992691
3.049255
3.086659
3.116893
3.207430
3.318237
3.346497
3.291320
3.449471
3.650553
3.434228
3.681967
3.645685
3.661820
3.828381
3.760088
3.850367
3.913990
3.943450
4.193714
4.221210
4.253773
4.288468
4.302857
4.463770
4.552185
4.809913
4.683611
4.805432
4.870795
4.994682
5.096767
5.209569
5.322912
5.429352
5.495801
5.561415
5.677926
5.782659
5.906144
6.319419
6.115994
6.100565
6.348847
6.542814
6.699993
6.742181
6.851338
7.086790
7.097261
7.345645
7.576472
7.694422
7.796043
8.001592
8.231758
8.408160
8.584226
8.776321
8.969387
9.180478
9.401391
9.613266
9.808696
10.007316
10.198630
10.456386
10.688913
10.935495
11.183271
11.470329
11.700551
12.009604
12.208523
12.538507
12.880995
13.128853
13.501168
13.798913
14.113230
14.434783
14.759285
15.166660
15.611445
15.987118
16.484772
16.983281
17.348384
17.823652
18.283371
18.986802
19.242400
19.802087
20.307109
20.877355
21.538259
22.006460
22.518038
23.180064
23.929252
24.632086
25.371973
26.109701
26.858966
27.611039
28.369484
29.389336
30.199210
30.976366
31.980209
32.853792
33.940588
34.931217
35.967048
37.154256
38.416874
39.706270
41.058428
42.258817
43.426875
43.230597
41.941733
40.686400
39.375160
38.314535
36.878862
35.843450
34.829132
33.740482
32.672472
31.711118
30.862905
29.994640
29.182156
28.331273
27.488068
26.694307
25.921117
25.201518
24.519597
23.746250
23.170269
22.528689
21.942005
21.356620
20.790568
20.263666
19.704773
19.190309
18.683904
18.234277
17.817291
17.154189
16.892217
16.461714
16.047356
15.666735
15.290190
14.922673
14.564479
14.147539
13.843307
13.519389
13.234835
12.854492
12.642463
12.326914
12.036049
11.755750
11.480552
11.321057
11.214302
10.744620
10.523692
10.293806
10.138247
9.852613
9.685292
9.505849
9.362919
9.023120
8.844551
8.637793
8.473747
8.282472
8.096641
7.935066
7.783480
7.636233
7.498081
7.356215
7.217491
7.094540
6.982387
6.847554
6.709800
6.581784
6.454142
6.334754
6.220083
6.124505
6.040135
5.844660
5.778102
5.765150
5.494335
5.584274
5.388311
5.381266
5.358827
5.271832
5.170159
5.093160
5.012946
4.928828
4.844154
4.776082
4.676799
4.624058
4.578251
4.530056
4.489023
4.439538
4.389559
4.347340
4.307296
4.269668
4.234908
4.202358
4.172349
4.161458
4.160126
4.125571
4.083382
4.098752
4.131519
4.121038
4.106404
4.107292
4.108260
4.104745
4.101004
4.191031
4.320375
4.305822
4.187444
4.250559
4.327007
4.366198
4.436092
4.462937
4.481909
4.593785
4.736943
4.854632
4.985980
4.928042
5.222793
5.340515
5.528143
5.723795
5.936874
6.173489
6.429135
6.702084
6.993806
7.353137
7.732617
8.225354
8.617555
9.079031
9.534862
10.135889
10.803387
11.491692
12.235375
13.166962
14.206656
15.324925
16.547185
17.913170
19.301148
21.100437
22.941523
21.931443
19.954068
18.512829
16.982250
15.379730
14.373169
13.245799
12.338683
11.520039
10.778670
9.995664
9.346615
8.586465
8.123972
7.669733
7.346726
6.855510
6.577451
6.099348
5.618202
5.341798
5.069892
4.824686
4.614629
4.341429
4.060660
3.899143
3.778135
3.617169
3.470811
3.438922
3.162618
3.055630
2.918270
2.838326
2.786508
2.601986
2.635592
2.506733
2.396913
2.302938
2.207424
2.134714
2.072664
2.009420
1.953078
1.881895
1.807506
1.792802
1.693184
1.685243
1.682839
1.501693
1.588771
1.505769
1.457166
1.411421
1.365001
1.326307
1.290887
1.250267
1.209785
1.219050
1.248996
1.090734
1.225118
1.171074
1.154064
1.140919
1.126820
1.112413
1.062322
1.030795
0.990413
0.974134
0.965927
0.951065
0.939706
0.926851
0.914295
0.881984
0.886206
0.871961
0.864887
0.854071
0.843067
0.846814
0.809619
0.798139
0.779977
0.752609
0.731023
0.702741
0.673344
0.696026
0.739636
0.703339
0.648362
0.594144
0.523033
0.742006
0.553946
0.594968
0.573439
0.564911
0.556862
0.543178
0.528698
0.545802
0.575375
0.421956
0.508656
0.584207
0.484082
0.504977
0.493862
0.484711
0.474209
0.455312
0.432418
0.431886
0.438105
0.434138
0.431368
0.427386
0.422371
0.324847
0.372535
0.433086
0.379579
0.308421
0.391661
0.337622
0.295656
0.399577
0.313105
0.334064
0.326961
0.324664
0.322637
0.319166
0.315716
0.322936
0.334552
0.345719
0.359885
0.291216
0.188657
0.252658
0.362877
0.300948
0.205067
0.379258
0.223959
0.272304
0.281494
0.287283
0.294840
0.258325
0.174479
0.233098
0.325488
0.270846
0.262613
0.261825
0.270384
0.259440
0.245366
0.391812
0.204065
0.256367
0.271200
0.265716
0.264538
0.269674
0.277363
0.277469
0.276213
0.310972
0.278055
0.286914
0.285647
0.281092
0.274817
0.264164
0.250494
0.309579
0.254819
0.226999
0.164996
0.374200
0.180044
0.229557
0.222450
0.237306
0.260777
0.138711
0.216300
0.237122
0.222112
0.120184
0.216255
0.150838
0.126672
0.321590
0.165853
0.213717
0.207090
0.139038
0.190685
0.086705
-0.033905
0.079853
0.269063
0.224941
0.141713
0.148512
0.150584
0.161216
0.182807
0.160262
0.124980
0.135920
0.155885
0.160321
0.167273
0.171197
0.173367
0.178148
0.182898
0.175024
0.162039
0.149587
0.133631
0.137200
0.147491
0.166245
0.193818
0.126766
0.166225
0.150114
0.130048
0.147436
0.173023
0.109158
0.143260
0.199302
0.110238
0.136982
0.222981
-0.067705
0.171605
0.148372
0.155769
0.154770
0.136751
0.132676
0.125668
0.121844
0.119477
0.114049
0.108338
0.111152
0.117137
0.122438
0.129835
0.130815
0.129973
0.156036
0.192013
0.073934
0.190435
0.086041
0.129783
0.117314
0.126956
0.109810
0.085673
0.090533
0.101619
0.064463
0.012767
0.213235
0.067427
0.098500
0.069268
0.080452
0.099302
0.098972
0.098354
0.076665
-0.048550
0.100687
0.061717
0.080093
0.063736
0.060099
0.051671
0.091449
0.069978
0.085986
0.094342
0.078318
0.052303
0.029426
0.000620
0.104277
0.270325
0.171293
0.002734
0.043862
0.113560
0.099201
0.084667
0.084507
0.081479
0.077218
0.072611
0.073021
0.075273
0.086169
0.082123
0.094476
0.107721
0.068185
0.109560
0.084204
0.062782
-0.001444
-0.009623
0.010491
0.041220
0.072796
0.112703
0.110954
0.095474
0.048282
0.072358
0.033010
-0.003284
0.216962
0.110292
-0.049100
0.055885
0.042080
0.096037
0.082487
0.059387
0.062711
0.065655
0.064820
0.064996
0.063128
0.060464
0.075278
0.096940
0.014570
0.065669
0.101237
0.009901
0.131921
0.044803
0.056649
0.035192
0.136271
0.052490
0.064636
0.043945
0.057190
0.079644
0.065163
0.063023
0.066306
0.073768
0.048254
0.045002
0.123237
0.066376
0.083287
0.076909
0.073836
0.069067
0.069906
0.072688
0.073498
0.074973
0.083606
0.095388
0.090432
0.080586
0.072536
0.061188
0.063157
0.069436
0.000135
0.109710
0.044396
-0.019513
0.031594
0.030722
0.038944
0.038857
0.038373
0.034788
0.078319
0.092834
0.007372
0.097159
0.116797
0.057610
0.163769
0.036574
0.032433
0.002182
-0.011217
-0.016651
-0.002942
0.024428
0.048148
0.078743
-0.134497
0.047717
-0.000204
0.013449
0.013393
0.011988
0.019117
0.027792
0.033821
0.040352
0.038381
0.032749
-0.006423
0.003636
0.009875
0.034008
0.057257
0.088112
0.055620
0.036655
0.045713
-0.006230
0.028212
0.073793
0.048099
0.006444
-0.014185
0.039744
0.020388
0.035712
0.007681
0.013637
0.035583
0.075670
-0.015704
-0.010853
0.004768
0.056144
0.015378
-0.046699
0.145359
-0.012089
0.016955
-0.011523
0.040145
0.040577
0.028168
-0.005228
0.041914
-0.018185
0.039723
0.106116
0.011880
-0.007119
-0.044397
-0.071204
0.114071
-0.097257
-0.025095
0.004295
0.221812
0.041839
0.069540
0.019257
-0.004486
-0.031489
-0.027781
-0.009724
0.005462
0.029401
0.014063
-0.014190
0.056449
0.020990
-0.038540
0.085069
-0.108522
0.026853
-0.029863
-0.047743
-0.007602
0.055084
-0.205730
0.045080
0.131082
0.121272
0.010405
0.068876
0.012599
-0.023849
-0.044383
0.014777
0.017355
0.034889
0.042130
0.046010
0.049980
0.051324
0.062607
0.076897
-0.194634
0.011795
0.240424
0.017299
-0.137083
0.009038
0.085436
0.005688
-0.086620
-0.013215
0.040107
0.034275
0.008043
0.097138
0.092258
0.099277
0.082179
0.050444
0.053030
0.060807
0.054163
0.047449
0.025239
-0.005123
0.039311
-0.094827
0.104220
0.008258
0.052174
0.052644
0.022772
-0.025558
0.104184
-0.051519
0.022696
0.079834
0.027672
0.040306
0.009533
-0.020918
0.017037
0.079653
0.042847
-0.017464
-0.019028
-0.017137
0.051890
0.157324
-0.011261
-0.149610
0.019745
-0.045129
-0.004810
0.003088
0.023390
0.044915
0.101481
0.120030
0.015104
-0.156464
-0.055065
0.032009
0.303181
0.043528
0.102733
0.008844
0.022815
0.044703
0.063238
0.075923
-0.045653
0.072711
0.017666
-0.012942
0.101227
-0.006658
0.013793
0.000125
0.047634
0.027994
0.052065
0.069746
0.073030
-0.006197
0.228395
-0.053318
0.022419
0.043285
0.064992
0.099194
0.049154
-0.030786
0.045966
0.064414
0.068175
0.054956
0.041484
0.018392
0.100346
0.039691
0.064938
0.071030
0.054726
0.029013
0.051106
0.086758
0.056005
0.072087
0.058115
0.046271
0.101293
0.044533
0.047770
0.031234
0.061146
0.020098
0.015431
-0.002091
0.057510
0.147755
0.013673
0.244746
0.080440
0.036747
-0.054103
0.055715
0.025778
0.025419
0.056416
0.099818
0.048451
0.054062
0.028420
0.006146
0.018247
0.043243
0.082126
0.136600
0.021172
0.090637
0.045828
0.051177
-0.020006
0.047050
0.040653
0.059679
0.002325
0.043075
0.131046
0.154952
0.067488
-0.092385
-0.017668
0.111141
-0.174931
0.045523
0.107504
0.063743
0.115676
0.061645
0.064195
0.051297
0.053963
0.062004
0.086488
0.004815
0.189275
0.022563
0.062540
0.054079
0.057987
0.066346
0.060011
0.050818
0.005573
0.050158
0.032278
0.026098
0.060986
0.105030
0.137059
0.253174
0.043913
0.047866
0.080054
0.189717
0.134936
-0.030736
0.084951
0.107844
0.098523
0.061804
0.122139
0.096374
0.098508
0.082444
0.170011
0.147352
0.057444
0.122466
0.158152
0.099101
0.112813
0.127309
0.130957
0.138062
0.142790
0.146977
0.152842
0.158915
0.162650
0.165666
0.169012
0.171913
0.190329
0.215173
0.198794
0.169530
0.170109
0.180460
0.202538
0.237345
0.124702
0.300362
0.284546
0.306746
0.408241
0.288941
0.318251
0.217319
0.249570
0.293193
0.308439
0.331041
0.356218
0.382932
0.371323
0.352896
0.370147
0.395324
0.376596
0.346679
0.469131
0.407163
0.203308
0.414094
0.369138
0.394646
0.431555
0.479255
0.489807
0.573706
0.535557
0.521884
0.529201
0.543996
0.554390
0.660950
0.877172
0.467638
0.623200
0.737583
0.712839
0.669437
0.725711
0.700102
0.740319
0.780728
0.767511
0.738535
0.776438
0.829733
0.818447
0.937290
0.973257
1.028102
1.265122
1.044241
1.164403
1.234389
1.274447
1.314371
1.383068
1.511460
1.543022
1.564402
1.668799
1.793494
1.791093
1.957776
2.017761
2.098123
2.167924
2.231482
2.530644
2.379168
2.513729
2.583772
2.693022
2.845562
2.988437
3.151638
3.275948
3.518376
3.707776
3.925847
4.167315
4.388238
4.644496
4.908638
5.210585
5.536053
5.872575
6.228826
6.585396
6.952517
7.394273
7.872764
8.409806
8.996879
9.615200
10.276461
11.025658
11.835703
12.491774
13.533894
14.906172
15.636591
16.960448
18.167607
19.812041
21.485349
23.305847
25.248807
27.607017
30.214888
32.942072
35.957784
39.480161
43.365965
42.598104
38.768239
35.714992
32.328276
29.546586
26.948301
24.693481
22.899175
21.074593
19.489301
17.993251
16.644101
15.520380
14.570866
13.479217
12.432596
11.574230
10.802015
10.077379
9.433294
8.826392
8.278097
7.677487
7.399784
6.850293
6.562824
6.150419
5.778863
5.390188
5.017386
4.742322
4.514471
4.390008
4.125365
3.958679
3.717059
3.492953
3.362807
3.161317
3.050632
2.918406
2.812013
2.635598
2.512372
2.370221
2.237527
2.137100
2.052830
1.964241
1.884803
1.734180
1.697260
1.691996
1.622527
1.432565
1.521021
1.447020
1.421606
1.341774
1.305583
1.241205
1.179522
1.113753
1.044524
0.998921
0.961318
0.892190
1.150869
0.916026
0.820368
0.742347
0.843507
0.791710
0.703513
0.824178
0.669197
0.679028
0.651933
0.627259
0.603764
0.595726
0.595074
0.505621
0.560141
0.529223
0.520017
0.509803
0.500288
0.493061
0.487029
0.479231
0.471484
0.471839
0.475479
0.395278
0.357431
0.361786
0.395068
0.371299
0.341278
0.341930
0.346662
0.337316
0.327139
0.322037
0.317215
0.306186
0.293184
0.280779
0.267047
0.259464
0.253937
0.242169
0.229360
0.210557
0.221035
0.212529
0.209033
0.208200
0.208838
0.210746
0.214166
0.194208
0.165145
0.158689
0.155110
0.256041
0.130845
0.163917
0.169433
0.173165
0.179983
0.174246
0.167567
0.164441
0.161057
0.210187
0.281917
0.005819
0.204228
0.202000
0.120038
0.129486
0.119218
0.105885
0.091688
0.095150
0.105398
0.111203
0.120169
0.125093
0.050614
0.227806
0.108820
0.145892
0.137223
0.194997
0.161034
0.155268
0.125547
0.097499
0.061923
0.063675
0.077960
0.082856
0.093583
0.084904
0.069706
0.066541
0.063387
0.041664
0.013319
0.212962
0.057775
-0.065311
0.093610
0.037960
0.026563
0.043799
0.071234
0.049018
0.013487
0.018425
0.029086
0.023824
0.018754
0.019242
0.020498
0.022370
0.025453
0.021758
0.015811
0.048927
0.030020
0.021928
-0.001805
0.098970
0.014834
0.034274
0.024317
0.077700
0.035488
0.047152
0.043651
0.040621
0.036389
0.033227
0.030006
0.026456
0.022851
0.023361
0.025560
0.067956
0.047083
0.059281
0.037502
0.071382
0.116524
0.036569
0.048390
0.135546
0.084714
-0.015681
0.083968
0.044560
0.034480
0.048248
0.071183
0.040026
0.034669
0.032420
0.037856
0.033926
0.029940
0.030577
0.032162
0.031272
0.030263
0.056527
0.094079
0.021472
0.093238
-0.008867
-0.097547
-0.045642
0.109218
0.085377
0.048633
0.056957
0.059488
-0.061905
0.074576
-0.137486
0.074977
0.133467
0.000857
0.037911
0.041300
0.046605
0.054913
0.061470
0.068891
0.054847
0.031889
0.041683
0.058962
0.036291
0.003596
0.372404
-0.008328
-0.075878
0.092838
0.057032
0.078083
0.068249
0.050261
0.055834
0.064341
0.105212
0.068335
0.085681
0.093092
0.094259
0.093856
0.094426
0.094012
0.052483
-0.006897
0.017817
0.065593
0.053470
0.035573
0.028591
0.017205
0.086719
0.008713
0.041347
0.060495
-0.035909
-0.010622
-0.003343
-0.330044
0.087118
0.038662
0.068661
-0.007385
0.003832
0.010793
0.166299
0.022445
0.071216
0.077393
0.103314
0.138073
0.041275
-0.105268
-0.053524
0.045349
0.048243
0.053379
0.007859
0.087400
0.117920
0.007448
0.043368
-0.060312
0.032768
0.159652
0.103805
0.006883
0.013895
0.026534
0.018052
0.075565
0.063940
0.051586
0.055536
0.058761
0.069817
0.085591
-0.024728
0.066748
0.050565
0.069785
0.253637
-0.016869
0.027275
0.096380
0.085642
0.085946
0.069259
0.042061
0.122168
0.029418
0.109002
0.135264
0.162907
0.162666
0.088066
0.024910
0.049422
0.108726
0.102469
0.093903
0.093965
0.149597
0.093695
0.089528
0.100198
0.129614
0.142886
0.159644
0.147964
0.124107
0.134151
0.149903
0.155949
0.164129
0.144451
0.112892
0.288295
0.151915
0.183350
0.161999
0.188775
0.229063
0.213771
0.229193
0.237798
0.252011
0.266667
0.283417
0.319069
0.363792
0.295170
0.184572
0.247269
0.307652
0.317307
0.322644
0.366675
0.419775
0.415694
0.395630
0.371205
0.331379
0.484596
0.547460
0.471813
0.465987
0.434769
0.549006
0.598074
0.659402
0.644290
0.732167
0.766698
0.818699
0.872700
0.930089
0.994322
1.063266
1.151126
1.299048
1.424080
1.569521
1.702658
1.837173
1.982534
2.131853
2.377307
2.605386
2.867223
3.145461
3.510124
3.922820
4.380038
4.887860
5.396004
6.203199
6.914548
7.725289
8.961848
10.416020
12.044394
13.893956
16.412837
19.338609
23.044803
27.463547
32.346914
27.121452
22.627210
19.111409
16.322836
13.853488
11.945969
10.504104
9.119403
7.997169
7.107373
6.445527
5.644984
5.120421
4.636883
4.285443
3.889401
3.540629
3.308321
3.142996
2.937637
2.758965
2.655807
2.593046
2.455722
2.313597
2.349482
2.150280
2.149122
2.140916
2.133439
2.143940
2.131247
2.045264
2.111883
1.916855
2.294649
2.182579
2.277224
2.389276
2.434145
2.555983
2.489360
2.769231
2.839784
2.963688
3.105802
3.258500
3.438642
3.600156
3.792017
3.990968
4.276847
4.606249
4.796019
4.955976
5.336102
5.781154
6.205913
6.675776
7.069506
7.686285
8.222997
8.822104
9.526537
10.296547
11.180558
12.154959
13.235127
14.342977
15.754153
17.017342
18.654906
20.607284
22.733039
25.119734
27.807353
30.763652
34.328813
38.310814
42.987895
48.220539
52.894830
46.772627
42.077680
37.316087
33.417364
29.826988
27.078486
24.551133
22.270109
20.286677
18.456453
16.618312
15.243951
14.079439
12.844161
12.053853
10.970904
10.002781
9.232544
8.569329
7.981737
7.497429
6.769422
6.399296
5.924648
5.547429
5.172851
4.833985
4.640291
4.525383
4.191083
3.815725
3.552245
3.293897
3.012295
2.980307
2.720862
2.671223
2.527193
2.417232
2.288820
2.158527
2.056296
1.963170
1.887174
1.786437
1.699703
1.609148
1.539114
1.477503
1.436472
1.598896
1.352654
1.327791
1.275804
1.272744
1.184756
1.080688
1.205405
0.971153
0.914269
0.788863
0.951505
0.810052
0.865176
0.891941
0.859743
0.809984
0.898022
0.789809
0.862828
0.848569
0.821677
0.767699
0.810513
0.880481
0.842700
0.796881
0.820034
0.857359
0.869989
0.886055
0.906116
0.926873
0.953235
0.982730
1.020304
1.063377
1.216688
1.214137
1.281770
1.317901
1.364327
1.407803
1.560775
1.760045
1.829732
1.926166
2.064317
2.219031
2.427526
2.538863
2.817870
3.128385
3.497053
3.819733
4.260278
4.735580
5.245376
5.798617
6.516347
7.328076
8.395982
9.684625
10.800063
12.624597
14.350442
16.348247
19.227576
22.598986
26.745551
31.779057
37.981717
42.131148
34.915249
28.951501
24.782034
20.982870
17.846973
15.319902
13.192214
11.534497
10.024965
8.841010
7.700258
6.746150
6.012552
5.464820
4.868120
4.361035
3.992672
3.841793
3.361054
2.945158
2.551174
2.347548
2.099777
1.924747
1.769571
1.652256
1.500583
1.139852
1.351944
1.140072
1.108970
1.016765
0.984835
0.969059
0.885884
0.787983
0.749650
0.722627
0.640404
0.620011
0.610175
0.627960
0.575564
0.507368
0.469989
0.430888
0.350810
0.255752
0.461411
0.163068
0.342096
0.269266
0.256781
0.202496
0.361113
0.305057
0.240094
0.354565
0.311551
0.162331
0.256485
0.233081
0.248261
0.257977
0.214509
0.149937
0.180407
0.235796
0.141749
0.170548
0.158127
0.169910
0.156274
0.138802
0.162417
0.159825
0.226097
0.195454
0.214375
0.123874
0.055981
-0.048321
0.043348
0.006568
0.046487
0.079601
0.062642
0.071214
0.092076
0.092028
0.061342
0.009122
0.049563
0.056812
0.094930
0.034004
0.046716
0.047615
0.047957
0.050324
0.052852
0.056338
0.059347
0.062619
0.070953
0.081512
0.055289
0.060193
0.031714
-0.000277
0.070753
0.180438
0.223101
-0.036597
0.004184
0.024032
-0.026507
-0.084987
-0.066870
-0.027335
0.000118
0.040576
0.040377
0.027694
0.030131
0.028847
0.018666
0.004557
-0.010268
-0.028180
-0.035000
-0.038621
0.066354
-0.004427
0.036925
-0.011899
0.031789
-0.033989
0.028951
-0.006255
0.007878
0.010642
-0.031687
-0.093306
-0.070046
0.086393
0.049482
0.001698
0.090566
-0.026717
0.010813
0.032080
0.035177
0.039315
0.039671
0.025342
-0.029436
-0.108708
0.140195
-0.022424
0.032833
0.022702
0.013199
-0.003608
0.023780
0.066616
0.051391
0.054283
0.030221
-0.002969
-0.004367
0.000630
-0.005494
0.039439
-0.086863
0.068861
0.018877
0.054135
-0.013648
-0.206280
-0.144163
0.143266
0.076802
-0.007684
-0.071030
-0.012187
-0.040665
-0.046799
-0.033793
-0.011418
-0.020858
-0.037420
-0.046212
-0.058404
-0.016319
0.048090
-0.083008
0.013498
-0.086008
-0.000237
-0.021418
-0.022038
-0.020027
-0.018586
-0.025428
-0.035782
-0.027897
-0.143812
0.002782
-0.065828
-0.052553
0.106146
0.040074
-0.044820
-0.074864
0.038664
0.024276
0.028549
0.005660
-0.033586
-0.064363
-0.102077
-0.113072
-0.115050
0.137333
0.000288
0.048810
0.020732
0.003914
-0.024359
0.010537
-0.003470
0.007361
0.012534
0.011377
0.007504
0.001180
-0.008129
0.023894
0.016129
0.011075
-0.007094
0.000053
0.012114
-0.015489
0.088757
-0.128294
0.020750
0.120207
0.016161
-0.005111
-0.091778
-0.033066
0.065625
0.056993
0.007105
0.021837
0.033367
0.028862
0.022876
0.066127
0.031615
0.065246
0.128636
-0.085057
0.025044
0.180708
0.041585
0.039628
-0.037281
0.013468
0.122310
0.068010
-0.014966
0.000669
0.027549
0.016499
0.005021
0.002668
-0.000020
-0.000971
-0.000373
-0.023863
-0.056693
0.060438
-0.010853
0.004358
-0.044237
0.028505
0.000844
0.020745
0.026681
0.021117
0.009153
0.014200
0.022269
0.027338
0.034347
0.006964
-0.034461
0.142939
0.023451
-0.074726
0.090469
-0.045165
0.039885
-0.005773
-0.035486
0.113077
-0.007362
-0.002415
-0.051298
-0.019200
0.035406
-0.008858
-0.000359
-0.016703
-0.029362
0.012036
-0.052516
0.005454
0.071631
-0.206842
0.046931
-0.024454
-0.021270
-0.020044
-0.019138
-0.016304
-0.013007
-0.017729
-0.025441
-0.009796
-0.029736
-0.027649
-0.030391
-0.034144
-0.038257
-0.031625
-0.020699
-0.009024
0.006120
-0.031847
-0.090708
-0.002397
-0.002773
-0.004286
-0.032260
-0.035912
-0.041736
-0.056505
-0.073521
-0.030783
0.035380
0.071983
-0.060953
-0.023466
0.003956
-0.003703
-0.012960
-0.011654
-0.010317
-0.008349
-0.004979
-0.050930
-0.017097
-0.052806
-0.041560
-0.095050
-0.048518
-0.023598
-0.194272
-0.000425
-0.029447
-0.028918
-0.081656
0.042549
-0.055558
0.009571
0.058714
-0.062214
-0.015980
-0.000750
-0.019232
-0.001709
0.012053
-0.063983
-0.032888
-0.071286
-0.098558
-0.071884
-0.024400
-0.005372
0.017013
0.015968
0.003514
-0.046231
-0.119671
-0.177516
0.000340
0.017584
0.078593
-0.006280
-0.120029
-0.175469
0.079551
-0.004111
-0.092252
-0.172930
-0.056630
0.010347
-0.033461
-0.011218
-0.018008
-0.013263
-0.010222
-0.016966
-0.027452
-0.025731
-0.021605
-0.023856
-0.026401
-0.020896
-0.012779
-0.090572
-0.040700
-0.025746
-0.000679
0.071801
0.040062
0.040644
0.011160
-0.021112
-0.065237
-0.042961
-0.029585
-0.026519
-0.024979
0.029468
-0.033307
-0.010135
0.000278
-0.052671
-0.010331
-0.028854
-0.035329
-0.026942
-0.013029
-0.040933
-0.005635
-0.011474
-0.009627
-0.022082
-0.041377
0.027097
-0.049839
-0.032659
-0.012104
-0.013995
-0.013890
-0.016634
-0.022031
-0.041665
-0.007223
-0.008815
-0.001905
-0.003022
-0.007385
-0.009715
-0.013551
-0.016466
-0.019480
-0.024076
-0.029295
-0.012266
0.013770
0.010791
0.002043
-0.000893
-0.007132
-0.019824
-0.036195
0.005141
0.068623
0.034559
-0.024522
-0.006688
0.021819
0.013891
0.015996
0.014262
0.011738
0.005405
-0.003325
-0.018408
-0.013589
-0.024262
-0.032875
-0.029193
-0.020956
-0.021197
-0.021610
0.017290
-0.009472
0.006543
0.014153
0.013785
0.010614
0.008434
0.004519
0.003982
0.004175
0.002433
0.000566
0.001245
0.002744
0.003989
0.005781
0.006452
0.006877
0.012398
0.019855
-0.001078
-0.032644
0.121840
-0.035331
0.087864
0.011012
-0.029697
-0.003822
0.028080
0.097577
0.049189
0.000840
0.014934
0.043132
0.040730
0.038531
0.033274
0.023571
0.016084
0.007134
-0.024783
-0.066924
-0.015463
-0.112255
-0.047973
0.025284
-0.006492
-0.061696
-0.027519
0.022588
0.043754
0.069535
0.053439
0.018623
0.021709
0.027716
0.018348
0.007821
0.001280
-0.005735
-0.005957
-0.003088
-0.000973
0.002990
0.003953
0.004425
-0.000749
-0.008874
0.004076
0.024013
0.010281
-0.012272
-0.010387
-0.005803
0.019305
0.056999
-0.103934
0.044596
0.002914
0.004284
0.005516
0.006724
0.008283
0.009966
0.003830
-0.005537
-0.014436
-0.025478
-0.020452
-0.009544
0.003084
0.020901
-0.006598
0.046310
-0.106968
0.031793
-0.000437
0.009596
-0.018782
0.048871
-0.034509
0.047052
-0.038690
0.007060
0.001469
-0.008366
-0.005781
-0.005336
-0.018513
-0.037174
0.009957
-0.034560
-0.010359
0.007100
0.107971
-0.113546
0.067463
-0.026056
0.002839
-0.002204
0.000433
0.003395
0.007315
0.012608
-0.001827
-0.023911
0.008351
-0.099928
0.057813
-0.068032
-0.031880
-0.031523
-0.017015
0.003894
0.024754
0.050090
0.104227
-0.007550
-0.013915
-0.050126
-0.057463
-0.021740
-0.025481
-0.022778
0.024744
-0.044141
0.041957
-0.058170
-0.002251
-0.014126
-0.003502
0.001449
0.002920
0.002634
0.003814
0.004427
-0.000585
-0.008101
-0.023523
-0.044078
-0.001657
-0.020251
-0.000486
0.013677
0.010698
0.001862
-0.026403
-0.067494
0.057695
-0.022837
0.021415
0.039965
0.032019
0.013968
-0.091259
-0.066842
-0.050187
0.014687
-0.009274
0.097791
0.028580
-0.063643
-0.008870
-0.023691
0.050134
-0.054479
0.002651
0.001604
-0.003196
0.032786
0.010948
-0.016779
-0.010100
0.002335
0.000921
-0.000046
0.002617
0.005569
0.008717
0.012468
-0.000003
-0.019072
-0.040197
-0.067006
0.028505
0.173180
-0.018981
-0.030020
-0.034077
0.014047
-0.019709
-0.010747
-0.005680
0.062299
0.024138
-0.030117
-0.009003
0.025400
0.042948
0.067533
-0.001747
-0.109454
-0.057819
0.033670
0.042177
0.050924
0.022641
-0.030074
-0.015080
0.015649
0.015584
0.016958
0.023925
0.030685
-0.026633
-0.022788
0.048727
-0.053033
0.033877
0.043533
-0.113053
0.031195
0.049262
0.016444
0.007638
-0.028158
-0.011833
0.016564
0.021028
0.026486
0.077141
0.089486
0.057048
-0.007612
0.028028
-0.117411
-0.057813
-0.020637
0.013804
0.058284
0.040457
0.000534
0.037765
0.016726
-0.059406
0.089993
-0.009646
0.090501
0.010559
-0.078759
-0.030313
0.053288
0.028791
0.001399
-0.000687
0.014198
