-0.485765
-0.487686
-0.489739
-0.491047
-0.493009
-0.494913
-0.496019
-0.496828
-0.498658
-0.500699
-0.502382
-0.504120
-0.505089
-0.505720
-0.506437
-0.506950
-0.508610
-0.510672
-0.512474
-0.514475
-0.516033
-0.517469
-0.519128
-0.520778
-0.521649
-0.522209
-0.522794
-0.523161
-0.523776
-0.524397
-0.524782
-0.525095
-0.526695
-0.528784
-0.530742
-0.533009
-0.534826
-0.536583
-0.538678
-0.540842
-0.542459
-0.543913
-0.545463
-0.546920
-0.548675
-0.550523
-0.552263
-0.554032
-0.555017
-0.555672
-0.556390
-0.556896
-0.557587
-0.558263
-0.558714
-0.559081
-0.559815
-0.560642
-0.561365
-0.562126
-0.562652
-0.563084
-0.563566
-0.564000
-0.565693
-0.567906
-0.570015
-0.572456
-0.574562
-0.576670
-0.579135
-0.581718
-0.583739
-0.585613
-0.587636
-0.589594
-0.591907
-0.594357
-0.596725
-0.599161
-0.601057
-0.602747
-0.604528
-0.606195
-0.608031
-0.609895
-0.611633
-0.613350
-0.615395
-0.617557
-0.619680
-0.621877
-0.623935
-0.625964
-0.628074
-0.630191
-0.631549
-0.632594
-0.633680
-0.634557
-0.635648
-0.636737
-0.637600
-0.638389
-0.639456
-0.640582
-0.641617
-0.642671
-0.643520
-0.644280
-0.645068
-0.645804
-0.646934
-0.648211
-0.649418
-0.650706
-0.651858
-0.652982
-0.654195
-0.655419
-0.656405
-0.657305
-0.658226
-0.659091
-0.660050
-0.661025
-0.661938
-0.662842
-0.659054
-0.653260
-0.647658
-0.640700
-0.634853
-0.628864
-0.621425
-0.613421
-0.607184
-0.601281
-0.594705
-0.588186
-0.580268
-0.571711
-0.563268
-0.554425
-0.547556
-0.541352
-0.534650
-0.528256
-0.521043
-0.513573
-0.506454
-0.499277
-0.490690
-0.481512
-0.472338
-0.462740
-0.453535
-0.444299
-0.434607
-0.424748
-0.417137
-0.410356
-0.403301
-0.396757
-0.389373
-0.381842
-0.374874
-0.367987
-0.360089
-0.351858
-0.343760
-0.335455
-0.327642
-0.319956
-0.312035
-0.304126
-0.294787
-0.284820
-0.274925
-0.264615
-0.254593
-0.244506
-0.233977
-0.223261
-0.213156
-0.203177
-0.192973
-0.182798
-0.172164
-0.161326
-0.150534
-0.139618
-0.130855
-0.122955
-0.114834
-0.107250
-0.099042
-0.090796
-0.083132
-0.075632
-0.067110
-0.058291
-0.049690
-0.040935
-0.032758
-0.024778
-0.016614
-0.008527
0.000539
0.010006
0.019354
0.028942
0.038277
0.047604
0.057191
0.066857
0.075992
0.084965
0.094046
0.103040
0.112317
0.121685
0.130953
0.140250
0.150915
0.162166
0.173387
0.185016
0.196310
0.207651
0.219426
0.231373
0.242874
0.254313
0.265952
0.277599
0.289646
0.301889
0.314124
0.326491
0.338210
0.349715
0.361383
0.372951
0.384798
0.396733
0.408555
0.420399
0.432699
0.445192
0.457688
0.470323
0.482835
0.495360
0.508035
0.520767
0.521257
0.516580
0.512491
0.504934
0.500445
0.495700
0.487237
0.477397
0.472229
0.468011
0.462136
0.456495
0.447305
0.436539
0.426155
0.414820
0.408927
0.404944
0.399744
0.395498
0.389152
0.382231
0.376378
0.370488
0.360932
0.349912
0.339019
0.327107
0.316370
0.305670
0.293863
0.281728
0.275347
0.271143
0.266342
0.262915
0.257451
0.251700
0.247456
0.243503
0.237105
0.229962
0.223238
0.216085
0.210253
0.204826
0.198901
0.193094
0.183740
0.172878
0.162287
0.150730
0.139994
0.129183
0.117338
0.105105
0.094512
0.084325
0.073657
0.063150
0.051567
0.039552
0.027744
0.015707
0.035420
0.068556
0.100089
0.140592
0.173243
0.206587
0.249542
0.296081
0.330237
0.361821
0.397724
0.432948
0.477445
0.526027
0.573540
0.623496
0.659738
0.691177
0.725727
0.757896
0.795367
0.834307
0.870580
0.906968
0.952688
1.002149
1.051305
1.103074
1.151884
1.200627
1.252199
1.304630
1.270765
1.200882
1.135633
1.046338
0.979633
0.911762
0.818064
0.715221
0.645644
0.583202
0.509655
0.438248
0.342382
0.235936
0.132672
0.023215
0.008690
0.031994
0.044819
0.080964
0.089217
0.095422
0.126887
0.165186
0.157032
0.134990
0.122227
0.101984
0.107055
0.120374
0.124933
0.132311
0.393281
0.762548
1.123728
1.559070
1.932924
2.314511
2.775455
3.267277
3.670021
4.057737
4.481888
4.905068
5.402836
5.935744
6.464720
7.016388
9.595064
13.046444
16.433887
20.417723
23.066390
25.419654
28.447346
31.482195
34.411172
37.369869
30.698947
19.933366
19.223048
19.852731
15.733678
11.286740
10.378598
10.319711
9.731090
9.689762
8.117347
6.093833
4.698665
3.197339
2.725142
2.707625
2.540839
2.632581
2.564340
2.533370
2.775734
3.134925
2.696834
2.003190
1.467032
0.793704
0.506078
0.334966
0.006481
-0.293525
-0.167770
0.135827
0.449298
0.895392
1.217577
1.550234
2.025599
2.553474
2.362690
1.905836
1.535457
1.001091
0.733450
0.511609
0.109201
-0.320331
-0.427199
-0.428605
-0.473437
-0.453159
-0.591104
-0.770460
-0.875938
-0.986142
-0.912175
-0.754235
-0.608540
-0.409203
-0.236697
-0.051768
0.189750
0.458327
0.633059
0.786533
0.972514
1.152427
1.397624
1.671198
1.935935
2.217122
2.171359
1.993252
1.846201
1.615725
1.477352
1.342364
1.117292
0.865230
0.764832
0.706781
0.613533
0.541214
0.379551
0.185954
0.017593
-0.164455
-0.019001
0.262063
0.515038
0.854288
1.108847
1.364825
1.713541
2.093414
2.322111
2.510904
2.739204
2.949608
3.253956
3.594074
3.911929
4.247020
4.726919
5.274152
5.832808
6.443212
7.028005
7.627359
8.281477
8.963007
10.289015
11.907891
13.527792
15.353615
17.065455
18.825401
20.803433
22.884734
28.166461
34.881447
41.567076
49.250750
46.034700
38.645437
32.759039
24.402316
22.354912
21.993616
18.815027
15.895911
13.585111
11.356419
9.347708
7.535490
6.376295
5.610333
5.021365
4.761132
4.593760
4.638691
5.021319
5.656958
5.016525
3.987449
3.277985
2.387269
2.145918
2.129777
1.900551
1.754956
1.468655
1.139110
0.900510
0.665444
0.478936
0.324376
0.172102
0.040915
0.145536
0.360617
0.587377
0.895838
1.167643
1.463375
1.845355
2.271363
2.241180
2.046654
1.918059
1.692200
1.644409
1.633788
1.515327
1.387254
1.482160
1.656019
1.809457
2.014816
2.124537
2.215732
2.364636
2.519285
2.490694
2.392937
2.309488
2.180311
2.118381
2.065151
1.961801
1.848321
3.030727
4.754476
6.411467
8.430955
10.111532
11.810706
13.899207
16.126192
17.160415
17.793244
18.623948
19.224448
20.361916
21.640938
22.660080
23.691837
22.525308
20.401808
18.384082
15.730139
13.542804
11.267071
8.313467
5.079415
4.550489
4.969387
4.975952
5.537677
4.975079
4.150579
3.945962
3.763321
3.228567
2.619928
2.054144
1.434685
1.108222
0.885813
0.595550
0.356201
0.151679
-0.021351
-0.143716
-0.226078
-0.289439
-0.320604
-0.310776
-0.266406
-0.137994
0.046706
0.263865
0.530111
0.820840
1.148427
1.526030
1.944779
1.824438
1.499294
1.240384
0.856600
0.657348
0.485111
0.176177
-0.158722
-0.235762
-0.229728
-0.262775
-0.246217
-0.357845
-0.504908
-0.595406
-0.692013
-0.721288
-0.718787
-0.725065
-0.713058
-0.706071
-0.693582
-0.662017
-0.620289
-0.626639
-0.646663
-0.653942
-0.667297
-0.653677
-0.630077
-0.613828
-0.593174
-0.562724
-0.526820
-0.486838
-0.441526
-0.396662
-0.349058
-0.295887
-0.239111
-0.177283
-0.111026
-0.041210
0.032730
0.110516
0.192248
0.278112
0.367990
0.349077
0.286190
0.232184
0.149829
0.098882
0.048953
-0.031603
-0.121388
-0.164661
-0.195710
-0.238561
-0.275782
-0.342201
-0.419657
-0.490117
-0.565865
-0.588771
-0.590930
-0.600785
-0.598597
-0.612088
-0.627423
-0.629677
-0.628888
-0.658098
-0.697261
-0.731878
-0.772402
-0.798843
-0.821578
-0.850999
-0.880036
-0.852075
-0.800390
-0.750818
-0.684993
-0.634646
-0.583493
-0.514863
-0.440059
-0.384603
-0.332636
-0.273303
-0.214520
-0.139965
-0.058176
0.022422
0.107573
0.163275
0.208454
0.259607
0.305252
0.361964
0.421436
0.474778
0.527976
0.599854
0.678964
0.757072
0.840120
0.916655
0.992627
1.073985
1.156683
1.158825
1.127887
1.101852
1.053871
1.028310
1.002524
0.953093
0.895870
0.869935
0.851158
0.822778
0.796979
0.749130
0.692091
0.638599
0.579974
0.561147
0.557226
0.546303
0.543601
0.527487
0.508777
0.499099
0.490628
0.458109
0.416880
0.378008
0.333511
0.298704
0.265635
0.226343
0.186244
0.182010
0.191999
0.199557
0.216543
0.222195
0.227186
0.242406
0.260468
0.265133
0.266511
0.271491
0.275044
0.287606
0.303714
0.317986
0.334093
0.329432
0.316600
0.306548
0.291651
0.282962
0.274939
0.261655
0.247101
0.243737
0.243984
0.242392
0.242895
0.237902
0.231358
0.227205
0.222760
0.221132
0.220820
0.220103
0.220128
0.219917
0.219909
0.220678
0.221847
0.220941
0.219423
0.218414
0.217116
0.216932
0.217140
0.217005
0.217024
0.217447
0.218078
0.218850
0.219822
0.220739
0.221741
0.222954
0.224290
0.225802
0.227469
0.229259
0.231191
0.233261
0.235469
0.237821
0.240313
0.263919
0.296591
0.328498
0.366564
0.399685
0.433508
0.473912
0.516923
0.552166
0.586023
0.622965
0.659747
0.702849
0.748892
0.794522
0.842023
0.880606
0.916226
0.954166
0.990759
1.031152
1.072777
1.112863
1.153274
1.200145
1.249753
1.299408
1.351049
1.400965
1.451082
1.503331
1.556399
1.779826
2.076351
2.366395
2.705974
3.005653
3.310881
3.669056
4.048135
4.363821
4.667937
4.996845
5.324168
5.702501
6.104421
6.502697
6.915877
7.233222
7.516388
7.819085
8.103928
8.424937
8.755037
9.065250
9.375091
9.745809
10.140149
10.531321
10.938661
11.324891
11.709380
12.111491
12.518048
13.647339
15.088100
16.502444
18.128035
19.587855
21.073335
22.784431
24.585997
26.425504
28.347440
30.363186
32.461492
34.703761
37.055907
39.488057
42.020981
39.066100
33.831868
28.939204
22.542643
21.027622
20.921106
19.050042
17.605115
16.277321
15.012213
14.169156
13.547459
12.766230
12.065542
11.604232
11.265627
10.537056
9.725406
9.059491
8.375361
7.973447
7.698510
7.393708
7.165585
6.847053
6.522824
6.281631
6.063527
5.930493
5.853269
5.796938
5.784657
5.627347
5.431183
5.287038
5.131463
5.058808
5.021588
4.969373
4.936164
5.023560
5.169593
5.329980
5.536723
5.727580
5.934920
6.191046
6.473972
6.759481
7.063815
7.396167
7.749536
8.142209
8.564420
9.006915
9.476045
9.976095
10.503931
11.058166
11.639929
12.245373
12.876588
13.535488
14.220752
15.340731
16.660965
17.989968
19.462577
20.862918
22.300734
23.890391
25.554565
28.062432
30.980285
33.940106
37.199247
40.369690
43.647101
47.238517
51.004276
49.500518
45.869543
42.648740
38.047635
34.983178
31.969165
27.463312
22.509039
21.275450
21.256895
20.601873
20.639397
18.902808
16.668479
15.222489
13.690827
12.876477
12.410671
11.831517
11.443424
11.038487
10.703915
10.566947
10.545249
9.936022
9.151745
8.513694
7.793618
7.384076
7.083711
6.686209
6.331420
5.956351
5.582384
5.252733
4.940309
4.643701
4.366587
4.106976
3.865621
3.722592
3.631809
3.555824
3.521032
3.484851
3.468950
3.495867
3.550359
3.399609
3.178984
2.996095
2.774784
2.642106
2.533131
2.380862
2.230666
2.192336
2.197993
2.200627
2.234432
2.230003
2.223592
2.251074
2.288000
2.161042
1.972366
1.800802
1.590243
1.438535
1.295406
1.109509
0.915668
0.791039
0.687608
0.572629
0.469998
0.330209
0.179174
0.042431
-0.097434
-0.134388
-0.127503
-0.128176
-0.100623
-0.096655
-0.090297
-0.053764
-0.005769
-0.004838
-0.015366
-0.011759
-0.012492
0.018073
0.061419
0.099036
0.143518
0.147486
0.136826
0.134974
0.125725
0.131034
0.140003
0.140758
0.141274
0.169386
0.208259
0.245629
0.290326
0.325628
0.360207
0.402763
0.447378
0.509757
0.581505
0.654682
0.734740
0.814833
0.898317
0.988932
1.084175
1.174210
1.264953
1.360766
1.458518
1.564037
1.674306
1.786287
1.902044
1.883211
1.809061
1.744638
1.644179
1.580429
1.516442
1.413647
1.298115
1.238991
1.193790
1.132664
1.077259
0.984488
0.876812
0.776543
0.668485
0.622414
0.599854
0.566616
0.546416
0.506087
0.462172
0.432537
0.405166
0.340239
0.261904
0.187646
0.104863
0.037624
-0.026565
-0.100216
-0.174817
-0.178458
-0.153352
-0.132365
-0.092146
-0.072884
-0.053962
-0.014261
0.031903
0.051947
0.066105
0.088245
0.108258
0.146952
0.193444
0.236991
0.284917
0.294354
0.289154
0.290123
0.282782
0.288009
0.295342
0.293580
0.290266
0.309161
0.335814
0.359832
0.388715
0.408010
0.425226
0.447872
0.470838
0.467672
0.454111
0.442053
0.422995
0.412215
0.401835
0.383865
0.363730
0.352723
0.343783
0.332147
0.321300
0.303912
0.283825
0.264815
0.244305
0.239428
0.240614
0.239582
0.242104
0.239748
0.236746
0.237616
0.239313
0.232466
0.222782
0.214353
0.204225
0.198116
0.193052
0.186066
0.179177
0.179984
0.183907
0.187583
0.193431
0.196924
0.200407
0.206236
0.212809
0.217076
0.220959
0.225731
0.230456
0.237148
0.244750
0.252226
0.260283
0.263619
0.265206
0.267597
0.269010
0.272077
0.275474
0.277795
0.279987
0.284920
0.290845
0.296510
0.302820
0.308020
0.313022
0.318738
0.324547
0.323873
0.320560
0.317628
0.312936
0.310118
0.307314
0.302609
0.297301
0.294423
0.292095
0.289022
0.286148
0.281542
0.276214
0.271159
0.265699
0.263645
0.262879
0.261548
0.260942
0.259210
0.257280
0.256143
0.255132
0.252124
0.248409
0.244916
0.240975
0.237875
0.234947
0.231520
0.228051
0.227154
0.227280
0.227246
0.227896
0.227732
0.227524
0.228058
0.228802
0.228621
0.228222
0.228087
0.227863
0.228284
0.228965
0.229530
0.230236
0.229423
0.228017
0.226821
0.225277
0.224198
0.223175
0.221774
0.220286
0.219624
0.219232
0.218713
0.218354
0.217600
0.216740
0.216061
0.215368
0.219268
0.225134
0.230789
0.237762
0.243663
0.249702
0.257150
0.265149
0.271352
0.277199
0.283704
0.290132
0.297939
0.306366
0.314660
0.323333
0.330150
0.336342
0.343005
0.349379
0.356521
0.363903
0.370957
0.378065
0.386513
0.395521
0.404526
0.413933
0.422967
0.432031
0.441529
0.451185
0.458462
0.464848
0.471504
0.477605
0.484564
0.491655
0.498137
0.504513
0.511942
0.519705
0.527308
0.535110
0.542374
0.549485
0.556825
0.564134
0.572906
0.582311
0.591622
0.601344
0.610751
0.620207
0.630102
0.640173
0.649590
0.658858
0.668340
0.677774
0.687665
0.697750
0.707767
0.717895
0.725182
0.731304
0.737664
0.743277
0.749663
0.756053
0.761640
0.766969
0.773562
0.780487
0.787084
0.793830
0.799785
0.805439
0.811279
0.816974
0.823919
0.831348
0.838573
0.846071
0.853185
0.860242
0.867596
0.875008
0.881674
0.888080
0.894581
0.900923
0.907592
0.914334
0.920897
0.927454
0.935688
0.944614
0.953459
0.962771
0.971616
0.980473
0.989833
0.999363
1.008291
1.017095
1.026106
1.035082
1.044517
1.054152
1.063734
1.073437
1.082273
1.090793
1.099473
1.107982
1.116797
1.125679
1.134372
1.143047
1.152253
1.161657
1.171019
1.180512
1.189804
1.199066
1.208472
1.217905
1.239225
1.265632
1.291554
1.320912
1.347455
1.374360
1.404939
1.436953
1.464495
1.491195
1.519603
1.547869
1.579678
1.613109
1.646254
1.680413
1.709563
1.737026
1.765753
1.793696
1.823721
1.854400
1.884187
1.914122
1.947637
1.982650
2.017655
2.053736
2.088820
2.123983
2.160304
2.197049
2.228120
2.257099
2.286770
2.315155
2.345664
2.376548
2.406014
2.435277
2.467095
2.499756
2.532086
2.564939
2.596555
2.627853
2.659746
2.691611
2.727094
2.764165
2.801058
2.839002
2.876222
2.913609
2.952114
2.991096
3.028536
3.065662
3.103357
3.140983
3.179770
3.219079
3.258271
3.297782
3.384530
3.491514
3.596790
3.715824
3.823666
3.933013
4.057071
4.186907
4.299473
4.408957
4.525284
4.641251
4.771280
4.907847
5.043489
5.183291
5.302808
5.415547
5.533458
5.648245
5.771586
5.897650
6.020153
6.143323
6.281025
6.424846
6.568702
6.716979
6.861286
7.005978
7.155419
7.306640
7.487843
7.683141
7.879027
8.084943
8.286696
8.491439
8.706750
8.927517
9.138758
9.349621
9.566628
9.785063
10.014130
10.249040
10.485020
10.725319
10.957469
11.188289
11.423940
11.660161
11.902744
12.148813
12.395235
12.644115
12.902754
13.166735
13.432842
13.703390
13.973991
14.246920
14.524461
14.805061
15.135307
15.488600
15.842955
16.213819
16.576913
16.944549
17.329619
17.723412
18.102349
18.480898
18.869256
19.260034
19.667880
20.085162
20.504289
20.930431
21.733321
22.699998
23.657707
24.728247
25.714579
26.717005
27.839789
29.012410
30.053845
31.075558
32.155474
33.237022
34.433574
35.685988
36.935595
38.222363
38.886257
39.302236
39.783517
40.110452
40.622561
41.148047
41.506294
41.819257
41.062894
39.812607
38.560220
36.962249
35.530559
34.007455
32.119426
30.050893
29.254927
28.877206
28.254864
27.859182
26.875000
25.720726
24.824514
23.896083
23.251379
22.739627
22.184340
21.702878
21.200111
20.718266
20.313412
19.948866
19.525986
19.105326
18.729518
18.367658
18.081090
17.837843
17.606146
17.407636
17.278260
17.195076
17.143358
17.133995
17.142577
17.181974
17.264693
17.382186
16.941294
16.283693
15.686509
14.954353
14.403394
13.872683
13.194919
12.483261
12.028033
11.650461
11.225576
10.844105
10.324208
9.760746
9.247815
8.721313
8.509568
8.430742
8.324698
8.302689
8.206816
8.116011
8.115167
8.147153
8.027190
7.867483
7.749028
7.613413
7.572667
7.568614
7.543034
7.535534
7.421330
7.267917
7.137649
6.987558
6.873865
6.768820
6.641869
6.513503
6.459284
6.433631
6.403144
6.391837
6.354612
6.314835
6.295993
6.282118
6.161749
6.000612
5.849375
5.671969
5.531376
5.395231
5.230489
5.059562
4.931982
4.816918
4.693356
4.576633
4.434954
4.284962
4.143058
3.998057
3.918316
3.865747
3.807223
3.765810
3.708095
3.650831
3.611935
3.579339
3.515330
3.442851
3.378395
3.310058
3.260806
3.218705
3.171827
3.128288
3.269619
3.490670
3.707170
3.978666
4.207031
4.442335
4.736393
5.054136
5.308635
5.553546
5.826167
6.099389
6.427951
6.783275
7.137056
7.508581
7.622209
7.634255
7.675777
7.654929
7.712855
7.778192
7.775804
7.756413
7.863071
8.008223
8.129802
8.272737
8.348682
8.403635
8.483396
8.556781
9.634494
11.139184
12.594170
14.334441
15.832635
17.356252
19.185231
21.130419
20.875993
19.772428
18.886426
17.462163
16.772760
16.166839
14.973772
13.647810
12.956875
12.411694
11.696898
11.045477
9.937952
8.648093
7.442155
6.138185
5.796227
5.826548
5.714578
5.818385
5.621958
5.383831
5.380884
5.426674
5.042127
4.522216
4.073178
3.545294
3.238549
2.996454
2.663769
2.346250
2.215581
2.161929
2.115201
2.127296
2.081032
2.038235
2.058901
2.102015
2.052205
1.980095
1.935734
1.882891
1.892842
1.928477
1.952843
1.991100
2.085952
2.210200
2.346298
2.507206
2.664061
2.832073
3.026036
3.235842
3.149937
2.948380
2.776178
2.530957
2.380181
2.238482
2.017357
1.776692
1.667010
1.595495
1.497472
1.419926
1.268276
1.091885
0.939674
0.778311
0.775078
0.837401
0.883624
0.970461
1.017629
1.065247
1.156489
1.262303
1.288308
1.291803
1.314170
1.325568
1.383188
1.457332
1.518278
1.586246
1.553967
1.480927
1.419373
1.332990
1.273546
1.215146
1.129973
1.036750
0.995594
0.969986
0.933587
0.905396
0.848929
0.783136
0.726972
0.667540
0.646108
0.640333
0.629613
0.628151
0.617303
0.606275
0.605196
0.607271
0.587583
0.561167
0.539035
0.513267
0.498746
0.487761
0.472561
0.458417
0.436976
0.412479
0.389354
0.364609
0.341355
0.318122
0.293158
0.267624
0.247494
0.229213
0.210096
0.192062
0.171661
0.150670
0.130897
0.111114
0.091990
0.073272
0.054525
0.036026
0.017726
-0.000377
-0.018232
-0.035868
-0.054044
-0.072320
-0.090345
-0.108367
-0.125977
-0.143384
-0.160804
-0.178091
-0.185155
-0.187809
-0.190766
-0.190703
-0.192996
-0.194910
-0.193597
-0.190984
-0.192007
-0.193626
-0.193716
-0.193819
-0.190843
-0.186402
-0.182095
-0.176833
-0.175907
-0.176393
-0.175704
-0.175635
-0.173657
-0.171032
-0.169123
-0.167013
-0.161704
-0.155015
-0.148263
-0.140498
-0.133536
-0.126434
-0.118249
-0.109623
-0.106973
-0.106545
-0.105393
-0.105607
-0.103630
-0.101285
-0.100442
-0.099834
-0.096512
-0.092304
-0.088468
-0.084087
-0.081039
-0.078342
-0.075027
-0.071754
-0.064780
-0.056185
-0.047790
-0.038327
-0.029616
-0.020746
-0.010741
-0.000258
0.008620
0.017160
0.026272
0.035300
0.045508
0.056241
0.066838
0.077750
0.091485
0.106555
0.121826
0.138108
0.153959
0.170121
0.187349
0.205130
0.222381
0.239778
0.257779
0.276050
0.295292
0.315138
0.335226
0.355803
0.375268
0.394514
0.414317
0.434135
0.454756
0.475785
0.496801
0.518088
0.540522
0.563571
0.586850
0.610636
0.634395
0.658404
0.682941
0.707817
0.706369
0.693935
0.682991
0.664746
0.653363
0.641636
0.622067
0.599726
0.587733
0.578013
0.564915
0.552542
0.532687
0.509630
0.487618
0.463758
0.451900
0.444395
0.434467
0.426819
0.414836
0.401821
0.391333
0.380978
0.362895
0.341852
0.321301
0.298753
0.278966
0.259471
0.237794
0.215618
0.206144
0.201610
0.195993
0.193577
0.186952
0.179922
0.176376
0.173678
0.165887
0.156695
0.148627
0.139842
0.134140
0.129533
0.124059
0.119055
0.106570
0.091031
0.076295
0.059677
0.045054
0.030484
0.013886
-0.003339
-0.016791
-0.029145
-0.042328
-0.054949
-0.069687
-0.085150
-0.099947
-0.115025
-0.116411
-0.112032
-0.108529
-0.101247
-0.097348
-0.093212
-0.085024
-0.075360
-0.071460
-0.068890
-0.064512
-0.060597
-0.052674
-0.043071
-0.034107
-0.024203
-0.019897
-0.017601
-0.014095
-0.011610
-0.007075
-0.002018
0.001904
0.005805
0.013471
0.022608
0.031551
0.041501
0.050176
0.058760
0.068438
0.078404
0.080572
0.079673
0.079416
0.077170
0.077417
0.077859
0.076140
0.073857
0.074726
0.076443
0.077424
0.078822
0.078273
0.077013
0.076264
0.075193
0.078517
0.083614
0.088192
0.093845
0.098284
0.102655
0.108187
0.114053
0.117630
0.120511
0.123846
0.126806
0.130986
0.135557
0.139690
0.143950
0.141353
0.135850
0.130771
0.123784
0.118447
0.112964
0.105438
0.097149
0.091748
0.087001
0.081324
0.075863
0.068369
0.060011
0.051958
0.043416
0.037588
0.032718
0.027227
0.022207
0.016160
0.009830
0.004029
-0.001789
-0.009487
-0.017936
-0.026317
-0.035220
-0.043523
-0.051809
-0.060661
-0.069681
-0.074728
-0.078223
-0.082068
-0.084915
-0.089055
-0.093315
-0.096487
-0.099391
-0.103934
-0.108935
-0.113577
-0.118454
-0.122352
-0.125905
-0.129742
-0.133433
-0.139386
-0.146262
-0.152894
-0.160093
-0.166693
-0.173279
-0.180477
-0.187865
-0.194104
-0.200008
-0.206163
-0.212147
-0.218772
-0.225617
-0.232258
-0.238984
-0.243376
-0.246794
-0.250398
-0.253377
-0.256940
-0.260478
-0.263345
-0.265978
-0.269672
-0.273636
-0.277306
-0.281089
-0.284192
-0.287028
-0.290008
-0.292853
-0.296608
-0.300701
-0.304616
-0.308710
-0.312499
-0.316224
-0.320146
-0.324089
-0.327439
-0.330566
-0.333743
-0.336774
-0.340029
-0.343315
-0.346441
-0.349538
-0.354143
-0.359358
-0.364477
-0.370000
-0.375082
-0.380155
-0.385665
-0.391311
-0.396377
-0.401306
-0.406404
-0.411448
-0.416892
-0.422498
-0.428033
-0.433656
-0.438485
-0.443011
-0.447662
-0.452139
-0.456870
-0.461642
-0.466223
-0.470770
-0.475774
-0.480935
-0.486039
-0.491241
-0.496242
-0.501198
-0.506263
-0.511332
-0.510643
-0.507518
-0.504645
-0.500129
-0.497046
-0.493830
-0.488852
-0.483214
-0.479728
-0.476662
-0.472805
-0.469037
-0.463594
-0.457397
-0.451357
-0.444853
-0.440922
-0.437886
-0.434260
-0.431075
-0.426876
-0.422389
-0.418398
-0.414376
-0.408603
-0.402123
-0.395689
-0.388759
-0.382374
-0.375992
-0.369073
-0.361985
-0.357508
-0.354007
-0.350213
-0.347028
-0.342889
-0.338599
-0.334977
-0.331469
-0.326827
-0.321827
-0.316997
-0.311952
-0.307490
-0.303193
-0.298649
-0.294139
-0.287980
-0.281107
-0.274340
-0.267108
-0.260234
-0.253306
-0.245883
-0.238262
-0.231375
-0.224653
-0.217692
-0.210784
-0.203362
-0.195721
-0.188156
-0.180466
-0.175802
-0.172375
-0.168689
-0.165792
-0.162067
-0.158333
-0.155449
-0.152836
-0.148864
-0.144531
-0.140543
-0.136388
-0.133073
-0.130074
-0.126870
-0.123815
-0.119426
-0.114517
-0.109820
-0.104827
-0.100236
-0.095700
-0.090844
-0.085919
-0.081784
-0.077918
-0.073946
-0.070138
-0.065977
-0.061733
-0.057673
-0.053614
-0.047749
-0.041135
-0.034603
-0.027562
-0.021018
-0.014455
-0.007346
-0.000048
0.006607
0.013136
0.019892
0.026617
0.033839
0.041283
0.048676
0.056203
0.062808
0.069078
0.075526
0.081796
0.088401
0.095083
0.101567
0.108039
0.115087
0.122352
0.129578
0.136950
0.144112
0.151249
0.158545
0.165876
0.165297
0.161385
0.157851
0.152078
0.148303
0.144370
0.138036
0.130819
0.126601
0.122991
0.118317
0.113794
0.106987
0.099166
0.091590
0.083402
0.078776
0.075404
0.071247
0.067721
0.062828
0.057566
0.053010
0.048437
0.041482
0.033580
0.025768
0.017299
0.009604
0.001939
-0.006438
-0.015023
-0.019959
-0.023516
-0.027450
-0.030512
-0.034869
-0.039407
-0.042990
-0.046389
-0.051332
-0.056746
-0.061894
-0.067313
-0.071896
-0.076223
-0.080863
-0.085429
-0.092252
-0.100033
-0.107642
-0.115866
-0.123567
-0.131314
-0.139720
-0.148372
-0.155980
-0.163330
-0.170985
-0.178539
-0.186776
-0.195288
-0.203668
-0.212193
-0.204193
-0.189217
-0.175102
-0.156334
-0.141670
-0.126663
-0.106670
-0.084829
-0.069480
-0.055500
-0.039287
-0.023453
-0.002803
0.019956
0.042133
0.065561
0.081852
0.095631
0.111007
0.125130
0.141985
0.159584
0.175781
0.192019
0.213086
0.236079
0.258896
0.283051
0.305651
0.328198
0.352196
0.376623
0.392782
0.405777
0.419583
0.431377
0.446016
0.461008
0.473800
0.486123
0.501919
0.518740
0.534908
0.551646
0.566437
0.580598
0.595428
0.610041
0.629616
0.651273
0.672496
0.695035
0.716369
0.737760
0.760563
0.783865
0.804796
0.825102
0.846039
0.866700
0.888832
0.911527
0.933878
0.956503
0.935519
0.896072
0.858785
0.809147
0.770238
0.730336
0.677203
0.619111
0.577976
0.540331
0.496717
0.453993
0.398501
0.337362
0.277648
0.214543
0.170200
0.132403
0.090298
0.051412
0.005215
-0.043041
-0.087682
-0.132523
-0.190207
-0.253065
-0.315549
-0.381659
-0.443754
-0.505799
-0.571767
-0.638957
-0.585083
-0.480684
-0.382800
-0.251193
-0.151277
-0.049731
0.088038
0.238629
0.342516
0.436375
0.545807
0.652221
0.792949
0.948511
1.099594
1.259355
1.363009
1.446381
1.541122
1.625254
1.729809
1.839286
1.936991
2.034157
2.167423
2.314550
2.459468
2.613765
2.755250
2.895444
3.045882
3.198716
3.325115
3.442475
3.563537
3.679138
3.806495
3.936687
4.060749
4.184777
4.320282
4.460006
4.599151
4.741241
4.878666
5.015425
5.155430
5.296011
6.094076
7.172512
8.223221
9.463139
10.545130
11.645654
12.948629
14.329709
15.415899
16.434653
17.548581
18.640179
19.937833
21.322777
22.676477
24.079607
26.228986
28.715746
31.221252
33.971855
36.578575
39.240914
42.163324
45.207220
41.949256
36.094338
30.638957
23.469311
22.050028
22.316487
20.563634
19.350433
17.812589
16.175674
15.095341
14.171029
13.224306
12.400098
11.742788
11.211531
10.356376
9.440146
8.669694
7.898352
7.374499
6.970970
6.557009
6.221200
5.694851
5.122945
4.640074
4.153562
3.783651
3.471074
3.150410
2.865518
2.780254
2.795840
2.839785
2.964194
3.071414
3.212028
3.436904
3.711462
3.501366
3.117256
2.806141
2.393220
2.169989
1.987494
1.692014
1.387634
1.326486
1.352699
1.358315
1.421860
1.383973
1.327893
1.335990
1.352128
1.227016
1.052368
0.892643
0.701097
0.570725
0.453050
0.299917
0.144123
0.039858
-0.047484
-0.140082
-0.221530
-0.328669
-0.442072
-0.542866
-0.643950
-0.629829
-0.565489
-0.506316
-0.413610
-0.345314
-0.272238
-0.163437
-0.039780
0.037108
0.104840
0.190252
0.273943
0.393727
0.529935
0.662947
0.806116
0.787363
0.704134
0.638377
0.532693
0.474872
0.420556
0.322984
0.213719
0.182524
0.174488
0.150637
0.139176
0.084734
0.016135
-0.037910
-0.096948
-0.081631
-0.035475
0.002422
0.059131
0.097498
0.136001
0.194702
0.260119
0.286178
0.300775
0.324182
0.341799
0.381371
0.428504
0.468766
0.511974
0.503343
0.473308
0.448501
0.410400
0.385569
0.360709
0.321555
0.277712
0.259701
0.248970
0.232157
0.218903
0.190661
0.157065
0.127751
0.096163
0.083728
0.078832
0.070790
0.066970
0.057656
0.047650
0.042227
0.037847
0.021622
0.001331
-0.017333
-0.038463
-0.054357
-0.069007
-0.086423
-0.103879
-0.104869
-0.099164
-0.094233
-0.084749
-0.080130
-0.075529
-0.066014
-0.054930
-0.049487
-0.045188
-0.038984
-0.033104
-0.022898
-0.010802
0.000789
0.013509
0.016985
0.017003
0.018584
0.018231
0.021030
0.024429
0.025702
0.026685
0.033080
0.041417
0.049203
0.058239
0.065049
0.071439
0.079213
0.087144
0.089977
0.090860
0.092136
0.092125
0.093916
0.095913
0.096503
0.096782
0.098918
0.101551
0.103770
0.106242
0.107547
0.108430
0.109621
0.110623
0.114986
0.120721
0.126118
0.132370
0.137722
0.143056
0.149311
0.155854
0.160756
0.165191
0.170003
0.174583
0.180110
0.185971
0.191554
0.197276
0.193669
0.186128
0.179130
0.169533
0.162244
0.154777
0.144523
0.133244
0.125767
0.119134
0.111253
0.103639
0.093299
0.081791
0.070666
0.058870
0.050986
0.044492
0.037137
0.030481
0.022359
0.013850
0.006121
-0.001613
-0.011988
-0.023407
-0.034711
-0.046734
-0.057886
-0.068992
-0.080880
-0.092987
-0.100084
-0.105236
-0.110836
-0.115185
-0.121190
-0.127361
-0.132169
-0.136650
-0.143193
-0.150315
-0.156999
-0.163987
-0.169756
-0.175102
-0.180812
-0.186349
-0.194791
-0.204428
-0.213763
-0.223837
-0.233154
-0.242463
-0.252567
-0.262926
-0.271830
-0.280318
-0.289139
-0.297752
-0.307198
-0.316935
-0.326425
-0.336034
-0.321142
-0.295855
-0.271746
-0.240673
-0.215579
-0.189890
-0.156743
-0.120778
-0.094297
-0.069741
-0.041799
-0.014322
0.020355
0.058238
0.095355
0.134410
0.162988
0.187935
0.215334
0.240966
0.270732
0.301689
0.330657
0.359775
0.396128
0.435419
0.474537
0.515724
0.554698
0.593682
0.634902
0.676844
0.706711
0.732016
0.758606
0.782327
0.810329
0.838944
0.864414
0.889287
0.919360
0.951032
0.981837
1.013573
1.042537
1.070666
1.099872
1.128851
1.165231
1.204768
1.243759
1.284782
1.324121
1.363638
1.405325
1.447841
1.486958
1.525247
1.564557
1.603554
1.644809
1.686987
1.728751
1.771011
1.741313
1.681185
1.624670
1.547812
1.488746
1.428101
1.345659
1.255087
1.192530
1.135775
1.069223
1.004188
0.918135
0.822813
0.729890
0.631417
0.564052
0.507578
0.444037
0.385886
0.315694
0.242156
0.174661
0.106895
0.017950
-0.079493
-0.176256
-0.278955
-0.374952
-0.470806
-0.573088
-0.677330
-0.690807
-0.667264
-0.649713
-0.607753
-0.591584
-0.575586
-0.533256
-0.482532
-0.467701
-0.461422
-0.444698
-0.431336
-0.393432
-0.345554
-0.302134
-0.253337
-0.249956
-0.263852
-0.270261
-0.286388
-0.287788
-0.286682
-0.296212
-0.307535
-0.292095
-0.267232
-0.245464
-0.217763
-0.201446
-0.187521
-0.166988
-0.145970
-0.096746
-0.034593
0.026899
0.097155
0.163020
0.231053
0.308343
0.390122
0.460541
0.529212
0.603093
0.677169
0.761015
0.849662
0.938130
1.029807
1.282723
1.605730
1.925104
2.292853
2.624464
2.962983
3.353106
3.764597
4.120495
4.468215
4.840862
5.214396
5.637081
6.083733
6.529383
6.991043
8.824380
11.248758
13.630560
16.416461
18.884479
21.402098
24.351395
27.473953
26.544755
24.018447
21.849621
18.655436
16.737048
14.918865
11.987096
8.763551
7.902151
7.791190
7.267495
7.169974
5.889256
4.261097
3.121837
1.902497
1.604217
1.712089
1.701238
1.927730
2.002934
2.112415
2.473166
2.940874
2.688081
2.205446
1.866591
1.404914
1.294379
1.290923
1.146328
1.029038
1.297753
1.728561
2.169872
2.732484
3.184620
3.647704
4.241203
4.883626
4.826504
4.508465
4.272267
3.874549
3.731839
3.630609
3.351834
3.043955
3.048581
3.153740
3.213885
3.335079
3.299563
3.221208
3.212448
3.196632
3.682764
4.386536
5.061915
5.880353
6.591410
7.320810
8.202705
9.146710
9.928588
10.686735
11.517380
12.350584
13.327534
14.374524
15.418542
16.509337
18.731700
21.457146
24.182204
27.262669
30.111838
33.029098
36.324235
39.787574
41.717986
43.114977
44.755182
46.086585
43.430476
38.958737
34.341194
28.388548
26.189465
24.946427
22.158334
19.558302
17.930394
16.640645
15.491379
14.663291
13.307908
11.893546
10.835510
9.845616
9.328174
9.081423
8.887672
8.893350
8.076736
7.009306
6.184193
5.257579
4.734013
4.360038
3.865539
3.432535
3.265264
3.227116
3.240212
3.363760
3.444385
3.563932
3.800073
4.099518
3.775149
3.227360
2.772926
2.187460
1.848001
1.561700
1.129895
0.687138
0.554568
0.533442
0.486449
0.513519
0.411184
0.285754
0.242367
0.209364
0.250008
0.335542
0.429302
0.555397
0.698142
0.863996
1.062669
1.287898
1.483334
1.682013
1.909728
2.148163
2.428708
2.735269
3.051342
3.388112
3.262327
2.950433
2.679983
2.290975
2.036485
1.788062
1.411441
0.997358
0.788696
0.636309
0.435268
0.261648
-0.035695
-0.377985
-0.686941
-1.015878
-0.984129
-0.804742
-0.661325
-0.425836
-0.286564
-0.148896
0.087946
0.356047
0.448519
0.491411
0.575021
0.634126
0.795141
0.992347
1.160115
1.343108
1.683626
2.095187
2.515482
2.989467
3.430699
3.884080
4.394519
4.931460
5.910883
7.097042
8.292011
9.634462
11.021596
12.497788
14.124792
15.862432
19.422935
23.826876
28.267947
33.313085
37.323744
41.181241
36.335526
27.605305
26.208002
25.188927
19.763399
13.416658
12.073122
11.960146
10.642823
9.919497
8.498913
6.932473
6.001414
5.198525
4.760480
4.605017
4.571550
4.761049
4.265519
3.595915
3.187622
2.736405
2.697902
2.842563
2.927072
3.115523
2.749276
2.189345
1.760449
1.237809
0.929354
0.681978
0.329368
-0.016716
0.026820
0.228053
0.418406
0.719285
0.900084
1.080432
1.380284
1.718058
1.535547
1.162082
0.851254
0.422502
0.191644
-0.003639
-0.329029
-0.672152
-0.785515
-0.823202
-0.890188
-0.909848
-1.041148
-1.200876
-1.307033
-1.415539
-1.353901
-1.215295
-1.086030
-0.906656
-0.754600
-0.591674
-0.375772
-0.135129
0.025398
0.169040
0.342169
0.511448
0.739413
0.993666
1.241639
1.505473
1.448914
1.262796
1.106862
0.869131
0.722129
0.578598
0.346721
0.088487
-0.022082
-0.091527
-0.195324
-0.278831
-0.449590
-0.651603
-0.829123
-1.020107
-1.066780
-1.055767
-1.064717
-1.039848
-1.055259
-1.074074
-1.056302
-1.028823
-1.082933
-1.163336
-1.229882
-1.311492
-1.353149
-1.383399
-1.430855
-1.476057
-1.449491
-1.393154
-1.337715
-1.261106
-1.204968
-1.147715
-1.067673
-0.979580
-0.911002
-0.844541
-0.768723
-0.691982
-0.596060
-0.490554
-0.384845
-0.272528
-0.202779
-0.148026
-0.084594
-0.029003
0.043190
0.119692
0.187429
0.255214
0.349607
0.454415
0.558055
0.668898
0.770690
0.871882
0.980911
1.092034
1.096413
1.057185
1.024791
0.963565
0.932560
0.901627
0.839600
0.767577
0.737370
0.716978
0.684188
0.655150
0.597189
0.527367
0.462578
0.391309
0.373521
0.375986
0.369477
0.374304
0.361582
0.345755
0.342347
0.340910
0.307767
0.263372
0.222482
0.174455
0.139716
0.107658
0.067665
0.026959
0.033874
0.059878
0.083028
0.118950
0.140261
0.161037
0.195644
0.234337
0.255743
0.273172
0.295687
0.316673
0.349867
0.388077
0.424218
0.463121
0.474941
0.476311
0.481694
0.481018
0.488887
0.497977
0.500460
0.501608
0.517873
0.539244
0.558530
0.580922
0.596401
0.610173
0.627442
0.644668
0.643236
0.634215
0.625981
0.612550
0.604657
0.596768
0.583266
0.567966
0.558831
0.550882
0.540760
0.530922
0.516202
0.499309
0.482903
0.465168
0.458123
0.455055
0.450156
0.447472
0.441093
0.433986
0.429318
0.424956
0.414321
0.401419
0.389123
0.375357
0.364136
0.353373
0.340984
0.328388
0.320991
0.315536
0.309629
0.304991
0.298407
0.291541
0.286069
0.280851
0.273712
0.266021
0.258688
0.251046
0.244530
0.238386
0.231876
0.225504
0.215511
0.204004
0.192792
0.180613
0.169331
0.158009
0.145650
0.132925
0.121870
0.111244
0.100160
0.089259
0.077296
0.064919
0.052773
0.040419
0.041218
0.047539
0.053080
0.062270
0.068145
0.074235
0.084240
0.095660
0.101736
0.106615
0.113221
0.119435
0.129458
0.141100
0.152187
0.164199
0.170565
0.174903
0.180439
0.184936
0.191506
0.198598
0.204535
0.210444
0.220095
0.231202
0.242110
0.254013
0.264634
0.275155
0.286759
0.298641
0.303588
0.305830
0.308668
0.309757
0.313115
0.316683
0.318347
0.319540
0.323547
0.328328
0.332484
0.337036
0.339888
0.342136
0.344861
0.347327
0.353798
0.361902
0.369568
0.378237
0.385834
0.393398
0.402044
0.411021
0.417962
0.424306
0.431089
0.437565
0.445171
0.453161
0.460787
0.468557
0.470553
0.470122
0.470085
0.468468
0.468278
0.467995
0.466018
0.463427
0.463328
0.463823
0.463562
0.463521
0.461788
0.459358
0.457223
0.454708
0.454508
0.455146
0.455293
0.455869
0.455614
0.455156
0.455173
0.455210
0.453696
0.451582
0.449558
0.447128
0.445234
0.443388
0.441098
0.438698
0.439735
0.442135
0.444270
0.447295
0.449249
0.451137
0.453990
0.457110
0.458859
0.460252
0.461988
0.463557
0.466000
0.468774
0.471340
0.474066
0.474895
0.474971
0.475292
0.475162
0.475580
0.476046
0.476024
0.475875
0.476744
0.477934
0.478945
0.480138
0.480819
0.481347
0.482084
0.482785
0.483734
0.484792
0.485804
0.486874
0.487912
0.488960
0.490069
0.491204
0.492140
0.493010
0.493917
0.494788
0.495751
0.496740
0.497688
0.498640
0.499619
0.500609
0.501601
0.502603
0.503589
0.504573
0.505567
0.506562
0.507564
0.508569
0.509577
0.510587
0.511601
0.512617
0.513637
0.514660
0.515269
0.515703
0.516158
0.516496
0.516939
0.517374
0.517684
0.517948
0.518373
0.518830
0.519233
0.519644
0.519936
0.520175
0.520428
0.520650
0.521055
0.521525
0.521956
0.522418
0.522811
0.523186
0.523597
0.524008
0.524295
0.524535
0.524779
0.524990
0.525241
0.525494
0.525710
0.525916
0.526465
0.527151
0.527812
0.528562
0.529208
0.529850
0.530588
0.531354
0.531983
0.532577
0.533206
0.533819
0.534522
0.535258
0.535975
0.536708
0.537259
0.537738
0.538241
0.538703
0.539219
0.539740
0.540216
0.540681
0.541246
0.541844
0.542426
0.543028
0.543580
0.544119
0.544680
0.545239
0.545647
0.545992
0.546342
0.546648
0.546995
0.547339
0.547637
0.547918
0.548248
0.548585
0.548903
0.549221
0.549497
0.549754
0.550013
0.550259
0.550585
0.550940
0.551278
0.551631
0.551953
0.552267
0.552597
0.552928
0.553207
0.553466
0.553728
0.553976
0.554241
0.554507
0.554759
0.555006
0.553496
0.551235
0.549046
0.546348
0.544069
0.541737
0.538863
0.535776
0.533350
0.531047
0.528493
0.525959
0.522903
0.519608
0.516355
0.512953
0.510295
0.507889
0.505297
0.502822
0.500038
0.497158
0.494412
0.491644
0.488347
0.484827
0.481310
0.477634
0.474107
0.470570
0.466861
0.463090
0.460152
0.457520
0.454787
0.452243
0.449387
0.446476
0.443773
0.441100
0.438052
0.434882
0.431760
0.428561
0.425544
0.422573
0.419515
0.416461
0.412876
0.409058
0.405267
0.401320
0.397481
0.393617
0.389589
0.385490
0.381619
0.377793
0.373885
0.369986
0.365917
0.361771
0.357643
0.353468
0.350117
0.347098
0.343994
0.341098
0.337963
0.334814
0.331889
0.329028
0.325777
0.322413
0.319134
0.315798
0.312682
0.309643
0.306535
0.303457
0.300005
0.296399
0.292840
0.289190
0.285638
0.282090
0.278443
0.274766
0.271294
0.267885
0.264436
0.261020
0.257497
0.253940
0.250423
0.246895
0.242846
0.238576
0.234318
0.229905
0.225621
0.221320
0.216854
0.212324
0.207963
0.203628
0.199217
0.194804
0.190240
0.185602
0.180967
0.176283
0.171847
0.167494
0.163079
0.158702
0.154221
0.149707
0.145237
0.140759
0.136108
0.131385
0.126662
0.121886
0.117158
0.112426
0.107637
0.102828
0.098922
0.095386
0.091789
0.088434
0.084823
0.081211
0.077860
0.074593
0.070965
0.067249
0.063638
0.059992
0.056591
0.053290
0.049942
0.046648
0.042906
0.038994
0.035155
0.031221
0.027431
0.023666
0.019796
0.015908
0.012284
0.008753
0.005191
0.001688
-0.001928
-0.005568
-0.009142
-0.012712
-0.016703
-0.020864
-0.025001
-0.029253
-0.033378
-0.037501
-0.041748
-0.046032
-0.050165
-0.054265
-0.058411
-0.062546
-0.066791
-0.071081
-0.075355
-0.079655
-0.083721
-0.087697
-0.091711
-0.095673
-0.099712
-0.103764
-0.107760
-0.111746
-0.115867
-0.120034
-0.124185
-0.128365
-0.132487
-0.136596
-0.140737
-0.144880
-0.149568
-0.154492
-0.159394
-0.164456
-0.169396
-0.174358
-0.179489
-0.184690
-0.189680
-0.194632
-0.199665
-0.204693
-0.209888
-0.215160
-0.220420
-0.225729
-0.230828
-0.235860
-0.240951
-0.246013
-0.251168
-0.256355
-0.261509
-0.266674
-0.271999
-0.277394
-0.282793
-0.288243
-0.293654
-0.299073
-0.304548
-0.310045
-0.315257
-0.320365
-0.325509
-0.330590
-0.335778
-0.340986
-0.346123
-0.351251
-0.356511
-0.361816
-0.367104
-0.372421
-0.377675
-0.382915
-0.388186
-0.393457
-0.398908
-0.404439
-0.409962
-0.415539
-0.421081
-0.426633
-0.432242
-0.437875
-0.443433
-0.448977
-0.454550
-0.460121
-0.465751
-0.471408
-0.477060
-0.482729
