0.248424
0.243823
0.239453
0.233622
0.229033
0.224312
0.218026
0.211144
0.206214
0.201669
0.196410
0.191235
0.184553
0.177194
0.169981
0.162353
0.156922
0.152246
0.147048
0.142213
0.136500
0.130527
0.124966
0.119365
0.112236
0.104483
0.096758
0.088591
0.080880
0.073160
0.064962
0.056604
0.050707
0.045732
0.040482
0.035808
0.030243
0.024539
0.019467
0.014505
0.008468
0.002092
-0.004119
-0.010532
-0.016391
-0.022092
-0.028025
-0.033924
-0.041356
-0.049449
-0.057442
-0.065866
-0.073955
-0.082093
-0.090689
-0.099468
-0.107561
-0.115497
-0.123655
-0.131760
-0.140343
-0.149126
-0.157838
-0.166663
-0.173067
-0.178486
-0.184127
-0.189145
-0.194835
-0.200543
-0.205579
-0.210408
-0.216349
-0.222596
-0.228576
-0.234703
-0.240162
-0.245379
-0.250775
-0.256062
-0.262417
-0.269194
-0.275815
-0.282680
-0.289238
-0.295764
-0.302554
-0.309409
-0.315647
-0.321680
-0.327810
-0.333819
-0.340119
-0.346496
-0.352737
-0.358987
-0.366731
-0.375099
-0.383412
-0.392152
-0.400497
-0.408869
-0.417700
-0.426696
-0.435175
-0.443560
-0.452143
-0.460711
-0.469699
-0.478880
-0.488029
-0.497299
-0.505827
-0.514092
-0.522514
-0.530801
-0.539374
-0.548020
-0.556517
-0.565014
-0.573993
-0.583162
-0.592310
-0.601589
-0.610706
-0.619814
-0.629065
-0.638355
-0.637537
-0.632453
-0.627846
-0.620372
-0.615429
-0.610270
-0.602038
-0.592665
-0.587133
-0.582375
-0.576246
-0.570303
-0.561428
-0.551249
-0.541378
-0.530715
-0.524554
-0.519970
-0.514376
-0.509567
-0.503016
-0.495984
-0.489833
-0.483647
-0.474425
-0.463987
-0.453651
-0.442468
-0.432254
-0.422065
-0.410958
-0.399575
-0.392904
-0.388012
-0.382624
-0.378357
-0.372410
-0.366221
-0.361262
-0.356535
-0.349797
-0.342443
-0.335426
-0.328049
-0.321750
-0.315775
-0.309386
-0.303087
-0.293868
-0.283405
-0.273158
-0.262111
-0.251731
-0.241283
-0.229980
-0.218351
-0.208062
-0.198099
-0.187736
-0.177496
-0.166368
-0.154878
-0.143551
-0.132030
-0.125695
-0.121493
-0.116867
-0.113610
-0.108963
-0.104319
-0.101149
-0.098461
-0.093468
-0.087877
-0.082896
-0.077649
-0.073859
-0.070629
-0.067066
-0.063779
-0.058245
-0.051849
-0.045832
-0.039334
-0.033540
-0.027860
-0.021655
-0.015355
-0.010420
-0.005965
-0.001348
0.002968
0.007863
0.012880
0.017563
0.022221
0.029962
0.038968
0.047814
0.057511
0.066337
0.075174
0.084928
0.094985
0.103919
0.112613
0.121677
0.130667
0.140492
0.150676
0.160751
0.171037
0.179720
0.187808
0.196181
0.204229
0.212829
0.221543
0.229896
0.238208
0.247487
0.257119
0.266664
0.276439
0.285832
0.295162
0.304746
0.314368
0.308354
0.295733
0.283826
0.267472
0.255023
0.242226
0.224662
0.205320
0.191876
0.179603
0.165198
0.151059
0.132380
0.111668
0.091410
0.069912
0.055388
0.043299
0.029629
0.017166
0.001982
-0.013962
-0.028552
-0.043210
-0.062592
-0.083871
-0.105006
-0.127470
-0.148444
-0.169392
-0.191778
-0.214605
-0.230232
-0.243154
-0.256856
-0.268859
-0.283458
-0.298447
-0.311573
-0.324364
-0.340251
-0.357101
-0.373456
-0.390379
-0.405674
-0.420490
-0.435962
-0.451315
-0.471169
-0.492952
-0.514423
-0.537143
-0.558858
-0.580697
-0.603869
-0.627560
-0.649215
-0.670389
-0.692198
-0.713836
-0.736858
-0.760456
-0.783823
-0.807507
-0.790117
-0.755375
-0.722730
-0.678497
-0.644455
-0.609540
-0.562207
-0.510260
-0.474361
-0.441812
-0.403697
-0.366482
-0.317290
-0.262834
-0.209783
-0.153595
-0.115191
-0.083032
-0.046870
-0.013815
0.026081
0.067856
0.106153
0.144574
0.195054
0.250354
0.305237
0.363477
0.417861
0.472133
0.530045
0.589044
0.571237
0.521643
0.476516
0.410262
0.364754
0.318647
0.249810
0.173217
0.126495
0.086441
0.036890
-0.010414
-0.079114
-0.156870
-0.231454
-0.311196
-0.298613
-0.248828
-0.208338
-0.144595
-0.107139
-0.070956
-0.009641
0.058987
0.083808
0.096077
0.118005
0.133523
0.174125
0.223418
0.265071
0.310202
0.522389
0.806479
1.086905
1.417157
1.707865
2.004708
2.354804
2.726248
3.078086
3.437225
3.819730
4.213522
4.648214
5.108072
5.578037
6.068427
8.417822
11.568861
14.660969
18.300513
21.511496
24.790423
28.654047
32.752918
33.033725
31.862110
31.103281
29.435175
26.014606
21.465980
16.054936
9.562747
8.974595
10.300634
10.246091
11.126306
9.297357
6.607518
4.991148
3.141239
2.769172
3.030153
2.994193
3.285029
3.321432
3.371271
3.768009
4.291707
3.773104
2.907233
2.220483
1.336846
0.930048
0.652848
0.152699
-0.331090
-0.297257
-0.059120
0.171863
0.550353
0.751477
0.945498
1.299804
1.700201
1.530811
1.157550
0.857841
0.433557
0.239157
0.091982
-0.193477
-0.491301
-0.536886
-0.495581
-0.479052
-0.405638
-0.446730
-0.512511
-0.514666
-0.513443
-0.405529
-0.243899
-0.082865
0.114384
0.308125
0.517281
0.764073
1.033731
1.254093
1.468181
1.708363
1.951489
2.239434
2.550593
2.863073
3.191740
3.117178
2.878768
2.674511
2.365305
2.169516
1.976422
1.670070
1.328801
1.165212
1.048871
0.887822
0.748706
0.499490
0.208972
-0.054451
-0.337358
-0.220484
0.060234
0.303761
0.650575
0.890275
1.128862
1.478691
1.863990
2.061140
2.206633
2.397839
2.564367
2.843443
3.163685
3.453890
3.762523
4.051172
4.336772
4.642072
4.952208
5.275474
5.608678
5.946480
6.292287
7.658523
9.463187
11.232176
13.299491
15.128260
16.991550
19.173660
21.482345
26.947497
33.848792
40.747552
48.652465
46.101489
39.572790
34.536426
27.163865
24.791506
23.609968
19.806340
15.974524
13.827169
12.105687
10.261560
8.743185
7.345002
6.137626
5.261301
4.627979
4.235042
4.093319
4.195410
4.544420
4.087723
3.429726
3.064008
2.643006
2.723260
3.021838
3.243900
3.588791
3.192477
2.530240
2.026502
1.387104
1.019960
0.721869
0.272869
-0.179155
-0.137207
0.097527
0.306634
0.647486
0.820194
0.980379
1.283989
1.624952
1.523897
1.267455
1.069879
0.777729
0.671171
0.605497
0.434389
0.257230
0.273965
0.359202
0.428978
0.544806
0.576126
0.591430
0.657929
0.729757
1.230613
1.921938
2.600689
3.408776
4.133271
4.881475
5.767068
6.713377
7.264236
7.689832
8.196423
8.636904
9.271847
9.967130
10.586236
11.221797
13.580320
16.671604
19.705028
23.239658
23.773434
23.259100
23.392525
22.992651
21.969415
20.499619
18.509795
16.023429
13.381758
10.386253
6.879306
2.972487
2.554049
3.378366
3.634277
4.600087
4.189440
3.465595
3.531445
3.640787
3.192145
2.610084
2.103378
1.507129
1.325255
1.285716
1.136217
1.050508
0.832172
0.575654
0.390013
0.202595
0.074204
-0.022398
-0.122823
-0.203728
-0.107208
0.073548
0.266831
0.523706
0.754769
1.005975
1.324221
1.677700
1.553479
1.249607
1.003335
0.646802
0.459484
0.298596
0.016730
-0.286308
-0.368001
-0.378245
-0.420910
-0.420450
-0.530072
-0.669756
-0.760311
-0.855705
-0.872923
-0.853942
-0.842952
-0.810120
-0.785986
-0.756163
-0.703419
-0.639178
-0.623369
-0.620353
-0.603165
-0.591070
-0.549499
-0.496272
-0.449476
-0.396832
-0.343876
-0.288729
-0.227592
-0.162848
-0.094617
-0.022577
0.053095
0.132467
0.222570
0.319358
0.419541
0.525438
0.633309
0.745057
0.862662
0.984784
0.964000
0.885147
0.817179
0.711498
0.646490
0.582269
0.477341
0.359768
0.301983
0.259401
0.200828
0.148907
0.058312
-0.047313
-0.144514
-0.249268
-0.284793
-0.293509
-0.312962
-0.317091
-0.342575
-0.371102
-0.382929
-0.391339
-0.439888
-0.502147
-0.559003
-0.624236
-0.671482
-0.714428
-0.766778
-0.819209
-0.799057
-0.749055
-0.702341
-0.635353
-0.588880
-0.541982
-0.473238
-0.397173
-0.346457
-0.300783
-0.246264
-0.193027
-0.120166
-0.038618
0.040825
0.125521
0.171656
0.203623
0.242673
0.274015
0.319016
0.366968
0.406407
0.445052
0.507144
0.577938
0.646833
0.721481
0.787130
0.851444
0.922086
0.993842
0.996076
0.969921
0.947967
0.907135
0.886120
0.865135
0.823788
0.775889
0.754544
0.739272
0.715911
0.694766
0.654876
0.607191
0.562544
0.513553
0.500156
0.500191
0.494217
0.495751
0.485479
0.473067
0.468886
0.465955
0.441940
0.410412
0.381151
0.347101
0.321823
0.298272
0.269404
0.240012
0.239803
0.251202
0.260758
0.278060
0.286188
0.293848
0.309907
0.328349
0.336161
0.341455
0.349742
0.356996
0.371602
0.389171
0.405378
0.423172
0.423964
0.418122
0.414645
0.407265
0.405090
0.403553
0.397769
0.391028
0.393553
0.399123
0.403269
0.409218
0.410738
0.411067
0.413441
0.415659
0.414361
0.411709
0.409063
0.405413
0.403085
0.400849
0.397518
0.393903
0.390897
0.387900
0.384576
0.381182
0.377043
0.372519
0.367952
0.363108
0.361232
0.360484
0.359321
0.358825
0.357334
0.355688
0.354772
0.353989
0.351651
0.348791
0.346141
0.343171
0.340922
0.338854
0.336424
0.334002
0.356013
0.388386
0.419709
0.458030
0.490322
0.523218
0.563608
0.606830
0.640935
0.673282
0.709015
0.744398
0.786918
0.832670
0.877779
0.924885
0.961166
0.993708
1.028779
1.062027
1.099586
1.138394
1.175149
1.212072
1.256427
1.303806
1.351022
1.400373
1.771638
2.280861
0.301514
-2.637976
9.218573
-1.005818
2.312723
2.613064
2.878755
3.149388
3.466266
3.801469
4.081310
4.351078
4.642569
4.932721
5.267487
5.622909
5.975193
6.340546
6.619407
6.867258
7.132341
7.381067
7.662119
7.951085
8.221860
8.492028
8.852153
9.248345
9.639883
10.055869
10.443981
10.831196
11.244883
11.666462
12.620731
13.808161
14.981003
16.313306
17.620690
18.990653
20.526644
22.159965
24.482298
27.160996
29.912059
32.933869
36.832350
41.238391
38.305084
32.579583
32.871861
33.639068
31.198095
28.251827
25.417160
22.053479
18.136426
13.747828
13.070808
13.693484
13.663607
14.358142
13.542009
12.353462
11.974753
11.606146
10.964471
10.297093
9.658382
8.990909
8.643372
8.421523
8.156334
7.965482
7.709247
7.455438
7.281055
7.134680
7.061038
7.039880
7.045211
7.094109
6.895372
6.614486
6.389588
6.123795
5.967038
5.843441
5.673254
5.510328
5.504636
5.564316
5.624363
5.731849
5.793987
5.859100
5.975279
6.109779
6.391839
6.750678
7.122525
7.551512
7.977352
8.430008
8.942051
9.491597
10.003282
10.522720
11.083083
11.660484
12.300264
12.978903
13.672814
14.398040
15.561283
16.927192
18.306752
19.833474
21.288043
22.782319
24.432152
26.159141
28.733826
31.721832
34.754395
38.089366
41.338271
44.696985
48.372809
52.225906
50.738686
47.095827
43.869250
39.244156
36.176572
33.160421
28.632723
23.650891
21.458529
20.080208
18.099499
16.539322
16.488935
17.214239
16.237200
15.059189
23.353320
12.309424
13.320392
11.401615
10.830595
10.736607
10.203327
9.849386
9.046677
8.090544
7.335915
6.547609
5.904414
5.328519
4.713107
4.127784
3.764151
3.504761
3.266645
3.109907
2.915803
2.746188
2.662591
2.623115
2.557360
2.510208
2.510543
2.537020
2.637323
2.786317
2.959566
3.173770
3.058781
2.825481
2.648963
2.406305
2.289331
2.200853
2.038943
1.872449
1.890251
1.976548
2.049571
2.168557
2.216394
2.254090
2.342329
2.439788
2.353673
2.199121
2.062430
1.881829
1.769663
1.667931
1.517937
1.359543
1.273631
1.209513
1.133191
1.069564
0.965903
0.849864
0.748596
0.643574
0.662474
0.733907
0.796228
0.892412
0.959465
1.029026
1.134824
1.254132
1.317333
1.366829
1.433017
1.493943
1.592116
1.705438
1.811841
1.926342
1.884674
1.779619
1.689626
1.559801
1.473383
1.388364
1.260361
1.119319
1.051724
1.004719
0.940709
0.886890
0.790028
0.677828
0.577896
0.471440
0.432640
0.420869
0.399523
0.393934
0.369497
0.343411
0.334372
0.329817
0.286490
0.230572
0.181103
0.124373
0.086407
0.053703
0.012726
-0.027320
-0.047489
-0.059641
-0.071750
-0.077979
-0.090646
-0.103292
-0.109573
-0.113818
-0.122173
-0.130649
-0.136790
-0.142429
-0.143235
-0.141503
-0.139441
-0.135537
-0.145883
-0.161394
-0.174382
-0.190226
-0.200781
-0.210157
-0.222698
-0.235472
-0.239994
-0.241450
-0.243528
-0.243561
-0.246769
-0.250436
-0.251852
-0.252863
-0.252707
-0.251626
-0.250156
-0.247965
-0.244996
-0.241317
-0.236920
-0.231803
-0.226987
-0.221885
-0.216019
-0.209725
-0.202465
-0.194512
-0.186152
-0.177192
-0.166754
-0.155362
-0.143410
-0.130616
-0.117493
-0.103777
-0.089199
-0.073941
-0.058370
-0.042257
-0.025446
-0.008052
0.010166
0.029082
0.048572
0.068722
0.071778
0.067932
0.065509
0.058646
0.056722
0.054970
0.048420
0.040433
0.039816
0.041152
0.040645
0.041049
0.036866
0.030963
0.026187
0.020599
0.023275
0.029206
0.033949
0.040587
0.044796
0.048734
0.054729
0.061214
0.063024
0.063292
0.064287
0.064372
0.066674
0.069570
0.071435
0.073376
0.084414
0.099250
0.113762
0.130880
0.145550
0.160367
0.177983
0.196599
0.212141
0.227139
0.243327
0.259442
0.278088
0.297903
0.317542
0.337921
0.353637
0.367697
0.382724
0.396892
0.412835
0.429233
0.444674
0.460108
0.478530
0.498118
0.517564
0.537812
0.557041
0.576197
0.596227
0.616486
0.617524
0.610583
0.604715
0.593530
0.587486
0.581251
0.569298
0.555367
0.548852
0.543960
0.536655
0.529869
0.517700
0.503228
0.489506
0.474455
0.468526
0.465935
0.461580
0.459004
0.453191
0.446648
0.442072
0.437649
0.427481
0.415149
0.403237
0.389882
0.378657
0.367706
0.355172
0.342318
0.338211
0.337508
0.336084
0.336875
0.334768
0.332388
0.332421
0.333045
0.330221
0.326461
0.323483
0.320033
0.318704
0.318139
0.317001
0.316203
0.310208
0.302100
0.294562
0.285727
0.278299
0.270920
0.262143
0.252943
0.246376
0.240583
0.234228
0.228276
0.220865
0.212962
0.205535
0.197924
0.201349
0.209434
0.216858
0.227353
0.235143
0.243151
0.254450
0.266964
0.274918
0.281848
0.290260
0.298340
0.309663
0.322367
0.334599
0.347621
0.356113
0.362999
0.370893
0.377985
0.386776
0.396020
0.404367
0.412726
0.424167
0.436829
0.449363
0.462742
0.475112
0.487435
0.500675
0.514176
0.521561
0.526562
0.532104
0.536113
0.542126
0.548332
0.552867
0.556994
0.563637
0.570982
0.577783
0.584948
0.590614
0.595756
0.601335
0.606695
0.615569
0.625883
0.635823
0.646650
0.656551
0.666434
0.677272
0.688410
0.697773
0.706623
0.715867
0.724851
0.734835
0.745166
0.755186
0.765342
0.773205
0.780123
0.787278
0.793848
0.801009
0.808173
0.814708
0.821039
0.828523
0.836337
0.843884
0.851595
0.858644
0.865461
0.872473
0.879388
0.887151
0.895249
0.903213
0.911367
0.919284
0.927175
0.935272
0.943418
0.951047
0.958501
0.966031
0.973456
0.981116
0.988835
0.996436
1.004040
1.013367
1.023415
1.033391
1.043856
1.053871
1.063915
1.074485
1.085245
1.095387
1.105409
1.115660
1.125885
1.136599
1.147532
1.158421
1.169446
1.179638
1.189536
1.199609
1.209531
1.219770
1.230090
1.240242
1.250393
1.261087
1.271993
1.282875
1.293903
1.304749
1.315583
1.326577
1.337614
1.359400
1.385795
1.411773
1.440872
1.467453
1.494381
1.524645
1.556224
1.583785
1.610605
1.638987
1.667260
1.698752
1.731728
1.764466
1.798139
1.827318
1.854998
1.883838
1.911993
1.942046
1.972707
2.002588
2.032622
2.065904
2.100558
2.135226
2.170885
2.205666
2.240539
2.276477
2.312819
2.344050
2.373407
2.403411
2.432271
2.463072
2.494231
2.524127
2.553859
2.585923
2.618769
2.651334
2.684393
2.716352
2.748044
2.780293
2.812537
2.848070
2.885059
2.921907
2.959724
2.996907
3.034261
3.072644
3.111479
3.148939
3.186135
3.223866
3.261554
3.300311
3.339559
3.378722
3.418191
3.510832
3.626233
3.739657
3.868537
3.984785
4.102692
4.237127
4.378034
4.499408
4.617256
4.742776
4.867840
5.008714
5.156915
5.304022
5.455771
5.584690
5.705953
5.832998
5.956497
6.089572
6.225672
6.357735
6.490512
6.639595
6.795523
6.951455
7.112323
7.268691
7.425458
7.587529
7.751566
7.934325
8.126534
8.320013
8.520444
8.719785
8.922055
9.131578
9.345443
9.554200
9.763586
9.977745
10.193690
10.134022
9.958424
11.959829
14.804032
4.853005
14.243129
11.804282
12.040883
12.281993
12.526209
12.771986
13.020360
13.275165
13.534089
13.795437
14.060427
14.326772
14.595656
14.868271
15.143808
15.498592
15.888858
16.278762
16.693531
17.092955
17.497464
17.928371
18.371268
18.788129
19.202326
19.630268
20.060052
20.515393
20.983926
21.453375
21.932102
22.641858
23.454360
24.266514
25.151130
25.988726
26.840235
27.768780
28.731645
29.622099
30.505983
31.429128
32.358231
33.360419
34.400654
35.444218
36.514766
37.350132
38.098425
38.884819
39.621718
40.442047
41.278715
42.060853
42.836281
42.005974
40.483514
39.022905
37.094232
35.532207
33.913397
31.794744
29.475624
29.143550
29.510090
29.579466
30.060186
29.719667
29.191008
29.121207
29.071524
28.064956
26.709253
25.419279
23.892338
22.754750
21.678745
20.341175
18.962397
18.513935
18.414313
18.229843
18.271253
17.969400
17.618356
17.515260
17.458267
17.044039
16.525667
16.072391
15.560183
15.252758
15.011744
14.701413
14.414394
14.051344
13.659528
13.294571
12.919510
12.563920
12.214724
11.854443
11.494505
11.216433
10.972182
10.724667
10.500280
10.253019
10.006518
9.784919
9.571850
9.327007
9.075277
8.833945
8.590445
8.370187
8.159904
7.946457
7.738800
7.551135
7.374356
7.202683
7.040399
6.877761
6.719914
6.571842
6.430138
6.326821
6.243857
6.165905
6.103690
6.041104
5.986266
5.947773
5.919825
5.885397
5.854884
5.835698
5.822479
5.825684
5.839873
5.859621
5.888621
5.796779
5.658444
5.534940
5.383164
5.271075
5.164195
5.026454
4.882226
4.797133
4.730894
4.655144
4.590445
4.495994
4.393055
4.302762
4.210721
4.181334
4.179125
4.172506
4.183382
4.181234
4.181275
4.199952
4.226205
4.223155
4.213161
4.212420
4.209260
4.225956
4.250946
4.272648
4.298942
4.318945
4.338076
4.362204
4.387383
4.417416
4.450535
4.484573
4.520963
4.567840
4.620378
4.674905
4.734043
4.793127
4.854558
4.920780
4.990135
5.208231
5.491592
5.771821
6.097052
6.390603
6.691431
7.040185
7.409386
7.726452
8.035991
8.369326
8.703738
9.084485
9.487973
9.890767
10.308829
11.312234
12.571780
13.821889
15.249994
16.550306
17.878654
19.396694
20.995055
20.759030
19.800204
19.005122
17.746756
17.066027
16.431318
15.293428
14.024167
13.320433
12.742487
12.000167
11.306736
10.200809
8.924870
7.716019
6.412364
5.958379
5.828605
5.564592
5.485362
5.131102
4.732194
4.535359
4.374461
4.034785
3.657277
3.326284
2.978423
2.768667
2.614696
2.437678
2.291621
2.224584
2.203238
2.210349
2.259349
2.311367
2.387312
2.506713
2.656138
2.566874
2.394721
2.264283
2.087477
2.009909
1.957256
1.852656
1.748137
1.771877
1.844726
1.911717
2.012809
2.067209
2.117101
2.204261
2.300222
2.216490
2.064369
1.929402
1.750659
1.635013
1.527516
1.372120
1.206843
1.114937
1.044548
0.960386
0.888217
0.774512
0.647296
0.534175
0.416321
0.410343
0.451242
0.482530
0.543543
0.577223
0.612184
0.679017
0.757117
0.782238
0.793470
0.818904
0.838262
0.890682
0.955827
1.013370
1.077142
1.041042
0.964560
0.898773
0.808037
0.745090
0.683409
0.594789
0.498242
0.451073
0.418347
0.375073
0.339306
0.275983
0.203336
0.139566
0.072285
0.046562
0.037818
0.023718
0.019696
0.004970
-0.010155
-0.014429
-0.015406
-0.039706
-0.071234
-0.098259
-0.129224
-0.148159
-0.163345
-0.183093
-0.201751
-0.209116
-0.211648
-0.213576
-0.211785
-0.213085
-0.213892
-0.210712
-0.205933
-0.202624
-0.198767
-0.193160
-0.186707
-0.177191
-0.165789
-0.153631
-0.139942
-0.133868
-0.130237
-0.124687
-0.120273
-0.112344
-0.103248
-0.095463
-0.087317
-0.074018
-0.058496
-0.042833
-0.025522
-0.009516
0.006721
0.024721
0.043441
0.064065
0.086023
0.108658
0.132409
0.156908
0.182319
0.208858
0.236383
0.263945
0.292104
0.321292
0.351202
0.382370
0.414522
0.447375
0.481119
0.515865
0.551529
0.588080
0.625543
0.663815
0.702952
0.743006
0.783943
0.825774
0.868495
0.912098
0.956589
1.001968
1.048236
1.095390
1.143432
1.138071
1.110498
1.086153
1.047118
1.022137
0.996592
0.955261
0.908436
0.882965
0.862334
0.834970
0.809272
0.768465
0.721298
0.676451
0.628012
0.603915
0.588738
0.568811
0.553620
0.529845
0.504134
0.483657
0.463592
0.428056
0.386683
0.346445
0.302316
0.263905
0.226224
0.184278
0.141465
0.125095
0.119119
0.111071
0.109812
0.100039
0.089604
0.086549
0.085421
0.073905
0.059654
0.047905
0.034839
0.028332
0.024264
0.018569
0.014020
-0.005778
-0.031700
-0.055792
-0.083590
-0.107102
-0.130334
-0.157572
-0.185929
-0.206329
-0.224293
-0.243790
-0.261955
-0.284311
-0.307989
-0.330119
-0.352654
-0.356257
-0.351829
-0.348625
-0.340173
-0.336227
-0.331869
-0.321894
-0.309813
-0.305871
-0.303810
-0.299175
-0.295186
-0.285549
-0.273539
-0.262422
-0.249976
-0.244805
-0.242201
-0.237914
-0.234884
-0.229108
-0.222574
-0.217446
-0.212271
-0.202016
-0.189725
-0.177615
-0.164091
-0.152178
-0.140308
-0.126905
-0.113040
-0.110622
-0.112697
-0.113788
-0.117777
-0.118094
-0.118102
-0.121262
-0.125228
-0.124488
-0.122457
-0.121490
-0.119872
-0.121105
-0.123359
-0.124826
-0.126737
-0.122227
-0.115111
-0.108726
-0.100751
-0.094514
-0.088349
-0.080468
-0.072075
-0.066996
-0.062906
-0.058129
-0.053874
-0.047816
-0.041162
-0.035122
-0.028872
-0.028313
-0.030143
-0.031516
-0.034417
-0.035925
-0.037508
-0.040728
-0.044534
-0.045718
-0.046234
-0.047481
-0.048449
-0.051096
-0.054405
-0.057357
-0.060646
-0.061800
-0.062167
-0.062970
-0.063365
-0.064486
-0.065770
-0.066603
-0.067397
-0.069617
-0.072377
-0.075032
-0.078046
-0.080543
-0.082976
-0.085804
-0.088714
-0.087821
-0.085390
-0.083212
-0.080019
-0.077944
-0.075897
-0.072753
-0.069272
-0.067269
-0.065622
-0.063554
-0.061630
-0.058701
-0.055368
-0.052223
-0.048863
-0.047502
-0.046910
-0.046009
-0.045551
-0.044461
-0.043278
-0.042576
-0.041968
-0.040217
-0.038076
-0.036085
-0.033853
-0.032132
-0.030532
-0.028663
-0.026789
-0.026383
-0.026572
-0.026692
-0.027215
-0.027298
-0.027375
-0.027888
-0.028539
-0.028691
-0.028741
-0.028957
-0.029143
-0.029711
-0.030445
-0.031132
-0.031919
-0.031863
-0.031490
-0.031256
-0.030842
-0.030711
-0.030632
-0.030356
-0.030051
-0.030232
-0.030585
-0.030884
-0.031294
-0.031498
-0.031661
-0.031946
-0.032241
-0.032103
-0.031798
-0.031524
-0.031140
-0.030907
-0.030690
-0.030352
-0.029986
-0.029773
-0.029599
-0.029388
-0.029197
-0.028905
-0.028576
-0.028271
-0.027947
-0.027911
-0.027991
-0.028040
-0.028160
-0.028201
-0.028239
-0.028354
-0.028491
-0.028487
-0.028440
-0.028424
-0.028386
-0.028428
-0.028496
-0.028539
-0.028592
-0.027366
-0.025599
-0.023897
-0.021834
-0.020082
-0.018301
-0.016132
-0.013818
-0.012007
-0.010302
-0.008421
-0.006568
-0.004339
-0.001944
0.000407
0.002857
0.004767
0.006489
0.008337
0.010092
0.012059
0.014085
0.016007
0.017937
0.020238
0.022689
0.025130
0.027677
0.030108
0.032539
0.035084
0.037664
0.039593
0.041273
0.043020
0.044609
0.046424
0.048269
0.049943
0.051580
0.053496
0.055494
0.057443
0.059439
0.061283
0.063078
0.064928
0.066764
0.068991
0.071385
0.073746
0.076213
0.387561
0.830382
-1.100737
-3.947645
7.165684
-2.827246
0.093000
0.095334
0.097785
0.100283
0.102755
0.105251
0.107276
0.109110
0.110987
0.112744
0.114629
0.116516
0.118274
0.119990
0.121928
0.123927
0.125873
0.127848
0.129693
0.131490
0.133323
0.135136
0.137148
0.139239
0.141301
0.143407
0.145457
0.147501
0.149594
0.151698
0.153686
0.155635
0.157602
0.159546
0.161544
0.163557
0.165544
0.167532
0.169825
0.172245
0.174653
0.177148
0.179562
0.181982
0.184495
0.187042
0.189483
0.191904
0.194364
0.196822
0.199365
0.201948
0.204523
0.207123
0.209573
0.211969
0.214397
0.216798
0.219256
0.221729
0.224172
0.226614
0.229155
0.231733
0.234307
0.236908
0.239476
0.242042
0.244636
0.247239
0.250002
0.252841
0.255681
0.258574
0.261445
0.264330
0.267271
0.270240
0.273155
0.276065
0.279008
0.281957
0.284962
0.287998
0.291038
0.294100
0.297120
0.300132
0.303168
0.306207
0.309279
0.312367
0.315457
0.318560
0.321712
0.324892
0.328083
0.331296
0.334509
0.337733
0.340980
0.344243
0.347421
0.350573
0.353744
0.356902
0.360102
0.363316
0.366515
0.369719
0.372974
0.376251
0.379531
0.382827
0.386111
0.389398
0.392702
0.396015
0.399392
0.402802
0.406218
0.409658
0.413095
0.416543
0.420017
0.423506
0.426979
0.430455
0.433949
0.437449
0.440975
0.444518
0.448067
0.451630
0.449655
0.445330
0.441258
0.435606
0.431311
0.426880
0.420757
0.413994
0.409337
0.405099
0.400093
0.395180
0.388644
0.381379
0.374273
0.366722
0.361577
0.357264
0.352387
0.347915
0.342488
0.336786
0.331539
0.326256
0.319314
0.311698
0.304119
0.296064
0.288514
0.280961
0.272893
0.264658
0.259056
0.254442
0.249537
0.245249
0.240011
0.234627
0.229922
0.225336
0.219606
0.213518
0.207608
0.201486
0.195957
0.190601
0.184999
0.179437
0.172234
0.164326
0.156527
0.148271
0.140375
0.132431
0.123997
0.115371
0.107482
0.099765
0.091812
0.083918
0.075516
0.066901
0.058367
0.049712
0.055968
0.068521
0.080308
0.096298
0.108584
0.121183
0.138287
0.157062
0.170007
0.181730
0.195471
0.208880
0.226635
0.246297
0.265445
0.285727
0.299549
0.311099
0.324098
0.335966
0.350313
0.365339
0.379098
0.392897
0.411071
0.430992
0.450756
0.471736
0.491312
0.510843
0.531691
0.552931
0.566777
0.577800
0.589557
0.599521
0.612043
0.624890
0.635776
0.646252
0.659841
0.674356
0.688295
0.702753
0.715478
0.727647
0.740423
0.753013
0.770061
0.788984
0.807527
0.827258
0.845917
0.864637
0.884630
0.905080
0.923413
0.941195
0.959550
0.977668
0.997112
1.017071
1.036730
1.056643
1.040324
1.008676
0.978851
0.938781
0.907646
0.875706
0.832790
0.785773
0.752890
0.722936
0.688040
0.653911
0.609185
0.559786
0.511598
0.460614
0.425226
0.395293
0.361801
0.331004
0.294158
0.255624
0.220110
0.184451
0.138148
0.087567
0.037318
-0.015921
-0.065806
-0.115629
-0.168690
-0.222745
-0.172846
-0.079523
0.008264
0.125052
0.214718
0.305848
0.428124
0.561467
0.654766
0.739509
0.837682
0.933320
1.058476
1.196424
1.330583
1.472250
1.565876
1.642177
1.728291
1.805376
1.900033
1.998975
2.087889
2.176406
2.295946
2.427438
2.557101
2.694871
2.821720
2.947527
3.082183
3.218960
3.395076
3.589862
3.785217
3.993728
4.197364
4.405150
4.626771
4.855707
5.071200
5.285866
5.508794
5.733427
5.972375
6.219087
6.467012
6.720608
7.549039
8.624845
9.681747
10.907397
11.999346
13.111481
14.403915
15.768366
16.661279
17.406395
18.247825
19.011046
20.010755
21.084638
22.068130
23.072961
25.923231
29.559159
33.136890
37.253440
38.343822
38.392914
39.129789
39.350913
37.147188
33.742838
29.914613
25.086636
23.420910
22.587334
20.579132
18.795935
17.397507
16.143857
15.097201
14.247208
13.161413
12.089363
11.232705
10.449167
9.730892
9.097460
8.538618
8.058182
7.695675
7.427986
7.236970
7.135498
6.603696
5.938870
5.385901
4.772624
4.371083
4.043220
3.644686
3.273028
3.189827
3.234474
3.293945
3.450178
3.540437
3.649538
3.861767
4.119721
3.894980
3.497201
3.168385
2.736714
2.496224
2.296185
1.981977
1.658390
1.566647
1.557069
1.526878
1.550971
1.475586
1.381129
1.346990
1.319044
1.194784
1.038831
0.893923
0.728663
0.610778
0.504683
0.375566
0.247195
0.151328
0.067202
-0.017735
-0.094074
-0.184536
-0.277064
-0.360088
-0.441532
-0.431358
-0.380455
-0.331790
-0.255291
-0.196656
-0.132817
-0.039411
0.067123
0.139491
0.206603
0.289013
0.371851
0.484244
0.611034
0.737114
0.872768
0.850989
0.766633
0.698971
0.592416
0.532836
0.476786
0.378584
0.269074
0.234438
0.221899
0.194092
0.178071
0.120542
0.049257
-0.008158
-0.070514
0.329386
0.925127
-1.471207
-4.999939
8.999417
-3.528995
0.192821
0.253837
0.275901
0.286620
0.306031
0.319700
0.355096
0.397966
0.434024
0.472987
0.461526
0.429251
0.402102
0.362042
0.334888
0.307718
0.266666
0.221067
0.200690
0.187443
0.168291
0.152639
0.122405
0.086981
0.055762
0.022355
0.007508
-0.000022
-0.010582
-0.017038
-0.028785
-0.041181
-0.049123
-0.056035
-0.074411
-0.096711
-0.117414
-0.140491
-0.158475
-0.175235
-0.194659
-0.214104
-0.210537
-0.197470
-0.185438
-0.166959
-0.154882
-0.142618
-0.123411
-0.101840
-0.088370
-0.076504
-0.061786
-0.047465
-0.026861
-0.003467
0.019268
0.043696
0.056143
0.064216
0.074552
0.082533
0.094813
0.108059
0.118698
0.129137
0.146958
0.167550
0.187594
0.209486
0.228613
0.247370
0.268155
0.289337
0.302284
0.312127
0.322752
0.331383
0.342997
0.355028
0.364872
0.374298
0.387004
0.400677
0.413758
0.427388
0.439169
0.450357
0.462189
0.473821
0.490819
0.510074
0.528897
0.549161
0.568130
0.587178
0.607771
0.628921
0.647581
0.665607
0.684329
0.702786
0.722838
0.743517
0.763859
0.784520
0.778548
0.761357
0.745642
0.722478
0.705972
0.688965
0.663971
0.636049
0.618756
0.603769
0.585229
0.567382
0.541794
0.512861
0.484952
0.455092
0.436697
0.422374
0.405545
0.390771
0.371690
0.351474
0.333552
0.315617
0.289996
0.261340
0.233022
0.202612
0.174747
0.147020
0.117020
0.086387
0.069414
0.057716
0.044757
0.035178
0.021006
0.006330
-0.004657
-0.014798
-0.030585
-0.047988
-0.064241
-0.081361
-0.095201
-0.107931
-0.121689
-0.135016
-0.156398
-0.181115
-0.205047
-0.231061
-0.255027
-0.279013
-0.305237
-0.332206
-0.355213
-0.377121
-0.399989
-0.422330
-0.447008
-0.472534
-0.497422
-0.522684
-0.521677
-0.509600
-0.499038
-0.481151
-0.469793
-0.457942
-0.438239
-0.415656
-0.403720
-0.394133
-0.381043
-0.368690
-0.348676
-0.325378
-0.303145
-0.279016
-0.266002
-0.256941
-0.245446
-0.235945
-0.222285
-0.207532
-0.195002
-0.182466
-0.162453
-0.139490
-0.116861
-0.092200
-0.070016
-0.047971
-0.023717
0.001148
0.012094
0.017637
0.024432
0.027754
0.035694
0.044104
0.048729
0.052454
0.061906
0.072972
0.082829
0.093533
0.100860
0.107019
0.114192
0.120891
0.135694
0.153831
0.171136
0.190507
0.207774
0.225025
0.244500
0.264690
0.280834
0.295828
0.311755
0.327112
0.344793
0.363296
0.381115
0.399274
0.381705
0.349020
0.318223
0.277361
0.245279
0.212415
0.168770
0.121101
0.087603
0.057107
-0.256951
-0.688755
1.010401
3.531072
-6.539499
2.425361
-0.242479
-0.273023
-0.307014
-0.338380
-0.375582
-0.414402
-0.450280
-0.486283
-0.532635
-0.583138
-0.633300
-0.686357
-0.736135
-0.785838
-0.838678
-0.892469
-0.870826
-0.817864
-0.769165
-0.699616
-0.650203
-0.600037
-0.527454
-0.447112
-0.396020
-0.351364
-0.297238
-0.245195
-0.171997
-0.089772
-0.010541
0.073887
0.122701
0.158478
0.201147
0.236867
0.285212
0.336403
0.379912
0.422822
0.488181
0.561997
0.634164
0.711971
0.781455
0.849865
0.924458
1.000297
1.030296
1.042029
1.057077
1.060123
1.077323
1.095272
1.100211
1.101466
1.120592
1.144219
1.163156
1.184099
1.193318
1.197990
1.205208
1.210137
1.414633
1.703240
1.980894
2.314435
2.598193
2.885799
3.233316
3.602857
3.892914
4.165815
4.465418
4.759927
5.112501
5.490222
5.860378
6.245248
8.156660
10.723705
13.240104
16.203835
18.808929
21.465686
24.600570
27.925129
26.914122
24.197856
21.573456
17.729947
17.528832
18.315982
4.576353
10.695930
7.344277
7.730700
7.666295
8.158874
7.309092
6.101410
5.524595
4.906353
4.478338
4.178653
3.832897
3.547818
3.367866
3.256201
3.202448
3.216468
2.881836
2.436746
2.077305
1.665627
1.419736
1.228977
0.977676
0.744006
0.737337
0.829108
0.928860
1.102177
1.218776
1.346559
1.553003
1.792151
1.827721
1.800323
1.816184
1.799386
1.886452
2.006989
2.089585
2.182720
2.387161
2.639884
2.898416
3.193831
3.460730
3.733393
4.045512
4.374102
4.838290
5.372072
5.917370
6.514539
7.106221
7.721094
8.389991
9.092161
9.834293
10.614741
11.428340
12.278231
13.166031
14.090479
15.051124
16.048359
18.270591
21.035035
23.784826
26.912184
29.013632
30.853939
33.129209
35.358548
41.577079
49.517534
48.595476
45.131771
43.190662
39.767916
33.578060
25.677717
24.517004
25.129420
23.658618
22.845979
16.919231
8.904278
11.617690
17.375902
14.519474
10.560394
10.209883
9.965893
9.588113
9.585431
9.727461
10.092675
9.178400
7.839615
6.788181
5.524597
4.824947
4.296261
3.525934
2.792621
2.520526
2.436437
2.368856
2.445240
2.371734
2.303661
2.391210
2.531650
2.315211
1.988185
1.732534
1.417641
1.285991
1.212106
1.069562
0.944276
1.002945
1.140704
1.287852
1.495536
1.654144
1.821234
2.053179
2.311497
2.240934
2.049658
1.900379
1.677577
1.578906
1.503045
1.346058
1.178384
1.162238
1.196967
1.213457
1.262073
1.239422
1.199572
1.195904
1.192026
1.126836
1.039292
0.954460
0.853815
0.778751
0.707448
0.618694
0.526986
0.449807
0.375579
0.297527
0.220770
0.132447
0.039404
-0.051831
-0.145732
-0.061962
0.096347
0.244250
0.441469
0.593637
0.748643
0.956560
1.183549
1.338870
1.478236
1.640856
1.798305
2.007037
2.237629
2.460841
2.696588
3.034276
3.420433
3.815110
4.246921
4.663579
5.092092
5.559766
6.048054
6.872688
7.854242
8.842945
9.943840
11.084980
12.296575
13.622629
15.034664
18.362406
22.557688
26.760285
31.575389
35.344566
38.956507
35.515932
28.890097
23.477908
16.342680
15.543287
16.760847
13.721301
10.486437
9.573361
9.105888
7.578952
6.055886
5.058225
4.173751
3.587554
3.236949
2.994825
2.940846
2.487620
1.964169
1.653556
1.358320
1.369654
1.541177
1.717091
2.002403
1.656545
1.093856
0.671660
0.140800
-0.132732
-0.332818
-0.655367
-0.968359
-0.868853
-0.602318
-0.344648
0.031202
0.279081
0.526951
0.902603
1.319071
1.295609
1.117616
1.001858
0.793581
0.768930
0.785648
0.699170
0.607612
0.718282
0.901691
1.070302
1.288118
1.420993
1.539216
1.711919
1.891942
1.826574
1.665993
1.524004
1.319322
1.197466
1.083443
0.901100
0.702127
0.594995
0.511913
0.407114
0.314070
0.162505
-0.010753
-0.169491
-0.338414
-0.364704
-0.333540
-0.318952
-0.269391
-0.259624
-0.252155
-0.206898
-0.150854
-0.168230
-0.207790
-0.232717
-0.269587
-0.267107
-0.251930
-0.250697
-0.245281
-0.297297
-0.373268
-0.442542
-0.526274
-0.596346
-0.666672
-0.752500
-0.843596
-0.903151
-0.953395
-1.010576
-1.063006
-1.132717
-1.208288
-1.278252
-1.350405
-1.330726
-1.272403
-1.220263
-1.142921
-1.088219
-1.031995
-0.948755
-0.855704
-0.802065
-0.757737
-0.701339
-0.648342
-0.568409
-0.477330
-0.390838
-0.298221
-0.242490
-0.200070
-0.149756
-0.106227
-0.049374
0.010805
0.063449
0.115857
0.193042
0.279860
0.365306
0.457306
0.540802
0.623605
0.713549
0.805305
0.795241
0.743457
0.697997
0.624896
0.580347
0.535663
0.461185
0.376990
0.332462
0.297104
0.249740
0.205765
0.134043
0.050831
-0.027772
-0.112737
-0.147064
-0.162338
-0.186344
-0.199775
-0.230081
-0.263537
-0.285388
-0.305563
-0.356086
-0.417508
-0.475795
-0.541070
-0.593908
-0.644398
-0.702632
-0.761743
-0.775553
-0.771318
-0.770006
-0.756686
-0.757512
-0.759039
-0.747549
-0.732346
-0.733864
-0.739379
-0.740227
-0.742731
-0.733762
-0.720194
-0.708798
-0.694957
-0.707164
-0.729538
-0.748275
-0.772987
-0.789736
-0.805512
-0.827787
-0.851529
-0.861031
-0.865849
-0.872851
-0.877080
-0.888101
-0.900945
-0.910641
-0.920572
-0.910051
-0.890604
-0.872257
-0.848029
-0.828032
-0.807196
-0.780099
-0.750393
-0.729489
-0.710445
-0.688271
-0.666569
-0.638388
-0.607341
-0.577037
-0.545019
-0.519604
-0.496273
-0.470890
-0.446310
-0.418741
-0.390058
-0.362320
-0.334144
-0.300562
-0.264573
-0.228373
-0.190384
-0.153579
-0.116418
-0.077352
-0.037432
-0.010845
0.010671
0.033660
0.053487
0.077924
0.102996
0.124609
0.145536
0.172422
0.201156
0.228895
0.257709
0.283388
0.308131
0.334113
0.359852
0.393371
0.430219
0.466490
0.504898
0.541563
0.578428
0.617577
0.657606
0.694029
0.729572
0.766200
0.802496
0.841183
0.880847
0.920072
0.959822
0.961806
0.947921
0.936204
0.913972
0.901261
0.887903
0.863268
0.834540
0.820990
0.810786
0.795601
0.781471
0.756409
0.726663
0.698441
0.667515
0.652924
0.644178
0.631940
0.622686
0.607385
0.590540
0.577016
0.563540
0.539220
0.510660
0.482645
0.451726
0.424485
0.397506
0.367367
0.336396
0.324930
0.321038
0.315419
0.314679
0.307474
0.299621
0.297084
0.295822
0.286591
0.275129
0.265372
0.254451
0.248265
0.243728
0.237797
0.232546
0.215906
0.194593
0.174464
0.151443
0.131404
0.111403
0.088289
0.064184
0.045782
0.029014
0.010949
-0.006299
-0.026801
-0.048441
-0.069105
-0.090232
-0.094258
-0.091121
-0.089193
-0.082612
-0.080319
-0.077798
-0.070285
-0.060995
-0.059117
-0.059031
-0.056747
-0.055152
-0.048582
-0.039986
-0.032301
-0.023526
-0.021709
-0.022439
-0.021748
-0.022384
-0.020582
-0.018214
-0.017312
-0.016510
-0.011131
-0.004006
0.002805
0.010787
0.017121
0.023269
0.030697
0.038407
0.035957
0.029451
0.023686
0.015260
0.009950
0.004797
-0.269899
-0.658880
1.005057
3.460409
-6.133824
2.488102
-0.037252
-0.045332
-0.052842
-0.060861
-0.063327
-0.063609
-0.064651
-0.064406
-0.065814
-0.067403
-0.067593
-0.067447
-0.070341
-0.074221
-0.077613
-0.081581
-0.084075
-0.086160
-0.088901
-0.091574
-0.093504
-0.095157
-0.096775
-0.098171
-0.099880
-0.101613
-0.103102
-0.104532
-0.105982
-0.107387
-0.108728
-0.110022
-0.111182
-0.112257
-0.113288
-0.114247
-0.115980
-0.118003
-0.119917
-0.122003
-0.123821
-0.125593
-0.127553
-0.129544
-0.131137
-0.132595
-0.134102
-0.135526
-0.137132
-0.138781
-0.140336
-0.141890
-0.142972
-0.143844
-0.144734
-0.145483
-0.146318
-0.147125
-0.147783
-0.148373
-0.149162
-0.149988
-0.150734
-0.151485
-0.152079
-0.152600
-0.153132
-0.153618
-0.154236
-0.154889
-0.155488
-0.156096
-0.156631
-0.157134
-0.157647
-0.158142
-0.158511
-0.158819
-0.159113
-0.159360
-0.159623
-0.159870
-0.160066
-0.160235
-0.162188
-0.164882
-0.167471
-0.170550
-0.173156
-0.175780
-0.178931
-0.182265
-0.184894
-0.187364
-0.190058
-0.192699
-0.195841
-0.199196
-0.202475
-0.205874
-0.208446
-0.210715
-0.213143
-0.215409
-0.217966
-0.220589
-0.223032
-0.225460
-0.228412
-0.231559
-0.234667
-0.237906
-0.240950
-0.243968
-0.247130
-0.250320
-0.252652
-0.254647
-0.256711
-0.258554
-0.260675
-0.262818
-0.264723
-0.266565
-0.268744
-0.271011
-0.273199
-0.275428
-0.277447
-0.279386
-0.281379
-0.283335
-0.285790
-0.288445
-0.291041
-0.293759
-0.296337
-0.298907
-0.301608
-0.304346
-0.306826
-0.309227
-0.311678
-0.314087
-0.316633
-0.319222
-0.321762
-0.324316
-0.324065
-0.322622
-0.321314
-0.319208
-0.317780
-0.316280
-0.313926
-0.311247
-0.309659
-0.308292
-0.306535
-0.304831
-0.302299
-0.299398
-0.296584
-0.293547
-0.291694
-0.290248
-0.288522
-0.286992
-0.284991
-0.282852
-0.280936
-0.278999
-0.276238
-0.273140
-0.270059
-0.266739
-0.263668
-0.260592
-0.257260
-0.253842
-0.251828
-0.250344
-0.248710
-0.247409
-0.245610
-0.243739
-0.242233
-0.240796
-0.238752
-0.236520
-0.234389
-0.232149
-0.230230
-0.228409
-0.226460
-0.224538
-0.221756
-0.218608
-0.215522
-0.212199
-0.209071
-0.205922
-0.202520
-0.199021
-0.195916
-0.192906
-0.189777
-0.186683
-0.183327
-0.179863
-0.176446
-0.172971
-0.170745
-0.169029
-0.167199
-0.165691
-0.163840
-0.161982
-0.160471
-0.159069
-0.157092
-0.154958
-0.152963
-0.150893
-0.149170
-0.147573
-0.145885
-0.144254
-0.142080
-0.139692
-0.137386
-0.134957
-0.132686
-0.130433
-0.128047
-0.125629
-0.123529
-0.121535
-0.119493
-0.117515
-0.115389
-0.113226
-0.111135
-0.109040
-0.106167
-0.102969
-0.099802
-0.096413
-0.093232
-0.090039
-0.086607
-0.083091
-0.079847
-0.076655
-0.073360
-0.070075
-0.066572
-0.062970
-0.059387
-0.055742
-0.052485
-0.049367
-0.046168
-0.043042
-0.039768
-0.036457
-0.033227
-0.029997
-0.026518
-0.022941
-0.019377
-0.015746
-0.012201
-0.008662
-0.005051
-0.001421
0.000583
0.001911
0.003330
0.004298
0.005700
0.007085
0.007986
0.008719
0.010079
0.011575
0.012867
0.014201
0.015080
0.015763
0.016510
0.017143
0.018546
0.020231
0.021766
0.023451
0.024862
0.026210
0.027724
0.029249
0.030289
0.031145
0.032035
0.032803
0.033751
0.034720
0.035556
0.036363
0.037910
0.039745
0.041518
0.043478
0.045192
0.046882
0.048776
0.050719
0.052369
0.053940
0.055576
0.057172
0.058946
0.060785
0.062574
0.064391
0.065768
0.066966
0.068211
0.069345
0.070598
0.071855
0.072992
0.074093
0.075417
0.076805
0.078144
0.079518
0.080767
0.081974
0.083220
0.084451
0.086612
0.089167
0.091665
0.094422
0.096950
0.099496
0.102319
0.105243
0.107782
0.110234
0.112810
0.115358
0.118179
0.121115
0.124012
0.126974
0.129553
0.131996
0.134523
0.136982
0.139583
0.142222
0.144785
0.147348
0.150171
0.153096
0.156010
0.158994
0.161893
0.164786
0.167757
0.170749
0.173224
0.175496
0.177814
0.180001
0.182357
0.184728
0.186958
0.189152
0.191559
0.194024
0.196442
0.198891
0.201212
0.203488
0.205801
0.208094
0.210683
0.213394
0.216072
0.218824
0.221498
0.224169
0.226920
0.229696
0.232322
0.234903
0.237517
0.240108
0.242783
0.245487
0.248163
0.250851
