-0.686595
0.957796
-1.080267
-0.139453
0.419581
-0.917712
0.138308
0.013268
-0.094243
0.653483
0.360205
-0.739124
-0.470339
-0.667169
1.081369
-0.088323
1.857894
-0.648404
0.000764
-2.199590
0.127963
-0.117262
0.890675
-0.895263
-3.292685
0.188108
-0.250914
0.155112
0.401920
-0.511059
-0.481714
0.142315
0.795226
-0.346571
0.007780
0.148871
-1.186504
-1.892327
0.592497
-0.187406
1.486692
0.174734
0.652624
-0.163992
-1.781472
0.198939
2.191477
-1.911660
-0.821051
0.356459
2.881352
0.527313
0.280899
0.191348
0.217992
-0.288319
0.438354
-0.322699
-1.091584
-0.245531
-3.101278
-0.318112
-0.280831
-0.035445
0.188901
-0.373542
-0.489046
0.719175
-1.108780
-1.160880
-1.738723
-0.164531
-0.384603
-1.757597
-0.010572
-0.126700
0.142294
-0.493570
-0.338454
-0.136393
0.609458
0.114378
1.895011
0.679523
-0.212929
0.621284
-0.307057
-0.528177
0.065391
-0.135293
-0.454627
-0.654976
1.857570
-0.483529
0.239539
-1.096872
0.998386
0.264414
0.033150
-1.159235
1.217050
-0.530866
-0.257292
0.748267
-3.247853
0.411094
1.001874
-0.319859
0.076937
0.345531
-1.136621
-0.381850
-0.797043
-0.932993
0.967348
0.049010
-0.040018
0.980912
-0.691603
0.174743
-0.199577
0.581733
0.560188
2.104616
0.437629
-0.171645
-1.212712
0.038326
1.429157
-0.096781
-0.668088
1.032937
1.218929
1.904260
0.189619
0.424793
0.073928
-0.175752
0.199212
0.995172
1.065176
0.281863
-1.133557
2.019289
-0.537818
0.889250
-0.298523
-0.574870
1.470383
-1.543439
-0.225551
-0.941621
-1.810715
0.287877
-0.002164
-0.958204
0.030243
-0.024017
0.017575
-0.180122
0.653654
0.136934
0.786983
0.149232
-0.498584
-0.447907
0.349977
-0.668909
-0.392144
0.521644
-0.038964
0.001855
0.372820
-0.113236
-0.439555
-0.640825
-0.628741
-0.882896
-1.661495
-0.327301
-1.106920
-0.187264
-2.646295
0.504003
0.854328
0.428305
-0.172425
0.186440
0.984055
1.219090
-1.108279
0.741748
0.983834
0.194101
-1.863867
-0.076217
-0.301295
-0.588436
1.527842
0.150915
-0.459736
0.751292
-0.726039
-0.546083
0.435538
-0.517613
-1.386564
-0.907674
-1.358742
1.335584
-0.833875
-1.577571
-0.649991
0.236221
0.013274
0.106042
0.341816
-0.139437
0.500376
0.859630
-0.523897
0.482652
1.477607
1.233144
0.146684
-0.030311
0.388666
-0.469604
0.486040
-1.945304
-0.356485
-1.248890
-0.159009
0.046285
-0.162239
1.890644
0.332109
0.308133
-2.581276
-0.180596
0.413211
0.403618
0.698588
0.714656
-0.076790
1.209068
1.009770
2.209000
0.210403
-1.666443
-0.122565
1.066401
-3.632395
0.084640
0.220275
0.136465
-0.105074
0.134697
-0.307748
-0.168679
-0.442847
-0.958477
-0.410806
-1.507059
-0.865274
0.821183
0.199940
0.181416
-2.651371
-0.323638
0.154912
1.444150
0.025299
0.875514
-0.243603
-0.548313
0.896192
-0.046735
-0.357727
-4.119332
-1.057855
-2.058899
0.447688
0.845553
0.376288
-0.513865
-1.076791
-0.374612
-1.223369
-2.559867
-0.646991
1.017469
-0.243587
-1.791507
0.002021
0.633290
0.033793
1.860169
1.798841
1.212721
-0.422914
0.118439
0.155235
-0.247318
-1.061923
0.111093
-0.425125
0.942947
0.671145
-0.368023
0.750023
-0.236860
-0.562402
0.177012
0.105864
0.493309
-0.044929
-3.862472
-2.391896
0.097352
0.317542
0.855686
-0.654850
-0.372344
0.159768
-1.975105
-0.963104
0.746072
-0.049018
-0.244132
-0.350279
-1.295795
1.043431
0.744504
0.611175
1.569635
0.847085
-0.601611
-1.035152
-1.520265
0.233207
-0.998961
-0.327313
0.193307
0.221513
1.395154
0.730250
-0.705834
0.863442
-0.660330
0.511550
1.388162
0.535971
3.084960
-0.453869
-0.231184
-1.362794
0.801425
2.811269
-1.087908
1.539405
-0.492178
1.162691
0.776339
0.316147
2.035091
1.645644
0.300327
-1.828850
-1.047165
1.054503
0.598124
1.300116
0.962540
0.542930
0.243567
1.418931
1.398960
0.860531
2.430621
2.816039
0.773288
1.539037
1.716218
1.644729
1.729654
2.242050
3.034978
3.705830
2.991483
3.290694
3.245771
5.199873
3.029243
5.882787
4.818719
6.408459
7.492638
7.248673
7.888768
9.675875
10.648416
12.968535
15.521893
18.530506
22.173181
24.546383
32.192897
38.167772
38.192514
31.465639
26.816341
22.423992
19.275468
15.688236
14.805806
12.819112
10.965788
9.321534
8.999231
7.301407
6.591124
5.651617
3.973897
0.814957
4.940138
3.223025
3.048520
3.073519
0.318970
4.039749
1.096829
4.438366
1.427539
0.967819
0.420463
2.391597
1.858960
1.057280
-0.543899
2.050649
1.159630
-0.073895
1.329879
1.073399
-0.859268
0.995004
0.218803
-0.679823
0.284359
-0.222797
0.134770
0.123535
0.200919
0.570282
0.704448
0.200436
-0.441189
1.071539
0.144857
0.419540
-1.535218
-0.077405
0.664230
-0.069110
-0.089318
0.984813
0.265073
-0.523279
-0.457249
-0.177162
0.123630
0.392064
-0.050428
0.442688
0.632363
0.126881
1.496625
1.730590
-0.455043
1.248358
-0.173648
-0.093625
1.570700
-1.985061
0.163777
-1.250369
1.978910
-0.059242
0.841006
-0.298258
0.784728
2.189189
0.423108
-0.817570
0.615428
1.494953
3.183485
2.290326
1.116326
0.999309
0.903454
1.753291
0.985877
2.058026
1.702380
1.846096
2.743771
2.749954
4.715461
3.694029
4.145282
3.784723
4.641034
4.941503
5.198807
6.552587
6.840365
6.864895
7.757262
7.462335
10.092725
11.463529
13.438632
14.460183
18.759465
21.544634
24.136310
28.242316
32.978563
36.696477
48.516392
48.154563
38.267844
32.158685
28.224578
24.764442
20.649732
16.972495
15.929797
12.865746
11.624110
11.332681
9.022255
7.149605
7.089071
5.974532
5.839658
5.342075
5.369634
4.636149
4.012529
4.046737
3.236506
3.028983
3.603844
3.464179
1.655993
5.164429
1.416341
1.404642
1.164403
2.585490
1.692436
1.716127
1.057072
0.420150
0.354378
0.719220
0.023585
1.165054
1.788535
1.138643
-1.196420
0.659073
3.537906
2.773298
1.020998
1.131276
1.266736
2.203808
1.615842
0.995352
0.635421
1.238893
-0.563751
1.787804
2.756008
2.488365
3.401369
2.214659
2.075980
2.445988
4.299187
3.222787
3.532529
3.644275
4.593375
4.269717
5.541287
5.369275
7.546249
6.491245
7.438168
8.967609
9.577379
12.896671
10.317520
13.993804
17.187068
16.639550
22.031774
25.255595
28.629293
29.289048
26.184317
20.951108
18.893922
16.771481
14.308470
13.287389
10.776836
11.235941
8.772655
6.795453
6.240192
5.394241
6.238380
4.637662
4.508506
6.451920
4.407986
3.525112
3.070045
-0.450673
2.609576
5.081651
2.321433
0.375998
2.427395
1.730343
1.849030
1.314181
1.199645
1.293447
0.086119
2.599116
0.277755
1.759425
0.308857
1.657205
-1.384702
1.369077
2.907040
1.179119
1.144796
0.283096
0.975066
0.600081
0.722034
1.285903
0.463629
-1.731968
1.035695
-2.137898
-1.314711
-1.667889
1.185637
1.104315
-1.098728
0.042552
3.237915
-0.140092
-0.024599
-0.526681
0.340899
-0.911604
0.719980
0.086672
-0.293442
0.553688
-3.194431
-1.098101
-0.799200
-1.001638
-0.986512
-0.425721
-0.232511
-0.140480
-0.163936
0.458369
0.128294
-0.597970
-1.046942
2.978919
-0.678125
2.006286
0.214084
1.693464
-1.970437
-0.200041
0.215130
-0.058580
-0.371179
0.538069
0.816870
-0.110021
-0.251792
1.110298
-0.018408
0.208005
0.148242
-0.194120
0.183697
1.624421
0.261176
2.150206
-0.047483
-0.277482
2.201988
-0.191892
0.147782
-0.175562
1.026918
0.126920
0.463678
-1.093260
-0.406327
0.419212
0.476378
-0.025233
-0.854697
-0.356872
0.195659
0.045381
-0.050363
-0.219913
-0.941644
1.791782
-0.966808
0.416264
0.694567
-0.242909
1.291546
-1.036811
-1.117444
1.167702
-0.007003
0.174938
0.100726
0.036555
0.343441
-0.367952
0.892153
2.256818
0.283516
-0.640308
0.123534
-2.842390
0.436567
-0.984625
-2.253044
-0.135608
0.145539
-0.273954
0.894848
0.013952
0.188565
1.330667
0.986206
1.236836
-0.088808
0.019598
0.963568
-2.295688
-1.838205
0.467924
0.148804
0.401261
-0.094113
-0.085786
0.593006
-0.207301
0.189508
0.641759
-0.226198
-1.449628
-0.105207
1.016462
-0.538127
1.549107
0.252745
-1.763574
1.064612
-0.165815
-0.024179
-0.340668
0.028098
0.135275
0.123153
-2.431312
1.470939
1.030201
0.065600
-0.059385
0.198542
-2.066754
0.169569
0.279137
0.074287
1.285568
-0.030532
0.380490
0.134640
0.449609
0.312727
1.147888
-0.104399
-0.461363
1.702488
1.298267
0.856940
-0.478927
-0.116235
-1.050863
0.685650
-0.091197
0.334446
0.054977
0.300146
5.065069
-0.353647
1.188690
-0.099390
-1.442177
0.309861
-0.733412
0.848107
-0.868532
0.373494
0.003563
0.520374
-3.139974
0.019542
0.157903
-0.754203
-0.331013
0.520557
-2.479300
1.183025
0.211846
0.533444
0.283746
0.907575
0.268864
0.142725
0.826825
0.948083
-0.009372
-0.314950
0.970922
-1.532218
0.840315
0.423303
2.250091
0.489829
0.444704
0.661101
-1.447393
0.619259
0.985978
0.951733
0.485967
0.594161
0.289838
-0.285667
1.400798
1.081081
1.270950
0.221379
0.900477
-0.392968
0.754416
2.329037
0.363060
1.148115
1.899126
1.622280
0.525761
1.650149
2.500122
1.757013
1.477192
2.106184
2.247482
1.925090
2.617248
2.770870
2.529942
3.361260
2.505001
3.047016
1.715812
3.325240
3.317142
2.166283
3.699383
3.810099
4.656546
5.329058
4.711266
4.802231
4.615345
6.164393
5.605978
6.154273
6.180023
7.429989
7.604763
8.797070
8.448373
9.036347
10.979390
12.008456
9.798874
12.093206
12.215311
12.515561
12.449887
15.603962
16.513465
17.795573
18.830442
21.187851
22.885858
24.587940
27.746008
30.236057
32.483237
35.116126
38.131788
41.508296
39.243571
36.469573
31.670317
29.941018
27.755554
25.194549
23.586335
20.833114
20.057431
17.314714
16.639962
16.721311
15.218041
13.948578
12.085588
12.656601
11.944803
11.175203
10.777076
8.173153
9.908486
8.049771
8.889672
8.461496
6.276211
7.241893
9.529980
6.620365
7.140590
6.106726
8.042248
6.313817
6.095018
4.647507
5.347799
5.708546
5.094334
6.354513
6.017222
5.901157
5.584578
7.393462
6.289909
5.271840
6.662451
6.724910
6.857344
7.152644
6.349668
6.100298
5.974198
7.384542
7.573081
7.897268
8.492344
6.668815
8.784986
9.127485
10.667732
9.994614
12.416192
11.478634
11.710126
12.688212
13.116977
16.525929
15.811305
17.498603
17.154301
18.951496
21.555129
22.912467
23.818942
26.409570
30.115228
32.235006
34.661645
36.325446
39.464298
44.115907
49.026268
53.665917
47.585799
46.437760
40.062159
37.165893
31.562891
29.927123
28.083031
25.434443
23.940986
23.947618
20.844309
19.012279
16.717221
17.865047
15.124155
14.772143
12.596973
11.956898
11.935647
9.975741
10.019361
9.644296
9.332519
8.413737
8.280914
7.006378
7.558961
7.017885
6.862031
6.795598
5.769657
5.645096
6.000744
4.387146
4.602707
3.665362
4.289728
3.788547
3.286605
2.400633
2.753355
1.231239
3.603970
3.687339
3.348529
2.960864
3.352065
2.577569
1.728697
0.921570
1.068672
2.620190
0.755510
1.197002
-0.389105
0.756205
1.068417
2.617949
1.228821
0.598068
1.642245
1.343381
2.133446
-0.160863
1.682184
1.204961
2.348179
1.980829
-0.009075
-1.259475
1.520126
-0.850259
1.383404
0.667674
1.381623
0.471380
0.282656
1.166000
0.422703
2.720464
3.815049
2.192116
0.586350
3.474261
-0.672123
-0.671746
0.744524
1.245884
0.374453
-0.310904
1.400647
-1.624599
0.659417
0.393698
1.031634
1.675788
2.596989
0.405093
0.324331
1.113741
0.646125
0.051708
0.307053
1.006712
-0.354269
0.302803
1.316824
0.419795
0.225991
-0.549286
0.335002
0.592325
-3.292453
0.198094
1.977694
1.652472
0.397236
1.581339
0.048804
1.932106
0.454705
1.469751
-0.628172
0.706983
1.198568
0.190072
-0.187755
0.310141
1.114050
0.133883
-0.001991
-0.056072
0.538002
0.727310
0.308893
2.312911
-0.111596
-0.307845
-0.838491
1.093400
0.597254
0.759263
0.173922
0.252754
0.263380
0.268986
1.097198
0.516915
0.643379
-0.168735
-2.974280
-0.239180
0.997525
0.126042
-0.270020
1.830283
2.997063
1.440188
1.155238
1.968743
0.236938
1.512358
0.130194
0.425113
-0.410691
0.756790
-0.377882
0.136286
-0.246395
-1.361781
0.966961
0.874453
0.239963
0.346006
0.602003
0.012642
0.334251
0.053550
0.561916
0.012925
1.096820
0.124337
0.302176
-0.553500
3.393228
0.884869
-1.453890
0.520897
-0.080599
0.441926
0.031121
0.260980
-1.341370
0.881292
0.587743
-1.413253
-0.140705
0.208003
-2.494097
0.083197
0.468517
1.362101
0.240287
1.428984
1.391605
1.934226
0.676401
-0.152326
1.096979
0.639724
1.293348
0.563296
0.085737
0.139925
-1.207410
0.582986
0.071010
0.414699
0.499023
1.488707
-1.256108
0.793617
0.301144
-1.471577
-0.259965
0.454563
0.093882
-0.160650
-0.033249
0.487961
0.308520
5.710677
0.321574
1.629593
-0.400634
0.408209
0.408781
-0.303884
0.885072
-1.411849
0.495856
0.224164
0.218969
0.435819
0.985610
0.239957
0.313144
-2.118237
1.034396
0.541158
-0.346034
0.340232
0.627207
-0.495512
-0.690349
1.455998
-0.331873
0.059646
0.443439
0.884382
0.143333
0.298918
1.582835
-0.123003
0.300029
0.346773
0.860500
-0.705847
-1.067317
1.140152
-1.071765
0.406296
1.468045
0.499325
0.439494
1.052087
-0.168196
0.324681
-0.669333
-0.567629
0.489556
-0.884265
-0.086486
1.088098
0.634588
2.461820
-1.824047
-0.968115
-3.155291
0.183050
0.265937
-0.733146
-0.381176
0.972245
-1.198653
0.054226
-1.056279
1.741819
0.558328
-0.194461
0.264712
0.453587
1.798979
-0.340261
1.285165
-0.937590
0.188062
0.346447
3.130602
0.318660
0.659209
0.248370
0.431463
0.226763
0.692045
1.844964
1.644567
0.780136
0.424955
1.405563
0.453739
0.385116
-0.663008
-0.295889
-1.947044
-0.433929
0.577393
-0.733969
0.267410
-0.681675
-0.535314
0.120530
1.548883
0.591269
-0.572951
1.480669
-0.508701
3.081997
0.562485
-0.709673
0.228640
0.889034
0.483141
0.065722
0.211823
0.692880
-0.451309
0.039265
-0.510831
-0.482398
-2.424878
0.530644
1.683623
-1.182467
-1.250852
2.095885
1.156909
-1.057390
-0.181704
0.420973
-0.187025
-1.115427
0.829336
0.663215
0.008164
-0.170099
0.266363
0.675267
0.567530
3.373914
0.114406
0.027252
-0.160865
0.681916
0.781321
-0.834151
0.175403
0.801087
-0.427719
0.008247
1.418311
0.621639
1.138230
-0.044800
-0.898730
0.748752
1.274642
0.550731
1.124288
1.533874
0.091170
0.585857
0.811029
-0.280864
0.253700
0.197746
1.178413
0.651104
0.501407
0.396707
0.888479
1.561871
0.546739
0.702558
0.905621
0.440663
0.846984
0.791392
1.010325
0.690454
2.878654
0.701122
1.285594
1.104206
0.249850
1.363948
1.216275
1.061098
1.020496
0.834353
2.557966
1.129783
2.806486
1.043838
3.402726
3.138611
0.651051
2.428604
0.149175
0.951771
0.905908
-0.860020
1.299780
0.432643
1.071121
0.840535
1.241193
-0.198507
1.821315
1.362442
2.009931
1.322571
0.358755
2.386220
0.898138
2.521129
1.060616
0.570750
0.033517
0.721599
0.993986
1.549327
1.391361
1.680844
1.780084
2.709864
2.837575
1.591246
1.083352
1.640135
2.862465
0.142408
2.194791
1.496164
1.797185
1.874266
2.350068
3.719142
2.602166
2.205499
2.238926
1.968295
3.066415
3.103865
3.169893
2.213049
2.082748
5.156631
2.232061
2.364397
2.221845
3.370301
2.140440
2.341935
4.424139
2.996272
2.062920
4.827296
2.062263
2.552072
2.652337
2.954843
2.588213
4.099045
1.609775
3.118274
3.903546
2.791601
3.891703
1.962238
4.657737
3.272381
3.232464
2.452489
4.381359
4.532737
3.394857
3.894517
3.921618
3.309643
3.370367
4.198396
2.446843
4.960139
4.123816
4.231897
4.018488
4.187898
3.814932
4.044741
1.993171
4.667918
3.212812
5.347443
2.518556
5.088915
5.493220
5.865870
4.851086
6.667934
5.456168
6.132904
6.053382
4.914289
6.174590
6.665605
6.422716
4.086660
4.926145
6.950546
6.544970
6.372157
7.395604
8.395123
8.145207
6.746480
6.942246
8.006532
7.759730
7.569684
7.912249
8.187170
8.827145
9.245806
10.136379
9.634329
8.625994
10.117125
10.369676
9.952879
9.932077
12.117169
13.033535
11.742328
10.641652
14.027337
12.785747
12.092818
14.058349
13.343530
12.007322
12.706202
14.697825
14.723712
17.174033
13.509312
15.296033
15.835275
15.666117
16.401370
17.031695
16.333045
18.125424
18.583225
18.541165
19.797710
21.118703
20.422764
20.833285
22.792110
21.149606
23.112537
22.929100
25.203669
23.900740
25.987139
26.131717
26.594837
26.292926
28.393975
28.961461
30.220322
29.151445
31.956559
33.511251
33.252997
35.991171
35.763135
38.283449
36.277261
40.400464
37.665406
42.905008
43.872110
43.405225
42.248392
40.631206
39.759657
38.914718
35.963702
35.178443
33.918770
33.407080
32.601584
32.768617
31.085583
29.644405
30.618218
27.905306
22.840032
25.947471
26.002541
24.017227
23.480877
23.444240
22.256565
22.725281
21.724710
23.342563
20.025714
18.192863
19.582478
20.938640
18.232408
15.307877
18.065086
16.001902
17.057793
16.567618
15.196416
14.832124
15.090666
14.230575
13.847466
12.738353
16.309839
12.947919
13.222375
12.591528
12.226844
13.117973
12.861974
11.755520
12.432499
10.193244
12.813137
9.643179
10.979609
9.744407
11.605904
10.176142
9.169113
9.221148
9.087694
7.453483
8.875784
8.409032
9.175796
10.800990
8.711734
8.116504
8.318940
7.388471
8.234404
7.695199
8.436352
6.252280
7.387642
7.179983
5.931236
5.705045
6.609039
6.435507
7.254187
5.490068
4.948390
6.167106
5.858186
5.044109
5.801014
4.230717
6.228359
5.460443
5.823958
4.101130
6.159167
4.880571
4.189387
3.205406
3.897738
4.486291
5.077003
4.670453
3.512844
5.376685
5.048092
1.869997
3.860535
4.513562
7.344681
4.455924
3.944087
7.201915
4.963000
4.758502
4.600784
5.281366
1.157945
4.553041
4.073136
3.946891
4.754960
3.919027
5.181060
5.484965
3.972336
4.652734
2.367752
2.187680
4.094690
4.441919
3.844481
5.608289
4.682447
5.082518
6.514784
4.683826
4.635605
4.555301
5.699978
3.241531
1.539114
5.733441
3.584375
5.455173
3.923156
6.160867
4.508371
6.598336
6.985454
7.280764
7.428365
8.661115
12.915754
10.532102
9.467212
9.036143
10.658912
11.211924
11.788763
12.752248
13.991405
15.233736
16.999174
17.973842
21.174260
22.711408
22.971886
22.376898
19.730806
19.034569
19.564033
17.227441
13.971417
11.918637
11.049189
13.634601
8.796475
10.088654
10.305227
9.282202
7.831342
7.328983
7.776214
6.321935
6.530134
7.061361
4.235084
5.427949
5.523579
4.158143
3.854117
6.357050
4.432987
4.098153
3.822899
2.084848
2.368859
2.715653
3.071283
2.347372
1.058300
3.247898
1.448694
2.438687
4.758961
2.312468
2.198473
3.379518
3.384456
2.745970
4.089132
2.088947
2.135586
2.209416
2.771078
3.236283
2.758962
3.076151
1.541696
2.351023
-0.299823
1.239541
0.085595
2.098830
1.326959
2.168496
-0.952029
1.119517
0.055809
1.134531
1.435595
2.720840
1.205882
1.026877
2.065632
1.340526
1.388025
0.749144
0.819240
1.191748
1.220789
1.114157
1.217311
-0.819607
-0.259948
-0.639048
0.941224
0.448930
0.844394
0.397250
0.562989
0.716332
0.614111
-1.212908
0.734426
0.050139
1.649556
-1.746397
1.166886
0.960355
1.470293
1.951867
1.116712
2.349201
1.473495
1.022609
0.095718
1.052367
0.450045
1.072594
0.607576
1.499630
2.302109
1.815639
-1.557707
-1.067114
1.803719
0.100009
2.241076
0.382765
2.501002
-0.183153
1.791965
1.247957
2.614102
1.124769
0.834875
2.190399
0.493555
0.366852
-0.279038
0.453475
-0.153698
0.867607
-0.267312
0.472038
2.314528
0.067372
0.676123
0.959968
0.309403
0.939322
0.891711
-0.044793
-0.077749
0.366460
-2.421982
0.352929
-0.402993
0.225462
0.253146
0.826609
-0.070597
0.523987
0.144965
0.328767
0.075287
-0.076980
-1.634681
0.629692
-0.783245
-0.648476
-0.196780
0.639341
0.293767
0.954828
-1.173635
0.178245
1.190678
0.540159
0.965783
0.539369
0.292026
-1.049951
1.063674
0.302515
1.316285
0.006372
-0.033642
0.095524
0.105830
0.754349
0.702154
0.898804
0.301597
-0.386919
-1.001175
1.391690
-1.158966
0.870224
1.653423
3.936645
0.434594
-1.187323
-0.519337
0.698664
0.295300
0.249910
0.503414
0.424550
-0.828440
0.821423
-1.696099
1.854677
-0.938333
-0.952309
0.318243
0.258584
0.496696
-0.564634
-1.574641
0.312425
-1.088847
-0.273227
-0.172604
2.856319
-1.545796
0.073225
0.263711
0.547010
0.421275
-0.245469
-0.285220
1.662261
1.741456
-2.905154
0.643924
-1.933306
0.254357
-0.489598
0.441027
0.620271
-0.654283
-0.128324
0.193326
1.488232
-4.586445
-0.206257
-2.522886
-0.109640
0.652674
2.592321
-1.556158
-1.608646
-0.827657
-0.204987
-0.238917
0.323692
1.162924
0.104511
-2.265169
2.238901
-0.473317
-0.054244
-0.606373
1.037378
-0.463298
0.035748
0.052039
0.143855
-0.916071
-0.032406
0.180816
-1.226312
-1.028548
0.720973
1.543096
-0.152610
0.162453
0.265866
0.482170
-1.560744
-0.158462
-0.173396
-1.145410
0.294770
-0.128127
1.245327
-1.116808
4.134359
0.308860
0.637109
0.089836
-1.118344
-0.638523
0.238939
0.366518
0.742382
0.195771
-0.414057
-1.393279
-0.253813
1.694373
2.839605
0.186604
0.717106
-0.105940
0.242623
-0.010360
0.267322
0.814949
0.356748
0.587414
-0.319395
0.165808
0.101920
0.881689
-0.706975
-1.410006
0.433252
0.087592
-0.194428
1.320173
-0.664998
-0.094212
0.171251
0.098892
-1.121893
-2.064481
0.452700
-1.840178
1.257487
0.183583
0.638131
0.217235
0.040471
-0.257496
0.529271
0.564887
-0.583853
-1.680859
-1.049109
0.035445
-0.465991
1.688263
-0.574969
0.875529
-0.853669
-1.237316
-0.248116
0.804408
0.429283
1.316052
1.903771
0.213299
0.208182
-1.344602
0.964341
0.186253
0.076589
-0.631044
-0.379248
-0.691050
-0.208881
0.319801
0.793087
-0.162212
-0.113467
0.230775
-3.088500
-0.386423
1.779134
-0.509928
0.932480
-1.204699
-1.826690
-0.473328
0.443521
0.303480
0.131597
-0.534496
-0.031548
-0.698895
0.317401
0.126703
0.099528
-0.476400
-0.136098
-0.934265
0.565336
0.369436
0.135440
-0.258176
1.363543
0.309559
2.243948
0.237943
-0.285367
-0.263234
0.896999
0.822372
-1.259930
0.194356
0.264047
-0.610441
-0.092750
-0.573315
0.249339
0.176844
-0.189152
-0.079592
0.572848
1.353886
-1.197882
0.756599
-0.293639
0.172853
-0.249608
-2.377575
0.739169
-3.443656
-0.501282
0.797893
-0.358517
0.866526
-0.643982
2.173167
0.279182
-1.250806
-0.417110
-0.082285
0.119858
2.096265
0.866785
-1.249411
0.125516
1.307951
0.272157
0.023726
-0.063823
0.237424
1.010267
-0.569811
1.773646
-0.943792
-0.011415
0.484680
0.810238
-0.476146
-0.597547
1.581866
0.128956
-0.247874
-0.116953
-1.295252
-0.197475
0.579949
-0.694660
0.268921
0.566338
-1.013958
1.523714
2.360568
0.349820
0.503790
-0.110127
2.420978
0.611880
-0.217413
0.464293
0.344916
-1.594292
0.501733
0.796230
-0.186756
-0.178975
-0.036321
0.905835
-0.998349
-0.451313
-0.436573
1.509074
-0.740452
-0.490052
0.602582
0.497244
1.546025
-0.044378
0.333181
0.154151
-1.375248
0.267760
-0.146806
-0.196921
0.357018
-0.773658
-0.707348
-0.683446
1.325518
-0.883969
0.165878
-0.612760
-0.224083
-0.576035
-1.952165
1.926805
0.205581
-3.599748
-0.227182
1.824547
-0.764988
0.219278
2.039717
-0.288913
-0.150530
-0.205459
-0.605872
0.295981
-2.367468
-0.277381
-0.454088
1.106668
-0.157185
1.388283
-0.219214
1.138107
-1.205986
0.069802
-0.785901
-0.961192
-0.236075
0.165135
0.245139
0.886873
0.134874
0.347506
0.999018
-0.081716
-0.816610
1.775347
-0.013339
1.070196
0.608155
-0.473981
0.023854
0.700595
0.514181
0.596329
0.900096
0.323880
1.005827
1.182328
2.233100
-0.238514
-1.014412
3.161742
0.653838
-1.671904
-0.210522
-0.176719
0.006715
-0.290172
0.022802
1.047096
0.269410
0.807628
-0.392200
0.235222
-0.045297
-0.243397
0.170494
-0.823641
-1.324928
-0.225985
0.938167
0.394137
1.725120
1.063509
-0.310523
0.467112
0.335804
0.310834
0.073525
-1.211014
-0.504838
1.384520
0.316563
0.878406
0.004660
-0.511010
0.137173
-2.028817
1.488391
-0.487240
-1.311422
3.245115
0.974843
0.588547
1.124576
-0.525139
-1.618980
-0.942704
2.243154
-1.089582
0.559087
-0.020316
0.013738
1.274573
0.180073
0.095856
-2.202984
-0.070489
-1.500461
-0.281277
0.576846
0.019630
1.998568
2.582363
0.583296
2.294697
-1.487257
-2.255490
-0.413990
0.387963
0.011378
-0.380730
0.085294
2.078996
1.169170
1.397129
0.711310
0.580139
1.297809
-0.635959
0.570922
0.086155
-0.477685
-1.332636
1.330537
-0.058121
0.639427
-0.017106
-0.166327
-0.943305
-0.677358
0.066091
-1.300699
0.914383
0.064831
0.822814
-0.007694
0.197172
0.820119
-0.810300
2.173358
-0.639935
-0.529969
3.067860
0.197373
0.316990
0.864111
0.442783
0.343838
3.002207
0.879449
-0.693994
0.338649
2.057138
-1.540323
2.110342
1.092594
-0.287166
0.177057
0.668590
-0.437879
1.620766
0.017436
-3.574261
0.948214
0.265353
0.394661
-0.125957
-0.015550
-1.860201
-2.919028
-0.753801
-0.282006
0.214747
0.031144
-0.071557
2.657808
0.457855
0.566952
-0.278079
-0.363088
0.316737
1.100007
-0.457813
1.063380
-0.028720
-0.157037
-0.010052
-1.057477
0.096673
0.105591
0.875883
-0.941328
-1.124573
-1.342317
0.594175
2.709710
-1.734478
-0.578624
1.272088
-0.184625
-0.870787
-1.146825
-0.267569
0.451928
0.132869
-0.337138
1.565838
0.582154
-0.513111
-0.801297
0.061677
0.912479
0.397523
1.152331
-0.273923
1.111732
-0.024550
0.703189
0.006713
0.308967
-0.104719
-0.414375
0.510969
0.605861
1.253274
0.868387
0.143971
-0.424094
0.010355
0.035710
1.139330
1.959402
0.107593
0.462505
-0.624137
-0.030912
1.008972
-2.830931
1.138590
0.045413
0.968561
0.417728
0.398392
0.880667
-0.473674
2.637061
0.504504
-0.558608
-0.649693
1.062970
0.924825
-0.057555
0.564892
-2.197518
-0.639901
0.149819
0.222159
-0.754055
0.181598
-1.030693
0.540817
-0.944491
0.348618
0.408559
1.977486
2.188678
-1.782525
-0.379842
0.529265
1.603126
0.942068
1.004990
0.157921
1.388552
-1.462902
-2.143698
1.610737
0.337768
0.616500
-0.441685
2.556287
0.824635
1.365902
2.322564
-0.334691
0.659621
-0.150512
-0.168311
0.994572
1.485416
-2.303302
0.271485
0.873497
-0.089537
1.128703
2.685209
3.034495
1.003366
1.081920
0.483045
3.017215
1.644942
1.354154
1.832209
0.080788
2.314583
1.645887
0.836632
0.829665
2.385190
1.711238
2.082905
3.172267
1.164795
2.579528
2.090783
2.133076
1.875146
3.755217
1.570929
2.901929
4.892374
3.968565
3.280919
3.646098
3.470516
1.747043
2.721700
4.584302
5.183567
6.959879
4.536441
5.062686
5.723491
6.573922
5.906984
6.458675
8.600676
7.561278
7.873591
5.670887
7.832519
8.912853
8.974954
11.766840
12.708549
13.102895
14.604938
14.996200
16.323657
17.766456
17.305102
18.650650
21.640643
24.944302
27.604646
27.270395
29.614995
36.305566
36.645674
39.090822
42.591754
43.566702
38.069024
33.681552
31.444915
28.538491
26.617599
25.529136
22.491282
21.252492
17.769002
17.722650
17.583659
14.799272
14.811499
11.462448
12.674912
11.534452
11.389824
10.270511
9.769434
8.905912
7.577857
8.094589
5.166453
5.145691
6.433275
6.048856
9.279267
7.194775
5.374715
4.954503
6.084942
4.593845
4.013249
3.393788
3.880457
4.937684
3.237714
3.648444
4.196196
3.147710
1.817002
1.396818
2.496868
1.942298
2.615613
2.650902
2.062051
1.776668
1.884336
1.793056
2.475817
2.406656
0.639991
1.632585
-3.497718
1.341124
1.561197
2.418458
2.680341
-0.363857
1.189479
2.017215
1.692994
1.786356
0.807081
0.264814
2.361492
0.848197
-0.463667
1.781355
1.281421
0.902385
1.766102
1.829272
0.345243
-0.000093
0.569219
0.090629
0.805982
1.019906
1.903534
-1.951393
0.560302
0.878929
0.550630
0.237010
-0.179506
0.391619
0.736100
0.458656
0.441668
-0.110016
0.452141
-0.324003
0.929779
1.024707
-0.585445
-0.467317
-1.616451
2.350933
0.105821
0.179759
-0.951724
0.660076
-0.461134
0.058396
0.508092
0.403468
0.213708
0.530440
3.734963
1.644401
0.631318
1.115861
0.703776
0.775632
-2.932810
-2.793353
0.120353
-0.478394
-0.046847
-0.056965
1.983496
-0.046977
0.528622
0.702367
0.386913
-0.041828
0.459335
0.489258
-0.115947
0.398554
0.849022
-0.783777
0.390753
-1.703702
0.160299
0.192114
0.176218
0.253932
-0.632997
-0.186405
-0.940536
0.819425
-0.369556
-0.812055
0.071936
0.309430
-0.755433
1.548015
-0.351653
0.237930
-0.406392
-0.208902
1.168813
0.556513
0.728784
-0.348838
2.113235
0.161753
-0.871775
-0.468872
-0.145844
-0.739301
-0.207137
-0.022931
-1.173822
1.164302
1.442347
0.277028
1.292327
0.601890
0.891135
-1.081222
-0.483046
-1.181046
-2.000587
-1.142520
-0.486038
-0.017025
0.406443
0.027653
0.553505
-0.291109
0.044911
-0.162149
-0.458377
0.175369
0.153978
-0.707584
-0.117773
1.366503
0.176016
0.917290
0.639158
-1.674057
-0.593946
-0.045722
0.115598
0.813634
-1.358775
0.377897
-0.495974
1.364677
0.113532
1.304025
-0.008306
-1.003110
-0.553938
0.730891
-1.900025
0.986571
0.718537
-0.648778
0.152208
-0.411099
1.025014
-0.570171
-0.515839
0.244497
0.481505
0.031702
-0.280658
-0.727658
-0.073747
-1.274449
-0.336464
0.573521
0.014317
0.329049
-1.014606
-0.239837
-0.259718
0.586489
-2.329664
0.937170
0.587526
-0.455577
-0.325491
-0.215489
-0.443486
0.243301
-0.251778
0.815357
0.436959
0.452494
-0.079868
-1.102944
1.093043
0.414614
0.652018
-0.703381
0.156217
-0.061488
-0.147311
4.659890
2.177298
0.025190
0.793423
-0.177623
-0.049289
0.347404
0.132300
-0.247371
-0.990131
0.627034
-0.673854
1.097305
-0.200078
0.107133
0.920918
-0.024120
0.383665
2.461754
1.928083
0.465282
-0.073453
2.491003
0.685129
-1.512459
0.284375
-0.342749
0.850836
-0.046748
-0.164922
-0.476752
0.052083
-0.661950
0.018942
-0.023329
-0.077553
-0.366335
-0.268269
0.780048
0.197457
-0.290933
0.587896
0.300402
-0.190874
0.690813
-0.441871
1.293031
0.156345
0.753006
-0.293684
0.146170
1.606510
0.086020
-1.089176
-0.708774
0.125550
0.309392
0.919785
0.088835
-1.689685
0.452220
-1.281721
-0.311983
-1.799851
0.144051
-0.507150
0.880475
-1.255060
0.208799
0.583551
0.032401
0.322398
0.767969
0.407710
0.101717
1.654833
-0.502506
0.508338
-1.316613
0.413029
0.030646
0.790640
-0.090076
0.891834
1.829647
1.530986
0.090333
-0.300232
2.374347
1.073884
0.528411
0.897310
-0.887055
1.515377
-1.026623
0.530727
-0.123017
0.327606
-0.487104
0.305737
0.025862
0.053927
0.614270
0.488552
-0.127544
-0.731619
2.944782
0.228723
-0.368967
-0.064985
-1.520550
1.897701
0.199818
0.622047
-0.701744
-0.276581
0.181200
-1.145100
0.648816
1.399356
0.363054
-1.094832
0.764436
0.297350
0.169664
1.573698
-0.541601
0.621215
1.412559
0.639739
1.722340
0.246467
0.139501
0.253949
1.511865
-0.395438
0.995037
1.145985
0.158590
1.254435
2.640187
0.687938
-0.747694
0.389492
-0.654600
-2.201014
-0.307596
1.484820
0.733644
0.610414
0.487366
0.013918
-2.060315
-0.750770
0.428003
0.725514
1.638088
0.278445
-0.264375
-1.411284
0.695817
0.452266
1.300686
1.801831
1.639082
0.163299
1.660787
2.006049
1.740468
-0.041887
1.633871
0.439588
2.451687
1.283329
1.696993
2.309759
3.376190
2.894547
3.209096
1.801571
3.290716
5.394226
3.961749
6.471156
6.353663
7.761634
9.486407
10.294670
12.591564
14.082236
16.098175
19.918182
23.509918
27.125637
32.186360
28.044670
22.673866
17.265435
16.289954
13.039836
10.626881
10.390161
8.649260
8.950189
6.114690
4.863675
5.731716
4.996917
4.615830
4.279528
3.546668
3.249650
3.894000
4.147361
4.107821
1.511970
2.585389
3.920874
2.753489
2.621864
2.420289
2.606832
3.277259
2.422863
1.355855
1.360499
0.378815
1.692218
-0.170443
2.090925
2.209937
2.314236
2.266155
2.425376
2.330522
1.507553
3.241793
0.611778
2.365752
2.583237
2.071220
3.665513
4.609322
2.775088
2.487174
4.636498
4.058349
3.472609
4.933074
6.311591
5.429033
6.474022
6.263630
7.826037
7.277129
7.348842
7.478421
8.093463
10.061195
10.103595
10.926119
11.820643
13.156228
13.070688
15.528372
16.817882
19.727833
21.225529
24.228597
24.545025
26.570642
32.186206
34.416983
37.411040
42.229663
48.356854
52.258927
47.032638
40.730771
38.761340
32.819236
29.949194
27.058832
25.005421
22.183207
19.472797
18.616554
15.560394
15.714659
13.734839
14.818665
11.070934
11.046215
10.879825
7.069402
8.922772
8.193833
6.172591
6.850715
6.450447
7.420728
5.963177
3.264322
8.278836
4.666775
2.846909
2.387304
3.645992
3.453733
3.862948
2.418406
3.187271
3.537189
4.312730
2.143617
-3.073586
2.535809
1.216917
0.032423
1.944607
1.981268
4.101690
-0.349929
1.513523
2.833170
3.592078
0.817394
0.001810
0.810033
1.263803
0.434984
-0.692526
0.784739
0.094680
2.026181
1.103709
0.202757
0.942892
0.486966
0.576335
0.983559
0.862071
0.904884
-1.356466
0.448423
-2.020389
0.552710
0.074016
1.120289
-1.693065
0.796712
4.397741
0.703198
1.632375
1.227896
0.798618
0.036234
0.667742
-1.382524
-0.332546
1.208369
-0.459765
2.009965
0.310254
0.022858
1.320597
1.541589
2.049634
3.635035
1.462771
1.673865
0.275719
1.794411
1.178210
4.117180
1.966229
3.781477
2.725977
3.393427
2.806378
2.878562
2.826168
4.536744
4.658604
2.767218
5.471765
6.577008
9.198101
8.570193
9.243416
9.349078
12.565936
14.186869
16.784787
17.026102
22.009371
27.900233
31.119254
37.792113
43.046413
35.028227
29.816180
23.122158
20.623826
19.762688
14.677107
13.231118
11.378877
7.623481
11.413267
8.068028
5.198646
5.704665
4.938532
4.956301
2.125023
2.727662
5.388486
1.959200
2.480478
2.877061
2.065130
0.808852
2.679222
3.220133
0.533008
1.872262
2.272608
1.264311
1.987335
1.727112
0.194111
0.694416
1.003076
0.062375
1.426955
0.997524
1.172244
-0.833574
2.524986
0.553547
0.677469
0.720242
-0.477764
2.915769
-0.027155
-2.911845
0.848279
0.825550
0.628622
0.537515
0.179008
0.505628
1.303229
0.816675
0.403756
0.409703
-0.809033
0.484173
0.360180
0.499921
0.114037
-0.342015
1.278459
0.656935
0.474902
0.755954
-0.510551
0.643997
0.101384
0.085479
0.618831
0.685007
-1.809714
-1.383555
0.137736
1.197398
-1.309958
4.854664
1.171067
-1.138052
-0.542992
-0.427923
-0.658318
0.092566
-0.571543
-0.956562
0.062894
1.695219
-2.569828
0.910070
0.272264
-0.367768
-0.732070
1.818273
-0.523017
-1.645079
0.311331
-1.268183
-1.124088
-0.826103
1.994791
-1.474969
-0.144861
1.003585
-0.002556
-0.534897
-0.117320
-0.692686
-3.275669
-0.564524
-0.152021
0.707493
-0.789239
2.660568
0.352004
-0.806729
-0.453571
-0.710121
-0.610949
-0.413847
-1.619340
1.393800
0.960272
0.349666
-0.165155
1.279745
-0.724624
0.191527
-6.378000
2.315043
-0.239547
-0.112897
0.449188
-0.811684
-0.208763
-0.888302
-0.237467
-0.097022
-0.721315
-0.808697
0.457740
0.072724
0.494433
2.248614
1.707746
0.970402
-0.278508
-0.279627
-0.953975
-0.577766
1.757616
-0.262150
2.676641
0.622292
0.619718
-0.764334
-0.033608
2.890668
-1.733497
-0.793578
-0.443197
0.373213
0.468688
0.560899
1.281462
0.463332
-0.416691
-0.396850
1.017318
0.735055
-0.958564
0.012540
0.215899
0.583489
-0.876202
2.551371
0.182919
0.100348
1.605120
0.012491
-2.107669
-0.374930
0.515032
-1.674636
0.897339
0.121348
0.394881
0.562452
0.398460
-0.717487
-1.386701
-0.252597
-0.353703
0.363921
2.198189
-0.977539
0.803291
0.138819
-0.295581
-1.327386
-0.276390
-0.619600
-0.757159
0.942789
0.456881
0.458717
0.961993
0.177680
-0.596350
-0.678026
-0.870727
0.366558
0.443102
0.400401
-2.457496
0.231518
-0.697261
-1.205109
0.572523
0.205639
-2.392489
0.213486
-0.464922
-2.108280
0.116025
-0.992241
0.024822
0.107044
-0.521298
-0.057814
0.172225
-0.537057
0.122822
-1.774101
-0.018877
1.760162
0.071336
1.377935
-1.071557
-0.732002
-0.197501
-1.556906
-2.627839
3.451280
0.572996
0.159418
0.478061
0.117095
-0.538956
-1.236046
0.782061
0.497443
-0.420360
0.395216
2.016193
0.129246
1.191933
-0.386354
-0.560095
0.275304
-0.093732
-2.207652
-0.657637
0.857603
-0.680996
-1.496360
-2.398674
-1.088218
0.429426
-0.920780
-0.653243
0.517801
0.006092
0.318281
2.193562
-0.274787
-0.788914
-1.014148
0.499394
0.394057
0.010484
0.004739
2.487204
-0.072940
0.274761
0.864075
0.165323
-0.547385
0.069802
-0.166178
-0.708886
-0.583590
0.092919
-0.034967
1.436971
-1.605127
0.075299
0.751273
0.325187
0.149736
0.023671
-0.325896
-0.971738
1.295196
1.336008
0.456381
0.479510
-0.493139
2.197348
0.812947
-0.394097
-1.478205
-1.531642
0.482554
0.030442
-0.001567
1.279171
-0.022266
-0.293342
0.193005
0.116713
0.034874
-0.034938
-0.482833
-1.752053
1.581465
-0.410880
0.144823
-0.215296
0.112296
-0.312715
0.507591
0.343951
3.762118
0.559998
0.388194
0.334114
0.891565
-1.094696
0.097874
0.514994
-0.307449
-0.352852
-1.489552
-0.214026
0.778304
0.124054
0.038808
0.250475
-0.057035
0.155021
-1.641279
0.235960
-0.423793
-0.084084
-0.833296
-0.496554
0.204359
2.216858
0.037088
1.989798
0.558856
0.060676
0.300582
-0.038586
-1.703982
-2.406437
0.863238
0.835750
-0.198943
-1.121907
-0.350917
0.186841
-0.475164
-0.260218
-0.258861
0.112176
-0.203483
-0.228192
0.059344
-1.071050
-0.017009
-1.366794
-0.123492
3.557739
-3.255420
1.753461
0.060427
0.682350
-0.234353
0.517641
0.829430
-2.112729
0.152212
0.116768
0.196874
-0.217300
-0.508982
0.412829
-0.700947
-0.966168
0.611890
0.419261
1.407292
-0.588910
0.255402
-0.085259
-0.423969
0.728953
0.420060
0.075524
-0.658524
4.203535
1.541030
0.211512
-0.358177
-0.445723
0.445355
-0.426251
0.016095
0.018014
1.170046
0.480224
-0.434139
0.683293
1.240372
-0.852419
0.483039
-0.105190
-0.493653
0.135901
0.816980
0.922422
-0.838515
0.661204
0.118227
-0.253583
-0.800886
2.053829
1.583123
1.037322
0.694916
0.171795
-0.315592
-0.202929
0.855335
-0.928682
-0.551764
1.086113
-0.238974
-0.859877
1.060394
-0.381096
0.275163
0.265268
-0.302410
1.279935
0.571067
-2.738784
-0.064523
-0.925347
-0.918702
0.085076
-1.194041
-0.068337
-0.638853
0.639512
-0.039623
-1.273663
-0.183203
-0.760077
-0.441172
0.130863
-0.118057
-0.247415
-0.747584
-0.133216
0.941664
-0.620752
-0.510644
-2.311242
-0.152333
0.292164
-0.547813
-0.172322
-0.591448
3.144317
-0.143336
0.081476
-0.503129
0.695987
-0.104751
-1.857399
1.094809
-1.983389
0.856429
0.840157
0.031129
-0.454672
-0.454616
0.224153
0.774321
-0.233635
0.050447
0.000175
-0.416163
-0.177269
-0.869407
-0.045583
-0.215135
0.233848
0.154217
-0.981376
-1.380822
0.988061
0.447188
1.606657
0.304539
0.760996
-1.499956
-0.470554
0.450253
-0.149060
0.057065
-0.528368
-1.392707
-1.187467
-0.021229
0.911249
-0.723322
-1.729232
0.220426
-0.213632
-0.022630
1.665838
-0.203400
-2.717384
1.093830
1.415732
1.454385
-0.203741
-1.103011
-0.643151
0.101506
0.173300
-0.585065
-1.919878
0.388978
-1.403273
0.785501
-1.048260
-0.362273
-0.161119
-0.140002
-1.342092
-0.875226
0.900645
-0.139377
-0.446391
-0.107391
-0.376877
0.504522
0.960657
1.834398
0.193894
0.318166
-0.427478
0.170130
-0.647648
-0.060859
-0.884899
1.186680
0.043457
1.874245
-1.379534
-0.269530
0.474712
0.242967
0.276463
0.285285
-0.560103
-0.189698
-0.390527
1.307089
-0.031098
0.288893
1.399106
-1.085676
-0.404255
-1.251135
-2.183953
0.127544
-0.499366
0.122503
-1.656263
1.275298
0.197127
0.007947
-0.514343
0.685063
1.116795
0.066454
0.541786
1.530866
0.875141
-0.258267
-0.250112
1.891059
-1.235700
0.322684
-0.810342
-0.305930
0.140026
0.062043
-1.056277
-0.664416
-0.645691
-0.469669
0.177298
1.170981
0.003588
-0.288305
-0.556858
-0.293718
0.278533
-1.652232
0.158055
-0.042063
2.771025
1.482363
-0.157830
-0.756706
0.775609
0.662190
-0.504734
0.371985
-0.216944
0.066958
1.513877
-0.036557
-1.405926
0.780577
0.035072
-0.770856
0.881573
0.324818
0.348178
-0.277307
-0.923749
2.873470
-0.031709
-0.962748
2.416034
-2.388732
-0.101210
0.086225
0.957969
-0.368658
0.357878
-0.014149
-0.740105
-0.100151
0.127294
-2.223657
0.514834
0.317303
-0.786363
0.526145
-0.912477
0.213148
-0.686945
0.376541
0.302090
-0.016352
0.701055
0.784456
2.339126
-0.311173
-0.752306
-1.131692
0.441546
-0.144175
1.210981
-2.487438
-0.954256
-0.940618
0.080213
0.562262
-0.469732
1.124587
1.089470
0.192284
-0.739015
-0.763902
-1.721023
-0.043084
0.392358
-1.014979
1.462343
0.957665
0.064959
-0.451338
1.147386
-0.318708
-1.117754
0.072010
-0.097065
-1.348397
-0.059006
1.608636
0.116778
-0.133753
2.125277
0.350477
0.318595
-0.072951
-0.780730
-1.119647
1.870937
-0.016115
-0.522103
0.138721
-0.237318
-1.464846
-1.336673
-0.252417
-0.504002
0.363897
-1.212102
0.351140
0.183588
-0.306448
1.426026
1.173050
0.084315
0.672439
-0.316781
2.402794
0.823759
-0.679379
-0.398565
1.398325
-0.613834
-0.160024
0.641932
-0.908473
-1.529637
-0.046915
0.289590
-0.219134
0.393392
0.135542
0.044642
-0.327245
-0.369043
0.718546
-0.029733
-1.204849
-0.239046
0.427291
-0.392935
-0.419536
-0.171708
-0.618993
0.960818
-0.132089
1.171821
0.837954
-0.120689
-0.711396
-0.783531
-0.322614
-0.797515
-2.545387
0.089947
-0.121938
0.503620
