-3.534717
1.948041
-6.824285
6.596229
0.839531
0.093799
0.204331
0.133810
1.077997
7.058109
9.789857
1.024255
8.874481
2.847038
19.761572
0.605727
-7.333561
-1.029198
5.741910
4.065667
0.997028
-3.367441
-1.566875
-3.895863
-0.266595
-9.040551
-3.187761
-2.961911
-5.851275
19.533187
-0.137314
-12.086447
-4.376056
-10.345182
-2.485108
1.898342
-5.083877
-10.214770
-4.006100
1.881230
-2.830832
-2.572493
-5.350389
-2.996209
4.876275
14.789953
2.900089
1.631317
-0.980492
0.145545
1.574935
-4.844243
2.962406
-1.680045
5.763101
0.792809
0.089851
-0.771104
1.434171
-2.575864
-8.482827
-0.732630
-0.202055
2.497063
-0.361412
-4.590404
0.161552
2.244951
1.746312
1.784678
-7.371981
3.629797
5.508315
-0.771307
7.792278
8.748514
4.994037
-4.262507
-3.063599
0.421586
-8.617271
6.107757
-0.092305
-1.915125
0.121902
1.159707
-2.191102
0.929529
2.003945
11.313818
-2.904362
-9.031899
1.474410
-10.539655
-6.899196
-7.313254
-3.121479
13.180492
3.660274
-0.403429
0.848184
5.254162
-2.833589
0.146281
4.019400
4.000113
-7.097561
6.020399
7.213016
0.732621
2.824346
1.209153
2.181216
3.636568
-4.415022
1.173224
0.677525
-3.915865
3.874167
0.006229
-5.120218
-9.727504
-10.357897
-0.101485
0.399454
1.240162
-0.334983
-13.611616
1.503008
1.734404
17.827409
1.535132
-1.520591
12.025158
1.060235
5.824048
-3.439973
-4.676108
4.983555
-0.372873
10.285232
-1.249644
0.645544
7.785911
9.434056
-0.076257
3.074540
-1.306941
0.376388
-2.393769
-0.795500
-3.084766
-5.512103
1.165224
-0.837206
-0.966932
1.464085
1.709625
1.819287
-6.465895
-6.619583
2.050862
2.972981
-5.542096
0.388737
0.462984
-4.934678
0.985593
-3.207303
-7.128069
2.023763
-5.339766
0.001929
-0.651630
-7.183695
-3.089446
1.157358
0.128591
5.095361
1.464817
-0.010825
-0.996526
1.738354
-2.006277
3.032978
-2.219233
0.374973
-3.406704
0.170519
-1.114380
-0.256590
-0.165154
3.255586
1.221901
4.115905
-0.571022
4.980992
1.434536
-3.431684
-0.526995
3.960321
7.060906
0.076363
-13.190094
-4.730251
-3.928091
1.999169
-0.695513
-1.210054
-18.465733
-2.810469
-6.529315
-5.208180
0.184339
9.231990
0.652887
0.759588
0.325993
-5.786998
8.620149
1.303669
2.797625
4.780000
-6.185208
6.627366
2.751946
3.083312
1.472497
-2.757016
8.304270
1.751816
0.929878
-4.819114
8.483641
-0.980008
5.420743
-0.061804
-2.731887
-4.503583
1.356026
2.578110
2.219372
0.060792
-13.256503
-4.164024
-1.301200
0.264704
3.751558
2.019832
2.527747
1.600241
-2.569075
5.300771
-2.469269
-1.029345
13.517659
1.787214
1.282332
-1.152605
-11.195714
3.725023
-0.147581
-3.181683
-3.347117
-0.992626
-13.903365
10.059966
0.299438
2.513340
-0.142212
-2.926519
-0.286669
-5.873842
5.137729
-2.747108
-2.788336
-2.373899
-1.909740
9.415346
2.363078
0.103334
-1.147688
-0.790604
-2.487593
0.177512
-0.241001
-1.873792
4.462601
-0.256266
-7.353367
0.822499
-2.701510
8.601240
0.882290
-7.389904
6.917278
-1.207411
-2.484139
-1.722950
-0.786280
3.760184
0.619246
0.432264
3.210881
1.082204
-0.500072
-2.676164
3.415671
-1.066105
0.718555
6.413397
-5.850449
3.758387
4.676959
4.981642
-1.260718
0.141657
-4.774891
-8.701841
2.231236
-6.031841
-3.591096
-2.616811
0.795656
0.006933
0.264003
-3.784075
13.541489
0.755360
3.350885
7.610051
0.872658
-0.148454
-1.452577
-5.878726
-5.218781
5.564464
-0.526801
-0.096730
-5.295755
-2.220630
-0.206638
3.794875
-5.590290
-0.869644
-4.252867
-9.480709
5.373909
-1.223280
5.729003
-1.570785
4.370610
-6.668028
-1.770976
12.473234
0.528836
-0.062453
-0.228806
-0.633976
3.192040
1.466523
2.543675
0.245998
-3.752181
-1.471156
-5.856155
2.803428
-13.474744
3.567815
-0.328596
-3.541729
0.879830
-0.475175
1.175040
1.335629
-0.219201
-4.322922
0.713449
1.722161
-1.798330
5.982610
3.288745
3.433221
-4.291498
-0.264594
5.670558
-15.315468
5.280771
6.939935
3.459590
-3.421154
5.204257
10.010207
2.641383
-5.116360
4.501552
4.835738
10.748258
8.012807
14.768336
7.939570
4.812983
18.136291
15.483923
19.838735
23.609976
25.226272
27.101737
34.897435
44.605969
38.177713
15.787652
17.150532
18.274173
14.015105
-0.636080
12.686882
10.919969
8.225856
5.963266
7.867226
9.195935
5.185847
4.059883
5.414226
2.838777
1.531874
3.530500
6.417437
-0.662481
2.007885
2.217937
2.688127
4.028430
4.994644
1.891040
-1.163806
7.221561
-0.974979
0.197314
4.306356
8.068401
4.040491
10.637703
2.027784
-1.856691
-3.023541
9.573196
0.512361
0.706865
3.315882
-3.055141
8.305301
8.784381
-5.940427
0.812724
0.510283
0.189984
4.506584
1.964993
0.475531
-0.543698
-27.185030
-0.152340
2.684357
0.432842
-9.772120
-0.826014
0.042297
-0.489948
-1.893108
-1.263249
5.001048
-2.575762
0.943321
-3.912995
-1.777916
1.352875
-2.885874
0.190154
-1.453855
-0.610546
-0.094582
5.731733
0.050794
-1.138574
4.749582
-0.119353
0.660250
0.400564
2.451906
4.940236
0.816993
1.096774
2.427154
4.721270
-1.054714
1.460878
1.963896
-0.471941
-3.890224
12.101822
6.074680
1.554406
-1.503372
5.957773
1.197553
2.235467
2.911142
4.459154
2.675242
5.109384
12.318872
2.919630
4.582143
2.884990
8.485294
20.184382
26.235882
-3.997827
7.283940
7.451456
6.473389
12.831542
12.425306
15.684643
12.558203
19.463311
29.912718
33.155350
46.824366
45.517357
43.562712
35.625199
33.383421
25.780892
27.329895
25.037834
13.387849
11.479840
12.701559
8.768531
23.306105
9.093964
9.091447
20.944562
4.493238
-1.190521
9.114629
-9.106347
8.537357
4.517971
-2.354059
5.431352
2.496160
-1.281125
2.478022
-2.031914
-0.358443
4.776292
-0.126949
8.352035
-12.033342
-2.802023
1.258820
4.344890
2.130418
-6.675852
1.420953
9.296923
-0.148823
-1.560706
6.778454
-16.063019
-7.181262
1.822759
-0.072659
-3.570162
8.507285
1.188027
7.475694
-4.969612
0.785138
3.104568
-1.343698
2.799400
3.598398
-10.476574
1.543238
-1.380923
6.892392
0.659833
-5.957961
2.906008
-8.762363
5.199654
18.283597
18.339595
6.741561
-0.914557
6.244210
5.528625
6.925086
-1.667003
0.892214
12.287294
10.842597
15.107118
13.812791
16.897682
21.729524
21.675350
26.594717
27.680519
26.706901
16.424659
19.033784
28.029373
18.161157
13.496370
12.314664
2.953267
5.698870
2.247808
4.514273
6.962543
-3.983936
4.948017
5.580655
2.583355
5.841185
5.859427
4.336246
6.106987
4.069289
7.475247
-3.359634
-4.270810
-9.947353
-1.932421
6.014773
2.547918
-4.776724
-2.699589
-2.519003
1.425380
10.545627
-0.613569
-0.070169
7.602005
6.159268
-1.607123
7.747899
-0.793956
3.496115
-2.083244
-3.578132
4.301139
-0.915988
-2.691493
-3.600806
-2.050334
-2.782020
0.265931
0.141438
1.087492
3.295054
-6.143091
-4.930103
0.080414
6.640920
-4.457586
2.536223
-2.205084
-7.543678
-0.120981
0.949851
-1.862739
-0.614015
4.590518
-3.034652
4.915058
-3.159247
-2.053691
-1.515410
-1.458276
0.529910
-3.503314
-1.155628
1.915803
3.707732
1.017143
-2.574688
0.883909
0.512035
6.352655
-6.198983
-17.091064
0.034888
0.634147
-0.876639
1.303988
-1.045039
2.468642
-1.307938
0.858183
1.059284
2.770662
-4.617928
-4.070663
-0.115147
1.063254
-3.830082
0.786275
7.776999
-0.985906
15.844836
-0.709153
-29.886426
2.492788
0.471140
8.297802
4.775766
2.264103
0.534400
-8.749065
0.844181
7.435818
-1.928172
6.821648
-3.326164
-3.187522
0.280066
-4.416939
-2.345684
2.538578
-11.366471
1.221081
-1.541150
-3.531067
-0.370613
-5.775559
-0.948642
2.639038
2.522696
13.452191
-0.680925
-0.629902
-5.354334
-4.948618
-2.213382
-3.952844
2.544256
4.752378
1.763790
-2.903644
1.260549
3.249497
-1.052630
-3.889035
2.048666
0.601617
6.965716
1.940909
-0.246336
-3.450851
4.580766
-2.666599
3.451211
-3.660169
-1.124145
0.856272
0.171330
5.270044
2.486693
-7.544449
2.543179
3.185948
-2.170869
-2.482045
-0.822575
6.184247
-2.791096
5.585536
2.787755
-19.458011
-8.663901
-0.298660
2.290118
3.438332
2.901664
5.809624
-0.109738
3.129820
-1.620789
-0.841644
-1.187058
1.522935
-5.945538
1.341431
-8.633102
-2.637110
8.063592
-0.214884
-0.097390
1.946981
1.401773
-12.520909
-0.285084
0.697960
-0.138528
3.015381
-1.395434
-24.672764
-0.612876
5.553645
1.114024
-6.523453
-0.172525
-2.962654
-7.574310
2.822674
2.697562
16.339979
-1.034139
0.193540
1.759878
-2.325541
3.607759
3.051641
9.952003
0.968337
1.720984
4.967029
1.727371
1.462850
-3.257688
-2.068021
2.311451
0.326381
-0.545768
-0.180961
1.711021
-8.947278
4.862678
-0.230865
-0.595625
6.194466
7.583274
0.321883
-2.100582
1.074343
-0.307578
-8.493653
0.074906
-2.589223
-2.096069
1.490234
4.042277
2.653256
0.628485
-1.849134
-1.366265
-3.217470
-1.321374
-2.459118
1.288562
1.200987
3.550010
1.828031
1.055071
1.254618
-2.069139
1.655000
-1.361771
1.879582
1.864055
-0.589665
0.423782
-0.157212
-1.377518
-9.773752
4.300222
1.730392
-0.630331
-0.541135
-3.551320
1.765347
0.726508
2.610317
8.237111
2.471496
-1.714126
1.271943
1.732307
0.666168
3.413960
6.951974
6.559005
-16.129134
5.064731
5.903291
4.277927
-0.899039
2.761316
16.762062
10.067826
-6.053638
7.660643
4.865519
1.161958
-1.936297
9.064929
0.257762
1.255251
6.778438
7.023262
4.159975
6.284658
5.388104
12.924490
6.252453
11.115493
10.559933
8.748352
10.623373
11.775989
13.783460
14.843775
-0.223920
23.333929
16.245583
16.955092
19.517924
21.339524
23.573539
34.161930
26.498427
37.472369
33.771831
38.520626
43.830616
38.827061
41.006690
32.117086
27.831211
25.310236
15.638390
11.970082
24.335969
17.582581
8.853107
16.765423
23.544625
0.382397
15.990604
20.778974
13.583840
12.382250
1.922803
10.006858
-8.464822
11.007176
1.205833
3.234677
12.809679
5.007467
6.138089
2.950712
10.298212
3.046000
6.822975
9.857043
6.397833
3.630613
6.977079
5.098831
7.868809
5.945121
3.196741
5.228301
7.142249
6.288528
5.926048
9.391842
9.699780
7.649089
6.335003
6.169334
5.627598
6.990043
6.245872
3.841908
9.716772
9.180738
9.840470
11.047884
5.549228
7.263091
4.200820
9.818285
12.523926
12.984103
5.081062
18.644613
19.814744
14.275677
16.058732
18.405033
17.721764
14.764907
24.588841
25.217053
25.956204
25.461277
24.837866
24.675628
29.794517
32.775990
42.607163
37.344360
41.785969
51.962594
63.863258
45.150344
46.724734
38.340754
36.393675
34.804245
30.424475
40.604991
26.245577
25.591980
20.664218
21.128380
20.997690
14.034277
30.473410
13.535245
9.819864
9.341330
11.350821
25.509523
9.902556
6.637308
6.739922
11.213001
11.069480
4.162245
7.324761
2.680241
6.999502
15.966023
8.052140
-1.237306
4.581031
1.092251
-2.375367
3.354711
3.773285
-0.112552
0.931461
16.414425
0.348412
2.493165
5.731555
-3.131078
-0.053021
-9.431185
1.568989
-7.415673
6.881508
6.134792
5.152194
4.113761
-1.078316
1.716217
2.298626
-6.760568
6.358917
2.129221
8.888830
6.804127
0.768889
7.631347
2.515179
-2.131755
8.295314
2.800234
2.531789
17.922694
-3.349493
0.884202
2.436582
0.581745
-12.381820
0.837761
-5.265175
2.159258
0.218706
-4.532815
-2.468341
-6.846416
-0.506977
-0.401875
-0.305004
-2.301461
-4.163588
0.940079
6.120894
5.675824
14.869334
-1.318460
-4.167707
5.273380
17.704753
1.704054
-3.979888
-1.307528
7.796150
6.420463
-1.945530
-0.985717
-4.642633
1.631180
-2.548615
4.237689
1.955046
-10.558718
-5.089097
1.652522
2.219674
3.064444
2.782944
1.942311
2.494745
1.641467
3.589302
-11.333446
-6.034558
0.676694
2.576735
5.105805
10.485040
-1.197980
-1.110717
0.375534
3.366714
-0.279204
4.238445
11.198364
5.081417
1.546028
9.567333
5.590157
-2.645066
-1.299577
1.827850
0.629949
1.746681
5.841740
6.979246
2.390127
-3.396549
-5.165510
2.355202
5.466004
0.279319
1.204337
4.893116
1.788403
-1.038106
-0.172742
1.593468
3.809565
4.295323
2.203171
6.561518
5.431005
0.584257
-1.415269
3.375373
0.077506
0.179136
0.514609
1.539875
2.469288
-0.652680
-0.266404
-2.607009
-0.040175
2.574140
0.387326
-2.783057
4.113061
-4.081495
1.615263
1.957160
5.543872
-0.604672
1.142604
2.888072
0.617450
0.647613
5.190256
-0.202786
1.464943
0.605481
2.258316
-9.632362
11.845356
-8.595354
2.171592
6.399940
-2.503430
-3.268851
7.587991
-10.519347
7.622687
-3.387456
2.677976
-1.267223
-0.620919
6.023804
-0.792401
-2.588321
-0.234671
0.985319
-0.474115
-2.954864
-1.641104
0.339125
18.210235
3.149423
2.158158
2.948067
0.448437
-3.089100
-6.098902
-9.595152
-1.711226
-1.394612
1.859761
-0.563884
-2.113413
3.006781
-5.211467
-7.296348
7.387924
-0.342985
-6.793974
11.835073
-0.622196
3.141577
-0.872842
4.426068
0.794078
4.913407
-6.310556
2.713028
-1.488457
-2.893535
2.645246
0.090469
-9.956294
1.071588
-2.666892
-4.121569
-2.634684
-2.835828
3.104603
-1.066362
2.500533
0.444940
7.011072
-1.182836
-0.441621
-0.186651
0.845374
-0.533798
0.591941
11.179239
2.833223
-3.521918
-1.251162
-5.262704
1.355335
10.875504
5.285374
-2.286876
-2.072694
-3.326687
-8.651868
-3.713495
-3.440969
-0.642910
-0.270521
-11.330718
0.803065
-1.071787
7.507387
2.672471
-7.767064
3.021374
3.208474
2.046797
1.615472
-7.504271
0.414743
-3.308935
-0.433483
1.715600
-0.136608
0.946220
12.039336
2.910867
0.339765
3.019941
5.133816
3.158471
5.394549
1.446926
-0.212724
2.285341
7.634425
-2.657163
5.734035
2.300036
1.779499
-0.165840
-0.704413
3.063377
1.433155
3.282204
2.638653
-2.259044
0.363777
0.108762
6.717522
6.924235
-2.388427
-2.262270
-5.313346
-3.135176
5.781176
-1.489058
6.921273
-2.274758
3.195579
-1.078595
-5.820085
10.477471
20.447060
-2.262212
-3.625164
1.275958
5.583824
0.788403
1.048967
-6.412137
2.134460
-3.351110
-1.729562
-5.038168
9.264438
-0.639322
-0.569215
1.039056
-0.407388
2.056193
-9.961752
2.733573
5.633473
-1.909356
1.621433
1.925376
-3.193873
0.062393
3.031543
-0.166461
-9.060345
3.660498
3.555563
-2.388129
-0.286929
-0.225370
5.792842
-4.126293
1.698389
1.628147
0.655693
7.744198
-1.077100
0.809258
-1.472027
-6.208111
3.997809
4.065223
1.588848
7.503328
-0.497831
0.692579
0.587109
-1.822525
-6.903412
3.319639
2.178485
-9.311353
-0.167073
1.574574
-1.202356
2.087136
-3.995700
18.796752
2.426920
1.709848
2.830758
-2.245181
1.309667
1.096500
-2.797004
-4.511982
-1.911075
-0.769287
3.288970
-0.203935
2.134316
7.558323
5.218856
0.096373
8.817965
-0.083487
-0.925881
6.742917
2.593746
5.150385
5.869653
-0.992942
3.638641
9.002480
1.296654
-0.040370
1.833122
-0.700534
8.232626
-11.816870
-2.576483
-4.657904
1.529788
-2.525867
5.506549
-2.799189
-0.574218
0.061770
0.527744
-9.109035
-0.675797
-0.231337
10.643194
-2.058592
1.704587
3.511155
4.305109
4.789263
3.919014
-0.725905
8.146318
0.367766
4.666173
3.321598
3.182929
-4.553828
1.533622
-6.931203
7.895173
-9.427585
9.164810
2.870089
9.267384
2.550397
-0.338741
4.296126
-1.423656
-7.045043
5.436687
1.030687
5.503898
6.398946
-16.590500
4.234619
0.907014
-0.439113
0.220520
2.142201
-1.965658
3.117067
-4.289560
-0.503205
7.952330
0.915808
4.563317
-2.229838
4.465637
-2.436057
-2.832606
-2.241796
4.575197
-0.791272
4.524823
-4.796430
-2.640690
10.981939
7.867483
7.146129
3.643296
6.173841
10.274474
-11.360211
2.510546
8.192706
4.698548
7.462973
7.844750
5.379879
-0.782642
1.096778
1.732607
8.481037
25.150010
5.795930
-3.100334
0.384542
2.413472
-5.267560
11.210983
10.350884
5.695619
2.304276
2.686058
3.991685
4.673452
3.779930
6.206691
1.217791
2.533507
0.518403
5.173454
0.729602
3.033545
8.631682
6.253251
-2.797059
-2.911129
1.763217
6.733038
2.281222
17.037661
17.449003
1.397304
10.694116
6.025084
-9.088567
-1.741162
22.638766
4.368844
10.204995
4.936653
1.956421
7.421262
5.639002
8.194334
6.085271
8.739436
8.291048
9.061673
7.598203
13.472217
8.025198
9.333637
10.308792
9.867486
12.525598
12.770738
1.345868
11.516613
10.458976
13.813669
11.342677
10.564021
4.623280
17.540323
13.606822
11.050958
18.603764
13.044309
13.588951
10.048739
7.941754
14.749894
14.362155
18.607258
13.831764
12.594990
11.754151
17.255211
22.545958
15.584021
13.392404
18.918608
20.928432
32.513018
17.283622
16.653135
25.359671
23.084320
18.502824
19.820649
17.916807
23.103179
26.098032
31.989560
27.367494
19.783676
26.598689
30.631248
29.104943
42.299906
32.430550
29.752349
29.184611
33.946163
37.341723
36.116215
42.260846
36.287498
26.106603
48.955046
43.846841
41.431717
47.983854
27.302301
45.290077
37.970599
40.609251
36.444756
33.111253
28.978954
31.918202
32.536291
30.126261
29.760288
24.755630
26.602863
28.452724
27.036119
26.321765
23.906827
21.476259
22.321224
12.706983
17.232729
26.373146
26.483195
23.066825
14.265959
23.441865
21.276064
16.002452
22.970300
17.758768
19.629427
12.669881
14.089711
11.606681
9.503865
9.234768
12.640269
7.996301
19.562112
15.423434
10.019205
8.745473
13.682834
13.039204
13.509070
7.528636
11.945592
19.326716
16.063626
12.941926
5.889732
9.724740
0.902955
13.645670
7.116852
12.371171
8.893919
9.911872
9.426537
3.123667
7.786441
1.925960
6.143689
7.536128
9.451075
8.638151
7.336961
9.122260
4.117182
4.067677
7.780403
15.600712
4.768014
-4.015105
6.201619
7.729824
5.856378
2.316168
9.230126
6.708162
11.607984
2.103673
6.628755
3.984567
5.000826
6.985856
0.712191
14.285790
3.432202
5.811526
-1.613593
1.712650
0.791462
3.684225
0.658276
15.646372
8.604694
-0.972182
1.362617
11.618324
5.451333
16.761648
4.102302
4.254066
5.329927
-3.972888
2.976916
4.136214
-3.203057
1.176054
-8.102318
3.191078
9.948686
1.500193
5.762251
3.886120
4.747238
-4.829671
6.214430
4.362071
8.623916
12.349242
1.690634
4.040241
5.214918
5.516555
13.440069
3.815175
2.224266
3.745339
5.679690
0.991147
7.865644
15.759730
4.473128
4.193749
4.181209
7.695317
10.478470
5.275684
8.935040
7.241804
8.560712
9.849797
-3.249680
12.515052
16.801067
14.321173
11.471269
8.817073
7.911759
9.859831
11.665533
6.388898
11.500470
15.211866
12.901411
23.359011
8.574548
28.237307
21.769248
24.080480
25.710780
27.129553
16.128539
20.265275
9.271821
19.536450
12.878544
12.205992
11.575175
15.014399
14.443657
6.579442
6.758767
7.716795
12.550578
10.784132
11.203467
6.972512
4.334515
1.583610
5.491824
-0.883673
5.041389
3.972808
4.831706
8.092911
-0.526987
1.444530
-8.299847
14.450788
-1.231099
1.964016
4.320302
9.250123
3.074221
6.972828
5.150217
5.372373
1.200042
-0.054874
-10.976227
-1.736524
1.534961
0.201286
0.930433
2.687839
2.817639
-1.449786
5.034098
-1.391067
6.051737
0.979382
0.818916
0.121003
-2.601374
3.644649
3.808345
5.295239
4.831699
-4.959292
6.058518
9.522874
-13.803936
-3.342470
0.079572
6.813053
-1.581315
5.651690
6.809580
2.314249
-2.888738
4.585109
1.239444
17.284350
-7.681246
12.587862
-4.260244
-1.264527
-4.185997
3.182369
-2.142250
-0.994400
1.354999
2.881462
-6.491555
5.229706
1.002414
2.537249
0.173025
0.999834
2.355212
-0.475587
-3.524544
0.578145
1.340544
3.326334
-1.175552
4.737607
-0.635146
-0.025496
1.283811
-3.791834
-4.202094
-5.753350
2.343264
16.159524
-5.691017
0.346074
1.403486
3.670319
1.930382
2.416283
-6.675255
3.454712
-0.691941
5.093610
5.370535
3.144688
-1.635823
-2.377297
-6.840932
0.543954
-0.863432
2.484459
-1.166459
2.579048
3.282080
-0.552465
-0.036376
-0.010756
2.892361
2.308705
-3.413910
3.255415
-0.273000
1.708548
-1.243387
1.842204
-3.324612
-3.100381
0.687267
-2.201884
2.047146
3.932816
0.985666
0.929851
2.017761
-8.715036
-2.355051
-1.662305
0.090145
-3.780852
2.868237
-1.767930
0.595181
-8.422481
4.006799
-14.035241
3.197949
16.246310
3.385490
-7.259505
-2.000463
-3.250341
-2.980612
-1.991339
-2.411223
1.619113
1.131294
3.124381
0.626819
2.267032
0.448039
-4.233554
0.559625
-1.153180
2.806630
6.623517
3.607077
1.694412
5.079673
1.562272
-2.920017
1.196995
3.071600
-0.103271
6.894849
-2.558703
3.940491
3.781114
-1.754502
0.452154
-2.544545
-5.207105
-0.051628
-0.662815
-0.162201
-10.199528
-2.164365
-2.831023
-1.056506
-5.060855
14.454521
-4.035117
12.948426
-1.426359
0.598641
-0.250019
-3.688692
-2.552158
-0.189711
-2.873434
3.069614
-3.874935
6.154160
-1.740126
-1.849886
2.466995
-3.520963
-0.486090
-4.251482
5.799420
2.043560
0.973617
-2.197076
1.667503
2.615143
13.326993
-0.711029
-7.690926
1.821036
-0.637560
-1.311178
-5.745577
-2.542858
3.302832
-2.277874
-3.564371
1.170221
5.556675
-15.391801
4.694605
2.706244
3.760553
9.082232
2.247637
-9.051105
-0.993363
-4.561225
13.173974
7.662197
1.767777
-4.023294
-5.618818
-1.425277
-1.774793
1.074402
0.481612
-9.210973
2.354640
0.104860
8.083633
0.145746
-5.261458
-4.893959
1.351030
2.334596
-10.012364
-3.355174
-1.119021
-2.596434
-1.636253
-0.594120
-1.139930
2.370216
-1.454686
-0.107946
-0.050850
11.876419
21.104692
4.979870
6.316693
-0.188835
0.786198
-1.247718
-4.369789
-1.629013
0.848683
-3.737812
0.226963
-0.459140
0.335934
-1.037499
-1.830477
2.869779
-3.668520
0.792163
-0.045747
2.745998
0.168482
1.392750
6.806708
5.776162
2.944273
-4.889298
-2.602107
-1.347852
1.485645
-0.161557
-3.646597
2.023575
-3.006885
6.982956
-2.889811
-5.196821
-16.979857
-0.684571
-3.446173
-3.522858
-4.420922
-5.351092
-9.478847
8.145239
11.282768
3.175634
8.865315
-0.863219
-4.662086
-0.135606
1.085164
6.254580
9.034447
0.968491
1.837608
-7.744763
15.280345
-3.826320
0.906445
0.094923
2.835103
8.712080
4.050055
0.351573
6.976203
-8.442466
16.978091
1.451939
-1.680160
0.301656
-2.989409
-0.120270
5.284221
4.927806
-0.298820
2.275497
0.866566
-0.766248
2.111215
-1.583528
-9.193250
-3.287613
6.663370
-0.163083
-6.273085
-4.477315
1.771560
5.232977
6.341668
1.110527
-3.959316
-0.246393
-0.159153
4.205524
-0.267121
0.542238
-6.927609
1.743988
3.220620
8.029666
-4.748928
0.369390
-2.991444
2.741351
-1.956056
2.027875
-0.742419
-3.630559
3.870014
-0.262180
-1.200036
-0.230827
-5.953268
1.481567
2.344492
-0.377428
-1.338461
2.053577
3.877309
0.789488
-0.100732
-0.006499
1.530652
4.014258
2.616803
-5.030570
-4.014843
-1.127827
5.198800
2.082596
6.940888
-1.114773
4.188742
-3.121983
-3.914657
-0.668437
4.612052
1.074272
5.364275
-0.256415
0.744793
2.080301
0.601712
6.522171
-3.917277
-5.311584
5.980419
2.487981
1.150608
-3.332622
12.027185
1.670294
3.478359
1.690099
-11.173902
-3.116507
-7.720779
-0.444473
0.048221
-1.645799
2.387395
-1.665652
-6.490773
-6.494931
0.728695
0.916426
0.459590
-0.388236
2.725933
9.591024
-2.438624
-1.812041
-4.291893
-3.074870
8.987180
-0.679153
-4.789718
-1.929538
1.965418
-10.406320
-4.388750
-1.336489
0.396756
-3.482303
-5.728886
-0.819493
7.469400
-0.286627
1.451125
1.650551
2.353615
1.666207
1.432409
1.433352
-0.895422
-11.764166
0.874413
7.253664
-1.548388
0.557625
-0.024850
-4.797453
1.723534
6.468791
-0.024487
-6.703196
-9.898709
-1.785073
-1.788735
-2.384252
-1.574501
-5.081886
1.673323
-10.383463
0.192640
-5.858832
1.866086
9.512905
1.613803
-3.021365
6.619855
-6.168755
1.622322
1.700214
0.798055
5.636669
-2.266032
0.159438
11.385883
-1.002310
-7.249728
1.884580
4.554957
-1.002507
-2.622747
-5.202909
-2.487318
-3.582102
0.091196
4.134870
3.120685
-1.229381
-3.562824
-1.735558
-0.428849
2.387331
-0.846707
-1.720682
-2.615194
0.058182
2.213893
2.583844
11.763932
3.955609
-0.489568
19.784951
0.292335
0.848972
-2.319572
2.542987
4.710201
1.473172
-2.638096
-1.114586
4.264363
-3.766970
-1.227308
-4.212394
-0.088928
-2.246751
14.062638
-2.306370
-3.237697
-5.751964
3.459986
-4.107962
-0.766554
9.543198
-9.140358
-5.111698
7.682081
-4.486031
6.938856
-0.718276
-10.472042
10.098188
3.641810
1.331768
-3.860658
-4.801111
-8.844611
4.638372
1.342975
-2.155190
-2.221204
-0.568102
-2.098853
3.693563
-2.704848
3.992185
1.258291
-9.364335
-0.608313
-3.180820
-3.015060
2.807639
0.340533
-4.199212
-13.496162
-4.143269
-0.823072
0.818315
-0.241616
5.583581
-1.691883
-4.408123
2.380450
-3.697839
-3.931863
1.314959
0.152369
7.710956
-2.716201
5.856547
0.842683
1.829218
2.894588
-6.254782
-3.304109
-0.376239
0.029202
-0.610820
-0.699239
-5.269726
1.141946
-2.969687
0.216681
-0.252258
-1.558122
-0.112788
-6.447324
-8.876180
1.086447
-10.724717
-0.100518
-0.272955
-4.775839
7.376361
1.438515
-0.462589
7.033488
-10.754725
4.523612
-0.759710
3.463323
-2.300512
5.285302
3.695698
-0.651604
3.403051
5.144730
2.337821
-1.861610
-0.049927
-1.530482
4.410536
-0.196477
-2.006529
4.908042
-0.213490
2.741407
2.891306
-10.461036
-2.051965
-2.584918
-2.614057
6.288579
-0.844576
2.489889
-14.591168
1.323953
7.436948
0.469636
-3.364578
5.445377
0.540606
2.446529
-2.457248
-2.927723
-9.148674
7.209665
1.249221
1.058783
-1.993346
-0.500758
4.558746
-3.061179
-2.742504
-11.119123
0.042629
-2.142733
-0.784236
-5.617725
-1.650867
13.803680
-1.916638
-10.368570
1.061197
-2.508266
-4.749659
-1.449933
1.331946
-14.340424
-1.164803
-8.042340
1.667901
0.059719
-0.993598
-6.253749
2.242124
1.710065
0.519248
4.296963
10.670464
-5.248926
1.438048
2.082935
-4.444656
2.388507
0.843189
-2.876659
11.965109
-1.976533
3.993807
-7.212725
8.651321
-1.416822
-0.545962
-2.929006
-0.811889
-4.390292
-4.127424
20.698436
11.262633
3.870357
-5.068270
-4.631891
-3.377768
-7.382442
4.044583
0.819249
-0.264236
2.087163
-5.680503
5.943695
-0.072225
-0.886905
-4.237850
2.701946
-6.160170
-1.365730
-0.513489
-1.018867
-9.952240
-4.528225
0.219375
2.589672
13.579199
-3.403960
-1.046891
-9.293280
4.664381
-6.202146
-9.574509
2.112319
-5.574302
-0.585400
-13.964839
0.774706
-7.781479
8.172511
-3.904297
5.090107
-3.788302
-8.250064
0.371648
5.868196
-2.014033
3.326618
-0.079679
9.103326
3.401150
-15.626748
2.379835
2.510121
-1.268984
-2.483568
6.859872
15.282602
0.106425
0.797065
0.675712
-1.140512
-2.329279
0.433155
5.475139
3.317304
-3.066801
0.707349
-7.363764
-3.923184
1.750626
2.425956
5.559396
3.307979
2.849369
-4.589478
5.369751
5.732507
1.269849
3.634325
4.334728
-0.506387
-15.064900
1.367486
4.215042
4.262579
4.876576
1.520226
-11.763072
1.344833
-1.293829
15.848678
1.983150
-2.517545
9.047990
2.251449
2.842358
2.672595
7.552798
1.873445
2.932043
0.899752
8.815233
-2.953921
3.807825
12.547033
6.031537
6.161783
6.584995
6.371037
8.015714
7.018479
26.043995
4.057910
10.681466
6.746022
15.709514
4.775222
5.951477
8.628477
10.670715
7.981197
4.011658
5.996393
4.548821
12.462404
14.473441
15.906246
31.390473
14.373476
16.788656
19.499445
21.821376
25.164126
27.881201
22.212217
32.587304
24.264991
39.117024
50.183585
41.212329
35.576016
35.508557
30.814896
23.269474
25.802031
29.329563
20.066349
21.532913
19.881010
27.849049
15.413155
16.257767
16.876810
5.926528
10.032629
15.843496
9.170642
12.242386
17.236926
8.060564
7.550942
6.130032
10.462470
6.122387
6.015840
5.480498
2.502460
8.403050
-0.247041
6.701357
4.245048
3.789768
6.358693
18.548985
-3.534079
3.174708
5.457923
4.245193
0.069070
3.527517
2.489377
-3.250079
2.017271
2.271656
-4.850379
3.845028
4.857856
-0.736960
2.382223
3.822491
2.037423
15.858241
-3.432975
-1.909820
2.460486
1.702985
-3.332595
7.308963
7.767129
-11.090216
1.963574
-0.175412
2.632906
4.294367
11.579036
-9.631619
0.133838
1.661764
3.921308
11.353962
6.063176
2.020072
2.047819
-0.040614
7.900140
1.788252
3.595397
-6.829476
-5.129945
1.814424
-3.615168
-6.614233
5.915864
0.296272
-1.318737
-0.937054
-7.751028
8.785452
3.877417
0.481367
2.089988
-3.495057
0.612365
0.138383
-3.914747
0.142853
5.589851
-5.789280
1.624957
3.507017
-4.895547
-2.609253
-0.520230
4.103847
2.282306
-1.597190
-9.757954
-4.689653
9.049561
2.233124
1.551294
1.064571
2.994170
1.039597
0.122919
-1.449786
8.404026
2.686253
-1.660366
-0.828943
6.356246
1.323998
0.357046
-0.752215
2.372899
-3.382545
1.148745
0.530420
4.803820
0.532769
8.060554
-4.657638
-0.906295
4.339010
-1.929327
4.648022
1.757006
1.971648
-3.959196
-1.947194
-0.079887
-0.319592
-3.611765
3.441521
-0.576120
-2.083870
-3.144123
-1.375251
2.697334
0.978323
-3.218739
4.184965
0.785801
-1.552482
0.232739
4.588723
1.666301
2.022764
2.421841
-0.317308
-1.712985
0.166632
-9.959268
-1.805315
-6.346643
9.856223
0.424868
-1.874061
-3.024319
3.436002
-1.618137
-3.012069
-0.506158
5.234942
-1.248015
3.906968
-4.808803
0.635072
-2.147292
-12.497836
7.233611
0.210640
-2.528293
-0.591240
4.070828
2.601217
0.397966
0.350446
-7.563246
6.353600
-1.815704
-1.864860
3.848291
-2.479677
-7.070354
-6.400203
0.092648
-3.614600
1.340415
-6.858432
-0.554370
1.659076
4.180241
4.879823
-0.609463
-2.836878
-1.040394
-7.607137
14.983413
-2.073888
-0.607038
1.134965
4.951861
-7.217171
-0.383486
10.312525
-0.286934
-4.077624
-0.120248
9.142893
0.252800
1.403550
6.108562
6.451053
-2.039254
-1.463167
-17.254214
-2.923260
-4.316238
1.088642
-0.357371
-1.910778
9.052948
2.621367
2.543177
1.552967
12.533413
-2.726526
-4.759012
-14.589188
-0.307216
0.247421
0.599472
16.040502
-2.281720
-4.824601
5.311447
-0.321691
2.154268
1.134457
-1.048909
3.758829
2.709164
-0.932847
-4.451635
-0.258169
0.789822
-1.979886
0.695541
-0.352392
-0.457184
-3.396113
-3.505450
-6.702396
-2.400892
-0.277596
-1.887153
1.510069
4.032706
0.973202
1.202331
-2.123690
-1.816302
0.706443
-0.778502
-9.785488
0.482721
-11.288286
-2.296306
-6.891195
-9.110105
1.960224
2.654374
-4.709742
3.451732
-1.362170
2.540515
2.426055
1.711591
-7.437377
3.407155
-5.140614
3.833671
-2.458183
-6.996956
-0.562737
-5.123099
11.611307
-1.446891
-8.906169
2.958710
3.848309
0.224424
-13.718474
6.480601
-0.357118
-2.091654
-13.551795
-4.070818
1.074785
1.333917
0.550525
-1.351006
-2.197196
-1.249627
-6.593754
-3.177388
-2.990802
-3.173125
-0.703480
-0.903074
0.269708
4.064299
0.092898
-0.211302
6.143134
2.211934
-1.804123
0.346851
1.057874
0.753701
-1.121331
-0.534847
3.245824
-5.708457
-1.347609
3.807279
-0.700544
-1.483914
0.708002
6.332654
-8.680966
-3.406820
2.490022
-3.730466
4.579561
14.353929
0.253531
3.951350
8.188795
1.603725
-1.628568
-0.799992
-3.081707
-0.941823
12.675030
16.091238
-0.787227
9.145183
-7.585820
2.905668
-2.890597
-4.202900
2.116969
2.588146
7.920840
-2.779317
10.793373
1.426823
3.615650
-5.770294
2.444924
-0.566017
2.507853
0.263630
0.636513
-10.589149
-12.054788
-2.451643
-5.598681
-16.655487
-0.274183
-11.089308
1.443626
-5.159602
-6.044964
0.882657
3.227216
8.977958
2.964981
-0.362392
-0.266640
-0.501972
-0.858663
-0.472260
-3.148110
3.905273
-7.007370
-3.260896
-0.056543
-4.584658
-2.859096
-3.172560
-1.772623
-2.903542
-0.754607
9.299819
-3.109950
-1.103106
2.682572
-0.072758
12.137980
-0.502011
-1.440108
0.409635
-2.075009
0.775835
-5.115054
0.450135
12.259831
3.769003
3.566251
0.807460
6.488099
6.574755
4.503622
-0.654945
-0.842437
3.549118
-1.356987
1.264666
11.578086
-2.730159
7.644359
11.506858
2.255812
12.552385
8.603619
-2.061133
5.221676
6.608176
3.104383
18.852941
8.075723
11.977800
14.794176
22.784807
25.760739
27.846211
37.893880
26.379797
12.996097
12.448655
21.127750
13.362915
14.082010
9.491234
14.151074
12.897330
3.091213
5.841619
4.219847
7.593762
-1.309897
5.143608
-0.406539
5.065182
2.841233
1.322723
-14.885709
5.666247
2.067943
0.937198
7.130080
1.858974
0.135699
7.739303
1.271136
-8.310056
3.018423
-3.514085
-1.566166
5.066089
4.858167
-0.400191
1.921329
1.532434
11.447079
-1.832024
3.723598
3.601126
9.418908
7.881256
4.124456
21.196305
5.627713
1.692743
10.636033
12.043383
7.914067
6.236387
4.121475
-3.573555
22.172333
7.290808
0.628978
5.075235
1.114750
7.300334
2.541324
19.858433
8.782892
5.033860
14.837488
8.054602
12.281381
17.716139
20.512739
13.670267
15.202486
20.159538
7.326499
24.731126
23.318117
32.303765
23.297936
31.132463
33.804768
33.219031
28.370142
38.033378
51.180789
48.528560
37.030185
38.013615
32.788717
21.500371
32.361742
23.901295
22.350686
18.975440
16.763684
15.470678
15.287988
18.173998
9.718976
9.923717
6.629935
8.671087
9.731734
12.395541
5.080472
-3.588418
5.290326
0.822863
7.819785
-0.959778
1.190207
3.982700
8.952033
11.930684
8.898845
2.956847
-0.580693
3.608381
5.831717
3.367834
0.520622
-8.367869
-7.689126
3.552148
2.301446
10.325075
2.301003
-2.940147
2.462705
5.919037
8.929854
8.935452
1.503355
3.214363
4.620126
-1.104525
4.374774
5.638604
5.302313
-0.414627
-1.045012
1.799739
-1.716016
5.709043
5.584632
6.843097
-7.993253
-0.122406
-5.218698
-7.373403
0.961883
5.186901
8.566107
2.428671
4.220544
-2.956208
3.923708
0.693294
-5.359485
-0.542449
16.374242
1.003933
1.972340
-3.101997
-3.684330
1.707077
2.049962
7.656161
0.602167
5.267584
1.819259
0.490802
4.944838
-0.489617
6.009468
9.113396
3.205300
-2.491809
16.282797
-3.406389
2.137784
1.063914
1.600818
4.618210
6.687131
-0.172264
-1.822118
11.654616
-0.424072
6.904855
4.897137
2.244859
1.453216
8.791247
3.725414
6.614628
8.091749
4.224246
11.985022
14.388927
21.795070
14.642248
18.369652
21.066916
32.024372
21.633269
38.000349
42.855746
32.893931
30.359127
26.782608
21.754161
15.250469
18.129228
13.569767
12.293351
10.499459
10.497833
5.185262
4.545441
4.184034
6.000231
7.909668
3.326431
6.874877
-3.066671
-2.397395
0.113021
7.098346
10.308035
1.389073
2.848485
3.574915
-1.845691
2.375800
2.585846
-6.673903
7.086962
3.656137
3.901389
2.601217
-0.060855
1.156230
-1.210588
16.015964
-6.951959
4.198300
1.580153
6.805800
2.165690
4.298176
1.479854
0.083322
5.793548
0.331552
-6.314643
1.000403
1.168284
-4.885257
-1.113646
-0.380523
4.802068
4.322861
-2.065695
-5.523744
0.694092
-1.200588
7.909570
5.981289
9.275727
1.908433
-2.178687
-7.134351
-8.842672
1.111139
-0.006251
-2.073312
0.875496
2.180964
-0.457085
0.290032
-6.471760
-4.077040
0.945453
-16.501545
0.798718
3.222290
-0.727034
1.061693
-0.438373
6.473650
-0.686405
6.394662
-0.365887
-3.197682
5.887234
-1.139481
-0.272846
13.071618
0.785949
-2.828888
-0.942827
2.410832
-4.756234
1.595172
0.938766
4.567995
3.438594
5.535240
-1.263472
-8.815400
6.337961
3.541785
0.146158
3.327388
-2.561725
11.402188
9.895712
0.294570
-1.842917
0.914383
-7.143308
2.617922
0.137339
-5.174452
6.600468
-0.436961
-4.391589
3.817955
0.251155
3.499509
-1.197038
0.637547
-5.743306
0.810451
-10.844482
-3.106365
1.220792
3.020085
2.330673
3.100341
0.793382
0.250632
-9.630930
3.458620
0.304545
-2.883800
2.848923
-0.083668
-3.208606
0.901545
-2.276547
0.448246
9.435735
-2.397111
1.345343
1.359973
-10.337781
-3.011403
-4.881709
-0.041081
0.678440
2.727872
0.067630
9.155645
0.445907
-1.459469
6.848415
2.309683
-0.562433
3.437577
-6.761942
-0.934048
2.967933
-0.370727
7.614139
-6.495503
0.431174
8.489856
11.563168
1.754176
-6.481794
-5.856902
-7.470604
-0.038493
-4.962863
-4.269514
-3.571741
1.668085
0.282866
1.836751
7.271479
-1.838824
-0.327187
-0.894182
1.823641
-1.602514
0.916235
4.052233
6.046818
1.225485
-8.362103
-0.703183
5.805245
-4.468307
5.430786
-8.244340
-3.076858
0.957935
-0.753381
0.071564
0.903474
-2.412436
-2.620637
10.086777
-1.511291
-6.511433
0.846817
7.446906
-1.238784
5.131548
2.239128
0.595019
0.862136
0.266123
-2.019407
-6.421331
-2.501916
3.559613
-8.455733
-0.809783
1.502184
8.551824
0.751867
7.699700
-0.903612
0.531773
-2.345587
0.329177
-0.444600
4.965960
-20.442747
4.565343
-3.245380
4.368589
4.627651
2.173686
-2.324189
-0.003352
0.822911
-4.906452
5.388828
-2.944858
1.112554
8.746271
8.448291
0.924508
1.218239
-3.352298
2.436979
0.964572
10.738315
-0.676404
1.465545
-0.928620
0.472827
1.202033
-0.224569
-6.257089
-7.615466
4.678192
2.230383
-5.407532
0.524982
-7.102291
-7.792278
-0.607623
7.444927
2.305492
0.205595
7.106936
-11.124924
9.108539
-3.040052
9.537967
-0.812273
8.039560
-1.037940
0.043106
-1.542992
-1.180828
2.141648
-3.391139
-1.255358
-0.220157
8.337704
-0.486770
-8.766005
0.224692
10.044466
-6.372467
0.353255
24.167476
8.928956
13.614911
-3.561035
1.795655
5.145475
2.025826
7.494761
-1.390315
1.856643
0.820302
-1.383258
-4.651853
1.842379
0.967701
3.276017
0.368749
-4.893373
-11.837401
-3.870202
-3.193115
-0.893584
-14.096480
3.318069
-7.164720
2.888179
2.344886
1.302154
0.411432
0.319447
-2.122596
-3.880638
-5.712342
-5.404570
6.796941
-2.946203
4.288621
-15.520480
-4.072084
-0.055482
-0.490869
0.447858
2.156605
-9.148824
0.065695
-3.565703
-1.221203
0.205777
6.203456
0.259719
-5.846598
-8.555225
11.665236
1.761449
11.645983
-17.044172
1.755152
7.151478
1.415846
-0.354934
1.358782
3.803001
-2.943490
-7.488749
-10.521405
-1.135485
5.064999
-4.671637
1.824958
-3.082514
-1.961488
2.487753
-14.456757
2.307396
-1.596019
-10.037305
-2.611778
0.616749
-2.556431
6.209024
11.989687
7.050684
0.692794
0.925284
-0.048367
-0.416033
-4.586468
-0.223659
2.258211
-3.411448
-0.368446
-0.566412
-1.677769
-7.357308
-0.983803
-0.152659
4.245422
3.311750
-5.755269
-1.241771
-7.243772
0.883756
-1.304480
-3.812769
-4.833103
5.603430
3.601243
-3.152886
-0.493686
-1.262239
-6.636080
1.472505
4.663480
-7.408343
-0.754877
-3.154325
-5.886037
0.211782
-8.592063
-0.931448
2.186304
-1.394686
-5.862346
-2.654183
-3.084448
4.720578
-4.660247
-2.087909
-10.295846
1.345304
-11.409586
-2.298201
-1.651350
2.193782
-11.020046
-6.429352
-4.111756
1.036299
-1.618854
-0.689748
1.750486
-1.837209
-4.260476
-0.006252
3.906926
4.629989
3.447494
0.201155
1.327429
-6.023387
-7.680387
7.331160
-9.912575
9.579867
-0.348302
1.611454
6.908895
8.369762
-6.284853
-6.587818
-0.299216
-3.590864
0.258196
7.237316
0.968141
0.275665
-0.120054
0.005500
-7.718481
1.896396
1.475033
-0.726425
1.899169
0.329703
0.054755
-2.414237
-11.158989
2.682244
0.345341
-1.223868
7.427200
-0.800807
-0.950705
-1.456073
-3.381845
7.100952
10.278827
4.165056
-7.908553
-3.622758
-1.521845
1.425878
-11.850645
-3.192899
-3.810956
-9.707585
-0.964608
-2.561191
-1.299355
0.219656
1.426064
-1.046610
1.314838
6.136445
-3.129640
1.666155
-6.194413
9.095704
-0.988054
-7.766247
-8.154004
-10.287032
4.308963
-1.305393
1.784731
-3.457807
-0.530943
9.754996
0.273180
0.068521
4.065988
0.854498
-3.757721
-0.050586
-3.472098
1.963184
11.420857
0.822985
-5.255244
-1.798929
-5.581944
0.584136
1.509106
6.037825
-1.398455
7.212651
-5.330304
-0.825854
-0.067667
-0.937508
2.140205
1.064531
16.815627
2.148078
4.185405
-7.898678
2.316902
-1.459408
-1.738156
2.621918
-5.639390
1.593047
1.681083
-0.615901
0.267818
7.961676
2.883796
10.542450
4.670784
-4.660781
-1.720508
0.184491
-3.975699
-8.842594
6.980881
-5.911747
-1.675512
1.761125
-0.528787
1.799096
20.453438
-3.789806
-0.898241
4.749887
2.933489
6.317406
-2.749254
1.938875
5.730930
-2.805495
3.077262
-11.157922
6.037099
-6.435762
6.095481
-8.853175
5.119155
-1.661747
-3.682275
-2.452394
5.995780
-3.709322
1.339527
1.459661
6.258046
-0.682917
-3.139546
-2.467732
2.500508
-1.135930
-2.331227
-1.425972
-1.235271
-0.415731
8.184448
3.269037
6.423973
-7.745421
1.161020
2.231280
0.234573
1.002470
-4.113437
4.310629
1.877240
0.758265
0.036741
17.167071
0.529927
-10.911031
3.323709
-5.459176
6.005627
-0.057402
3.689925
-4.474399
-5.370830
-1.753131
-1.745337
0.795435
-0.096386
-3.207099
5.180215
-3.395007
-1.561614
-3.825187
4.377963
0.635594
-4.910222
-2.442560
2.060202
6.525210
1.143598
7.793280
1.740728
-5.347245
1.092847
-11.030246
-6.305647
11.197917
18.939922
-1.044081
3.234065
4.423409
2.038778
-0.556396
2.875149
-6.061504
7.122989
-4.852300
5.060076
-5.676545
10.159846
-3.366763
-3.956234
-2.231301
-8.437469
0.954099
-4.633735
1.951280
-4.235825
0.917145
2.093271
1.569104
1.469725
8.244385
2.990287
0.261180
4.094075
6.877265
-0.261198
11.823411
-0.760077
10.396900
13.243204
-0.006728
-0.793811
1.067083
-16.723727
-4.262766
-0.919877
0.045382
0.651906
0.896536
4.823199
6.680025
0.264173
0.044259
9.421860
13.959582
5.970908
-1.043981
-5.601941
10.546427
-0.986394
3.445372
-2.151505
-4.171208
-0.625911
-4.147748
0.910658
6.117297
-1.244048
-8.265991
-10.032403
-5.587875
4.277482
-0.561002
0.811737
0.867521
-3.489953
-3.096113
-3.648705
2.086079
-1.815480
-7.969796
5.891453
-5.745118
0.863450
1.070666
-0.864983
8.497018
-6.125702
2.466984
-4.716673
-2.695127
0.453036
-1.688989
-2.917118
9.535853
0.445249
-11.985340
-2.480144
-1.157446
1.381862
0.258157
-1.258363
-2.717962
-1.427355
0.015351
9.422973
-3.528652
-4.234327
2.606969
0.260652
5.084060
2.436118
-0.123477
-3.572758
2.595290
-2.603459
0.526648
1.955130
0.539494
11.275759
2.058549
7.536353
4.081496
0.758679
1.801458
3.602349
-6.649876
-8.879338
4.804413
0.246245
-8.433381
0.298363
2.573838
1.921024
2.185622
1.912218
0.453385
-4.642768
-12.382367
