0.944260
0.884236
0.065795
1.839327
-0.551622
2.047169
1.597694
0.489137
-0.560491
-0.578236
1.834074
-0.173718
1.530533
1.171988
-0.567944
0.125467
1.460202
-1.473775
-0.008949
-1.043439
-1.155974
-0.245725
-0.548956
-0.883845
0.614681
-0.202715
0.530405
0.122710
0.141135
0.757617
1.399538
0.441359
0.198427
-0.209979
-0.171906
-0.407362
-0.370517
0.382723
1.600661
-0.847526
-1.185268
-0.844416
-1.753966
0.687658
-1.715661
-0.462733
1.437644
1.436014
0.622632
0.369881
-1.071863
-0.341249
2.519813
-0.999343
1.997663
-0.387234
-0.567912
0.063020
0.818955
-0.794032
0.819705
0.249940
-0.513151
0.114580
1.304818
1.166185
0.413724
0.890269
1.197059
-0.235306
-0.493781
0.031930
-0.538097
0.253060
-0.709049
-0.677001
-0.465363
-0.294710
-0.119465
-1.452593
1.084744
0.304105
0.025940
1.072494
-0.643983
-0.614985
1.373335
-2.111263
-0.679052
-0.401175
0.002431
-1.488337
-0.368763
1.159922
-1.077699
0.225269
-0.983779
0.423740
-1.170773
0.532838
-0.599067
0.657343
0.254110
-0.287114
-0.925917
-0.115457
-1.130584
0.225040
-1.133252
0.729486
-0.652529
1.163153
-1.046662
-0.321382
0.805993
0.384275
-0.808264
0.941172
0.803593
-0.050026
1.109705
-0.427148
-1.806145
-0.370661
-0.931527
-1.065965
-0.725771
-1.041360
1.086359
-1.784333
-2.078621
0.967266
0.524097
-2.253118
0.169775
1.148227
-1.279072
0.489198
0.199751
0.075853
-0.360234
-0.313815
0.945651
1.048804
0.669932
0.938348
0.909679
0.464662
-1.566778
1.354331
-0.614344
0.737524
-0.129805
-0.450456
-1.984611
0.288322
-0.566153
1.443611
1.071486
-0.822426
-1.344927
-2.464570
-0.273636
-0.144584
1.216391
1.657044
-0.659353
-0.963362
1.579597
-0.043228
1.825684
-1.266223
-0.108225
1.683965
1.448951
0.133414
-0.038347
1.044860
-0.305125
1.636609
-0.443143
0.664998
-1.142169
-1.410026
0.257353
-1.031841
-1.122468
0.839578
-0.724249
0.481346
-0.532727
-0.217494
-1.858742
-0.426450
-1.646904
0.722243
3.067438
1.293527
0.214255
-0.752546
0.590199
-0.966202
-0.838324
2.352885
0.123863
0.886054
-1.672879
0.685030
-1.095108
0.215920
-0.308650
-0.225596
0.704893
-0.518333
0.852132
1.186858
-1.098433
0.080205
0.704103
-1.256047
1.011370
0.542827
0.142767
-0.750421
-0.017366
-1.718529
-1.406594
0.323390
-1.174219
-0.576353
-0.762765
-0.368935
0.482331
-1.531755
0.342305
0.009422
0.897908
0.800484
-0.381821
0.077768
-0.637065
0.682452
0.667928
-1.470315
-0.988350
0.721516
-0.012042
0.621206
-0.309758
0.035161
1.424527
-0.713215
-0.023791
1.613388
0.191390
0.626556
-0.470123
2.535486
0.105651
0.820247
-1.023498
-1.578937
0.947105
0.705937
0.804351
-2.913710
0.487486
0.607641
1.003907
0.827949
-0.044100
0.216633
0.275037
-1.198012
0.115708
1.145427
1.848229
0.986697
-0.625007
-2.002430
-0.015919
1.038030
0.149367
0.742186
-0.173015
-0.639254
-0.996322
-0.475641
-1.249472
2.174031
0.966942
0.595881
2.073758
1.180173
-0.546048
1.008600
-0.988869
1.399911
-0.270745
0.373473
-0.485425
-0.921384
0.241120
1.497515
-1.286945
-0.570793
-0.824459
-0.193234
-1.680688
0.592588
1.750604
-2.011454
-1.129892
-0.832364
0.398317
-1.625204
-1.295524
0.471113
-0.295366
-0.615918
1.328772
1.342278
-0.470714
0.468096
0.032660
0.070340
1.684821
1.894628
-1.510603
1.910462
-0.754499
-0.673159
-0.011064
-1.603540
1.009538
0.666849
-0.193030
-0.552316
-0.928161
-0.727339
0.620446
0.816914
-0.358159
-1.108508
1.356111
0.078173
-0.940143
1.210461
0.487566
-1.529957
2.152207
2.667022
-1.723027
0.871054
2.074904
-0.320509
-0.410422
1.581942
-0.540856
-1.923111
-0.164638
-1.159898
1.245434
0.355756
1.284891
1.110278
-0.205114
2.296782
3.329114
0.976739
1.531171
2.223512
0.361680
1.230654
1.789023
1.061908
0.271092
0.865466
1.628914
0.975227
1.789796
2.462266
1.984170
1.944316
1.957339
2.232741
1.657407
1.758792
3.165442
3.942949
2.535773
1.310751
5.556114
5.288992
3.534727
7.704712
5.866149
6.491104
7.119644
9.090288
10.698619
12.330476
12.410389
16.180213
18.100632
22.123652
27.102651
29.929999
38.182813
39.034620
31.194563
27.760751
22.323534
20.394028
19.577727
15.413443
11.980947
11.835871
9.081544
7.686522
8.405194
5.991863
5.910759
6.123522
4.593059
4.223931
5.226767
3.232822
3.619085
2.207648
1.905185
2.874064
1.945545
0.356140
0.812465
3.396930
2.363465
1.080072
2.751252
1.858266
0.855234
1.726217
1.608069
1.812863
0.622942
0.812712
0.942547
-1.684498
1.141580
1.180771
1.697771
1.929732
2.205514
0.516719
0.717738
0.217873
0.155825
0.948413
-0.883778
0.325288
1.517850
1.088054
-0.193826
0.774324
1.673438
0.579300
-0.321652
1.067645
0.455874
1.893661
2.636562
0.866000
-0.543550
0.767596
1.616345
-1.376231
0.714506
0.695993
0.976756
0.168296
-0.265369
-0.473156
0.419672
0.653716
1.283834
0.833091
-0.225443
1.110229
-0.539177
0.837857
2.315726
1.073410
-0.469962
2.068599
1.530526
0.353660
3.098752
1.830184
-0.441694
0.496236
0.305805
3.012086
3.205228
2.108622
1.135992
1.316608
1.827660
3.176951
1.571019
1.666192
3.647556
2.212483
3.487408
5.125588
4.120696
5.014816
6.178941
6.237155
6.410948
8.366142
10.181160
9.800744
13.302427
12.420579
16.380444
17.802142
22.693726
22.915614
27.204908
32.800395
40.513713
47.288057
49.176382
38.986344
32.959227
28.709825
23.723818
21.117361
16.546248
16.083552
12.717159
10.080632
9.454185
8.225526
7.466715
9.337523
5.931780
5.804843
4.750948
2.996114
4.090220
6.078427
3.977631
4.317691
4.394480
3.949193
1.844855
0.691950
2.773613
0.941403
1.819200
1.205679
2.088553
-0.952379
1.490122
-0.564289
1.495104
2.133142
0.952973
2.084015
1.961585
2.390323
1.733281
1.096583
1.045557
3.304868
1.154821
0.874126
1.542008
1.329840
2.662836
2.776692
1.189480
0.255311
2.574689
1.999020
1.318027
1.954786
2.660317
2.946181
1.382150
1.820578
4.281239
2.562492
2.818669
3.703628
4.896681
4.635167
4.279655
3.795821
7.553793
7.906329
6.777981
7.267533
10.034635
9.739293
10.639103
13.509615
13.110448
17.680999
20.242323
22.083028
26.643879
30.705271
30.501334
24.248223
20.296914
19.435316
15.970679
14.114930
12.405284
10.643053
9.175739
9.353640
7.126354
6.173340
6.656402
7.094992
8.139410
4.133758
4.754998
4.838814
5.481139
1.666137
4.742984
3.806931
2.148642
3.122762
0.769148
-0.029341
1.728781
0.799813
1.811805
2.097273
-0.004701
1.265966
1.289255
1.256870
0.306569
1.120290
0.834999
1.430186
-0.080986
1.199578
1.607736
-1.184950
0.564848
1.237747
-0.114906
-0.008872
2.467093
1.057858
2.174078
1.088118
-0.385066
1.860341
0.848050
0.193414
0.311608
0.661506
0.571845
0.667048
-1.305288
-0.572038
1.478583
0.926763
1.851068
-0.508136
-0.080230
-0.416689
-1.015482
-1.352816
1.373536
-0.157600
1.761736
0.839782
1.532987
-0.787216
1.451730
0.214588
1.218885
-0.928818
-0.258105
-0.453999
-0.662624
0.969001
1.371834
0.676625
0.707252
-1.628963
-0.401152
-0.374283
0.831256
0.524988
-1.178291
1.202984
0.345441
0.819214
0.103433
-0.626081
-0.007385
-1.479062
2.213650
0.435492
1.801406
0.927185
-0.306060
-0.417870
-0.736029
0.052111
0.249091
0.163864
1.288024
0.808394
1.295529
0.337336
0.754105
-2.117579
1.446286
0.805655
-0.089837
1.399633
1.960753
0.035444
-1.545920
-1.355371
0.878652
-0.006575
-0.243810
0.053992
-0.754293
-0.092267
0.468618
-0.389858
1.612608
-1.884100
0.087832
1.515026
0.363250
0.955203
-0.159167
-0.186596
-1.211966
2.524907
-1.635532
0.335190
-0.552913
0.438983
-0.041254
-0.865265
0.139429
0.821016
-0.026109
-0.623731
0.375029
0.630277
-0.581049
-0.553259
0.412779
-1.286249
-0.128949
-0.298096
0.948774
0.125732
-0.703432
-0.258137
0.381334
1.100104
-0.415007
0.227587
-0.505469
0.323420
-0.092353
0.147566
-1.103282
0.458251
1.247408
1.004674
-1.768440
0.360215
0.087690
0.269469
1.265828
0.162132
1.243150
-0.108932
2.041539
-2.060822
1.159631
0.326840
-0.769846
2.229947
1.487310
0.961520
0.504842
0.220081
0.054289
0.717369
-0.209970
0.355696
-1.811503
-0.712705
-0.012824
-2.619188
0.128640
1.101396
1.027666
1.073053
-0.468225
0.818090
-0.173607
0.620438
1.844481
0.397145
-1.188273
0.673930
-0.449003
0.097379
2.300991
-0.547297
0.239722
-1.043202
-0.143918
-0.081313
1.046195
-0.126361
-0.316226
-0.687368
0.900230
0.807042
1.467250
0.381267
-0.729269
-1.072224
0.101625
1.848468
0.896297
-0.422646
1.240168
0.313960
2.352573
0.629113
-0.568645
1.261297
1.059420
1.113827
1.718064
1.473274
0.966768
2.254252
0.742368
0.594803
1.055763
1.467267
2.108072
0.197039
-0.539522
0.883437
-0.297521
1.652462
0.635513
-0.034001
0.199943
1.783181
2.078816
0.522414
1.895409
1.125515
0.744211
2.157958
0.232910
1.039874
1.065451
-0.458007
-0.087066
0.858665
1.821458
2.427320
0.020776
0.989745
1.763532
2.412711
-0.371951
2.079021
2.007050
2.266375
2.741161
1.268196
1.399093
2.261011
3.423006
1.928232
3.903695
4.369735
1.251191
3.911392
3.652711
3.035892
6.865170
5.857525
3.380564
4.838151
4.118127
4.151274
5.666101
5.064237
6.900440
8.049445
7.790571
6.847295
9.315604
10.298632
11.563112
11.284930
11.415682
10.317912
12.309237
13.593971
16.623003
13.571215
18.251704
19.560929
19.315957
22.083711
23.537593
25.773622
28.042023
32.765144
30.091908
33.797049
39.864202
43.040876
38.174658
35.744887
31.990930
30.233502
27.125825
23.513633
23.368859
20.829868
19.849863
18.097999
16.861817
14.774439
17.336370
13.404002
13.635704
11.049499
13.383295
11.970469
9.663274
10.305430
10.493407
10.015509
8.815639
8.461752
8.277183
8.511700
6.965884
6.903654
8.321084
5.395620
6.923868
5.124516
6.154451
6.013989
4.266811
5.755252
6.033470
6.083147
7.732877
7.569122
8.230851
7.556969
5.637101
7.286753
7.372497
6.916611
5.852104
7.995968
8.690427
5.945300
7.995609
6.928927
7.450972
8.222030
9.812824
9.515779
10.639015
9.931055
11.156203
9.833401
10.168844
12.831767
11.805709
13.131826
15.830079
14.262212
16.547148
16.028858
16.442605
20.245918
21.527008
22.040264
25.696272
25.924234
27.511872
33.401925
32.803323
36.373553
39.343259
44.681123
46.849090
53.691594
47.524538
44.136829
39.006566
36.491379
32.551410
32.277697
27.586988
26.584782
23.258903
21.611651
20.331976
17.713349
19.978099
17.337942
16.863999
14.645670
13.384604
11.577193
12.429204
11.505465
9.409996
10.530117
8.720707
10.305337
7.992129
7.928271
7.478084
7.704761
4.668816
7.173114
7.569035
6.592909
4.345389
4.208372
2.800461
5.915838
3.448117
3.774331
3.070131
2.802035
3.063002
4.070172
1.284078
4.778409
2.140988
2.463118
1.500600
2.093725
1.111726
1.203185
3.294184
2.423361
2.437843
0.454248
0.658690
3.910899
1.264573
2.088566
0.392597
3.082473
2.035734
2.430841
2.417268
1.189115
1.935352
1.383941
1.389607
0.827580
1.399892
1.679256
1.911383
0.309152
-0.176503
1.666964
1.163119
1.237551
-0.527719
0.199611
2.379566
-0.666105
0.715365
0.762645
1.163148
0.340906
1.446880
0.762517
1.033164
1.701194
-0.867920
1.382800
0.461071
1.291927
-0.734110
0.528254
-0.506462
0.798924
-0.049193
1.523838
1.242004
0.494037
0.818349
-0.146918
2.588325
-0.196677
0.646751
1.022838
0.824600
0.308698
0.889441
0.196402
-0.760673
-0.714922
1.163600
0.221197
-0.525476
0.515840
-1.168376
0.426931
0.620260
1.547321
0.852967
0.177956
-1.346039
0.665916
-0.639687
1.256436
0.695079
0.464429
-1.572038
-0.390724
1.178809
1.433423
1.399609
-0.232320
0.242751
1.261671
-0.413994
1.447818
0.364885
-0.544516
0.848565
-1.414847
-1.133457
1.028779
0.440602
0.588978
0.742055
-0.559217
-0.123999
-0.597601
1.938133
0.913867
-0.156636
-0.490077
0.190906
-1.690920
-0.155178
0.084210
0.420240
0.341607
-0.156477
1.479984
0.115658
0.409181
-0.033741
-0.630471
-0.120932
-0.607504
0.844565
2.257113
-0.749217
1.788345
0.812344
-0.865813
1.933470
0.449125
0.981540
0.771513
2.518034
-0.188131
0.900913
0.600163
-0.240129
-0.570127
0.441391
-0.385639
2.130379
0.226777
0.115726
-0.852175
-0.216538
1.345841
0.805436
1.515814
2.345612
-0.166277
-0.248797
0.179547
0.429452
1.841965
0.596946
1.465565
1.663032
-1.016245
0.926935
2.906329
0.637835
-0.719169
-1.068665
0.400557
1.472656
1.244267
-0.174418
-2.144653
2.690006
1.087415
0.096580
0.605090
0.134897
1.069650
0.182983
1.261968
0.554663
-0.498320
0.060720
-0.973612
-0.005720
0.625581
-0.402680
0.111523
-0.387956
-0.271886
2.159227
-0.704043
-0.139818
2.193994
0.266656
0.978194
-0.683617
-0.278129
0.618697
1.014853
0.839946
-0.611056
-0.163670
0.378651
-1.149761
0.873487
-1.682687
-1.653494
-0.209927
-1.210740
-0.138810
0.279844
1.190994
-0.619140
-0.260495
0.290022
-0.974298
0.037599
-0.716139
-0.894206
1.104943
0.350830
-0.271116
-0.052091
-1.113320
-0.363089
2.572352
-1.511615
0.727075
0.119474
-0.382374
0.359019
0.863569
-0.501780
-0.417620
1.829923
1.395679
-0.370287
-0.192038
1.299996
-1.198548
0.100874
-0.385490
0.391358
-0.489073
0.815439
0.701132
-0.133301
-0.587404
0.851934
1.874299
0.181759
0.134617
0.269451
0.629845
-0.124352
2.100191
0.438887
-0.958933
-0.178707
1.173829
1.632942
-0.194754
-0.702970
1.077628
0.444807
0.293046
1.208569
-1.279426
1.097740
1.336949
0.104178
0.453178
0.192063
0.780017
0.106652
0.924950
-0.676492
-0.107568
-2.146911
-1.361095
-0.886840
-0.303362
-0.205316
1.020160
3.671641
-0.552480
0.114596
1.479866
-0.507958
1.407078
0.847917
-0.785096
2.360570
1.583690
0.638470
1.758239
0.690829
-1.075075
1.612260
1.155444
1.714483
-0.037707
1.782263
0.909290
-1.443551
0.046211
-0.707937
2.359596
1.236269
0.306623
1.163422
-0.331820
2.027574
1.968188
-0.388159
0.469039
-1.428349
-0.072713
-1.324358
-0.226839
-0.243187
0.555224
0.950417
0.375732
0.842884
0.134868
0.293217
0.617772
-0.949668
-1.418031
-0.791430
-0.099716
0.734933
-0.205209
-0.087302
1.194713
1.054682
1.366077
0.134632
2.060144
0.247912
1.667012
1.483603
0.915434
0.332710
0.293379
-0.738554
2.064548
0.195305
0.754113
0.738020
0.225275
-1.593685
0.615825
2.962921
2.779953
1.924344
2.330891
-0.095473
-0.284175
0.056148
0.509414
0.131530
0.551372
0.527090
0.778936
2.570279
0.925134
1.110627
-0.630017
3.104919
0.166954
0.118787
0.824497
2.110610
1.371433
0.078201
2.729205
0.047587
0.768227
0.535965
1.917589
1.006950
0.737744
-0.143974
0.337756
0.587776
2.416404
2.251600
0.465708
0.311828
-0.523649
1.376501
2.529313
2.209258
0.022785
1.414887
0.752321
2.114785
1.365610
-0.200097
1.437521
3.362621
0.627104
1.676066
3.266861
2.257679
1.926515
0.969978
0.345081
1.644087
0.831684
1.849951
1.985043
2.149734
1.050984
0.350389
2.214256
0.619152
1.384271
1.718185
1.494132
1.216220
1.860973
0.808358
0.125927
4.060426
2.717510
1.989963
0.785172
2.363834
0.380186
1.937925
0.863923
1.808815
2.380412
3.105076
2.304420
2.913463
3.680282
3.380854
1.569863
2.376892
0.716218
2.471253
3.301456
2.131201
1.409116
2.105115
4.130138
2.392499
1.127065
2.335201
4.789268
2.054080
3.977371
4.501926
2.787881
1.683734
5.112349
2.116462
2.682970
4.875832
4.593623
6.016447
2.260636
1.536146
4.616856
3.508633
5.855029
3.300523
3.009473
5.395103
2.872422
4.018833
4.594623
3.647028
4.649411
5.567915
5.476861
5.827542
4.619665
4.209257
6.490651
4.486483
5.067868
5.485345
4.812588
6.099765
5.065956
5.579180
7.017284
6.731919
4.588288
6.860016
4.884084
5.825808
7.623737
7.420326
6.795697
6.666570
7.772301
7.466189
7.823284
6.301445
8.556126
8.600744
9.401976
9.686353
9.802734
7.941282
7.575120
10.806438
8.455724
8.684940
11.231398
10.395760
9.804150
9.010339
10.552688
11.473077
11.951256
10.680121
12.647314
10.924246
12.442679
12.383073
13.080920
14.177203
15.521069
14.200246
13.150427
15.000328
14.802709
14.079122
16.765838
15.669484
17.222133
17.810488
17.910462
18.788827
18.400380
20.340104
19.207664
19.341152
21.165457
22.593674
21.212230
22.467609
23.620982
23.629866
25.860162
23.704797
23.767191
25.284349
24.404226
29.572141
29.046183
27.007113
30.199429
32.996407
35.436938
33.283603
36.408074
36.231149
38.075751
38.426216
38.352968
39.901217
41.579405
41.946586
44.732597
42.133793
42.300731
38.700174
37.062031
36.726057
35.517649
34.337929
34.668285
33.789828
30.888774
32.599790
30.037413
29.708264
28.661728
28.946502
26.286381
25.991669
24.432532
24.785942
22.430964
24.140799
21.617400
22.080015
21.497754
19.668442
20.385731
20.305080
20.483694
17.550721
19.009316
16.640727
17.948892
15.158249
17.057701
17.463989
14.091151
15.994148
14.655287
13.731832
13.648159
15.015572
14.918226
11.881945
14.035740
10.852288
12.532388
11.296701
11.993302
10.759473
11.559652
11.004591
11.343218
10.250958
11.983494
9.768488
10.435331
10.101978
10.043418
8.925966
9.362496
8.579949
7.602765
7.581994
7.635904
8.144107
6.703695
6.684739
6.076848
7.517364
7.362630
10.084582
8.620001
7.394751
9.261081
7.063941
4.988317
6.112561
6.161399
6.729590
6.832140
6.364398
6.406418
6.085617
4.737113
6.355420
5.894286
5.160477
5.391180
6.488863
6.427292
3.838822
6.917050
5.757727
5.105804
3.666163
5.971797
5.402203
4.715982
4.333944
4.697434
4.434628
4.227178
4.742004
3.706456
4.261483
4.831669
4.949634
4.983360
4.634435
4.133140
2.380581
5.366996
4.316460
5.368728
5.172918
5.282830
3.912616
3.225949
4.544413
4.142875
4.018412
3.478486
6.031162
4.604669
4.602264
3.103474
3.555160
3.684991
6.185772
5.571798
4.663511
4.789864
3.175442
5.031425
4.715639
4.708771
5.750650
6.235559
6.768269
7.023857
4.297369
6.568128
7.870962
5.760800
7.348528
6.828913
7.152023
7.138374
8.764486
10.577325
8.848738
11.710692
10.715841
9.699276
11.174001
13.205080
14.994650
15.376384
18.843153
17.408867
18.756479
21.394408
23.455794
20.465887
21.543057
17.618036
17.824885
14.645346
13.651126
15.275869
13.598390
11.858656
7.826354
11.270104
8.144791
6.834022
7.877073
7.720525
6.410195
7.584164
5.190707
5.191914
4.909733
5.940228
5.654512
5.734553
5.262589
4.535480
4.981874
3.065533
5.023927
2.905553
3.026189
2.593098
2.777823
3.281559
2.425082
3.402729
5.850110
3.080400
1.561352
2.711342
2.405056
3.216256
1.603978
2.271389
3.031942
1.480357
2.392949
1.406226
1.019308
2.450156
0.446700
2.249464
0.493792
0.886176
0.854681
0.484895
1.529386
0.928953
1.283049
2.097932
1.511807
2.206108
0.992499
2.313278
2.691289
0.988720
-0.131232
2.676280
1.590052
2.433787
0.214124
4.132463
1.642515
1.188861
1.128062
2.215762
-0.299187
-0.277004
-0.899971
-0.460696
1.415828
1.614679
-0.294219
1.305810
1.331956
1.539028
0.823417
0.408632
0.466338
0.499512
1.373422
1.355652
-0.371921
-0.192508
1.098961
-0.950382
1.790507
0.301783
0.665506
-0.513772
0.161752
-0.090841
2.698327
1.360890
1.658194
0.684064
-0.036145
-0.529396
0.441051
1.105526
0.262142
-0.124295
0.045154
1.263082
0.415337
0.197806
1.591698
2.591767
-0.574658
0.043832
-0.766914
-0.364525
0.859303
1.293453
-0.583054
-0.105043
2.816462
0.220479
-0.530631
1.570235
-0.563415
1.746731
0.711114
1.038061
1.957700
0.910783
-0.012709
1.685925
0.491581
-1.175986
-0.718715
-0.061647
-0.176375
-0.840044
0.785484
-0.062449
1.600650
0.635122
1.592294
-0.185719
0.466180
1.678399
0.072478
1.143560
0.428298
1.525993
0.910847
0.851918
0.664435
-1.740176
0.433135
-1.748631
1.038817
-2.441653
-1.208731
0.163561
-0.663681
2.050231
-2.000897
1.654263
0.248889
1.085605
-1.698460
-0.304899
2.108788
1.132058
-0.221450
-0.000843
0.060178
0.005753
0.176392
1.101563
-1.307433
0.301320
-0.870985
1.477225
-0.703744
-0.418607
1.232751
1.283616
0.404018
0.396257
0.533663
0.745924
-0.685792
1.343727
-1.002860
1.040814
-1.216582
0.607191
0.896910
0.132376
-0.640471
1.047818
1.078412
0.883722
-0.524443
1.381211
-0.225356
0.863589
0.211120
0.173456
-0.784445
0.043921
0.324710
-0.315125
0.257685
-1.676364
-0.264861
-2.228867
-1.163908
0.582863
-1.680255
-0.388878
-0.645045
-0.040778
-1.116049
-0.834375
1.765667
1.352385
-0.061199
1.027744
-0.379367
0.599639
2.594799
-1.129409
0.814120
1.220851
0.869477
-0.899610
-0.878535
0.950885
0.524183
0.148746
-1.780083
-0.937976
-0.021825
-0.995103
0.292576
0.164252
-0.060046
0.261056
1.199402
1.419058
0.301459
1.618488
-0.313088
-1.628055
1.463010
-1.167871
-0.531204
1.232625
0.466584
0.166084
-0.545995
0.130809
-0.111597
0.105408
0.394222
0.536137
0.805310
-0.774564
-0.254709
-0.639974
-0.476007
1.273838
1.035098
1.301307
0.115818
-0.344209
0.430525
0.042357
0.106734
-1.139778
-0.097744
-0.612335
0.371346
1.369283
-0.521682
1.912884
-2.238935
0.236658
1.990458
-0.146751
0.043589
0.396111
-2.300898
-0.303869
1.903190
-1.868386
2.200943
-0.159891
-0.227443
-0.745904
0.425876
1.027552
0.004569
-0.332222
1.168499
0.400672
0.502132
-0.055367
0.797648
-0.524084
0.214121
-1.832117
0.976019
-1.390736
-0.116912
-0.007461
-1.359466
0.100625
0.679116
0.875931
-0.462925
0.061853
-0.886503
-0.739780
1.312696
-1.051544
-0.020214
0.671418
-0.550841
0.076791
2.061658
0.248794
-0.178780
-0.828554
-0.791156
0.681093
0.173931
-0.492871
0.237283
0.153812
2.118424
-1.946450
0.880602
-0.043683
-1.030010
-0.489628
-0.225941
1.226848
0.134708
0.946545
0.485887
-0.264911
-1.579282
-1.769693
-0.015579
-0.164108
0.768941
-0.311230
-0.592705
0.130779
-1.204438
-0.885292
0.813285
0.225937
-0.009609
-1.056646
0.634254
1.022526
1.676029
0.287468
0.702661
0.325208
2.100111
-0.161953
-0.657347
0.338574
1.591514
-2.996313
-0.009112
-0.833744
0.277561
2.868440
1.219458
0.120226
-0.871851
-0.456726
0.586873
-0.684481
-0.090983
0.783701
-0.341239
-1.202959
1.174793
-0.207999
0.711128
0.687591
0.845620
1.304582
1.032650
0.236194
0.462083
0.686648
3.251639
-0.593589
2.003485
-0.303409
1.569384
0.073806
0.024400
-1.762775
0.867046
-0.170502
-2.847635
1.803188
-0.106454
1.335019
0.019297
2.145398
-0.659174
-0.335641
-0.406091
0.904244
0.611544
-1.011780
1.450175
-0.120357
-0.593128
-0.250298
-0.545545
-1.918684
-0.340169
-0.069052
-0.282606
-0.248255
-1.357940
1.257972
1.130067
0.766269
0.844286
-0.674300
0.537088
-0.153071
1.224605
0.477263
0.183127
-0.746563
-0.842652
-0.499248
-1.136102
-0.305773
0.576420
1.306707
-0.566913
0.891795
-0.063403
0.665487
-0.157722
2.001726
-0.250711
-1.790500
-1.267528
0.074291
-0.578047
0.548320
-0.094055
1.351567
0.783004
-0.393308
-2.000274
-1.255191
-1.674165
1.053295
0.806320
-0.400904
-0.242868
0.214741
-0.346284
-0.574822
0.276945
-0.513382
-0.889960
-0.160892
-0.802514
-0.335437
0.007176
-1.333973
-0.379690
-0.313072
-0.819556
-0.094626
-0.167002
-0.886274
-0.419064
-0.033228
-1.493630
-0.826632
-0.017794
0.144300
-0.179972
0.293369
0.068501
0.412969
-0.487806
2.374082
-0.607948
0.415061
1.033491
0.454245
0.888498
-0.083434
0.433560
2.008232
0.891432
0.667935
-0.241249
0.926384
-0.237010
-1.585397
0.874860
-1.331378
-0.098173
1.002852
1.680815
0.420996
1.096057
-0.818172
-0.181465
1.413847
0.016644
1.424846
-0.245950
-0.711274
0.533501
1.826363
0.548199
0.234496
1.426271
-0.609800
1.881456
0.550159
-0.394110
-0.136797
-2.205735
-1.615232
-0.709096
-2.215032
-0.791236
1.281672
-0.043046
0.329879
-0.866364
1.094554
1.490646
-0.560950
-0.096222
0.367248
-1.962320
-0.938036
-0.775406
0.111011
0.471078
-0.511019
-0.523830
-0.956333
-0.434462
-0.081883
-0.253187
-0.842883
2.598864
-0.803992
0.247285
-0.572225
-1.072981
-0.927174
0.131659
-1.696282
0.059939
0.156575
-0.360374
1.600356
-0.035916
1.301433
1.060877
1.662646
0.838605
0.567906
0.570080
-1.028177
1.926820
-0.447823
0.486580
-0.794564
-1.798615
0.143690
-0.944315
0.202526
-1.208873
-0.286993
-1.150109
-2.487798
-1.105134
-0.632689
0.037666
0.444811
-0.267729
-0.442587
0.529040
-0.258892
1.136940
1.033717
0.423620
0.613615
-0.450629
-0.335218
0.295687
0.645322
-2.704031
-0.989148
-0.479656
0.481142
-1.357519
-1.036999
0.765370
2.154568
-0.160820
0.379455
0.906518
-0.590404
0.897054
1.366321
-2.163984
0.753241
0.399689
-0.524369
0.616070
-1.376514
0.352446
-0.488199
-0.983281
-0.361576
-0.949243
-0.151507
1.048833
0.917303
-0.148792
-0.059042
-0.152558
0.350558
-1.443682
-1.016314
-1.039586
0.937176
-1.142630
1.794995
1.030952
0.920990
-1.652138
-1.793667
0.380284
-0.380544
0.565458
-0.665211
0.161612
-1.100037
-1.496621
1.785748
-0.805236
-0.745205
0.097539
0.095683
-0.168405
-0.815051
0.225819
1.042215
-1.682619
1.060959
0.951796
0.048717
0.955796
1.044606
0.998595
0.896146
0.269562
0.865584
0.229225
1.130032
-0.110485
-0.110247
1.960870
0.181612
-0.945735
0.728550
0.604090
1.444116
-1.689275
1.498419
1.909030
0.883983
-0.067795
-1.558016
-0.040136
0.980769
-1.220325
1.184336
0.346411
0.318933
2.394819
1.910443
-1.678967
0.239914
0.818924
0.196619
-1.961679
-0.747140
0.727550
0.254210
0.851517
1.950243
0.189672
1.846529
1.307172
1.025924
-0.060123
-1.218130
2.540318
-0.570110
-1.690674
0.325727
0.720375
0.452347
0.065528
1.437944
1.459983
0.173756
0.157700
0.336939
0.435894
-0.105073
-0.191591
1.338901
0.408943
-0.164280
0.028118
-0.406035
-0.011160
0.478280
-0.872085
1.163319
-0.160111
0.314167
0.191335
0.429675
-0.853505
0.303122
0.843815
-0.331566
-0.238718
-0.052399
2.122911
2.050004
1.514625
1.730412
0.698296
1.917188
0.771580
0.728666
1.174943
0.671794
0.994443
2.148901
-0.158599
1.102912
1.575566
2.454487
1.411817
1.334356
2.372245
0.157522
0.441464
1.690596
1.212348
-1.250535
1.961081
0.782583
-0.633656
-0.133763
1.241168
1.514842
-0.529311
0.837943
1.713528
1.740495
0.700238
0.677408
2.005692
2.021353
2.473925
0.892791
-0.484423
2.022082
0.866136
1.307082
1.591909
3.312972
1.263197
0.738177
0.930260
2.012198
2.557412
1.352676
1.630028
1.725730
1.802697
3.561336
5.481380
4.766352
3.600651
3.343614
3.050550
5.291598
4.163299
5.187462
2.249630
2.762169
2.199121
4.800826
5.607550
3.660427
5.574822
7.104675
3.071632
5.614369
7.348945
8.286595
8.196876
8.581317
9.249399
11.111300
8.659257
10.631698
12.450869
11.868229
13.730532
13.571651
14.752348
17.520842
19.141033
22.171968
21.193372
23.599211
24.135594
26.357567
32.111053
31.777503
35.092401
40.281567
41.703409
43.173627
40.997542
37.080759
33.803147
29.105283
27.242136
25.555893
23.519765
21.057525
20.131655
18.349313
16.965662
15.721255
14.755476
14.160684
11.841776
10.996234
11.386277
7.019566
10.191492
7.626371
8.260950
9.648417
7.373172
8.780679
6.597789
7.652905
5.798454
7.012487
5.306455
4.891603
3.700511
4.055281
3.781571
4.863653
4.367086
2.951328
4.412682
4.475560
2.498893
3.768532
2.751672
2.837081
3.141721
2.940179
2.070874
3.033163
-0.362735
2.297364
2.757491
2.416199
2.331954
1.435680
1.395287
4.848683
3.179390
1.383833
1.023202
0.515556
1.759225
1.527816
0.483225
2.334583
0.320461
1.915292
2.646067
2.237543
2.265521
-0.085289
0.709273
1.444711
-1.469323
1.785587
2.421075
0.286107
2.316557
0.496039
-0.610577
3.467748
0.738872
0.601833
0.827363
0.969463
-1.556769
-2.578468
-2.017084
1.201253
0.882570
1.109395
1.208412
1.070140
-0.225535
-0.135624
-1.087550
1.843908
0.098235
-0.089820
0.959586
-0.164277
0.223619
0.915948
0.327883
1.138867
-0.923617
1.096430
-1.060882
1.055241
0.272453
0.630475
-0.459495
-1.140088
1.367832
1.575010
1.044795
-1.790836
-0.448497
-0.057266
0.009258
0.388538
0.582600
-1.351979
0.618961
0.077831
0.788495
1.061172
0.007305
2.200275
-0.234376
0.586617
-1.260167
-0.260911
-0.222578
-0.572235
-0.180409
-1.053487
-0.679872
1.590327
-0.090332
1.164788
0.964042
-0.997232
1.793894
-0.264004
0.397172
-0.171876
0.330062
0.006173
-0.805255
-1.261885
0.185064
-0.004837
-0.146191
0.350398
0.600083
1.071181
1.504817
-1.049079
1.803256
-1.214396
-1.017666
0.643835
1.128203
0.767159
1.226304
-0.012781
-0.430558
-0.672595
-1.906652
-0.879646
1.067562
0.579833
-0.137794
0.481455
-0.843783
-0.195947
1.033244
-0.410402
-0.057039
1.203245
-0.322540
0.113127
-0.753618
0.133179
1.112257
0.798358
-1.638379
-1.754039
-0.520379
-0.524259
0.816047
0.253240
1.561030
0.044477
-0.528903
-0.973235
0.453663
0.934767
-0.669894
0.589176
0.954556
-0.718263
0.284958
-2.740210
0.650371
-0.407793
0.052983
-0.144605
1.077605
0.451750
-0.798402
0.023255
0.852709
-0.983779
0.621200
1.360019
-1.143239
1.286979
1.095739
-0.610254
-0.401510
-0.432700
0.417555
0.289968
-0.142025
-1.000704
0.046359
0.261413
0.426537
0.315685
-0.358183
-0.697681
-0.157452
-1.346371
-0.894606
0.807843
-0.198440
-1.183048
-0.986417
-0.780020
-0.192863
-1.419585
-0.277974
1.308202
-0.500351
-1.194081
0.383880
2.130562
0.016692
0.966305
-0.948843
0.598693
-0.085014
1.504976
-0.765897
0.147521
-0.386398
1.123520
0.039091
0.372642
0.497324
0.795184
-1.035181
-1.563796
-0.074781
0.690980
1.099015
1.559975
0.896395
-0.380827
-0.494385
0.276209
0.183484
-0.947607
1.195218
-0.801890
-0.994336
0.716457
0.262251
0.149278
0.044062
0.905658
1.353951
0.596443
0.717287
-0.308054
-0.770716
-2.279225
-1.062867
0.176070
-1.494661
-0.762530
-0.017696
0.330233
-0.518840
1.207710
-0.561425
-0.315416
-0.301566
0.240198
-1.449460
-1.904420
-0.408381
0.019524
1.257725
-0.919435
1.011601
1.430748
-0.048943
0.565826
-0.889547
0.084973
-0.450185
-1.162699
-1.238385
-0.147871
-1.746216
1.010083
-0.841825
-1.048154
-0.053486
0.390515
-1.244597
-0.585003
1.170418
0.762630
-1.914496
-1.430528
-1.803236
-0.677936
-0.372920
-0.030776
0.055543
0.890670
-0.392464
-1.319416
-0.854074
0.094884
0.086250
0.892379
-0.733166
1.535675
0.431676
-1.540902
0.277229
-0.189346
0.715040
-1.029007
-0.602230
0.751679
1.764675
0.954883
0.970504
0.090876
-1.016000
-1.410507
0.108462
-0.282171
1.660704
0.263444
-1.292714
1.708829
3.863713
0.922829
0.191494
0.620246
0.213291
0.108102
-0.118550
1.232265
-0.085190
0.263860
-0.237347
2.022379
-0.364456
0.845834
-0.524289
-0.332025
0.016316
-0.532116
0.037037
1.326461
-0.417006
-0.786964
-0.978781
-0.302414
-1.237612
-1.855576
0.860356
-0.705008
-0.004451
0.766120
0.254357
0.146642
0.865703
-1.951897
2.240417
1.185554
-0.064842
-0.642407
1.145536
0.637810
-0.629971
0.030143
1.106273
1.111878
0.075624
0.674215
1.050413
1.610440
-0.204558
1.147461
1.232083
1.530136
1.335637
1.151934
0.293853
-1.131179
-0.104970
0.380033
-0.487046
1.299277
1.329665
1.505338
2.255399
1.349745
0.166933
0.653477
0.251271
1.743527
3.294465
1.397333
4.358359
2.082950
2.865145
4.097031
5.620220
5.833070
5.713309
6.744133
4.737634
5.995073
8.461501
7.612543
10.542587
11.908592
15.666646
14.743517
19.898379
22.214714
27.637681
33.639751
26.989277
22.448071
20.220273
15.201440
14.542836
12.871985
9.957762
9.425616
8.709425
8.034308
5.752285
7.335946
4.859855
4.609332
5.187012
4.688448
3.237798
4.440198
1.709685
0.775857
1.977349
2.615314
2.963085
2.796580
2.776384
1.069399
4.057712
1.456288
2.783416
2.687600
2.888331
2.074333
2.397659
1.095005
2.443820
0.522305
1.834675
2.185059
-0.159370
1.679936
2.667632
2.548141
2.499142
3.202930
1.637532
3.429337
1.897049
2.859156
3.370168
4.576023
5.205876
3.924901
5.064154
5.679560
2.902503
5.430270
6.372649
6.430268
5.835450
8.056267
9.016556
6.285738
10.006904
10.446178
10.603906
12.797635
11.685106
14.376534
13.892268
15.951309
16.190399
20.192304
21.390850
23.388343
26.663424
29.342227
31.237942
33.924244
37.743041
41.771840
47.627345
52.315860
47.070599
42.569798
37.911004
33.762945
28.347994
26.743341
23.793136
21.552986
20.783739
17.963541
15.973095
14.477409
13.932468
13.810932
11.408607
10.723793
9.882102
10.103294
9.674864
9.053476
9.018039
7.866595
6.530395
4.003268
4.668319
5.239430
3.766112
5.662267
3.420376
2.947822
4.690909
3.843624
1.493316
5.442203
2.691765
3.741634
4.478392
2.762610
2.577597
1.167377
2.580220
1.773180
-0.205181
1.505299
2.960952
1.586125
3.047036
1.712177
3.238324
-1.341196
2.275836
2.377614
1.201542
3.017471
-0.607450
-0.084325
0.727963
-0.355623
1.677950
1.444788
0.770250
3.141773
0.109519
0.112768
-0.820614
1.083397
1.351873
-0.446242
2.127646
0.803718
2.379868
1.512053
-0.083110
0.891971
1.270809
-0.250459
2.260532
0.347047
1.425035
1.094079
1.828167
-0.039313
0.439616
1.508052
1.027051
-1.058053
0.639624
2.606859
0.713105
0.180193
0.663062
3.254725
2.268515
4.317159
0.309168
1.331831
3.695193
2.186035
3.424112
3.443058
2.971939
4.695509
2.787658
4.787965
4.386107
3.879004
4.173802
4.539665
4.133919
4.735664
7.241777
8.975404
9.520466
10.325197
11.297874
13.238897
16.637482
19.902383
22.496809
27.411501
32.258465
38.130528
42.668546
36.599165
29.801289
25.950906
20.576854
15.953704
15.182108
13.087574
10.798200
10.877091
9.322846
7.123272
6.376836
6.295810
5.928325
6.047015
4.015396
4.812736
2.877718
3.446947
3.001127
3.246201
0.857312
1.414170
1.862776
1.363366
1.689855
1.753940
1.458225
0.432978
-0.243855
1.735595
1.576170
1.538370
1.632660
-0.035704
-0.575003
-0.982769
0.149609
1.667262
1.894086
1.903143
0.557534
-1.631285
1.235571
1.336821
1.514473
1.654560
2.101688
0.986270
-0.237656
1.770450
-0.011860
0.419567
-1.024395
1.249232
-1.210946
0.510386
0.727546
0.723253
-0.370784
-1.183750
0.362757
2.003965
-0.421587
-0.911015
1.713016
0.853572
0.866210
1.098024
-0.652817
-1.585632
0.960262
0.450177
0.851253
1.298685
-0.269412
1.108784
-0.780448
0.767007
1.447496
0.265926
1.774847
-0.475655
1.591198
-0.371953
-0.965916
0.947254
0.239974
0.750999
-0.133011
0.493343
0.065935
1.954537
-0.336508
1.945931
-0.080835
1.132440
0.616116
1.581539
0.248147
-1.045378
0.539058
-0.651172
-1.220937
-1.433457
0.167138
0.596905
-0.764147
0.457694
-0.604575
1.450260
-0.295056
-0.189546
0.348345
-0.190596
-0.064525
-0.180223
-0.644926
1.554469
-1.001836
0.530912
1.760992
0.909358
-0.977393
-0.459434
1.074874
0.431820
-0.900725
0.272145
-0.500250
-0.271596
0.759622
0.323150
-1.567841
0.335886
0.173315
-0.039374
-0.337218
-0.468224
0.813776
-0.489078
-0.643691
0.741596
1.281560
-0.264939
0.007814
-0.112279
-0.791998
0.461599
-0.180702
0.597565
1.627476
-0.330748
0.216283
0.788204
-0.950955
1.604294
2.083954
1.458866
-1.853369
0.382971
-1.092282
0.298659
0.695567
0.256830
-1.652709
-0.097376
0.351692
-0.371165
-0.603843
-0.506115
1.701128
1.499554
0.861608
1.770233
1.110469
0.267245
-1.559306
0.645858
-1.138743
-0.221543
-0.381771
0.776264
-1.598724
0.445375
0.146906
0.354980
-0.017825
-0.788376
0.024473
0.430945
0.049586
-0.215964
2.157996
0.954387
0.222844
0.343661
0.188807
-0.423349
-0.312975
0.857539
0.103712
-0.873546
0.559829
0.053885
0.025231
-0.806602
-0.053039
0.124575
0.654979
-0.222907
-0.595121
-1.152006
0.300717
-0.600565
1.285620
0.106045
-1.711138
1.034206
0.873830
2.664634
-1.218884
-1.419382
-0.983641
2.602513
-0.765662
0.645188
0.120736
0.697949
0.284572
-1.035164
-1.608888
0.127595
1.626176
-0.422863
0.679283
-0.354934
0.465403
0.017697
-0.433254
1.195094
-0.401192
1.081702
-0.547345
-0.053858
2.609253
0.554116
-0.691516
0.105893
-0.599307
0.922195
-1.434469
1.158975
-0.538744
-0.461604
2.079193
0.872856
0.070261
-0.836596
0.077465
-0.536272
-0.895232
0.578189
-1.751216
1.068876
-1.330998
-0.248180
-0.998658
-0.429243
2.526129
0.451831
-0.011017
-1.421796
0.498496
0.246387
0.102488
0.369600
0.289677
1.876560
1.170120
0.967016
1.562965
-0.782211
-0.734482
0.335119
-1.296936
-0.768105
-0.220905
-1.224212
1.624398
-0.405228
0.247031
1.749561
-0.493680
-1.266524
1.650096
1.269851
1.561494
1.113957
1.638736
3.109585
0.745902
-0.547144
0.411966
-0.425166
0.176937
0.987363
0.098354
-0.066333
-0.650434
-0.509565
-0.530584
0.216673
-1.979479
-1.042166
1.005459
-0.132629
0.976342
-0.214323
-0.135506
0.788596
-0.604217
-0.658652
-0.721175
0.521269
1.415719
-1.441257
-1.456575
-0.689198
-0.060764
-0.200462
-0.941611
0.087135
0.043734
-1.356892
0.797995
0.080381
-0.587441
0.667684
-0.052326
0.716177
1.188901
0.415485
0.945483
1.337857
0.483315
-0.421694
-1.352993
-1.605556
0.532777
1.220226
-1.482216
1.279979
1.754252
-2.041413
0.493630
-1.631786
-0.167337
-0.230415
0.409059
2.437415
1.031671
-0.418020
1.950918
-0.917431
0.332304
-1.015579
0.205111
1.004699
0.440289
1.062703
-0.861703
0.935993
0.526683
-0.476702
3.060898
0.333610
-0.235897
-0.535576
-1.528136
-0.874644
-1.428261
0.059971
0.713662
-0.982877
0.670872
-1.060553
2.455907
1.017451
-0.739334
1.014792
0.751188
-1.561007
-0.372879
0.396895
0.489473
-1.123021
-0.918649
-0.449301
-0.678423
1.969605
-0.879142
-0.835643
-0.561241
-0.302757
-0.479214
-0.335934
0.610201
0.479154
-1.496269
0.977712
-0.348907
-0.009721
-0.013404
1.616240
0.399075
-1.341742
-0.505755
2.309460
0.033164
-0.082564
0.095261
0.355440
-0.525247
0.155219
0.828678
0.455060
-0.722432
0.114460
-0.359892
-2.151601
0.478890
-1.350698
-0.956388
0.315811
0.030839
-1.739881
-0.300363
0.709175
0.046278
-1.415987
-0.464430
1.123931
-0.065367
-0.536470
0.811000
-0.464119
-0.399244
0.029009
0.304038
0.348037
-1.600193
-1.828958
-0.877515
0.831012
1.724864
1.944494
1.362752
-1.991400
0.262124
0.837647
-0.781078
0.415251
-0.367600
-0.310393
-1.369947
-1.670812
0.057891
-0.538857
0.211929
-0.556017
-0.920673
0.571989
1.830101
0.775812
-1.084485
0.632789
0.500991
0.709522
0.989043
0.318279
0.031486
-0.056267
-0.077728
1.936080
-0.223843
1.055908
0.291008
0.019594
1.413117
-0.983096
-1.624232
0.444979
1.674804
1.857937
1.438788
-2.228591
0.014452
0.736435
0.605176
-0.932257
-0.168823
-0.225056
0.293558
1.662879
-1.280941
-1.240322
-1.301331
-0.852610
-0.409676
-0.576041
-2.582462
0.034429
1.265530
-1.237288
0.607492
-0.781166
0.132925
2.308798
-0.288114
-1.186556
1.387620
-0.768986
0.925496
-0.073156
0.856172
0.284076
-0.944217
-0.269060
-1.486955
-0.538163
0.388472
0.119222
-0.542680
-2.504901
-0.674412
1.573454
-0.086984
-1.536928
0.743104
-0.692931
-1.014777
-0.681743
-1.459630
-2.355959
0.436887
0.735117
0.237219
0.240506
-0.396222
0.572611
0.945314
-1.073261
-0.095842
1.048059
-0.948851
1.397388
1.058878
-1.145118
-1.009680
1.843316
0.191423
0.653046
1.709143
0.190566
-0.544694
1.327845
-0.449497
0.105064
-0.008163
0.870291
-0.696175
1.144832
0.487293
1.118597
0.572756
-0.783553
0.388136
0.401721
0.056685
0.469415
0.969843
0.840766
0.977474
1.138235
0.284328
0.149998
-1.349287
1.051397
-0.566654
-0.277940
-0.567149
0.279430
0.312642
-0.882146
0.107772
-0.308084
0.112256
0.422474
0.280202
0.490154
1.413093
-1.666431
0.338179
0.740645
-0.730243
0.001188
0.139063
-0.762013
2.801966
-0.692600
-1.300320
-1.804694
0.477267
-1.594428
-0.133540
-0.233022
0.355039
-0.392730
-0.150942
1.123616
0.551266
0.147704
2.020752
0.435062
0.946919
0.847073
-1.039466
-0.088145
1.676736
-0.207450
1.516741
0.313367
2.226987
-0.546624
-0.782379
0.147866
-0.313422
-1.939593
1.173431
0.875855
1.920678
0.242144
-0.989693
-0.013164
-1.154975
-2.588710
0.074870
0.270902
1.343494
0.033789
1.666923
0.093254
1.506946
-0.633851
-0.870763
-0.539058
1.316833
0.021303
-0.746490
-0.604909
-0.136166
-0.011601
1.264545
0.566640
1.734394
1.549484
0.779325
0.070269
-0.530503
1.985896
-0.779450
0.233044
-0.823335
1.014603
2.531504
-0.442802
0.963445
-0.492526
0.384183
-0.344813
0.683019
1.041112
0.933920
1.057363
-0.871654
0.070920
-0.242380
-0.965764
-0.394093
1.082342
1.285730
0.195684
0.222568
0.970173
-0.530026
-0.053026
-0.611925
0.180654
-1.780452
1.374590
0.718333
-0.347878
-0.677420
0.305644
0.618782
0.586236
-0.354359
1.315623
-0.480621
0.651997
0.193109
0.986940
-0.820658
0.374429
-1.308323
1.542255
1.454502
-0.191120
1.218222
1.301495
0.083668
-1.237761
-0.078034
1.121306
-0.218360
-2.524678
1.214803
-0.975879
-1.220187
-0.246980
-0.018910
0.328310
0.461708
1.437798
-0.528935
0.527925
-0.752475
0.218697
-0.824402
-0.117576
-1.114218
1.443029
-1.787536
0.616878
0.110208
-0.347145
1.381832
2.473354
0.649086
0.737224
0.611438
0.697962
-1.011289
1.050651
-0.579172
-0.124839
1.040092
0.686255
-0.401544
-1.378662
-0.479786
-0.614978
-0.135584
0.310480
-0.233819
0.228039
0.190527
0.784839
0.956249
1.262105
-1.012521
0.309524
1.404199
0.416601
-0.975271
1.022104
0.283816
