-0.425307
-0.278804
-0.168653
0.023832
0.100153
0.161779
0.313354
0.484016
0.503081
0.476111
0.476149
0.450055
0.505808
0.587001
0.637827
0.696321
1.044287
1.515799
1.982527
2.535766
3.016862
3.507297
4.090358
4.709568
4.474594
3.902915
3.406222
2.693201
2.249275
1.826414
1.168612
0.449208
0.520802
0.875218
1.129895
1.558425
1.666319
1.708692
1.944065
2.196903
2.104615
1.894096
1.718071
1.464774
1.369807
1.309651
1.162952
1.012507
0.950566
0.915364
0.871782
0.846535
0.770203
0.679841
0.610595
0.538349
0.374656
0.172881
-0.027887
-0.255757
-0.319931
-0.327047
-0.369267
-0.382351
-0.466784
-0.571640
-0.643538
-0.718539
-0.759407
-0.783715
-0.812445
-0.831681
-0.885931
-0.951098
-1.004964
-1.062845
-1.104635
-1.140264
-1.180652
-1.218475
-1.143463
-1.019743
-0.898269
-0.742978
-0.614071
-0.480781
-0.311364
-0.127315
0.019401
0.160914
0.319470
0.478887
0.672020
0.881707
1.090966
1.311371
1.312428
1.225331
1.159226
1.037516
0.979359
0.924409
0.809325
0.676887
0.713464
0.807455
0.875717
0.977833
1.004499
1.012200
1.057995
1.103123
1.138359
1.173106
1.207892
1.241418
1.288202
1.340041
1.390005
1.442943
1.271876
1.006689
0.754226
0.439351
0.181033
-0.081120
-0.410217
-0.763606
-0.619192
-0.281435
0.009179
0.423048
0.673150
0.906336
1.273799
1.673129
1.642173
1.457283
1.325001
1.097403
1.044631
1.027151
0.903886
0.770659
0.600460
0.398661
0.187304
-0.046844
-0.313298
-0.605191
-0.919359
-1.258346
-1.152980
-0.872531
-0.637111
-0.291752
-0.084225
0.111407
0.426428
0.772079
0.712024
0.506337
0.350799
0.105394
0.023202
-0.026346
-0.175560
-0.334601
-0.432474
-0.519478
-0.620085
-0.714910
-0.863871
-1.034597
-1.197111
-1.372064
-1.255932
-1.020905
-0.811239
-0.525824
-0.320227
-0.115781
0.170317
0.482166
0.441779
0.272230
0.145174
-0.061627
-0.134154
-0.182417
-0.318681
-0.466800
-0.418872
-0.302399
-0.207351
-0.068540
-0.014964
0.020583
0.104938
0.192587
0.207357
0.197829
0.195240
0.176501
0.193253
0.218273
0.225099
0.231816
0.228919
0.219954
0.211147
0.198545
0.182685
0.163678
0.140884
0.114660
0.192579
0.312804
0.424956
0.564526
0.674469
0.783800
0.922726
1.070820
1.025999
0.906524
0.805092
0.655926
0.571096
0.493181
0.363224
0.221175
0.159820
0.121624
0.067019
0.024829
-0.064001
-0.168596
-0.258459
-0.354379
-0.360416
-0.329487
-0.308587
-0.265113
-0.244695
-0.224570
-0.180164
-0.128005
-0.207779
-0.337485
-0.453285
-0.600537
-0.701176
-0.795249
-0.923779
-1.058957
-1.122366
-1.162000
-1.211885
-1.247392
-1.316950
-1.395344
-1.457467
-1.520412
-1.442284
-1.302792
-1.170105
-0.996620
-0.853214
-0.704209
-0.511728
-0.301309
-0.285400
-0.339245
-0.365789
-0.434002
-0.425054
-0.399911
-0.421010
-0.446026
-0.378837
-0.279146
-0.187852
-0.075137
-0.002412
0.062446
0.151136
0.242046
0.138026
-0.045373
-0.217880
-0.443591
-0.612755
-0.781637
-1.007946
-1.252571
-1.100900
-0.795270
-0.526143
-0.158438
0.078612
0.302397
0.633572
0.990389
0.787230
0.369190
0.002692
-0.501866
-0.814112
-1.103769
-1.544224
-2.017893
-1.883800
-1.522638
-1.223262
-0.779412
-0.559678
-0.374144
-0.029885
0.342154
0.346505
0.224231
0.147828
-0.007330
0.000683
0.046077
0.003276
-0.042256
0.059233
0.212660
0.356219
0.535488
0.649936
0.752492
0.894729
1.041413
0.773930
0.336507
-0.078140
-0.606588
-1.018446
-1.431612
-1.967428
-2.543698
-2.259904
-1.642099
-1.104229
-0.352778
0.115049
0.553817
1.225271
1.952083
1.794661
1.311580
0.925777
0.335127
0.081168
-0.115224
-0.537410
-0.993044
-0.943342
-0.718205
-0.551273
-0.273386
-0.217608
-0.210506
-0.079432
0.058062
0.150823
0.240686
0.340110
0.437506
0.589176
0.764002
0.934465
1.119671
1.303795
1.493904
1.699287
1.913858
2.141248
2.380015
2.627862
2.886263
2.918529
2.860481
2.823179
2.728438
2.701204
2.677975
2.592541
2.489662
2.494419
2.530212
2.542814
2.571489
2.538889
2.485294
2.450795
2.408095
5.163081
9.106652
12.921260
17.534227
21.466770
25.470259
30.328497
35.511625
35.042458
32.411010
30.366377
26.959640
24.845250
22.704586
19.102857
15.003984
13.622369
13.009262
11.752756
10.870348
8.420597
5.411123
2.851369
0.054710
-0.300866
0.318835
0.591624
1.432316
1.593720
1.695480
2.411647
3.289363
2.939390
2.207802
1.701260
0.981646
0.897046
1.006624
0.870045
0.786962
0.769362
0.778627
0.838491
0.939409
1.000555
1.069374
1.182808
1.314609
1.121944
0.804552
0.520517
0.157869
-0.095356
-0.335328
-0.661131
-1.005658
-1.208560
-1.369063
-1.555736
-1.718680
-1.959470
-2.225035
-2.462887
-2.708800
-2.671987
-2.515717
-2.379762
-2.166534
-2.021098
-1.870448
-1.637046
-1.373168
-1.235122
-1.127573
-0.982393
-0.848817
-0.631095
-0.379022
-0.142290
0.112922
0.000884
-0.260382
-0.486806
-0.807222
-1.025814
-1.241437
-1.558472
-1.906484
-1.698882
-1.280123
-0.918192
-0.422656
-0.121592
0.153318
0.574464
1.024984
1.181401
1.241928
1.346705
1.394232
1.584820
1.814138
1.978376
2.148221
2.480770
2.878286
3.274074
3.716799
4.105717
4.493553
4.932284
5.386465
5.223540
4.810667
4.440800
3.906758
3.976856
4.231632
4.290753
4.417138
6.555607
9.561014
12.547743
16.145841
19.260283
22.453447
26.300188
30.410701
33.219145
35.666376
38.447989
41.064736
39.269988
35.556311
31.864834
26.816436
25.563642
25.292346
23.452933
21.808148
17.972782
13.130488
8.571654
3.429613
3.052455
4.459458
5.059552
6.656942
6.237775
5.342473
5.560073
5.814554
5.865923
5.965996
6.121849
6.302752
5.842681
5.127524
4.466377
3.640802
3.361070
3.242259
2.930131
2.668956
2.136976
1.493176
0.912261
0.277028
0.100619
0.100644
0.025157
0.048803
-0.070968
-0.213303
-0.247435
-0.261287
-0.253516
-0.215583
-0.156730
-0.072552
0.058095
0.222597
0.411477
0.631516
0.851294
1.088144
1.357454
1.648547
1.976374
2.333476
2.711802
3.116768
3.688680
4.346357
5.024582
5.769418
6.505234
7.270604
8.105480
8.982824
9.826264
10.682539
11.584790
12.509028
13.502410
14.540384
15.598502
16.693411
17.220782
17.526042
17.894016
18.124493
18.533295
18.960183
19.237548
19.478649
18.744991
17.563748
16.385806
14.896307
13.563986
12.152894
10.412537
8.511810
7.783497
7.444027
6.885379
6.539835
5.659776
4.628936
3.840000
3.026735
2.712859
2.625687
2.493721
2.501813
2.438852
2.406548
2.521934
2.707004
2.474152
2.111769
1.840714
1.503565
1.377872
1.320852
1.187022
1.075082
1.198866
1.425074
1.663167
1.979275
2.235653
2.504434
2.856643
3.243838
3.126281
2.819182
2.570726
2.204952
2.019663
1.862404
1.576385
1.267826
1.365680
1.612264
1.816968
2.116586
2.257606
2.371188
2.589524
2.822782
2.696442
2.435178
2.205697
1.888435
1.704009
1.538333
1.276314
0.996155
0.851630
0.746114
0.615206
0.506136
0.318051
0.103890
-0.084459
-0.282412
-0.300117
-0.242894
-0.203179
-0.116714
-0.075215
-0.032796
0.059817
0.169456
0.023432
-0.218083
-0.430551
-0.702478
-0.881247
-1.045166
-1.274422
-1.514655
-1.535598
-1.475298
-1.436334
-1.345158
-1.337192
-1.342424
-1.290188
-1.228496
-1.258853
-1.317859
-1.362651
-1.424568
-1.437933
-1.437160
-1.456094
-1.471646
-1.475129
-1.473979
-1.470006
-1.461382
-1.458446
-1.455453
-1.447377
-1.437714
-1.749841
-2.197606
-2.629814
-3.153038
-3.027319
-2.666482
-2.427719
-2.062001
-1.570349
-0.978546
-0.261725
0.568559
1.097370
1.564312
2.162700
2.756101
2.667923
2.301316
1.959979
1.426748
1.093753
0.758709
0.216589
-0.393399
-0.395479
-0.192627
-0.087886
0.135514
0.085186
-0.036397
-0.024124
-0.017273
-0.249851
-0.572672
-0.889717
-1.271948
-1.560850
-1.839977
-2.190560
-2.557082
-2.563622
-2.432025
-2.333019
-2.145028
-2.080885
-2.031189
-1.884300
-1.715940
-1.495518
-1.232590
-0.948909
-0.630965
-0.276134
0.112645
0.535466
0.992586
0.695553
0.097309
-0.432644
-1.154547
-1.651021
-2.134294
-2.825446
-3.574994
-3.320887
-2.689105
-2.162698
-1.397867
-0.994067
-0.643313
-0.031021
0.629466
0.514170
0.119060
-0.190632
-0.677251
-0.851517
-0.966744
-1.277909
-1.611703
-1.635297
-1.558254
-1.519568
-1.417196
-1.470430
-1.564091
-1.585421
-1.611397
-1.440172
-1.179555
-0.931676
-0.626444
-0.351595
-0.064148
0.283878
0.660366
0.714101
0.650258
0.630276
0.539681
0.572407
0.629160
0.607849
0.577640
0.594779
0.619628
0.632604
0.649155
0.622310
0.577418
0.538004
0.487868
0.423391
0.348368
0.262907
0.166546
0.065225
-0.044420
-0.165218
-0.295188
-0.327031
-0.322600
-0.331983
-0.319854
-0.343516
-0.373789
-0.380361
-0.383736
-0.335697
-0.261773
-0.186568
-0.093244
-0.002233
0.096420
0.213940
0.342823
0.550600
0.799268
1.056449
1.344768
1.630336
1.930227
2.262538
2.615064
2.730536
2.758048
2.816965
2.822924
2.915168
3.022635
3.071811
3.112455
2.835602
2.413484
1.995760
1.478212
1.012054
0.521449
-0.074671
-0.721701
-0.359495
0.397108
1.056658
1.966598
2.552065
3.106530
3.933410
4.827316
4.771226
4.371171
4.083624
3.582167
3.456310
3.401941
3.110840
2.792282
2.877337
3.096195
3.267347
3.523641
3.584831
3.597853
3.707043
3.813921
4.117833
4.514681
4.901405
5.348236
5.774108
6.218157
6.725251
7.265468
7.613587
7.902167
8.233819
8.535556
8.934058
9.364276
9.759697
10.165420
11.438438
13.081630
14.697817
16.567819
18.226695
19.911819
21.868573
23.930849
26.014183
28.184688
30.465678
32.836757
34.313162
35.462802
36.745153
37.836110
36.529120
34.126172
31.629543
28.325555
26.580142
25.109638
22.735438
20.270580
19.110004
18.366222
17.465176
16.830640
15.521986
14.034733
12.851179
11.641772
10.993647
10.604389
10.166582
9.888860
9.542276
9.236270
9.098561
9.044187
8.612391
8.076876
7.645235
7.169224
6.913905
6.742697
6.516867
6.330581
6.224892
6.166243
6.144619
6.169328
6.195227
6.247267
6.347510
6.480641
6.614239
6.768552
6.957271
7.170386
7.428869
7.721730
8.038164
8.385541
8.814239
9.294536
9.803547
10.357565
10.928088
11.529766
12.177551
12.861302
13.558686
14.283608
15.045539
15.837565
16.674031
17.547429
18.450358
19.387865
20.126102
20.798882
21.516282
22.200892
22.975270
23.777201
24.541675
25.312629
27.481861
30.245127
32.954515
36.067413
38.836016
41.641507
44.879116
48.281418
46.935787
43.692857
40.828559
36.733513
34.075164
31.491474
27.574815
23.278099
22.025470
21.748845
20.936954
20.677015
18.919276
16.726200
15.164813
13.509601
12.641871
12.132135
11.496341
11.058057
10.531003
10.045386
9.767051
9.586930
8.815440
7.860298
7.033970
6.113770
5.491906
4.966634
4.332350
3.728536
3.286060
2.914969
2.567597
2.280853
1.950782
1.633197
1.380430
1.156506
1.143453
1.240505
1.358837
1.560150
1.757011
1.993116
2.315481
2.692469
2.517039
2.141288
1.846584
1.433997
1.232785
1.074854
0.786425
0.485133
0.460092
0.532748
0.579142
0.689396
0.681201
0.649751
0.689305
0.735631
0.812867
0.913946
1.021268
1.145691
1.290403
1.452422
1.631320
1.827659
1.705857
1.458647
1.243343
0.949159
0.753627
0.566487
0.293693
-0.001169
-0.206393
-0.392887
-0.606770
-0.814038
-1.089637
-1.394112
-1.689011
-2.000602
-1.906498
-1.646579
-1.421356
-1.090235
-0.870317
-0.651765
-0.319071
0.049776
0.134211
0.126659
0.169700
0.161045
0.289799
0.458153
0.567471
0.684776
0.798952
0.909287
1.027556
1.147070
1.257057
1.364412
1.473531
1.581158
1.604311
1.591008
1.579818
1.543498
1.526791
1.506878
1.460122
1.402519
1.485074
1.619341
1.736122
1.884538
1.980662
2.067510
2.189219
2.315878
2.280044
2.181081
2.094525
1.966457
1.892966
1.824558
1.710925
1.586210
1.506969
1.437096
1.353430
1.273101
1.157678
1.027427
0.902032
0.768040
0.671171
0.586583
0.491532
0.401716
0.296270
0.185520
0.080778
-0.025547
-0.105894
-0.175292
-0.247402
-0.312786
-0.384148
-0.455189
-0.519030
-0.580289
-0.635100
-0.685196
-0.732840
-0.776549
-0.817222
-0.854499
-0.887813
-0.917528
-0.887848
-0.830788
-0.772532
-0.694647
-0.626586
-0.553379
-0.459420
-0.355261
-0.165495
0.067674
0.307877
0.580476
0.848172
1.129707
1.445045
1.780733
1.473709
0.906328
0.387993
-0.299537
-0.801862
-1.299476
-1.979830
-2.716121
-2.801847
-2.656323
-2.598204
-2.400021
-1.984709
-1.420628
-0.721613
0.127522
0.095779
-0.226140
-0.353605
-0.627588
-0.506002
-0.264172
-0.189521
-0.087771
-0.042370
-0.025949
0.019626
0.058059
0.085244
0.107383
0.122846
0.131912
0.190392
0.266193
0.333190
0.409789
0.466373
0.518007
0.580375
0.642872
0.694869
0.743595
0.792992
0.840030
0.892972
0.947391
0.999120
1.051020
1.104640
1.158787
1.213016
1.267711
1.321339
1.374740
1.428668
1.482601
1.429425
1.330731
1.236665
1.111896
1.013266
0.911861
0.777583
0.630785
0.633841
0.691311
0.729099
0.799879
0.812625
0.814053
0.851980
0.893988
0.910679
0.922375
0.939678
0.954345
0.989998
1.033939
1.074292
1.119223
0.888370
0.541937
0.212106
-0.194025
0.014891
0.451511
0.782760
1.241007
1.163981
0.907554
0.804831
0.626760
0.666222
0.779210
0.806041
0.853702
0.870176
0.874018
0.900083
0.926382
0.953864
0.984312
1.015128
1.047615
0.873269
0.611738
0.360858
0.051753
-0.205509
-0.466869
-0.790653
-1.137429
-0.943037
-0.535765
-0.176122
0.320317
0.645059
0.955806
1.415184
1.913066
1.878382
1.650874
1.487368
1.204340
1.131515
1.098898
0.934003
0.753924
0.802531
0.927321
1.025482
1.172228
1.209340
1.219750
1.284970
1.349389
1.308382
1.227946
1.151663
1.047506
0.984690
0.926842
0.838391
0.743623
0.674825
0.610875
0.539025
0.468835
0.377176
0.276323
0.178052
0.074298
-0.028452
-0.133070
-0.243387
-0.356898
-0.475033
-0.597237
-0.722593
-0.851686
-0.928975
-0.986307
-1.049766
-1.100994
-1.169253
-1.239675
-1.296751
-1.350966
-1.316589
-1.241762
-1.167687
-1.065595
-0.978270
-0.884180
-0.760457
-0.622518
-0.516425
-0.414083
-0.295417
-0.174935
-0.024418
0.141459
0.308049
0.485322
0.458853
0.350774
0.262543
0.122939
0.043012
-0.033496
-0.165598
-0.313434
-0.141329
0.153650
0.418106
0.761033
0.994802
1.215664
1.522222
1.847636
1.876913
1.798095
1.752245
1.638411
1.639977
1.662279
1.609492
1.546691
1.519268
1.494254
1.456753
1.418813
1.340228
1.242821
1.146613
1.037792
1.064683
1.143535
1.203487
1.294119
1.340331
1.380019
1.453229
1.532941
1.540978
1.525113
1.519336
1.499062
1.512397
1.534308
1.539841
1.545985
1.560580
1.577323
1.594202
1.613040
1.625464
1.636090
1.649023
1.661415
1.675331
1.689885
1.703833
1.717984
1.731952
1.745874
1.760008
1.774192
1.796210
1.821607
1.846720
1.874124
1.899739
1.925636
1.953981
1.983310
2.009716
2.035599
2.062646
2.089634
2.118995
2.149461
2.179773
2.210788
2.222369
2.225994
2.231184
2.231253
2.236651
2.242083
2.241997
2.240143
2.413537
2.660087
2.897207
3.183152
3.423271
3.665773
3.960719
4.274244
4.141154
3.832290
3.562331
3.179265
2.937804
2.707712
2.354737
1.969799
1.859414
1.837859
1.770401
1.754112
1.604110
1.416329
1.286918
1.150479
1.344844
1.682852
1.999787
2.410098
2.751175
3.104320
3.556942
4.050214
4.014986
3.784465
3.619603
3.335198
3.247208
3.193726
3.008550
2.804309
2.910032
3.124764
3.305349
3.555309
3.672447
3.761964
3.928751
4.101409
4.168586
4.201814
4.246280
4.268451
4.345026
4.435493
4.500623
4.567243
4.675064
4.798431
4.921363
5.055757
5.173922
5.290505
5.419651
5.551682
5.676346
5.800558
5.928174
6.056247
6.192611
6.333076
6.473684
6.617153
6.756423
6.895262
7.037245
7.179919
7.326346
7.475027
7.624286
7.775244
7.932344
8.092914
8.254984
8.419968
8.585237
8.752152
8.922083
9.094099
9.241535
9.379809
9.521326
9.657325
9.802157
9.948505
10.088787
10.228134
10.379405
10.534670
10.688404
10.844621
10.995237
11.144471
11.296504
11.448488
11.550135
11.630636
11.713279
11.781594
11.862914
11.943280
12.008270
12.067648
12.145285
12.226432
12.300861
12.376009
12.436812
12.491136
12.546771
12.598409
13.281346
14.231165
15.149638
16.246684
17.187269
18.141642
19.287366
20.504405
20.863122
20.910306
21.069841
21.040304
21.343723
21.712111
21.871315
22.007213
22.435353
22.954769
23.435797
23.974209
24.356741
24.695772
25.100621
25.496586
26.624226
28.065999
29.467550
31.076670
32.519839
33.985405
35.672677
37.447206
38.074429
38.277843
38.622814
38.707926
39.220233
39.807526
40.108528
40.368089
39.940336
39.170398
38.384921
37.359699
36.375832
35.295568
33.965222
32.487673
31.586873
30.836014
29.905921
29.030900
27.802088
26.429568
25.127887
23.751541
22.969695
22.413321
21.754586
21.220906
20.494161
19.733030
19.108864
18.506419
17.966904
17.478847
17.011651
16.584108
16.203045
15.862550
15.561265
15.300596
15.020947
14.756407
14.535041
14.337117
14.193838
14.089366
14.007147
13.958369
13.698451
13.366721
13.078888
12.753723
12.517939
12.307339
12.054590
11.805174
11.732490
11.732104
11.727212
11.772997
11.673059
11.534386
11.454419
11.365850
10.896787
10.268011
9.647201
8.914647
8.283975
7.645131
6.886284
6.083334
6.265646
6.833808
7.312884
8.039197
8.448888
8.830284
9.480556
10.198447
9.941090
9.328925
8.830944
8.112011
7.774292
7.507330
6.996116
6.454498
6.327773
6.337472
6.295867
6.340296
6.181846
5.971954
5.859462
5.742825
5.618901
5.500249
5.378394
5.256874
5.162592
5.079716
4.995988
4.920127
4.686656
4.389718
4.107713
3.785630
3.508916
3.234306
2.916372
2.585794
2.556167
2.644082
2.705588
2.842806
2.650082
2.349652
2.141613
1.887476
1.804938
1.783597
1.707872
1.655856
1.546709
1.418605
1.317073
1.211916
1.643737
2.305156
2.939880
3.727698
4.389894
5.067553
5.908895
6.813827
7.031060
7.002809
7.071338
6.993189
7.191009
7.447766
7.541558
7.622848
7.452235
7.151322
6.847036
6.453579
6.060307
5.624970
5.097293
4.510632
5.193296
6.378635
7.447455
8.836665
9.834705
10.804103
12.121100
13.531155
14.047384
14.263708
14.617664
14.794997
15.381475
16.073849
16.566841
17.067944
17.072737
16.849041
16.653556
16.310448
16.035209
15.722656
15.254585
14.710044
13.974606
13.105639
12.164506
11.109880
9.982695
8.763811
7.429997
5.996625
5.548377
5.460473
5.226123
5.202635
4.811909
4.348231
4.117501
3.912818
3.673817
3.457088
3.270651
3.103907
3.040239
3.032866
3.041674
3.094662
2.938398
2.715514
2.547515
2.349493
2.248667
2.180942
2.078382
1.986804
1.919674
1.864405
1.819172
1.786357
1.747441
1.712811
1.691379
1.676923
1.678813
1.692323
1.712457
1.742586
1.779297
1.824193
1.879205
1.943053
1.906630
1.832753
1.772428
1.689700
1.642655
1.601728
1.536181
1.466803
1.447101
1.444135
1.434866
1.436018
1.414094
1.386567
1.370773
1.354901
1.342755
1.333401
1.323900
1.316038
1.310739
1.307282
1.305412
1.305351
1.292158
1.274392
1.259079
1.241276
1.228839
1.217779
1.203929
1.190106
1.375560
1.645523
1.906899
2.225324
2.494607
2.768805
3.104109
3.462513
3.283626
2.893418
2.550774
2.072447
1.764582
1.470702
1.029395
0.549963
0.451091
0.480668
0.453200
0.501949
0.378076
0.210430
0.128671
0.044665
-0.021212
-0.071332
-0.123878
-0.168152
-0.193038
-0.206055
-0.211365
-0.205781
0.049187
0.416187
0.783774
1.230517
1.629358
2.044972
2.544597
3.082755
2.736195
2.040144
1.422794
0.581474
0.016299
-0.527999
-1.315426
-2.167280
-1.901933
-1.217157
-0.649175
0.183962
0.612228
0.980110
1.639000
2.350546
2.592944
2.691210
2.866524
2.957402
3.299353
3.716725
4.036478
4.376625
4.133818
3.642185
3.196021
2.590873
2.116848
1.628928
0.971141
0.248448
0.249893
0.511055
0.672457
0.989797
1.019229
0.988667
1.131149
1.288659
1.313513
1.307287
1.323715
1.321169
1.417118
1.548483
1.656143
1.780741
1.206537
0.340422
-0.478217
-1.487444
-2.318414
-3.157820
-4.201827
-5.317968
-4.652672
-3.284849
-2.070131
-0.402710
0.703122
1.765929
3.320358
5.004342
4.615577
3.457630
2.527072
1.113335
0.472416
-0.042016
-1.088133
-2.219374
-1.952588
-1.187135
-0.574302
0.355309
0.705456
0.941329
1.528892
2.151189
2.089402
1.790055
1.558953
1.173129
1.091938
1.075090
0.885485
0.684782
0.727198
0.849567
0.948592
1.100895
1.131702
1.133306
1.195115
1.255992
1.246773
1.213667
1.183096
1.134987
1.121154
1.113956
1.087146
1.058730
1.089123
1.141710
1.189942
1.252949
1.294269
1.332824
1.387573
1.445621
1.483390
1.515791
1.552610
1.586646
1.633587
1.685183
1.733376
1.783669
1.517014
1.116121
0.731041
0.256223
-0.140783
-0.545057
-1.045455
-1.581921
-1.459175
-1.083018
-0.773383
-0.303496
-0.056399
0.163953
0.559269
0.992908
0.931496
0.695925
0.522760
0.242116
0.170347
0.143696
-0.002725
-0.156848
-0.168041
-0.134709
-0.116464
-0.068639
-0.098839
-0.149974
-0.167244
-0.188178
-0.169650
-0.132462
-0.100499
-0.057835
-0.017977
0.025150
0.079431
0.139694
0.171486
0.195147
0.226316
0.253854
0.297288
0.346581
0.391489
0.438960
0.358016
0.223168
0.096475
-0.065606
-0.195456
-0.327310
-0.497122
-0.680611
-0.399457
0.068973
0.502909
1.059129
1.478352
1.892935
2.439736
3.026113
2.908819
2.524662
2.212864
1.732288
1.499470
1.300642
0.916992
0.496865
0.375389
0.344325
0.261154
0.229803
0.035970
-0.208234
-0.392202
-0.591350
-0.697010
-0.763625
-0.849506
-0.915389
-1.000062
-1.085400
-1.149379
-1.206570
-1.337090
-1.493368
-1.639290
-1.800640
-1.931379
-2.055227
-2.196284
-2.338193
-2.374824
-2.368881
-2.368495
-2.339376
-2.341778
-2.344715
-2.316594
-2.278845
-2.278229
-2.285612
-2.281182
-2.279407
-2.250201
-2.209318
-2.172271
-2.128479
-1.993816
-1.817735
-1.638619
-1.429181
-1.236590
-1.036637
-0.804544
-0.557109
-0.332232
-0.106360
0.136620
0.384958
0.662894
0.957746
1.257003
1.569196
1.554507
1.407258
1.287528
1.082776
0.970796
0.861362
0.660133
0.430863
0.653784
1.046249
1.389461
1.839048
2.124908
2.385735
2.763348
3.161585
3.134221
2.947797
2.802000
2.553886
2.463608
2.396843
2.217680
2.018423
1.986093
2.003473
1.991963
2.009129
1.933013
1.827586
1.755636
1.674318
1.630117
1.600864
1.560578
1.526534
1.484768
1.441473
1.404883
1.369613
1.297686
1.211491
1.128295
1.035808
0.955472
0.876272
0.786952
0.695145
0.588392
0.473042
0.355682
0.231854
0.106260
-0.023329
-0.159552
-0.300657
-0.150870
0.119701
0.372623
0.705439
0.961117
1.219543
1.563858
1.937839
1.939699
1.806219
1.720174
1.551487
1.526858
1.529820
1.441399
1.342279
1.411476
1.537600
1.644666
1.788122
1.853136
1.899808
1.987381
2.075455
2.013266
1.891707
1.777470
1.622616
1.517009
1.414098
1.267075
1.107762
0.843937
0.525211
0.197918
-0.169815
-0.537069
-0.923978
-1.352837
-1.808705
-1.902526
-1.859396
-1.860168
-1.777107
-1.819911
-1.881633
-1.851495
-1.804464
-1.460615
-0.972828
-0.479621
0.114773
0.680782
1.282705
1.990641
2.757509
2.505196
1.858065
1.316725
0.527462
0.072781
-0.344514
-1.032037
-1.781593
-1.622788
-1.135162
-0.753063
-0.165589
0.061739
0.220894
0.607336
1.020405
0.876703
0.532641
0.241955
-0.178866
-0.371072
-0.521333
-0.815740
-1.127617
-1.148323
-1.068586
-1.020633
-0.908303
-0.926491
-0.973413
-0.948318
-0.919866
-0.696002
-0.379791
-0.067958
0.305980
0.657403
1.027887
1.463594
1.933602
1.766218
1.350605
0.998498
0.489598
0.187215
-0.094046
-0.546016
-1.038855
-1.083135
-0.973781
-0.927433
-0.788400
-0.848081
-0.955554
-0.959016
-0.961659
-0.779223
-0.506638
-0.240358
0.085081
0.397771
0.732093
1.128155
1.559273
1.503952
1.264619
1.083039
0.788294
0.663120
0.563182
0.339247
0.092332
0.070984
0.121716
0.137950
0.197167
0.142669
0.056274
0.019005
-0.024351
-0.042971
-0.048715
-0.061435
-0.068470
-0.072418
-0.073126
-0.068138
-0.058882
-0.079912
-0.111225
-0.136768
-0.167881
-0.185916
-0.200386
-0.221140
-0.241513
-0.041282
0.252328
0.536772
0.884433
1.177061
1.474925
1.840531
2.231587
2.024493
1.581986
1.192154
0.651079
0.299437
-0.036899
-0.537545
-1.080873
-0.891977
-0.428922
-0.042927
0.516290
0.808225
1.059446
1.500892
1.975897
1.866466
1.544228
1.283439
0.887187
0.721607
0.597204
0.323116
0.029059
-0.100953
-0.186372
-0.300724
-0.389121
-0.581227
-0.808361
-1.004385
-1.214568
-1.142196
-0.952940
-0.790276
-0.554234
-0.390655
-0.226339
0.016849
0.286269
0.268743
0.149765
0.070941
-0.068723
-0.090332
-0.085968
-0.149356
-0.216899
-0.167559
-0.077606
0.002467
0.109744
0.164334
0.208209
0.282438
0.358982
0.498078
0.668090
0.838043
1.029081
1.216281
1.411723
1.629157
1.859404
1.378454
0.603224
-0.127903
-1.053476
-0.472597
0.662824
1.532358
2.708142
2.338888
1.427583
0.897800
0.112738
-0.089649
-0.123337
-0.443372
-0.744494
-1.023296
-1.314058
-1.588480
-1.859190
-2.203865
-2.576543
-2.942060
-3.325484
-3.246909
-2.979388
-2.750267
-2.400022
-2.176507
-1.954221
-1.601391
-1.207011
-1.017163
-0.881047
-0.692064
-0.527424
-0.234719
0.106666
0.417752
0.752318
0.809628
0.756762
0.739915
0.657407
0.655092
0.659944
0.593653
0.508941
0.573334
0.685005
0.770612
0.883073
0.920589
0.936038
0.982311
1.023422
0.970250
0.877805
0.784327
0.662023
0.567022
0.470020
0.341993
0.202717
0.083679
-0.035306
-0.167053
-0.302061
-0.461917
-0.635226
-0.810941
-0.996615
-0.984170
-0.892347
-0.819394
-0.696295
-0.631339
-0.569622
-0.453637
-0.322235
-0.280954
-0.265048
-0.228866
-0.205492
-0.129392
-0.034711
0.044599
0.131660
0.137071
0.109743
0.093836
0.058802
0.046227
0.035455
0.004004
-0.033023
-0.023329
0.001442
0.018262
0.043712
0.046350
0.042483
0.048470
0.053186
0.021336
-0.025625
-0.072247
-0.129678
-0.176465
-0.223754
-0.282687
-0.345683
-0.259932
-0.114026
0.021169
0.195746
0.326916
0.456938
0.629513
0.815060
0.742889
0.571645
0.425278
0.215781
0.093821
-0.017842
-0.198433
-0.394258
-0.481809
-0.537727
-0.614632
-0.674177
-0.795100
-0.936226
-1.056903
-1.184846
-0.722626
-0.010531
0.668759
1.513676
2.214804
2.928890
3.820369
4.778174
4.444728
3.611723
2.904461
1.879873
1.284330
0.735956
-0.158405
-1.132446
-0.882821
-0.186506
0.371817
1.210323
1.572769
1.849339
2.435374
3.062434
2.981939
2.652376
2.398246
1.984574
1.874413
1.826619
1.601184
1.361528
1.766511
2.420311
3.030184
3.806226
4.358987
4.889961
5.602225
6.357775
6.887970
7.361758
7.891511
8.394781
9.048100
9.758781
10.436023
11.141806
11.635542
12.048886
12.500651
12.908638
13.384821
13.873575
14.314376
14.747885
16.088290
17.806081
19.476841
21.400468
23.082844
24.776084
26.741112
28.801331
30.424381
31.934804
33.564774
35.146541
36.827005
38.539534
40.198860
41.861025
40.363276
37.516688
34.808860
31.193389
28.330856
25.378055
21.454329
17.154904
16.293970
16.617236
16.395620
16.861190
15.846592
14.466513
13.857277
13.248029
12.425568
11.594004
10.777747
9.941160
9.388718
8.949273
8.476653
8.072958
7.458590
6.783368
6.188314
5.576545
5.070718
4.610624
4.129299
3.671588
3.411466
3.244237
3.092764
3.012450
2.900037
2.808979
2.793092
2.815797
2.509837
2.090076
1.725034
1.295144
1.003940
0.747152
0.417690
0.088120
0.383014
0.935870
1.461110
2.161610
2.688652
3.221094
3.942217
4.727786
4.513896
3.924920
3.447248
2.735334
2.383336
2.086499
1.532546
0.933153
0.709984
0.598377
0.421466
0.308887
-0.015223
-0.406107
-0.721796
-1.059180
-0.964929
-0.689223
-0.453987
-0.105234
0.141105
0.392778
0.766055
1.182729
1.118377
0.882563
0.713379
0.441261
0.363301
0.326773
0.175850
0.016226
-0.028601
-0.040772
-0.067809
-0.073711
-0.150136
-0.248238
-0.321541
-0.401917
-0.513465
-0.638964
-0.770244
-0.913823
-1.049021
-1.187028
-1.338174
-1.495339
-1.020006
-0.279757
0.426885
1.310345
2.030792
2.761178
3.681362
4.669701
4.280540
3.357294
2.565499
1.433495
0.756913
0.128604
-0.870472
-1.956461
-1.815702
-1.232955
-0.796017
-0.084100
0.136731
0.262026
0.691986
1.154810
1.100184
0.873047
0.704661
0.425639
0.394901
0.424181
0.328698
0.234544
0.226719
0.243040
0.256024
0.288043
0.262755
0.221649
0.202693
0.179682
0.154690
0.129299
0.099972
0.068573
0.040518
0.012497
-0.017843
-0.048799
0.155680
0.459803
0.753117
1.113458
1.415422
1.722813
2.102018
2.508141
2.411959
2.122266
1.882666
1.520510
1.327152
1.153489
0.846081
0.508868
0.455848
0.495622
0.491227
0.541616
0.454709
0.330377
0.268325
0.200697
0.014104
-0.219126
-0.452504
-0.720397
-0.945906
-1.169571
-1.430793
-1.702643
-1.664510
-1.503436
-1.367029
-1.150681
-1.030834
-0.917198
-0.716846
-0.492726
-0.388859
-0.315838
-0.212339
-0.123061
0.034091
0.216687
0.381878
0.558773
0.615693
0.625206
0.651869
0.650910
0.684812
0.722418
0.730064
0.730389
0.806982
0.909422
1.000759
1.107559
1.179941
1.243748
1.324959
1.405912
1.602377
1.849713
2.091940
2.368064
2.621182
2.879854
3.174566
3.484780
3.263275
2.826605
2.429194
1.891355
1.507918
1.128529
0.597429
0.020021
0.045713
0.290257
0.459657
0.763503
0.831769
0.854844
1.026653
1.215624
1.137499
0.969518
0.832001
0.637056
0.567885
0.528545
0.424577
0.320407
0.332635
0.387453
0.436530
0.515447
0.546457
0.570458
0.627370
0.689927
0.566465
0.369983
0.187627
-0.042634
-0.212547
-0.377735
-0.595002
-0.825825
-0.716053
-0.473226
-0.259530
0.040187
0.228847
0.407479
0.679715
0.975319
1.132642
1.251989
1.402233
1.533185
1.747887
1.992456
2.213689
2.447857
2.239449
1.846317
1.485472
1.004936
0.636863
0.263972
-0.237410
-0.783814
-0.744374
-0.490362
-0.309236
0.003464
0.092979
0.141470
0.335204
0.547882
0.460295
0.269203
0.111821
-0.111516
-0.200412
-0.259442
-0.392276
-0.528281
-0.553790
-0.541584
-0.538011
-0.508739
-0.531502
-0.565278
-0.570275
-0.573697
-0.089151
0.606808
1.283586
2.102946
2.814129
3.544068
4.426114
5.370216
4.907862
3.892252
3.002729
1.758664
0.959939
0.197912
-0.949326
-2.196115
-2.026354
-1.341295
-0.823426
0.014776
0.299616
0.481411
1.017336
1.597059
1.570792
1.344701
1.192891
0.914878
0.931825
1.023001
0.971410
0.925090
0.877638
0.817057
0.760847
0.700224
0.601783
0.485645
0.366605
0.234033
0.112933
-0.009934
-0.147326
-0.290513
-0.450091
-0.620896
-0.797108
-0.982617
-0.910722
-0.734232
-0.578507
-0.355347
-0.204989
-0.056205
0.165360
0.409445
0.240063
-0.086989
-0.372322
-0.757571
-0.999412
-1.222637
-1.555144
-1.910241
-1.990217
-1.975288
-1.996473
-1.959419
-2.043296
-2.155161
-2.201811
-2.246634
-2.163940
-2.019226
-1.877600
-1.694722
-1.521382
-1.333096
-1.101721
-0.846017
-0.556163
-0.235815
0.108586
0.481129
0.881275
1.308902
1.764659
2.248188
2.125004
1.759658
1.449442
0.984958
0.702222
0.430365
-0.008583
-0.494285
-0.309254
0.121569
0.473747
0.978666
1.226547
1.428308
1.798639
2.191867
2.292181
2.296441
2.338371
2.320301
2.445643
2.607878
2.702118
2.799902
2.775285
2.693048
2.619215
2.508995
2.411289
2.302747
2.156065
1.989402
2.290811
2.777983
3.223986
3.789086
4.210371
4.621915
5.162618
5.738485
7.435395
9.639460
11.832616
14.377498
17.309072
20.568851
24.175965
28.125616
27.326815
24.704856
22.644978
19.467096
17.867813
16.475828
13.862924
10.994821
10.077244
9.740738
9.046258
8.678297
7.229013
5.434734
4.022238
2.496018
1.862864
1.596842
1.177626
0.959836
0.533587
0.096809
-0.123688
-0.279167
-0.215047
-0.004118
0.266367
0.654243
1.115264
1.668725
2.341026
3.114955
3.281232
3.249163
3.349441
3.348742
3.626870
3.990333
4.238296
4.506628
4.577477
4.561613
4.574430
4.537906
4.533610
4.522943
4.460037
4.375329
4.424075
4.513857
4.574902
4.657081
4.670630
4.661838
4.677653
4.686203
5.147985
5.801818
6.428783
7.182305
7.826498
8.480633
9.270277
10.110662
10.763084
11.373655
12.045932
12.704950
13.498160
14.348787
15.180394
16.045023
18.525539
21.707071
24.852965
28.483306
31.747117
35.078215
38.926317
42.987124
42.703914
40.726758
39.161192
36.516966
35.268482
34.151990
31.861994
29.282323
27.632776
26.118986
24.255905
22.406309
20.676490
18.966969
17.263468
15.584723
14.258102
13.093547
11.939484
10.903119
9.806471
8.740437
7.798922
6.918354
6.364798
5.992130
5.669441
5.487412
5.320976
5.232382
5.289119
5.445824
5.345336
5.197649
5.165688
5.133616
5.301807
5.567410
5.825183
6.146480
5.886469
5.408052
5.020395
4.507452
4.192894
3.913647
3.496878
3.059148
2.692395
2.331459
1.944671
1.557125
1.372418
1.270926
1.159698
1.104802
1.024246
0.958139
0.951374
0.973913
1.052743
1.175541
1.326718
1.516535
1.570830
1.588572
1.652382
1.704314
1.834028
1.996149
2.142987
2.306746
2.385101
2.433427
2.502829
2.558084
2.645363
2.741869
2.822518
2.904135
2.621680
2.183089
1.761071
1.234385
0.792119
0.338480
-0.227016
-0.836497
-0.712400
-0.308625
0.017100
0.518355
0.766591
0.981159
1.387718
1.833400
1.842177
1.703716
1.626116
1.459151
1.492848
1.576493
1.559462
1.544248
2.042786
2.750115
3.436375
4.265912
4.942209
5.618215
6.448977
7.329224
8.135054
8.948796
9.818203
10.707122
11.707318
12.769901
13.848327
14.974512
16.417730
18.019901
19.657969
21.419368
23.153602
24.937872
26.851269
28.840179
26.519641
22.414503
18.574367
13.554378
11.692968
10.650691
8.252985
5.996865
5.119234
4.750969
4.459063
4.584311
4.099755
3.559298
3.477564
3.500249
3.242645
2.963285
2.807745
2.665016
2.826842
3.137370
3.449012
3.863060
3.728853
3.409471
3.219745
2.940357
2.890624
2.910320
2.828329
2.759925
2.451768
2.037195
1.646216
1.190021
0.774088
0.347225
-0.148697
-0.674861
-0.731580
-0.610035
-0.540587
-0.360060
-0.342660
-0.348133
-0.232002
-0.092120
-0.162005
-0.297140
-0.397678
-0.536285
-0.565002
-0.561138
-0.601144
-0.632912
-0.626628
-0.604938
-0.576711
-0.534452
-0.506899
-0.478337
-0.434564
-0.385403
-0.327370
-0.261426
-0.190167
-0.111999
-0.026327
0.066339
0.165875
0.272407
0.214610
0.090897
-0.018435
-0.169937
-0.272934
-0.373532
-0.519760
-0.679143
-0.766919
-0.835222
-0.920592
-0.996518
-1.115947
-1.251269
-1.375072
-1.506029
-1.245936
-0.821585
-0.421407
0.086867
0.497049
0.913590
1.446065
2.020462
1.821727
1.325947
0.907820
0.301669
-0.042583
-0.355285
-0.873299
-1.436156
-1.286478
-0.876374
-0.545042
-0.049739
0.168660
0.337735
0.687861
1.062590
1.004665
0.793349
0.627592
0.363527
0.282129
0.237212
0.083015
-0.081244
-0.092530
-0.055013
-0.035375
0.015725
-0.012695
-0.062099
-0.075649
-0.092198
-0.525336
-1.133341
-1.726202
-2.438678
-3.042136
-3.653657
-4.393578
-5.180368
-4.772352
-3.891508
-3.111717
-2.026833
-1.314523
-0.628471
0.388665
1.494919
1.300688
0.629924
0.110115
-0.706479
-1.023997
-1.252253
-1.808051
-2.408542
-2.445998
-2.299510
-2.226166
-2.038125
-2.127451
-2.288792
-2.320026
-2.359018
-2.287286
-2.158299
-2.041083
-1.890321
-1.734475
-1.561992
-1.355096
-1.125223
-1.002996
-0.912162
-0.792627
-0.686990
-0.523250
-0.338259
-0.169933
0.007414
-0.088202
-0.297502
-0.485827
-0.747405
-0.939324
-1.133710
-1.406762
-1.707065
-1.603016
-1.348016
-1.139285
-0.836688
-0.681516
-0.549984
-0.315295
-0.063403
0.012842
0.033336
0.080031
0.093149
0.196159
0.324457
0.414330
0.509222
0.354897
0.092814
-0.153633
-0.470314
-0.733421
-1.004990
-1.351447
-1.728062
-1.589992
-1.254986
-0.973984
-0.569175
-0.340142
-0.133602
0.208250
0.578523
0.509743
0.281793
0.103269
-0.175303
-0.279854
-0.352010
-0.534845
-0.731164
-0.747194
-0.704549
-0.684517
-0.627521
-0.660312
-0.716378
-0.730489
-0.747162
-0.513993
-0.171275
0.158352
0.560200
0.911699
1.274233
1.713594
2.185485
2.027059
1.623814
1.282030
0.784928
0.494460
0.225639
-0.212383
-0.690376
-0.609566
-0.327635
-0.112519
0.227588
0.343547
0.415628
0.626229
0.851473
0.840472
0.750480
0.686934
0.572607
0.571121
0.596652
0.564963
0.533536
0.437343
0.307655
0.180576
0.032054
-0.117770
-0.277921
-0.460193
-0.656854
-0.472013
-0.133929
0.172635
0.577997
0.870629
1.158256
1.552764
1.978467
1.882600
1.590743
1.354515
0.994885
0.823325
0.679851
0.400967
0.097544
0.016447
0.004111
-0.044290
-0.052273
-0.178096
-0.338937
-0.453145
-0.576398
-0.183651
0.429350
1.011111
1.737432
2.344170
2.964460
3.739302
4.573595
4.086907
3.082372
2.197560
0.981142
0.187620
-0.568678
-1.685528
-2.893566
-2.886821
-2.444100
-2.151018
-1.588669
-1.515448
-1.540013
-1.265942
-0.962420
-1.099709
-1.379139
-1.606702
-1.925481
-2.019593
-2.055362
-2.194831
-2.327294
-2.221629
-2.022338
-1.826887
-1.563979
-1.383498
-1.206886
-0.956922
-0.686287
-0.470548
-0.260712
-0.026530
0.209432
0.500276
0.817884
1.135162
1.470653
1.400981
1.167414
0.970166
0.668666
0.482460
0.300303
0.005545
-0.323019
-0.469543
-0.566375
-0.706945
-0.823563
-1.050092
-1.316795
-1.554312
-1.809876
-1.349310
-0.589401
0.121184
1.026887
1.750744
2.483437
3.425560
4.441680
3.990248
2.971228
2.093747
0.855113
0.105158
-0.591119
-1.681195
-2.861932
-2.770660
-2.222336
-1.825835
-1.145061
-0.976820
-0.909522
-0.527063
-0.112078
-0.232367
-0.531801
-0.771982
-1.127580
-1.227726
-1.266989
-1.436272
-1.605298
-1.649465
-1.654153
-1.664991
-1.646725
-1.697704
-1.765159
-1.799549
-1.834922
-1.887325
-1.943934
-2.000564
-2.060977
-2.108216
-2.151624
-2.199517
-2.246128
-2.161225
-2.020237
-1.883629
-1.708675
-1.565761
-1.418974
-1.231148
-1.027437
-0.926317
-0.857060
-0.766610
-0.692937
-0.567063
-0.424596
-0.301577
-0.173531
-0.088715
-0.021996
0.051637
0.115154
0.188020
0.260855
0.322871
0.381258
0.200123
-0.085775
-0.365186
-0.716294
-1.015993
-1.326728
-1.713846
-2.133192
-1.883601
-1.372569
-0.924349
-0.309507
0.089752
0.468710
1.028947
1.633976
1.452868
0.977448
0.583730
0.003615
-0.289042
-0.538084
-0.991823
-1.481784
-1.344196
-0.978238
-0.678458
-0.233368
-0.036275
0.116383
0.429627
0.764117
0.850554
0.858405
0.900220
0.893395
1.015142
1.172399
1.274031
1.382249
1.146358
0.761246
0.397346
-0.063892
-0.452256
-0.852981
-1.357441
-1.904116
-1.576044
-0.906537
-0.319269
0.485634
1.007399
1.501967
2.233378
3.022839
2.818042
2.242472
1.771744
1.066597
0.728610
0.448099
-0.090074
-0.672069
-0.501279
-0.058001
0.305409
0.842239
1.077578
1.257443
1.629191
2.024665
2.006961
1.844888
1.726713
1.515814
1.485301
1.492739
1.396761
1.293666
1.340679
1.437277
1.519212
1.634040
1.674582
1.697377
1.757307
1.816856
1.763172
1.665062
1.571734
1.447631
1.361828
1.278406
1.161514
1.035552
0.943202
0.857359
0.760412
0.665348
0.543506
0.409977
0.279464
0.141922
0.312541
0.611308
0.889536
1.251707
1.533442
1.818113
2.192984
2.599095
2.321807
1.777925
1.296563
0.644509
0.214780
-0.193719
-0.788002
-1.427845
-1.326849
-0.951652
-0.657035
-0.189763
-0.001046
0.141524
0.474189
0.836619
0.663747
0.297183
-0.013979
-0.449018
-0.668911
-0.849443
-1.167043
-1.501740
-1.515429
-1.415055
-1.347308
-1.206001
-1.199962
-1.220463
-1.159243
-1.090013
-1.137996
-1.223447
-1.294901
-1.390368
-1.425230
-1.444074
-1.490278
-1.534201
-1.636977
-1.766623
-1.891586
-2.033381
-2.167007
-2.304549
-2.459830
-2.623627
-2.323058
-1.830771
-1.367464
-0.777475
-0.313463
0.153241
0.756285
1.405263
1.363231
1.063140
0.841475
0.459079
0.328595
0.238283
-0.028650
-0.325236
-0.336564
-0.259114
-0.226061
-0.140091
-0.204461
-0.312704
-0.360039
-0.417936
-0.730550
-1.150045
-1.569007
-2.064801
-2.490395
-2.922068
-3.436297
-3.981068
-3.729378
-3.161850
-2.660935
-1.956021
-1.497890
-1.056222
-0.393270
0.329992
0.610012
0.753126
0.979541
1.130309
1.512045
1.965430
2.331211
2.717750
2.521125
2.076818
1.678445
1.121799
0.699691
0.265523
-0.337920
-1.004795
-0.906853
-0.531133
-0.255396
0.188955
0.337098
0.427634
0.704691
1.002750
0.949270
0.775803
0.640717
0.428511
0.377565
0.363159
0.262273
0.158789
0.146259
0.162056
0.170555
0.198853
0.176570
0.141271
0.128590
0.114079
0.080815
0.041111
0.000498
-0.045505
-0.081863
-0.116739
-0.157618
-0.199336
-0.183353
-0.143848
-0.107746
-0.055959
-0.020765
0.014360
0.066408
0.123869
0.159600
0.190413
0.227899
0.263619
0.314805
0.372450
0.427653
0.486482
0.513796
0.529141
0.549579
0.563238
0.587215
0.612944
0.631252
0.648315
0.683633
0.725350
0.764934
0.808540
0.844311
0.878407
0.916990
0.955866
0.915560
0.842174
0.772543
0.680623
0.609536
0.537265
0.441054
0.336307
0.260861
0.191346
0.111543
0.033244
-0.067411
-0.177963
-0.286075
-0.400155
-0.540725
-0.695106
-0.854502
-1.025308
-1.194570
-1.369052
-1.555452
-1.749207
-1.818608
-1.839807
-1.874074
-1.878146
-1.922888
-1.972170
-1.988545
-1.997351
-1.641149
-1.122607
-0.611706
0.010669
0.561570
1.133489
1.823823
2.566823
2.607832
2.387365
2.252624
1.957495
1.917871
1.920880
1.747526
1.546163
1.578254
1.677879
1.737043
1.835359
1.797522
1.715815
1.680186
1.629187
1.455427
1.227108
0.988539
0.707042
0.454749
0.193681
-0.113166
-0.440510
