-6.324250
-1.988623
-2.941321
0.241280
-4.656009
0.529019
-2.667124
3.660111
1.855319
1.205153
-0.117906
-10.181193
-11.035832
-5.157181
-7.373950
1.737166
5.503790
-7.332781
-14.344330
-1.585534
7.158838
-1.027656
-2.428863
-0.612298
2.638682
1.669253
-1.405324
3.332385
0.098112
-1.778338
-0.231115
7.826144
0.107270
-2.318513
-2.434585
-10.390558
-0.686007
-3.828660
-4.045741
2.811120
8.111974
3.143807
8.478039
6.998291
9.473907
4.334651
-9.389090
-4.217112
6.266888
-11.766553
-7.031979
-5.156083
1.506474
3.864444
-3.332120
-6.102876
2.461642
3.297850
5.220953
8.717305
11.943465
2.797206
-2.414165
1.140583
-8.765571
0.546380
-8.531325
-4.414425
-2.965673
-0.438148
1.086952
-9.396172
9.983593
-3.813861
2.318133
4.902498
7.825800
-0.251786
-6.609155
8.466253
-3.021892
-1.849329
5.560541
-1.112958
-3.402606
6.436117
-8.254630
2.021324
-0.250563
-6.751215
-3.574029
0.043107
-2.356768
4.430404
8.472522
-5.519499
9.580236
3.388254
7.046254
8.458220
1.783957
0.070373
-1.604836
-1.002064
-5.882310
4.746696
-4.234484
-3.054595
-12.406711
-6.896028
-14.680507
4.373679
-11.656258
3.758064
3.158826
5.083836
4.877113
-14.655474
0.572419
10.073299
7.175698
2.313611
-0.161507
18.522407
-11.444617
-3.509688
7.044305
-3.867537
-0.532238
3.947524
-8.417637
-5.913215
-3.828599
0.762068
-2.437926
-3.551937
0.412037
-1.587155
2.868135
4.400107
-3.002688
6.372537
15.782689
4.752829
3.088269
10.847479
13.286442
6.843392
5.942102
5.616034
7.149363
-1.461231
3.209128
1.559211
-6.508569
-7.580881
6.128281
-14.829572
-3.738406
0.571086
-0.093522
-0.137490
2.583882
-2.024035
1.748446
1.852363
1.452977
8.493482
-7.880647
-0.717525
-0.888480
10.597096
-1.142714
0.351221
8.039255
13.868279
2.361089
5.267120
8.822772
0.996202
11.173174
-0.769639
6.860542
5.539841
7.009087
9.124936
1.719237
1.534787
-0.816058
-7.140585
-8.049484
-4.646552
-9.687068
-3.377152
-14.248405
-1.664179
-3.033820
-0.223659
1.417715
-4.370711
-1.182908
3.217083
-3.067929
3.144452
-1.413575
-0.656612
-0.103079
0.727531
3.309202
3.079163
1.003029
11.098792
7.559243
2.031961
8.710500
8.075358
-1.541414
-2.754543
3.769695
4.144190
6.324013
2.847495
11.654973
0.361062
4.019297
4.777319
-3.893005
3.907862
-2.656174
-4.689625
4.404526
-9.073259
-2.042348
-3.719008
-1.841268
-6.415957
-11.611286
-7.539391
1.248146
-6.061125
-11.338206
-2.781115
3.222453
-2.838315
-6.068133
10.114529
5.974955
5.156211
-5.342315
1.086923
-7.578979
-9.331685
4.501586
8.988060
0.911793
2.958633
4.977593
12.623558
11.451886
3.575561
-4.131890
8.782328
3.519026
7.035008
1.224955
8.181269
-3.533036
15.241267
-3.226754
-2.813265
-10.415983
4.877644
2.075269
-2.614440
-13.151076
-8.028435
0.849471
4.143840
-2.101293
-1.107225
-9.328976
-16.598657
-3.574710
-5.336653
-5.622834
-13.397217
-0.420522
-4.223611
-0.888608
-7.034153
-10.044846
-9.115983
-7.032463
0.250674
-6.026469
-2.735834
-6.727062
-1.362800
-4.077814
-2.637532
0.864832
2.665960
8.345056
6.194317
12.131523
1.892371
13.324467
4.708174
10.609178
2.809347
-8.660231
6.208087
2.387501
9.896114
4.247261
-0.884221
5.329975
8.987098
-7.625896
3.359292
7.993117
5.717150
1.971929
-3.059691
7.319155
-6.637227
1.893459
8.588952
5.495254
-0.795617
-0.874169
-3.376825
1.565376
2.768030
-10.955381
-4.128514
-2.214386
-3.059005
1.174205
-5.273360
-7.506157
-0.747577
4.853284
-7.550238
-3.754531
-11.429263
-7.448524
-9.875824
-6.500638
-7.421950
-8.305249
-11.779436
-5.782032
-11.122141
-2.003548
-1.360352
-6.054301
-6.693741
-5.425760
1.882929
-9.040507
-2.326739
-9.271465
-1.486257
3.299498
-7.694713
-4.855322
-1.391982
9.164464
8.564726
-9.424230
-0.506390
4.288842
4.568435
3.166964
17.077481
1.222212
4.035735
7.346231
7.761414
9.685572
4.186395
5.071684
14.954819
3.812182
1.349204
9.951451
7.707708
0.327994
11.495390
3.874944
6.815942
16.829794
2.265307
0.340511
7.417947
10.264578
-2.573020
4.398343
10.913918
5.132685
9.311623
9.339900
8.758686
10.818737
7.046969
0.958115
0.234245
-8.182135
0.836569
3.451407
-0.395500
2.516407
-4.376664
-1.343743
-10.610878
-1.212842
-8.134392
1.510139
5.792932
-4.602368
-14.355349
-8.944065
0.569622
-0.258210
0.807398
-15.561759
-6.849572
-13.230531
-5.114517
-6.034597
-1.501606
-13.104358
-7.513603
-5.650566
-15.511525
-5.951388
-12.106467
-7.582103
-9.662246
-13.381929
2.335563
-8.398972
-10.433935
-8.531926
-4.986091
-8.452688
-6.364241
-3.634964
0.566466
-4.062313
-1.646431
-7.410240
-5.937321
6.653655
0.507878
-1.403373
11.199156
-1.807642
5.733791
-4.733829
-6.588270
-4.743386
-0.879816
1.913062
8.832069
6.262020
13.221274
15.930274
1.168677
2.128348
-2.908358
3.332686
14.497363
7.652065
8.251335
12.428270
13.676732
1.392292
9.762701
4.814382
12.506370
15.637784
11.159759
8.910924
3.988668
1.796867
7.547313
16.244756
5.387570
3.929837
10.190386
5.550222
-5.556060
11.000930
7.788672
7.605022
13.540816
1.412052
9.008157
-4.224806
1.567275
1.575908
10.639677
3.654040
0.254147
-5.800664
1.607913
6.048076
7.306445
3.814536
5.598257
6.969588
-11.357499
1.533569
-3.784530
-0.245659
-7.093645
-6.029056
-6.080846
-1.969324
-1.280524
-2.602929
-11.410399
-4.512285
-8.835002
-5.908033
-4.647427
-12.040799
-7.818721
-14.541352
-13.643808
-2.942101
-14.563103
-16.399690
-6.312437
-14.627798
-8.256284
-5.794390
-16.151904
-8.795589
-5.140190
9.542298
-13.080303
-18.645204
-10.180549
-2.093624
-4.351409
-12.221853
-11.629751
-8.685896
-7.442240
-14.981676
-2.917622
-1.951859
-10.445006
0.556526
5.477731
3.312192
2.425753
-4.893121
-12.522989
-8.773373
-4.083182
-7.886369
5.238403
-0.860333
-6.527779
-0.288431
-8.800561
2.790431
0.730689
2.016099
4.504420
-0.942057
7.392741
0.006455
-4.724973
3.433214
2.455598
9.687283
5.789620
5.758638
2.460505
-1.585616
4.853518
5.483221
11.716194
-2.641749
-7.425658
-0.224244
4.851703
-0.084495
-7.922104
3.733235
-4.260375
0.448454
1.840106
6.736200
11.713102
3.610914
1.680260
8.494395
12.927856
4.856939
9.574335
9.135082
1.765062
11.625308
4.159010
8.025027
7.159274
7.521166
7.994062
10.602681
2.919872
21.935448
10.883334
15.665715
12.078450
12.530548
19.757820
8.767495
5.531838
6.209921
10.702820
-2.042288
7.580123
13.434244
0.970793
4.614351
11.520190
2.479273
6.438645
-1.148603
3.274900
0.568183
3.625740
-5.111411
-0.259334
0.208339
8.016893
-1.448717
12.516419
13.252249
14.090068
2.386772
4.499441
8.499512
6.775966
-1.582075
6.094391
1.938489
-2.959299
6.078546
-2.455833
-2.463275
2.640541
-0.417041
-4.701560
5.855463
0.982523
1.352725
-1.129763
-9.287601
-6.328665
-5.124681
2.279994
-0.966430
-7.833104
-11.565786
-7.624032
-6.604258
-5.917961
-8.241023
-10.511670
-4.154814
-10.991243
-9.552981
-6.935944
-16.732755
-4.913793
-2.718074
-6.452759
-7.849678
-11.301126
-4.461921
-3.868702
-13.020365
-11.367737
-7.031548
-17.613519
-3.863555
-7.653106
-15.531148
2.466981
-6.312037
-21.752193
-8.081159
-14.415423
-3.011559
-4.433796
-8.801693
-15.386030
-15.862821
-7.461225
-12.099999
-10.064409
3.790775
-12.114244
-13.246525
-3.916327
-16.926535
-16.894562
-4.863812
0.260940
-0.904839
-4.717134
1.968561
-9.231212
-8.137281
-6.624870
-6.167334
-1.239522
-6.252687
-11.808287
-6.290457
7.490206
-1.138041
5.435582
-4.314954
-6.537880
-8.583104
1.171011
-3.850154
-11.957077
0.050441
-1.446770
-1.701101
1.816773
2.103875
-0.065180
-0.783055
-10.142206
-1.958256
-0.265213
-3.625050
-1.205086
0.788375
12.723156
2.530435
-0.712632
4.331689
2.534103
4.312058
0.148929
-0.587580
4.520065
-2.541693
-3.749343
-4.820264
8.050657
10.097743
0.682385
13.754576
0.472476
9.362968
13.801738
3.583930
16.948828
11.998693
12.596402
0.740830
4.461348
9.356185
21.946777
9.103929
10.002685
11.526037
12.611291
6.924585
5.588872
10.400667
8.736030
6.964883
5.469680
4.982021
8.688420
-5.772237
3.592727
9.179187
8.435268
1.749741
10.307400
10.754502
16.097865
11.988936
22.944397
5.450528
10.344819
13.662282
7.122554
16.989288
9.566397
9.782180
18.668436
6.690000
19.659170
10.213590
19.266449
2.456854
20.191333
9.502318
11.340967
7.834351
8.908773
7.919177
9.322384
2.194386
12.481456
11.100334
13.094602
11.554814
7.191835
15.958041
-0.170364
1.584186
6.417790
14.819696
14.620441
11.694084
17.256866
13.967401
7.095628
9.482851
3.167363
14.600391
9.689894
10.492021
12.120354
3.410418
4.201758
14.072731
8.429443
9.775152
-6.748681
4.051187
6.159427
7.729834
3.376126
7.874796
0.387362
14.039637
12.132064
-0.632030
-2.693167
6.140723
0.512898
2.461361
2.264993
8.375555
4.155394
2.963625
-0.910744
0.578845
-7.641880
-2.083675
-9.744113
6.337370
-4.355120
6.518269
-8.050564
5.360867
-2.700085
-3.911559
0.430247
1.678826
-1.192202
-6.077560
0.810175
7.004392
-13.177470
-2.876327
-11.875625
2.677292
-4.490086
-2.197795
4.351029
1.165046
-10.835523
-5.725815
-3.061380
-7.743182
-18.144653
-11.785714
-5.527406
-1.556292
1.447782
-9.613435
-7.512764
-0.430015
-9.715171
-6.812832
-3.617582
-7.889700
-5.695434
-4.614525
-3.359130
1.334566
-11.513709
-10.787594
-1.084967
-2.127205
-4.293606
-13.925240
-5.757922
-2.671557
-9.532966
-4.126276
-10.849193
-10.609222
-10.986268
-9.325422
-4.670390
-15.051263
-17.647065
-17.888879
-14.837655
-13.206329
-9.755627
-8.512937
-12.514496
-13.159265
-13.619690
-7.660607
-6.821657
-15.740814
-8.140732
-7.456200
-14.330244
-17.829375
1.579783
-5.152828
-5.682619
-11.314793
-11.683267
-9.568012
-9.439451
-8.981477
-8.933319
-6.516239
-11.583166
-7.369510
-12.191141
-18.677510
-11.102877
-5.508389
-6.843016
-13.495497
-7.619293
-10.857600
-10.645182
-8.913089
-6.430398
-11.192684
-4.678349
-8.983992
-10.907592
-8.874220
-8.652370
-0.825432
-13.302493
-13.712581
-10.588191
-13.829944
-14.985393
-10.719838
-5.484743
-6.309014
-8.274052
-6.282065
-1.499402
-11.932777
-10.431441
-2.015232
-6.135528
-3.263432
-4.800813
-1.759390
1.841356
-3.187466
-14.234828
-0.961672
-13.803484
-9.895784
-3.482370
-0.410112
-6.096364
-1.472544
-3.327389
-10.306081
-7.266725
-2.215549
-8.063269
3.982153
0.135665
-9.339910
2.681373
-10.079442
-1.573979
1.126049
0.396337
6.614205
-5.756437
-5.456302
2.621889
-10.494711
3.795202
4.302878
7.452371
9.476999
-0.678244
3.607223
-2.142737
0.383401
-1.416660
5.056260
-7.094425
4.320145
-3.117011
-0.301286
0.534122
10.556290
-2.593171
5.742287
6.851446
8.783307
1.916131
1.173917
5.499632
6.968296
-0.331765
10.409750
3.727076
1.920303
-3.001969
3.915991
1.973777
2.052641
5.836618
8.333432
11.169815
10.840260
6.032277
5.650522
8.140886
7.782548
9.926595
5.465629
8.135220
6.138555
1.738513
2.004290
6.488426
11.291449
5.463423
3.644258
10.152161
2.162219
6.270245
9.788557
10.199065
10.413765
11.763373
12.400465
12.559330
8.816409
10.199750
13.935136
4.524427
8.461833
22.514039
4.078011
13.554569
9.298673
6.281416
11.328986
8.193546
12.291052
9.054280
2.334821
6.381628
14.473141
7.037608
9.500753
0.793276
12.072282
13.311281
2.156867
18.703847
6.866331
10.619326
3.137552
22.350884
2.786103
14.673596
2.472781
10.808084
8.517684
11.158163
8.652490
9.758228
9.141376
20.181232
15.851330
14.982414
4.390340
6.521344
11.884422
8.443711
12.297449
8.709212
8.924584
12.855898
5.897968
12.646640
16.457235
8.475202
8.644693
7.213729
10.304122
10.565938
8.961927
14.746923
4.168204
9.267078
12.709873
13.380188
7.764615
18.693163
3.013058
10.543338
11.033006
8.008185
15.345324
16.002992
6.612153
7.948372
6.703271
8.816083
9.696648
5.311387
9.913390
15.449825
3.032406
3.135302
11.953925
10.806804
13.945415
7.879847
-2.601493
12.208950
5.710653
4.649916
18.360447
10.451455
8.466953
8.117216
7.513523
6.573237
8.463709
7.081427
12.209118
14.957806
10.372857
6.961154
2.868620
4.681679
17.584131
2.070629
12.530191
12.729229
13.308504
14.578474
3.981757
6.259313
-1.519706
6.568281
0.637400
9.301912
3.058208
8.672050
8.929422
-0.486292
9.432644
7.449088
-1.304863
-4.619542
8.235353
2.458131
0.210507
-0.594247
3.043298
8.292516
6.417211
5.169283
3.678760
3.881597
18.512568
6.268947
-2.576644
9.080976
-7.350039
-3.439898
-7.495871
-1.513990
0.056317
6.616405
5.275781
1.596281
-2.199796
3.490468
-0.978235
4.227580
11.596327
-2.887042
0.803324
7.205113
-4.727364
2.062263
-2.461699
-5.613899
-1.346856
-3.028422
3.986195
-1.503867
0.226457
-0.790834
1.516635
0.199144
-3.104114
-3.666768
-6.942395
-1.997422
-5.217929
-2.216372
-4.585935
-0.438550
0.789710
-1.530500
2.455687
2.797961
-2.763136
0.554173
-1.995527
-0.275419
-5.653375
-2.440273
-11.769568
-1.545699
-1.254092
-6.135583
-2.195267
6.297270
-4.791427
-4.489065
-5.251219
-6.628261
-1.944991
1.946109
-8.101402
-17.054736
-5.544115
-0.737548
-3.746911
-14.046201
-11.161533
-13.274153
-11.735957
-5.301539
-2.366787
-5.048170
-7.279407
-9.564503
-16.793721
-10.053051
-7.014899
-4.675713
-13.490986
-7.171579
-11.147096
-7.514659
-7.523488
-4.746776
-10.358509
-6.709050
-0.896669
-12.813960
-16.321400
-5.866013
-1.173704
-16.383779
-14.762050
-4.472652
-9.795386
-5.891584
-5.741338
-13.029412
-17.251405
-7.362397
-9.688467
-10.746070
-14.343191
-15.738794
-8.978833
-10.201163
-15.001809
-7.412055
-23.352027
-11.921957
-13.562082
-6.749501
-8.518841
-10.363919
-7.776742
-12.208689
-14.674811
-13.783515
-15.307428
-6.090251
-17.628008
-14.404098
-17.074066
-13.238063
-10.748484
-17.508398
-11.757697
-5.479290
-8.224482
-17.954649
-2.285140
-12.890211
-19.158207
-11.265563
-9.462183
-11.228112
-4.047508
-22.041080
-13.359763
-7.719269
-11.880589
-4.819364
-18.007749
-13.559126
-16.529050
-6.160011
-10.079927
-11.667713
-8.638900
-20.757650
-25.342651
-17.161023
-19.093945
-17.815969
-17.291531
-3.315480
-14.551638
-7.922797
-14.308312
-11.318674
-18.602084
-16.249173
-15.753693
-11.271684
-17.743462
-12.419865
-10.388474
-5.512426
-14.381908
-6.117024
-10.623622
-10.536928
-17.407622
-13.867678
-3.955061
-9.832854
-22.036307
-9.237497
-7.450207
-2.425324
-10.565759
-12.943254
-14.236770
-15.802035
-12.719193
-10.569416
-5.573163
-15.097813
-16.553386
-13.574681
0.416156
-16.563855
-9.295449
-4.974585
-5.403799
-11.180632
-8.563100
-2.338226
-8.699745
-5.609370
-15.855013
0.478590
-5.780482
-10.612230
-9.924045
1.773493
-17.572770
-5.273225
-2.527599
-0.861951
-11.428914
-10.216753
-7.819509
-5.539169
-1.456957
-11.417819
-10.052759
1.160216
-12.095380
-6.995263
-18.074686
-8.225427
-10.790176
-2.561250
-4.234444
-1.909933
-4.630738
-7.706160
-11.486039
-9.585325
-1.318814
-3.649932
-12.014933
-11.134447
5.331778
-9.803220
-6.231511
-8.171772
-16.087438
-18.509232
-3.749186
1.582521
-1.133138
-2.039488
-8.784550
-8.878525
-4.944231
7.402686
-8.905828
-10.416008
-4.231525
-7.942701
-5.231815
-12.502923
-5.195718
2.728021
-5.122144
-1.405891
-4.640724
-0.776082
-8.218846
3.447137
-9.493709
-7.839948
5.235087
-0.056069
-12.089740
-9.146872
-0.266873
6.276791
3.016034
-1.331049
-1.890960
-4.428357
4.579292
-9.649850
-1.130838
-13.458856
0.412980
-3.781478
4.272195
-10.225788
5.934087
-2.494238
-5.181651
-4.092148
-9.176817
-2.319555
-0.220798
-5.846244
8.207682
3.051056
6.224922
-7.073400
4.852241
-4.323715
5.536241
-0.890069
-2.064928
5.236270
-5.867976
5.345721
8.347189
-6.872665
-6.032962
-6.669003
-3.914746
-1.948885
1.518833
-8.447374
2.464452
1.011529
-4.423791
2.207693
3.185232
1.232827
2.415750
17.736173
8.158828
1.394188
1.013447
1.163819
-4.254225
3.726485
2.745033
-2.911107
17.491174
4.214296
15.002905
10.903309
3.298100
-4.674179
-0.990510
7.614546
-2.834625
-1.686613
9.424574
2.794745
3.098038
-6.632194
10.654139
4.744447
-5.049427
10.298741
-0.904945
10.435562
5.369037
1.306013
-0.256241
3.447897
7.378475
7.154266
-1.364769
0.961405
8.006397
10.374625
8.178526
8.962005
4.332770
3.882062
6.174589
3.126702
-5.387861
2.329715
2.990584
5.737796
11.249821
3.781061
8.546642
7.592677
8.945484
12.023345
0.720983
5.284539
5.305089
4.545381
12.166656
4.172293
10.582908
8.716543
5.245858
9.168334
11.072104
10.743349
7.177214
6.083302
4.911923
4.033422
2.121615
7.974772
3.816497
6.766510
0.043228
10.435234
0.091652
1.474105
9.266658
10.336744
8.553782
2.711407
14.054410
9.886781
16.442100
7.971070
10.852282
3.219961
10.326902
14.399649
13.779294
10.278034
6.772773
4.594529
13.993917
15.448351
14.071430
2.176544
16.307219
4.172952
21.880859
9.302761
14.598731
10.425918
11.331019
4.335797
6.410579
9.634896
14.457957
1.776232
13.834635
16.058625
8.210094
14.325533
14.498396
12.625222
8.609893
17.059057
0.461022
10.423314
4.316941
14.660935
12.754635
11.932151
19.023047
8.437565
2.089245
9.091356
8.032787
7.401764
16.375485
11.403187
17.119509
16.615536
12.685407
7.947722
22.603696
8.961877
8.198874
10.406632
17.343074
8.504942
10.497873
-1.626227
9.926636
15.895390
4.714388
4.024796
7.511785
11.585655
14.206791
14.568761
19.440982
17.262652
10.879645
10.316754
9.317363
11.872945
2.735710
11.931646
15.164633
23.875404
5.159382
11.514167
12.213131
12.305746
2.055679
22.928321
22.147377
15.473384
16.251708
9.367906
13.490844
11.757952
8.296355
2.474346
4.363345
-2.173918
10.063747
12.776362
7.045970
12.569751
11.895477
10.572441
5.534884
12.699197
15.681971
5.047204
12.756499
11.106971
10.429497
8.193856
24.662994
14.476269
8.058082
10.133494
15.531319
5.844575
2.900646
12.138205
10.797475
11.550609
24.809351
13.339160
21.294664
8.895663
11.556468
5.199237
13.312884
4.431004
11.279948
15.198827
6.644696
3.158963
11.279201
7.584553
2.959526
10.387932
24.311550
8.790823
19.479273
15.578860
20.332970
7.830599
10.135353
11.823492
18.773942
17.624966
15.099391
8.379439
14.699662
10.736206
18.153457
13.155248
-1.150351
15.841282
10.321882
14.606395
11.218933
11.720965
7.181974
20.399481
13.967382
11.878123
18.059366
9.951163
11.483354
9.696571
2.561202
9.948615
12.922158
7.748579
11.117912
10.169706
7.002649
14.196312
9.613380
10.449867
5.455944
2.351482
13.569809
6.324750
6.329841
9.720761
0.934331
7.817686
18.845706
12.012859
8.126094
13.571911
4.003863
8.050900
6.145876
9.312991
6.840193
3.402214
10.298511
6.404268
7.648868
12.755438
8.454077
8.250526
12.223109
4.589542
16.618052
12.836718
7.896568
7.281443
6.141160
5.298485
15.236735
11.289307
11.460046
-0.288170
8.547720
4.720757
0.219963
9.069291
8.686377
11.124681
11.978194
6.248855
13.958932
11.186842
6.736432
6.113759
-2.776014
11.146099
2.684127
2.072822
3.174819
8.023471
7.333426
13.444487
13.031603
7.073103
6.229021
9.853977
13.867858
16.826465
13.277055
-2.511042
11.308919
4.233228
6.447605
4.320467
12.702416
13.208719
4.133796
7.609815
0.039210
5.984898
0.658236
9.811758
2.727090
4.943303
2.346522
3.704674
7.454861
5.157043
-5.859180
-2.536251
3.608948
1.408406
-2.261017
2.868281
-5.593271
1.787250
5.128792
2.131109
5.579702
9.657435
0.141085
1.248424
5.866505
7.147122
12.094985
6.751730
-0.454125
9.117882
13.301693
1.115471
9.596910
0.465201
1.448225
7.204144
-3.160478
12.177787
9.076130
7.151224
-4.221507
7.276581
6.931508
-4.829583
5.759354
1.744376
0.643427
7.611060
3.145658
-2.504283
3.258086
-7.702635
0.084353
10.809058
4.193616
6.379284
-5.043424
10.904588
5.357264
8.893630
-0.833216
0.173960
14.647755
-5.217973
-7.540333
-5.603556
1.152791
-1.808422
0.118058
7.149280
-3.725891
-2.507818
-8.385913
6.644142
-0.589774
2.855391
-8.232577
-2.637511
9.174197
1.310521
-1.857152
1.487297
-1.580692
-6.361654
-6.521880
-9.095059
-13.404590
-5.265382
-9.616678
-7.960655
6.498861
-1.096964
-4.215558
3.039880
3.987370
-4.400911
3.551629
1.863876
-1.540687
0.945172
-6.745674
13.458734
-1.998738
10.048981
0.014822
-5.250795
-4.045696
2.826291
-1.622723
-5.747649
-4.344187
2.565912
-3.998204
-0.641978
0.308246
-1.062678
-5.448738
-5.359963
2.578888
-0.537228
-6.682872
-8.205108
-6.264225
-4.992687
-0.883182
-5.721695
-7.517920
-6.384517
-2.401313
2.190262
-4.878577
6.044196
-3.255008
-2.677913
6.120785
3.567267
0.034706
-0.720364
4.106243
-10.263682
-12.864822
-2.745752
-4.712489
0.347460
3.163611
-8.662453
-9.752720
-0.885154
-6.054831
-3.796661
-8.274734
-10.118375
-4.589651
-2.013410
-3.235093
0.507994
0.248116
0.254167
-17.342004
-3.671415
2.192415
-7.443286
-0.755378
-8.765747
-6.810050
0.114276
-3.720263
-6.737954
-0.203002
-3.930043
-3.989674
-8.321109
-17.337567
-3.101952
-1.543982
-7.914368
-2.213219
-12.795239
3.788846
-5.537608
-9.295920
-4.087202
-1.792411
-11.070127
-9.862983
2.977582
-9.103461
-14.672954
-5.302979
-7.906799
-5.554917
-16.375963
-10.684985
-15.034476
0.541811
-7.361017
-7.449268
-12.417417
-7.696090
-0.730546
-8.168376
-6.870124
-4.393222
0.812038
0.745073
-15.600079
-8.995829
-13.918097
-9.487334
-10.296943
-10.193247
-2.413493
-4.457979
-11.089967
-6.243592
-10.588599
-14.014316
-4.156120
-10.249503
-3.837130
-12.676108
-9.755551
-11.355813
-5.493033
-9.292009
-4.511839
-8.963516
-5.766900
-2.230222
-3.418266
-2.487880
-13.655357
-14.233079
-5.743047
-8.177688
-7.546331
-10.712469
-7.541936
-4.094811
1.442758
-11.540874
-7.976833
-9.600499
-9.591286
-3.923369
-13.796884
-4.544957
-11.011805
-1.231445
-2.622067
-10.375067
-14.811173
-7.183952
-3.471740
-11.498404
-5.269849
-13.895183
-8.633271
-10.923994
-5.543548
-7.307307
-7.185943
-3.782328
-0.446743
-6.306521
-8.141680
-10.653429
-2.427659
-9.401439
-15.938869
-7.978555
-15.159653
-8.439651
-6.764094
-7.557844
-7.584062
-10.337969
-21.043295
-5.108239
-5.188075
-6.448379
-7.719655
-7.897474
-15.531445
3.703603
-11.899662
-15.745078
-8.071245
-18.285869
-8.567208
-18.854824
-8.426713
-7.594781
-9.186298
-8.641475
-7.920345
-3.102697
-3.669394
-9.828822
-24.221710
-8.281395
-15.604856
-14.570546
-17.587213
-16.299247
-13.461525
-9.660297
-10.644415
-11.708035
-13.491655
-9.723501
-1.402030
-7.864957
-6.161825
-7.563793
-15.216669
-7.935381
-10.724997
-11.114441
-16.857809
-15.675211
-15.656934
-7.056491
-11.295361
-7.330527
-21.157557
-7.913672
-14.775488
-20.483487
-21.321485
-10.724095
-15.197101
-10.646575
-2.469836
-6.633104
-12.315882
-12.090931
-12.350138
-9.148631
-14.881545
-13.545022
-14.409888
-10.071391
-3.691829
-13.893188
-17.728288
-11.722697
-16.606035
-9.553370
-21.262080
-19.726666
-12.523827
-9.718271
-8.068358
-16.971838
-19.747855
-11.632331
-13.410247
-5.720821
-7.548639
-19.416795
-12.555911
-10.302093
-3.714205
-14.645756
-13.461090
-14.937547
-23.200180
-4.180313
-18.668470
-17.668096
-15.239627
-12.222260
-10.790760
0.757991
-21.821698
-17.452140
-12.772500
-15.088504
-2.300724
-11.877310
-5.051842
-10.973931
-10.471805
-12.668334
-15.276252
-12.268297
-16.396322
-17.383176
-13.001586
-11.557792
-9.878300
-10.131077
-18.245237
-12.783953
-12.809000
-16.119639
-8.097909
-11.725763
-19.235966
-18.266116
-14.043855
-9.699463
-23.113214
-13.798499
-9.635145
-13.229992
-17.207198
-5.257113
-13.725077
-16.197793
-16.261003
-11.952308
-7.209677
-10.708164
-9.865821
-9.725159
-6.921361
-7.251498
-8.747369
-2.569586
-10.278488
-11.679881
-14.133663
-7.179453
-13.196232
-22.379593
-14.420335
-14.774848
-11.379946
-16.370852
-18.111056
-4.773562
-10.672050
-13.615508
-13.649998
-12.555206
-13.313783
-8.182654
-17.161262
-12.824867
-8.147065
-8.970064
-7.916215
-15.500226
-12.927051
-21.640186
-19.531636
-13.765114
-12.564289
-11.602591
-5.361749
-13.529516
-10.661856
-17.531859
-14.900847
-4.040578
-11.212157
-12.026479
-10.957867
-12.235572
-14.485373
-4.725844
-7.594869
-8.231458
-10.634814
-11.262026
-12.812520
-13.161337
-16.375472
-10.099539
-9.274197
-4.822967
-9.864292
-11.565210
-19.884023
-11.581848
-17.025922
-4.941953
-12.070052
-17.675932
-16.183243
-14.325097
-9.754880
-5.735522
-5.278855
3.469103
-15.128812
-15.623723
-9.915745
-17.335150
-15.200601
-12.661697
-2.737724
-15.841520
-16.268654
-14.912529
-5.604702
-14.216044
-8.031742
-17.347804
-16.671588
-16.766273
-4.796889
-14.239319
-5.784246
-14.411172
-4.796313
-10.100854
-9.544465
-5.882347
-8.521573
-10.506778
-18.316583
-13.233181
-13.588051
-0.854726
-6.466362
-8.020210
-2.944065
-13.692795
-6.991731
-10.825291
-14.178054
-11.266718
-14.504798
-14.750363
-20.628679
-9.226090
-12.047435
-5.762030
-1.326774
-9.263236
-8.117891
-10.193288
-1.687260
-8.592578
-16.913234
-12.709740
-11.241998
-5.094146
-3.660529
-2.379679
-6.558754
1.231016
-6.737728
-15.027126
-9.808316
-6.679058
-12.959714
-11.672775
-14.132543
-10.070468
-17.190490
-11.198617
-0.955465
-4.799701
-8.772115
-11.380914
-14.238622
-10.531062
-11.757345
-4.749938
-11.180745
-1.880146
-7.203980
-22.098702
-10.169494
-9.885346
-9.428805
-3.702120
-17.281985
-11.017403
-11.760405
-8.671081
-13.525682
-8.189013
-8.686720
-10.933694
0.339463
-9.759088
-17.313713
-11.842532
-5.941498
1.146473
-7.901349
-12.084119
-6.745868
-9.329975
-12.575301
-16.579068
-16.840659
-5.908012
-1.869568
-5.339791
-0.628316
-11.854234
-5.608288
-13.367727
-6.949445
-10.709387
-5.060137
-2.457500
-5.656321
-4.842452
-10.033451
-2.714075
-7.408347
-9.765510
-2.307977
-9.889511
-3.582635
-5.569008
-9.142504
-9.234801
1.327416
0.552018
-8.374449
0.767905
-16.395295
-2.679836
-4.889010
-11.163165
-8.586837
-4.645878
-4.683308
-7.800358
-13.122995
-7.417394
-6.321730
-6.904453
-7.678677
-2.399090
7.437281
-1.817761
-8.481205
-9.896626
-8.345058
-3.268881
-4.418709
-5.650785
-7.460050
-4.304487
-4.183753
-3.090772
-4.119077
-4.134290
-5.804661
-3.604357
-7.812265
-7.033861
-1.758527
-9.318281
-4.975866
-8.922295
-9.703179
-7.035472
2.556432
-2.756439
-5.816161
-11.582322
-9.987630
-2.308862
2.419617
-0.009136
4.424191
-20.700310
-9.189609
1.171273
5.447159
5.290897
-6.522490
-5.980252
-1.779592
-6.105525
-12.999471
-5.654584
-9.465112
-8.820381
-1.846141
-3.608118
-3.662079
0.264609
-11.809033
-9.180549
-18.382359
5.420924
-1.954148
-4.801616
-15.942986
0.860375
-11.835906
-11.781469
-12.942844
-3.876845
-7.805373
-3.563239
-9.775455
0.229432
-3.442722
-16.633166
-16.731331
-5.793605
0.631744
-1.879732
1.140864
-3.980392
-4.338826
-2.378292
5.342559
1.116634
1.106958
-3.059062
-8.930798
-2.391696
0.782770
0.296108
3.385899
-7.834752
-6.860113
-9.213452
-1.588026
-5.643098
-9.901769
2.440366
-6.233214
-5.667175
-4.605159
6.462385
-8.177266
-0.639825
-3.208806
10.464627
-3.794818
-4.046925
2.182383
7.714330
-17.268768
6.468562
-4.248786
7.836476
-12.123995
-0.834917
-12.906771
-9.188469
3.057708
-12.518392
1.908797
2.848559
-13.638754
4.216077
-1.716636
4.940225
-2.204308
-2.012088
-9.911689
5.936761
9.499077
5.019064
-4.091043
1.458807
-4.216340
5.506800
-10.544704
2.493563
-6.444195
-11.414028
8.043049
-1.933955
-6.277651
0.076443
-6.758020
-1.015716
-9.920624
1.887290
1.510828
3.859503
-6.098996
-0.389518
5.431689
-2.928709
-0.046375
-3.753165
-1.659437
-4.669793
4.486592
7.970672
5.850532
-8.329022
-6.233210
-2.881784
-6.891963
-2.343015
-0.011955
-13.209629
-8.968002
-1.501604
11.181036
1.127436
2.673490
15.600141
-5.980692
-5.878662
4.133734
-1.765222
-0.306324
3.512127
-7.875228
-1.246915
2.579611
9.727839
-1.233589
0.225919
0.849579
-1.333563
-5.599455
12.282618
9.989971
-3.665291
-6.498974
-4.093618
1.360674
-0.837471
5.688983
1.568687
10.746525
2.744278
-6.355704
8.739889
-10.302687
1.630673
-6.262473
-5.378051
-7.304595
9.783825
1.746935
5.756655
0.151904
7.643872
-0.443129
5.892688
-4.824813
3.246437
9.569394
-0.498606
3.376357
3.577416
-2.026625
4.204609
-1.346884
-5.860100
2.514596
4.213107
-0.023018
7.271169
-3.038772
-6.426001
3.427022
3.088382
4.532805
5.917108
4.072625
6.973776
-5.744517
4.530760
7.955783
-7.182987
-3.896341
0.448608
0.964096
3.990293
11.139247
0.420707
3.569469
11.285567
5.505867
3.587778
5.410512
12.904854
3.640350
11.976032
0.572102
-5.908486
-4.635436
4.396984
1.153692
4.030784
1.702946
-14.643768
1.958910
7.899202
9.359574
2.135985
10.028679
8.455032
12.406954
2.088256
-1.338874
11.731464
-3.134933
5.152267
8.233083
4.320672
5.687269
3.715841
2.350383
5.687853
2.950870
-1.677172
-2.160609
7.048389
0.877730
4.209941
10.743488
6.773019
2.317972
4.928321
2.380226
10.719130
5.490022
2.306604
3.568909
10.653701
5.785660
-0.636859
4.806254
-1.131483
2.235403
1.189753
9.125541
-0.650912
9.212746
6.183866
16.260209
8.265011
-4.742254
2.303013
-6.341191
3.165153
15.942229
2.123166
12.405487
6.374005
9.490216
-2.297463
-7.496382
7.095203
11.823608
7.829287
16.867847
5.369206
-0.752414
11.258865
0.257001
3.755605
12.521114
0.567576
8.095345
-5.074450
3.290171
-5.527492
-0.450014
5.305241
5.542150
5.818952
13.309876
7.088033
8.806207
3.752789
6.957719
5.802873
11.848941
-3.921572
6.776093
1.569402
1.762257
5.716747
5.080965
6.146662
1.900332
4.787310
9.658103
6.177077
12.087261
-3.620056
8.030126
16.194085
2.016168
9.357578
6.604812
4.963957
0.770934
-2.852181
4.221930
8.369122
5.384534
5.291139
9.474700
7.289444
9.413826
1.952429
9.550471
8.902518
4.069115
8.789791
8.156788
1.049581
-0.317546
12.290373
-2.508306
16.412717
7.121128
6.123064
9.532087
8.592846
4.281321
6.109987
5.384997
6.436830
6.437292
2.995375
11.213374
10.368018
4.604671
20.207381
5.649696
7.447290
11.506529
6.519678
1.016178
4.140398
7.339531
0.178414
-3.896014
5.886330
1.228956
12.444326
5.859729
4.805724
5.385863
0.881494
14.473459
9.817678
9.861908
6.300185
7.113768
14.842648
9.511718
3.923515
13.757775
1.821377
15.812497
11.301298
14.442577
8.226851
3.787050
3.629237
6.754212
6.586399
11.455836
9.171261
10.740869
8.956427
15.314978
11.640293
8.551917
12.468434
14.223605
6.838255
7.193474
1.337714
1.397453
8.572586
19.186227
6.638680
10.265699
8.689633
17.634231
6.273850
8.860300
8.601276
7.879992
5.772850
4.175102
0.791663
0.891073
5.698408
4.820059
5.697937
4.604597
3.914185
11.115558
12.885982
13.587665
5.404121
17.978026
6.630560
9.540764
6.428361
3.795358
10.752828
17.754247
4.923239
7.362656
9.189193
4.158954
1.178141
10.165241
8.836529
4.278298
4.545976
5.095283
14.349570
13.615104
10.519776
5.239083
10.365268
20.272136
14.278834
9.766645
8.603406
8.018595
11.701060
7.465651
15.585577
10.710054
9.070324
4.419127
12.693853
17.058633
13.445608
7.836819
12.623847
10.366969
6.547126
5.233965
-2.892416
14.266832
4.477852
5.909870
8.403060
8.057385
4.085305
9.593474
5.491346
7.804267
9.441000
14.940415
2.497277
13.207848
13.760072
10.611162
2.008856
11.837693
9.021994
10.293329
13.577765
10.264989
15.033382
3.394912
13.286113
9.816484
6.654653
10.926408
17.872435
14.380321
17.077220
10.760126
7.224299
5.991684
11.889579
8.402307
11.996020
6.826863
3.067094
11.022389
11.321710
22.100462
9.547400
8.399482
10.124440
4.933232
7.683510
22.776350
6.385529
9.120779
9.533989
5.666526
2.568123
3.377411
3.899232
1.431139
1.999469
1.636297
23.337707
12.759729
11.429476
10.784713
5.024079
11.032652
2.591519
-2.321064
16.857872
-6.387291
1.661854
8.739587
14.183233
7.098453
6.913739
10.457786
9.851383
14.818584
-0.616736
6.641579
10.622017
2.781231
11.943189
8.042424
19.104247
12.735672
4.698987
12.987500
15.953210
-0.289979
16.139260
-0.020785
5.793143
18.553776
8.833335
20.593732
11.457449
15.643066
10.388742
25.776554
12.758400
8.009049
6.790165
11.521408
10.745349
12.081267
10.977618
10.822165
9.383866
11.259421
19.248385
4.563487
7.973704
10.192745
9.819585
10.951229
11.068123
5.570479
12.554973
9.875115
3.980689
10.477883
17.688902
7.496269
8.836271
3.068011
9.899812
5.078787
9.059175
11.569927
10.292429
9.992693
8.003985
17.665754
4.987686
3.345281
13.577680
9.335498
5.575781
5.306780
9.477084
5.801746
13.156070
11.442916
12.505176
11.381829
7.429937
-0.355714
12.936317
2.411347
14.152133
13.442372
5.348919
13.528261
8.576076
4.814291
7.957067
11.494961
16.883203
12.487788
7.545869
21.025337
9.327234
2.933407
8.680607
1.717942
9.838944
10.763499
17.231926
4.051996
13.782073
5.298248
13.156116
14.163455
12.914615
19.274260
13.080701
15.261338
1.689045
9.491036
8.237240
13.560966
11.489589
15.588157
18.896293
14.209459
11.182782
16.742757
7.978294
14.899561
2.303460
13.010984
13.456439
3.767736
14.287977
15.895209
12.520475
11.158793
12.304393
17.983710
13.167946
6.705180
12.727502
13.136420
7.418360
13.273865
10.444114
3.252649
4.937949
8.461921
10.899239
6.219745
2.629379
6.809449
5.887275
1.623804
8.565743
10.726280
13.260225
3.828367
7.084184
4.509354
6.361640
5.640671
12.496140
7.287196
1.031206
20.546903
13.365140
10.536785
11.375257
5.676110
13.991444
10.453171
6.221832
16.933677
4.547225
4.434546
10.026474
18.735344
11.462389
13.787351
14.462966
11.556509
11.575564
2.963062
5.882669
11.480242
13.652613
10.527727
9.160382
15.388854
1.878077
6.565479
17.148256
7.467073
7.647919
9.813490
7.987183
11.189614
15.145770
8.743781
-0.261979
18.066000
1.551767
13.735567
5.919251
17.324642
9.585347
7.705877
17.117406
4.925536
7.916030
5.242505
14.078037
4.074288
4.028064
5.367511
6.417360
14.339872
0.607216
14.867689
8.008891
16.722175
6.665792
5.947547
9.801780
10.147552
6.399028
13.673796
5.946581
17.714929
11.368348
12.337172
15.715032
14.590931
4.047499
16.590261
7.305583
1.837043
17.733915
15.864877
11.064411
15.157125
11.238017
3.482393
4.616552
13.878672
5.235591
12.967429
14.768958
19.295291
8.313327
15.858462
7.321072
16.841388
-0.353182
5.720557
17.072156
7.840795
5.268035
8.169552
15.517857
11.978894
12.950525
14.192186
12.189302
8.089600
8.969002
14.503360
5.069039
4.684844
14.309637
13.681615
8.425920
15.409968
4.317230
11.087708
18.067383
10.666829
9.161366
7.388910
15.119594
3.523536
4.831347
10.279554
9.783300
5.157659
12.784755
9.537274
-6.610166
11.969598
14.205374
5.748391
8.012188
17.025449
13.354651
-0.555578
7.888700
4.847389
5.582664
13.415119
5.393100
14.497254
12.798505
2.763954
10.756190
16.984670
5.269060
10.684905
14.802343
11.205769
11.044072
5.706173
8.192269
7.130791
6.046379
0.606567
7.601339
11.222139
8.985026
8.110579
10.086052
5.595460
5.834754
4.191453
14.414499
17.741922
9.019538
11.648873
11.081474
17.097795
12.174128
5.394763
9.298698
16.190864
2.384583
0.872076
7.168696
9.589657
7.303338
10.916070
10.272207
4.200640
9.881548
7.953675
11.842354
8.414224
12.519244
9.474905
15.137654
6.815510
9.859753
7.573547
3.193809
8.992677
10.643483
4.955351
11.612124
7.876703
12.847204
8.131335
6.859159
18.215146
7.411703
2.818220
13.521034
13.013761
15.050235
5.042308
0.316056
2.869560
10.777625
-2.772116
11.220695
3.969954
3.945546
11.594601
0.565096
-1.047162
7.726938
7.500491
6.825482
15.446390
13.177769
9.691007
11.665052
5.032572
9.435900
8.293530
-0.698110
-0.926698
11.172509
9.262823
8.603188
6.187780
5.285766
11.576423
13.277131
6.335667
4.903499
14.240135
-0.570276
5.066400
10.614334
10.087372
0.306828
13.692621
5.297343
8.907538
-2.941729
3.689322
10.867334
4.563936
8.002697
7.673241
9.913925
18.950474
7.878527
6.280165
7.677693
9.540314
7.643921
2.116820
3.961102
8.311333
12.700597
16.563099
5.674738
10.100943
2.538520
3.652484
2.462498
1.748477
-5.741956
10.901895
9.481627
9.238565
3.968575
9.979430
8.245674
-2.738401
18.554586
18.477823
2.688657
10.618996
-1.793681
7.793425
0.945854
5.510531
8.128968
10.758690
4.106793
14.318619
1.242822
6.951070
7.616603
14.141573
13.072700
8.084763
17.224815
11.153812
7.487494
7.686219
1.580203
5.910143
4.017340
1.948231
2.924955
4.306409
8.227220
3.036205
3.266466
4.658227
9.639918
13.395952
10.340272
16.091649
13.706306
8.877794
6.480630
4.608581
4.006013
2.517250
0.097390
5.409344
9.723678
10.627193
5.828607
4.854248
8.496955
5.186452
7.331551
5.099216
1.132401
10.645548
10.696727
2.108148
-1.671082
5.276667
2.537156
15.237881
9.329728
8.227552
10.937911
5.229038
5.190696
12.969869
11.457661
5.706587
7.765317
7.436927
12.385793
1.931374
9.437164
11.011053
10.597201
0.365969
8.027866
16.913495
8.393282
3.335314
-3.579451
-2.091938
-6.339938
1.057866
-8.270437
12.541609
11.497144
9.836871
3.080685
5.729700
-0.971790
2.475215
16.760679
3.726234
3.636763
7.359635
1.386764
5.109084
3.914997
0.015814
8.083145
7.823414
3.114520
9.228414
13.339828
4.563763
2.383375
6.718219
11.866333
-3.677581
4.039988
-1.536819
5.922326
1.840697
0.246123
8.449561
1.493430
10.789988
15.531810
0.551366
5.582898
13.962379
10.966143
-4.831261
2.625389
0.439943
9.574007
2.363198
5.130700
1.329001
4.545074
8.941880
5.966216
6.016448
2.172248
5.517484
2.978616
1.093921
6.457063
6.676903
3.148924
3.066228
20.136744
1.729238
3.191492
6.995560
14.968650
9.995790
5.909768
8.846853
5.059848
5.729370
11.322910
7.120166
6.933031
5.421136
3.865806
-1.250975
6.094062
13.486356
4.824045
1.035083
7.005048
-1.031459
10.038960
-1.272578
1.579402
5.235584
4.408531
1.059806
3.958524
-0.730702
4.880535
6.467535
-8.977192
3.460473
10.490736
2.756085
9.267816
2.158472
0.021278
-1.929637
12.478367
2.623924
8.093338
-3.913478
1.638142
6.978343
10.467159
3.103420
0.164153
8.138626
2.700130
2.288829
-0.207282
8.113057
0.670475
10.200047
8.745331
-0.216485
4.439493
3.232239
5.937791
8.733301
4.675924
4.964336
5.661280
7.392304
11.160250
-9.054918
3.550562
9.561494
0.258823
-1.120679
4.815356
9.481664
-7.747881
6.764302
4.662103
7.398710
5.485814
1.757967
1.071800
4.863049
4.601680
-0.828843
2.321414
-4.474971
-3.037699
5.168545
3.854815
-1.878647
0.728721
-0.117422
1.000653
7.784294
1.999490
3.580160
0.246689
5.454410
7.467296
1.800997
8.942171
-8.448972
-2.738307
6.469827
10.086576
5.879989
1.079070
14.251842
0.064970
3.068024
5.066996
5.002124
0.917436
3.294372
1.345893
11.974827
5.240893
8.878969
5.859021
2.006098
4.017596
-2.343790
3.855506
2.268404
2.889499
3.733336
3.151844
1.718353
4.544371
7.819272
-1.177063
-3.626986
9.152778
2.252757
4.186903
4.105605
8.267204
14.793266
7.973303
-1.972881
1.873939
5.248921
2.812376
-1.226941
-1.837112
4.542433
0.666479
3.483577
5.648336
1.702538
6.055103
1.521576
-3.168510
10.562442
1.399240
-0.966095
5.652875
3.806492
-2.509406
2.917737
-0.570367
3.882248
0.356709
5.912862
-2.006025
-6.230799
4.553991
4.101565
-0.233340
5.257458
-2.554933
5.827089
-3.817479
1.333025
-1.612153
5.260273
6.165835
2.767867
4.366155
-3.494217
12.995788
3.054057
-3.169769
6.347693
-2.030405
-1.917855
6.903826
0.689225
3.036889
3.877033
5.882326
6.564107
0.396174
6.518582
9.799463
0.615801
1.096229
7.714313
12.636178
7.980513
-5.964617
3.340764
-4.432852
-6.959853
4.006040
12.289386
2.978974
7.225226
-4.729736
0.312930
2.510399
10.284882
2.233567
-6.854599
5.525765
3.614819
-3.467660
2.832913
4.358306
2.197216
-2.865475
-0.118109
1.936237
3.178300
8.417776
-1.394401
1.013234
-3.257969
7.007284
7.882324
-3.121089
5.355820
5.266921
-5.491303
7.943322
-6.473617
10.981854
7.938659
0.580100
-0.834255
7.331371
-3.238407
-1.937699
-5.649454
-4.892737
-5.850430
-1.519167
6.685349
-3.468018
-0.403746
-1.381544
0.255458
4.452426
5.468919
9.255545
4.444796
0.088985
0.506885
5.512271
4.624726
10.946002
-3.573438
1.125566
6.769062
-2.406565
-0.658175
2.695477
-0.557951
-0.186588
6.006317
7.324395
-4.109254
0.979527
-3.172942
4.092179
-3.287401
0.435390
-3.112363
2.989752
2.325911
-5.863588
-7.678136
-1.457151
-0.584022
-3.201916
7.526158
2.966948
-7.449890
0.922495
3.955304
2.529172
8.088540
3.787426
3.097429
-5.829154
-3.041780
3.762065
-1.604243
-3.682650
-1.048948
1.507212
2.268314
6.668581
-2.461764
3.333795
-3.926618
-0.640052
7.503528
11.279863
6.495604
-3.221143
9.986360
-4.997077
19.316240
4.801439
8.589001
-6.272520
-1.463322
16.354156
1.618900
-0.369221
4.883340
-6.631236
-0.166761
-5.602523
2.630201
11.374482
1.970608
4.055616
-1.638668
-3.865054
-5.716968
4.046509
9.133983
-1.269932
2.428610
-3.296838
4.836582
2.676699
-5.662255
-6.589386
9.332837
4.558172
5.227659
-2.156966
1.843325
-3.091595
-4.364287
7.180826
-6.142112
0.134019
1.568836
2.159346
4.834651
6.668876
7.595864
3.938970
-0.502617
0.686398
4.676979
-1.123808
-3.363225
-1.429877
-5.358194
2.647783
3.067240
3.358317
9.960497
1.237022
2.120358
5.559186
-3.366669
7.923051
-3.719318
-0.967223
-4.475547
-5.586678
-2.296072
3.890306
9.784860
-4.229002
5.907743
3.476016
1.835554
0.174959
-0.771885
-6.267266
-6.571365
-0.512657
-4.914945
10.883350
1.457470
-0.374303
-1.022937
-7.735115
-1.890270
1.724970
-4.798935
1.396276
11.453745
-10.771054
7.921616
-3.909802
2.631780
-2.666793
3.383726
-9.670086
8.068873
-0.055133
-1.524991
-3.690914
5.747045
6.747358
7.050586
7.079842
7.688122
1.145821
0.355369
2.655323
-6.617696
0.292047
-1.579458
3.713053
-2.214843
-4.416733
-6.548840
8.508865
-1.170886
6.225395
0.916251
-5.137998
-0.678460
-3.538624
2.945207
-2.465436
-0.885180
5.339140
-1.148363
-4.747774
-3.712567
-3.015212
7.065816
4.079307
-5.297825
3.043204
1.293940
-1.682164
1.834677
-5.539999
-1.671213
-0.750823
1.771259
-4.983767
-9.274867
6.783952
3.061864
7.142091
-11.260219
-4.193877
12.199808
