-1.372470
-1.747455
-1.216885
-0.365165
-3.794334
1.220772
0.184277
0.076641
-0.789375
-2.183604
-1.434047
-0.100147
-10.292684
0.871187
-0.995272
0.381269
0.154630
-0.614220
-0.878626
-1.352240
-1.440472
-1.409346
-0.122232
-0.992067
-0.868012
-1.198838
0.087926
-0.977009
-0.458602
-0.197239
-0.241611
-0.368868
-0.280187
-0.170840
-0.297507
-0.492047
-0.518575
-0.530412
-0.621629
-0.721947
-0.620528
-0.445942
-0.290106
-0.086599
0.050810
0.180447
0.362133
0.555325
-0.118774
-1.150999
-2.133506
-3.354519
-2.723014
-1.409770
-0.422897
0.940740
0.699971
-0.081470
-0.406314
-0.960134
-0.868770
-0.561833
-0.516114
-0.412205
-0.474724
-0.608450
-0.676839
-0.768419
-0.522418
-0.136727
0.210923
0.643592
0.784810
0.837830
0.809303
0.673885
1.811562
1.401547
1.940727
2.293327
1.469903
0.159161
-1.061743
-2.597313
-0.760457
2.373415
0.460510
-2.634881
-2.457356
-1.975742
-2.529367
2.290743
1.854290
1.589768
2.603547
3.685196
3.324777
2.517925
1.853663
0.888169
0.374111
-0.073923
-0.852116
-1.692048
-2.012732
-2.176370
-2.428931
-2.590751
-3.143986
-3.830661
-3.569096
-3.008035
-6.188636
-1.359823
-1.193693
0.345596
1.680451
3.078072
4.674368
6.362966
5.612687
3.888963
2.367521
0.217729
-1.059752
-2.239100
-4.104900
-6.124429
-6.140158
-5.448003
-5.131192
-4.430184
-3.611248
-2.601839
-6.724693
-2.317725
-3.055000
-2.527399
-1.962115
-1.332781
-0.519289
0.406567
1.205393
2.022323
2.764610
3.470169
-4.048730
0.753563
-0.539909
0.475879
-1.245598
-3.695101
-3.539615
-2.906722
-3.161530
-3.294491
-3.632950
-4.095746
-4.430606
-4.791055
-4.521284
-3.981800
-3.494961
-2.837399
-2.318170
-1.783373
-1.066301
-0.279025
0.200457
0.601172
1.089281
1.545072
2.196531
2.925356
3.612985
4.340060
4.361906
4.097801
2.693123
0.594459
5.894196
0.365516
1.222256
0.505048
0.186154
-0.024684
-0.333846
-0.592031
-1.091614
-1.680435
-2.206858
-2.774112
-2.941413
-2.951063
-3.044852
-3.058213
-3.004661
-2.893856
-3.746066
-2.830079
-2.830459
-1.679462
-0.926649
0.099254
1.040109
2.030586
3.214103
4.494005
4.257639
3.441715
4.096648
4.945283
-1.443217
3.901045
1.769075
1.187782
1.062334
1.065860
0.796746
0.520332
1.965177
4.110122
-2.124003
4.528292
-1.043685
-6.665564
-2.902117
3.536954
-1.409347
-1.322019
-2.040265
-1.948044
-2.750196
-3.638409
-2.254427
-4.339409
-4.437415
-5.074970
-5.659590
-6.264128
-5.677191
-4.587013
-1.624033
-3.893531
-1.339522
1.013176
2.626364
4.341313
3.963421
-3.302896
0.737460
6.139156
4.504586
1.711304
3.689418
6.409695
-2.688483
9.820613
4.892379
1.418615
1.928049
2.967478
2.348824
1.694802
1.184881
0.544128
0.179631
-0.113371
-1.407947
0.644890
-1.164065
-3.153616
-4.213184
-0.731125
-2.016799
-3.104388
-2.890803
-2.535598
-2.582782
-2.597036
-2.846241
-3.222594
-3.557926
-3.960267
-4.117496
-4.197487
-4.357085
-4.488407
-4.464376
-4.369422
-4.252527
-4.076611
-3.935768
-3.779867
-3.561183
-3.312441
-3.205729
-3.138717
-3.402323
-3.840250
-1.257350
2.494205
-10.423781
1.865825
-0.889063
0.002144
0.924678
1.976099
2.977075
4.020302
5.199371
6.450699
6.712812
6.602262
6.610242
6.389275
6.517158
6.698738
6.629220
6.514963
6.405427
6.250345
6.046751
5.801674
5.437634
4.998400
4.520966
3.979443
3.421156
2.821659
2.156238
1.441681
0.659365
-0.181788
-1.071408
-2.016399
-2.377252
-2.520635
-2.746906
-2.844683
-3.150835
-3.494213
-3.696251
-3.877659
-4.374973
-4.982071
-5.553068
-6.193602
-6.661119
-7.083780
-7.585596
-8.081752
-8.134804
-8.005045
-7.889162
-7.646594
-8.142334
-8.894325
-9.483454
-10.201547
-6.312834
-0.507126
-1.870781
-4.898839
-2.155502
1.504428
3.135605
4.944210
5.179071
4.612629
4.281587
3.508563
3.429182
3.462751
3.010758
2.478539
2.837839
3.487467
4.144980
5.036302
4.465818
3.383740
8.522638
4.545094
6.071657
6.326851
6.570417
6.796082
6.447733
5.845523
5.161637
4.263254
7.740310
12.969938
6.789784
4.531813
4.768684
6.696916
6.187741
5.698229
5.177698
4.395087
5.219519
3.517735
3.263151
2.610697
2.262147
2.009704
-0.365369
0.464362
-0.726464
-1.499982
-2.335433
-3.215635
-4.123323
-5.070235
-5.077264
-4.705667
-4.415416
-3.882824
-4.293817
-5.001353
-5.425461
-5.967851
-2.744036
2.056872
-1.244600
-6.218082
-4.801979
-2.308608
-2.425143
-2.470775
-2.512384
-2.795416
-3.025966
-3.346892
-3.616637
-3.901399
-3.851881
-3.661746
-5.726036
-3.850035
-4.364151
-4.287502
-4.873734
-5.718266
-6.472691
-7.380012
-4.582331
-0.270289
-2.351176
-6.050268
-4.331428
-2.306547
-1.490046
-0.470590
-2.704924
-6.356585
9.992021
-3.819123
0.940666
1.586892
2.216298
2.877343
3.227257
3.457831
3.651513
3.740627
4.422905
4.378525
4.708733
4.920615
5.308482
5.755447
6.177809
6.636031
7.012856
7.369245
7.766070
8.161905
8.183394
8.049417
7.974936
7.813277
7.323930
6.660600
7.877967
6.019699
6.693517
7.202594
6.594105
5.701016
5.581975
5.540583
5.162327
4.759087
4.536509
4.343423
4.114008
3.902085
3.633988
3.346340
3.078933
2.805028
2.433721
2.020069
1.604051
1.156869
0.733297
0.304918
-0.156759
-0.632357
-0.929426
-1.160581
-1.098176
-0.861070
-2.568721
-1.462431
-2.027201
-2.190282
-2.451005
-2.741985
-3.016713
-3.309045
-3.549953
-3.775509
-4.021375
-4.263244
-4.493237
-4.718454
-4.940206
-5.156988
-5.401670
-5.655528
-5.729901
-5.735156
-6.922601
-6.628286
-7.271977
-7.745596
-8.177309
-8.610819
-9.091504
-9.588666
-9.517097
-9.216252
-8.957360
-8.548655
-8.307601
-8.072122
-7.674664
-7.228650
-7.012726
-6.854797
-6.635397
-6.441382
-6.097034
-5.694106
-5.323450
-4.923156
-4.474686
-3.995245
-3.487458
-2.947994
-2.402057
-1.835520
-1.236246
-0.612705
-0.250453
0.015459
0.318019
0.563358
0.901908
1.257183
1.549499
1.832733
2.093250
2.333178
1.730462
0.757148
4.591469
0.897112
1.963912
2.037610
2.475000
3.105916
3.761451
4.556662
5.152824
5.732352
6.465246
7.234524
7.455580
7.476660
7.560260
7.518699
7.719443
7.971255
8.083554
8.186080
8.291121
8.377880
8.453305
8.515606
9.808010
11.616470
10.894543
9.468029
9.910007
10.548903
10.299917
9.963271
10.275149
10.727876
8.486375
10.169172
9.515562
9.421505
9.332069
9.259414
8.834832
8.268859
9.367903
7.934713
8.163022
8.087963
7.985930
7.906194
7.699498
7.446372
7.818905
8.422451
5.367662
7.601896
6.631514
6.388705
6.122014
6.492260
6.624084
6.950408
4.448031
0.807948
6.143837
3.740610
3.945790
2.584648
1.883390
1.691377
1.390898
1.352780
1.271449
1.283191
1.156444
1.009811
0.965151
0.939898
0.529365
-0.025210
-0.542276
-1.151678
-1.848148
-2.620963
-3.044240
-3.363785
-3.883256
-4.402171
-4.802309
-5.172818
-5.745928
-6.378784
-6.971288
-7.596074
-7.400977
-6.867878
-7.309408
-7.920432
-7.856786
-7.688700
-7.732903
-7.747051
-7.619053
-7.438967
-7.235586
-6.982832
-8.077976
-9.721045
-8.636313
-6.790401
-7.246933
-8.037603
-7.822455
-7.579720
-8.886381
-10.732872
-6.850599
-9.218282
-8.581071
-8.987485
-8.954346
-8.905048
-8.964066
-9.015057
-9.041158
-9.064375
-9.030428
-8.968172
-8.905197
-8.822598
-8.743643
-8.656967
-8.307527
-7.843050
-9.262805
-11.402565
-2.563555
-10.265022
-7.956410
-7.977090
-7.180032
-7.607789
-7.284398
-7.128769
-6.963728
-6.793758
-6.613987
-6.426739
-6.234738
-6.036173
-5.822282
-5.598291
-5.368128
-5.128984
-4.885945
-4.636388
-4.377651
-4.111542
-3.888123
-3.678441
-3.459214
-3.246883
-2.936225
-2.585949
-2.888660
-3.440238
0.444503
6.031119
-17.329359
3.017592
-0.580232
3.050202
-0.341677
-5.869770
-0.431227
7.928942
1.324147
-1.530645
-0.587934
2.143274
2.058150
2.014912
2.369824
2.615556
2.865101
3.107265
3.448225
3.828167
4.196240
4.587991
4.496895
4.210188
4.964968
6.020104
5.971121
5.703372
5.802424
5.838117
6.830633
8.239425
5.538036
1.384168
9.355382
4.559468
7.882542
8.146147
8.409739
8.099333
8.081636
7.919500
8.166831
8.551699
8.771720
9.029409
9.209978
9.357929
9.577882
9.805021
9.798443
9.703412
11.002735
10.184281
10.478905
10.402369
10.333111
10.210882
10.175530
10.153091
10.072130
9.981520
9.696851
9.318892
8.938846
8.493645
10.066308
12.466813
10.874058
8.183789
8.286059
8.639392
7.917859
7.152325
6.469616
8.070875
8.305471
9.037624
8.838377
8.331268
8.104768
7.754773
7.790511
7.962220
7.991688
8.065197
7.198481
5.937279
4.947894
3.789746
3.277394
5.076027
5.528222
6.558853
6.259694
5.523201
5.201210
4.709837
4.770091
5.029578
5.093237
5.225345
5.004671
4.645230
4.370301
4.028946
3.397841
2.621268
4.627243
7.718336
-5.784528
6.152801
2.533898
2.460350
1.927829
1.214176
1.294730
1.579736
1.155795
0.610105
1.208105
2.160618
-2.226756
1.398659
0.138956
-0.009888
-0.189117
-0.377994
-0.560895
-0.748991
-0.922115
-1.090671
-1.265203
-1.438552
-1.605066
-1.768749
-1.931550
-2.091925
-2.253445
-2.414222
-2.581613
-2.751590
-2.929026
-3.214084
-3.340172
-3.449843
-4.350064
-5.562135
-2.045569
-5.711789
-4.871275
-4.978396
-5.097077
-5.187534
-5.334924
-5.494536
-5.489014
-5.424983
-6.200266
-5.796147
-6.113267
-6.273464
-6.406057
-6.529740
-6.662980
-6.793189
-6.927292
-7.062644
-7.194766
-7.326510
-7.414220
-7.482674
-7.552611
-7.609492
-7.997774
-8.521105
-9.016644
-9.598736
-8.173978
-5.932926
-7.547290
-10.207091
-9.707219
-8.761068
-9.063995
-9.354692
-9.446650
-9.580579
-9.720344
-9.861216
-9.991704
-10.118910
-10.247757
-10.374663
-10.506889
-10.640643
-10.772174
-10.904037
-10.343639
-9.488608
-8.663751
-7.640361
-8.176567
-9.286537
-9.956202
-10.872538
-5.459767
5.955827
-6.097369
-13.155179
-12.393714
-8.449361
-9.954051
-11.457772
-11.112408
-10.556805
-10.123228
-9.447252
-9.208909
-9.056108
-8.601747
-8.105499
-7.914213
-10.469285
0.683526
-6.830100
-6.760674
-9.400864
-8.205842
-5.845746
-6.306479
-7.015388
-7.869180
-6.600298
-7.130519
-7.446881
-7.687422
-7.985991
-7.610620
-6.967655
-6.413213
-5.699675
-5.181311
-4.680813
-4.007912
-3.290693
-3.300046
-3.579530
-3.780440
-4.151440
-4.321073
-4.476410
-4.815878
-5.205671
-3.376896
-0.647208
-3.006008
-6.872842
-4.023126
0.438962
-1.467482
-4.616929
-3.728265
-2.378243
-1.922900
-1.204449
-3.805428
-0.902027
-2.016263
-2.612058
0.570254
-1.998145
-1.045552
-0.889586
-0.722724
-0.551700
-0.383663
-0.213793
0.022848
0.288442
0.553031
0.837830
1.107262
1.379519
1.673351
1.976061
2.235150
2.482121
2.134724
1.524128
5.760940
11.874036
-9.390266
10.767745
4.344063
3.122016
3.892800
5.134363
4.812168
4.256231
4.270891
4.253219
4.261885
4.327027
4.362098
4.413628
4.391950
4.343652
4.315309
4.275230
4.337679
4.440367
4.526645
4.635654
4.714772
4.790088
4.890091
4.995652
6.198185
7.872694
7.922032
7.617195
14.646403
6.769268
7.912367
6.684837
7.165113
8.216294
8.769149
9.558338
9.651044
9.505380
9.630433
9.685222
9.908831
10.200012
10.413331
10.643061
10.790058
10.901298
11.142615
11.413762
11.480328
11.487597
11.535600
11.551486
11.591147
11.630186
11.635277
11.628150
11.665025
11.711303
11.742766
11.776990
11.778808
11.766564
11.758457
11.742090
11.596223
11.391820
12.089517
13.129912
8.813719
12.582285
11.372244
11.265241
11.681823
12.310905
12.025632
13.172976
12.683875
12.072994
11.599122
10.953197
11.043970
11.382087
11.324008
11.291267
12.074451
11.081568
11.226297
11.109187
11.031366
10.968022
10.875247
10.780894
10.666931
10.570040
10.456048
10.340704
10.353055
10.417294
10.471252
10.558672
10.609972
10.660494
10.747131
10.844946
10.887884
10.916535
10.959410
10.995831
11.066968
11.151359
11.165678
11.160067
11.489705
11.945231
9.611731
11.477378
10.789361
10.687214
10.545562
10.391241
10.302347
10.231173
10.011113
9.742934
10.454189
11.543875
6.650827
10.811487
9.444016
9.333521
9.215451
9.097822
8.973214
8.845041
8.717567
8.587979
8.454934
8.319502
8.224950
8.146307
7.737003
7.198788
8.597067
7.062068
6.956786
6.290324
7.840768
10.222915
-0.408256
8.654726
5.641573
5.341029
5.752511
6.459389
7.124380
7.985372
7.337667
6.135429
5.200800
3.960421
4.007452
4.487332
4.597327
4.889099
4.661662
4.259320
4.064594
3.821267
3.644255
3.494670
3.285283
3.070325
3.009374
3.005009
2.620052
2.822633
2.159589
1.363252
1.612395
2.152264
1.815722
1.353213
0.727278
-0.120025
2.532609
0.852236
1.921997
2.502033
-0.144693
-4.102680
-1.851057
2.086584
0.902180
-1.014019
-0.914714
-0.843116
-1.080113
-1.247980
-1.415206
-1.582441
-1.749498
-1.916414
-2.083343
-2.250192
-2.416900
-2.583513
-2.750049
-2.916493
-3.079830
-3.241794
-3.403796
-3.564842
-3.702300
-3.829278
-3.956282
-4.075890
-4.357852
-4.705431
-5.023123
-5.376039
-4.950647
-4.207429
-4.925466
-7.333550
-5.743296
-3.398470
-4.422881
-6.103908
-5.029840
-3.447953
-6.572254
-11.169318
7.223873
-8.572882
-5.746243
-4.303000
-4.301179
-4.663618
-4.541743
-4.537123
-5.176886
-6.094497
-6.982919
-8.057357
-9.294385
-10.684672
-12.260276
-14.003768
-12.249391
-9.104979
-10.225327
-12.138541
-9.111256
-4.804944
-5.397350
-6.951631
-6.550214
-6.286122
-7.140986
-8.329228
-8.698697
-8.994492
-9.679584
-10.409096
-10.478584
-10.329271
-10.257493
-10.046282
-10.154326
-10.341081
-10.370352
-10.403305
-10.351635
-10.249008
-10.152589
-10.025972
-9.906937
-9.777634
-9.616793
-9.438524
-9.088903
-8.654865
-8.209924
-7.702640
-8.637114
-10.154682
-8.542755
-6.025147
-8.239651
-7.801670
-8.345011
-8.563993
-8.542276
-8.370054
-10.423715
-13.328466
-3.604288
-12.714720
-10.320057
-10.518886
-10.814817
-11.149143
-11.463666
-11.798037
-11.746615
-11.538243
-11.493284
-11.403457
-11.032366
-11.949462
-11.168098
-10.237922
-14.432178
-10.616262
-10.950933
-9.840617
-16.298516
-9.662429
-7.937472
-2.967564
-21.878686
-13.872866
-14.961469
-9.834836
-10.140340
-10.807665
-11.813185
-13.707366
-13.257720
-12.263032
-13.368745
-12.795320
-13.115286
-13.250931
-13.376271
-13.505451
-13.508455
-13.458480
-13.417839
-13.342982
-12.860735
-12.190100
-11.501685
-10.674284
-12.653360
-15.759570
-13.275825
-9.238937
-11.912554
-11.345872
-11.460909
-11.058140
-10.979340
-10.867923
-10.631486
-10.360873
-10.901492
-11.758033
-7.703446
-11.094087
-9.880793
-9.677434
-9.176394
-8.534451
-10.209718
-12.773401
-1.788054
-11.260613
-8.486094
-8.652626
-8.802860
-9.027539
-9.513354
-10.143443
-8.275407
-5.439685
-17.613647
-6.822472
-10.090232
-10.167626
-10.331283
-10.525289
-10.693619
-10.874380
-10.780953
-10.573965
-10.391464
-10.137132
-9.953249
-9.768273
-9.506097
-9.218021
-9.059107
-8.934840
-8.777579
-8.636191
-8.415830
-8.165810
-7.935365
-7.690989
-7.604123
-7.579821
-7.534463
-7.526141
-7.472416
-7.414498
-7.396710
-7.389225
-7.295545
-7.174265
-7.067686
-6.945302
-6.865617
-6.798250
-6.712798
-6.629945
-6.489586
-6.324062
-6.163563
-5.987321
-5.822015
-5.654518
-5.470292
-5.279079
-5.117835
-4.964297
-4.802102
-4.643007
-4.465025
-4.279542
-4.098015
-3.912657
-3.885180
-3.923504
-3.951087
-4.021652
-4.051516
-4.083068
-4.160783
-4.254621
-4.281892
-4.293282
-4.035062
-3.647634
-5.530151
-8.289427
2.018464
-7.472024
-4.377119
-3.821274
-4.331377
-3.183645
-3.081644
-2.760587
-2.351354
-1.912681
-1.607848
-1.336829
-1.028865
-0.735198
-0.354783
0.059755
0.456046
0.869748
0.961956
0.923595
0.931592
0.864085
0.773115
0.641688
1.082518
0.498099
0.677865
0.762939
0.812996
0.884698
0.867449
0.818786
0.796087
0.760296
0.861481
1.017564
1.154394
1.323262
1.454423
1.582514
1.745242
1.917278
2.010750
2.078823
2.160193
2.226999
2.332059
2.447981
2.547282
2.648653
2.598420
2.482889
3.255551
4.359483
0.267322
4.037830
2.986151
3.016985
3.010372
2.984487
2.955226
2.911532
3.321638
3.917714
4.436274
5.057052
3.254754
-0.126955
2.428817
5.688712
5.035059
3.674879
4.022657
4.351674
4.376562
4.444108
4.518919
4.584608
4.670833
4.762290
4.843476
4.924919
4.983052
5.030300
5.078736
5.120109
5.164279
5.206454
5.241206
5.272161
5.314654
5.359491
5.399842
5.440603
5.472756
5.500962
5.529930
5.556460
5.602960
5.656894
5.707451
5.762170
5.809983
5.856450
5.907495
5.959127
5.999148
6.034987
6.071970
6.106251
6.145281
6.185185
6.222097
6.258649
6.335209
6.428306
7.134344
8.113173
5.043885
7.314181
6.273161
5.896734
7.269144
9.346483
11.153076
13.359990
-5.291099
13.712351
8.557334
8.559732
8.749403
8.877466
9.012441
9.141319
9.282537
9.426880
9.564433
9.701869
9.860822
10.028158
10.194390
10.366359
10.530950
10.694974
10.865245
11.037128
11.079850
11.069031
11.177185
11.297195
10.593765
9.558116
13.530464
9.860232
10.925315
10.954141
11.020280
11.118112
10.624155
9.897197
11.634947
9.625618
10.762732
11.743703
11.131062
10.100349
10.353457
10.788168
10.722085
10.663959
10.655621
10.619167
10.584824
10.543476
10.513482
10.485259
10.449313
10.412112
10.411561
10.425199
10.435898
10.455875
10.463455
10.469797
10.486256
10.505126
10.907323
11.474825
12.028377
12.694047
12.508375
12.011522
11.667326
11.152114
11.200737
11.425293
11.449722
11.531146
11.360950
11.089207
10.885723
10.637052
10.785339
11.088584
11.328480
11.656071
11.865461
12.058943
12.347797
12.657260
12.588559
12.378707
12.207253
11.945947
11.824502
11.724529
11.525819
11.309968
11.223210
11.172892
11.341678
11.634439
10.170891
8.041335
16.916424
9.222972
10.709853
9.503977
10.503741
12.152237
11.931145
11.452108
11.742756
12.042056
12.160179
12.286767
12.409837
12.516193
12.624621
12.725726
13.552408
16.937641
7.632444
15.595055
13.104151
12.913449
12.780287
12.642597
12.543615
12.465074
11.851548
12.259111
12.032833
11.958705
11.812732
11.640372
11.486891
11.321470
11.259677
11.238383
11.208162
11.204096
11.123262
11.107663
11.074815
11.057070
10.976413
10.874237
10.780688
10.674063
10.595475
10.523604
10.437056
10.350381
10.333870
10.345600
10.354055
10.381781
10.393134
10.406205
10.439904
10.481451
10.682526
10.957343
9.413118
7.146346
16.100849
10.205352
8.185240
11.504249
10.479720
10.519372
10.417168
10.293360
10.611337
11.092147
11.530418
12.073674
10.247699
7.458316
9.263762
12.321953
11.577918
10.289642
10.498621
10.687025
10.588513
10.516822
10.448100
10.362828
10.294064
10.224881
10.137879
10.044847
9.973495
9.906654
9.832494
9.759631
9.670462
9.574189
9.479902
9.381403
9.315120
9.260782
9.200711
9.147210
9.082532
9.015572
8.955848
8.896949
8.818696
8.733361
8.649772
8.561559
8.480998
8.401711
8.317321
8.232166
8.187498
8.159159
8.128242
8.108167
8.076016
8.043533
8.022775
8.005571
7.973041
7.936897
7.905187
7.872047
7.849504
7.831268
7.811131
7.793326
7.836460
7.906414
7.976140
8.064789
8.140281
8.219018
8.317910
8.425505
8.355135
8.215254
8.092216
7.924926
7.877404
7.861889
7.319207
6.579900
8.744542
6.676991
7.198541
7.145982
7.046631
6.932493
6.835395
6.733663
6.591055
6.430687
6.267419
6.090267
5.923807
5.755082
5.571500
5.381667
5.242970
5.121527
4.991291
4.870815
4.727576
4.578295
4.440027
4.301204
4.132062
3.950927
3.770611
3.581813
3.403166
3.224949
3.037521
2.847450
2.914887
3.089680
2.663452
2.059066
4.853793
2.390596
3.193271
3.281563
3.209039
3.079141
2.703217
2.178693
2.365099
2.758316
2.965101
3.264754
3.579410
3.924228
2.651415
0.706029
8.533230
0.915821
2.668025
2.204237
2.354323
2.719310
2.953963
3.298868
3.402557
3.441474
3.603885
3.762947
3.616506
3.351581
2.101115
0.343431
4.692338
0.171192
0.462333
-0.708912
1.802325
-0.738287
3.142320
1.464188
1.707267
0.842854
0.244023
-0.557354
-0.540509
-0.242306
-0.186940
-0.016411
-0.202580
-0.512269
-0.324297
-0.020225
-1.814815
-0.318788
-0.847234
-0.917286
-0.986449
-1.054796
-1.115898
-1.173441
-1.218417
-1.255613
-1.289607
-1.317263
-1.342432
-1.363234
-1.377556
-1.386810
-1.396740
-1.403896
-1.405726
-1.404062
-1.395512
-1.381830
-1.364786
-1.343177
-1.436500
-1.576231
-1.706255
-1.866066
-1.992695
-2.118137
-2.275767
-2.443023
-2.560393
-2.664457
-2.780891
-2.891071
-3.032113
-3.184665
-3.329511
-3.479740
-3.560251
-3.612803
-3.673872
-3.718081
-3.781939
-3.847157
-3.894143
-3.936090
-4.014713
-4.104649
-4.187643
-4.276867
-4.346957
-4.411091
-4.482444
-4.552052
-4.649542
-4.758841
-4.865189
-4.978768
-5.093713
-5.212315
-5.280305
-5.328617
-5.705053
-5.558580
-5.733085
-5.833868
-5.943272
-6.055784
-6.165869
-6.277291
-6.298505
-6.281704
-6.270158
-6.233480
-6.219206
-6.203243
-6.160341
-6.107559
-6.091481
-6.083537
-6.063569
-6.046183
-5.994235
-5.927519
-5.864869
-5.793370
-5.827603
-5.903109
-5.964926
-6.051457
-5.806089
-5.429631
-5.795997
-6.381858
-5.796556
-4.894442
-4.327222
-3.630023
-5.952531
-9.534468
-6.301526
3.297132
-13.448038
-2.625036
-6.117005
-5.570674
-5.876969
-6.169456
-6.240105
-6.300177
-5.933009
-5.355605
-6.101489
-7.266669
-6.530947
-6.870645
-6.886787
-7.067929
-7.141938
-7.213424
-7.286482
-7.347682
-7.429479
-7.514649
-7.586669
-7.656854
-7.761778
-7.879231
-7.993184
-8.115197
-8.223094
-8.328392
-8.442615
-8.557922
-8.615080
-8.648950
-8.686521
-8.708596
-8.748484
-8.789081
-8.812899
-8.831797
-8.872321
-8.917965
-8.957449
-8.999001
-9.025618
-9.046197
-9.069512
-9.089581
-9.142284
-9.207641
-9.268251
-9.336228
-9.394060
-9.450525
-9.515015
-9.581205
-9.629258
-9.671241
-9.715829
-9.756760
-9.806108
-9.857601
-9.904965
-9.952470
-9.981904
-10.003277
-10.025542
-10.042495
-9.852681
-9.572494
-10.560670
-12.024286
-6.294646
-12.055833
-10.078466
-9.943298
-9.971816
-10.113831
-10.090561
-10.067481
-10.076944
-10.082841
-10.086218
-10.090298
-10.090830
-10.089914
-10.089859
-10.089116
-10.082049
-10.072060
-10.061638
-10.048994
-10.037495
-10.025396
-10.082883
-10.169818
-9.735496
-9.100548
-11.713472
-9.420314
-10.124319
-10.148470
-10.181441
-10.216944
-10.239244
-10.258047
-10.280111
-10.300524
-10.329182
-10.360920
-10.503519
-10.695606
-10.040273
-9.059295
-13.140352
-9.498909
-10.545324
-10.503561
-8.688480
-9.494683
-10.674114
-13.052945
-11.544878
-8.984523
-9.621449
-10.714112
-10.623513
-10.581561
-10.269797
-9.740732
-12.584618
-10.352305
-11.217705
-11.379557
-11.575545
-11.784381
-11.887378
-11.954975
-12.040708
-12.106361
-12.220063
-12.346722
-12.450667
-12.556107
-12.623400
-12.672758
-12.891177
-13.169086
-12.174934
-10.685304
-16.686617
-11.338869
-13.094465
-13.347404
-13.586867
-13.868601
-14.101392
-14.331739
-14.662544
-15.029764
-14.631661
-13.935618
-15.739786
-13.719687
-14.095398
-13.963164
-13.735423
-13.482705
-13.370729
-13.296819
-13.190227
-13.102471
-12.945877
-12.765359
-12.607047
-12.439683
-12.376248
-12.355144
-12.320366
-12.310611
-13.435244
-15.052834
-15.145776
-14.941111
-13.692429
-11.698613
-13.674598
-16.879992
-15.416712
-12.963402
-13.139296
-13.475604
-12.718892
-25.859261
-14.944708
-11.334500
-11.567432
-14.311362
-13.262796
-12.184169
-12.446979
-12.864894
-12.087510
-13.084477
-14.369054
-16.480924
-15.697724
-14.100814
-13.684827
-13.083447
-11.565816
-9.696493
-10.675949
-12.605724
-14.041329
-16.013652
-15.576808
-14.314055
-13.692699
-12.702119
-12.760483
-13.160064
-12.509213
-12.889429
-12.696334
-12.631238
-12.629185
-12.653231
-12.609891
-12.556783
-12.534100
-12.512649
-12.471792
-12.426476
-12.071555
-11.580753
-12.959700
-11.553643
-11.860654
-11.789468
-11.592889
-11.347122
-12.139320
-11.367301
-11.540062
-11.491720
-11.457062
-11.424658
-11.372509
-11.314464
-11.259711
-11.201506
-11.154335
-11.110591
-11.062822
-11.016116
-11.000154
-10.997346
-10.994279
-11.000521
-10.985486
-10.965733
-11.060500
-11.199531
-10.714766
-11.158614
-11.038293
-11.047028
-11.064640
-11.086768
-11.109117
-11.134616
-11.144487
-11.149208
-11.157866
-11.164130
-11.177215
-11.192498
-11.205040
-11.218169
-11.242193
-11.270839
-11.299600
-11.331729
-11.360940
-11.390501
-11.423675
-11.458242
-11.443166
-11.408002
-11.376449
-11.331762
-11.301514
-11.271636
-11.227569
-11.179167
-11.150890
-11.127642
-11.098927
-11.072372
-11.032580
-10.987588
-10.945361
-10.900472
-10.851440
-10.799690
-10.745386
-10.688282
-10.584325
-10.458850
-10.685371
-11.046621
-9.224717
-10.515587
-10.588118
-11.369764
-7.950032
-10.876696
-9.916553
-9.831709
-9.953615
-10.162099
-10.359165
-10.613837
-10.815340
-11.020006
-11.286505
-11.575166
-11.455691
-11.179487
-10.944313
-10.609936
-10.414035
-10.234911
-9.947451
-9.636418
-9.668817
-9.824828
-9.940769
-10.133953
-10.189002
-10.217229
-10.331052
-10.454099
-10.434540
-10.367688
-10.317215
-10.236447
-10.292312
-10.393851
-9.990385
-9.407914
-11.577225
-9.554498
-10.094055
-10.050795
-10.221975
-10.482601
-10.190116
-9.726907
-10.222509
-10.987511
-11.530049
-12.205701
-9.991453
-6.586385
-8.712997
-12.329281
-11.291075
-9.556222
-9.116530
-8.408606
-7.665297
-10.652374
-8.689398
-6.364551
-6.938259
-8.051559
-8.212708
-8.528505
-8.788805
-8.997138
-9.360385
-9.759318
-9.710127
-9.503389
-9.354144
-9.108082
-9.050989
-9.035019
-8.911136
-8.780617
-8.776037
-8.810507
-8.831820
-8.879170
-8.857193
-8.816526
-8.805695
-8.791461
-8.733307
-8.658030
-8.581360
-8.491422
-8.417930
-8.345070
-8.257756
-8.166329
-8.115698
-8.078966
-8.036103
-8.001466
-7.948707
-7.891442
-7.843425
-7.795311
-7.807124
-7.845370
-7.881007
-7.934266
-8.032763
-8.158490
-8.346699
-8.579045
-8.627680
-8.625446
-12.841968
-14.866908
-5.704333
-15.027893
-7.057441
-0.971114
-2.132411
-5.429225
-6.097616
-7.415799
-7.433192
-6.923282
-7.121213
-7.235488
-7.167543
-7.057815
-6.874969
-6.622137
-6.548229
-6.509914
-6.390855
-6.273066
-6.228374
-6.206829
-6.182805
-6.176314
-6.128941
-6.072127
-6.035206
-5.997995
-5.996028
-6.011028
-6.024367
-6.048683
-5.992073
-5.905996
-5.834758
-5.747456
-5.941877
-6.250214
-5.657575
-4.764788
-4.876782
-5.180251
-6.369073
-8.130733
-2.208758
-7.301553
-5.678740
-5.546506
-5.559443
-5.621544
-5.626282
-5.645022
-5.541371
-5.386131
-5.250207
-5.085366
-4.932916
-4.774231
-4.585233
-4.381727
-4.576432
-4.930566
-5.252273
-5.677058
-5.397699
-4.863600
-5.590123
-6.659102
-6.362856
-5.779677
-5.619878
-5.361202
-5.152508
-4.963578
-4.673503
-4.354946
-4.464047
-4.731059
-4.949344
-5.266179
-3.947623
-1.974234
-3.006405
-4.837399
-4.288593
-3.419785
-3.504387
-3.592709
-3.520272
-3.482133
-3.462353
-3.449434
-3.390081
-3.316128
-3.251426
-3.178902
-3.129632
-3.087569
-3.036481
-2.987392
-2.900859
-2.798375
-2.699503
-2.590729
-2.486210
-2.379243
-2.261871
-2.139375
-2.178339
-2.282501
-1.528784
-0.457691
-4.189490
-0.282053
-1.359173
-1.485936
-1.409158
-1.328236
-1.357007
-1.408957
-1.420263
-1.436753
-1.524607
-1.640953
-1.375394
-0.968243
-2.594518
-1.160852
-1.623459
-1.674313
-1.720737
-1.773118
-1.750612
-1.698564
-1.655876
-1.595398
-1.557351
-1.521502
-1.466345
-1.406377
-1.385210
-1.376255
-1.360493
-1.351666
-1.323081
-1.288617
-1.262130
-1.234190
-1.358993
-1.548952
-1.730884
-1.956107
-2.145328
-2.338666
-2.578306
-2.835766
-2.477558
-1.870639
-1.309079
-0.585077
-0.041109
0.497574
1.211814
1.979213
1.325114
0.109674
-0.988054
-2.449270
-1.841081
-0.510237
0.356047
1.582436
1.554453
1.112296
1.147772
1.059568
1.055769
1.080503
3.396112
2.060507
1.915879
0.809579
-0.179003
-1.442037
-0.880249
0.341849
1.202099
2.411044
2.117193
1.308993
0.923669
0.318118
0.296000
0.463707
0.381646
0.344043
0.286366
0.214533
0.187603
0.171020
0.125820
0.078047
0.042576
0.008103
-0.061772
-0.144940
-0.225451
-0.314810
-0.400177
-0.487712
-0.513927
-0.514643
-0.758607
-0.298808
-0.234916
-0.035446
0.136719
0.318875
0.552111
0.808872
0.877926
0.883544
1.447146
2.198565
0.465460
-2.177705
9.028136
-0.589464
2.399027
2.459696
2.538637
2.588187
2.655796
2.719250
2.751647
2.770794
3.000793
3.311012
3.362511
3.363846
3.397734
3.394570
4.231044
3.690828
3.881233
3.826288
3.775834
3.689681
3.637723
3.584062
3.492008
3.386441
3.294109
3.197009
3.085045
2.965925
2.819302
2.656049
2.146743
1.479488
3.717950
7.082126
-4.929597
6.340184
3.339612
3.548923
3.839414
4.157561
2.963298
1.147064
-0.574686
-2.707845
-1.372630
1.255582
2.150450
3.280966
3.153882
2.418577
1.967655
1.219550
1.455213
2.000316
2.197627
2.496133
2.601766
2.635925
2.780389
2.917870
3.092468
3.291266
3.482114
3.684848
3.715706
3.678160
3.660266
3.600480
3.591164
3.585772
3.534994
3.472088
3.494864
3.543609
3.575744
3.622053
3.622485
3.608279
3.610593
3.608218
3.657897
3.729277
3.793691
3.870822
3.935899
4.001069
4.079868
4.163233
4.209679
4.244000
4.284748
4.318638
4.366681
4.418213
4.462087
4.505837
4.609953
4.738884
4.865023
5.007995
4.869095
4.617852
5.604997
7.036580
2.424446
6.024262
4.519066
4.049966
4.912860
6.287475
3.204809
7.041325
5.028504
3.297247
9.468860
8.859372
-2.378229
8.907982
5.719439
5.801483
5.854499
5.895082
5.955254
6.014861
6.074051
6.134873
6.195284
6.256241
6.315625
6.374552
6.434108
6.493552
6.642833
6.830355
7.013891
7.223164
6.726241
5.940472
5.175563
4.209394
7.573165
12.687208
9.529396
4.130629
5.457362
7.719734
7.306624
6.905716
7.318338
7.799529
8.237013
8.774175
6.992094
4.265263
6.018297
8.989196
8.249626
6.976340
7.159333
7.318961
7.255665
7.240771
7.222876
7.202780
7.155347
7.094932
7.033394
6.962401
6.956869
6.974640
6.979792
6.997426
6.469074
5.712918
7.145456
9.344711
6.442224
1.960012
5.783452
11.860423
7.893462
8.106432
7.571056
7.612487
7.516370
7.552783
7.464918
7.371714
7.172359
6.912177
6.644622
6.334185
6.390526
6.582053
6.472023
6.799583
6.782451
6.791781
6.874451
6.964228
6.934847
6.865860
6.809952
6.728430
6.704609
6.694722
6.655937
6.617496
6.616672
6.628954
6.336429
5.924335
7.825271
10.622087
-0.226879
9.665202
6.745839
6.649828
8.723094
7.572185
7.667516
7.011932
6.460708
5.733964
6.890544
8.777273
7.949502
6.508300
6.972980
7.673710
7.635689
7.595759
7.691513
7.765879
7.826549
7.885737
7.958863
8.035775
8.110442
8.187404
8.178727
8.134448
8.096220
8.034815
7.888400
7.695592
8.268502
9.136481
5.657127
9.700292
7.725811
9.117508
9.033429
9.261642
9.557353
9.871859
9.815164
9.616478
9.453790
9.200574
9.075417
8.966139
8.757913
8.528587
8.459971
8.439372
8.389214
8.365998
8.254115
8.114000
8.005363
7.887499
7.915061
8.003509
8.076388
8.186574
8.190389
8.164776
8.885051
9.897645
6.728065
8.131761
13.034498
8.042248
11.453096
9.399949
9.775469
9.513678
9.605548
9.806416
9.879848
9.987583
9.934346
9.815198
9.737487
9.629475
9.624949
9.654644
9.648840
9.654926
9.619899
9.569191
9.532282
9.489543
9.477359
9.476907
9.469211
9.467166
9.456385
9.443769
9.437321
9.431713
9.402085
9.363283
9.326435
9.283576
9.249191
9.215803
9.175842
9.134449
9.094967
9.054931
8.930943
8.771177
9.097122
8.684533
8.718379
8.647525
8.579213
8.510191
8.437993
8.364379
8.233397
8.077004
7.921595
7.748623
8.119004
8.712455
9.264306
9.960523
8.180379
5.409796
7.401396
10.692939
9.974748
8.663862
9.182722
9.777801
9.301659
11.652156
11.057170
10.420059
9.984379
9.302771
9.053825
8.895059
5.448019
10.141016
9.881361
10.980703
11.128288
10.983315
11.200859
11.334775
9.371472
6.515005
8.486098
11.870682
11.162052
9.885338
10.103305
10.257615
10.300635
10.424742
10.499630
10.579789
10.644015
10.698720
10.759177
10.815933
10.886965
10.962945
11.034524
11.108062
11.211231
11.327461
11.167767
10.899927
12.270118
11.167774
11.577697
11.645874
11.720674
11.798278
11.875775
11.955242
12.017629
12.073659
12.249851
12.472385
11.858740
12.234775
11.975677
11.821567
11.703285
11.582193
11.418097
11.238180
11.068385
10.890931
10.881012
10.939860
9.887103
8.411326
15.256925
9.566992
9.892923
7.785417
9.723119
12.878722
11.788861
9.891636
14.597053
11.431610
12.186180
11.619466
11.299196
10.879703
9.314494
7.241384
13.096660
6.630874
8.232425
8.332324
9.381725
10.985687
6.281045
10.661885
9.629513
9.883396
10.081692
10.285890
10.518289
10.759567
10.641099
10.376707
9.941684
9.327582
10.644974
12.682225
5.766038
12.269613
10.413442
10.340827
10.338585
10.316875
10.367278
10.446694
10.503408
10.571694
10.515257
10.408770
10.319459
10.200795
10.503552
10.973685
11.538064
12.265602
5.959152
12.077659
10.247969
10.114018
10.069414
10.015843
9.953905
9.893665
9.814479
9.727142
9.642313
9.552726
9.502247
9.466445
9.424051
9.389870
9.342484
9.292630
9.251796
9.212244
9.149741
9.079029
9.010705
8.937121
8.873031
8.810767
8.742667
8.673946
8.673743
8.701785
9.009768
9.457357
8.199975
9.479409
9.239438
9.361211
9.469209
9.579975
9.703212
9.831594
9.983473
10.149080
10.319100
10.499918
10.355502
10.078227
9.826188
9.488189
9.240555
8.993761
8.622828
8.209038
7.991694
7.824709
7.614434
10.114667
2.887731
8.506402
6.446055
6.107925
6.209062
6.491033
6.736221
7.097014
7.340829
7.585149
8.026737
8.540112
8.153957
7.439584
10.074513
7.669265
8.466841
8.619971
8.700503
8.787294
8.873297
8.954210
9.041060
9.127967
9.199062
9.264084
9.329895
9.391521
9.503716
9.635549
9.760878
9.897995
10.019150
10.138348
10.270388
10.405283
10.306935
10.112039
9.930259
9.684119
9.765622
9.957764
10.069260
10.232983
10.164298
10.012659
9.924463
9.799779
9.756279
9.736942
9.378942
8.896761
10.751340
13.506151
2.801374
12.459298
9.645632
9.642344
9.653711
9.667686
9.647775
9.616220
9.588941
9.554436
9.604729
9.688170
9.227909
8.560817
11.094497
8.887272
9.590859
9.650266
9.426685
9.089046
10.825353
13.360704
3.772246
12.482721
10.001287
10.049069
10.110343
10.177476
10.242952
10.311898
10.443580
10.603406
10.764105
10.945009
11.696216
12.699646
13.699408
14.876194
12.132667
7.803626
10.335301
14.628080
13.412171
11.404086
11.511075
11.563486
11.485471
11.550348
11.581159
11.650626
11.617883
11.556158
11.538583
11.515390
11.398928
11.244823
11.089275
10.905595
10.750601
10.594478
10.407987
10.211082
10.206963
10.276777
10.327258
10.424573
10.272853
10.035069
10.759400
11.826407
8.321763
11.352229
10.270793
10.018105
11.011860
12.488928
6.776921
11.808720
10.561923
10.299272
10.343004
10.313449
10.099844
9.806025
9.875309
10.042014
9.927722
9.777967
9.744061
9.713075
9.646796
9.579136
9.516941
9.452687
9.403273
9.359788
9.313574
9.270550
9.223637
9.176276
9.132361
9.089291
9.036077
8.979308
8.923877
8.866276
8.812969
8.760614
8.705838
8.650932
8.604476
8.561298
8.517602
8.476117
8.431731
8.387092
8.344862
8.303231
8.258759
8.213614
8.169230
8.124555
8.081859
8.039950
8.025397
8.023062
7.800977
7.494011
8.441064
7.491647
7.636047
7.489939
7.859540
8.428262
5.959194
8.092581
7.410450
7.365426
7.318114
7.270252
7.223597
7.176955
7.122243
7.064230
7.006589
6.946705
6.889155
6.831586
6.771597
6.710817
6.655056
6.600804
6.545497
6.490980
6.416732
6.334347
6.253622
6.167701
6.188364
6.252118
5.719396
4.964355
7.417150
11.067529
-3.248493
9.501850
5.700929
5.638698
5.576470
5.513641
5.451360
5.389031
5.326054
5.262838
5.295686
5.369228
5.498444
5.680590
5.377469
4.898568
7.163094
5.335300
5.981550
6.053284
6.138239
6.221569
6.171900
6.066279
7.195388
8.809570
3.097794
8.370534
6.922108
6.985594
7.067309
7.153582
7.229737
7.305652
7.412272
7.530772
7.647621
7.772585
7.886828
8.000137
8.122296
8.246648
8.554502
8.942399
9.363431
9.855503
9.990146
10.009503
12.381778
12.360377
9.570349
10.816522
9.742982
9.280661
8.630110
7.940259
7.199178
6.397952
6.456000
6.846057
7.136397
7.630880
7.788753
7.888505
8.213300
8.570970
8.454530
8.175593
7.952918
7.627831
7.752626
8.026811
7.583051
6.951451
7.260381
7.805457
8.109830
8.522037
7.346570
5.520596
10.227708
17.241676
6.913411
-9.021118
5.429609
13.623137
11.817280
6.041981
6.911060
7.688341
7.424800
7.378944
7.335741
7.285464
7.242727
7.200165
7.190635
7.196042
6.902110
6.491308
7.914560
6.562119
7.012910
7.124451
6.380499
5.304502
9.259729
5.584643
6.573857
6.504805
6.438220
6.370667
6.268800
6.152139
6.267446
6.470887
5.320726
6.212617
5.850750
5.769014
5.686411
5.601954
5.538940
5.484090
5.426387
5.373567
5.313540
5.252432
5.196667
5.141905
5.046742
4.935424
4.826930
4.707789
4.601000
4.494778
4.377023
4.255936
4.239031
4.263673
4.187476
4.098874
4.691472
5.557428
2.259523
5.309465
4.438774
4.433642
4.439148
4.439640
4.466979
4.504517
4.535791
4.572022
4.577470
4.571478
4.571896
4.566421
4.571187
4.578227
4.578777
4.578715
4.662053
4.779904
4.893474
5.030228
5.144223
5.258945
5.398613
5.546826
5.215237
4.686139
4.186773
3.556695
3.783067
4.315750
4.676435
5.198167
4.985555
4.517737
4.553787
4.606881
4.708610
4.892376
5.095690
5.350916
4.815767
3.970712
3.135605
2.075813
5.523736
10.785443
5.053417
2.628756
3.119474
5.236432
4.934244
4.673503
4.765521
4.770898
4.784744
4.798946
4.826849
4.861645
4.896287
4.935543
4.977201
5.022026
5.071524
5.124749
5.166070
5.204566
5.247470
5.289666
5.335910
5.384011
5.189315
4.892610
5.585701
6.626436
6.087571
5.144310
5.328027
5.634503
6.282615
5.674414
5.921304
5.979483
5.884907
5.727446
6.742935
8.211868
2.668735
7.524836
6.726788
7.653632
3.769685
7.142704
6.083407
6.029470
5.950610
5.862936
5.807680
5.759448
5.700495
5.643706
5.563244
5.472589
5.385108
5.291694
5.236718
5.195653
5.146815
5.105258
5.049754
4.990904
4.940132
4.889752
4.814637
4.730037
4.646973
4.557500
4.476829
4.397063
4.310293
4.221900
4.049236
3.839212
4.633807
5.829435
1.080337
5.294959
4.037799
4.023446
3.990378
3.952340
4.187663
4.534990
2.726978
0.083309
10.361778
2.572663
1.435990
4.642665
3.635058
3.574059
3.520433
3.467289
3.407243
3.345268
3.297103
3.253180
3.206609
3.162361
3.110866
3.057097
3.006024
2.954265
2.940140
2.941993
2.941535
2.951565
2.952636
2.954566
2.967721
2.985106
2.986588
2.984474
2.987515
2.989379
3.002465
3.020320
3.036516
3.055428
3.061785
3.063897
3.069350
3.072906
3.155824
3.271974
2.815366
2.139028
4.793925
2.365650
3.042456
3.011166
2.985444
2.959063
2.925432
2.888995
2.987690
3.141801
3.287124
3.468987
3.613253
3.757714
3.941550
4.138250
4.166541
4.133371
4.121092
4.071068
4.085863
4.112763
4.097962
4.077954
4.053447
4.020170
3.981365
3.935622
2.593353
0.695579
-1.153519
-3.379512
-2.732662
-1.034888
0.149258
1.911536
2.637159
3.138221
4.278363
5.475428
5.325659
4.697163
4.190742
3.369309
3.347817
3.532006
3.356585
3.209241
2.213773
0.832508
2.049723
4.101987
3.696854
2.912571
3.119310
3.309837
3.321404
3.354165
3.385738
3.407787
2.958702
2.304563
1.630533
0.802060
3.368602
7.305233
3.808765
0.739715
1.389046
3.033743
2.712599
2.415175
2.465923
2.467771
2.463538
2.470671
2.462517
2.452541
2.454941
2.460134
2.440809
2.413670
2.390578
2.362950
2.347629
2.335847
2.318871
2.302647
2.273888
2.239596
2.206582
2.170192
2.094515
2.000674
1.905042
1.795976
1.820551
1.895506
2.467841
3.289571
-1.290532
2.947869
1.599114
1.433511
2.042194
2.943154
0.419665
2.552481
3.484468
2.456065
3.083548
3.369786
3.585495
3.786624
4.012467
4.234525
4.509551
4.807958
5.105324
5.418812
5.328615
5.074095
5.074078
4.639012
4.491273
4.288871
3.983932
3.640171
3.616934
3.701030
3.730304
3.820491
2.818153
1.373689
1.758704
2.599285
2.668265
2.816138
3.483405
4.326940
2.554158
-0.194260
1.833682
5.159714
4.498103
3.253829
3.563188
3.838322
3.697542
3.528267
3.353841
3.119829
4.204999
5.823008
4.474170
2.252329
2.380907
2.786323
4.188072
2.500869
2.178860
1.095714
1.537238
2.415386
1.939583
1.253732
1.090354
0.907486
0.849609
0.891106
0.911191
0.981969
0.894128
0.760282
1.768617
3.224591
-1.870857
2.672649
1.327190
1.299209
1.348678
1.424912
1.476175
1.537556
1.504956
1.434465
1.378302
1.300527
1.247534
1.196476
1.122092
1.041313
1.052554
1.097484
0.834392
0.465770
1.829022
0.527302
0.862694
0.829219
0.818367
0.817636
0.814503
0.817486
0.816974
0.817587
0.858426
0.916538
0.701800
0.383319
1.594003
0.496713
0.818446
0.824345
0.828284
0.833643
0.836737
0.839325
0.843466
0.847791
0.853411
0.859834
0.854994
0.845875
0.945531
1.088273
0.715193
1.127935
0.925383
0.774651
0.574482
0.312408
1.417951
3.071166
-0.252557
0.004631
2.170953
-2.657098
5.459624
-1.115475
0.789047
0.787555
0.652526
-0.217882
2.130395
0.026966
0.600612
0.568043
0.535981
0.503527
0.469324
0.434246
0.508395
0.628426
0.654593
0.673888
0.689393
0.690126
-2.001618
1.683106
0.617410
0.233418
0.266847
0.294325
0.351454
0.462611
0.569646
0.703385
0.862706
1.044989
0.879582
0.579704
2.457758
0.983470
1.568834
1.690241
1.800011
1.905509
2.306573
2.830164
1.347772
2.411522
1.872331
1.631837
1.458967
1.285108
1.015972
0.712993
0.690115
0.760471
-0.211756
0.357368
-0.080793
-0.335652
-0.576229
-0.831491
-0.825412
-0.713502
-0.625212
-0.469706
-0.408116
-0.357490
-0.111908
-0.031978
0.036984
0.044294
0.079611
0.096793
0.185905
0.300089
0.532467
0.834502
-0.106623
-1.531552
3.379773
-1.304646
-0.100518
-0.216581
-0.378737
-0.555631
-0.627394
-0.666211
-0.725183
-0.766159
-0.847829
-0.940515
-1.012979
-1.086309
