-0.301029
-0.157151
-0.020023
0.151783
0.291424
0.432913
0.611634
0.803656
0.438759
-0.152930
-0.706541
-1.409200
-1.230692
-0.743064
-0.447415
0.004711
0.342613
0.684912
1.192591
1.760604
0.964613
-0.365972
-1.573976
-3.124775
-2.649824
-1.460582
-0.712557
0.396963
0.729630
0.854428
1.383424
1.904735
1.179545
-0.036830
-1.204204
-2.712895
-2.459551
-1.611223
-1.191798
-0.489472
0.102539
0.734767
1.661193
2.719965
2.328572
1.413308
0.699907
-0.326650
-0.846727
-1.276673
-2.051023
-2.876047
-2.486543
-1.640475
-0.901967
0.133332
0.687962
1.165761
1.970658
2.827832
2.576011
1.911451
1.351421
0.525022
-0.239442
-1.091309
-2.220752
-3.502703
-3.106283
-2.096581
-1.319320
-0.175849
0.557352
1.262982
2.363545
3.575786
3.606323
3.228202
3.019776
2.566923
1.662682
0.469803
-0.955289
-2.662244
-2.913008
-2.700840
-2.845078
-2.769835
-2.533286
-2.162989
-1.575279
-0.815303
0.004601
0.953752
2.080371
3.349415
3.361477
2.924232
2.690028
2.198563
1.290407
0.105894
-1.325346
-3.035196
-3.491079
-3.570089
-3.993534
-4.254145
-3.913304
-3.276712
-2.500229
-1.461943
-0.572369
0.391425
1.633754
3.013631
3.477384
3.645278
3.997272
4.191950
3.928408
3.415668
2.761299
1.881368
1.020048
0.045948
-1.163574
-2.524146
-3.002781
-3.201867
-3.597213
-3.851678
-3.773932
-3.509593
-3.115303
-2.543101
-2.146610
-1.727752
-0.580345
0.868932
-0.617923
2.848253
3.472607
4.897925
4.857271
4.267272
3.884811
3.177996
2.984032
2.878265
2.416273
1.898343
0.954591
-0.234282
-1.465530
-2.874766
-3.537525
-3.970556
-4.620355
-5.175690
-5.172981
-4.911512
-4.578041
-4.033584
-3.600939
-3.109375
-2.394011
-1.567651
-0.635476
0.417435
1.582463
2.862979
3.467089
3.849381
4.381278
4.801260
4.831573
4.659479
4.389525
3.941819
3.528419
3.035957
2.357235
1.565843
0.789784
-0.052272
-1.013102
-2.053773
-2.655773
-3.121111
-3.688957
-4.189926
-4.422087
-4.519385
-4.559861
-4.484497
-4.442305
-4.353927
-4.143753
-3.863625
-3.299506
-2.568871
-1.777098
-0.851208
0.108365
1.151591
2.332686
3.615211
3.984715
4.027862
4.216467
4.217351
4.576667
5.015929
5.246569
5.463857
5.241939
4.804793
4.371106
3.791524
3.242981
2.639643
1.883969
1.041085
0.168210
-0.774426
-1.807256
-2.914329
-3.527591
-3.975080
-4.521432
-4.979876
-5.247595
-5.403436
-5.477286
-5.443626
-5.403315
-5.301111
-5.087250
-4.796173
-4.445783
-4.022148
-3.520251
-2.944448
-2.276700
-1.526910
-0.703958
0.198306
0.777708
1.264645
1.848187
2.395316
3.117433
3.907174
4.652444
5.429011
5.662657
5.675249
5.743293
5.673854
5.752116
5.834670
5.768978
5.657859
5.294092
4.785840
4.240277
3.584379
2.902301
2.153427
1.291170
0.346595
-0.217172
-0.669486
-1.224334
-1.730258
-2.440180
-3.224835
-3.950863
-4.708569
-5.044000
-5.208392
-5.423315
-5.534873
-5.760964
-5.992702
-6.112903
-6.200418
-5.988389
-5.621776
-5.838375
-6.198971
-2.970789
-5.101945
-3.830043
-3.241593
-2.709175
-2.160524
-1.542094
-0.892300
-0.140125
0.677698
1.524130
2.424339
2.876140
3.165375
3.529840
3.802652
4.243437
4.720710
5.096463
5.463905
5.659983
5.768502
5.874999
5.921458
5.971041
5.993605
5.953869
5.875294
5.699790
5.458246
5.180181
4.845365
4.478723
4.068078
3.599768
3.082931
2.554498
1.992286
1.379882
0.729064
0.018007
-0.741997
-1.539568
-2.382439
-2.822447
-3.116243
-3.474602
-3.749256
-4.175563
-4.634009
-4.999782
-5.357241
-5.591708
-5.760134
-5.924521
-6.043218
-6.155973
-6.244361
-6.285676
-6.294914
-6.219204
-6.087332
-5.925544
-5.715713
-5.482104
-5.212697
-4.894345
-4.535874
-4.168673
-3.773775
-3.337334
-2.869313
-2.350899
-1.791845
-1.201943
-0.574534
-0.046634
0.459768
1.009531
1.557133
2.173460
2.822610
3.466903
4.131788
4.567351
4.914474
5.292761
5.618582
6.017927
6.427271
6.779380
7.119607
7.213420
7.190757
7.165963
7.059588
6.984530
6.884341
6.698335
6.467353
6.323234
6.185912
5.997605
5.799987
5.513106
5.178481
4.837661
4.462380
4.118572
3.771351
3.387050
2.988705
2.548433
2.079814
1.598170
1.093260
0.522592
-0.088336
-0.720617
-1.387814
-2.064883
-2.764776
-3.500556
-4.263347
-4.594916
-4.759459
-4.902378
-4.912163
-5.588810
-6.484526
-4.173504
-6.513478
-6.189866
-6.572863
-6.919768
-7.300397
-7.574650
-7.815623
-8.095806
-8.365812
-8.308802
-8.112031
-7.919137
-7.627771
-7.417959
-7.197112
-6.870845
-6.503186
-6.233538
-5.975034
-5.668619
-5.357419
-4.951713
-4.498480
-4.043987
-3.556678
-3.211005
-2.910085
-2.569080
-2.246988
-1.859290
-1.448296
-1.059391
-0.662021
-0.158882
0.390889
0.944687
1.533251
2.097469
2.668047
3.275695
3.899518
4.231862
4.451689
4.701122
4.879560
5.155084
5.441783
5.651040
5.842863
6.162077
6.519126
6.852019
7.205854
7.489037
7.749414
8.034323
8.311501
8.346296
8.276934
8.210214
8.070144
7.988977
7.898781
7.730135
7.530115
7.403471
7.285039
7.130342
6.971832
6.742350
6.477042
6.210560
5.919274
5.654705
5.389757
5.097971
4.797418
4.466692
4.116178
3.757675
3.383304
2.959325
2.505955
2.038235
1.545384
1.047224
0.533508
-0.006108
-0.564596
-0.905821
-1.166187
-1.455662
-1.696626
-2.015846
-2.348714
-2.628222
-2.899707
-3.277479
-3.691066
-4.091342
-4.513992
-4.887226
-5.248509
-5.634977
-6.021329
-6.254056
-6.424028
-6.600703
-6.734556
-6.913149
-7.091422
-7.223490
-7.340485
-7.509467
-7.688613
-7.849548
-8.013002
-8.135733
-8.240389
-8.349263
-8.447150
-8.423496
-8.343424
-8.257253
-8.129178
-8.021511
-7.902245
-7.738674
-7.552977
-7.394503
-7.232553
-7.046172
-6.850650
-6.614345
-6.353817
-6.085390
-5.797933
-5.558810
-5.330498
-5.080339
-4.831070
-4.549789
-4.252992
-3.958321
-3.653893
-3.302504
-2.926786
-2.543010
-2.139432
-1.738703
-1.329055
-0.898720
-0.455706
-0.122351
0.172478
0.485325
0.776172
1.111783
1.458038
1.779733
2.100707
2.478655
2.877907
3.273759
3.684182
4.072702
4.458371
4.860040
5.264861
5.542137
5.768315
6.003383
6.204782
6.444903
6.686664
6.891973
7.086641
7.330803
7.587178
7.830113
8.078295
8.293468
8.495632
8.704543
8.906732
8.959591
8.946476
8.932895
8.872387
8.843803
8.806763
8.719765
8.610928
8.546062
8.484380
8.397798
8.306770
8.169464
8.007747
7.843225
7.661169
7.544241
7.446513
7.327804
7.216061
7.071179
6.913240
6.763774
6.608285
6.400746
6.169134
5.933599
5.679603
5.435117
5.185611
4.916554
4.637831
4.375120
4.112623
3.839275
3.563106
3.268065
2.962521
2.654785
2.339196
2.006516
1.662652
1.311379
0.949902
0.584520
0.211910
-0.171153
-0.562465
-0.851322
-1.101557
-1.364832
-1.604706
-1.880340
-2.161606
-2.417210
-2.668321
-2.968910
-3.285729
-3.595559
-3.915260
-4.210997
-4.500422
-4.801043
-5.100933
-5.337849
-5.548812
-5.761823
-5.956875
-6.169886
-6.382341
-6.575447
-6.761960
-6.968489
-7.178395
-7.380462
-7.582894
-7.768435
-7.946130
-8.124871
-8.298591
-8.401153
-8.471196
-8.539118
-8.583365
-8.640458
-8.691699
-8.717860
-8.731967
-8.764603
-8.796819
-8.815560
-8.830331
-8.821705
-8.799835
-8.774759
-8.739635
-8.719423
-8.700508
-8.670523
-8.638014
-8.591468
-8.536595
-8.479626
-8.416378
-8.332113
-8.235742
-8.133759
-8.021490
-7.907776
-7.788033
-7.657659
-7.519784
-7.366277
-7.201477
-7.029501
-6.847525
-6.659076
-6.462426
-6.255645
-6.040027
-5.820684
-5.594542
-5.359331
-5.116680
-4.863561
-4.601541
-4.332199
-4.054462
-3.802842
-3.557626
-3.302536
-3.049010
-2.779043
-2.501768
-2.226744
-1.947511
-1.646629
-1.334801
-1.019568
-0.695465
-0.373331
-0.047517
0.287590
0.628169
0.895707
1.135716
1.384610
1.616650
1.874353
2.136018
2.379200
2.619092
2.893179
3.178317
3.458428
3.745200
4.015009
4.280190
4.552956
4.824986
5.026045
5.197363
5.371038
5.524265
5.696297
5.866997
6.015737
6.156501
6.321107
6.489794
6.649023
6.808663
6.948394
7.078844
7.210505
7.336223
7.497875
7.672160
7.838754
8.011800
8.170906
8.326290
8.488893
8.651348
8.790445
8.920298
9.051062
9.175408
9.307456
9.439870
9.565315
9.688783
9.729726
9.733890
9.739510
9.719775
9.716091
9.707509
9.672000
9.624439
9.606402
9.592427
9.564488
9.535639
9.480168
9.411466
9.342856
9.265267
9.216707
9.176301
9.125347
9.076802
9.012794
8.942219
8.874719
8.803812
8.707529
8.599178
8.488419
8.368292
8.252042
8.132796
8.003668
7.869341
7.742430
7.615191
7.482174
7.347329
7.202814
7.052716
6.901098
6.745193
6.580402
6.409660
6.234851
6.054582
5.871976
5.685386
5.493212
5.296548
5.085676
4.866063
4.642370
4.411341
4.177848
3.939437
3.693505
3.441808
3.189533
2.933514
2.671492
2.405100
2.131154
1.851312
1.567223
1.277765
1.034339
0.807534
0.573151
0.348208
0.105768
-0.140496
-0.376295
-0.611286
-0.871280
-1.140426
-1.407574
-1.680809
-1.944063
-2.205712
-2.474075
-2.743487
-2.948177
-3.126530
-3.308812
-3.473570
-3.657035
-3.840664
-4.005377
-4.164100
-4.347373
-4.536281
-4.717778
-4.901363
-5.067654
-5.226780
-5.388753
-5.546748
-5.718336
-5.894145
-6.065273
-6.237827
-6.404200
-6.568117
-6.733739
-6.898280
-7.050665
-7.197553
-7.343860
-7.486057
-7.630698
-7.774393
-7.913723
-8.051010
-8.181916
-8.308687
-8.433585
-8.555073
-8.674870
-8.792151
-8.905960
-9.016933
-9.128029
-9.237480
-9.343964
-9.448427
-9.549145
-9.647008
-9.742918
-9.836263
-9.891792
-9.929823
-9.966813
-9.991156
-10.021665
-10.048762
-10.062493
-10.069590
-10.087270
-10.104930
-10.115160
-10.123339
-10.118680
-10.106810
-10.093312
-10.074383
-10.068583
-10.065652
-10.056519
-10.047483
-10.029661
-10.007490
-9.985747
-9.961219
-9.923396
-9.878656
-9.831609
-9.778931
-9.726984
-9.672466
-9.612069
-9.548043
-9.482102
-9.413023
-9.340224
-9.264168
-9.183389
-9.098680
-9.010774
-8.919167
-8.823797
-8.724752
-8.622012
-8.515580
-8.405612
-8.292019
-8.174727
-8.053787
-7.926767
-7.795059
-7.659809
-7.520210
-7.377538
-7.231146
-7.080357
-6.925628
-6.768181
-6.607264
-6.442352
-6.273827
-6.100928
-5.924051
-5.743591
-5.559279
-5.409755
-5.272850
-5.130428
-4.995257
-4.846943
-4.695851
-4.552787
-4.410445
-4.249623
-4.082127
-3.916238
-3.745950
-3.583243
-3.421870
-3.255627
-3.088741
-2.901513
-2.704811
-2.508281
-2.305231
-2.105040
-1.903029
-1.694146
-1.481789
-1.277177
-1.073504
-0.865847
-0.657755
-0.442443
-0.223434
-0.004254
0.217496
0.390640
0.544324
0.702766
0.848966
1.009423
1.170713
1.318755
1.463059
1.629772
1.802866
1.971019
2.142434
2.300902
2.454867
2.612726
2.768761
2.947653
3.135828
3.321160
3.512053
3.696860
3.881384
4.071904
4.264197
4.444059
4.620098
4.798556
4.974936
5.157808
5.342725
5.525229
5.708353
5.851437
5.977520
6.105951
6.223174
6.349962
6.475816
6.589674
6.699004
6.824971
6.954624
7.078776
7.204077
7.317464
7.425738
7.535672
7.642653
7.765516
7.893928
8.018614
8.145996
8.267250
8.386764
8.509305
8.631670
8.742932
8.849709
8.956805
9.060761
9.168155
9.275574
9.379596
9.482548
9.565771
9.639738
9.713422
9.780559
9.850448
9.918411
9.979476
10.036994
10.101006
10.165390
10.225767
10.285302
10.337844
10.386591
10.434736
10.480105
10.530697
10.582146
10.630493
10.678474
10.722396
10.764091
10.805558
10.845455
10.879066
10.909244
10.938065
10.964034
10.989981
11.014438
11.035933
11.055467
11.054341
11.043191
11.030878
11.011186
10.993767
10.973732
10.945952
10.913891
10.887146
10.859838
10.898634
10.965856
10.481219
9.782089
12.281635
9.939417
10.562639
10.517439
10.468296
10.418251
10.363097
10.304930
10.246018
10.184837
10.116236
10.043335
9.968398
9.889795
9.810631
9.729295
9.644171
9.556358
9.482308
9.412453
9.339192
9.267903
9.189605
9.108888
9.030489
8.951200
8.863271
8.771494
8.679187
8.583937
8.490644
8.396749
8.299718
8.201278
8.092205
7.977617
7.862003
7.742241
7.622787
7.501411
7.375720
7.247326
7.121393
6.994783
6.865234
6.734378
6.599079
6.460967
6.321670
6.180080
6.062383
5.953652
5.841507
5.734642
5.619467
5.502870
5.392068
5.282186
5.159887
5.033350
4.908345
4.780692
4.658663
4.537948
4.414261
4.290521
4.154016
4.011740
3.869936
3.724277
3.580767
3.436415
3.287982
3.137647
2.992715
2.848759
2.702567
2.556454
2.406009
2.253521
2.101283
1.947735
1.805547
1.667607
1.527822
1.390447
1.249159
1.107140
0.967768
0.828766
0.683322
0.535591
0.388541
0.240027
0.094221
-0.051047
-0.197941
-0.344989
-0.497636
-0.652908
-0.808111
-0.965108
-1.121381
-1.278181
-1.436868
-1.596527
-1.753952
-1.911081
-2.069329
-2.227677
-2.388052
-2.549455
-2.710884
-2.873021
-3.013491
-3.145077
-3.278329
-3.405833
-3.539264
-3.672700
-3.799944
-3.925182
-4.059717
-4.196612
-4.330981
-4.466367
-4.595743
-4.722771
-4.918841
-5.142551
-4.855541
-4.371485
-6.946983
-4.896489
-5.674426
-5.812026
-5.951934
-6.092255
-6.226660
-6.358986
-6.492013
-6.623737
-6.757980
-6.892758
-7.026084
-7.159311
-7.259780
-7.346111
-7.433739
-7.511825
-7.597323
-7.681641
-7.755771
-7.825799
-7.908345
-7.993217
-8.073221
-8.153569
-8.223948
-8.289732
-8.356263
-8.419903
-8.496524
-8.577394
-8.654717
-8.733897
-8.807433
-8.879062
-8.952827
-9.026011
-9.165264
-9.332584
-8.917513
-8.274784
-11.058222
-8.665070
-9.435521
-9.489053
-9.559200
-9.635451
-9.709591
-9.787451
-9.859052
-9.929509
-10.004072
-10.079183
-10.146652
-10.211562
-10.277402
-10.341628
-10.409461
-10.478171
-10.545063
-10.611975
-10.668333
-10.720019
-10.772165
-10.821199
-10.872262
-10.922780
-10.969993
-11.015759
-11.065948
-11.116991
-11.166319
-11.215787
-11.261823
-11.306283
-11.351021
-11.394775
-11.414973
-11.424717
-11.434460
-11.436810
-11.444030
-11.449858
-11.447823
-11.442305
-11.444024
-11.446359
-11.444714
-11.442430
-11.432743
-11.419185
-11.405253
-11.388564
-11.381603
-11.377450
-11.370020
-11.363542
-11.351998
-11.338397
-11.325974
-11.312552
-11.291124
-11.265946
-11.240088
-11.211336
-11.183940
-11.155693
-11.124386
-11.091523
-11.067046
-11.045085
-11.021126
-10.998383
-10.971218
-10.942531
-10.915277
-10.887452
-10.854664
-10.819647
-10.784264
-10.747155
-10.711145
-10.674754
-10.636527
-10.597457
-10.551391
-10.501759
-10.451540
-10.398660
-10.346130
-10.292439
-10.235973
-10.177820
-10.121370
-10.064559
-10.005906
-9.946480
-9.884217
-9.820190
-9.755471
-9.689330
-9.636177
-9.587810
-9.537406
-9.489753
-9.437405
-9.384132
-9.333894
-9.284017
-9.227120
-9.167726
-9.109033
-9.048724
-8.991373
-8.934596
-8.876026
-8.817275
-8.751432
-8.682297
-8.613266
-8.541986
-8.471714
-8.400830
-8.327574
-8.253128
-8.181475
-8.110202
-8.037557
-7.964804
-7.889538
-7.813008
-7.736461
-7.659049
-7.572707
-7.482159
-7.391099
-7.296905
-7.204056
-7.110258
-7.013153
-6.914338
-6.817503
-6.720360
-6.621335
-6.521575
-6.418729
-6.314025
-6.208678
-6.101860
-5.998306
-5.895384
-5.790793
-5.686134
-5.579106
-5.470860
-5.362633
-5.253592
-5.141107
-5.026777
-4.911754
-4.795206
-4.678734
-4.561506
-4.442692
-4.322856
-4.229709
-4.147272
-4.062614
-3.984856
-3.899186
-3.813148
-3.734576
-3.658170
-3.570426
-3.479664
-3.391692
-3.302293
-3.219933
-3.140195
-3.058698
-2.978426
-2.884732
-2.785714
-2.688529
-2.588208
-2.491766
-2.395697
-2.296231
-2.195904
-2.103004
-2.012503
-1.920763
-1.830407
-1.736416
-1.641395
-1.547953
-1.454316
-1.347176
-1.234365
-1.121948
-1.005610
-0.892839
-0.779790
-0.662532
-0.543732
-0.429348
-0.315675
-0.134110
0.075543
-0.218679
-0.706947
1.789901
-0.225428
0.513677
0.626414
0.740656
0.853678
0.969420
1.085907
1.201027
1.316203
1.435895
1.557389
1.678735
1.801341
1.922492
2.043598
2.166070
2.288949
2.386197
2.472876
2.561090
2.642291
2.730502
2.818571
2.899090
2.977072
3.065057
3.155309
3.242444
3.330375
3.480221
3.656454
3.303584
2.744504
5.315646
3.177654
3.921344
4.015876
4.106162
4.195578
4.287753
4.380245
4.465130
4.547219
4.629986
4.710925
4.794840
4.879235
4.961616
5.043681
5.137454
5.235846
5.333390
5.433978
5.530821
5.627407
5.727299
5.828080
5.924398
6.019585
6.115911
6.211719
6.310443
6.410285
6.509475
6.609219
6.702161
6.792400
6.883502
6.972984
7.064440
7.156069
7.245943
7.335360
7.428381
7.522535
7.616047
7.710199
7.802517
7.894287
7.986793
8.079161
8.151201
8.214604
8.278747
8.337005
8.400285
8.463022
8.519457
8.573487
8.634791
8.697397
8.757150
8.817069
8.871061
8.922307
8.973958
9.023867
9.083025
9.145345
9.205466
9.267113
9.325000
9.381768
9.440261
9.498564
9.550493
9.599804
9.649208
9.696749
9.746179
9.795550
9.842912
9.889592
9.944769
10.003030
10.060201
10.119254
10.174999
10.230102
10.287286
10.344706
10.398284
10.450559
10.503258
10.555121
10.608764
10.662817
10.715931
10.769025
10.816463
10.861386
10.906526
10.949980
10.994504
11.038718
11.081142
11.122772
11.166718
11.211088
11.254522
11.298002
11.339634
11.380401
11.421289
11.461626
11.490320
11.513814
11.537242
11.556972
11.579045
11.600375
11.617776
11.633405
11.652513
11.671857
11.689184
11.706132
11.719384
11.730673
11.741711
11.751332
11.765706
11.781410
11.795440
11.809885
11.821767
11.832577
11.843913
11.854699
11.861475
11.866343
11.870818
11.873807
11.877410
11.880536
11.882094
11.882827
11.887567
11.893459
11.898312
11.903686
11.906839
11.909182
11.912152
11.914774
11.914918
11.913910
11.912654
11.910491
11.908790
11.906835
11.903919
11.900523
11.893649
11.884969
11.875935
11.865536
11.855239
11.844309
11.831958
11.818716
11.806236
11.793511
11.779820
11.765684
11.750097
11.733583
11.716663
11.698981
11.687549
11.678377
11.668143
11.659179
11.647861
11.636024
11.625594
11.615270
11.601461
11.586369
11.571547
11.555870
11.541563
11.527465
11.512426
11.497229
11.478513
11.458126
11.437720
11.416150
11.395002
11.373485
11.350746
11.327359
11.305261
11.283278
11.260558
11.237716
11.213583
11.188765
11.163869
11.138483
11.108683
11.076766
11.044531
11.010702
10.977458
10.943683
10.908229
10.871873
10.836413
10.800732
10.764067
10.726975
10.688311
10.648674
10.608655
10.567851
10.528566
10.489519
10.449590
10.409559
10.368306
10.326391
10.284415
10.241975
10.197789
10.152636
10.107076
10.060706
10.014302
9.967462
9.919780
9.871532
9.828310
9.786872
9.744625
9.703402
9.660173
9.616485
9.573937
9.531446
9.486343
9.440277
9.394392
9.347855
9.302350
9.256998
9.210929
9.164735
9.115350
9.064473
9.013599
8.961689
8.910220
8.858453
8.805596
8.752181
8.699933
8.647806
8.595042
8.542189
8.488198
8.433615
8.378982
8.323929
8.265951
8.206526
8.146792
8.085940
8.025387
7.964405
7.902249
7.839424
7.777040
7.714406
7.651051
7.587318
7.522496
7.456956
7.391067
7.324578
7.259033
7.193571
7.127445
7.061175
6.994006
6.926317
6.858513
6.790321
6.720889
6.650736
6.580234
6.509114
6.437895
6.366306
6.294080
6.221399
6.156816
6.095399
6.033156
5.972903
5.910065
5.846973
5.786046
5.725647
5.661610
5.596502
5.532115
5.467147
5.404211
5.341944
5.278994
5.216283
5.149281
5.080494
5.012133
4.942662
4.874250
4.805812
4.736184
4.666149
4.598269
4.530989
4.463186
4.395670
4.326890
4.257651
4.188760
4.119667
4.046276
3.970998
3.895700
3.819054
3.743367
3.667453
3.590103
3.512137
3.435389
3.358720
3.281349
3.203846
3.125034
3.045529
2.965937
2.885845
2.807739
2.730234
2.652126
2.574252
2.495400
2.416178
2.337237
2.258138
2.177507
2.096180
2.014759
1.932808
1.851166
1.769396
1.687066
1.604470
1.534857
1.470585
1.405475
1.343884
1.278726
1.213610
1.152285
1.092217
1.026955
0.960473
0.895545
0.830156
0.768352
0.708021
0.647071
0.586929
0.520571
0.451881
0.384290
0.315416
0.248621
0.182225
0.114420
0.046423
-0.017795
-0.080645
-0.143868
-0.206209
-0.270072
-0.334208
-0.397369
-0.460403
-0.529646
-0.601368
-0.672684
-0.745647
-0.816691
-0.887648
-0.960388
-1.033644
-1.104579
-1.174957
-1.245982
-1.316775
-1.389154
-1.462167
-1.534878
-1.607925
-1.677462
-1.745633
-1.814300
-1.882166
-1.951109
-2.020186
-2.088393
-2.156405
-2.226350
-2.296933
-2.367226
-2.437899
-2.507659
-2.577177
-2.647127
-2.717050
-2.781938
-2.844716
-2.907688
-2.969220
-3.032078
-3.094847
-3.156070
-3.216733
-3.279154
-3.341898
-3.403974
-3.466103
-3.526814
-3.586875
-3.647047
-3.706812
-3.769062
-3.832191
-3.894791
-3.957842
-4.019940
-4.081788
-4.144138
-4.206485
-4.267216
-4.327310
-4.387474
-4.447198
-4.507462
-4.567756
-4.627573
-4.687257
-4.748819
-4.811067
-4.873094
-4.935547
-4.997277
-5.058875
-5.120944
-5.183076
-5.244397
-5.305452
-5.366610
-5.427602
-5.488991
-5.550481
-5.611782
-5.673093
-5.733142
-5.792637
-5.852196
-5.911388
-5.970838
-6.030233
-6.089239
-6.148080
-6.207455
-6.266940
-6.326228
-6.385541
-6.444452
-6.503182
-6.561954
-6.620616
-6.675567
-6.728893
-6.782266
-6.834504
-6.887551
-6.940416
-6.992071
-7.043211
-7.095565
-7.148067
-7.199973
-7.251824
-7.302533
-7.352666
-7.402786
-7.452510
-7.503794
-7.555555
-7.606838
-7.658308
-7.709022
-7.759451
-7.810102
-7.860632
-7.909942
-7.958700
-8.007388
-8.055660
-8.104181
-8.152606
-8.200587
-8.248361
-8.297571
-8.347247
-8.396643
-8.446291
-8.495261
-8.544032
-8.593090
-8.642105
-8.690347
-8.738270
-8.786184
-8.833863
-8.881776
-8.929677
-8.977325
-9.024884
-9.071346
-9.117274
-9.163154
-9.208649
-9.254249
-9.299709
-9.344763
-9.389591
-9.434747
-9.479894
-9.524788
-9.569606
-9.614007
-9.658169
-9.702267
-9.746182
-9.781840
-9.813892
-9.846109
-9.875833
-9.907367
-9.938520
-9.967016
-9.994394
-10.024604
-10.055214
-10.084524
-10.113768
-10.140472
-10.165927
-10.191412
-10.216056
-10.244096
-10.273189
-10.301266
-10.329763
-10.356655
-10.382952
-10.409746
-10.436304
-10.460224
-10.482963
-10.505575
-10.527300
-10.549591
-10.571694
-10.592854
-10.613584
-10.637812
-10.663226
-10.688038
-10.713520
-10.737465
-10.761006
-10.785302
-10.809567
-10.832040
-10.853815
-10.875641
-10.896973
-10.918938
-10.940947
-10.962416
-10.983744
-11.002554
-11.020170
-11.037744
-11.054472
-11.071515
-11.088291
-11.104179
-11.119598
-11.135860
-11.152168
-11.167945
-11.183608
-11.198357
-11.212607
-11.226773
-11.240572
-11.248820
-11.254524
-11.260088
-11.263813
-11.268514
-11.272754
-11.275047
-11.276399
-11.359897
-11.477700
-11.590972
-11.727091
-11.841815
-11.957662
-12.098045
-12.247129
-11.892062
-11.329155
-10.797188
-10.127603
-10.496291
-11.245548
-11.807828
-12.578832
-12.452194
-12.021623
-11.844335
-11.537339
-11.588047
-11.756994
-11.778262
-11.829980
-11.833840
-11.815969
-11.830508
-11.843585
-11.852386
-11.862114
-11.870772
-11.878956
-11.888047
-11.897188
-11.905791
-11.914285
-11.921790
-11.928767
-11.935669
-11.942187
-11.950089
-11.958392
-11.966238
-11.974223
-11.981488
-11.988463
-11.995611
-12.002620
-12.008508
-12.013871
-12.019141
-12.024007
-12.029065
-12.034007
-12.038522
-12.042820
-12.044739
-12.045500
-12.046135
-12.045923
-12.045956
-12.045681
-12.044518
-12.042858
-12.041845
-12.040781
-12.039169
-12.037367
-12.034673
-12.031453
-12.028072
-12.024281
-12.021047
-12.017841
-12.014186
-12.010412
-12.006068
-12.001379
-11.996587
-11.991529
-11.985641
-11.979264
-11.972646
-11.965609
-11.958493
-11.951121
-11.943316
-11.935199
-11.928094
-11.921226
-11.913989
-11.906813
-11.898967
-11.890825
-11.882773
-11.874550
-11.865542
-11.856131
-11.846576
-11.836688
-11.826855
-11.816875
-11.806547
-11.796007
-11.784491
-11.772424
-11.760178
-11.747493
-11.734740
-11.721735
-11.708278
-11.694502
-11.680834
-11.667015
-11.652859
-11.638499
-11.623678
-11.608529
-11.593187
-11.577562
-11.566657
-11.557608
-11.548059
-11.539667
-11.529805
-11.519805
-11.511063
-11.502636
-11.492016
-11.480745
-11.469904
-11.458709
-11.448721
-11.439126
-11.429115
-11.419240
-11.406987
-11.393742
-11.380735
-11.367114
-11.354072
-11.341013
-11.327294
-11.313348
-11.300610
-11.288210
-11.275517
-11.262985
-11.249749
-11.236256
-11.222959
-11.209551
-11.193411
-11.176077
-11.158748
-11.140572
-11.123012
-11.105318
-11.086721
-11.067742
-11.049570
-11.031466
-11.012926
-10.994316
-10.974880
-10.955013
-10.935107
-10.914896
-10.895939
-10.877367
-10.858425
-10.839639
-10.820250
-10.800637
-10.781209
-10.761691
-10.741219
-10.720318
-10.699366
-10.678091
-10.657019
-10.635875
-10.614388
-10.592743
-10.568574
-10.543220
-10.517809
-10.491551
-10.465652
-10.439504
-10.412463
-10.384964
-10.358241
-10.331538
-10.304320
-10.276975
-10.248740
-10.220013
-10.191188
-10.161997
-10.133529
-10.105186
-10.076432
-10.047638
-10.018295
-9.988655
-9.958995
-9.929129
-9.898425
-9.867265
-9.835929
-9.804215
-9.772504
-9.740600
-9.708303
-9.675749
-9.644335
-9.613244
-9.581834
-9.550561
-9.518651
-9.486499
-9.454514
-9.422420
-9.389571
-9.356368
-9.323085
-9.289523
-9.256090
-9.222573
-9.188760
-9.154795
-9.119867
-9.084425
-9.048866
-9.012915
-8.976965
-8.940820
-8.904267
-8.867450
-8.830820
-8.794103
-8.757100
-8.719954
-8.682392
-8.644554
-8.606585
-8.568387
-8.537915
-8.510610
-8.482733
-8.456915
-8.428969
-8.401020
-8.375291
-8.350279
-8.322017
-8.292943
-8.264770
-8.236256
-8.209875
-8.184336
-8.158360
-8.132818
-8.103684
-8.073178
-8.043274
-8.012602
-7.983079
-7.953748
-7.923578
-7.893262
-7.865099
-7.837693
-7.810038
-7.782860
-7.754771
-7.726491
-7.698742
-7.671033
-7.639254
-7.605818
-7.572604
-7.538276
-7.505133
-7.471996
-7.437658
-7.402936
-7.369692
-7.336770
-7.303378
-7.270094
-7.235729
-7.200904
-7.166233
-7.131298
-7.098552
-7.066630
-7.034342
-7.002515
-6.969956
-6.937262
-6.905075
-6.872963
-6.839567
-6.805714
-6.771997
-6.737988
-6.704515
-6.671146
-6.637454
-6.603729
-6.566115
-6.526796
-6.487609
-6.447268
-6.407742
-6.368036
-6.327101
-6.285645
-6.245677
-6.205969
-6.165648
-6.125345
-6.083820
-6.041718
-5.999683
-5.957277
-5.916284
-5.875724
-5.834721
-5.793881
-5.752369
-5.710601
-5.669028
-5.627347
-5.584523
-5.541182
-5.497780
-5.453989
-5.410433
-5.366787
-5.322728
-5.278476
-5.236299
-5.194870
-5.153149
-5.111873
-5.069789
-5.027539
-4.985782
-4.944073
-4.901366
-4.858309
-4.815348
-4.772157
-4.729401
-4.686733
-4.643810
-4.600866
-4.556581
-4.511689
-4.466831
-4.421561
-4.376518
-4.331383
-4.285812
-4.240036
-4.194789
-4.149625
-4.104222
-4.058813
-4.012951
-3.966869
-3.920797
-3.874579
-3.836658
-3.802200
-3.767233
-3.734550
-3.699720
-3.664993
-3.632719
-3.601310
-3.566535
-3.530993
-3.496511
-3.461764
-3.429387
-3.398006
-3.366258
-3.335070
-3.300207
-3.264005
-3.228539
-3.192369
-3.157508
-3.122951
-3.087616
-3.052231
-3.019216
-2.987104
-2.954832
-2.923165
-2.890642
-2.858022
-2.826064
-2.794252
-2.758161
-2.720388
-2.682955
-2.644427
-2.607272
-2.570225
-2.531986
-2.493436
-2.456581
-2.420176
-2.383366
-2.346774
-2.309118
-2.271070
-2.233289
-2.195326
-2.159812
-2.125285
-2.090464
-2.056240
-2.021331
-1.986378
-1.952071
-1.917945
-1.882541
-1.846747
-1.811201
-1.775443
-1.740359
-1.705490
-1.670373
-1.635323
-1.596355
-1.555726
-1.515331
-1.473844
-1.433295
-1.392657
-1.350850
-1.308602
-1.267994
-1.227754
-1.186979
-1.146322
-1.104500
-1.062181
-1.020031
-0.977596
-0.936711
-0.896369
-0.855667
-0.815231
-0.774202
-0.733008
-0.692111
-0.651200
-0.609210
-0.566786
-0.524397
-0.481705
-0.439351
-0.397003
-0.354327
-0.311550
-0.271027
-0.231381
-0.191531
-0.152243
-0.112215
-0.072114
-0.032626
0.006714
0.046992
0.087534
0.127877
0.168359
0.208289
0.248029
0.287934
0.327763
0.368882
0.410532
0.452048
0.493892
0.535400
0.576905
0.618763
0.660734
0.702057
0.743195
0.784480
0.825673
0.867236
0.908929
0.950511
0.992146
1.028008
1.061426
1.095147
1.127240
1.160750
1.194132
1.225770
1.256757
1.290030
1.323786
1.356756
1.389858
1.421268
1.451935
1.482808
1.513241
1.546120
1.579856
1.613033
1.646633
1.679287
1.711678
1.744543
1.777387
1.808556
1.839052
1.869602
1.899683
1.930291
1.960910
1.991021
2.020975
2.053889
2.087934
2.121686
2.156158
2.189613
2.222940
2.257054
2.291335
2.324367
2.357030
2.389925
2.422614
2.456001
2.489613
2.522982
2.556428
2.588105
2.619039
2.650127
2.680744
2.711790
2.742813
2.773333
2.803673
2.834858
2.866265
2.897445
2.928723
2.959475
2.990026
3.020697
3.051271
3.084383
3.118544
3.152493
3.187113
3.221060
3.255013
3.289688
3.324600
3.358369
3.391840
3.425613
3.459252
3.493611
3.528246
3.562714
3.597318
3.630850
3.663972
3.697279
3.730358
3.763774
3.797247
3.830471
3.863651
3.897489
3.931561
3.965557
3.999699
4.033567
4.067378
4.101352
4.135340
4.167769
4.199559
4.231431
4.262873
4.294756
4.326634
4.358049
4.389311
4.421146
4.453105
4.484876
4.516687
4.548075
4.579282
4.610546
4.641705
4.673671
4.705937
4.738060
4.770348
4.802358
4.834312
4.866448
4.898606
4.930277
4.961771
4.993310
5.024733
5.056349
5.087998
5.119520
5.151023
5.179104
5.205708
5.232439
5.258169
5.284673
5.311051
5.336361
5.361239
5.387406
5.413806
5.439696
5.465613
5.490490
5.514883
5.539346
5.563502
5.589027
5.614997
5.640592
5.666380
5.691568
5.716553
5.741760
5.766904
5.791022
5.814699
5.838355
5.861686
5.885273
5.908814
5.932009
5.955061
5.979805
6.005166
6.030304
6.055815
6.080678
6.105416
6.130567
6.155767
6.180180
6.204325
6.228557
6.252617
6.277039
6.301542
6.325853
6.350159
6.373375
6.396103
6.418872
6.441315
6.463959
6.486540
6.508774
6.530853
6.553379
6.575984
6.598407
6.620837
6.642908
6.664810
6.686733
6.708549
6.731769
6.755539
6.779137
6.803068
6.826562
6.850009
6.873819
6.897713
6.920900
6.943864
6.966950
6.989908
7.013228
7.036655
7.059935
7.083241
7.105884
7.128241
7.150652
7.172882
7.195254
7.217607
7.239766
7.261850
7.284259
7.306750
7.329147
7.351577
7.373798
7.395936
7.418116
7.440253
7.461441
7.482209
7.502974
7.523440
7.544109
7.564724
7.585020
7.605178
7.625614
7.646071
7.666368
7.686637
7.706611
7.726430
7.746231
7.765919
7.786021
7.806245
7.826334
7.846468
7.866390
7.886229
7.906122
7.925975
7.945498
7.964867
7.984211
8.003437
8.022723
8.041977
8.061106
8.080173
8.098009
8.115279
8.132536
8.149394
8.166453
8.183411
8.199944
8.216271
8.232990
8.249736
8.266246
8.282711
8.298758
8.314580
8.330371
8.345999
8.362022
8.378134
8.394061
8.409991
8.425663
8.441208
8.456766
8.472243
8.487317
8.502183
8.516982
8.531613
8.546269
8.560851
8.575256
8.589554
8.604402
8.619417
8.634294
8.649250
8.663918
8.678486
8.693145
8.707766
8.722047
8.736175
8.750279
8.764264
8.778324
8.792357
8.806265
8.820115
8.833521
8.846697
8.859831
8.872793
8.885771
8.898669
8.911388
8.923996
8.936707
8.949390
8.961952
8.974460
8.986784
8.998992
9.011151
9.023216
9.035655
9.048203
9.060637
9.073113
9.085395
9.097602
9.109860
9.122085
9.134027
9.145839
9.157628
9.169317
9.181058
9.192772
9.204378
9.215933
9.227225
9.238369
9.249470
9.260455
9.271421
9.282322
9.293103
9.303800
9.314535
9.325235
9.335846
9.346406
9.356842
9.367192
9.377494
9.387723
9.397590
9.407264
9.416876
9.426334
9.435796
9.445180
9.454403
9.463522
9.472670
9.481763
9.490746
9.499660
9.508421
9.517071
9.525656
9.534145
9.542704
9.551242
9.559676
9.568065
9.576326
9.584501
9.592632
9.600691
9.608585
9.616370
9.624086
9.631706
9.639283
9.646791
9.654198
9.661526
9.669377
9.677403
9.685323
9.693336
9.701116
9.708829
9.716647
9.724454
9.731958
9.739338
9.746721
9.754015
9.761404
9.768791
9.776082
9.783341
9.790245
9.796973
9.803683
9.810265
9.816874
9.823434
9.829859
9.836208
9.842662
9.849110
9.855472
9.861807
9.868002
9.874117
9.880208
9.886236
9.891920
9.897425
9.902880
9.908194
9.913525
9.918792
9.923911
9.928939
9.934001
9.939020
9.943942
9.948805
9.953530
9.958159
9.962733
9.967223
9.971802
9.976374
9.980855
9.985304
9.989637
9.993895
9.998124
10.002294
10.006309
10.010227
10.014090
10.017868
10.021618
10.025311
10.028916
10.032454
10.035578
10.038484
10.041338
10.044025
10.046722
10.049340
10.051783
10.054116
10.056517
10.058878
10.061120
10.063299
10.065305
10.067196
10.069028
10.070763
10.094555
10.127679
10.159751
10.198085
10.062958
9.856847
9.664689
9.426835
10.212855
11.414595
10.648665
9.348726
9.671587
10.226346
10.142710
10.067946
10.090608
10.091284
10.091869
10.092430
10.092855
10.093202
10.093528
10.093794
10.093909
10.093930
10.093894
10.093775
10.093630
10.093428
10.093140
10.092786
10.092250
10.091597
10.090883
10.090068
10.089210
10.088280
10.087247
10.086132
10.084999
10.083810
10.082535
10.081196
10.079754
10.078228
10.076638
10.074972
10.072992
10.070836
10.068613
10.066246
10.063864
10.061400
10.058788
10.056072
10.053366
10.050599
10.047724
10.044776
10.041683
10.038484
10.035214
10.031848
10.028518
10.025152
10.021684
10.018160
10.014516
10.010784
10.006998
10.003135
9.999121
9.995001
9.990808
9.986517
9.982175
9.977756
9.973240
9.968640
9.964061
9.959442
9.954735
9.949974
9.945101
9.940145
9.935137
9.930057
9.924858
9.919569
9.914210
9.908767
9.903268
9.897698
9.892043
9.886312
9.880441
9.874467
9.868420
9.862278
9.856074
9.849790
9.843411
9.836948
9.830436
9.823854
9.817186
9.810442
9.803603
9.796679
9.789681
9.782601
9.775589
9.768559
9.761441
9.754285
9.747014
9.739666
9.732283
9.724837
9.717251
9.709573
9.701835
9.694014
9.686157
9.678238
9.670235
9.662163
9.653950
9.645637
9.637259
9.628790
9.620265
9.611667
9.602977
9.594208
9.585402
9.576532
9.567582
9.558564
9.549453
9.540262
9.531004
9.521670
9.512177
9.502575
9.492900
9.483125
9.473298
9.463395
9.453390
9.443301
9.433165
9.422960
9.412668
9.402302
9.391838
9.381287
9.370663
9.359957
9.349217
9.338418
9.327534
9.316583
9.305541
9.294420
9.283231
9.271968
9.260602
9.249150
9.237625
9.226017
9.214343
9.202594
9.190762
9.178853
9.169872
9.162093
9.154106
9.146905
9.138895
9.130888
9.123726
9.116840
9.108744
9.100352
9.092304
9.084136
9.076774
9.069737
9.062542
9.055518
9.047113
9.038184
9.029490
9.020503
9.011965
9.003505
8.994725
8.985893
8.977891
8.970184
8.962385
8.954773
8.946814
8.938786
8.930965
8.923164
8.913876
8.903986
8.894182
8.883975
8.874209
8.864451
8.854257
8.843929
8.834144
8.824481
8.814652
8.804867
8.794691
8.784353
8.774076
8.763706
8.754150
8.744903
8.735527
8.726326
8.716861
8.707351
8.698034
8.688749
8.678998
8.669083
8.659224
8.649263
8.639505
8.629792
8.619964
8.610130
8.598746
8.586687
8.574687
8.562233
8.550114
8.537932
8.525264
8.512395
8.572736
8.664081
8.197288
7.515290
10.113496
7.751540
8.424190
8.410996
8.398381
8.385949
8.373347
8.360819
8.348028
8.335142
8.322343
8.309508
8.296221
8.282734
8.269230
8.255578
8.242029
8.228452
8.214717
8.200912
8.187935
8.175260
8.162477
8.149877
8.136963
8.123990
8.111219
8.098473
8.085340
8.072075
8.058855
8.045550
8.032425
8.019340
8.006162
7.992982
7.979277
7.965338
7.951419
7.937343
7.923365
7.909357
7.895182
7.880933
7.866901
7.852908
7.838827
7.824750
7.810501
7.796171
7.781851
7.767481
7.754362
7.741753
7.729037
7.716647
7.703908
7.691163
7.678768
7.666483
7.653641
7.640650
7.627799
7.614880
7.602304
7.589857
7.577325
7.564853
7.551814
7.538553
7.525379
7.512077
7.498945
7.485833
7.472583
7.459303
7.446352
7.433513
7.420627
7.407807
7.394837
7.381828
7.368895
7.355961
7.342299
7.328335
7.314402
7.300262
7.286320
7.272370
7.258197
7.243948
7.229953
7.216006
7.201966
7.187936
7.173705
7.159384
7.145080
7.130721
7.116732
7.102877
7.088947
7.075088
7.061092
7.047063
7.033112
7.019164
7.004982
6.990711
6.976453
6.962135
6.947900
6.933674
6.919380
6.905072
6.890210
6.875098
6.859994
6.844717
6.829539
6.814324
6.798926
6.783443
6.768159
6.752900
6.737544
6.722178
6.706630
6.690989
6.675346
6.659639
6.644111
6.628628
6.613072
6.597525
6.581874
6.566176
6.550491
6.534779
6.518897
6.502933
6.486947
6.470896
6.454863
6.438805
6.422678
6.406512
6.390634
6.374853
6.359018
6.343236
6.327327
6.311383
6.295499
6.279610
6.263566
6.247459
6.231356
6.215208
6.199111
6.183016
6.166873
6.150716
6.134355
6.117896
6.101430
6.084894
6.068379
6.051840
6.035227
6.018573
6.001984
5.985395
5.968761
5.952115
5.935393
5.918627
5.901852
5.885045
5.871029
5.858186
5.845188
5.832970
5.820041
5.807159
5.795113
5.783370
5.770524
5.757439
5.744722
5.731932
5.719946
5.708308
5.696562
5.685019
5.672240
5.659020
5.646061
5.632876
5.620148
5.607537
5.594674
5.581806
5.569753
5.558019
5.546242
5.534683
5.522847
5.510990
5.499370
5.487811
5.474868
5.461391
5.448038
5.434342
5.421111
5.407930
5.394374
5.380731
5.367656
5.354740
5.341708
5.328761
5.315482
5.302089
5.288798
5.275462
5.262945
5.250767
5.238507
5.226459
5.214200
5.201941
5.189909
5.177951
5.165589
5.153113
5.140734
5.128300
5.116102
5.103989
5.091810
5.079668
5.066168
5.052101
5.038131
5.023791
5.009795
4.995783
4.981375
4.966827
4.952865
4.939045
4.925051
4.911113
4.896782
4.882291
4.867872
4.853367
4.839424
4.825686
4.811835
4.798093
4.784157
4.770176
4.756314
4.742462
4.728245
4.713890
4.699561
4.685140
4.670852
4.656581
4.642209
4.627816
4.614217
4.600937
4.587600
4.574471
4.561099
4.547716
4.534559
4.521467
4.508065
4.494584
4.481187
4.467755
4.454528
4.441380
4.428189
4.415039
4.401454
4.387699
4.374004
4.360209
4.346545
4.332895
4.319136
4.305352
4.291807
4.278340
4.264835
4.251377
4.237803
4.224198
4.210646
4.197088
4.182020
4.166311
4.150664
4.134582
4.118879
4.103139
4.086934
4.070555
4.054726
4.039000
4.023065
4.007149
3.990794
3.974240
3.957721
3.941077
3.925123
3.909407
3.893533
3.877776
3.861745
3.845635
3.829658
3.813671
3.797215
3.780569
3.763935
3.747167
3.730543
3.713920
3.697151
3.680336
3.664170
3.648242
3.632237
3.616380
3.600279
3.584135
3.568154
3.552196
3.535952
3.519615
3.503316
3.486958
3.534649
3.609569
3.193379
2.587764
4.869272
2.785033
3.371738
3.354790
3.337929
3.321050
3.304042
3.286979
3.270096
3.253251
3.236340
3.219439
3.202403
3.185308
3.168227
3.151111
3.134841
3.118916
3.102918
3.087139
3.071126
3.055108
3.039328
3.023621
3.007534
2.991345
2.975250
2.959108
2.943200
2.927378
2.911497
2.895657
2.879438
2.863070
2.846760
2.830365
2.814082
2.797813
2.781452
2.765069
2.748908
2.732821
2.716702
2.700629
2.684453
2.668253
2.652102
2.635951
2.619297
2.602435
2.585594
2.568610
2.551762
2.534908
2.517901
2.500840
2.483955
2.467103
2.450186
2.433277
2.416228
2.399117
2.382018
2.364880
2.347996
2.331204
2.314360
2.297565
2.280675
2.263762
2.246903
2.230045
2.213026
2.195945
2.178873
2.161760
2.144703
2.127651
2.110554
2.093445
2.081187
2.070981
2.060555
2.051511
2.041266
2.031135
2.022484
2.014389
2.004459
1.994165
1.984537
1.974829
1.966535
1.958875
1.951076
1.943664
1.934115
1.923823
1.914023
1.903859
1.894535
1.885450
1.875956
1.866487
1.884646
1.914530
1.943246
1.979885
1.809793
1.555326
1.317965
1.026453
1.951348
3.370256
2.447849
0.889526
1.263298
1.913252
1.803014
1.703326
1.720422
1.711656
1.702736
1.693997
1.684747
1.675349
1.666159
1.656934
1.649124
1.641921
1.634623
1.627718
1.620500
1.613324
1.606568
1.599977
1.592749
1.585372
1.578196
1.570969
1.564179
1.557571
1.550893
1.544317
1.535294
1.525271
1.515458
1.505007
1.495223
1.485447
1.474983
1.464300
1.454719
1.445432
1.435866
1.426434
1.416323
1.405956
1.395756
1.385435
1.376187
1.367355
1.358354
1.349590
1.340502
1.331370
1.322496
1.313676
1.304221
1.294548
1.284961
1.275241
1.265804
1.256435
1.246917
1.237397
1.229350
1.221913
1.214410
1.207320
1.199827
1.192348
1.185314
1.178434
1.171030
1.163522
1.156199
1.148851
1.141908
1.135146
1.128341
1.121646
1.114200
1.106482
1.098909
1.091190
1.083744
1.076361
1.068817
1.061262
1.054176
1.047268
1.040327
1.033506
1.026513
1.019499
1.012616
1.005761
0.996434
0.986084
0.975869
0.964971
0.954737
0.944480
0.933488
0.922243
0.911943
0.901849
0.891447
0.881109
0.870083
0.858760
0.847532
0.836133
0.825920
0.816140
0.806133
0.796358
0.786163
0.775874
0.765842
0.755830
0.745075
0.734041
0.723062
0.711897
0.701010
0.690158
0.679103
0.668008
0.658014
0.648448
0.638791
0.629413
0.619668
0.609889
0.600412
0.591010
0.581174
0.571221
0.561365
0.551449
0.541800
0.532247
0.522621
0.513037
0.502795
0.492286
0.481848
0.471245
0.460819
0.450400
0.439803
0.429152
0.418833
0.408612
0.398319
0.388076
0.377648
0.367158
0.356727
0.346272
0.337275
0.328894
0.320426
0.312364
0.303944
0.295552
0.287596
0.279800
0.271402
0.262871
0.254535
0.246155
0.238204
0.230435
0.222604
0.214878
0.206551
0.198011
0.189604
0.181091
0.172803
0.164575
0.156228
0.147883
0.139946
0.132170
0.124377
0.116696
0.108882
0.101061
0.093361
0.085696
0.077227
0.068445
0.059735
0.050823
0.042174
0.033552
0.024710
0.015814
0.007249
-0.001223
-0.009767
-0.018262
-0.026954
-0.035715
-0.044419
-0.053151
-0.065597
-0.079631
-0.093534
-0.108519
-0.122612
-0.136819
-0.152184
-0.167999
-0.190938
-0.217242
-0.243716
-0.272592
-0.300515
-0.329176
-0.360367
-0.392879
