0.016750
-0.106345
-0.230226
-0.383745
-0.059655
0.453685
0.915745
1.495243
1.029438
0.168463
-0.526282
-1.446164
-1.275859
-0.729583
-0.462047
-0.021489
0.257770
0.519961
0.965998
1.465183
0.829716
-0.244171
-1.212657
-2.461892
-2.069024
-1.097846
-0.487255
0.414793
0.686225
0.787730
1.215265
1.635120
1.097087
0.182400
-0.696347
-1.837737
-1.779428
-1.329922
-1.203738
-0.904770
-0.190366
0.747537
1.843818
3.156213
2.805036
1.864058
1.219781
0.249205
-0.405933
-1.048343
-2.039769
-3.140334
-2.735842
-1.779053
-1.002907
0.114558
0.784933
1.405890
2.398013
3.477566
2.991142
1.918673
1.007177
-0.276274
-0.866720
-1.319552
-2.186021
-3.090623
-2.756682
-1.957414
-1.254308
-0.242911
0.502374
1.268715
2.364898
3.583117
3.399415
2.711314
2.212608
1.409671
0.691796
-0.112397
-1.233681
-2.521330
-2.823669
-2.818298
-3.030144
-3.085886
-2.498747
-1.587913
-0.544928
0.774049
1.479619
2.067514
2.968604
3.882861
3.792005
3.312811
2.893072
2.210219
1.334260
0.259132
-1.079564
-2.644189
-3.099996
-3.217787
-3.619354
-3.865857
-3.615140
-3.110240
-2.468515
-1.596808
-0.890132
-0.131415
0.873575
1.990265
2.584910
3.035846
3.626878
4.154897
3.894871
3.284840
2.644672
1.744217
1.021283
0.248719
-0.801179
-1.973541
-2.517272
-2.880277
-3.399362
-3.833602
-3.771936
-3.476030
-3.114917
-2.563781
-1.975146
-1.274603
-0.378451
0.657344
1.475795
2.287920
3.255524
4.263306
4.368126
4.124031
3.961694
3.575023
3.289752
2.951157
2.376618
1.687435
0.871536
-0.076989
-1.140601
-2.328751
-2.918138
-3.323301
-3.884112
-4.361418
-4.378167
-4.176301
-3.909087
-3.462854
-3.051505
-2.564189
-1.889534
-1.103262
-0.331179
0.507008
1.462839
2.498203
3.163521
3.721113
4.377924
4.987286
4.983441
4.706950
4.408569
3.908176
3.541765
3.135379
2.513926
1.796417
1.108496
0.365377
-0.480160
-1.392009
-2.151644
-2.888431
-3.701239
-4.519570
-4.866375
-5.023186
-5.206648
-5.262487
-5.001553
-4.548850
-3.977904
-3.233238
-2.768577
-2.329129
-1.696838
-1.023958
-0.141783
0.868888
1.914084
3.056347
3.545564
3.806054
4.195456
4.463375
4.732958
4.959972
5.062183
5.091518
4.941308
4.667337
4.324676
3.875780
3.364218
2.768934
2.065835
1.270992
0.491106
-0.336824
-1.261226
-2.247607
-2.857291
-3.345952
-3.915779
-4.423541
-4.749434
-4.977453
-5.149710
-5.233117
-5.310506
-5.337792
-5.272921
-5.144720
-4.818771
-4.369245
-3.861956
-3.251241
-2.660816
-2.024440
-1.279665
-0.469384
0.327387
1.160584
2.063037
3.010598
3.645807
4.176583
4.768070
5.303377
5.564050
5.687968
5.766054
5.731472
5.728936
5.682383
5.517456
5.284926
4.958770
4.548563
4.071472
3.516622
2.903120
2.221141
1.460664
0.628486
0.007876
-0.564623
-1.221091
-1.868339
-2.556968
-3.267774
-3.967919
-4.678304
-5.130414
-5.476299
-5.843833
-6.143452
-6.181850
-6.079566
-5.918412
-5.638624
-5.608242
-5.622154
-5.502037
-5.372059
-5.001840
-4.510586
-4.018416
-3.443699
-2.793866
-2.073292
-1.270500
-0.391619
0.164512
0.627676
1.184173
1.702642
2.335948
3.010179
3.640836
4.284289
4.727304
5.086417
5.467072
5.796352
6.009330
6.151027
6.244727
6.272287
6.286205
6.258241
6.162018
6.015679
5.828581
5.593428
5.307611
4.973403
4.558791
4.081927
3.558033
2.976441
2.322445
1.605623
0.831823
-0.003330
-0.432082
-0.722695
-1.094793
-1.393795
-1.984362
-2.673364
-3.274776
-3.915919
-4.377413
-4.771810
-5.214386
-5.626996
-5.972980
-6.281675
-6.562606
-6.807193
-6.870909
-6.837693
-6.774435
-6.633817
-6.517048
-6.370994
-6.143593
-5.870381
-5.509535
-5.081319
-4.608813
-4.076612
-3.712023
-3.386089
-2.990781
-2.601818
-2.097956
-1.540831
-0.994677
-0.416065
0.180494
0.798738
1.449720
2.126695
2.630036
3.075142
3.554902
4.003732
4.421534
4.815308
5.178678
5.514565
5.839322
6.143246
6.418959
6.671727
6.835683
6.948109
7.040389
7.090545
7.132141
7.148222
7.120907
7.062263
6.861066
6.579937
6.272180
5.900540
5.611306
5.324381
4.967562
4.590811
4.164926
3.701393
3.218790
2.705228
2.186936
1.650104
1.081276
0.489645
0.020128
-0.411505
-0.872262
-1.314727
-1.817911
-2.341443
-2.843653
-3.352756
-3.850512
-4.344412
-4.845767
-5.347286
-5.571240
-5.677958
-5.796872
-5.836646
-6.120639
-6.472754
-6.732511
-7.010754
-7.193136
-7.333613
-7.496624
-7.639436
-7.589941
-7.451540
-7.300700
-7.082541
-6.898807
-6.696856
-6.423637
-6.115201
-5.955471
-5.834965
-5.671026
-5.522735
-5.267926
-4.970526
-4.693572
-4.394080
-3.971792
-3.488859
-2.988053
-2.438219
-1.903121
-1.349427
-0.744204
-0.109901
0.304983
0.645587
1.026165
1.365708
1.801364
2.262919
2.678171
3.096035
3.500084
3.894575
4.291999
4.684728
5.035634
5.366856
5.695045
6.008291
6.266325
6.493543
6.707649
6.895888
7.160567
7.444260
7.697778
7.955461
8.021263
8.004176
7.999434
7.940784
7.923487
7.899830
7.818684
7.714475
7.604874
7.476084
7.323196
7.150491
6.940056
6.701730
6.444324
6.161735
5.829313
5.461865
5.070345
4.646891
4.258380
3.867224
3.441313
3.003076
2.588750
2.175142
1.747467
1.316673
1.024706
0.788859
0.543687
0.335546
-0.118395
-0.660558
-1.153863
-1.693750
-2.141994
-2.567900
-3.045588
-3.525138
-3.921192
-4.288074
-4.660894
-5.013730
-5.404180
-5.801899
-6.177355
-6.550728
-6.712164
-6.780089
-6.854818
-6.866179
-7.066704
-7.318743
-7.497084
-7.688237
-7.781567
-7.831475
-7.898277
-7.941561
-7.998400
-8.051774
-8.080353
-8.098194
-8.084847
-8.050573
-8.006330
-7.944736
-7.873124
-7.788062
-7.685392
-7.567865
-7.381289
-7.156507
-6.919183
-6.651307
-6.482192
-6.339454
-6.160731
-5.989516
-5.731505
-5.436269
-5.152262
-4.846397
-4.557793
-4.267481
-3.953888
-3.631417
-3.276252
-2.900550
-2.516882
-2.116738
-1.709147
-1.289824
-0.853704
-0.404150
-0.071849
0.218635
0.528214
0.813906
1.145738
1.488032
1.803761
2.117975
2.483855
2.868196
3.248530
3.641280
4.012065
4.378897
4.759498
5.141780
5.418035
5.651421
5.891227
6.102450
6.345119
6.588453
6.800893
7.003828
7.212830
7.416688
7.610201
7.797544
7.965156
8.120387
8.270000
8.409330
8.441864
8.423543
8.399138
8.337005
8.438430
8.591123
8.697661
8.825904
8.788433
8.685735
8.612283
8.503162
8.440734
8.384555
8.289672
8.186193
7.978996
7.719540
7.455351
7.153676
7.058713
7.033637
6.960806
6.922295
6.728262
6.479080
6.271751
6.039919
5.780752
5.502905
5.201204
4.877704
4.507491
4.104661
3.681090
3.228463
3.092841
3.076292
3.015832
3.026055
2.595508
2.005889
1.508094
0.928152
0.602374
0.355970
0.014302
-0.303791
-0.583827
-0.846711
-1.087589
-1.307035
-1.635051
-1.996890
-2.331688
-2.682326
-3.074279
-3.488371
-3.916864
-4.366235
-4.531827
-4.587980
-4.678095
-4.701326
-4.993180
-5.371585
-5.669443
-6.002032
-6.238263
-6.441240
-6.683684
-6.917135
-7.150765
-7.384436
-7.609103
-7.829978
-8.054247
-8.277231
-8.496071
-8.712904
-8.790644
-8.807823
-8.828889
-8.808499
-8.818704
-8.822911
-8.782917
-8.724545
-8.799521
-8.917943
-9.011240
-9.128327
-9.220658
-9.310943
-9.426722
-9.549767
-9.413749
-9.173604
-8.952355
-8.662918
-8.575141
-8.543216
-8.432162
-8.334966
-8.204465
-8.057909
-7.926505
-7.790498
-7.651744
-7.511270
-7.366268
-7.218244
-7.089352
-6.966706
-6.840069
-6.716687
-6.584455
-6.449559
-6.318383
-6.186604
-5.936581
-5.636356
-5.340635
-5.010785
-4.747789
-4.497722
-4.209479
-3.918129
-3.685970
-3.473498
-3.254956
-3.049324
-2.741723
-2.396143
-2.068274
-1.719348
-1.493718
-1.312558
-1.104423
-0.918706
-0.581001
-0.186275
0.178906
0.574331
0.829047
1.034937
1.277966
1.499017
1.773740
2.064934
2.331359
2.600645
2.804882
2.980160
3.161008
3.323767
3.689840
4.134536
4.551785
5.015728
5.203048
5.291641
5.440280
5.538911
5.740286
5.968302
6.140599
6.312553
6.563115
6.841063
7.114823
7.407959
7.499519
7.513947
7.557088
7.554958
7.749049
8.008459
8.212771
8.445027
8.595756
8.719056
8.874359
9.021793
9.105601
9.162038
9.213326
9.242859
9.290069
9.334059
9.354728
9.365836
9.395081
9.425094
9.444242
9.461049
9.555821
9.681518
9.801343
9.941417
9.872333
9.723119
9.603838
9.437596
9.381331
9.353025
9.271602
9.192326
9.111091
9.024404
8.939601
8.852837
8.752550
8.645790
8.537599
8.424332
8.448219
8.527933
8.596470
8.700935
8.449607
8.062543
7.727922
7.314334
7.231760
7.258578
7.189796
7.166651
7.004741
6.795049
6.637823
6.465835
6.309495
6.158451
5.991869
5.822815
5.643819
5.457788
5.269502
5.075909
4.853775
4.616772
4.375486
4.122388
3.971898
3.859078
3.729573
3.621486
3.288932
2.869138
2.481062
2.041830
1.884830
1.827305
1.704909
1.631411
1.374626
1.055898
0.795174
0.510697
0.297117
0.108716
-0.106872
-0.314721
-0.551271
-0.799284
-1.038265
-1.281815
-1.519321
-1.755440
-1.996476
-2.238315
-2.451730
-2.653946
-2.858258
-3.055205
-3.261282
-3.468015
-3.666747
-3.863347
-4.076679
-4.295284
-4.510898
-4.729482
-4.939592
-5.147170
-5.358164
-5.568529
-5.755388
-5.932310
-6.109622
-6.279954
-6.456424
-6.632277
-6.800643
-6.966184
-7.138797
-7.312302
-7.482519
-7.652503
-7.815856
-7.975931
-8.136025
-8.293889
-8.403066
-8.490483
-8.577691
-8.649457
-8.730938
-8.809294
-8.871245
-8.925781
-9.043013
-9.181709
-9.309896
-9.450308
-9.563591
-9.669946
-9.790043
-9.909868
-9.974442
-10.016833
-10.061434
-10.090730
-10.137313
-10.184314
-10.214744
-10.240149
-10.253665
-10.258012
-10.257540
-10.249460
-10.234539
-10.212632
-10.183107
-10.146343
-10.129705
-10.117431
-10.096735
-10.076632
-10.009630
-9.922059
-9.837057
-9.738543
-9.695563
-9.670152
-9.628381
-9.593761
-9.533734
-9.464516
-9.403667
-9.339381
-9.300898
-9.272671
-9.239839
-9.212587
-9.195140
-9.183992
-9.178159
-9.178579
-9.024573
-8.808352
-8.605303
-8.362352
-8.329643
-8.369087
-8.358266
-8.382131
-8.200962
-7.943482
-7.730350
-7.478617
-7.294087
-7.124760
-6.912928
-6.697252
-6.642469
-6.649844
-6.645964
-6.683459
-6.492740
-6.223113
-6.006067
-5.750252
-5.567558
-5.403376
-5.196326
-4.987454
-4.866660
-4.777949
-4.683214
-4.610277
-4.397020
-4.133636
-3.898818
-3.637805
-3.531581
-3.481969
-3.398794
-3.344259
-3.086572
-2.752313
-2.456191
-2.118903
-1.970704
-1.887711
-1.754252
-1.649899
-1.410458
-1.121833
-0.868761
-0.593463
-0.399130
-0.232597
-0.039849
0.142452
0.240582
0.300777
0.353995
0.377556
0.563134
0.803013
1.005149
1.233829
1.471471
1.721370
1.998058
2.292837
2.466616
2.600223
2.757988
2.894395
3.088266
3.299139
3.485616
3.675764
3.839164
3.990320
4.146236
4.295607
4.453215
4.611764
4.763221
4.912974
5.056007
5.194630
5.331722
5.465386
5.640502
5.831488
6.017124
6.212310
6.393755
6.573262
6.763205
6.955225
7.044906
7.093121
7.147981
7.175400
7.335556
7.540035
7.710438
7.901168
8.001797
8.070006
8.162870
8.241491
8.350814
8.469136
8.571587
8.674754
8.806629
8.949375
9.091496
9.241487
9.380402
9.518226
9.664667
9.813092
9.895300
9.951176
10.012028
10.055646
10.114442
10.172147
10.211397
10.243891
10.299564
10.359980
10.412255
10.465743
10.501688
10.529874
10.560007
10.585476
10.617810
10.651085
10.679251
10.706411
10.728104
10.746458
10.763966
10.778971
10.809307
10.844902
10.877239
10.912277
10.940987
10.967925
10.997906
11.027682
11.006918
10.964875
10.924823
10.870294
10.828747
10.786150
10.728024
10.664174
10.631359
10.607424
10.576101
10.549082
10.504466
10.453598
10.407885
10.359571
10.319216
10.281574
10.240939
10.201145
10.155361
10.107107
10.059957
10.011484
9.936659
9.850117
9.763352
9.668211
9.578549
9.487271
9.387084
9.282929
9.287062
9.334469
9.373029
9.439569
9.229269
8.913349
8.638260
8.301736
8.279616
8.366809
8.377174
8.439367
8.379817
8.284618
8.247707
8.206002
8.032724
7.807389
7.583225
7.321233
7.255645
7.256023
7.208783
7.192991
7.039822
6.837895
6.674067
6.489055
6.369282
6.271376
6.149029
6.033439
5.912418
5.789664
5.673943
5.559828
5.446017
5.333833
5.223354
5.114395
4.980508
4.836908
4.695969
4.548971
4.409963
4.271797
4.127035
3.980707
3.910765
3.871891
3.828051
3.804745
3.619706
3.374947
3.158378
2.908693
2.783405
2.698514
2.574202
2.465220
2.303410
2.122131
1.958685
1.788110
1.639532
1.498862
1.350004
1.203698
1.122012
1.068149
1.014077
0.979796
0.760389
0.471465
0.211008
-0.089515
-0.212212
-0.275004
-0.386714
-0.472336
-0.631008
-0.813716
-0.966658
-1.125934
-1.220542
-1.287449
-1.363465
-1.423528
-1.581831
-1.775423
-1.948338
-2.139395
-2.294364
-2.440289
-2.606385
-2.773005
-2.906683
-3.028725
-3.152891
-3.269018
-3.399710
-3.533057
-3.657473
-3.780875
-3.938455
-4.109156
-4.277264
-4.454036
-4.618872
-4.782415
-4.955421
-5.130584
-5.230097
-5.299434
-5.374340
-5.429464
-5.484980
-5.531982
-5.558533
-5.572435
-5.795728
-6.100023
-6.382032
-6.714691
-6.820170
-6.850359
-6.942597
-7.001898
-7.037398
-7.053906
-7.037839
-6.996491
-7.208863
-7.513897
-7.781563
-8.103617
-8.118211
-8.023513
-7.998076
-7.918336
-8.085809
-8.340358
-8.528585
-8.755576
-8.817057
-8.819257
-8.868192
-8.891707
-8.971834
-9.069086
-9.137955
-9.208766
-9.278245
-9.345063
-9.413724
-9.481780
-9.543427
-9.602260
-9.660758
-9.717116
-9.789906
-9.868650
-9.944466
-10.023568
-10.096570
-10.168205
-10.243481
-10.319020
-10.373186
-10.418767
-10.465571
-10.506608
-10.554173
-10.601943
-10.643472
-10.683134
-10.791742
-10.928152
-11.059605
-11.209278
-11.206583
-11.147069
-11.112945
-11.046865
-11.135274
-11.277133
-11.379451
-11.506351
-11.573372
-11.622247
-11.698835
-11.772372
-11.812123
-11.839003
-11.864401
-11.879559
-11.939058
-12.012468
-12.073354
-12.140126
-11.982896
-11.731786
-11.496327
-11.199814
-11.209297
-11.322027
-11.358487
-11.443279
-11.411212
-11.343995
-11.331243
-11.312819
-11.345213
-11.402340
-11.451838
-11.515060
-11.583950
-11.660874
-11.751700
-11.852808
-11.809241
-11.710406
-11.628562
-11.512728
-11.494892
-11.504626
-11.475084
-11.452127
-11.378545
-11.282350
-11.194842
-11.095072
-11.128410
-11.213559
-11.280346
-11.377693
-11.323486
-11.217170
-11.148878
-11.056298
-10.923630
-10.766549
-10.586357
-10.380646
-10.364276
-10.414064
-10.429088
-10.480373
-10.393764
-10.261793
-10.173026
-10.066783
-10.017617
-9.989123
-9.940421
-9.898851
-9.835132
-9.763190
-9.699427
-9.632944
-9.572451
-9.514098
-9.452737
-9.391734
-9.321120
-9.246265
-9.172170
-9.095395
-9.028782
-8.965318
-8.898645
-8.833160
-8.769826
-8.707623
-8.646531
-8.586669
-8.526435
-8.466736
-8.408336
-8.350701
-8.249190
-8.129507
-8.012517
-7.883510
-7.766254
-7.648653
-7.518128
-7.383185
-7.338158
-7.327950
-7.309191
-7.312631
-7.286213
-7.256587
-7.251161
-7.251368
-7.111196
-6.916495
-6.733870
-6.515965
-6.344700
-6.178027
-5.972918
-5.758546
-5.696202
-5.690134
-5.667616
-5.680568
-5.636346
-5.582676
-5.568058
-5.559575
-5.468872
-5.350195
-5.241724
-5.115780
-5.012480
-4.911708
-4.791954
-4.667705
-4.571490
-4.483087
-4.388671
-4.298327
-4.191231
-4.078278
-3.970214
-3.859712
-3.726015
-3.581826
-3.436151
-3.282471
-3.239553
-3.239857
-3.227086
-3.240735
-3.081053
-2.858617
-2.670898
-2.450189
-2.277212
-2.112761
-1.912379
-1.705757
-1.645859
-1.641662
-1.624395
-1.643206
-1.482188
-1.260176
-1.083161
-0.877666
-0.887572
-0.980549
-1.035116
-1.135076
-0.989537
-0.756744
-0.581220
-0.363179
-0.273501
-0.224582
-0.126571
-0.040364
0.099708
0.262366
0.410873
0.569646
0.626747
0.643899
0.675950
0.684854
0.761278
0.857163
0.926294
1.000311
1.126103
1.273381
1.423272
1.589825
1.740352
1.892145
2.061898
2.238189
2.362323
2.469230
2.585297
2.691666
2.822251
2.959566
3.085870
3.213207
3.311751
3.397361
3.485194
3.564864
3.649167
3.731852
3.805905
3.876016
3.975824
4.085508
4.189763
4.299481
4.394834
4.486060
4.583517
4.680169
4.716586
4.727655
4.740538
4.735938
4.783524
4.845316
4.886772
4.931758
5.149495
5.440238
5.727025
6.064634
6.066658
5.949289
5.898966
5.785686
5.881588
6.044093
6.132942
6.243811
6.325007
6.396096
6.490675
6.587370
6.655362
6.714620
6.777493
6.834773
6.908087
6.985987
7.057432
7.129979
7.254890
7.401915
7.547770
7.709035
7.806966
7.885047
7.981801
8.070492
8.128356
8.171303
8.207380
8.230280
8.258699
8.282564
8.292495
8.294948
8.311205
8.328357
8.337062
8.344053
8.463438
8.628948
8.787771
8.977265
8.997522
8.959434
8.960340
8.932575
9.019614
9.146196
9.238459
9.346806
9.392509
9.415459
9.457488
9.490340
9.543169
9.602218
9.651057
9.700582
9.832527
9.998783
10.162114
10.349007
10.357204
10.300097
10.275062
10.214149
10.291122
10.413348
10.492745
10.589724
10.629177
10.647856
10.686877
10.718727
10.783582
10.861274
10.930282
11.005104
11.071310
11.135654
11.206320
11.277892
11.277178
11.246800
11.220526
11.174443
11.148649
11.122640
11.075283
11.020890
11.074949
11.169596
11.252113
11.359974
11.428477
11.490824
11.581007
11.675981
11.607726
11.475210
11.354913
11.192418
11.232775
11.340964
11.396822
11.483679
11.521737
11.548016
11.608074
11.671817
11.693216
11.701902
11.716497
11.723165
11.730828
11.735826
11.732621
11.724783
11.787531
11.877274
11.959112
12.057710
12.022605
11.937626
11.875699
11.786052
11.805101
11.859851
11.881401
11.917066
11.928162
11.931903
11.951050
11.970703
11.999584
12.034259
12.069183
12.107906
12.090885
12.051953
12.019358
11.973288
11.944386
11.917146
11.875268
11.829758
11.835472
11.859729
11.877901
11.907599
11.917042
11.922624
11.940961
11.960771
11.952464
11.934234
11.918843
11.897032
11.887272
11.879932
11.865450
11.850338
11.738637
11.584787
11.434393
11.255491
11.297582
11.420712
11.504830
11.633724
11.598109
11.509348
11.473721
11.418378
11.428486
11.462829
11.474363
11.494479
11.411040
11.285145
11.172417
11.034432
11.091767
11.221768
11.317307
11.452916
11.362423
11.190853
11.070237
10.909367
10.900915
10.943847
10.938941
10.953901
10.860896
10.726196
10.616334
10.486069
10.484020
10.529597
10.548723
10.592488
10.542293
10.460864
10.408783
10.344602
10.318416
10.305835
10.279324
10.257284
10.137558
9.976886
9.824943
9.647184
9.654761
9.730023
9.770639
9.847857
9.829705
9.784456
9.780933
9.772367
9.764901
9.759958
9.750079
9.739400
9.653962
9.535818
9.420028
9.281997
9.159853
9.034296
8.885049
8.725806
8.743381
8.828999
8.896457
9.006796
8.973218
8.896576
8.870385
8.830241
8.787715
8.742978
8.684302
8.618406
8.555172
8.488211
8.413551
8.334152
8.261268
8.188122
8.109726
8.029662
7.978236
7.937656
7.894075
7.857332
7.799271
7.735027
7.678757
7.620724
7.573390
7.530627
7.485642
7.442987
7.367528
7.278968
7.194216
7.101471
7.018203
6.935625
6.844395
6.750810
6.699524
6.664216
6.624579
6.595065
6.543940
6.487906
6.443249
6.398844
6.321784
6.232151
6.144278
6.047805
5.962919
5.879119
5.785930
5.690482
5.635354
5.595328
5.551151
5.516554
5.467223
5.415673
5.374642
5.335487
5.250424
5.147820
5.049220
4.939244
4.845338
4.753363
4.648949
4.541849
4.397219
4.234044
4.069608
3.891971
3.891585
3.960300
4.007698
4.097175
4.031380
3.916981
3.852666
3.770443
3.710263
3.656374
3.583395
3.507575
3.468658
3.442091
3.410840
3.387291
3.346364
3.301155
3.264631
3.227955
3.148417
3.051490
2.956324
2.849219
2.754986
2.660821
2.553757
2.442600
2.355657
2.275734
2.190426
2.108681
2.013322
1.913270
1.817450
1.719789
1.688930
1.686080
1.678478
1.689054
1.737472
1.810008
1.899691
2.011979
1.854798
1.595368
1.371092
1.085325
0.891347
0.711333
0.463987
0.204254
0.155958
0.184692
0.190953
0.246138
0.218088
0.175169
0.186304
0.204659
0.122604
0.006931
-0.096510
-0.221132
-0.255804
-0.260832
-0.291568
-0.309826
-0.364643
-0.431890
-0.484849
-0.541425
-0.585146
-0.623579
-0.666197
-0.706756
-0.820029
-0.963721
-1.102179
-1.260365
-1.324716
-1.357830
-1.415370
-1.458728
-1.626244
-1.842529
-2.038975
-2.262980
-2.227843
-2.093255
-1.998211
-1.845949
-1.944933
-2.128195
-2.241707
-2.391640
-2.438728
-2.451737
-2.506328
-2.551750
-2.630927
-2.724574
-2.807605
-2.896475
-2.991982
-3.091924
-3.197540
-3.308351
-3.393900
-3.471734
-3.556081
-3.636909
-3.730463
-3.828473
-3.922342
-4.017886
-4.027393
-4.000636
-3.979290
-3.934141
-3.910185
-3.884664
-3.833634
-3.773260
-3.875490
-4.039826
-4.187277
-4.373866
-4.483727
-4.577494
-4.714949
-4.855326
-4.907795
-4.928854
-4.957075
-4.964317
-5.008802
-5.060060
-5.088052
-5.113261
-5.184167
-5.270748
-5.352294
-5.443882
-5.514755
-5.580986
-5.658466
-5.736364
-5.787691
-5.829099
-5.872174
-5.908497
-5.955048
-6.002964
-6.043463
-6.082528
-6.132042
-6.184545
-6.235054
-6.287222
-6.314119
-6.330831
-6.350333
-6.363573
-6.446671
-6.556853
-6.657564
-6.774335
-6.775630
-6.734314
-6.714525
-6.671701
-6.771318
-6.923028
-7.044921
-7.193623
-7.230261
-7.228623
-7.259330
-7.273997
-7.263992
-7.239398
-7.199520
-7.143690
-7.278767
-7.485980
-7.668328
-7.894114
-7.919913
-7.878341
-7.890160
-7.871950
-7.935614
-8.025697
-8.081589
-8.143981
-8.213731
-8.286038
-8.364486
-8.447525
-8.480262
-8.494397
-8.515501
-8.525528
-8.614356
-8.732260
-8.835354
-8.954116
-8.927308
-8.844334
-8.783738
-8.690930
-8.770373
-8.910383
-9.009799
-9.138563
-9.201993
-9.247077
-9.325038
-9.401471
-9.433253
-9.448800
-9.464954
-9.469030
-9.545691
-9.647642
-9.733966
-9.833177
-9.826888
-9.780094
-9.751065
-9.699442
-9.680819
-9.667530
-9.629571
-9.587110
-9.604346
-9.642262
-9.672746
-9.716080
-9.733260
-9.744547
-9.770205
-9.796445
-9.880374
-9.990644
-10.099145
-10.225345
-10.212106
-10.147643
-10.107500
-10.038936
-10.160749
-10.352824
-10.507464
-10.699259
-10.718216
-10.677079
-10.681559
-10.658987
-10.698671
-10.756999
-10.785002
-10.815429
-10.819059
-10.809212
-10.802790
-10.788672
-10.802566
-10.825134
-10.838556
-10.855117
-10.858676
-10.857206
-10.859474
-10.859598
-10.887175
-10.925824
-10.961101
-11.003038
-11.037428
-11.071371
-11.112507
-11.155696
-11.190914
-11.224465
-11.260541
-11.296065
-11.356485
-11.427508
-11.496906
-11.573219
-11.570906
-11.538207
-11.516042
-11.475793
-11.460628
-11.448777
-11.417209
-11.381461
-11.370867
-11.366929
-11.357423
-11.351331
-11.329259
-11.301398
-11.277715
-11.251405
-11.307008
-11.396676
-11.480126
-11.585568
-11.669933
-11.754976
-11.863644
-11.980450
-11.990768
-11.962091
-11.946617
-11.907212
-11.908413
-11.917076
-11.899319
-11.878117
-11.890274
-11.912212
-11.928935
-11.951556
-11.954880
-11.952203
-11.956422
-11.958720
-12.016663
-12.098114
-12.175231
-12.267412
-12.216211
-12.110602
-12.026734
-11.911438
-11.956973
-12.058517
-12.120766
-12.209572
-12.236357
-12.245038
-12.283570
-12.319754
-12.296372
-12.249706
-12.203413
-12.140060
-12.097943
-12.056908
-11.997299
-11.932544
-11.992783
-12.101829
-12.200010
-12.329675
-12.276141
-12.158259
-12.080780
-11.970941
-11.983345
-12.036877
-12.051960
-12.082900
-12.065928
-12.031929
-12.016106
-11.994963
-12.025055
-12.076379
-12.120133
-12.176040
-12.219998
-12.263766
-12.320570
-12.381566
-12.368615
-12.327544
-12.294105
-12.242905
-12.217515
-12.195591
-12.154231
-12.108957
-12.097893
-12.097492
-12.091412
-12.091535
-12.073818
-12.050817
-12.034961
-12.017779
-11.952405
-11.866661
-11.781680
-11.682375
-11.713564
-11.793646
-11.853280
-11.940943
-11.940407
-11.913312
-11.918872
-11.916542
-11.955809
-12.012536
-12.059561
-12.115044
-12.070013
-11.985149
-11.913297
-11.817673
-11.766098
-11.723504
-11.654506
-11.583145
-11.570253
-11.578335
-11.581242
-11.597967
-11.590327
-11.578248
-11.581482
-11.586571
-11.559466
-11.521153
-11.486270
-11.444185
-11.416272
-11.391377
-11.358444
-11.325005
-11.320295
-11.326722
-11.331323
-11.343408
-11.345626
-11.346959
-11.356451
-11.367954
-11.357674
-11.339932
-11.325277
-11.306132
-11.296622
-11.289435
-11.277210
-11.264949
-11.219077
-11.158353
-11.099003
-11.029717
-11.049838
-11.103490
-11.143015
-11.201709
-11.177966
-11.126634
-11.098588
-11.058791
-11.052763
-11.058063
-11.049929
-11.044963
-10.989378
-10.912318
-10.840613
-10.755763
-10.721774
-10.703833
-10.670133
-10.642635
-10.629976
-10.624869
-10.625416
-10.633478
-10.549363
-10.430148
-10.322732
-10.194127
-10.227975
-10.322265
-10.387712
-10.486412
-10.529336
-10.561056
-10.629375
-10.702110
-10.590605
-10.406653
-10.235506
-10.016349
-9.994213
-10.034766
-10.017227
-10.025210
-9.997891
-9.961359
-9.952307
-9.946892
-9.956535
-9.977200
-10.001199
-10.033376
-10.019305
-9.989740
-9.970662
-9.943888
-9.937030
-9.936151
-9.926530
-9.918100
-9.792023
-9.615519
-9.445252
-9.241550
-9.321457
-9.507032
-9.645817
-9.844242
-9.769464
-9.601431
-9.506544
-9.370150
-9.342020
-9.348251
-9.307428
-9.274151
-9.239586
-9.203028
-9.173961
-9.147011
-9.113283
-9.078458
-9.046175
-9.013743
-8.976228
-8.936750
-8.897356
-8.856539
-8.817580
-8.778753
-8.738375
-8.697595
-8.677651
-8.666219
-8.653461
-8.646334
-8.633309
-8.620273
-8.613309
-8.608299
-8.540270
-8.446985
-8.358489
-8.253521
-8.167507
-8.082345
-7.979354
-7.871183
-7.876832
-7.926597
-7.965950
-8.033599
-8.063394
-8.089241
-8.145927
-8.209877
-8.147195
-8.037300
-7.940630
-7.814053
-7.734320
-7.661904
-7.556616
-7.445729
-7.469218
-7.543778
-7.606489
-7.702319
-7.584857
-7.390906
-7.240341
-7.049807
-7.115121
-7.275161
-7.383141
-7.540451
-7.381699
-7.106069
-6.894716
-6.622476
-6.626906
-6.727331
-6.753309
-6.821890
-6.766535
-6.670526
-6.623371
-6.564830
-6.563027
-6.585204
-6.593536
-6.613221
-6.623164
-6.632816
-6.654532
-6.680212
-6.636285
-6.565876
-6.502669
-6.422745
-6.397418
-6.388252
-6.359484
-6.335731
-6.254079
-6.148066
-6.049584
-5.936759
-5.836782
-5.736348
-5.620573
-5.499417
-5.481001
-5.502153
-5.513183
-5.549328
-5.550867
-5.548380
-5.573303
-5.604336
-5.571884
-5.518185
-5.473768
-5.416620
-5.420126
-5.444458
-5.453071
-5.471177
-5.422647
-5.348548
-5.287024
-5.211813
-5.156955
-5.105674
-5.039447
-4.970692
-4.919385
-4.872735
-4.822597
-4.775005
-4.716296
-4.653680
-4.594151
-4.532928
-4.509977
-4.502844
-4.492331
-4.491846
-4.481415
-4.471094
-4.471554
-4.475600
-4.377250
-4.238152
-4.107266
-3.949938
-3.830106
-3.714708
-3.570385
-3.419803
-3.459419
-3.573969
-3.673609
-3.822159
-3.767478
-3.647663
-3.587124
-3.499763
-3.457433
-3.427972
-3.369275
-3.308938
-3.412209
-3.581230
-3.741266
-3.945615
-3.852440
-3.652483
-3.511154
-3.313227
-3.226439
-3.166627
-3.043900
-2.918812
-2.950953
-3.042225
-3.123775
-3.245547
-3.138747
-2.952510
-2.817687
-2.643313
-2.627240
-2.665435
-2.656269
-2.669145
-2.621918
-2.554431
-2.511976
-2.464313
-2.395613
-2.318171
-2.236445
-2.146571
-2.121310
-2.119270
-2.105977
-2.105619
-2.071201
-2.027161
-1.997890
-1.966787
-1.952722
-1.946612
-1.937990
-1.933829
-1.929735
-1.927494
-1.929850
-1.935037
-1.917780
-1.892785
-1.871726
-1.846339
-1.782728
-1.701240
-1.616952
-1.519048
-1.427529
-1.332048
-1.222175
-1.104998
-1.059511
-1.039580
-1.008883
-0.993173
-0.948864
-0.898270
-0.864337
-0.831519
-0.749580
-0.649027
-0.551879
-0.442256
-0.350619
-0.261149
-0.158017
-0.051992
0.029616
0.103638
0.181815
0.255620
0.170131
0.015254
-0.137248
-0.338124
-0.364335
-0.338644
-0.370539
-0.384120
-0.258118
-0.070240
0.130120
0.379569
0.413556
0.380189
0.407026
0.405102
0.391857
0.366693
0.312723
0.239711
0.287925
0.375748
0.438404
0.521748
0.549091
0.559634
0.593809
0.624237
0.671394
0.726415
0.777024
0.831212
0.884943
0.939691
0.998128
1.058563
1.083387
1.094387
1.109019
1.114948
1.132505
1.151315
1.160643
1.167756
1.231812
1.318055
1.399474
1.495267
1.546796
1.585717
1.641388
1.693589
1.600225
1.445070
1.292734
1.097228
1.273757
1.588656
1.842847
2.175444
2.199664
2.122983
2.140279
2.117625
2.163126
2.228857
2.251041
2.271392
2.288866
2.299644
2.308304
2.312621
2.302780
2.284655
2.262627
2.233558
2.300458
2.404480
2.497043
2.612290
2.698833
2.782579
2.890951
3.005452
3.054721
3.081714
3.118058
3.141035
3.125500
3.088304
3.039006
2.970329
2.969690
2.987639
2.982498
2.983448
2.989712
2.998648
3.013475
3.032623
3.063724
3.102559
3.145399
3.194833
3.229625
3.261702
3.301268
3.341198
3.453602
3.597807
3.739324
3.902273
3.911889
3.866022
3.848930
3.801846
3.829150
3.877099
3.891021
3.908017
3.954043
4.010260
4.068135
4.134565
4.214152
4.303521
4.401192
4.508372
4.492987
4.430786
4.383780
4.308322
4.344982
4.417625
4.456103
4.508777
4.512071
4.497389
4.499261
4.494523
4.515021
4.544913
4.567006
4.592855
4.611357
4.627668
4.648121
4.668532
4.626574
4.558497
4.493098
4.409995
4.519968
4.704081
4.861563
5.062903
5.072889
5.019186
5.018921
4.991286
5.043293
5.122021
5.169406
5.224410
5.214034
5.176090
5.148602
5.105723
5.119088
5.150280
5.163196
5.182645
5.128805
5.044907
4.970786
4.878980
4.988815
5.177196
5.338653
5.546812
5.589778
5.581490
5.628455
5.657420
5.762272
5.896830
6.009922
6.135835
6.137883
6.090961
6.062483
6.005788
5.984724
5.967552
5.919781
5.864587
5.854582
5.857087
5.849716
5.848790
5.985203
6.182029
6.379527
6.620163
6.597668
6.483497
6.425333
6.320176
6.319626
6.347494
6.322651
6.299775
6.354387
6.437309
6.518507
6.620442
6.611240
6.564283
6.543572
6.504569
6.534882
6.588897
6.621196
6.662701
6.711718
6.765945
6.829206
6.899547
6.923095
6.931006
6.948336
6.957392
6.987184
7.022918
7.049267
7.076604
7.049188
6.997943
6.950007
6.886514
6.959606
7.083876
7.186179
7.317581
7.317225
7.272116
7.262636
7.233391
7.256856
7.297260
7.315215
7.337138
7.364985
7.394835
7.428358
7.465010
7.497189
7.529319
7.564911
7.601479
7.576764
7.526797
7.480510
7.417467
7.487675
7.607117
7.703498
7.827249
7.841796
7.820262
7.831585
7.828416
7.870530
7.928599
7.969976
8.016522
7.994849
7.944805
7.902920
7.843988
7.801430
7.758716
7.697713
7.630589
7.714491
7.857849
7.988214
8.156904
8.158723
8.106122
8.100287
8.071178
8.080383
8.099936
8.094117
8.086408
8.061611
8.025971
7.988910
7.944354
8.081160
8.291472
8.486194
8.727934
8.640338
8.432994
8.288395
8.079506
8.133164
8.275052
8.339567
8.440306
8.411024
8.335202
8.301869
8.251037
8.311646
8.415970
8.497714
8.602136
8.604318
8.571234
8.565853
8.544909
8.578752
8.631547
8.666089
8.707546
8.729425
8.744282
8.766998
8.787692
8.796159
8.799309
8.800957
8.798179
8.798835
8.798720
8.793863
8.786991
8.782904
8.778556
8.771964
8.764590
8.753213
8.739530
8.725192
8.709070
8.750592
8.815736
8.876543
8.952679
8.896483
8.790703
8.706463
8.594139
8.725898
8.950636
9.135949
9.373904
9.365118
9.271838
9.243376
9.176771
9.128631
9.077336
8.986276
8.878774
8.950498
9.086567
9.197571
9.347041
9.342703
9.288291
9.280131
9.251898
9.218188
9.177638
9.116914
9.043821
9.192213
9.426915
9.639102
9.905608
9.850025
9.680465
9.580843
9.423461
9.441817
9.515286
9.521944
9.544610
9.590699
9.647180
9.718691
9.803947
9.788299
9.737748
9.705897
9.654961
9.645963
9.647846
9.628314
9.609210
9.629545
9.664595
9.698217
9.742303
9.752360
9.752690
9.765308
9.774992
9.762745
9.741093
9.717448
9.686225
9.661266
9.635211
9.601025
9.563530
9.562057
9.573499
9.579897
9.594015
9.593831
9.590646
9.596029
9.602137
9.641827
9.697053
9.751649
9.816813
9.858111
9.894140
9.942134
9.990221
10.010726
10.020806
10.032267
10.036511
9.954987
9.833733
9.708716
9.554397
9.594921
9.704221
9.774758
9.881662
9.912610
9.924176
9.976356
10.028691
10.052356
10.068195
10.085755
10.097343
10.128277
10.164827
10.194374
10.225623
10.213088
10.181977
10.154460
10.115131
10.085908
10.055832
10.013122
9.965705
9.959226
9.966622
9.967282
9.975912
9.966377
9.952134
9.946871
9.941300
9.936412
9.932622
9.928555
9.924956
9.923609
9.923411
9.923598
9.924726
9.980155
10.059170
10.136821
10.230694
10.188209
10.095161
10.024774
9.925897
9.935406
9.980081
9.990770
10.014955
9.992880
9.953847
9.930508
9.901003
9.850501
9.789838
9.723821
9.648540
9.717570
9.843095
9.952767
10.097448
10.053442
9.943877
9.878562
9.781375
9.758107
9.756043
9.718149
9.682772
9.696249
9.727898
9.759763
9.805408
9.830770
9.853983
9.892337
9.933979
9.933089
9.917246
9.906760
9.887043
9.885300
9.887446
9.879303
9.870509
9.914436
9.979402
10.041339
10.117427
10.039248
9.901741
9.785510
9.634196
9.732243
9.922204
10.065266
10.257848
10.167615
9.975285
9.846040
9.665845
9.754845
9.941193
10.063694
10.233151
10.308408
10.358827
10.461408
10.564569
10.448558
10.245085
10.052077
9.799328
9.754048
9.770158
9.715565
9.681624
9.658003
9.640964
9.644297
9.660476
9.759354
9.901596
10.053733
10.239157
10.180951
10.035729
9.935549
9.787958
9.733756
9.701843
9.617185
9.530417
9.544602
9.595169
9.638781
9.707172
9.725947
9.734486
9.770760
9.808785
9.809087
9.797095
9.788761
9.772230
9.774857
9.782181
9.780222
9.778542
9.747790
9.703816
9.661312
9.610158
9.582193
9.560198
9.528262
9.497348
9.577753
9.704951
9.828330
9.983797
9.879795
9.680022
9.524624
9.315754
9.361785
9.495916
9.564057
9.672395
9.681982
9.661401
9.686164
9.705627
9.714135
9.720298
9.721808
9.719079
9.743242
9.776369
9.803911
9.836125
9.840629
9.834941
9.835240
9.830375
9.805026
9.769177
9.728913
9.679681
9.642250
9.605170
9.558263
9.508588
9.527824
9.574043
9.614348
9.672079
9.651952
9.606236
9.581868
9.546348
9.544323
9.553584
9.550026
9.549850
9.505249
9.441973
9.384011
9.314854
9.313490
9.336288
9.344617
9.365291
9.333331
9.283229
9.248060
9.205170
9.236105
9.296416
9.345669
9.411801
9.391198
9.340429
9.310783
9.266804
9.256407
9.255819
9.239114
9.223703
9.220019
9.220223
9.221135
9.225411
9.224998
9.224241
9.227175
9.231022
9.180949
9.108753
9.039856
8.956285
9.002216
9.096723
9.170483
9.271891
9.160255
8.968727
8.814841
8.616975
8.598151
8.638885
8.626672
8.638798
8.771767
8.961954
9.171705
9.429389
9.424815
9.333184
9.302635
9.229510
9.218430
9.220265
9.175838
9.124349
9.092878
9.061716
9.022014
8.980941
8.956140
8.936716
8.915104
8.896805
8.870696
8.842583
8.818219
8.793684
8.776601
8.763005
8.748941
8.737102
8.724424
8.712383
8.702677
8.694173
8.674386
8.650609
8.628581
8.604234
8.584459
8.565728
8.544412
8.522969
8.526429
8.540153
8.552651
8.572074
8.572602
8.568205
8.571782
8.574443
8.562263
8.544184
8.525860
8.503096
8.485474
8.467933
8.445571
8.421742
8.419366
8.424921
8.427992
8.435994
8.435959
8.434551
8.438575
8.443415
8.427346
8.403337
8.381119
8.353727
8.333814
8.314847
8.290218
8.264414
8.297596
8.354725
8.408051
8.477227
8.399281
8.265759
8.154958
8.012203
7.998820
8.027918
8.018539
8.026395
7.979660
7.913698
7.867626
7.815225
7.871817
7.973925
8.064942
8.184110
8.252567
8.311465
8.401603
8.495184
8.337296
8.077330
7.832019
7.518480
7.609051
7.841150
7.985315
8.201176
8.147223
8.002752
7.943433
7.849359
7.792540
7.744303
7.659158
7.566276
7.592649
7.662231
7.718368
7.801661
7.837622
7.864746
7.921913
7.982711
7.950732
7.884159
7.825583
7.744374
7.698141
7.657031
7.591047
7.520585
7.514737
7.531649
7.540942
7.564499
7.560672
7.551071
7.557357
7.564797
7.512843
7.437839
7.366718
7.280158
7.213879
7.149406
7.068108
6.982645
6.959037
6.958014
6.949879
6.955852
6.960127
6.969537
6.993568
7.026046
7.021993
7.007902
7.004248
6.996462
7.009893
7.031521
7.048040
7.068473
7.042501
6.998077
6.959665
6.910250
6.936331
6.990016
7.029104
7.082911
7.015020
6.900699
6.806746
6.686815
6.748333
6.877041
6.971195
7.101347
7.057437
6.952674
6.892404
6.804118
6.781496
6.778396
6.743818
6.711947
6.794941
6.924745
7.052149
7.212630
7.059210
6.787472
6.563490
6.271144
6.299626
6.437639
6.491430
6.594686
6.570211
6.505648
6.497127
6.480141
6.482900
6.496027
6.499985
6.506992
6.518144
6.531518
6.547796
6.566789
6.529659
6.470230
6.416054
6.347721
6.345117
6.364402
6.366239
6.377871
6.361716
6.336481
6.322444
6.305973
6.300196
6.299013
6.294939
6.292921
6.228292
6.137677
6.051868
5.949296
5.899574
5.864993
5.810820
5.761002
5.780663
5.829854
5.880401
5.952721
6.006381
6.062448
6.141869
6.230379
6.187338
6.095056
6.018041
5.910515
5.819938
5.723893
5.595655
5.452952
5.456137
5.511209
5.544760
5.608918
5.576381
5.514763
5.488826
5.454204
5.453908
5.467924
5.471755
5.481593
5.533474
5.604982
5.680814
5.772137
5.749494
5.686077
5.643642
5.578960
5.557794
5.546941
5.511348
5.474670
5.466041
5.466220
5.463868
5.467536
5.455920
5.440354
5.431659
5.422418
5.416802
5.413199
5.408930
5.405704
5.419328
5.440538
5.462098
5.489146
5.313491
5.054197
4.809326
4.509933
4.609371
4.854487
5.026083
5.276895
5.216791
5.053730
4.985492
4.876431
4.895140
4.959124
4.976094
5.007807
5.024720
5.037266
5.065337
5.096400
5.130746
5.169536
5.211406
5.257015
5.152273
4.985637
4.829379
4.632611
4.453022
4.262859
4.030104
3.776089
3.817273
3.969591
4.086837
4.272495
4.365499
4.447425
4.603886
4.777059
4.753601
4.662200
4.597170
4.490701
4.470118
4.469454
4.422399
4.374033
4.338579
4.303092
4.265323
4.227935
4.219714
4.223841
4.227087
4.238831
4.242348
4.246254
4.259306
4.275561
4.301542
4.334133
4.369691
4.410640
4.367893
4.292374
4.226067
4.139460
4.079116
4.021409
3.941630
3.856475
3.827695
3.818046
3.800226
3.793865
3.762119
3.724075
3.698922
3.673615
3.757801
3.889870
4.017160
4.176450
4.053937
3.826007
3.643315
3.400630
3.452373
3.606071
3.685332
3.811875
3.824208
3.802221
3.833511
3.859294
3.834586
3.791456
3.745225
3.683696
3.681593
3.697280
3.694542
3.698594
3.671324
3.631956
3.600820
3.564202
3.536013
3.509712
3.477438
3.444400
3.386454
3.316919
3.247619
3.170351
3.127699
3.096068
3.054698
3.018013
3.054964
3.124411
3.195457
3.290208
3.289800
3.260179
3.259213
3.246674
3.265508
3.295301
3.311990
3.331560
3.341274
3.346756
3.355542
3.362707
3.365355
3.365673
3.364533
3.361203
3.358439
3.354736
3.348729
3.341361
3.280680
3.196432
3.113056
3.013363
3.043470
3.121252
3.176553
3.258374
3.205714
3.105879
3.039117
2.950081
2.911832
2.888258
2.839699
2.792763
2.808588
2.849232
2.888652
2.945828
2.857039
2.714333
2.596291
2.448021
2.455180
2.516921
2.540865
2.590762
2.625418
2.661748
2.725302
2.799609
2.653555
2.421660
2.210614
1.944880
2.085710
2.376111
2.592536
2.890627
2.814199
2.608850
2.503599
2.340868
2.323497
2.351640
2.314809
2.287053
2.265469
2.243882
2.230907
2.222248
2.191474
2.154225
2.122466
2.087667
2.087412
2.101014
2.110022
2.127227
2.134850
2.141750
2.157511
2.175690
2.171373
2.159555
2.151280
2.138615
2.136352
2.136833
2.132350
2.128142
2.127941
2.129048
2.130228
2.132476
2.132514
2.132120
2.132927
2.133809
2.104011
2.061320
2.020038
1.970066
1.927968
1.885296
1.833300
1.777902
1.764898
1.767351
1.764380
1.770834
1.760994
1.748062
1.745546
1.744288
1.703242
1.646959
1.593776
1.530559
1.586939
1.689834
1.777210
1.892443
1.851961
1.756633
1.696734
1.609719
1.566477
1.532905
1.469659
1.402952
1.389844
1.394778
1.393584
1.403912
1.389038
1.368192
1.360311
1.352480
1.373086
1.407188
1.440219
1.482129
1.521099
1.562866
1.613942
1.669980
1.652036
1.605923
1.568209
1.513034
1.483138
1.456704
1.411173
1.361815
1.403658
1.480493
1.549282
1.640702
1.542661
1.373757
1.236385
1.059161
1.017565
1.018343
0.972270
0.940480
0.977471
1.045461
1.124898
1.231016
1.223947
1.182432
1.173508
1.150323
1.183145
1.236565
1.273068
1.317957
1.266263
1.175613
1.097672
0.996657
0.927300
0.861947
0.771444
0.675468
0.672195
0.703139
0.724221
0.766957
0.774478
0.776118
0.801614
0.830776
0.828993
0.818287
0.812900
0.802318
0.865942
0.959271
1.044064
1.147003
1.148764
1.115073
1.104461
1.076341
1.062181
1.048200
1.015678
0.976829
0.963499
0.956097
0.940899
0.927864
0.897096
0.858970
0.823787
0.784529
0.759515
0.738963
0.713604
0.689799
0.659593
0.626883
0.596020
0.564091
0.540760
0.520785
0.499350
0.479777
0.457673
0.435209
0.414771
0.394757
0.412298
0.446231
0.479002
0.522936
0.581827
0.652191
0.733457
0.826322
0.769488
0.655547
0.560155
0.430042
0.395200
0.386591
0.338079
0.294970
0.285361
0.288313
0.295095
0.312941
0.315714
0.317664
0.331747
0.349010
0.349109
0.344680
0.344379
0.341897
0.350228
0.362575
0.372229
0.383764
0.378267
0.366120
0.356633
0.343358
0.335171
0.327656
0.316021
0.303487
0.247681
0.172604
0.098429
0.011026
0.048481
0.132958
0.198366
0.290917
0.380924
0.480550
0.608232
0.752088
0.636619
0.421358
0.234246
-0.015113
0.028250
0.169976
0.234870
0.344161
0.332382
0.281758
0.281702
0.272140
0.274990
0.284020
0.283076
0.282099
0.284416
0.287063
0.289455
0.292240
0.302677
0.316526
0.330453
0.346821
0.206579
0.000853
-0.195593
-0.435359
-0.318776
-0.069884
0.118873
0.381777
0.284934
0.063399
-0.066348
-0.253566
-0.207934
-0.080437
-0.021742
0.070698
0.080271
0.063112
0.083911
0.099559
