-0.148202
-0.232395
-0.315838
-0.413578
-0.113286
0.349747
0.780825
1.316716
0.923636
0.181015
-0.413307
-1.206697
-1.232255
-1.008685
-0.505058
0.315782
0.865880
1.479083
1.464291
1.183192
0.540064
-0.448399
-1.083693
-1.768879
-1.739953
-1.393157
-0.677381
0.419970
1.172250
1.995585
2.053582
1.782689
1.158842
0.149650
-0.813277
-1.974470
-2.201866
-2.119945
-1.745995
-1.003959
-0.039819
1.222240
1.944590
2.600423
2.415142
1.783649
1.115276
0.133044
-0.744109
-1.727535
-2.344913
-2.845213
-2.533769
-1.783305
-0.943736
0.225433
1.150198
2.134860
2.666310
3.007109
2.722690
2.034911
1.173130
-0.017913
-1.006765
-2.082308
-2.676533
-3.085174
-2.947555
-2.439570
-1.759201
-0.774082
0.299633
1.572107
2.443073
3.245721
3.329066
3.031819
2.691675
2.078760
1.090232
-0.190486
-1.133961
-2.110638
-2.806788
-3.363422
-3.407244
-3.137781
-2.678874
-1.938248
-0.877413
0.471747
1.411917
2.347083
3.049094
3.606247
3.642556
3.364676
2.957446
2.292793
1.547858
0.634434
-0.543033
-1.920307
-2.697971
-3.342096
-3.722786
-3.865315
-3.723172
-3.320401
-2.681274
-1.789299
-0.834828
0.289750
1.264769
2.262483
3.038286
3.714464
4.026231
4.112758
3.922125
3.469423
2.792615
1.868292
1.069871
0.185302
-0.962696
-2.249820
-2.854322
-3.261461
-3.844145
-4.336753
-4.279075
-3.963628
-3.580059
-2.988442
-2.297810
-1.460340
-0.411232
0.807222
1.749372
2.675725
3.394002
3.987083
4.286199
4.379534
4.354290
4.151031
3.769589
3.216356
2.485587
1.579905
0.582860
-0.553826
-1.432966
-2.277634
-2.981216
-3.581341
-4.149818
-4.641407
-4.731995
-4.612577
-4.430606
-4.081145
-3.537345
-2.825743
-1.948643
-0.901911
-0.137829
0.603002
1.532932
2.502499
3.153763
3.708186
4.318867
4.874399
4.985809
4.888359
4.753418
4.457621
4.013251
3.426313
2.678971
1.780837
1.041799
0.282807
-0.640415
-1.626021
-2.483089
-3.332090
-3.895739
-4.320581
-4.710840
-4.991122
-5.126937
-5.146084
-4.965028
-4.628817
-4.179317
-3.587707
-2.990679
-2.312755
-1.487055
-0.559995
0.222631
1.006946
1.903589
2.833525
3.419221
3.885939
4.402856
4.848927
5.113861
5.273839
5.368687
5.367459
5.175325
4.850042
4.433017
3.894346
3.291927
2.595663
1.775495
0.851878
0.140814
-0.541408
-1.340865
-2.154183
-2.809032
-3.415363
-4.043806
-4.642141
-5.013394
-5.276259
-5.517922
-5.675727
-5.665877
-5.543148
-5.340671
-5.033612
-4.625676
-4.117365
-3.504509
-2.789450
-2.146303
-1.474789
-0.693547
0.140061
0.853717
1.552492
2.311520
3.076510
3.663326
4.183503
4.718013
5.208527
5.452696
5.572947
5.658389
5.644866
5.654008
5.622731
5.487754
5.292113
4.969594
4.553680
4.079614
3.523603
2.910007
2.227351
1.448550
0.590381
0.004424
-0.513081
-1.717508
-2.015128
-2.759552
-3.341886
-3.934143
-4.501976
-4.941430
-5.315864
-5.670629
-5.972963
-6.115225
-6.162725
-6.162694
-6.081082
-5.971432
-5.806590
-5.558128
-5.245254
-4.848082
-4.376002
-3.840214
-3.233290
-2.649494
-2.035458
-1.346280
-0.613407
-0.017112
0.549502
1.167834
1.779799
2.374295
2.963850
3.547980
4.125637
4.590949
5.004850
5.416851
5.792056
6.059633
6.263969
6.434841
6.550441
6.535372
6.435258
6.283298
6.055587
5.855341
5.625793
5.316234
4.961809
4.513811
3.996500
3.436144
2.815082
2.280102
1.748745
1.150494
0.534593
-0.046133
-0.627246
-1.228679
-1.835214
-2.437120
-3.041598
-3.651719
-4.264957
-4.711028
-5.088029
-5.475509
-5.817378
-6.090407
-6.313880
-6.493191
-6.623199
-6.730144
-6.799496
-6.818454
-6.795911
-6.674370
-6.485923
-6.258382
-5.972371
-5.656120
-5.295464
-4.875274
-4.405741
-4.001592
-3.595836
-3.135710
-2.658620
-2.101293
-1.496117
-0.876409
-0.219599
0.294007
0.765605
1.281901
1.782365
2.356852
2.960149
3.544223
4.141456
4.539228
4.856261
5.195364
5.484900
5.829394
6.176382
6.469866
6.747573
6.891519
6.965490
7.028471
7.039821
7.052630
7.040701
6.975175
6.875405
6.726402
6.534728
6.309303
6.044308
5.742868
5.403804
5.025080
4.607992
4.222237
3.827636
3.391654
2.937237
2.427163
1.880386
1.316597
0.722477
0.245892
-0.196697
-0.675887
-1.142273
-1.670835
-2.223727
-2.760976
-3.309554
-3.722841
-4.082215
-4.459025
-4.803664
-5.187055
-5.573707
-5.925523
-6.268148
-6.506850
-6.693337
-6.874514
-7.017959
-7.167452
-7.301276
-7.395737
-7.466746
-7.460496
-7.406214
-7.330674
-7.215400
-7.084925
-6.927112
-6.728654
-6.498480
-6.268764
-6.020078
-5.738218
-5.433401
-5.086373
-4.707115
-4.305648
-3.875159
-3.498495
-3.128782
-2.726528
-2.319384
-1.865181
-1.385218
-0.901963
-0.400254
0.038084
0.458453
0.900685
1.337089
1.807219
2.291283
2.768035
3.251775
3.653044
4.021723
4.401134
4.761106
5.145451
5.532192
5.897846
6.258231
6.527233
6.752648
6.867110
6.904261
7.601918
7.312233
7.583491
7.700688
7.766716
7.798173
7.811877
7.796409
7.764383
7.709763
7.625516
7.516323
7.404308
7.276265
7.122284
6.949456
6.744905
6.515277
6.267301
5.996408
5.722496
5.434617
5.122999
4.794415
4.439466
4.062836
3.669591
3.256324
2.881042
2.510781
2.118024
1.722070
1.293056
0.846093
0.397068
-0.064746
-0.465980
-0.847650
-1.245186
-1.633891
-2.049943
-2.475172
-2.890206
-3.308099
-3.672997
-4.015607
-4.363380
-4.697294
-5.043674
-5.389410
-5.720303
-6.045899
-6.305640
-6.533306
-6.758210
-6.959934
-7.168168
-7.368018
-7.543570
-7.705543
-7.827630
-7.923810
-8.007460
-8.069415
-8.120939
-8.156532
-8.170016
-8.165524
-8.150885
-8.121164
-8.073096
-8.009078
-7.923939
-7.820395
-7.701106
-7.564256
-7.407419
-7.232180
-7.039499
-6.828658
-6.601393
-6.356781
-6.093940
-5.813474
-5.550659
-5.285165
-5.000520
-4.708341
-4.389800
-4.054484
-3.712352
-3.356668
-3.018723
-2.681254
-2.328936
-1.972402
-1.596758
-1.209435
-0.818453
-0.418418
-0.053695
0.300632
0.665883
1.027171
1.406645
1.793157
2.174870
2.559764
2.900202
3.222707
3.550384
3.867150
4.196244
4.526018
4.844008
5.158607
5.423329
5.663991
5.903200
6.125235
6.352622
6.574085
6.777528
6.971093
7.180705
7.390608
7.589452
7.785425
7.962779
8.129694
8.294353
8.451188
8.527289
8.565132
8.598340
8.603098
8.619394
8.626776
8.604174
8.565859
8.545937
8.523303
8.483371
8.436756
8.361853
8.269950
8.172211
8.061027
7.940300
7.808594
7.663336
7.506155
7.336878
7.155431
6.962057
6.756624
6.534541
6.298460
6.050519
5.789209
5.516993
5.232616
4.934776
4.624354
4.369756
4.131589
3.877884
3.631178
3.355035
3.068001
2.789358
2.506066
2.184604
1.845611
1.503516
1.147845
0.799585
0.447788
0.081593
-0.291602
-0.608082
-0.905234
-1.212192
-1.508258
-1.829007
-2.156193
-2.471119
-2.786458
-3.091169
-3.390253
-3.690126
-3.986572
-4.282288
-4.576171
-4.866544
-5.154488
-5.398182
-5.621539
-5.844260
-6.052495
-6.268116
-6.480025
-6.676614
-6.865727
-7.068421
-7.271769
-7.466670
-7.659722
-7.837826
-8.007808
-8.176453
-8.339140
-8.454958
-8.547899
-8.636683
-8.708015
-8.784704
-8.855054
-8.907075
-8.948893
-8.999123
-9.046210
-9.082228
-9.112954
-9.126513
-9.129114
-9.126890
-9.115660
-9.081650
-9.033218
-8.976406
-8.906858
-8.832905
-8.750222
-8.654478
-8.548619
-8.437994
-8.319218
-8.190074
-8.052193
-7.902011
-7.741405
-7.572202
-7.393154
-7.236719
-7.084382
-6.920809
-6.756771
-6.575393
-6.385229
-6.195242
-5.999375
-5.781143
-5.550658
-5.315054
-5.069161
-4.823214
-4.571881
-4.309859
-4.040759
-3.780535
-3.519640
-3.250950
-2.979568
-2.696151
-2.405526
-2.112572
-1.813975
-1.545342
-1.286569
-1.020644
-0.759468
-0.485013
-0.206377
0.066827
0.341085
0.607020
0.869332
1.133052
1.394791
1.657902
1.920818
2.181636
2.441615
2.707661
2.975674
3.242540
3.510482
3.775531
4.039732
4.305162
4.570412
4.796277
5.005430
5.216103
5.415422
5.624492
5.832552
6.028449
6.219729
6.425287
6.633468
6.836158
7.039253
7.230875
7.417223
7.604441
7.788343
7.936560
8.068131
8.197814
8.315116
8.438214
8.557776
8.664256
8.764125
8.871928
8.978623
9.078030
9.174656
9.259194
9.336515
9.411420
9.480636
9.525067
9.556029
9.582151
9.597278
9.612333
9.621693
9.619635
9.610042
9.601211
9.587965
9.566796
9.540267
9.503020
9.457862
9.407554
9.350214
9.297923
9.243940
9.182418
9.117429
9.043045
8.962241
8.878194
8.788764
8.687316
8.577889
8.463382
8.341701
8.216892
8.086851
7.949479
7.806205
7.665298
7.521855
7.372143
7.218826
7.057170
6.889613
6.718634
6.542551
6.357774
6.166543
5.970376
5.768164
5.562225
5.351345
5.134329
4.911991
4.715874
4.527770
4.332978
4.141873
3.937551
3.728626
3.524032
3.317725
3.094393
2.863471
2.631544
2.393831
2.159940
1.924858
1.683612
1.439591
1.217423
1.002601
0.783913
0.569337
0.344991
0.118005
-0.104334
-0.326967
-0.560890
-0.799261
-1.037414
-1.278754
-1.516232
-1.753537
-1.994306
-2.236059
-2.450597
-2.654381
-2.860386
-3.059414
-3.267013
-3.475224
-3.675862
-3.874473
-4.084133
-4.296742
-4.506716
-4.718120
-4.922652
-5.124653
-5.328409
-5.530999
-5.714339
-5.889128
-6.063552
-6.231776
-6.404100
-6.575224
-6.739749
-6.901339
-7.067912
-7.234531
-7.397844
-7.560299
-7.716793
-7.870000
-8.022549
-8.172647
-8.300523
-8.417727
-8.533345
-8.640934
-8.751407
-8.859177
-8.958498
-9.053263
-9.152620
-9.250901
-9.344201
-9.435363
-9.518576
-9.596879
-9.673272
-9.745709
-9.805484
-9.857815
-9.906583
-9.949005
-9.990200
-10.027522
-10.058299
-10.084348
-10.109256
-10.130771
-10.147387
-10.160207
-10.166880
-10.168640
-10.166697
-10.160226
-10.155115
-10.148069
-10.136247
-10.121630
-10.101305
-10.076736
-10.049481
-10.018490
-9.980563
-9.937648
-9.891144
-9.840041
-9.786296
-9.728891
-9.666810
-9.600746
-9.528504
-9.451270
-9.370142
-9.284363
-9.194924
-9.101336
-9.003061
-8.900460
-8.794860
-8.685460
-8.571673
-8.453922
-8.331414
-8.204560
-8.073772
-7.938770
-7.819082
-7.703519
-7.582902
-7.463689
-7.335610
-7.203882
-7.073949
-6.942132
-6.798674
-6.649571
-6.499033
-6.344006
-6.190569
-6.035553
-5.875811
-5.713486
-5.558050
-5.403834
-5.246610
-5.089407
-4.926678
-4.761290
-4.596138
-4.429254
-4.256707
-4.080963
-3.903673
-3.723629
-3.543400
-3.361638
-3.177020
-2.990448
-2.811101
-2.633609
-2.453762
-2.274547
-2.090880
-1.905366
-1.720680
-1.535008
-1.344130
-1.150662
-0.956405
-0.760048
-0.564277
-0.367687
-0.168892
0.031164
0.217344
0.398443
0.581463
0.761451
0.946654
1.132858
1.315713
1.498165
1.687368
1.878899
2.069694
2.261983
2.451245
2.639841
2.830108
3.020453
3.193602
3.359649
3.526532
3.688620
3.855456
4.022154
4.183691
4.343471
4.509477
4.676763
4.841920
5.007430
5.168219
5.326940
5.486213
5.644252
5.791309
5.933173
6.074237
6.211364
6.350160
6.487737
6.621160
6.752420
6.885715
7.018421
7.148769
7.278053
7.403557
7.526704
7.648895
7.769173
7.893787
8.019248
8.142535
8.265753
8.385833
8.504315
8.622843
8.740311
8.853294
8.963877
9.073555
9.181248
9.289045
9.395859
9.500607
9.604027
9.681143
9.746226
9.811051
9.867343
9.928140
9.986828
10.036486
10.081790
10.135349
10.189424
10.238565
10.286722
10.326057
10.360656
10.394577
10.425057
10.464437
10.505921
10.543452
10.581230
10.613406
10.642895
10.672850
10.701150
10.720725
10.735861
10.749665
10.759898
10.770831
10.780247
10.785926
10.789378
10.788296
10.783844
10.777253
10.767693
10.756011
10.741807
10.724605
10.704720
10.683823
10.660920
10.635260
10.607381
10.576318
10.542570
10.506638
10.468182
10.427349
10.384089
10.338302
10.290049
10.239340
10.186163
10.130520
10.072412
10.011646
9.948332
9.882561
9.814270
9.743559
9.670377
9.594671
9.516477
9.444895
9.374694
9.301611
9.228650
9.150983
9.071065
8.991452
8.910416
8.823470
8.733374
8.642062
8.548131
8.454387
8.359365
8.261615
8.162125
8.056188
7.946402
7.835072
7.720599
7.605229
7.487842
7.367227
7.244199
7.121431
6.997302
6.870637
6.742282
6.610620
6.476490
6.340734
6.202780
6.082667
5.968943
5.852160
5.738960
5.618874
5.497213
5.379532
5.262078
5.134740
5.003725
4.873401
4.740602
4.611613
4.483159
4.351983
4.220304
4.078202
3.931141
3.783987
3.633365
3.483975
3.333475
3.179332
3.023249
2.870906
2.718860
2.564615
2.409970
2.251493
2.090966
1.930172
1.767898
1.627913
1.496689
1.362971
1.234656
1.099463
0.963612
0.833631
0.705112
0.565877
0.423387
0.282920
0.140652
0.004129
-0.130578
-0.267381
-0.403615
-0.550676
-0.702301
-0.852887
-1.006316
-1.157217
-1.308264
-1.462356
-1.617543
-1.767260
-1.915486
-2.065107
-2.214042
-2.366254
-2.519686
-2.672279
-2.825434
-2.959260
-3.085037
-3.212221
-3.334187
-3.461115
-3.587858
-3.708995
-3.828185
-3.955755
-4.085384
-4.212593
-4.340623
-4.463100
-4.583342
-4.704655
-4.824790
-4.953015
-5.084244
-5.213911
-5.345179
-5.473698
-5.601632
-5.731328
-5.861209
-5.985903
-6.108664
-6.231853
-6.353770
-6.477649
-6.601813
-6.724577
-6.847088
-6.954895
-7.056180
-7.157825
-7.255009
-7.355097
-7.454369
-7.548901
-7.641341
-7.739234
-7.837965
-7.934259
-8.030485
-8.121990
-8.211198
-8.300521
-8.388315
-8.481227
-8.575613
-8.668198
-8.761249
-8.851655
-8.940964
-9.030855
-9.120199
-9.205136
-9.288002
-9.370498
-9.451399
-9.533030
-9.614185
-9.693654
-9.772261
-9.839142
-9.900451
-9.961359
-10.018243
-10.076651
-10.133779
-10.186674
-10.237329
-10.291403
-10.345435
-10.396967
-10.447778
-10.494375
-10.538576
-10.582193
-10.623991
-10.668996
-10.714450
-10.757880
-10.800999
-10.841453
-10.880414
-10.919152
-10.956812
-10.969875
-10.971944
-11.131391
-11.350045
-10.637583
-11.331645
-11.162610
-11.186849
-11.209921
-11.231675
-11.252101
-11.271221
-11.288803
-11.304977
-11.319855
-11.333359
-11.345634
-11.356604
-11.366194
-11.374456
-11.381333
-11.386851
-11.391043
-11.393888
-11.394881
-11.394314
-11.392421
-11.389038
-11.384436
-11.378476
-11.371014
-11.362149
-11.352121
-11.340781
-11.328026
-11.313931
-11.298344
-11.281344
-11.263010
-11.243289
-11.222799
-11.201192
-11.178171
-11.153942
-11.128192
-11.101080
-11.072772
-11.043156
-11.011906
-10.979222
-10.945245
-10.909872
-10.873303
-10.835436
-10.796164
-10.755561
-10.713342
-10.669664
-10.624664
-10.578247
-10.530544
-10.481491
-10.431015
-10.379165
-10.326104
-10.271734
-10.215982
-10.158900
-10.100389
-10.040501
-9.979287
-9.916713
-9.859951
-9.804885
-9.748149
-9.692112
-9.632985
-9.572694
-9.513248
-9.453287
-9.389254
-9.323335
-9.257068
-9.189337
-9.122366
-9.054995
-8.986074
-8.916387
-8.842265
-8.765734
-8.688588
-8.609582
-8.530463
-8.450358
-8.368328
-8.285005
-8.202477
-8.119477
-8.035090
-7.949974
-7.862869
-7.774429
-7.685311
-7.595068
-7.511909
-7.431166
-7.348948
-7.267984
-7.184040
-7.099259
-7.015893
-6.932421
-6.844629
-6.755098
-6.665655
-6.574978
-6.485677
-6.396391
-6.305769
-6.214732
-6.119362
-6.021813
-5.924009
-5.824618
-5.725483
-5.625686
-5.524232
-5.421790
-5.320619
-5.219350
-5.116990
-5.014255
-4.909782
-4.804278
-4.698452
-4.591822
-4.491448
-4.393326
-4.294099
-4.196119
-4.095768
-3.994876
-3.895368
-3.795945
-3.692946
-3.588612
-3.484530
-3.379551
-3.275936
-3.172509
-3.068096
-2.963495
-2.855406
-2.745641
-2.635824
-2.524831
-2.414210
-2.303191
-2.190937
-2.078011
-1.966324
-1.854718
-1.742353
-1.629834
-1.516009
-1.401477
-1.286835
-1.171677
-1.067591
-0.967962
-0.867321
-0.769510
-0.668495
-0.567335
-0.469236
-0.372032
-0.269850
-0.166294
-0.063903
0.039163
0.139256
0.238278
0.338118
0.437489
0.542073
0.648743
0.754709
0.861904
0.967641
1.073258
1.180206
1.287510
1.391909
1.495381
1.599356
1.702803
1.807691
1.912998
2.017699
2.122493
2.224832
2.326107
2.427577
2.528371
2.629665
2.730874
2.831364
2.931562
3.032969
3.134677
3.236025
3.337489
3.438167
3.538527
3.639038
3.739381
3.840386
3.941610
4.042633
4.143743
4.244579
4.345319
4.446159
4.546967
4.647222
4.747237
4.847244
4.947077
5.047044
5.146987
5.246742
5.346421
5.435672
5.520429
5.605555
5.687627
5.772101
5.856204
5.937046
6.016581
6.099967
6.184033
6.266555
6.349146
6.428590
6.506564
6.584734
6.661964
6.743507
6.826466
6.908268
6.990698
7.071258
7.151193
7.231850
7.312324
7.389620
7.465555
7.541443
7.616336
7.692045
7.767629
7.842149
7.916243
7.988917
8.060675
8.132045
8.202671
8.272920
8.342619
8.411561
8.479882
8.543055
8.603667
8.663853
8.722113
8.820879
8.935932
9.047241
9.168878
9.045794
8.823024
9.068986
9.441765
9.426959
9.356299
9.437352
9.515743
9.570312
9.629562
9.688290
9.746467
9.804139
9.861283
9.917874
9.973928
10.025599
10.075096
10.124222
10.171707
10.219583
10.266818
10.312335
10.356861
10.402304
10.447492
10.491601
10.535229
10.577184
10.618088
10.658557
10.698170
10.738897
10.779651
10.819468
10.859017
10.897361
10.934967
10.972340
11.009140
11.044248
11.078343
11.111917
11.144614
11.177113
11.209063
11.240109
11.270494
11.300341
11.329554
11.358096
11.386000
11.413138
11.439580
11.465387
11.490518
11.514993
11.538805
11.561939
11.584404
11.606200
11.627326
11.647783
11.667571
11.686460
11.704582
11.722045
11.738772
11.754886
11.770324
11.785023
11.799025
11.812444
11.825211
11.837276
11.848676
11.859338
11.869301
11.878600
11.887211
11.895338
11.902866
11.909698
11.915901
11.921374
11.926168
11.930338
11.933847
11.936584
11.938618
11.939995
11.940681
11.940745
11.940149
11.938861
11.936902
11.934186
11.930761
11.941622
11.958149
11.859132
11.715119
12.246001
11.754799
11.887875
11.879083
11.869605
11.859459
11.848613
11.837083
11.824885
11.812009
11.800596
11.789417
11.777466
11.765453
11.752244
11.738416
11.724568
11.710294
11.694532
11.677935
11.660962
11.643279
11.625551
11.607431
11.588577
11.569221
11.548270
11.526327
11.503929
11.480703
11.457171
11.433073
11.408128
11.382525
11.356886
11.330835
11.304096
11.276869
11.248775
11.220011
11.190772
11.160925
11.129380
11.096778
11.063616
11.029540
10.995161
10.960166
10.924233
10.887580
10.850700
10.813287
10.775130
10.736384
10.696733
10.656342
10.615373
10.573716
10.532023
10.489931
10.447123
10.403819
10.359703
10.314932
10.269678
10.223826
10.177014
10.129462
10.081329
10.032500
9.983194
9.933299
9.882699
9.831472
9.787439
9.746097
9.703792
9.663099
9.619859
9.576190
9.520979
9.460386
9.498533
9.574950
9.050278
9.434324
9.263611
9.219039
9.173633
9.128240
9.078783
9.027515
8.976428
8.924140
8.872598
8.820830
8.767787
8.714175
8.662306
8.610777
8.558574
8.506427
8.452937
8.398831
8.344836
8.290458
8.231850
8.171273
8.110483
8.048231
7.986678
7.924715
7.861207
7.796925
7.733595
7.670145
7.605839
7.541213
7.475161
7.408260
7.341084
7.273241
7.207053
7.141228
7.074639
7.008072
6.940393
6.872170
6.804011
6.735505
6.665371
6.594387
6.523117
6.451154
6.379280
6.307089
6.234175
6.160815
6.097636
6.038502
5.978462
5.921010
5.860450
5.799685
5.741726
5.684536
5.622955
5.560164
5.498380
5.435993
5.376239
5.317431
5.257891
5.198763
5.134386
5.067891
5.002042
4.934920
4.869236
4.803636
4.736662
4.669293
4.604729
4.541028
4.476788
4.413020
4.347786
4.282094
4.216949
4.151667
4.081210
4.008544
3.935964
3.861837
3.789001
3.715998
3.641340
3.566036
3.492337
3.418843
3.344599
3.270301
3.194506
3.117971
3.041438
2.964401
2.889924
2.816300
2.742043
2.668188
2.593238
2.517944
2.443108
2.368190
2.291496
2.214057
2.136613
2.058629
1.981136
1.903599
1.825482
1.747150
1.677553
1.611510
1.544864
1.480551
1.413742
1.346900
1.282577
1.219046
1.152008
1.084116
1.017215
0.949964
0.885068
0.821116
0.756707
0.692796
0.624525
0.554584
0.485343
0.415154
0.346353
0.277773
0.208159
0.138355
0.071096
0.004723
-0.061966
-0.128103
-0.195349
-0.262841
-0.329719
-0.396567
-0.467483
-0.540050
-0.612407
-0.685880
-0.758154
-0.830418
-0.903887
-0.977737
-1.050148
-1.122252
-1.194823
-1.267296
-1.340840
-1.414843
-1.488703
-1.562831
-1.634714
-1.705754
-1.777165
-1.848102
-1.919792
-1.991619
-2.062924
-2.134153
-2.206689
-2.279690
-2.352550
-2.425706
-2.498315
-2.570816
-2.643645
-2.716506
-2.782018
-2.844452
-2.907238
-2.967953
-3.030579
-3.093085
-3.153368
-3.212851
-3.275079
-3.337865
-3.399687
-3.461651
-3.521526
-3.580477
-3.639657
-3.698281
-3.760350
-3.823650
-3.886226
-3.949436
-4.011355
-4.072946
-4.135242
-4.197548
-4.257608
-4.316793
-4.376090
-4.434787
-4.494250
-4.553769
-4.612635
-4.671330
-4.733234
-4.796354
-4.859153
-4.922727
-4.985164
-5.047447
-5.110577
-5.173875
-5.235838
-5.297402
-5.359204
-5.420779
-5.483090
-5.545634
-5.607912
-5.670264
-5.730619
-5.790130
-5.849802
-5.908936
-5.968543
-6.028117
-6.087115
-6.145902
-6.205621
-6.265577
-6.325269
-6.385060
-6.444252
-6.503208
-6.562289
-6.621248
-6.674357
-6.724933
-6.775636
-6.824587
-6.874881
-6.924939
-6.973126
-7.020549
-7.069954
-7.119647
-7.168448
-7.217215
-7.264217
-7.310358
-7.356531
-7.402128
-7.450267
-7.499220
-7.547468
-7.596065
-7.643514
-7.690564
-7.738020
-7.785341
-7.830771
-7.875376
-7.919925
-7.963863
-8.008255
-8.052548
-8.096189
-8.139554
-8.185251
-8.231741
-8.277841
-8.324392
-8.369922
-8.415188
-8.460963
-8.506723
-8.551310
-8.595445
-8.639618
-8.683472
-8.727749
-8.772061
-8.816024
-8.859899
-8.902087
-8.943478
-8.984849
-9.025659
-9.066691
-9.107552
-9.147824
-9.187788
-9.228328
-9.268906
-9.309137
-9.349298
-9.388853
-9.428081
-9.467260
-9.506201
-9.543196
-9.579245
-9.615131
-9.650299
-9.685700
-9.720847
-9.755240
-9.789216
-9.823555
-9.857774
-9.891540
-9.925097
-9.957946
-9.990349
-10.022560
-10.054406
-10.086897
-10.119470
-10.151636
-10.183735
-10.215276
-10.246505
-10.277687
-10.308643
-10.338812
-10.368537
-10.398061
-10.427208
-10.456319
-10.485217
-10.513725
-10.541963
-10.570578
-10.599186
-10.627495
-10.655714
-10.683470
-10.710955
-10.738364
-10.765564
-10.792278
-10.818679
-10.844885
-10.870809
-10.896633
-10.922261
-10.947600
-10.972715
-10.997189
-11.021254
-11.045111
-11.068621
-11.091988
-11.115109
-11.137874
-11.160358
-11.182788
-11.205026
-11.226971
-11.248697
-11.270063
-11.291143
-11.312008
-11.332609
-11.352310
-11.371482
-11.390418
-11.408910
-11.427308
-11.445432
-11.463099
-11.480433
-11.497733
-11.514813
-11.531547
-11.548027
-11.564064
-11.579758
-11.595205
-11.610340
-11.625523
-11.640554
-11.655256
-11.669754
-11.683871
-11.697695
-11.711320
-11.724682
-11.737581
-11.750138
-11.762442
-11.774429
-11.786222
-11.797757
-11.808970
-11.819905
-11.830827
-11.841579
-11.852040
-11.862297
-11.872199
-11.881823
-11.891248
-11.900420
-11.909225
-11.917733
-11.925994
-11.933972
-11.941743
-11.949266
-11.956503
-11.963481
-11.970033
-11.976252
-11.982218
-11.987876
-11.993307
-11.998470
-12.003321
-12.007890
-12.012268
-12.016400
-12.020245
-12.023833
-12.027107
-12.030097
-12.032832
-12.035292
-12.037900
-12.040415
-12.042638
-12.044708
-12.046406
-12.047843
-12.049137
-12.050207
-12.050838
-12.051162
-12.051274
-12.051105
-12.050789
-12.050256
-12.049438
-12.048381
-12.046880
-12.045049
-12.042988
-12.040627
-12.038062
-12.035246
-12.032126
-12.028738
-12.025199
-12.021438
-12.017403
-12.013132
-12.008553
-12.003703
-11.998619
-11.993276
-11.987439
-11.981246
-11.974805
-11.968038
-11.961076
-11.953854
-11.946301
-11.938465
-11.930453
-11.922198
-11.913654
-11.904856
-11.895734
-11.886324
-11.876661
-11.866722
-11.856645
-11.846352
-11.835777
-11.824967
-11.813853
-11.802471
-11.790855
-11.778982
-11.766775
-11.754281
-11.741532
-11.728506
-11.715248
-11.701734
-11.687940
-11.673883
-11.662234
-11.651456
-11.640299
-11.629645
-11.618074
-11.606309
-11.595100
-11.583939
-11.571512
-11.558627
-11.545852
-11.532775
-11.520218
-11.507753
-11.494953
-11.482110
-11.467836
-11.452898
-11.437973
-11.422591
-11.407414
-11.392110
-11.376325
-11.360297
-11.344814
-11.329397
-11.313703
-11.297979
-11.281749
-11.265261
-11.248763
-11.232085
-11.213903
-11.194996
-11.175968
-11.156389
-11.137004
-11.117430
-11.097276
-11.076809
-11.056623
-11.036349
-11.015733
-10.994959
-10.973647
-10.951995
-10.930201
-10.908130
-10.886581
-10.865109
-10.843328
-10.821505
-10.799253
-10.776767
-10.754254
-10.731576
-10.708289
-10.684663
-10.660891
-10.636833
-10.612758
-10.588526
-10.563999
-10.539270
-10.515920
-10.493031
-10.469873
-10.446961
-10.423437
-10.399739
-10.376321
-10.352876
-10.328656
-10.304123
-10.279598
-10.254847
-10.243947
-10.238835
-10.128957
-9.978680
-10.442081
-9.975772
-10.077947
-10.051318
-10.024774
-9.998104
-9.971080
-9.943854
-9.916920
-9.889978
-9.862813
-9.835580
-9.807980
-9.780169
-9.752301
-9.724272
-9.695392
-9.666069
-9.636614
-9.606805
-9.577033
-9.547098
-9.516793
-9.486259
-9.455798
-9.425222
-9.394402
-9.363431
-9.332115
-9.300556
-9.268855
-9.236942
-9.205245
-9.173527
-9.141579
-9.109546
-9.077219
-9.044703
-9.012110
-8.979365
-8.946231
-8.912853
-8.879333
-8.845597
-8.811788
-8.777832
-8.743654
-8.709305
-8.677569
-8.646841
-8.615821
-8.585426
-8.554170
-8.522809
-8.492130
-8.461601
-8.429864
-8.397754
-8.365857
-8.333748
-8.302280
-8.271006
-8.239488
-8.208025
-8.175149
-8.141673
-8.108312
-8.074570
-8.041148
-8.007696
-7.973836
-7.939822
-7.906484
-7.873319
-7.839962
-7.806676
-7.772958
-7.739069
-7.705271
-7.671385
-7.636068
-7.600111
-7.564126
-7.527678
-7.491522
-7.455270
-7.418525
-7.381557
-7.344968
-7.308383
-7.271546
-7.234644
-7.197291
-7.159690
-7.122038
-7.084202
-7.046993
-7.009959
-6.972706
-6.935508
-6.897968
-6.860285
-6.822672
-6.784986
-6.746777
-6.708318
-6.669806
-6.631099
-6.592471
-6.553780
-6.514883
-6.475877
-6.438856
-6.402607
-6.366157
-6.330195
-6.293587
-6.256911
-6.220765
-6.184745
-6.147849
-6.110695
-6.073713
-6.036590
-5.999958
-5.963487
-5.926851
-5.890272
-5.852606
-5.814487
-5.776472
-5.738175
-5.700146
-5.662108
-5.623767
-5.585322
-5.547416
-5.509658
-5.471766
-5.433944
-5.395801
-5.357540
-5.319365
-5.281136
-5.241909
-5.202242
-5.162563
-5.122568
-5.082791
-5.042956
-5.002784
-4.962464
-4.922416
-4.882379
-4.842175
-4.801934
-4.761387
-4.720674
-4.679935
-4.639074
-4.598674
-4.558409
-4.517999
-4.477639
-4.437046
-4.396362
-4.355738
-4.315074
-4.274047
-4.232854
-4.191634
-4.150285
-4.109005
-4.067690
-4.026239
-3.984722
-3.945607
-3.907468
-3.869156
-3.831482
-3.793122
-3.754751
-3.717068
-3.679601
-3.641152
-3.602459
-3.550138
-3.491799
-3.540906
-3.631467
-3.093885
-3.505901
-3.335832
-3.296569
-3.257493
-3.218156
-3.179192
-3.140284
-3.101093
-3.061847
-3.023290
-2.984970
-2.946562
-2.908300
-2.869734
-2.831098
-2.792626
-2.754159
-2.714531
-2.674430
-2.634384
-2.594018
-2.553987
-2.513954
-2.473575
-2.433083
-2.392998
-2.352997
-2.312859
-2.272746
-2.232323
-2.191765
-2.151244
-2.110643
-2.070672
-2.030934
-1.991087
-1.951369
-1.911435
-1.871457
-1.831622
-1.791805
-1.751613
-1.711286
-1.670994
-1.630614
-1.590384
-1.550180
-1.509879
-1.469565
-1.430954
-1.393051
-1.355060
-1.317544
-1.279573
-1.241621
-1.204180
-1.166918
-1.129014
-1.090975
-1.053152
-1.015290
-0.977905
-0.940727
-0.903490
-0.866375
-0.828442
-0.790211
-0.752142
-0.713915
-0.675984
-0.638123
-0.600087
-0.562041
-0.524514
-0.487184
-0.449819
-0.412587
-0.375167
-0.337726
-0.300430
-0.263166
-0.225164
-0.186879
-0.148659
-0.110257
-0.072107
-0.033986
0.004334
0.042699
0.080769
0.118754
0.156801
0.194802
0.232978
0.271213
0.309395
0.347600
0.385355
0.422924
0.460536
0.498031
0.535642
0.573252
0.610737
0.648181
0.685844
0.723568
0.761239
0.798938
0.836508
0.874030
0.911587
0.949124
0.985705
1.021872
1.058060
1.093961
1.130085
1.166172
1.201953
1.237610
1.273586
1.309607
1.345483
1.381352
1.416936
1.452379
1.487827
1.523180
1.558959
1.594876
1.630677
1.666538
1.702208
1.737814
1.773489
1.809143
1.844484
1.879690
1.914889
1.949987
1.985162
2.020323
2.055377
2.090386
2.125759
2.161254
2.196687
2.232189
2.267530
2.302827
2.338203
2.373574
2.408762
2.443879
2.478999
2.514069
2.549203
2.584341
2.619423
2.654490
2.689289
2.723962
2.758630
2.793208
2.827820
2.862404
2.896894
2.931334
2.965864
3.000398
3.034876
3.069342
3.103711
3.138027
3.172335
3.206603
3.239669
3.272203
3.304749
3.336924
3.369351
3.401713
3.433680
3.465475
3.497663
3.529896
3.561931
3.593944
3.625581
3.657027
3.688465
3.719770
3.751562
3.783498
3.815276
3.847106
3.878690
3.910177
3.941727
3.973232
4.004343
4.035271
4.066170
4.096930
4.127763
4.158558
4.189206
4.219780
4.250834
4.282043
4.313154
4.344347
4.375311
4.406205
4.437193
4.468164
4.498871
4.529468
4.560060
4.590569
4.621155
4.651734
4.682225
4.712684
4.742774
4.772683
4.802574
4.832332
4.862123
4.891864
4.921467
4.950991
4.980622
5.010247
5.039785
5.069294
5.098661
5.127946
5.157206
5.186402
5.214512
5.242126
5.269721
5.296960
5.324395
5.351744
5.378717
5.405511
5.432617
5.459732
5.486644
5.513508
5.540013
5.566322
5.592594
5.618721
5.645255
5.671891
5.698358
5.724844
5.751083
5.777208
5.803361
5.829447
5.855155
5.880672
5.906136
5.931448
5.956797
5.982086
6.007216
6.032253
6.057668
6.083183
6.108586
6.134027
6.159242
6.184367
6.209541
6.234670
6.259544
6.284295
6.309010
6.333625
6.358274
6.382887
6.407394
6.431843
6.455946
6.479864
6.503735
6.527462
6.551187
6.574839
6.598343
6.621748
6.645214
6.668645
6.691971
6.715241
6.738360
6.761378
6.784345
6.807226
6.830623
6.854196
6.877657
6.901207
6.924537
6.947802
6.971168
6.994524
7.017560
7.040465
7.063375
7.086190
7.109104
7.132017
7.154829
7.177607
7.200066
7.222363
7.244638
7.266794
7.288966
7.311087
7.333084
7.355005
7.377017
7.399019
7.420938
7.442827
7.464586
7.486266
7.507920
7.529513
7.550703
7.571689
7.592629
7.613412
7.634226
7.654974
7.675558
7.696044
7.716590
7.737097
7.757499
7.777845
7.798035
7.818122
7.838157
7.858104
7.878163
7.898224
7.918190
7.938127
7.957939
7.977674
7.997385
8.017037
8.036517
8.055895
8.075218
8.094452
8.113663
8.132818
8.151880
8.170874
8.188433
8.205340
8.222237
8.238672
8.255364
8.271947
8.288040
8.303902
8.320216
8.336563
8.352645
8.368679
8.384237
8.399542
8.414815
8.429905
8.445499
8.461218
8.476725
8.492255
8.507481
8.522566
8.537685
8.552720
8.567280
8.581601
8.595856
8.609921
8.624034
8.638070
8.651907
8.665628
8.679948
8.694448
8.708800
8.723238
8.737362
8.751376
8.765491
8.779564
8.793272
8.806815
8.820331
8.833720
8.847189
8.860630
8.873935
8.887177
8.899932
8.912436
8.924895
8.937166
8.949456
8.961660
8.973669
8.985556
8.997557
9.009530
9.021370
9.033153
9.044734
9.056190
9.067593
9.078893
9.090739
9.102763
9.114657
9.126636
9.138372
9.150029
9.161785
9.173521
9.184897
9.196123
9.207343
9.218452
9.229659
9.240854
9.251931
9.262961
9.273648
9.284154
9.294626
9.304963
9.315305
9.325582
9.335719
9.345765
9.355896
9.366005
9.376016
9.385985
9.395807
9.405536
9.415226
9.424841
9.433997
9.442919
9.451783
9.460463
9.469171
9.477800
9.486237
9.494558
9.502939
9.511271
9.519479
9.527618
9.535575
9.543409
9.551178
9.558843
9.566625
9.574402
9.582065
9.589690
9.597168
9.604554
9.611905
9.619182
9.626262
9.633221
9.640111
9.646894
9.653646
9.660326
9.666897
9.673384
9.680474
9.687770
9.694952
9.702246
9.709283
9.716251
9.723344
9.730432
9.737184
9.743804
9.750433
9.756969
9.763618
9.770273
9.776826
9.783350
9.789475
9.795405
9.801322
9.807101
9.812918
9.818686
9.824308
9.829849
9.835518
9.841188
9.846767
9.852321
9.857724
9.863042
9.868340
9.873574
9.878428
9.883088
9.887698
9.892155
9.896637
9.901054
9.905311
9.909472
9.913678
9.917840
9.921900
9.925900
9.929752
9.933501
9.937195
9.940801
9.944514
9.948224
9.951839
9.955424
9.958885
9.962268
9.965624
9.968920
9.972048
9.975074
9.978044
9.980925
9.983781
9.986579
9.989284
9.991921
9.994085
9.996006
9.997875
9.999558
10.001263
10.002884
10.004312
10.005620
10.007016
10.008374
10.009603
10.010767
10.011740
10.012588
10.013377
10.014061
10.014834
10.015589
10.016232
10.016828
10.017288
10.017655
10.017980
10.018228
10.018290
10.018232
10.018104
10.017869
10.017595
10.017248
10.016791
10.016250
10.015852
10.015464
10.014981
10.014478
10.013826
10.013093
10.012343
10.011533
10.010557
10.009480
10.008347
10.007125
10.005882
10.004581
10.003190
10.001730
10.000069
9.998281
9.996430
9.994472
9.992472
9.990396
9.988211
9.985939
9.983656
9.981315
9.978884
9.976387
9.973779
9.971082
9.982354
9.999517
9.909870
9.779017
10.282082
9.826792
9.957641
9.955919
9.954453
9.953037
9.951124
9.949051
9.947053
9.944959
9.943110
9.941328
9.939437
9.937558
9.935136
9.932478
9.929854
9.927075
9.924406
9.921714
9.918859
9.915935
9.913258
9.910636
9.907931
9.905243
9.902382
9.899445
9.896533
9.893578
9.890011
9.886166
9.882302
9.878236
9.874285
9.870286
9.866073
9.861757
9.857597
9.853433
9.849156
9.844845
9.840335
9.835713
9.831063
9.826329
9.821848
9.817432
9.812917
9.808417
9.803767
9.799049
9.794353
9.789619
9.784658
9.779585
9.774483
9.769291
9.764125
9.758924
9.753630
9.748282
9.742356
9.736148
9.729910
9.723465
9.717082
9.710626
9.703954
9.697162
9.690524
9.683872
9.677088
9.670258
9.663212
9.656039
9.648826
9.641514
9.634345
9.627186
9.619918
9.612623
9.605187
9.597668
9.590127
9.582522
9.574712
9.566783
9.558797
9.550709
9.542604
9.534438
9.526167
9.517820
9.509709
9.501650
9.493503
9.485368
9.477073
9.468707
9.460360
9.451970
9.443396
9.434724
9.426017
9.417230
9.408453
9.399639
9.390742
9.381793
9.372612
9.363300
9.353943
9.344481
9.335002
9.325461
9.315811
9.306085
9.296382
9.286642
9.276820
9.266949
9.256967
9.246906
9.236797
9.226620
9.217949
9.209882
9.201678
9.193858
9.185594
9.177306
9.169434
9.161681
9.153261
9.144656
9.136206
9.127665
9.119524
9.111526
9.103417
9.095372
9.086593
9.077520
9.068543
9.059391
9.050442
9.041509
9.032386
9.023211
9.014438
9.005792
8.997073
8.988426
8.979575
8.970663
8.961833
8.952987
8.943310
8.933281
8.923272
8.913018
8.902977
8.892913
8.882588
8.872163
8.862008
8.851895
8.841664
8.831432
8.820961
8.810376
8.799798
8.789144
8.778902
8.768800
8.758601
8.748471
8.738173
8.727824
8.717552
8.707272
8.696714
8.686042
8.675373
8.664624
8.653957
8.643287
8.632530
8.621743
8.610168
8.598233
8.586301
8.574119
8.562073
8.549969
8.537599
8.525103
8.512877
8.500679
8.488337
8.475974
8.463348
8.450585
8.437811
8.424941
8.412326
8.399772
8.387107
8.374451
8.361639
8.348754
8.335883
8.322968
8.309805
8.296516
8.283192
8.269768
8.256366
8.242924
8.229377
8.215768
8.202545
8.189445
8.176265
8.163149
8.149851
8.136496
8.123215
8.109920
8.096405
8.082798
8.069186
8.055506
8.041888
8.028264
8.014566
8.000840
7.986827
7.972672
7.958499
7.944222
7.929966
7.915668
7.901262
7.886791
7.872402
7.858005
7.843538
7.829046
7.814442
7.799770
7.785078
7.770333
7.757595
7.745683
7.733631
7.722119
7.710065
7.698018
7.686553
7.675281
7.663173
7.650863
7.638793
7.626641
7.615050
7.603684
7.592212
7.580860
7.568590
7.555974
7.543520
7.530877
7.518536
7.506254
7.493762
7.481241
7.469282
7.457527
7.445715
7.434034
7.422126
7.410176
7.398371
7.386583
7.373744
7.360480
7.347282
7.333801
7.320636
7.307480
7.294019
7.280465
7.267305
7.254235
7.241051
7.227902
7.214479
7.200944
7.187457
7.173908
7.160937
7.148187
7.135349
7.122638
7.109745
7.096824
7.084042
7.071287
7.058206
7.045013
7.031863
7.018645
7.005573
6.992536
6.979422
6.966308
6.952206
6.937675
6.923185
6.908408
6.893846
6.879245
6.864337
6.849302
6.834656
6.820084
6.805362
6.790652
6.775637
6.760481
6.745350
6.730131
6.715280
6.700546
6.685706
6.670915
6.655959
6.640946
6.625989
6.611011
6.595749
6.580362
6.564966
6.549479
6.534058
6.518621
6.503086
6.487509
6.472470
6.457631
6.442725
6.427940
6.412954
6.397934
6.383047
6.368180
6.353065
6.337866
6.322700
6.307482
6.292383
6.277314
6.262187
6.247061
6.231599
6.215989
6.200395
6.184703
6.169076
6.153433
6.137686
6.121893
6.106243
6.090621
6.074946
6.059276
6.043498
6.027670
6.011853
5.996005
5.981334
5.967150
5.952884
5.938937
5.924678
5.910428
5.896520
5.882728
5.868442
5.854036
5.839774
5.825466
5.811490
5.797650
5.783747
5.769917
5.755565
5.741019
5.726570
5.712015
5.697636
5.683293
5.668834
5.654362
5.640215
5.626189
5.612133
5.598156
5.584051
5.569926
5.555887
5.541862
5.527199
5.512279
5.497401
5.482354
5.467500
5.452654
5.437625
5.422541
5.407700
5.392918
5.378068
5.363242
5.348251
5.333194
5.318168
5.303108
5.288398
5.273824
5.259199
5.244654
5.230000
5.215331
5.200749
5.186186
5.171426
5.156602
5.141805
5.126969
5.112224
5.097502
5.082736
5.067971
5.052675
5.037148
5.021645
5.005989
4.990450
4.974890
4.959167
4.943377
4.927800
4.912265
4.896650
4.881044
4.865274
4.849430
4.833601
4.817726
4.802048
4.786434
4.770765
4.755122
4.739394
4.723635
4.707908
4.692171
4.676283
4.660330
4.644373
4.628368
4.612400
4.596425
4.580398
4.564350
4.548600
4.532962
4.517288
4.501683
4.485971
4.470240
4.454586
4.438944
4.423167
4.407346
4.391545
4.375717
4.359957
4.344214
4.328442
4.312673
4.296721
4.280690
4.264670
4.248597
4.232562
4.216521
4.200424
4.184303
4.168264
4.152241
4.136191
4.120146
4.104044
4.087916
4.071795
4.055660
4.040914
4.026751
4.012514
3.998666
3.984469
3.970299
3.956545
3.942945
3.928796
3.914529
3.900447
3.886331
3.872618
3.859079
3.845489
3.832001
3.817910
3.803604
3.789429
3.775147
3.761092
3.747097
3.732981
3.718866
3.705155
3.691604
3.678035
3.664576
3.650983
3.637383
3.623903
3.610456
3.596312
3.581899
3.567552
3.553033
3.538751
3.524496
3.510053
3.495569
3.481373
3.467261
3.453092
3.438968
3.424677
3.410332
3.396039
3.381726
3.367828
3.354101
3.340336
3.326679
3.312918
3.299159
3.285516
3.271912
3.258107
3.244246
3.230436
3.216600
3.202886
3.189215
3.175514
3.161833
3.147502
3.132900
3.118348
3.103621
3.089061
3.074496
3.059743
3.044925
3.030393
3.015931
3.001389
2.986875
2.972175
2.957401
2.942664
2.927889
2.913384
2.898981
2.884525
2.870125
2.855633
2.841123
2.826672
2.812228
2.797612
2.782932
2.768267
2.753561
2.738921
2.724291
2.709615
2.694932
2.680636
2.666496
2.652331
2.638270
2.624094
2.609915
2.595848
2.581815
2.567635
2.553419
2.539245
2.525058
2.510972
2.496928
2.482865
2.468825
2.454576
2.440248
2.425952
2.411610
2.397334
2.383067
2.368751
2.354424
2.340216
2.326048
2.311864
2.297706
2.283494
2.269270
2.255073
2.240877
2.228090
2.215906
2.203661
2.191823
2.179651
2.167522
2.155827
2.144301
2.132239
2.120073
2.108109
2.096125
2.084562
2.073190
2.061782
2.050492
2.038615
2.026540
2.014612
2.002592
1.990815
1.979114
1.967308
1.955519
1.944150
1.932957
1.921761
1.910692
1.899505
1.888327
1.877284
1.866290
1.854607
1.842667
1.830809
1.818793
1.807031
1.795313
1.783420
1.771500
1.759888
1.748376
1.736822
1.725329
1.713683
1.701996
1.690380
1.678757
1.667569
1.656570
1.645547
1.634649
1.623662
1.612692
1.601855
1.591073
1.580102
1.569091
1.558147
1.547192
1.536374
1.525618
1.514845
1.504108
1.492745
1.481130
1.469580
1.457873
1.446346
1.434830
1.423145
1.411411
1.399975
1.388625
1.377211
1.365841
1.354303
1.342708
1.331165
1.319600
1.308317
1.297150
1.285947
1.274814
1.263607
1.252398
1.241263
1.230150
1.218884
1.207570
1.196287
1.184978
1.173751
1.162549
1.151318
1.140095
1.129272
1.118620
1.107959
1.097416
1.086776
1.076148
1.065647
1.055195
1.044613
1.034011
1.023468
1.012926
1.002502
0.992133
0.981763
0.971430
0.960907
0.950321
0.939782
0.929214
0.918726
0.908264
0.897769
0.887279
0.876922
0.866621
0.856320
0.846060
0.835763
0.825470
0.815219
0.804985
0.795533
0.786425
0.777301
0.768414
0.759366
0.750358
0.741603
0.732957
0.724033
0.715068
0.706231
0.697399
0.688814
0.680349
0.671882
0.663495
0.654814
0.646047
0.637376
0.628674
0.620118
0.611621
0.603086
0.594578
0.586313
0.578158
0.570021
0.561969
0.553872
0.545798
0.537814
0.529874
0.521563
0.513124
0.504748
0.496300
0.488010
0.479761
0.471430
0.463100
0.454960
0.446894
0.438820
0.430796
0.422703
0.414604
0.406560
0.398529
0.390757
0.383107
0.375460
0.367899
0.360305
0.352737
0.345259
0.337829
0.330310
0.322784
0.315312
0.307851
0.300483
0.293165
0.285854
0.278580
0.271684
0.264968
0.258273
0.251711
0.245094
0.238518
0.232082
0.225720
0.219271
0.212836
0.206481
0.200157
0.193965
0.187852
0.181766
0.175743
0.170127
0.164715
0.159351
0.154146
0.148910
0.143741
0.138738
0.133834
0.128871
0.123947
0.119129
0.114368
0.109764
0.105266
0.100821
0.096464
0.087654
0.076997
0.066624
0.055035
0.044624
0.034176
0.022419
0.010213
-0.000184
-0.010161
-0.020692
-0.031070
-0.042703
-0.054859
-0.066806
-0.079042
-0.073531
-0.060583
-0.048698
-0.031900
-0.019614
-0.007059
0.010767
0.030484
0.022832
0.004978
-0.009696
-0.030696
-0.041689
-0.051051
-0.067368
-0.084821
