-0.300338
-0.602871
-0.575815
-0.461524
-0.088818
0.469624
0.810008
1.172012
0.818068
0.146531
-0.412812
-1.149055
-1.215104
-1.067005
-0.591580
0.194441
0.819007
1.555085
1.472886
1.077670
0.456276
-0.494686
-1.197912
-1.974115
-1.806751
-1.245868
-0.583823
0.405587
1.085659
1.798227
1.922983
1.780099
1.197102
0.239176
-0.694954
-1.841260
-2.108423
-2.098420
-1.734465
-0.996928
-0.074195
1.139884
1.875805
2.564410
2.468096
1.964996
1.275270
0.232396
-0.761342
-1.919423
-2.443610
-2.769887
-2.484846
-1.779824
-0.891252
0.336960
1.147770
1.959573
2.583722
3.084292
2.748975
1.980208
1.118065
-0.075442
-1.031018
-2.050525
-2.681363
-3.151588
-2.988958
-2.440629
-1.698810
-0.626905
0.292470
1.322116
2.253366
3.178272
3.311246
3.093863
2.739991
2.080005
1.132060
-0.096312
-1.181879
-2.368587
-2.946902
-3.298621
-3.435659
-3.310743
-2.775771
-1.920833
-0.905771
0.370784
1.304382
2.231547
3.028931
3.731765
3.756169
3.433853
3.041881
2.385953
1.572018
0.559783
-0.517674
-1.732539
-2.454441
-3.037888
-3.584973
-3.999506
-3.783305
-3.232763
-2.584184
-1.670426
-0.818698
0.141283
1.179164
2.294351
3.019458
3.623063
3.909733
3.963304
3.833687
3.483332
2.897060
2.087567
1.149700
0.027625
-0.977037
-2.031654
-2.863573
-3.611711
-4.056175
-4.308584
-4.308273
-4.078274
-3.657949
-3.022246
-2.245496
-1.287649
-0.297820
0.805417
1.690545
2.539399
3.339429
4.078590
4.346634
4.380526
4.363469
4.165120
3.741967
3.132811
2.381382
1.458448
0.584215
-0.364730
-1.377638
-2.447616
-3.089818
-3.583519
-4.137768
-4.602893
-4.679562
-4.555591
-4.356592
-3.990513
-3.474298
-2.807961
-1.974544
-0.983788
-0.206263
0.571957
1.523571
2.526710
3.185440
3.740132
4.279886
4.728061
4.929285
4.980935
4.824549
4.483402
4.002332
3.353116
2.634053
1.791659
1.044058
0.271601
-0.633168
-1.595845
-2.342241
-3.037758
-3.731331
-4.377331
-4.744743
-4.971117
-5.135699
-5.178397
-4.992162
-4.644858
-4.180762
-3.567252
-2.995806
-2.359875
-1.566532
-0.680446
0.122846
0.951037
1.743294
2.523162
3.229776
3.895610
4.458724
4.951264
5.225290
5.362390
5.387425
5.277473
5.125020
4.879359
4.442711
3.876620
3.260124
2.541297
1.830850
1.070677
0.300972
-0.495205
-1.329402
-2.193191
-2.856693
-3.452867
-4.088611
-4.688433
-5.051312
-5.300730
-5.523492
-5.656654
-5.654190
-5.549209
-5.357111
-5.065542
-4.664812
-4.161797
-3.559827
-2.856260
-2.206810
-1.522299
-0.729500
0.120077
0.830017
1.518616
2.272870
3.030272
3.591767
4.078333
4.590078
5.056680
5.373655
5.608476
5.803218
5.926562
5.886719
5.739738
5.525567
5.215321
4.857982
4.428467
3.941176
3.390491
2.798524
2.153167
1.443508
0.677099
0.025439
-0.610799
-1.311242
-2.019626
-2.662983
-3.289190
-3.831177
-4.322405
-4.840464
-5.337235
-5.636590
-5.844810
-6.080508
-6.264286
-6.265793
-6.168324
-6.068928
-5.903029
-5.633307
-5.288041
-4.865065
-4.362628
-3.856039
-3.302219
-2.717809
-2.097810
-1.442280
-0.751716
-0.115168
0.518577
1.191199
1.873331
2.473388
3.047096
3.634495
4.206680
4.692230
5.135237
5.518157
5.846399
6.061115
6.195540
6.336687
6.431049
6.427720
6.361611
6.233115
6.038311
5.842748
5.609183
5.306514
4.956553
4.531137
4.044137
3.510885
2.921104
2.364300
1.790140
1.155673
0.490904
-0.124832
-0.740291
-1.389711
-2.048259
-2.580796
-3.067590
-3.569537
-4.043151
-4.495747
-4.927728
-5.331407
-5.711157
-6.001705
-6.240088
-6.388729
-6.465294
-6.601508
-6.719825
-6.760246
-6.765452
-6.653125
-6.466037
-6.238544
-5.946380
-5.640509
-5.294220
-4.881255
-4.419529
-4.012632
-3.599154
-3.150776
-2.690271
-2.137859
-1.536962
-0.978908
-0.406630
0.159669
0.725551
1.292421
1.858882
2.387204
2.899210
3.412446
3.914522
4.374665
4.811867
5.192344
5.533495
5.875567
6.193596
6.470424
6.718552
6.875987
6.977020
7.051926
7.079682
7.077452
7.037602
6.950027
6.821342
6.674906
6.496599
6.276121
6.020885
5.743422
5.435747
5.047761
4.609091
4.184110
3.732698
3.262790
2.774077
2.290536
1.798426
1.286477
0.762620
0.261171
-0.238425
-0.712514
-1.172510
-1.679199
-2.196450
-2.696895
-3.200084
-3.657338
-4.094552
-4.536453
-4.966093
-5.329775
-5.660143
-5.980701
-6.274488
-6.536006
-6.770209
-6.978015
-7.158371
-7.298497
-7.405847
-7.426725
-7.391190
-7.421705
-7.444733
-7.405828
-7.344057
-7.204205
-7.013856
-6.802710
-6.550783
-6.314904
-6.064541
-5.771105
-5.454255
-5.104136
-4.724329
-4.360740
-3.986617
-3.584097
-3.166276
-2.727030
-2.268491
-1.857337
-1.455037
-0.997827
-0.526419
-0.027366
0.495917
1.033142
1.590581
2.030983
2.432534
2.855364
3.256648
3.660058
4.056528
4.430773
4.792534
5.143986
5.482848
5.809055
6.122886
6.386051
6.620517
6.844256
7.044617
7.242513
7.427270
7.587847
7.731718
7.771754
7.757220
7.729677
7.660031
7.677676
7.711355
7.637053
7.533562
7.426935
7.293859
7.097575
6.861669
6.678932
6.493559
6.264375
6.020946
5.731990
5.412348
5.079573
4.722010
4.401599
4.083991
3.739015
3.387642
2.987989
2.561897
2.131047
1.680670
1.268486
0.862898
0.435412
0.005745
-0.409792
-0.822657
-1.238565
-1.653018
-2.086199
-2.526989
-2.946438
-3.362356
-3.715497
-4.038011
-4.359406
-4.659327
-4.983170
-5.307010
-5.636976
-5.972081
-6.230731
-6.459908
-6.697748
-6.917368
-7.121517
-7.311463
-7.508335
-7.699860
-7.796955
-7.852098
-7.968122
-8.080393
-8.122054
-8.138357
-8.154304
-8.150739
-8.139263
-8.115241
-8.071359
-8.012310
-7.941735
-7.857046
-7.691497
-7.483708
-7.361235
-7.246707
-7.039350
-6.805252
-6.509680
-6.165590
-5.996994
-5.873825
-5.566681
-5.221127
-4.931925
-4.629219
-4.354966
-4.092460
-3.767174
-3.423694
-3.077741
-2.715562
-2.334156
-1.936703
-1.593944
-1.264901
-0.835137
-0.374736
-0.031599
0.286666
0.642501
0.990250
1.340440
1.691857
2.035097
2.375691
2.745980
3.126800
3.459475
3.779744
4.117163
4.450966
4.770805
5.084823
5.393278
5.695159
5.991145
6.280952
6.539772
6.781887
6.966184
7.114771
7.274637
7.416444
7.616730
7.834630
7.966268
8.075647
8.127384
8.135029
8.250236
8.384445
8.467916
8.550091
8.592081
8.610991
8.629891
8.633716
8.627071
8.608907
8.538625
8.439661
8.354985
8.257429
8.180786
8.108520
7.973685
7.816493
7.666695
7.502940
7.335983
7.161906
6.992423
6.821219
6.590331
6.333728
6.077953
5.804160
5.560718
5.321836
5.063000
4.801024
4.484466
4.141100
3.884225
3.645809
3.321498
2.978448
2.658897
2.331468
2.037472
1.756498
1.466115
1.181370
0.830733
0.453705
0.174639
-0.082090
-0.424176
-0.781740
-1.132834
-1.497465
-1.809524
-2.104873
-2.469279
-2.849669
-3.133080
-3.390030
-3.668257
-3.932870
-4.207901
-4.483238
-4.744200
-5.000293
-5.268163
-5.537240
-5.800654
-6.063471
-6.301128
-6.527199
-6.753692
-6.972272
-7.167542
-7.349229
-7.523733
-7.686347
-7.835088
-7.971594
-8.072464
-8.150968
-8.303039
-8.472158
-8.614670
-8.761639
-8.840344
-8.889274
-8.945550
-8.983771
-9.043579
-9.104889
-9.146637
-9.183050
-9.195609
-9.193446
-9.186635
-9.168421
-9.107926
-9.023604
-8.916880
-8.784981
-8.755052
-8.754341
-8.679229
-8.596948
-8.477370
-8.330684
-8.218897
-8.105308
-7.942381
-7.761312
-7.634218
-7.516364
-7.346544
-7.164660
-6.995010
-6.819409
-6.618375
-6.405026
-6.186711
-5.957819
-5.740395
-5.522367
-5.292856
-5.059391
-4.812267
-4.556262
-4.296662
-4.029924
-3.776029
-3.523873
-3.263746
-3.002403
-2.748472
-2.496280
-2.193609
-1.871059
-1.620455
-1.385803
-1.141731
-0.908745
-0.615157
-0.299981
0.001182
0.312915
0.575534
0.820724
1.107254
1.398006
1.659862
1.915779
2.177641
2.436189
2.710084
2.989586
3.265043
3.543032
3.804556
4.059832
4.318406
4.573712
4.803321
5.020812
5.245087
5.463850
5.669212
5.867008
6.059728
6.245325
6.450300
6.659645
6.860740
7.062423
7.225976
7.372706
7.521624
7.659553
7.862761
8.088827
8.148263
8.154423
8.340630
8.560836
8.716805
8.880439
8.957813
8.995273
9.043876
9.069382
9.169302
9.291240
9.386150
9.487756
9.454913
9.365137
9.493750
9.674370
9.676192
9.649432
9.685953
9.717074
9.705802
9.680662
9.652261
9.611487
9.586145
9.561226
9.522805
9.480473
9.364310
9.213470
9.181494
9.176026
9.110489
9.044401
8.944472
8.823525
8.710562
8.587564
8.442195
8.283450
8.162822
8.049776
7.921062
7.793270
7.663649
7.532022
7.401304
7.269840
7.098231
6.909288
6.721311
6.521369
6.336893
6.153494
5.957052
5.757201
5.539279
5.310689
5.125989
4.953051
4.748156
4.539822
4.345391
4.151881
3.946572
3.738147
3.531294
3.322399
3.059251
2.772228
2.529921
2.289707
2.094550
1.924280
1.728602
1.538545
1.298639
1.037466
0.772277
0.490135
0.266062
0.058328
-0.169492
-0.392052
-0.613411
-0.833921
-1.049198
-1.261724
-1.497086
-1.740321
-1.979682
-2.223501
-2.453865
-2.680182
-2.937644
-3.205037
-3.400587
-3.573521
-3.733747
-3.870359
-4.090623
-4.334071
-4.549367
-4.772407
-4.953484
-5.117354
-5.318908
-5.523989
-5.709515
-5.892365
-6.075502
-6.255436
-6.411573
-6.556115
-6.698369
-6.831697
-7.000850
-7.180820
-7.349987
-7.523420
-7.671456
-7.809542
-7.953053
-8.091520
-8.238260
-8.386731
-8.529667
-8.671935
-8.754208
-8.810055
-8.907978
-9.005069
-9.098373
-9.194131
-9.289524
-9.385511
-9.458952
-9.523041
-9.588713
-9.648289
-9.773305
-9.923478
-9.970703
-9.992841
-10.042009
-10.080021
-10.090080
-10.085881
-10.124695
-10.172168
-10.202805
-10.234889
-10.245081
-10.244853
-10.246934
-10.242797
-10.221080
-10.189213
-10.151685
-10.105131
-10.070773
-10.036777
-9.992865
-9.946195
-9.938028
-9.943902
-9.902194
-9.850898
-9.818401
-9.784372
-9.739228
-9.690626
-9.664088
-9.644141
-9.446838
-9.179495
-9.153741
-9.179181
-9.096335
-9.016985
-8.897752
-8.751721
-8.608286
-8.449175
-8.333315
-8.228789
-8.085524
-7.935666
-7.817942
-7.706700
-7.586939
-7.469994
-7.345055
-7.217132
-7.092400
-6.966782
-6.830066
-6.688552
-6.546623
-6.401094
-6.258073
-6.114388
-5.966864
-5.817663
-5.652932
-5.480400
-5.303298
-5.118952
-4.935574
-4.748730
-4.554308
-4.355140
-4.192068
-4.041329
-3.884060
-3.733614
-3.554215
-3.365003
-3.217450
-3.079959
-2.889145
-2.684768
-2.493436
-2.295653
-2.098646
-1.900326
-1.695399
-1.487127
-1.323514
-1.176637
-1.010723
-0.849281
-0.643044
-0.417826
-0.199017
0.030703
0.219839
0.396140
0.585436
0.769948
0.981451
1.203572
1.362553
1.502502
1.666138
1.824249
2.058566
2.325229
2.496474
2.650347
2.845990
3.041162
3.198783
3.344628
3.491936
3.630372
3.790529
3.955924
4.111211
4.266952
4.442708
4.626123
4.809064
4.997512
5.152530
5.295853
5.446315
5.590794
5.740574
5.890560
6.034182
6.175754
6.332827
6.494862
6.615114
6.721554
6.884791
7.061298
7.220726
7.385120
7.501952
7.599065
7.703233
7.796127
7.938654
8.097763
8.243117
8.395645
8.498043
8.581015
8.673466
8.755538
8.871232
8.997373
9.111395
9.228718
9.294042
9.337505
9.386530
9.422169
9.531857
9.667368
9.785876
9.917091
9.972768
10.000457
10.044422
10.074199
10.140285
10.216896
10.277383
10.339786
10.369459
10.384397
10.451800
10.531156
10.549004
10.551837
10.593406
10.637908
10.655574
10.667296
10.690663
10.713359
10.722714
10.727310
10.734204
10.738434
10.763362
10.796093
10.825191
10.858592
10.841948
10.805643
10.775920
10.734485
10.718499
10.708550
10.685433
10.662236
10.639272
10.614977
10.590484
10.565308
10.536701
10.506293
10.475324
10.442910
10.410654
10.377730
10.343297
10.307926
10.288498
10.275254
10.173569
10.038837
9.990744
9.954665
9.879939
9.803573
9.732872
9.659720
9.623080
9.601426
9.504476
9.386378
9.311340
9.236742
9.150825
9.064858
8.980175
8.894817
8.796245
8.691870
8.587376
8.478712
8.414360
8.366896
8.228798
8.064742
7.964067
7.868600
7.742808
7.613265
7.526365
7.452642
7.365105
7.282380
7.143335
6.981117
6.847615
6.709508
6.587507
6.473241
6.353743
6.237349
6.105963
5.969099
5.835389
5.698867
5.566852
5.435771
5.301609
5.167052
5.040588
4.917057
4.792742
4.670326
4.552275
4.436889
4.323272
4.212120
4.083121
3.947871
3.815955
3.680639
3.527547
3.365653
3.201030
3.029240
2.895527
2.774368
2.644125
2.519933
2.370150
2.211352
2.059849
1.904514
1.744036
1.580348
1.374857
1.149529
1.025625
0.931155
0.811445
0.705529
0.555103
0.389529
0.239952
0.085370
-0.047111
-0.170841
-0.300577
-0.426427
-0.573376
-0.728118
-0.877976
-1.031642
-1.177852
-1.322156
-1.438809
-1.542014
-1.699759
-1.871481
-2.026711
-2.187248
-2.343793
-2.499380
-2.660502
-2.823108
-2.939255
-3.036916
-3.138159
-3.227344
-3.373932
-3.539673
-3.690485
-3.849999
-3.997556
-4.142523
-4.296894
-4.452786
-4.574496
-4.683370
-4.795368
-4.899060
-5.012670
-5.126939
-5.263424
-5.410720
-5.515520
-5.609658
-5.716997
-5.820456
-5.941012
-6.068423
-6.191185
-6.316992
-6.465983
-6.625772
-6.724836
-6.805576
-6.938903
-7.079589
-7.173481
-7.256479
-7.353153
-7.445585
-7.525779
-7.600227
-7.711261
-7.833875
-7.948865
-8.069912
-8.169706
-8.262488
-8.362396
-8.459799
-8.521602
-8.567838
-8.623020
-8.670944
-8.770774
-8.890235
-9.000016
-9.120374
-9.195343
-9.254931
-9.327348
-9.393210
-9.494825
-9.609940
-9.653118
-9.675798
-9.740329
-9.805445
-9.846967
-9.883155
-10.061242
-10.294710
-10.251316
-10.131097
-10.232204
-10.362166
-10.420823
-10.486098
-10.530495
-10.561559
-10.599808
-10.632655
-10.682825
-10.738596
-10.788085
-10.839361
-10.878132
-10.911754
-10.947714
-10.980932
-11.019966
-11.060437
-11.062351
-11.049148
-11.106766
-11.183351
-11.240928
-11.306804
-11.329111
-11.334757
-11.350421
-11.357927
-11.375029
-11.393452
-11.403096
-11.410639
-11.392203
-11.360801
-11.328274
-11.286441
-11.321372
-11.384487
-11.434650
-11.500637
-11.464357
-11.390607
-11.337543
-11.264894
-11.286019
-11.340056
-11.350741
-11.368333
-11.359148
-11.337216
-11.295497
-11.236549
-11.231841
-11.240044
-11.227917
-11.218932
-11.199357
-11.174595
-11.153382
-11.130128
-11.109751
-11.090018
-11.068075
-11.045798
-11.004067
-10.953667
-10.903742
-10.847898
-10.813084
-10.784495
-10.748874
-10.715406
-10.685333
-10.656969
-10.630631
-10.606315
-10.573524
-10.538289
-10.505529
-10.471780
-10.417385
-10.354004
-10.290509
-10.220568
-10.155373
-10.089165
-10.016079
-9.940095
-9.886611
-9.840615
-9.762318
-9.676167
-9.591937
-9.501423
-9.487315
-9.502978
-9.417572
-9.311203
-9.240616
-9.164728
-9.095763
-9.031049
-8.960833
-8.891002
-8.816955
-8.740711
-8.665004
-8.588048
-8.519875
-8.454911
-8.388281
-8.323376
-8.228362
-8.121169
-8.070866
-8.035873
-7.912262
-7.764143
-7.689259
-7.624669
-7.548931
-7.481029
-7.424844
-7.376136
-7.260112
-7.120190
-6.991003
-6.848057
-6.763474
-6.698413
-6.616678
-6.543176
-6.451627
-6.354490
-6.266523
-6.177927
-6.085663
-5.992515
-5.898947
-5.804399
-5.758257
-5.732210
-5.534701
-5.278778
-5.212386
-5.181108
-5.079828
-4.985286
-4.897837
-4.809150
-4.726577
-4.646777
-4.535481
-4.412729
-4.294255
-4.168897
-4.046618
-3.922876
-3.863105
-3.830193
-3.704219
-3.558008
-3.506850
-3.476800
-3.318383
-3.125302
-3.005529
-2.887112
-2.772878
-2.668821
-2.566569
-2.470298
-2.390307
-2.320236
-2.255669
-2.199816
-2.081090
-1.940278
-1.805405
-1.656053
-1.547737
-1.450727
-1.302255
-1.141530
-1.064246
-1.011274
-0.941611
-0.885075
-0.777997
-0.653796
-0.545231
-0.429943
-0.321129
-0.213574
-0.098905
0.017515
0.094809
0.157028
0.330291
0.539597
0.625194
0.686803
0.791937
0.891250
0.979979
1.066085
1.146968
1.223278
1.331540
1.450701
1.563709
1.682591
1.806659
1.935033
2.069215
2.208436
2.299216
2.372362
2.452858
2.523089
2.627576
2.742608
2.845594
2.952024
3.051632
3.148676
3.251975
3.356012
3.508678
3.683043
3.747264
3.779938
3.888073
4.001872
4.078883
4.150886
4.234790
4.317514
4.388341
4.454814
4.585713
4.740725
4.820195
4.885643
5.000980
5.122975
5.227704
5.333489
5.418530
5.493410
5.570141
5.640701
5.725177
5.812878
5.893607
5.974353
6.054736
6.134235
6.213712
6.292728
6.399006
6.516666
6.592713
6.659274
6.707957
6.740182
6.857595
7.001651
7.079608
7.150945
7.253389
7.358966
7.425474
7.480119
7.539941
7.592270
7.636300
7.673834
7.806203
7.975001
8.018208
8.035090
8.089282
8.133714
8.237316
8.365472
8.481270
8.609581
8.642719
8.639916
8.675541
8.700596
8.802958
8.937331
8.975442
8.995780
9.076685
9.164840
9.231221
9.298148
9.339375
9.367617
9.457880
9.565726
9.587314
9.587007
9.609114
9.621364
9.685685
9.769916
9.841876
9.923459
9.955436
9.969517
10.080447
10.218946
10.248170
10.254073
10.327191
10.406410
10.439393
10.462679
10.473891
10.470526
10.562669
10.687339
10.792706
10.915216
10.855051
10.723148
10.786428
10.879797
10.888463
10.895856
10.939600
10.989245
11.022366
11.055071
11.094886
11.135782
11.203220
11.283212
11.268634
11.222511
11.272146
11.337731
11.365779
11.395470
11.414589
11.426005
11.439278
11.448612
11.498313
11.563542
11.622967
11.691474
11.704347
11.697190
11.701786
11.696106
11.732743
11.783814
11.822516
11.867201
11.826867
11.751853
11.748394
11.750127
11.773055
11.815011
11.861997
11.922284
11.940861
11.948455
11.918640
11.863344
11.877333
11.904902
11.894445
11.881509
11.849990
11.805375
11.867302
11.966459
11.965872
11.951571
11.934667
11.899668
11.906455
11.922266
11.917523
11.912688
11.940447
11.979855
11.953211
11.907371
11.895385
11.881815
11.846389
11.804507
11.838734
11.900004
11.896972
11.887312
11.890287
11.888722
11.892700
11.898247
11.861473
11.808014
11.758048
11.697268
11.698570
11.721591
11.730769
11.750808
11.727764
11.690013
11.660715
11.623560
11.567301
11.500125
11.564884
11.678643
11.569315
11.401998
11.466940
11.579912
11.465699
11.301921
11.294883
11.307254
11.268523
11.233739
11.222496
11.217709
11.188950
11.155510
11.129972
11.103065
11.082506
11.064842
11.045550
11.027594
11.009721
10.992336
10.976318
10.961119
10.902697
10.826413
10.797309
10.775333
10.706801
10.626795
10.611348
10.613063
10.555290
10.487083
10.439721
10.390039
10.372359
10.369417
10.362859
10.365058
10.311625
10.238241
10.176292
10.103968
10.062393
10.030251
9.986134
9.944598
9.945505
9.964413
9.852732
9.698416
9.656701
9.629090
9.537950
9.438312
9.398843
9.374268
9.359724
9.362800
9.312280
9.248274
9.204897
9.158303
9.105722
9.051269
8.993909
8.933800
8.874097
8.812971
8.699488
8.563104
8.583123
8.653414
8.563899
8.446506
8.392587
8.335692
8.245931
8.147513
8.115420
8.104011
8.080519
8.068602
7.946274
7.781112
7.708012
7.642320
7.600989
7.583245
7.572850
7.579215
7.521354
7.444797
7.348842
7.229071
7.193084
7.179532
7.110573
7.037423
6.990369
6.946588
6.896904
6.849005
6.766343
6.669102
6.575161
6.472110
6.420678
6.387291
6.342275
6.306232
6.233387
6.147855
6.073108
5.993107
5.951423
5.924723
5.891019
5.865414
5.767327
5.641453
5.527033
5.396789
5.341880
5.312824
5.264232
5.227418
5.149834
5.058352
4.980667
4.898022
4.842646
4.798008
4.747171
4.701616
4.627784
4.543738
4.432949
4.303000
4.266998
4.259160
4.227225
4.208183
4.124713
4.017321
3.925861
3.823147
3.748248
3.681596
3.602222
3.524246
3.433971
3.337771
3.283990
3.244178
3.178504
3.112864
3.063137
3.017459
2.893931
2.740861
2.712609
2.715379
2.596826
2.454406
2.451273
2.483375
2.374082
2.235888
2.141371
2.036922
1.976875
1.935693
1.882663
1.838133
1.747246
1.639364
1.542186
1.436689
1.394406
1.376255
1.390118
1.435605
1.337761
1.197140
1.095689
0.975682
0.903633
0.847443
0.790053
0.744663
0.631628
0.495306
0.486991
0.515068
0.403693
0.263589
0.168186
0.063575
-0.022642
-0.100613
-0.146809
-0.173672
-0.247174
-0.328097
-0.386744
-0.444329
-0.557232
-0.690815
-0.731087
-0.747203
-0.826740
-0.912061
-0.964107
-1.011421
-1.071483
-1.131228
-1.185261
-1.238065
-1.323788
-1.422338
-1.518150
-1.622295
-1.671896
-1.701904
-1.742866
-1.773533
-1.833827
-1.903063
-2.032903
-2.195856
-2.239930
-2.255356
-2.310668
-2.356938
-2.428350
-2.510446
-2.582416
-2.657745
-2.679048
-2.677866
-2.773345
-2.893697
-2.949981
-3.000896
-3.081087
-3.164435
-3.236510
-3.308367
-3.384210
-3.460454
-3.532374
-3.603063
-3.674385
-3.744941
-3.806649
-3.864300
-3.921545
-3.975780
-4.035182
-4.095329
-4.152134
-4.208412
-4.271370
-4.336568
-4.400908
-4.466640
-4.517336
-4.562196
-4.638423
-4.723670
-4.762452
-4.789012
-4.827161
-4.859594
-4.944633
-5.050604
-5.137682
-5.232101
-5.285054
-5.321803
-5.369358
-5.409527
-5.478893
-5.558366
-5.629020
-5.703749
-5.729640
-5.735727
-5.779574
-5.825036
-5.889487
-5.966773
-6.045213
-6.132168
-6.199984
-6.263768
-6.317119
-6.362114
-6.402855
-6.436765
-6.462127
-6.480199
-6.547261
-6.630846
-6.719867
-6.824131
-6.825240
-6.790176
-6.835209
-6.886449
-6.963331
-7.062514
-7.167653
-7.288492
-7.310138
-7.297565
-7.305568
-7.295787
-7.357094
-7.442493
-7.506582
-7.580421
-7.626166
-7.662271
-7.709511
-7.753995
-7.811528
-7.874502
-7.925533
-7.975414
-8.002093
-8.017096
-8.064191
-8.117012
-8.228940
-8.372100
-8.339708
-8.253514
-8.335790
-8.445949
-8.491755
-8.541084
-8.587524
-8.627571
-8.670879
-8.712273
-8.753959
-8.795219
-8.834510
-8.872794
-8.915247
-8.958794
-9.001103
-9.043839
-9.078656
-9.110172
-9.142461
-9.172695
-9.211425
-9.252888
-9.291863
-9.331959
-9.401152
-9.482987
-9.459229
-9.399548
-9.514586
-9.675951
-9.645559
-9.573785
-9.620844
-9.678770
-9.708646
-9.744264
-9.804999
-9.876142
-9.951921
-10.037210
-10.026253
-9.979291
-9.946360
-9.892335
-10.012335
-10.197983
-10.196392
-10.164323
-10.212140
-10.259839
-10.271055
-10.275152
-10.318693
-10.371819
-10.415584
-10.464034
-10.469752
-10.458491
-10.453849
-10.439541
-10.495001
-10.576319
-10.644676
-10.727023
-10.738203
-10.724285
-10.793801
-10.879521
-10.847311
-10.781350
-10.837187
-10.916544
-10.914710
-10.902248
-10.954473
-11.020644
-11.005888
-10.970083
-11.015842
-11.077875
-11.090449
-11.098241
-11.125658
-11.153948
-11.190142
-11.232185
-11.274947
-11.321593
-11.337544
-11.342330
-11.349940
-11.350269
-11.381132
-11.421875
-11.453786
-11.489803
-11.515042
-11.536684
-11.563420
-11.589495
-11.587087
-11.572788
-11.567165
-11.556647
-11.569787
-11.591618
-11.607429
-11.627257
-11.657906
-11.694403
-11.691298
-11.675229
-11.702407
-11.737718
-11.757430
-11.778895
-11.779840
-11.771224
-11.765183
-11.753585
-11.807904
-11.887939
-11.892579
-11.884169
-11.849668
-11.789965
-11.771145
-11.755148
-11.781560
-11.831669
-11.883196
-11.950923
-11.927543
-11.873140
-11.931622
-12.013950
-12.004800
-11.979854
-11.984435
-11.984491
-12.013129
-12.054934
-12.023228
-11.969440
-11.972208
-11.980909
-11.963728
-11.944304
-11.968220
-12.006786
-12.040955
-12.084707
-12.072292
-12.040003
-12.020021
-11.990015
-12.003071
-12.031055
-12.046904
-12.069144
-12.074624
-12.074683
-12.030877
-11.964091
-11.974539
-12.002438
-12.012267
-12.030764
-12.017679
-11.993304
-11.979119
-11.960636
-11.991682
-12.042867
-12.072440
-12.107498
-12.099745
-12.074058
-12.036245
-11.980335
-12.002170
-12.047320
-12.043960
-12.039116
-12.029618
-12.012308
-11.993277
-11.969361
-11.972777
-11.985350
-11.991673
-12.002523
-11.994338
-11.979514
-11.970146
-11.957973
-11.954677
-11.954421
-11.950922
-11.948408
-12.005413
-12.087862
-12.009231
-11.880287
-11.880039
-11.893917
-11.879929
-11.874330
-11.866388
-11.858430
-11.859036
-11.863031
-11.848522
-11.828633
-11.813118
-11.794984
-11.787090
-11.782789
-11.775370
-11.769393
-11.741188
-11.703871
-11.668980
-11.628498
-11.601578
-11.578065
-11.548199
-11.518663
-11.534172
-11.568329
-11.600835
-11.646147
-11.607439
-11.538807
-11.487041
-11.419532
-11.392850
-11.377947
-11.345122
-11.314513
-11.324451
-11.350782
-11.377517
-11.416401
-11.375613
-11.306660
-11.253721
-11.185961
-11.194603
-11.230503
-11.262993
-11.314897
-11.264272
-11.178759
-11.117734
-11.039924
-11.046496
-11.083700
-11.100083
-11.130897
-11.107509
-11.065615
-11.040832
-11.008917
-10.984124
-10.960831
-10.929985
-10.897383
-10.889546
-10.890623
-10.888755
-10.892432
-10.840741
-10.767778
-10.702920
-10.625680
-10.620512
-10.641066
-10.645759
-10.663388
-10.642838
-10.610425
-10.592923
-10.572165
-10.569596
-10.574818
-10.521394
-10.448593
-10.457937
-10.486944
-10.425888
-10.344423
-10.273144
-10.187097
-10.228505
-10.318302
-10.263902
-10.184318
-10.162057
-10.137115
-10.095815
-10.052369
-10.007309
-9.958825
-9.943187
-9.939750
-9.931339
-9.930006
-9.876482
-9.803542
-9.740140
-9.666171
-9.702492
-9.781798
-9.708066
-9.601039
-9.590070
-9.588167
-9.546440
-9.502188
-9.501755
-9.514568
-9.522560
-9.539349
-9.485066
-9.404154
-9.335373
-9.251749
-9.230766
-9.230764
-9.212793
-9.203642
-9.150945
-9.081950
-9.023819
-8.958062
-9.007951
-9.104624
-9.105325
-9.099358
-9.046518
-8.960446
-8.868732
-8.754080
-8.750227
-8.782173
-8.785553
-8.805287
-8.763228
-8.699515
-8.655168
-8.602371
-8.581246
-8.571689
-8.531628
-8.487361
-8.454770
-8.421948
-8.384026
-8.345062
-8.273182
-8.186268
-8.165954
-8.163448
-8.126061
-8.089230
-8.072866
-8.061777
-8.056852
-8.059189
-8.001542
-7.922427
-7.912684
-7.916046
-7.928570
-7.958480
-7.867203
-7.733480
-7.690410
-7.653189
-7.608590
-7.573192
-7.490506
-7.391229
-7.371537
-7.372925
-7.353332
-7.343118
-7.271368
-7.175608
-7.158251
-7.156487
-7.122281
-7.089880
-7.069796
-7.052363
-7.028438
-7.004298
-6.983280
-6.962802
-6.852109
-6.703612
-6.767707
-6.894992
-6.814780
-6.698402
-6.658072
-6.611180
-6.575812
-6.550325
-6.518153
-6.488987
-6.453717
-6.416550
-6.338662
-6.241912
-6.242210
-6.270650
-6.214660
-6.146208
-6.140180
-6.145933
-6.135425
-6.130129
-6.074755
-5.998794
-5.930257
-5.849930
-5.826069
-5.821495
-5.802340
-5.791998
-5.751296
-5.700262
-5.659543
-5.615158
-5.569504
-5.522684
-5.510056
-5.511295
-5.449229
-5.370346
-5.308819
-5.240093
-5.244055
-5.277411
-5.245825
-5.208078
-5.062540
-4.861374
-4.944205
-5.110394
-5.016819
-4.881851
-4.863215
-4.847173
-4.767355
-4.673935
-4.586875
-4.489394
-4.464551
-4.466405
-4.428229
-4.393222
-4.348906
-4.297874
-4.250207
-4.199838
-4.198695
-4.217587
-4.231587
-4.258107
-4.223805
-4.168972
-4.129683
-4.080947
-4.024513
-3.962023
-3.890209
-3.810774
-3.769087
-3.738903
-3.699129
-3.664661
-3.637315
-3.614469
-3.589576
-3.566674
-3.544835
-3.524165
-3.505495
-3.488336
-3.436325
-3.370405
-3.307569
-3.235835
-3.175371
-3.115858
-3.046675
-2.975016
-2.931299
-2.897287
-2.859430
-2.827445
-2.784711
-2.739749
-2.701297
-2.663432
-2.628343
-2.595399
-2.562995
-2.532121
-2.559945
-2.613519
-2.556322
-2.470273
-2.424035
-2.369488
-2.282478
-2.181976
-2.150034
-2.137504
-2.132846
-2.147894
-2.110088
-2.059861
-2.032375
-2.003147
-1.966660
-1.928677
-1.889385
-1.848066
-1.812990
-1.779481
-1.743594
-1.708091
-1.648411
-1.578371
-1.509752
-1.434322
-1.407860
-1.399192
-1.381374
-1.373187
-1.323688
-1.260155
-1.208299
-1.150461
-1.122561
-1.105831
-1.081711
-1.062851
-1.032161
-0.998119
-0.969974
-0.941515
-0.864826
-0.768094
-0.706876
-0.646270
-0.605374
-0.576911
-0.548513
-0.528058
-0.485093
-0.436278
-0.407478
-0.382070
-0.354865
-0.330605
-0.310092
-0.292363
-0.230490
-0.151536
-0.077396
0.007374
0.038598
0.051510
0.077696
0.095280
0.125613
0.158746
0.182529
0.204995
0.236237
0.269605
0.301158
0.333865
0.374654
0.419231
0.464638
0.513030
0.550401
0.584567
0.638139
0.697300
0.735905
0.770437
0.811794
0.851971
0.875599
0.892355
0.908656
0.919791
0.943959
0.971204
1.038657
1.126041
1.146896
1.153041
1.183006
1.209167
1.272329
1.351975
1.426277
1.509949
1.509376
1.476780
1.536559
1.611716
1.596263
1.559242
1.608770
1.675424
1.691451
1.703126
1.735399
1.769036
1.804398
1.843314
1.883731
1.926636
1.967969
2.009959
2.054602
2.100516
2.167509
2.244347
2.321612
2.405906
2.376188
2.301298
2.353374
2.426232
2.450145
2.476416
2.518750
2.563840
2.598058
2.630642
2.666677
2.702262
2.727806
2.749231
2.770653
2.789079
2.831004
2.881524
2.927930
2.979102
3.019478
3.057058
3.142073
3.244817
3.248529
3.223434
3.221340
3.205047
3.256003
3.331356
3.389293
3.458373
3.454980
3.424127
3.468980
3.525505
3.539043
3.547775
3.571043
3.593694
3.622529
3.655247
3.687173
3.721236
3.746625
3.769240
3.785820
3.797614
3.843605
3.901266
3.952449
4.009966
4.022585
4.018383
4.022622
4.017814
4.056204
4.109629
4.124700
4.135072
4.193020
4.264947
4.329654
4.402878
4.421505
4.420129
4.429865
4.429174
4.462362
4.506257
4.537985
4.573141
4.628749
4.693378
4.760576
4.835261
4.831261
4.797562
4.775025
4.734988
4.783910
4.863665
4.921558
4.994018
5.010317
5.007232
5.021473
5.028056
5.061884
5.105550
5.140251
5.178634
5.201686
5.218991
5.269630
5.330136
5.366299
5.400257
5.445743
5.492524
5.497455
5.486407
5.478594
5.460239
5.493460
5.544027
5.597275
5.665254
5.685141
5.691751
5.715706
5.735726
5.768726
5.807241
5.841261
5.877329
5.892999
5.900473
5.910909
5.916606
5.927819
5.939473
5.946006
5.951150
5.990576
6.043396
6.093260
6.151773
6.165222
6.163236
6.172122
6.173630
6.207817
6.253602
6.290427
6.332334
6.325514
6.299394
6.367352
6.461137
6.441929
6.396706
6.478851
6.591037
6.607288
6.610283
6.690928
6.788243
6.778502
6.739243
6.722473
6.690104
6.743113
6.827521
6.804164
6.758708
6.792775
6.838912
6.857887
6.879382
6.967463
7.082181
7.060132
6.999424
7.051940
7.120035
7.142141
7.163969
7.145747
7.105485
7.127546
7.161557
7.170896
7.181936
7.206904
7.235984
7.249291
7.259290
7.274335
7.288306
7.314940
7.346993
7.377428
7.411056
7.442125
7.473429
7.508135
7.544128
7.551102
7.546693
7.544893
7.535797
7.578437
7.639949
7.691696
7.753611
7.698143
7.596459
7.638761
7.708241
7.742894
7.790710
7.879049
7.987111
7.981615
7.941334
7.946675
7.943103
7.947816
7.956707
7.956377
7.954959
7.960980
7.968680
7.974860
7.981967
8.000747
8.024769
8.049235
8.077583
8.086281
8.088484
8.095556
8.099575
8.127934
8.165734
8.199363
8.238219
8.278797
8.322117
8.370739
8.423085
8.421650
8.399639
8.383842
8.355353
8.381258
8.425018
8.453342
8.489226
8.482064
8.458495
8.444484
8.422293
8.450933
8.498380
8.535244
8.581800
8.590396
8.586261
8.593713
8.596108
8.627608
8.670349
8.664537
8.646416
8.675299
8.713274
8.736223
8.762016
8.766016
8.760485
8.776494
8.794893
8.825276
8.864159
8.905172
8.952343
8.936726
8.897505
8.870272
8.830428
8.872076
8.943758
8.998969
9.069876
9.078637
9.066566
9.073291
9.071671
9.044389
9.004268
9.024793
9.062390
9.085309
9.116405
9.166287
9.226440
9.215684
9.181560
9.214259
9.256931
9.268516
9.278622
9.300925
9.324432
9.318083
9.300887
9.319600
9.345346
9.327433
9.298041
9.278099
9.252175
9.260544
9.281703
9.295266
9.315222
9.339104
9.366847
9.355352
9.329386
9.352636
9.385891
9.401732
9.420064
9.442110
9.465058
9.490286
9.517300
9.511914
9.493820
9.478990
9.456163
9.481193
9.523183
9.554858
9.595159
9.594391
9.579098
9.574423
9.563112
9.599809
9.654949
9.642410
9.614801
9.625073
9.637234
9.631623
9.623348
9.630908
9.642076
9.649661
9.659088
9.645290
9.622093
9.611736
9.599980
9.633200
9.686262
9.736037
9.798474
9.777297
9.726128
9.724758
9.721668
9.724271
9.733764
9.746939
9.765513
9.765758
9.761122
9.762895
9.763166
9.811660
9.880647
9.833637
9.751980
9.775535
9.815337
9.813816
9.813467
9.837316
9.867634
9.875625
9.879709
9.887421
9.892481
9.893163
9.891124
9.887810
9.882213
9.891000
9.904702
9.920461
9.940921
9.966495
9.996667
9.976316
9.937164
9.905246
9.862247
9.889540
9.942317
9.893826
9.821632
9.903343
10.028710
10.024602
10.002158
10.003179
9.991883
9.959564
9.915013
9.929827
9.961943
9.978669
10.003241
10.000805
9.988925
9.986209
9.980106
9.985059
9.994099
9.999229
10.005782
10.000260
9.989853
9.981409
9.970231
9.973480
9.981794
9.986672
9.993990
10.009590
10.029494
10.051539
10.077389
10.084256
10.085055
10.090629
10.093380
10.079840
10.058551
10.035081
10.005327
10.009997
10.026139
10.034275
10.048024
10.014180
9.961868
9.996809
10.055181
10.044545
10.024766
10.016843
10.002371
10.006768
10.017380
10.020495
10.025330
10.049563
10.082062
10.115446
10.155134
10.126678
10.072276
10.027344
9.967068
9.970454
9.994739
10.000470
10.014842
10.012772
10.005791
10.008315
10.010841
9.996595
9.976220
9.956646
9.932765
9.951979
9.987596
10.016902
10.055774
10.038343
10.000769
9.975474
9.940002
10.046498
10.209932
10.078758
9.863943
9.902954
9.979576
9.956332
9.935096
9.947508
9.964603
9.981534
10.004153
9.974288
9.924739
9.912508
9.901374
9.927226
9.973280
9.976961
9.975996
9.970969
9.957549
9.939158
9.914288
9.908178
9.906488
9.897244
9.888843
9.856666
9.813968
9.800573
9.792199
9.802610
9.826470
9.854949
9.893686
9.895186
9.886137
9.889349
9.888892
9.854565
9.805405
9.754005
9.691114
9.702746
9.740465
9.743820
9.752670
9.753886
9.750790
9.715373
9.663375
9.684095
9.724564
9.744477
9.772597
9.786338
9.795630
9.754545
9.688416
9.682133
9.684245
9.657452
9.628631
9.628015
9.635390
9.639219
9.648271
9.661934
9.679631
9.702507
9.729965
9.692430
9.629935
9.658130
9.706335
9.622597
9.501698
9.525898
9.580452
9.538707
9.485574
9.513477
9.560328
9.543734
9.517604
9.514467
9.509927
9.521239
9.541073
9.558954
9.581675
9.556198
9.512274
9.475424
9.427836
9.457262
9.515176
9.533440
9.556337
9.524498
9.467341
9.417025
9.351961
9.347656
9.363018
9.360546
9.366136
9.371791
9.379365
9.395138
9.415307
9.394849
9.360033
9.331583
9.294812
9.243803
9.183511
9.273204
9.420856
9.375507
9.291079
9.276162
9.252073
9.243625
9.244894
9.236545
9.230315
9.231009
9.234624
9.233297
9.231968
9.193459
9.138606
9.118417
9.101383
9.101270
9.113505
9.128551
9.152371
9.127744
9.086914
9.057277
9.019680
9.012301
9.015235
9.015083
9.021651
9.013463
9.001819
8.997742
8.993703
9.002569
9.017745
9.032465
9.051313
8.995257
8.909216
8.872795
8.835505
8.834158
8.852952
8.871645
8.903539
8.878011
8.834224
8.806578
8.771163
8.790517
8.831244
8.823315
8.810499
8.791513
8.762460
8.728226
8.686416
8.665239
8.648742
8.665188
8.700029
8.666239
8.615355
8.685251
8.791260
8.728784
8.624330
8.565484
8.488532
8.493482
8.529627
8.543860
8.572060
8.545664
8.500262
8.471498
8.435127
8.437303
8.454076
8.453832
8.457270
8.470032
8.486685
8.506612
8.530743
8.481603
8.403603
8.333140
8.244601
8.258480
8.308264
8.334981
8.379554
8.372374
8.349097
8.346353
8.339322
8.284777
8.210179
8.188115
8.173976
8.147760
8.125681
8.112743
8.104356
8.120515
8.150220
8.183649
8.227609
8.204124
8.157271
8.124257
8.079039
8.056173
8.038565
8.007470
7.975466
7.979477
7.996958
8.011838
8.035738
8.018295
7.987211
7.967225
7.941192
7.947269
7.965350
7.975875
7.992209
7.957097
7.902017
7.855110
7.796875
7.788470
7.796825
7.791371
7.793171
7.771704
7.742275
7.721248
7.697602
7.694187
7.699043
7.700381
7.706241
7.693142
7.673722
7.663135
7.651339
7.635792
7.619018
7.601222
7.582019
7.583593
7.593240
7.600526
7.612791
7.587314
7.547861
7.515171
7.474812
7.448762
7.425923
7.394583
7.362646
7.333706
7.304861
7.288418
7.277614
7.270759
7.269540
7.274087
7.284146
7.273235
7.256596
7.246612
7.234556
7.230029
7.228439
7.224431
7.221568
7.211897
7.199611
7.188784
7.176631
7.164196
7.151173
7.136803
7.121553
7.100977
7.077580
7.053493
7.027225
6.999786
6.970753
6.939509
6.906453
6.893464
6.887929
6.848845
6.801104
6.815007
6.847529
6.868166
6.898998
6.867326
6.812579
6.770985
6.717557
6.718053
6.737339
6.742154
6.755328
6.744776
6.726514
6.717811
6.707051
6.680905
6.648260
6.614224
6.574921
6.576215
6.592167
6.600905
6.617743
6.589014
6.543929
6.509135
6.466230
6.456688
6.458632
6.450822
6.447777
6.432113
6.412278
6.397842
6.382414
6.355092
6.322817
6.290069
6.253540
6.251344
6.261935
6.267127
6.279649
6.255175
6.217822
6.189609
6.155333
6.138271
6.126659
6.108101
6.090965
6.085626
6.085237
6.085756
6.090230
6.064986
6.029047
6.036730
6.054814
6.015498
5.961250
5.920593
5.872643
5.895344
5.946128
5.986426
6.042903
5.996623
5.913092
5.850656
5.768860
5.758712
5.772211
5.762747
5.762180
5.737110
5.703351
5.679676
5.653626
5.666866
5.696780
5.722620
5.758702
5.729787
5.677585
5.638753
5.587816
5.560571
5.539151
5.504284
5.468933
5.527768
5.625028
5.559882
5.453614
5.448903
5.450936
5.404731
5.351914
5.398119
5.478251
5.438801
5.374854
5.347339
5.311184
5.292167
5.280251
5.283229
5.297686
5.318988
5.350159
5.342519
5.323714
5.316853
5.305733
5.261955
5.203551
5.184059
5.170812
5.110598
5.037446
5.047994
5.083120
5.033051
4.967112
4.930954
4.891009
4.889213
4.905029
4.920826
4.948907
4.935995
4.911395
4.901279
4.887508
4.865941
4.840878
4.812483
4.780206
4.777664
4.785601
4.788213
4.796617
4.778717
4.751775
4.731922
4.708062
4.721276
4.749138
4.702218
4.634269
4.640019
4.659354
4.653148
4.650244
4.633790
4.610413
4.590837
4.568198
4.539494
4.507178
4.471983
4.433228
4.428119
4.435354
4.409023
4.377757
4.363139
4.349738
4.341469
4.337717
4.315318
4.287645
4.265493
4.241243
4.228542
4.220358
4.209548
4.200961
4.177712
4.148988
4.123176
4.094484
4.110100
4.143528
4.103529
4.045326
4.058521
4.085791
4.090555
4.099897
4.055318
3.987558
3.926685
3.852169
3.856717
3.889242
3.904290
3.933386
3.931100
3.920194
3.925042
3.929231
3.900695
3.859593
3.819345
3.770107
3.716912
3.657911
3.713238
3.814072
3.772568
3.703930
3.689445
3.670214
3.665558
3.670614
3.670560
3.674426
3.657010
3.631835
3.611594
3.587564
3.523981
3.442315
3.445421
3.471936
3.450604
3.428860
3.434083
3.445522
3.432231
3.414185
3.403854
3.391958
3.409116
3.438721
3.406386
3.356604
3.352061
3.352032
3.342937
3.336891
3.313444
3.283061
3.218528
3.134371
3.143674
3.179932
3.140768
3.092041
3.136373
3.207834
3.187142
3.149806
3.129673
3.099303
3.050229
2.990221
2.991407
3.011526
2.999312
2.988692
2.959903
2.920706
2.883686
2.840792
2.901944
3.004844
2.910019
2.761643
2.784233
2.833537
2.840438
2.859920
2.837618
2.798942
2.774753
2.744631
2.722094
2.701539
2.723490
2.765260
2.729395
2.674285
2.643376
2.605524
2.608975
2.629309
2.640868
2.660979
2.630073
2.580537
2.541983
2.493970
2.456844
2.421080
2.375142
2.326666
2.333111
2.360659
2.383130
2.419146
2.426665
2.427870
2.444283
2.461191
2.426937
2.372757
2.321415
2.256526
2.263075
2.293973
2.307789
2.333311
2.318800
2.290931
2.276770
2.257944
2.239431
2.220316
2.224285
2.237828
2.211356
2.174788
2.154323
2.131742
2.122554
2.119779
2.114363
2.112247
2.106582
2.100674
2.098313
2.096971
2.082359
2.062953
2.045202
2.024505
2.016641
2.013031
2.005830
2.000454
1.943445
1.864942
1.911958
1.996841
1.956224
1.893242
1.875869
1.854132
1.838522
1.828303
1.813665
1.800323
1.751681
1.688159
1.682060
1.689684
1.651379
1.606043
1.577350
1.547578
1.566598
1.607636
1.645587
1.697709
1.685069
1.651188
1.634743
1.608907
1.600527
1.597021
1.583177
1.569068
1.562007
1.556727
1.550785
1.546141
1.481134
1.390980
1.400636
1.434584
1.410485
1.383639
1.385236
1.391502
1.376584
1.357853
1.345094
1.330846
1.324096
1.320471
1.315028
1.311071
1.291243
1.265165
1.241294
1.213753
1.202234
1.196046
1.185386
1.177017
1.193511
1.221184
1.250122
1.287470
1.263168
1.216710
1.235035
1.264013
1.245467
1.218551
1.205227
1.188733
1.151846
1.106236
1.058330
1.003201
0.991507
0.994666
0.988456
0.989819
0.986832
0.984551
0.990223
0.999148
0.972334
0.932679
0.897996
0.855628
0.847661
0.851257
0.895509
0.966121
0.943136
0.896983
0.882476
0.860667
0.840455
0.820852
0.820326
0.828372
0.806626
0.778239
0.823201
0.893106
0.850190
0.778723
0.718657
0.638116
0.646859
0.685205
0.698597
0.724697
0.735994
0.744306
0.786297
0.839653
0.809299
0.752219
0.710779
0.654607
0.642446
0.643765
0.635397
0.633884
0.625182
0.615608
0.613364
0.613067
0.598166
0.578738
0.562016
0.542778
0.507218
0.463821
0.499111
0.562483
0.546904
0.519223
0.524639
0.530108
0.507889
0.477418
0.448458
0.413342
0.441462
0.493764
0.481336
0.459394
0.438547
0.406853
0.412783
0.429754
0.394549
0.346301
0.341410
0.343330
0.356114
0.381304
0.342958
0.284542
0.277381
0.275896
0.250920
0.224035
0.223079
0.229774
0.233189
0.241539
0.232225
0.217361
0.208342
0.197337
0.199691
0.207418
0.212560
0.220536
0.218601
0.213504
0.211746
0.208878
0.174805
0.127288
0.161882
0.221810
0.207805
0.182909
0.188078
0.193107
0.191114
0.189251
0.187785
0.185806
0.147830
0.094340
0.041873
-0.021240
-0.022643
-0.002671
0.003629
0.020662
0.034917
0.051572
0.079349
0.112689
0.089338
0.045649
0.010252
-0.037151
-0.012295
0.038559
0.073936
0.122561
0.105079
0.064038
0.039440
0.003797
-0.000772
0.004447
-0.002976
-0.007900
-0.014885
-0.022914
-0.028369
-0.033436
0.004181
0.060413
0.006433
-0.081199
