-0.233756
-0.528446
-0.626925
-0.496298
0.007315
0.411825
0.882711
1.112281
0.829884
0.192043
-0.495831
-1.023264
-1.473357
-0.851715
-0.529350
0.337378
0.991290
1.479886
1.473832
1.156225
0.584764
-0.387142
-1.257968
-1.703522
-1.841441
-1.435302
-0.547610
0.394145
1.251534
1.932110
2.073946
1.694478
1.081892
0.158128
-0.905463
-1.878656
-2.313176
-2.036280
-1.776199
-0.974945
0.001547
1.144907
1.966959
2.426820
2.551423
1.998286
1.231849
0.202573
-0.980342
-1.568988
-2.344995
-2.789822
-2.565397
-1.698707
-0.924015
0.159312
1.205871
2.117067
2.722915
3.079398
2.647000
1.939625
1.061099
0.030592
-1.026058
-2.088326
-2.630708
-2.943751
-3.099048
-2.605670
-1.768363
-0.693865
0.359331
1.547138
2.295066
3.102229
3.433167
3.226141
2.806011
1.970121
0.990747
-0.109715
-1.158026
-2.032051
-2.873772
-3.392629
-3.387577
-3.288460
-2.571059
-1.830277
-0.817164
0.436097
1.338539
2.301934
3.029959
3.470405
3.664532
3.550537
3.155218
2.288934
1.442404
0.461061
-0.657042
-1.665155
-2.811262
-3.285179
-3.763427
-3.903004
-3.673774
-3.271140
-2.678078
-1.810753
-0.831539
0.278568
1.276079
2.189376
3.117720
3.694953
3.923961
4.031821
4.008561
3.502473
2.814809
2.022251
1.052505
0.070211
-0.990482
-2.003854
-3.038210
-3.408565
-3.764693
-4.151382
-4.321039
-4.092178
-3.693516
-2.923634
-2.286837
-1.439330
-0.235361
0.722294
1.676112
2.651784
3.438444
3.939993
4.275176
4.409727
4.476292
4.232620
3.733877
3.117631
2.202336
1.772338
0.653742
-0.641629
-1.303379
-2.317380
-2.941309
-3.650097
-4.179988
-4.510410
-4.718713
-4.724431
-4.514197
-4.043497
-3.479155
-2.846652
-1.871538
-1.077634
-0.112607
0.772914
1.519414
2.395639
3.105863
3.811838
4.370258
4.896862
4.876534
4.887372
4.707698
4.506853
3.983099
3.496791
2.679814
1.930482
1.015037
0.078185
-0.740849
-1.528190
-2.373656
-3.426502
-3.815627
-4.296545
-4.797214
-5.034306
-4.998130
-5.243754
-4.916388
-4.597080
-4.224244
-3.665128
-2.883423
-2.290026
-1.540782
-0.606355
0.288910
0.986354
1.834054
2.970734
3.181975
4.040453
4.401976
4.792901
5.152221
5.358437
5.535219
5.328259
5.250320
4.769425
4.337771
3.756058
3.229591
2.553412
1.821738
0.900581
0.298207
-0.609573
-1.395522
-2.158929
-2.793695
-3.311643
-4.124826
-4.556758
-5.098333
-5.345870
-5.399273
-5.720848
-5.633088
-5.566864
-5.349557
-5.072890
-4.579800
-4.061104
-3.545708
-2.866017
-2.084102
-1.444150
-0.626379
0.022771
0.870998
1.664928
2.245948
2.961492
3.632822
4.268021
4.598179
5.080844
5.483164
5.599562
5.647340
5.817585
5.862858
5.704587
5.548350
5.291260
4.962870
4.476615
3.951740
3.421235
2.827317
2.038279
1.448992
0.754167
0.265590
-0.658439
-1.763509
-1.989642
-2.727353
-3.348927
-3.881013
-4.506137
-4.965600
-5.314108
-5.686788
-6.091163
-6.054715
-6.138960
-6.144002
-6.115663
-6.013968
-5.881636
-5.539227
-5.187189
-4.653149
-4.351506
-3.848352
-3.340509
-2.699002
-1.987985
-1.407748
-0.654424
-0.033117
0.681169
1.188980
1.848046
2.185162
3.066183
3.467857
4.143319
4.600581
5.009958
5.385411
5.662346
6.050263
6.493422
6.490434
6.443617
6.564026
6.485898
6.237793
6.038767
5.948438
5.623163
5.381063
4.694104
4.502587
3.968942
3.506000
2.776580
2.296226
1.830117
1.286376
0.549172
-0.151333
-0.710741
-1.300765
-1.904109
-2.334703
-2.920286
-3.617488
-4.374720
-4.660399
-5.114599
-5.383665
-5.776250
-6.074770
-6.334481
-6.661049
-6.570055
-6.753276
-6.824898
-6.835865
-6.733593
-6.577679
-6.674959
-6.195941
-5.890659
-5.693115
-5.263145
-4.943257
-4.463093
-4.136908
-3.577622
-2.967726
-2.586049
-1.952431
-1.500253
-0.987963
-0.442357
0.198995
0.823296
1.522286
1.804103
2.452253
2.918436
3.457077
4.022572
4.335832
4.968873
5.330073
5.563021
5.861603
6.188894
6.476239
6.578584
6.835261
6.876728
7.075514
7.262698
7.175948
6.927267
7.027100
6.800910
6.779572
6.368179
6.284785
6.010941
5.732817
5.403452
5.419018
4.512441
4.226516
3.705716
3.351832
2.980263
2.269731
1.837832
1.347971
0.799294
0.435604
-0.258021
-0.689154
-1.260857
-1.806887
-2.255785
-2.628275
-3.144255
-3.667938
-4.171031
-4.557365
-4.911009
-5.204331
-5.594566
-5.905891
-6.154370
-6.436486
-6.599846
-6.907963
-7.030341
-7.055507
-7.510843
-7.217137
-7.217713
-7.501140
-7.472297
-7.352279
-7.285262
-7.141899
-6.918970
-6.735780
-6.521978
-6.357288
-6.042583
-5.790711
-5.668698
-5.158574
-4.762732
-4.160565
-3.744088
-3.434421
-3.105358
-2.731495
-2.369006
-1.701016
-1.256564
-0.889230
-0.485633
0.000968
0.514261
0.712747
1.342730
1.727690
2.363283
2.892747
2.960904
3.800179
3.876774
4.527109
4.915255
5.245304
5.430448
5.851762
6.081588
6.516558
6.689590
6.844577
7.205801
7.785818
7.333258
7.522509
7.616110
7.696690
7.791538
7.739317
7.974262
7.742798
7.712865
7.627218
7.578766
7.514231
7.104854
6.992382
6.851214
6.458706
6.607506
6.525561
6.235173
5.705333
5.367979
5.083299
4.774266
4.304851
4.034139
3.692538
3.275023
3.044870
2.498350
2.090582
1.621676
1.344938
0.878690
0.388558
-0.056656
-0.467286
-0.895878
-1.262264
-1.586464
-2.075892
-2.443696
-2.844520
-3.361718
-3.688325
-4.079561
-4.421375
-4.559223
-4.902223
-5.353358
-5.736381
-6.113105
-6.210683
-6.559756
-6.822735
-7.122635
-7.104780
-7.416599
-7.645431
-7.719314
-7.840014
-7.872495
-7.928543
-8.059484
-8.123210
-8.182748
-8.105227
-8.306159
-8.251554
-8.055113
-8.031135
-8.064052
-7.875682
-7.858586
-7.765210
-7.471618
-7.352166
-7.137826
-6.991315
-6.776875
-6.645292
-6.331683
-5.922328
-5.819188
-5.648756
-5.242261
-5.128987
-4.848554
-4.294916
-4.072227
-3.871256
-3.252294
-3.016357
-2.752118
-2.026520
-1.940948
-1.686392
-1.174986
-0.795141
-0.464890
-0.066417
0.289964
0.582340
1.006013
1.486939
1.779868
2.094476
2.454643
2.966449
3.114977
3.492791
3.909026
4.355584
4.545600
4.740301
5.118758
5.396354
5.568006
5.955268
6.088573
6.272258
6.496624
6.834511
7.068448
7.306386
7.514252
7.848417
7.940527
7.903055
8.171378
8.101898
8.485816
8.347716
8.481896
8.645843
8.605725
8.553715
8.665144
8.505177
8.636691
8.450133
8.622958
8.283183
8.502948
8.400312
8.448246
8.227559
8.117171
8.000027
7.946684
7.614880
7.485400
6.946099
7.128874
6.903525
6.755212
6.531433
6.218353
6.183607
5.831928
5.585196
5.246708
5.012115
4.805744
4.462258
4.253286
3.798772
3.557775
3.254912
2.982482
2.688057
2.336935
2.188116
1.710995
1.551787
1.060896
0.725253
0.403486
0.294309
-0.174932
-0.566607
-0.978751
-1.141116
-1.605874
-1.774584
-2.150768
-2.403922
-2.772684
-3.099283
-3.466874
-3.657829
-3.853165
-4.148336
-4.585788
-4.978674
-5.249182
-5.293297
-5.424649
-5.830564
-6.067760
-6.234819
-6.592834
-6.753313
-6.949875
-7.101737
-7.347643
-7.503215
-7.791115
-7.920789
-7.912630
-8.194748
-8.278683
-8.050435
-8.528604
-8.523150
-8.923169
-8.775290
-8.881533
-8.911714
-8.981271
-9.017133
-9.116466
-9.244977
-9.217122
-9.075310
-9.156060
-9.149086
-9.051566
-9.097550
-9.004338
-8.922783
-8.870827
-8.799388
-8.483143
-8.619143
-8.657511
-8.453934
-8.365852
-8.153838
-8.081521
-8.034955
-7.802497
-7.496565
-7.469480
-7.120795
-7.200116
-6.909801
-6.819471
-6.446298
-6.282297
-6.109985
-6.071140
-5.711306
-5.707547
-5.221344
-5.069795
-4.811633
-4.749462
-4.225155
-4.013658
-3.807960
-3.445189
-3.178015
-2.950305
-2.772675
-2.435194
-2.191603
-1.554863
-1.568942
-1.315015
-1.122678
-0.958320
-0.550369
-0.316194
0.058925
0.379330
0.685529
0.818988
1.108825
1.477803
1.745384
1.898466
2.290695
2.523689
2.798158
2.925603
3.268673
3.680715
3.701911
3.788381
4.303357
4.451773
4.684068
5.085803
5.119989
5.507090
5.672393
5.672333
6.135859
6.276497
6.533981
6.772161
6.753205
7.247397
7.353630
7.284720
7.529493
7.731533
7.862902
7.890177
8.143404
8.293024
8.478257
8.568132
8.662037
8.826431
8.844857
9.180973
9.143350
9.140518
9.239532
9.252267
9.332799
9.617956
9.477787
9.443004
9.515286
9.499791
9.716359
9.733504
9.600364
9.394147
9.606783
9.690923
9.677365
9.586992
9.585079
9.222873
9.479255
9.478153
9.357582
9.276610
9.114523
9.100284
9.040637
8.961469
9.034078
8.791663
8.791227
8.444153
8.401966
8.188358
8.262256
7.943359
7.941648
7.877040
7.554486
7.563331
7.388199
7.316590
7.120450
6.904234
6.726903
6.454073
6.352317
6.283359
5.890656
5.743446
5.556980
5.448943
5.211201
4.823516
4.806536
4.595701
4.083383
4.126136
3.924296
3.729795
3.574635
3.201181
3.157535
2.827666
2.608688
2.456267
2.234965
1.830069
1.742161
1.558747
1.114204
0.971552
0.820024
0.527800
0.345613
0.067024
-0.090161
-0.473996
-0.550396
-0.745667
-0.832747
-1.235730
-1.502987
-1.733116
-1.979526
-2.254352
-2.221443
-2.749882
-2.913283
-3.079569
-3.299613
-3.512944
-3.712302
-4.012345
-4.234001
-4.384495
-4.512865
-4.540909
-4.943191
-5.155552
-5.072571
-5.413175
-5.692635
-5.734593
-6.031319
-6.247481
-6.608037
-6.592261
-6.995070
-6.926747
-7.172793
-7.306431
-7.428660
-7.599554
-7.568148
-7.861650
-7.958410
-8.100529
-8.320219
-8.413796
-8.467480
-8.589943
-8.810934
-8.829781
-8.960961
-9.109653
-9.105543
-9.356116
-9.335276
-9.185454
-9.472448
-9.577361
-9.658120
-9.768191
-9.893340
-9.863522
-9.880729
-9.788066
-9.985601
-10.015627
-10.311400
-10.156512
-10.043505
-10.061451
-10.146253
-10.224831
-10.229185
-10.289956
-10.234503
-10.019816
-10.060329
-10.127254
-10.151708
-10.323775
-10.101220
-9.927182
-10.316067
-9.970112
-9.968629
-9.867901
-9.856882
-9.720849
-9.836059
-9.734336
-9.589166
-9.569447
-9.545089
-9.507075
-9.360778
-9.190945
-9.155403
-9.205635
-9.024441
-9.025911
-8.443079
-8.708248
-8.659093
-8.667777
-8.313819
-8.242095
-8.135114
-7.963611
-7.768674
-7.685400
-7.490786
-7.416181
-7.341514
-6.969690
-7.186381
-6.919302
-6.902925
-6.654768
-6.594715
-6.236856
-6.211574
-6.146083
-5.919253
-5.672786
-5.612285
-5.428787
-5.186671
-4.937516
-4.993029
-4.708181
-4.684277
-4.406614
-4.269259
-3.952972
-3.975879
-3.541870
-3.668543
-3.326226
-3.247262
-2.982242
-2.871159
-2.673842
-2.428298
-2.248924
-2.078224
-1.839462
-1.650215
-1.665647
-1.166724
-1.108787
-1.018187
-0.848653
-0.590782
-0.431810
-0.148742
-0.003094
0.239205
0.410155
0.587868
0.712049
1.028712
1.178282
1.639941
1.471139
1.607455
1.876151
2.046791
2.089991
2.434795
2.617812
2.796918
2.998061
3.407304
3.297890
3.390489
3.658538
3.708269
4.215342
4.176656
4.214906
4.346011
4.663307
4.794284
5.126960
5.113581
5.312763
5.442253
5.579600
5.772040
5.983560
6.085460
5.950890
6.442163
6.397079
6.685674
6.765088
6.861961
7.111929
7.268957
7.305651
7.530626
7.592347
7.714937
7.803545
7.925122
7.988840
8.131546
8.538694
8.404965
8.524880
8.634730
8.805429
8.827995
8.969457
9.083188
9.171258
9.302559
9.376344
9.345604
9.532263
9.559994
9.615153
9.763684
9.872363
9.798223
9.957813
10.192150
9.893060
10.114218
10.255386
10.169744
10.390500
10.336227
10.431349
10.500438
10.541743
10.601027
10.566174
10.657754
10.596083
10.379639
10.585546
10.587445
10.712867
10.775681
10.708072
10.827130
10.771133
10.901800
10.878866
10.726257
10.865496
10.676506
10.738451
10.752887
10.756874
10.653149
10.590200
10.698176
10.713616
10.562562
10.617375
10.734960
10.665585
10.583443
10.527091
10.466806
10.431918
10.444078
10.419041
10.393831
10.263489
10.273130
10.159647
10.223078
10.132698
10.004742
10.011419
9.904474
9.791783
9.731946
9.581394
9.601311
9.559032
9.445756
9.378210
9.331881
9.219277
9.044087
9.112252
8.986793
8.995897
8.836626
8.661836
8.568960
8.528091
8.841082
8.443911
8.091674
8.122307
8.035296
7.885442
7.768894
7.803680
7.449648
7.403132
7.214935
7.253246
7.107003
6.930234
6.896317
6.785458
6.753092
6.511013
6.344375
6.211122
6.344122
6.026782
5.972657
5.872131
5.408570
5.515566
5.407332
5.223197
5.034983
4.968586
4.930884
4.687060
4.586279
4.527274
4.251875
4.139746
4.153959
3.795815
3.702718
3.609125
3.527812
3.285049
3.069556
3.023545
2.801313
2.668761
2.641329
2.405705
2.429117
2.130602
2.045333
1.874088
1.623462
1.739844
1.390496
1.245537
1.088945
0.944502
0.853103
0.833622
0.252682
0.395695
0.291847
0.095390
-0.000694
-0.232439
-0.419624
-0.485933
-0.641010
-0.752732
-0.884837
-1.123239
-1.178476
-1.258281
-1.279203
-1.504876
-1.828018
-1.778144
-2.069355
-2.171572
-2.229382
-2.432997
-2.606267
-2.876083
-2.906332
-3.014669
-3.158662
-3.470380
-3.441594
-3.473597
-3.688940
-3.939229
-4.000207
-4.074802
-4.308875
-4.419954
-4.492538
-4.659924
-4.670573
-4.823882
-4.862265
-5.227237
-5.233106
-5.460660
-5.584182
-5.598850
-5.712809
-5.876464
-5.922291
-5.952364
-6.181135
-6.331989
-6.548442
-6.629496
-6.676422
-6.837467
-6.931576
-6.997412
-7.178327
-7.183008
-7.328106
-7.357863
-7.605250
-7.685526
-7.811510
-7.736138
-7.916689
-8.052340
-8.119258
-8.209514
-8.372354
-8.369742
-8.340257
-8.671782
-8.626658
-8.812865
-8.915657
-9.210266
-8.984052
-9.118274
-9.102980
-9.120978
-9.334638
-9.412588
-9.522442
-9.679549
-9.695566
-9.646494
-9.932192
-9.922895
-9.936408
-10.041185
-10.017887
-9.991697
-10.064779
-10.294937
-10.194681
-10.336873
-10.346079
-10.778612
-10.483519
-10.575798
-10.872479
-10.689498
-10.694465
-10.714500
-10.637982
-10.885418
-11.033288
-10.946420
-10.955190
-10.957382
-11.027832
-11.064519
-10.996047
-11.329501
-10.527014
-11.176702
-11.177276
-11.164066
-11.402772
-11.089074
-11.377094
-11.214845
-11.320585
-11.258758
-11.352873
-11.291549
-11.275677
-11.377966
-11.396359
-11.400494
-11.378639
-11.421122
-11.391578
-11.400185
-11.417264
-11.217272
-11.256543
-11.440372
-11.441749
-11.364394
-11.365961
-11.306223
-11.309868
-11.424166
-11.124643
-11.148243
-11.345496
-11.149259
-11.243643
-11.154320
-11.300006
-11.190834
-11.186198
-11.455640
-11.089078
-11.111761
-11.086255
-11.083615
-10.999252
-10.968795
-10.896228
-10.879277
-10.885843
-10.900533
-10.775342
-10.836033
-10.692035
-10.688602
-10.700658
-10.563024
-10.551397
-10.320495
-10.263735
-10.409404
-10.387627
-10.287154
-10.245248
-10.223725
-10.205515
-10.101595
-10.007973
-10.106146
-9.862723
-9.733302
-9.788604
-9.643147
-9.677332
-9.567968
-9.639999
-9.336174
-9.463396
-9.296105
-9.174194
-9.169962
-9.117126
-9.000073
-8.935276
-8.925641
-8.834464
-8.744700
-8.353838
-8.596901
-8.554021
-8.491522
-8.261019
-8.288028
-8.170213
-8.178962
-7.909437
-7.962252
-7.857789
-7.781440
-7.713317
-7.598639
-7.581916
-7.452565
-7.375751
-7.190125
-7.168052
-7.095162
-7.034429
-6.891855
-6.934254
-6.745260
-6.858025
-6.588713
-6.715885
-6.545871
-6.301530
-6.152798
-5.926136
-6.162411
-5.893300
-5.806229
-5.698525
-5.514270
-5.492925
-5.479727
-5.323559
-5.237036
-5.118554
-5.002927
-4.849516
-4.820810
-4.654731
-4.593210
-4.478992
-4.401223
-4.052445
-4.455783
-4.041224
-4.068883
-3.832160
-3.730766
-3.968655
-3.471549
-3.472291
-3.398017
-3.200775
-3.164250
-3.294426
-2.909681
-2.846875
-2.563042
-2.473994
-2.523417
-2.532515
-2.401055
-2.247757
-2.059259
-2.019952
-1.926814
-1.649187
-1.605495
-1.514640
-1.435671
-1.340697
-1.221707
-1.231996
-0.997758
-0.965865
-0.661648
-0.719756
-0.501030
-0.475269
-0.423439
-0.349589
-0.014647
0.126081
0.113325
0.178827
0.340490
0.338665
0.419420
0.552992
0.672272
0.826870
0.863568
0.898907
1.090387
1.363967
1.153715
1.344146
1.571597
1.570324
1.800364
1.800751
1.925812
2.005741
2.232636
2.058976
2.281690
2.188362
2.541995
2.624215
2.782920
2.849431
2.612289
3.074635
2.991321
3.452941
3.380702
3.483568
3.510452
3.724716
3.708868
3.931150
4.113636
4.010606
4.262327
4.099398
4.385699
4.472065
4.473916
4.608136
4.736885
4.725307
4.965430
5.079030
5.169732
5.346610
5.352431
5.401286
5.528411
5.660104
5.411222
5.884662
5.816943
5.911493
6.003229
6.167924
6.205316
6.211045
6.390784
6.412945
6.698907
6.531968
6.700088
6.736955
6.895688
6.931495
6.974550
7.045969
6.929614
7.239770
7.398177
7.402512
7.453820
7.563075
7.623893
7.620455
7.741340
8.104243
7.839284
8.029064
7.830459
8.269273
8.183902
8.276013
8.327451
8.345978
8.506554
8.519431
8.611534
8.675975
8.767753
8.939536
8.974909
9.008923
8.904099
9.011972
8.665365
9.034657
9.354036
9.512381
9.484713
9.516076
9.671831
9.593708
9.539552
9.777100
9.601262
9.902707
9.920651
9.969280
9.942189
9.893778
10.057623
10.168277
10.165317
10.043561
10.245698
10.361739
10.232025
10.372385
10.491405
10.569842
10.583711
10.469324
10.704348
10.632841
10.760586
10.752933
10.769971
10.817149
10.917252
11.059132
10.834547
10.819571
10.930542
11.082812
10.968112
11.199430
11.192762
11.168003
11.144523
11.292725
11.276664
11.279973
11.349673
11.252583
11.537236
11.391489
11.445818
11.543435
11.385906
11.484823
11.504858
11.538296
11.586652
11.406678
11.670428
11.696367
11.712198
11.648224
11.558285
11.852149
11.853001
11.680965
11.844425
11.698673
11.856450
11.801125
11.806994
11.902449
11.740457
11.684386
11.875298
11.863850
12.102440
11.889641
11.815790
12.066277
12.170309
11.943565
12.093755
11.963084
11.896576
11.978619
11.889680
11.976208
12.012402
11.853516
11.866977
11.944853
11.906578
11.825253
11.973620
11.879666
11.931715
11.929542
11.940394
12.405561
11.788471
11.875828
11.830826
11.864611
11.924697
11.848138
11.804982
11.858691
11.833548
11.745560
11.848919
11.639594
11.725865
11.700139
11.761233
11.567203
11.672135
11.665411
11.759065
11.584888
11.752214
11.581853
11.546989
11.578773
11.568010
11.359335
11.618733
11.419848
11.497866
11.454731
11.434715
11.518237
11.550390
11.339030
11.441099
11.232239
11.293688
11.186289
11.242936
11.022085
11.167133
11.256244
11.036945
11.066217
11.002232
10.942329
10.936820
10.863352
10.871372
10.862943
10.593270
10.796490
10.676150
10.667563
10.629832
10.711876
10.617713
10.568724
10.462613
10.424992
10.431115
10.361624
10.404832
10.232517
10.233046
10.197475
10.280021
10.122915
9.875534
9.998586
10.165267
9.886607
9.900167
9.791227
9.796687
9.837861
9.458032
9.640243
9.761118
9.675153
9.614823
9.495082
9.506011
8.997330
9.458590
9.322038
9.187543
9.241525
9.068048
9.050304
8.936346
8.907696
8.914179
8.762139
8.916293
8.813912
8.724545
8.506850
8.581410
8.442766
8.473986
8.397979
8.345754
8.491635
8.375754
8.205440
8.127867
7.889437
7.987847
7.962944
8.076868
7.813092
7.689513
7.616843
7.655161
7.566092
7.540360
7.529482
7.245036
7.253714
7.414542
7.007182
7.051230
7.168840
7.085153
6.985522
6.694294
6.828757
6.886783
6.570547
6.759165
6.433211
6.372666
6.604254
6.435062
6.340416
6.263908
5.989613
6.087953
6.001613
6.039683
5.960459
5.907610
5.793457
5.721951
5.667667
5.402285
5.624042
5.489875
5.391313
5.331313
5.238465
5.277571
5.050488
5.051196
4.944552
5.118489
4.901436
4.755509
4.599850
4.758391
4.529683
4.557635
4.493793
4.271450
4.440720
4.138697
4.241797
4.061418
3.883082
4.075029
3.909885
3.721190
3.702496
3.710906
3.655865
3.232378
3.631318
3.443901
3.325625
3.231742
3.015502
3.135097
3.082832
2.936933
2.896310
2.651203
2.726515
2.605185
2.676194
2.539589
2.560766
2.401206
2.271504
2.255523
2.181578
2.151871
2.057116
2.063464
1.930287
1.773053
1.660211
1.636102
1.647531
1.434588
1.417586
1.376714
1.128952
1.239851
1.331111
1.033523
0.950037
0.915145
0.920989
0.940647
0.681925
0.667785
0.851069
0.570618
0.532305
0.429581
0.280418
0.278362
0.179095
0.152761
-0.081844
0.001364
-0.221423
-0.184080
-0.223769
-0.286774
-0.136298
-0.370716
-0.397170
-0.636800
-0.678198
-0.650193
-0.874574
-1.000982
-1.039726
-1.042962
-0.967066
-0.996984
-1.082751
-1.403674
-1.177663
-1.387218
-1.475153
-1.423227
-1.729565
-1.803174
-1.871498
-1.760234
-1.833285
-1.858053
-2.023716
-2.171988
-2.195794
-2.188719
-2.456764
-2.510266
-2.398335
-2.847691
-2.667166
-2.713398
-2.658198
-2.727078
-2.826431
-3.139491
-2.786835
-3.093122
-3.389956
-3.096891
-3.159516
-3.316158
-3.280410
-3.490330
-3.396381
-3.461469
-3.667912
-3.691502
-3.925220
-3.756893
-3.897387
-3.953448
-4.013492
-4.111779
-4.239930
-4.095298
-4.320485
-4.280344
-4.400905
-4.462516
-4.533177
-4.627762
-4.730049
-4.942627
-4.755675
-4.919100
-4.909874
-4.882708
-5.004196
-5.091125
-5.253676
-5.060919
-5.276192
-5.305830
-5.289103
-5.388904
-5.141488
-5.459975
-5.647251
-5.698502
-5.580487
-5.776199
-5.583389
-5.997962
-6.116459
-6.007517
-6.153381
-6.143021
-6.155816
-6.159620
-6.468418
-6.276676
-6.436807
-6.443341
-6.533619
-6.550484
-6.968483
-6.659029
-6.499896
-6.829424
-6.828269
-6.810593
-6.945276
-6.918416
-7.182755
-7.106739
-7.125794
-7.180555
-7.288702
-7.237364
-7.291235
-7.360459
-7.462937
-7.618858
-7.611434
-7.615686
-7.578113
-7.675720
-7.947677
-7.902885
-7.686422
-7.931674
-7.967491
-7.943314
-8.009404
-8.094454
-8.148544
-8.162621
-8.233667
-8.318763
-8.493436
-8.392772
-8.239502
-8.507744
-8.603176
-8.378398
-8.667459
-8.600173
-8.671442
-8.715326
-8.793048
-8.768229
-8.957361
-8.859908
-8.827661
-8.847345
-8.960330
-9.040007
-9.267493
-9.165862
-9.159918
-9.107262
-9.168645
-9.363429
-9.400857
-9.379406
-9.275708
-9.397724
-9.258514
-9.580303
-9.503059
-9.526839
-9.523528
-9.633223
-9.713840
-9.736784
-9.887308
-9.780511
-9.941068
-9.761234
-9.883763
-9.916023
-9.700346
-9.959945
-9.933803
-10.130509
-10.152906
-10.163553
-10.161434
-9.958674
-10.132155
-10.124138
-10.213508
-10.411816
-10.302057
-10.757005
-10.317033
-10.372418
-10.379603
-10.460984
-10.551955
-10.505050
-10.533744
-10.600608
-10.659312
-10.611712
-10.700162
-10.565767
-10.799525
-10.995437
-10.825236
-11.059344
-10.797701
-10.778859
-11.066863
-10.894302
-11.000979
-10.904758
-11.102344
-11.144010
-11.000790
-11.175630
-11.127801
-11.302989
-11.139122
-11.181059
-11.068676
-11.022093
-11.338402
-11.015232
-11.151811
-11.276047
-11.325705
-11.321431
-11.347344
-11.294620
-11.463614
-11.227921
-11.406469
-11.552591
-11.439730
-11.502240
-11.534523
-11.550701
-11.642266
-11.577498
-11.545918
-11.586992
-11.648175
-11.588663
-11.414932
-11.685416
-11.685789
-11.747744
-11.711039
-11.787798
-11.614704
-11.890659
-11.764082
-11.714393
-11.875992
-11.759096
-11.817378
-11.810071
-11.978654
-11.810544
-11.580760
-11.767900
-11.944543
-11.870936
-11.859627
-11.846647
-11.895031
-11.898202
-11.969651
-11.835485
-11.998769
-12.012593
-11.898006
-12.058585
-11.763354
-12.076024
-12.020680
-11.788136
-12.031397
-12.011061
-12.026911
-11.900100
-11.964533
-12.063553
-12.037583
-12.013212
-12.033823
-11.990694
-11.951945
-11.981257
-11.981497
-11.911425
-12.002381
-12.069359
-12.043798
-12.022781
-11.964270
-12.058550
-12.004755
-12.041587
-11.888431
-11.967869
-12.064515
-11.998858
-12.042895
-12.060733
-12.146668
-11.850947
-11.905346
-12.073235
-12.003539
-11.959072
-11.921147
-12.031431
-12.143537
-12.059669
-12.006796
-12.045869
-12.205016
-11.950559
-11.996834
-12.020221
-11.927392
-12.025045
-12.080056
-11.958879
-11.882111
-12.108993
-11.989551
-11.713491
-12.081836
-11.991150
-11.906724
-11.921909
-11.842865
-11.849164
-11.834098
-11.922649
-11.836083
-11.787055
-11.837953
-12.022191
-11.867944
-11.800589
-11.631270
-11.791414
-11.713116
-11.701701
-11.851160
-11.862976
-11.798996
-11.814111
-11.782265
-11.792805
-11.867954
-11.701544
-11.766719
-11.717211
-11.827401
-11.624729
-11.637285
-11.642012
-11.551288
-11.629941
-11.638434
-11.517926
-11.554821
-11.734629
-11.482352
-11.521385
-11.522754
-11.500222
-11.357174
-11.479299
-11.182759
-11.321067
-11.376587
-11.403733
-11.425761
-11.449098
-11.308350
-11.154584
-11.344028
-11.290863
-11.213988
-11.272316
-11.241130
-11.060474
-11.254665
-11.247280
-11.175984
-11.163295
-11.095213
-11.104066
-10.947434
-11.059185
-10.983243
-11.255076
-11.159366
-11.168652
-10.968260
-10.955031
-10.917708
-10.730614
-10.693163
-10.864390
-10.912741
-10.744151
-10.859139
-10.724425
-10.831546
-10.780703
-10.724002
-10.545069
-10.737435
-10.567422
-10.651606
-10.499014
-10.529774
-10.687406
-10.537089
-10.583269
-10.451898
-10.494855
-10.451001
-10.399047
-10.376659
-10.388509
-10.351879
-10.303366
-10.364913
-10.260789
-10.189757
-10.167377
-10.172792
-9.900794
-10.434278
-10.022632
-10.267417
-10.105160
-9.977540
-10.047201
-9.895117
-10.000197
-10.021833
-9.846709
-9.906181
-9.852434
-9.779608
-9.779759
-9.699433
-9.766552
-9.794840
-9.302836
-9.566182
-9.527390
-9.565983
-9.516896
-9.512668
-9.260457
-9.479880
-9.438010
-9.427762
-9.427131
-9.271584
-9.364597
-9.257699
-9.260713
-9.290631
-9.265167
-9.144200
-9.085352
-9.066928
-9.102269
-9.062603
-9.013017
-9.056890
-8.884395
-8.820613
-8.792531
-8.900851
-8.573248
-8.751662
-8.749527
-8.776306
-8.660028
-8.528029
-8.589404
-8.627783
-8.657293
-8.529709
-8.476762
-8.431912
-8.413840
-8.350952
-8.458502
-8.195144
-8.267874
-8.253731
-8.050060
-8.158377
-8.118464
-8.107694
-8.092312
-8.212655
-8.010490
-8.084125
-7.746530
-7.906824
-7.888407
-7.899893
-7.774545
-7.661952
-7.737211
-7.613956
-7.598173
-7.606359
-7.556960
-7.413631
-7.466824
-7.561411
-7.473971
-7.319541
-7.345955
-7.357406
-7.260719
-7.265331
-7.314840
-7.189542
-7.124698
-7.252916
-7.076831
-7.060390
-6.951181
-7.186953
-6.948616
-6.908870
-6.773370
-6.815957
-6.729318
-6.907954
-6.691045
-6.702246
-6.540376
-6.645478
-6.680112
-6.523711
-6.473514
-6.695134
-6.336993
-6.337158
-6.307327
-6.200546
-6.014887
-6.311366
-6.193794
-6.143450
-5.963354
-6.098641
-6.023704
-5.938184
-5.959089
-5.854571
-5.963479
-5.906037
-5.830745
-6.124615
-5.847566
-5.632893
-5.615269
-5.572641
-5.561251
-5.543666
-5.237742
-5.548893
-5.521284
-5.500397
-5.604704
-5.252425
-5.393487
-5.088600
-5.407767
-5.145278
-4.924243
-5.120150
-4.951731
-4.815125
-5.018351
-4.709342
-4.874842
-4.924459
-4.742371
-4.804649
-4.684188
-4.757677
-4.554645
-4.743616
-4.726559
-4.496724
-4.491829
-4.118138
-4.399062
-4.386841
-4.173887
-4.262975
-4.175100
-4.111648
-4.240737
-4.090947
-4.044920
-4.052543
-3.891336
-4.068823
-4.226043
-3.807461
-3.703205
-3.780407
-3.651455
-3.648998
-3.666433
-3.619072
-3.893589
-3.639265
-3.513988
-3.511870
-3.477178
-2.973289
-3.453602
-3.481077
-3.353329
-3.326812
-3.246468
-3.181312
-3.016321
-3.105480
-3.093348
-3.030825
-3.023421
-2.986220
-2.916588
-2.914594
-2.802375
-2.698400
-2.690140
-2.723675
-2.789634
-2.617370
-2.632723
-2.549484
-2.561836
-2.454354
-2.481711
-2.401415
-2.333626
-2.289364
-2.358807
-2.252588
-2.246120
-2.140504
-2.129126
-2.053810
-2.270147
-1.803030
-2.074872
-1.883603
-1.990543
-1.894556
-1.795948
-1.772624
-1.659755
-1.779138
-1.596472
-1.329387
-1.559283
-1.538131
-1.524587
-1.684613
-1.326052
-1.632140
-1.434418
-1.221352
-1.379068
-1.171030
-1.046602
-0.914065
-0.996428
-1.057694
-0.716914
-1.004190
-0.870759
-0.830915
-0.953799
-0.825489
-0.715639
-0.747629
-0.616640
-0.660419
-0.662511
-0.564596
-0.524794
-0.423001
-0.493031
-0.416097
-0.666229
-0.377693
-0.304453
-0.312140
-0.193379
-0.189195
-0.177774
-0.190037
0.092223
-0.060813
-0.010892
-0.012753
0.062556
0.145006
0.235644
0.221356
0.169437
0.274020
0.511601
0.201564
0.090567
0.303768
0.431719
0.441825
0.437772
0.717795
0.524342
0.536944
0.676696
0.902173
0.616887
0.741760
0.641094
0.875709
0.991090
0.803254
0.921722
0.928314
1.200008
1.006732
1.124170
1.114632
1.195104
1.167500
1.303568
1.272501
1.439673
1.517253
1.261421
1.267153
1.352547
1.224293
1.557918
1.565121
1.637125
1.608315
1.517716
1.685122
1.787602
1.713072
1.791172
1.876609
1.958633
1.801402
1.999702
2.034349
2.016379
2.070713
2.145938
2.073322
2.159200
2.134216
2.216279
2.265498
2.338610
2.326095
2.421864
2.308888
2.449649
2.421534
2.536161
2.544837
2.551315
2.623953
2.678649
2.676339
2.738663
2.819321
2.779314
2.855289
2.854340
2.864398
2.803960
2.969328
3.001620
3.054305
3.053148
3.108709
3.111307
3.169631
3.172035
3.090128
3.550152
3.310422
3.281200
3.452252
3.378965
3.482676
3.568143
3.373304
3.565626
3.622747
3.537806
3.682056
3.629086
3.840864
3.742515
3.761128
3.775879
3.723168
3.963951
3.892913
3.812917
3.882638
3.857952
3.962362
4.223597
3.815983
4.029229
4.265777
4.270212
4.187644
4.354679
4.258389
4.335296
4.319519
4.335849
4.446031
4.457607
4.495612
4.296062
4.521953
4.527408
4.376091
4.585283
4.508126
4.594718
4.696226
4.540632
4.734342
4.939460
4.812440
4.842725
4.794426
4.873773
4.776224
4.843198
4.944560
5.006179
5.091335
5.057407
5.075887
5.130061
5.201939
5.302702
5.237468
5.320420
5.285092
5.292930
5.292589
5.378032
5.309330
5.377173
5.355486
5.448023
5.372559
5.423503
5.600656
5.513623
5.575792
5.578812
5.648967
5.582723
5.799944
5.704785
5.716600
5.740698
5.833199
5.661419
6.057403
5.774149
5.968095
5.954371
5.967207
5.996032
5.950715
6.042484
6.149982
6.158543
6.182930
6.569098
6.238420
6.453019
6.243482
6.263137
6.257210
6.280258
6.413339
6.319547
6.338696
6.391639
6.443615
6.575931
6.481683
6.545337
6.502063
6.372317
6.597537
6.474365
6.646856
6.613281
6.624266
6.641251
6.761481
6.862764
6.734830
6.676726
6.803209
6.736416
6.730879
6.819474
6.931792
6.896126
7.096124
7.017617
7.010380
7.012020
6.859356
6.996455
6.804918
7.122656
7.177715
7.108387
7.147517
7.150066
7.200386
7.243034
7.249534
7.240636
7.348852
7.348646
7.366593
7.012601
7.303349
7.410309
7.398935
7.519885
7.425276
7.504515
7.137830
7.411641
7.425243
7.660095
7.700949
7.693858
7.627674
7.607693
7.604992
7.740092
7.798921
7.712020
7.663291
7.725538
7.821937
7.856589
7.761096
7.873085
8.002682
7.797999
7.737842
7.914958
7.941416
7.789750
8.039839
8.039853
7.997447
8.085860
8.024539
8.412568
7.945445
8.103760
8.157744
8.246185
8.247621
8.155625
8.275435
8.149259
8.261040
8.253790
8.210753
8.316239
8.345322
8.329072
8.405612
8.347278
8.737792
8.420794
8.457272
8.400826
8.508804
8.533026
8.414643
8.471241
8.465828
8.673775
8.531179
8.442636
8.408496
8.708461
8.556383
8.557257
8.622847
8.635482
8.986750
8.597167
8.614598
8.706641
8.778559
8.780454
8.791283
8.563845
8.742829
8.836843
8.770866
8.772204
9.032377
8.960083
8.795861
8.847215
8.790394
8.865556
8.865318
8.814923
8.947560
8.916093
8.896273
8.928720
8.844378
8.988420
9.014460
9.136940
8.989948
9.022928
8.877937
9.177438
9.222648
9.080586
9.226998
9.125840
9.141599
9.208851
9.151703
9.123377
9.132937
9.159030
9.125869
9.324868
9.062524
9.078949
9.187063
9.310459
9.311805
9.249919
9.219091
9.342847
9.394042
9.337706
9.327789
9.160482
9.298773
9.249851
9.433472
9.364157
9.362990
9.409916
9.344150
9.381278
9.496943
9.300526
9.540963
9.438885
9.441533
9.432425
9.628926
9.499468
9.498068
9.525164
9.473410
9.620043
9.457347
9.515564
9.526041
9.595439
9.533370
9.608518
9.691329
9.603425
9.420823
9.602628
9.400512
9.573050
9.555123
9.629145
9.910727
9.730187
9.646927
9.663168
9.811174
9.590852
9.694285
9.635636
9.830439
9.687866
9.562468
9.638251
9.703092
9.675380
9.719059
9.846685
9.666409
9.801971
9.758678
9.765822
9.822713
9.608709
9.789000
9.814934
9.771923
9.664062
9.866765
9.869703
9.738744
9.914894
9.910914
9.823846
9.886808
9.889725
9.750461
9.907402
9.751794
10.028259
9.884309
9.895513
9.751970
9.877780
9.801641
9.886228
9.894450
9.777619
9.772712
9.911957
9.816904
9.940593
9.849343
9.875199
9.918628
10.007593
9.898179
9.894926
9.816678
10.000146
10.118494
9.937964
9.961105
10.103354
9.738834
9.880772
9.977265
9.836829
10.213352
10.150416
9.996842
9.946408
10.006685
10.115838
9.935503
10.042245
9.921810
10.031637
10.052733
9.707477
9.937140
10.000358
10.144820
9.865846
10.080166
9.906243
10.076007
9.985962
10.046396
9.885195
10.204746
9.964543
9.982352
9.874951
9.897991
10.024363
10.053947
10.021368
10.056839
10.009606
9.917612
10.001688
10.021717
10.020720
9.943356
10.281541
10.001230
9.929727
10.090143
10.054870
10.042122
9.903234
10.008830
9.968628
10.019804
10.007101
10.000273
10.170065
9.915955
9.901255
10.013974
10.103284
9.971446
10.003033
10.036001
9.933659
10.013595
9.817862
9.955647
9.967671
10.028744
9.986669
10.111706
9.900617
9.993086
10.097129
10.018059
10.135343
9.932752
9.951747
10.453325
10.032742
9.915059
10.006252
9.873952
9.867445
10.011085
9.942268
9.986133
9.812906
9.922824
9.933806
9.917597
9.861784
9.996132
9.961392
9.954822
9.825311
9.965190
9.778196
9.910995
10.033654
9.946442
9.944569
9.891669
9.941496
9.900720
9.974605
9.849944
9.653624
9.935841
9.852146
9.847488
9.875262
9.888590
9.808023
9.883924
9.926458
9.986538
9.725455
9.873538
10.011596
9.658829
9.822524
9.919239
9.933661
9.984616
9.753461
9.782992
9.780290
9.795329
9.867210
9.677519
10.087663
9.675979
9.805984
9.836800
9.663957
9.750599
9.811745
9.754866
9.557333
9.725100
9.686210
9.697604
9.698756
9.756659
9.734436
9.690248
9.744613
9.721333
9.668324
9.717230
9.670594
9.687248
9.557341
9.369548
9.615780
9.610418
9.600725
9.613624
9.758661
9.567999
9.531289
9.499895
9.600828
9.550790
9.562925
9.691949
9.539840
9.534168
9.394687
9.502691
9.525318
9.507578
9.614994
9.520566
9.579603
9.152573
9.580649
9.367815
9.438669
9.525647
9.337932
9.352434
9.384811
9.397718
9.373867
9.341186
9.400984
9.324836
9.262942
9.394209
9.219805
9.325847
9.282214
9.595202
9.042457
9.289419
9.292790
9.187927
9.365117
9.392002
9.331144
9.202232
9.213457
9.474066
9.205328
9.311091
9.162993
9.214900
9.146202
9.257129
9.200062
9.213434
8.973219
9.125803
9.149273
9.141839
9.143392
9.305179
9.133417
9.112305
9.318319
9.004441
9.066399
9.162127
9.087171
9.156280
9.042209
9.057291
8.988654
8.861796
9.093080
8.948433
8.985883
9.088751
8.983916
8.913104
8.745233
8.952853
9.005910
8.950185
8.679731
8.928419
8.916211
8.906216
8.833603
8.654027
8.703637
8.824504
8.947230
8.816931
8.770039
8.754603
8.787720
8.717366
8.832525
8.722499
8.690364
8.962699
8.872137
8.510493
8.640662
8.731287
8.381585
8.605045
8.475129
8.604780
8.578187
8.576981
8.590316
8.578616
8.550836
8.596060
8.561305
8.751800
8.592569
8.390171
8.443192
8.509037
8.360230
8.189524
8.458901
8.410286
8.411763
8.361741
8.345734
8.363252
8.373731
8.377577
8.294873
8.443605
8.296307
8.339998
8.258589
8.119563
8.207993
8.324479
8.208770
8.215841
8.243464
8.209209
8.236244
8.258586
8.193352
8.208939
8.250659
8.072314
8.115792
8.218987
7.919731
8.114278
8.063989
7.992656
8.013020
8.063878
8.102847
8.102937
8.013865
7.621755
8.063080
7.968503
7.910649
7.961160
7.818907
7.958681
7.950450
7.786677
7.860677
7.731307
7.818822
7.825830
7.824558
7.852600
7.779610
7.766994
7.830979
7.869481
7.731955
7.677183
7.603829
7.734477
7.690142
7.548599
7.721201
8.000910
7.516154
7.557193
7.760604
7.571752
7.544447
7.586444
7.608234
7.546042
7.493493
7.496522
7.524655
7.325147
7.415465
7.252048
7.444943
7.405327
7.326349
7.591021
7.415275
7.365771
7.303542
7.349152
7.365664
7.204985
6.909021
7.310407
7.368572
7.262538
7.287180
6.995805
7.348995
7.185691
7.270287
7.169454
7.270626
7.145969
7.127097
7.102601
7.148445
7.101564
7.098957
7.058587
7.063824
7.032518
6.947343
7.071147
7.101864
6.926621
6.999279
6.976418
6.978052
6.799086
6.782312
6.740184
6.782508
6.683692
6.948762
6.798893
6.820087
6.760707
6.795055
6.662175
6.792804
6.832048
6.830277
6.721405
6.646590
6.609917
6.698052
6.751221
6.651877
6.666273
6.720938
6.686724
6.642428
6.629243
6.534171
6.534287
6.193812
6.675881
6.599440
6.662547
6.545095
6.436847
6.565481
6.484253
6.391736
6.449440
6.393100
6.373841
6.572074
6.321121
6.268074
6.325925
6.314017
6.328995
6.377644
6.302504
6.169092
6.242353
6.216237
6.385785
6.189291
6.223253
6.136438
6.150045
6.201613
6.210120
6.506750
6.068154
6.175907
6.072232
6.014975
5.919540
5.969828
6.026466
5.936241
6.036730
5.933625
6.013185
6.005930
5.751340
5.915478
5.926812
5.938494
6.066917
5.894542
5.894196
5.663142
5.750075
5.792645
5.851131
5.724615
5.660644
5.667073
5.638954
5.755628
5.687394
5.624714
5.615828
5.642080
5.710962
5.667863
5.588723
5.520881
5.476059
5.439239
5.503280
5.440751
5.592280
5.514985
5.459920
5.340442
5.530200
5.426502
5.463550
5.295461
5.382312
5.382424
5.288943
5.316437
5.304192
5.340385
5.274532
5.246082
5.276523
5.074751
5.159664
5.052377
5.019513
5.169119
4.863454
5.407310
5.123178
5.107786
5.071875
5.320908
4.898417
5.053824
5.051114
5.325934
4.947773
5.018309
4.921427
4.843358
4.826714
4.941798
4.945640
4.866423
4.899415
4.873522
4.797155
4.868754
4.727613
4.685079
4.734335
4.594230
4.678259
4.636924
4.883275
4.387414
4.609765
4.691495
4.668349
4.596576
4.631548
4.581878
4.615813
4.649403
4.631766
4.666209
4.384759
4.513197
4.353996
4.464207
4.364955
4.691662
4.359756
4.479709
4.451509
4.373049
4.380385
4.442667
4.451721
4.351986
4.113025
4.301340
4.448037
4.502136
4.267602
4.249580
4.204200
4.228456
4.212427
4.153046
4.308182
4.093444
4.040885
4.095847
4.119624
4.178777
4.102859
4.253468
4.060597
4.105746
4.152707
3.923855
4.133252
4.019768
3.867988
3.771837
3.748227
3.869017
4.143436
4.161344
3.861086
4.049149
3.930727
3.859642
3.863289
3.878044
3.746254
3.868820
3.672652
3.967993
3.779771
3.722753
3.735350
3.651590
3.682370
3.557381
3.691633
3.626136
3.705820
3.523376
3.602101
3.460844
3.514346
3.651718
3.521725
3.514664
3.515310
3.562679
3.554011
3.628941
3.437381
3.453903
3.327875
3.383748
3.355067
3.391613
3.292761
3.401361
3.013648
3.398001
3.277008
3.253865
3.329304
3.195844
3.227516
3.227291
3.213466
3.275836
3.339081
3.394846
3.098809
3.216551
3.173218
3.259681
3.166685
3.113191
2.904594
3.081697
3.007337
3.038790
2.869959
3.001712
2.994179
3.106838
3.082428
2.949860
3.131735
2.869628
2.905593
2.903355
3.024764
2.701128
2.987643
2.747907
2.870373
2.800692
2.800431
2.721252
2.648726
2.561200
2.835925
2.705611
2.679738
2.666446
2.673559
2.668240
2.686355
2.603255
2.733296
2.538088
2.349597
2.587760
2.609197
2.493409
2.586363
2.649752
2.545927
2.435111
2.511016
2.391324
2.446042
2.479977
2.472705
2.546576
2.277578
2.611227
2.453936
2.418268
2.365858
2.312389
2.344105
2.328168
2.328023
2.356939
2.350811
2.268805
2.256026
2.281849
2.197902
2.285543
2.099248
2.257966
2.115761
2.114739
2.145249
2.152267
2.015472
2.100518
2.351694
2.393868
2.067831
2.037902
2.036433
2.053353
1.826116
2.026181
1.671213
1.994039
2.040664
2.037944
1.806725
2.212292
1.886882
1.802092
1.760587
1.864551
1.943356
1.867388
1.740013
1.859749
1.671676
1.868311
1.782964
1.795787
1.733321
1.687167
1.850645
1.744530
1.753235
1.726446
1.734502
1.585576
1.636793
1.645569
1.644847
1.767897
1.670596
1.638347
1.513878
1.547835
1.594481
1.591595
1.388347
1.444817
1.593944
1.478800
1.501625
1.499219
1.427439
1.255975
1.364666
1.340120
1.410491
1.555065
1.432527
1.440974
1.319136
1.330364
1.310937
1.264429
1.384020
1.047096
1.362656
1.217283
1.400762
1.388615
1.537336
1.429268
1.272635
1.256614
1.274529
1.282126
1.236613
1.195251
1.200979
1.580758
1.197681
1.124151
1.178047
1.310228
1.289272
1.000551
1.030322
1.135756
1.086325
1.168725
1.179319
1.127346
0.934204
1.077412
1.168939
0.993213
1.104051
0.925003
1.035079
0.964316
1.013278
1.009124
0.981016
0.916985
0.962931
0.915305
0.926151
0.647736
0.849365
0.875754
0.974575
0.804416
0.894356
0.889961
0.813394
0.723603
0.806236
1.092707
0.900972
0.776397
0.749798
0.900589
0.772257
0.870136
0.741854
0.608244
0.677472
0.776854
0.653321
0.610675
0.677468
0.784442
0.722302
0.587587
0.700540
0.723272
0.739951
0.611203
0.559200
0.553432
0.467956
0.550972
0.542800
0.719785
0.605232
0.693419
0.630870
0.421341
0.519743
0.516651
0.496598
0.584706
0.487912
0.504690
0.585411
0.459485
0.529157
0.443629
0.427306
0.415712
0.431664
0.422164
0.522356
0.536286
0.802617
0.370343
0.393579
0.391371
0.387103
0.249292
0.360894
0.253968
0.358651
0.297107
0.007238
0.254131
0.205441
0.308285
0.380018
0.135405
0.272837
0.243147
0.274568
0.332960
0.270032
0.266607
0.083667
0.287582
0.074394
0.279102
0.217985
0.133219
0.327806
0.353415
0.218257
0.229393
0.088072
0.132750
-0.065255
0.305069
0.194773
0.228062
-0.058891
0.134272
0.045250
0.196274
0.193193
0.146645
0.177178
0.087267
0.209594
0.162004
0.259121
0.139321
-0.017738
-0.089958
-0.003974
0.125302
0.100602
-0.057466
0.123786
-0.001585
0.117267
-0.001527
0.068353
-0.026518
0.140198
-0.048101
-0.053934
0.038626
0.046080
0.004767
0.189056
-0.100679
0.007137
0.051693
0.009956
-0.000014
-0.004949
0.002185
0.063601
-0.106351
-0.042718
-0.135907
0.022149
-0.099406
