-0.282264
-0.118411
0.037616
0.232997
0.391474
0.551860
0.754514
0.972140
0.522702
-0.199077
-0.876261
-1.732728
-1.429850
-0.712966
-0.231302
0.467048
0.659742
0.713916
1.012329
1.296208
0.643674
-0.388249
-1.392902
-2.662894
-2.267238
-1.284309
-0.647650
0.293250
0.588766
0.715577
1.182405
1.646512
1.044094
0.022601
-0.953022
-2.218445
-2.086555
-1.491059
-1.255437
-0.807728
-0.135787
0.692843
1.728492
2.949397
2.617974
1.734773
1.111920
0.176899
-0.598979
-1.425860
-2.580681
-3.882088
-3.357857
-2.160241
-1.195686
0.178574
0.864430
1.424687
2.436888
3.509638
3.062637
2.045215
1.159589
-0.098190
-0.763307
-1.336688
-2.319817
-3.371547
-2.956250
-1.992272
-1.165817
0.014584
0.808551
1.589393
2.752198
4.030457
3.921263
3.316259
2.893628
2.169336
1.416755
0.530085
-0.666186
-2.060021
-2.462953
-2.569623
-2.925991
-3.144845
-2.783321
-2.136847
-1.375032
-0.369152
0.550076
1.559020
2.825265
4.233856
3.888303
2.890316
2.117360
0.948669
0.416908
-0.005459
-0.863153
-1.787368
-2.539046
-3.294580
-4.129874
-4.982642
-4.633725
-3.790127
-3.017065
-1.914957
-1.099705
-0.259783
0.932565
2.256056
2.866474
3.272255
3.847336
4.323051
4.096723
3.543042
2.918115
2.035132
1.279955
0.450686
-0.651792
-1.891706
-2.451580
-2.815433
-3.353048
-3.800731
-3.882539
-3.784924
-3.611370
-3.282683
-2.455890
-1.336414
-0.077222
1.431318
2.143490
2.648451
3.446977
4.188985
4.261862
4.054627
3.820069
3.371768
3.121081
2.851423
2.351765
1.766279
0.846868
-0.279202
-1.481550
-2.848556
-3.475857
-3.873654
-4.474399
-4.975623
-5.009747
-4.819973
-4.548930
-4.088925
-3.709751
-3.267814
-2.626139
-1.878623
-0.860134
0.344402
1.648405
3.110608
3.645659
3.870876
4.300622
4.574027
4.652172
4.595629
4.387291
4.030572
3.635771
3.139159
2.489384
1.722695
1.153385
0.597052
-0.090033
-0.805770
-1.725571
-2.759472
-3.815274
-4.955473
-5.095968
-4.852960
-4.740594
-4.398243
-4.384348
-4.416268
-4.196992
-3.927083
-3.372291
-2.645957
-1.877495
-0.980554
-0.029307
1.009714
2.179726
3.452357
3.877857
4.004864
4.275666
4.378071
4.821974
5.347497
5.685121
6.017203
5.742953
5.188216
4.652393
3.928973
3.290718
2.602794
1.717155
0.733130
0.115034
-0.414401
-1.063030
-1.682079
-2.542068
-3.503337
-4.424544
-5.401680
-5.594783
-5.476249
-5.449096
-5.231768
-5.245121
-5.277185
-5.103166
-4.874653
-4.526234
-4.079436
-3.579762
-2.998789
-2.333475
-1.588578
-0.762740
0.143762
0.712181
1.183118
1.752776
2.282959
2.995440
3.777443
4.511508
5.277057
5.510013
5.526031
5.597223
5.533836
5.614776
5.699905
5.639936
5.535474
5.169231
4.655385
4.105616
3.443673
2.759594
2.009726
1.144408
0.196793
-0.341493
-0.756402
-1.275068
-1.736723
-2.409897
-3.157341
-3.837473
-4.546166
-4.880237
-5.061162
-5.287270
-5.421170
-5.652495
-5.886849
-6.021910
-6.126457
-6.004404
-5.761121
-5.495232
-5.138919
-4.778905
-4.372549
-3.872569
-3.310644
-2.807797
-2.291145
-1.707079
-1.094114
-0.380302
0.397101
1.200606
2.055695
2.589566
3.013696
3.505282
3.940131
4.509288
5.116148
5.659021
6.206557
6.420394
6.487652
6.573617
6.563518
6.619437
6.660410
6.599242
6.494601
6.230769
5.868014
5.466308
4.984816
4.470221
3.900028
3.248360
2.532465
2.059034
1.650047
1.163472
0.699758
0.092240
-0.573969
-1.210931
-1.878178
-2.355778
-2.763779
-3.211075
-3.622394
-4.099383
-4.591616
-5.044087
-5.493738
-5.779529
-5.990067
-6.204434
-6.367813
-6.556286
-6.731948
-6.853778
-6.949357
-6.860292
-6.674660
-6.469386
-6.190950
-5.916358
-5.607037
-5.221659
-4.788052
-4.394187
-3.986579
-3.526727
-3.042413
-2.480144
-1.867710
-1.232900
-0.556807
-0.034409
0.444307
0.972564
1.485155
2.080612
2.709233
3.318459
3.943748
4.415844
4.828230
5.263696
5.664779
6.112278
6.565860
6.982033
7.390053
7.496747
7.467445
7.442400
7.323529
7.258780
7.173543
6.988881
6.758044
6.636239
6.528661
6.367793
6.202463
5.937260
5.621827
5.305658
4.955061
4.514660
4.019837
3.493242
2.918116
2.332152
1.715469
1.048763
0.345229
-0.116561
-0.498046
-0.928474
-1.316497
-1.812882
-2.340686
-2.820310
-3.305632
-3.658416
-3.952374
-4.257562
-4.525926
-4.817265
-5.102311
-5.348339
-5.577248
-5.876242
-6.192904
-6.488513
-6.790865
-7.048347
-7.287668
-7.535735
-7.774263
-7.744105
-7.596078
-7.449830
-7.220652
-7.050294
-6.866290
-6.593919
-6.283781
-6.057627
-5.840152
-5.579260
-5.312853
-4.963896
-4.572632
-4.178875
-3.755490
-3.404990
-3.071355
-2.703888
-2.337647
-1.925100
-1.489841
-1.057579
-0.611046
-0.090057
0.468983
1.039561
1.640765
2.236438
2.845330
3.486255
4.146418
4.462020
4.643419
4.859844
4.991798
5.235074
5.489842
5.652647
5.793494
6.087808
6.427395
6.736905
7.071083
7.319651
7.540167
7.789671
8.029299
8.064663
8.011556
7.957261
7.839374
7.770470
7.692483
7.546545
7.372623
7.253248
7.136774
6.988441
6.833687
6.618884
6.372147
6.121099
5.846895
5.587413
5.322887
5.033721
4.733266
4.406150
4.059792
3.702700
3.329202
2.913972
2.472161
2.015080
1.534626
1.045617
0.540398
0.011231
-0.536626
-0.887589
-1.166069
-1.472578
-1.736197
-2.072374
-2.422293
-2.724909
-3.021521
-3.416896
-3.846472
-4.265199
-4.705794
-5.102523
-5.489687
-5.901293
-6.314172
-6.525527
-6.654319
-6.793311
-6.876614
-7.017358
-7.157525
-7.237649
-7.298037
-7.430867
-7.578914
-7.702931
-7.831525
-7.905874
-7.956743
-8.014497
-8.058434
-8.035411
-7.978150
-7.909528
-7.812937
-7.721660
-7.618333
-7.485735
-7.335599
-7.186960
-7.027641
-6.849869
-6.659400
-6.443236
-6.208236
-5.961052
-5.697137
-5.458099
-5.220516
-4.964442
-4.703818
-4.417742
-4.116746
-3.811989
-3.495945
-3.146447
-2.777027
-2.397335
-2.000394
-1.599811
-1.188508
-0.759425
-0.317368
0.008174
0.292100
0.594623
0.873219
1.197642
1.532321
1.840403
2.146828
2.513947
2.903298
3.288105
3.687823
4.063242
4.434828
4.822862
5.213525
5.475294
5.685192
5.903499
6.087430
6.310052
6.533919
6.720598
6.896133
7.120730
7.357043
7.579410
7.806528
8.000049
8.180024
8.366255
8.545243
8.605002
8.611297
8.615285
8.580613
8.569925
8.551082
8.491166
8.412491
8.365712
8.319366
8.251900
8.179027
8.068382
7.936896
7.801274
7.650126
7.550378
7.464786
7.360873
7.261241
7.133288
6.993350
6.858920
6.718217
6.534164
6.329309
6.119875
5.894154
5.674705
5.449808
5.207745
4.956488
4.690893
4.413071
4.126214
3.828266
3.519967
3.201110
2.871145
2.530410
2.184237
1.829529
1.463817
1.088848
0.701714
0.303900
-0.103061
-0.520206
-0.809469
-1.050060
-1.306781
-1.534014
-1.804602
-2.081526
-2.326185
-2.564676
-2.865635
-3.186868
-3.498765
-3.822804
-4.116161
-4.401165
-4.699987
-4.997525
-5.248406
-5.480296
-5.712979
-5.932159
-6.165613
-6.398897
-6.617594
-6.831517
-7.057818
-7.285605
-7.507800
-7.729621
-7.939549
-8.143650
-8.347833
-8.548060
-8.649618
-8.707346
-8.765236
-8.792207
-8.839409
-8.880749
-8.889211
-8.883079
-8.907777
-8.935272
-8.946070
-8.954338
-8.931482
-8.892431
-8.851970
-8.800024
-8.775068
-8.756066
-8.723999
-8.692022
-8.642267
-8.583606
-8.525700
-8.462060
-8.370134
-8.263566
-8.152287
-8.029147
-7.907697
-7.780910
-7.641735
-7.494965
-7.327746
-7.146954
-6.959085
-6.759679
-6.554352
-6.340349
-6.114603
-5.879167
-5.642077
-5.398499
-5.144869
-4.883746
-4.610366
-4.327195
-4.036716
-3.737242
-3.522382
-3.338535
-3.141671
-2.962760
-2.752662
-2.536329
-2.339822
-2.145527
-1.906564
-1.651731
-1.401271
-1.140504
-0.898630
-0.660429
-0.410779
-0.159978
0.138978
0.460176
0.780579
1.116165
1.444608
1.777041
2.125495
2.481878
2.819344
3.154174
3.498156
3.842793
4.204310
4.574286
4.944286
5.320047
5.513895
5.633041
5.765996
5.850556
5.984661
6.118630
6.200478
6.265331
6.408000
6.570297
6.711232
6.860515
6.959218
7.038049
7.127534
7.206883
7.368716
7.562025
7.741370
7.938258
8.108818
8.274918
8.460201
8.648769
8.787551
8.908718
9.035585
9.151351
9.288066
9.429097
9.557779
9.685446
9.721810
9.717541
9.716061
9.687059
9.675521
9.658811
9.612881
9.553943
9.530610
9.513239
9.480634
9.448112
9.385904
9.309490
9.234320
9.149879
9.094818
9.048045
8.990419
8.935169
8.864445
8.787102
8.712799
8.635051
8.531064
8.414621
8.295765
8.167267
8.042805
7.915288
7.777596
7.634570
7.507401
7.383403
7.253119
7.123325
6.981598
6.834357
6.688089
6.538386
6.376464
6.207837
6.036189
5.858821
5.681478
5.501145
5.314864
5.124655
4.916276
4.697696
4.475785
4.245751
4.014633
3.778895
3.534770
3.284796
3.036721
2.785824
2.528725
2.267866
1.998513
1.723128
1.444167
1.159959
0.954720
0.780245
0.596904
0.432569
0.243067
0.050825
-0.120729
-0.287429
-0.491505
-0.707019
-0.915733
-1.130871
-1.326139
-1.515242
-1.711798
-1.906533
-2.141631
-2.393838
-2.642478
-2.901893
-3.152053
-3.402946
-3.665363
-3.932047
-4.178894
-4.420520
-4.667510
-4.912236
-5.169262
-5.431029
-5.689964
-5.951217
-6.115731
-6.239868
-6.370555
-6.474864
-6.603961
-6.731939
-6.831594
-6.921298
-7.051837
-7.192090
-7.320056
-7.451669
-7.555475
-7.647858
-7.745118
-7.836156
-7.968396
-8.115768
-8.254961
-8.402127
-8.534918
-8.664462
-8.802815
-8.941873
-9.054301
-9.156661
-9.260970
-9.358569
-9.465945
-9.574544
-9.675792
-9.775520
-9.833632
-9.872545
-9.911622
-9.937365
-9.969553
-9.998253
-10.012873
-10.020550
-10.043151
-10.067359
-10.083624
-10.098842
-10.099662
-10.093024
-10.085860
-10.073453
-10.072418
-10.073709
-10.069078
-10.064221
-10.051514
-10.034734
-10.018012
-9.998574
-9.966555
-9.927916
-9.887009
-9.840703
-9.794911
-9.746566
-9.692593
-9.635082
-9.569296
-9.497735
-9.422826
-9.342909
-9.259973
-9.173052
-9.081050
-8.984700
-8.887077
-8.786336
-8.681107
-8.572373
-8.458325
-8.339897
-8.218034
-8.092094
-7.963075
-7.830471
-7.693753
-7.553278
-7.408679
-7.260128
-7.107834
-6.951658
-6.790884
-6.625939
-6.457144
-6.284269
-6.107729
-5.927310
-5.742795
-5.554331
-5.406625
-5.273978
-5.135454
-5.005801
-4.861313
-4.714048
-4.576560
-4.440359
-4.283390
-4.119222
-3.957361
-3.790908
-3.633652
-3.478401
-3.318019
-3.157368
-2.973341
-2.778698
-2.584743
-2.383631
-2.186387
-1.987508
-1.781058
-1.571031
-1.370552
-1.171658
-0.968589
-0.765497
-0.554439
-0.339540
-0.124927
0.092208
0.269174
0.430200
0.595567
0.751057
0.918575
1.087042
1.244801
1.399723
1.573900
1.753806
1.929859
2.108996
2.277565
2.442674
2.611401
2.778927
2.965285
3.159477
3.351641
3.548609
3.740970
3.933408
4.131000
4.330332
4.519815
4.706467
4.895387
5.082903
5.276000
5.471055
5.664433
5.858606
6.006029
6.133756
6.264307
6.381880
6.511033
6.639330
6.753716
6.863007
6.991580
7.124496
7.251196
7.379330
7.493799
7.602467
7.713158
7.820545
7.947389
8.081179
8.210725
8.343780
8.469617
8.593578
8.721449
8.849340
8.964131
9.073773
9.184031
9.290751
9.401846
9.513209
9.620726
9.727196
9.795784
9.847354
9.899443
9.939767
9.987132
10.032035
10.064460
10.091166
10.131350
10.173266
10.208584
10.243332
10.265670
10.281762
10.297747
10.309447
10.333886
10.361726
10.384579
10.408253
10.424772
10.438103
10.452552
10.465226
10.466243
10.461586
10.455603
10.445161
10.436214
10.425672
10.410442
10.392627
10.393886
10.401553
10.405685
10.413336
10.412516
10.409367
10.410197
10.410731
10.400997
10.387177
10.373525
10.356943
10.343773
10.330699
10.314446
10.297247
10.266507
10.229225
10.191521
10.149140
10.108193
10.065619
10.018137
9.967957
9.922086
9.876266
9.827427
9.777783
9.723075
9.665514
9.607315
9.546972
9.486727
9.425452
9.361947
9.297021
9.229861
9.160849
9.090444
9.018341
8.942906
8.865110
8.785689
8.704118
8.621339
8.536865
8.450205
8.361692
8.271210
8.178791
8.084522
7.988350
7.890252
7.790248
7.688342
7.584528
7.478983
7.371606
7.262314
7.151166
7.038070
6.923073
6.806222
6.687487
6.564054
6.437543
6.309267
6.178301
6.046141
5.912025
5.775162
5.636086
5.496177
5.354586
5.210718
5.065006
4.916586
4.765909
4.613420
4.458816
4.303565
4.146857
3.987972
3.827409
3.664467
3.499495
3.332872
3.164343
2.993076
2.819575
2.644207
2.466708
2.287582
2.106567
1.923401
1.738263
1.594128
1.466287
1.334620
1.213302
1.079536
0.944918
0.821519
0.701177
0.562702
0.419132
0.279598
0.137472
0.006003
-0.121718
-0.252549
-0.381818
-0.531762
-0.690101
-0.845958
-1.006880
-1.162257
-1.317386
-1.477978
-1.640192
-1.791398
-1.939257
-2.089313
-2.237570
-2.391671
-2.547646
-2.701526
-2.856010
-2.992295
-3.120897
-3.250894
-3.375958
-3.505372
-3.634474
-3.758292
-3.880176
-4.010370
-4.142635
-4.272498
-4.403188
-4.528450
-4.651535
-4.775693
-4.898712
-5.028408
-5.160524
-5.291183
-5.423063
-5.552576
-5.681499
-5.811777
-5.942104
-6.067843
-6.191797
-6.316010
-6.439011
-6.563580
-6.688275
-6.811651
-6.934690
-7.036245
-7.128361
-7.221044
-7.307272
-7.397994
-7.487664
-7.570461
-7.650316
-7.738031
-7.826983
-7.912498
-7.997961
-8.076678
-8.152136
-8.227805
-8.301322
-8.382892
-8.466903
-8.548340
-8.630679
-8.709105
-8.786015
-8.864006
-8.941334
-9.012124
-9.079937
-9.147352
-9.212510
-9.278955
-9.344848
-9.408345
-9.470701
-9.543654
-9.620326
-9.695340
-9.772514
-9.845323
-9.917110
-9.991309
-10.065592
-10.134595
-10.201646
-10.269032
-10.335086
-10.403228
-10.471670
-10.538647
-10.605362
-10.664911
-10.721134
-10.777383
-10.831326
-10.886317
-10.940677
-10.992605
-11.043312
-11.096634
-11.150239
-11.202449
-11.254475
-11.303986
-11.352192
-11.400306
-11.447501
-11.469228
-11.479678
-11.490276
-11.492956
-11.500921
-11.507439
-11.505535
-11.499928
-11.502471
-11.505856
-11.504990
-11.503572
-11.494154
-11.480623
-11.466833
-11.450158
-11.443799
-11.440451
-11.433670
-11.427931
-11.416897
-11.403735
-11.391853
-11.378958
-11.357603
-11.332309
-11.306341
-11.277345
-11.249832
-11.221461
-11.189886
-11.156701
-11.133338
-11.113060
-11.090668
-11.069862
-11.044194
-11.016977
-10.991595
-10.965753
-10.934357
-10.900576
-10.866573
-10.830771
-10.796435
-10.761857
-10.725350
-10.688065
-10.643019
-10.594103
-10.544700
-10.492454
-10.440776
-10.387955
-10.332163
-10.274631
-10.219214
-10.163567
-10.106005
-10.047744
-9.986437
-9.923304
-9.859563
-9.794386
-9.741640
-9.693445
-9.643223
-9.595586
-9.543401
-9.490276
-9.440009
-9.390036
-9.333210
-9.273908
-9.215229
-9.154929
-9.097429
-9.040428
-8.981633
-8.922604
-8.856778
-8.787760
-8.718779
-8.647599
-8.577307
-8.506366
-8.433110
-8.358659
-8.286805
-8.215251
-8.142329
-8.069241
-7.993701
-7.916895
-7.840011
-7.762241
-7.675682
-7.584961
-7.493701
-7.399330
-7.306233
-7.212164
-7.114816
-7.015752
-6.918596
-6.821101
-6.721722
-6.621583
-6.518378
-6.413313
-6.307580
-6.200366
-6.096295
-5.992797
-5.887625
-5.782342
-5.674703
-5.565831
-5.456932
-5.347196
-5.234050
-5.119059
-5.003347
-4.886101
-4.768886
-4.650889
-4.531298
-4.410666
-4.314612
-4.228359
-4.139956
-4.057834
-3.968290
-3.878305
-3.795124
-3.713845
-3.621993
-3.527253
-3.434993
-3.341315
-3.254043
-3.169095
-3.082423
-2.996785
-2.898617
-2.795419
-2.693817
-2.589212
-2.488097
-2.387230
-2.283115
-2.178103
-2.079867
-1.983749
-1.886385
-1.790202
-1.690552
-1.589849
-1.490507
-1.390883
-1.278707
-1.161202
-1.043958
-0.922998
-0.805228
-0.687102
-0.564994
-0.441362
-0.321700
-0.202592
-0.081704
0.039261
0.163824
0.290141
0.416398
0.543833
0.664999
0.784043
0.904576
1.024085
1.146203
1.269110
1.390855
1.512751
1.638914
1.766841
1.894731
2.023884
2.151795
2.279765
2.409095
2.538901
2.635663
2.718733
2.803729
2.879631
2.964402
3.048890
3.123595
3.194944
3.279202
3.366344
3.449377
3.533380
3.608145
3.678998
3.751222
3.821217
3.906841
3.998216
4.086622
4.178114
4.264133
4.348954
4.437183
4.525720
4.604478
4.679580
4.755452
4.828901
4.906041
4.983697
5.058694
5.133192
5.223063
5.318959
5.413655
5.512292
5.605930
5.699160
5.796675
5.895294
5.987923
6.078974
6.171459
6.263181
6.358686
6.455594
6.551561
6.648185
6.735810
6.819815
6.904882
6.987750
7.073136
7.158674
7.241838
7.324329
7.411482
7.500052
7.587706
7.676129
7.762072
7.847222
7.933268
8.019061
8.090745
8.156402
8.222413
8.284256
8.349552
8.414401
8.474791
8.533438
8.596795
8.660866
8.722896
8.784892
8.842761
8.898643
8.954651
9.009344
9.070642
9.134147
9.196008
9.258903
9.318996
9.378208
9.438598
9.498780
9.554332
9.607942
9.661546
9.713746
9.767227
9.820596
9.872456
9.923758
9.980188
10.038378
10.095757
10.154158
10.210335
10.265959
10.322731
10.379496
10.433776
10.487115
10.540565
10.593358
10.647094
10.700935
10.754057
10.807022
10.856249
10.903737
10.951217
10.997483
11.044291
11.090759
11.135948
11.180489
11.226352
11.272338
11.317588
11.362723
11.406543
11.449671
11.492731
11.535298
11.563586
11.585560
11.607640
11.625293
11.645925
11.665762
11.680890
11.693956
11.711631
11.729802
11.745603
11.761116
11.772153
11.780898
11.789520
11.796542
11.809350
11.823857
11.836457
11.849654
11.859906
11.868981
11.878787
11.888041
11.892574
11.894917
11.896898
11.897198
11.898344
11.899024
11.897926
11.895941
11.899533
11.904894
11.909084
11.914194
11.916583
11.918121
11.920721
11.923086
11.922332
11.920254
11.918075
11.914903
11.912586
11.910157
11.906661
11.902749
11.894481
11.884052
11.873371
11.861110
11.849192
11.836653
11.822461
11.807311
11.793378
11.779339
11.764243
11.748775
11.731613
11.713443
11.694954
11.675678
11.663500
11.653939
11.643255
11.634071
11.622329
11.610082
11.599489
11.589093
11.574830
11.559190
11.543932
11.527783
11.513255
11.499040
11.483834
11.468526
11.449379
11.428445
11.407563
11.385458
11.363889
11.341980
11.318783
11.294936
11.272596
11.250456
11.227567
11.204614
11.180295
11.155285
11.130260
11.104761
11.074298
11.041498
11.008421
10.973606
10.939544
10.904958
10.868538
10.831171
10.794918
10.758501
10.721043
10.683181
10.643607
10.603005
10.562052
10.520286
10.480336
10.440740
10.400222
10.359669
10.317807
10.275273
10.232754
10.189787
10.144912
10.099017
10.052742
10.005624
9.958553
9.911066
9.862703
9.813777
9.770192
9.728525
9.686037
9.644664
9.601202
9.557287
9.514609
9.472024
9.426722
9.380439
9.334379
9.287666
9.242072
9.196673
9.150552
9.104333
9.054762
9.003642
8.952559
8.900412
8.848768
8.796844
8.743795
8.690191
8.637858
8.585686
8.532874
8.480001
8.425957
8.371318
8.316660
8.261592
8.203493
8.143911
8.084033
8.023015
7.962339
7.901243
7.838948
7.775982
7.713503
7.650791
7.587354
7.523550
7.458636
7.393000
7.327027
7.260456
7.194903
7.129467
7.063364
6.997141
6.930005
6.862354
6.794611
6.726492
6.657104
6.586990
6.516539
6.445471
6.374329
6.302829
6.230691
6.158106
6.094530
6.034509
5.973632
5.915012
5.853593
5.791951
5.732758
5.674205
5.611685
5.548037
5.485243
5.421863
5.360787
5.300507
5.239529
5.178870
5.113534
5.046282
4.979559
4.911666
4.844999
4.778361
4.710465
4.642177
4.576326
4.511194
4.445541
4.380262
4.313645
4.246577
4.179951
4.113159
4.041660
3.968128
3.894631
3.819699
3.745885
3.671878
3.596336
3.520170
3.445412
3.370799
3.295466
3.220043
3.143228
3.065702
2.988138
2.910076
2.834272
2.759192
2.683500
2.608126
2.531725
2.454971
2.378586
2.302084
2.223942
2.145086
2.066182
1.986751
1.907717
1.828601
1.748920
1.669002
1.600325
1.536260
1.471460
1.409700
1.344821
1.279961
1.218375
1.157861
1.092859
1.026795
0.962061
0.896919
0.834863
0.774069
0.712732
0.652081
0.585986
0.517839
0.450633
0.382289
0.315748
0.249541
0.182087
0.114448
0.050089
-0.013094
-0.076618
-0.139388
-0.203503
-0.267873
-0.331408
-0.394849
-0.463604
-0.534489
-0.605041
-0.677011
-0.747354
-0.817632
-0.889448
-0.961714
-1.032018
-1.101861
-1.172268
-1.242491
-1.314079
-1.386220
-1.458118
-1.530315
-1.599519
-1.667563
-1.736045
-1.803854
-1.872597
-1.941468
-2.009605
-2.077588
-2.147238
-2.217446
-2.287418
-2.357728
-2.427268
-2.496613
-2.566340
-2.636056
-2.701508
-2.765181
-2.829030
-2.891668
-2.955446
-3.019160
-3.081573
-3.143524
-3.206979
-3.270719
-3.333905
-3.397148
-3.459199
-3.520710
-3.582328
-3.643613
-3.707022
-3.771190
-3.834922
-3.899049
-3.962379
-4.025508
-4.089078
-4.152656
-4.214873
-4.276562
-4.338323
-4.399722
-4.461593
-4.523501
-4.585017
-4.646432
-4.709451
-4.773063
-4.836500
-4.900311
-4.963520
-5.026630
-5.090151
-5.153736
-5.216648
-5.279346
-5.342143
-5.404812
-5.467829
-5.530944
-5.593911
-5.656899
-5.718828
-5.780300
-5.841837
-5.903076
-5.964546
-6.025981
-6.087098
-6.148088
-6.209543
-6.271103
-6.332508
-6.393946
-6.455055
-6.516024
-6.577039
-6.637973
-6.689199
-6.736260
-6.783656
-6.828216
-6.875068
-6.921602
-6.965102
-7.007407
-7.053230
-7.099669
-7.144694
-7.189777
-7.231966
-7.272802
-7.313812
-7.353956
-7.398276
-7.443985
-7.488619
-7.533888
-7.577382
-7.620304
-7.663952
-7.707454
-7.747951
-7.787177
-7.826387
-7.864676
-7.903775
-7.942785
-7.980807
-8.018452
-8.060422
-8.103951
-8.146896
-8.190782
-8.232966
-8.274806
-8.317688
-8.360671
-8.401645
-8.441922
-8.482400
-8.522423
-8.563343
-8.604453
-8.645056
-8.685627
-8.723325
-8.759734
-8.796229
-8.831852
-8.867988
-8.903944
-8.938976
-8.973584
-9.009339
-9.045286
-9.080738
-9.116190
-9.150687
-9.184725
-9.218801
-9.252577
-9.291219
-9.331794
-9.371849
-9.413105
-9.452909
-9.492604
-9.533599
-9.574942
-9.613962
-9.652293
-9.691095
-9.729529
-9.769247
-9.809388
-9.849097
-9.888956
-9.926540
-9.963181
-10.000072
-10.036386
-10.073263
-10.110136
-10.146390
-10.182438
-10.219684
-10.257276
-10.294600
-10.332098
-10.368926
-10.405521
-10.442325
-10.479037
-10.512682
-10.545001
-10.577359
-10.608788
-10.640938
-10.672963
-10.703995
-10.734622
-10.766212
-10.797917
-10.829153
-10.860346
-10.890626
-10.920447
-10.950259
-10.979755
-11.010673
-11.042047
-11.073032
-11.104218
-11.134758
-11.165076
-11.195625
-11.226101
-11.255535
-11.284517
-11.313469
-11.342085
-11.370954
-11.399770
-11.428228
-11.456535
-11.476866
-11.493694
-11.510708
-11.525314
-11.541606
-11.557505
-11.570842
-11.583084
-11.598172
-11.613687
-11.627925
-11.642121
-11.653823
-11.664309
-11.674848
-11.684576
-11.697378
-11.711112
-11.723875
-11.736987
-11.748606
-11.759652
-11.771116
-11.782330
-11.791072
-11.798690
-11.806159
-11.812777
-11.819886
-11.826790
-11.832789
-11.838359
-11.847669
-11.858274
-11.868265
-11.878999
-11.888150
-11.896909
-11.906500
-11.916094
-11.923796
-11.930782
-11.937859
-11.944439
-11.951731
-11.959104
-11.965932
-11.972641
-11.976759
-11.979661
-11.982547
-11.984583
-11.986971
-11.989109
-11.990351
-11.991131
-11.992822
-11.994589
-11.995832
-11.996984
-11.997212
-11.996948
-11.996625
-11.995950
-11.998489
-12.002225
-12.005456
-12.009374
-12.012162
-12.014738
-12.018069
-12.021502
-12.023170
-12.024214
-12.025447
-12.026280
-12.027865
-12.029603
-12.030898
-12.032154
-12.031740
-12.030551
-12.029391
-12.027703
-12.026251
-12.024655
-12.022503
-12.020072
-12.018312
-12.016647
-12.014659
-12.012651
-12.010049
-12.007151
-12.004254
-12.001156
-11.995732
-11.989224
-11.982608
-11.975192
-11.968151
-11.960882
-11.952769
-11.944229
-11.936243
-11.928203
-11.919691
-11.911011
-11.901542
-11.891607
-11.881530
-11.871091
-11.861521
-11.852137
-11.842340
-11.832545
-11.822156
-11.811471
-11.800811
-11.789961
-11.778234
-11.766047
-11.753700
-11.740978
-11.728297
-11.715440
-11.702190
-11.688696
-11.677725
-11.667672
-11.657254
-11.647377
-11.636540
-11.625508
-11.615077
-11.604707
-11.593083
-11.581017
-11.569074
-11.556845
-11.545159
-11.533584
-11.521688
-11.509766
-11.496291
-11.482108
-11.467961
-11.453335
-11.438963
-11.424478
-11.409486
-11.394251
-11.379632
-11.365107
-11.350301
-11.335486
-11.320139
-11.304533
-11.288937
-11.273168
-11.255996
-11.238148
-11.220180
-11.201696
-11.183392
-11.164910
-11.145884
-11.126562
-11.107488
-11.088324
-11.068838
-11.049199
-11.029059
-11.008599
-10.988000
-10.967139
-10.946774
-10.926484
-10.905899
-10.885277
-10.864246
-10.842992
-10.821715
-10.800279
-10.778268
-10.755935
-10.733463
-10.710720
-10.687962
-10.665055
-10.641867
-10.618489
-10.593210
-10.567003
-10.540679
-10.513669
-10.486856
-10.459792
-10.432009
-10.403823
-10.376112
-10.348338
-10.320121
-10.291736
-10.262640
-10.233116
-10.203446
-10.173438
-10.143909
-10.114410
-10.084540
-10.054576
-10.024133
-9.993404
-9.962596
-9.931569
-9.899852
-9.867730
-9.835412
-9.802746
-9.770019
-9.737081
-9.703786
-9.670235
-9.637386
-9.604679
-9.571673
-9.538679
-9.505166
-9.471405
-9.437679
-9.403796
-9.369317
-9.334514
-9.299575
-9.264364
-9.229161
-9.193818
-9.158192
-9.122381
-9.085822
-9.048828
-9.011672
-8.974164
-8.936578
-8.898777
-8.860614
-8.822188
-8.783812
-8.745295
-8.706501
-8.667528
-8.628187
-8.588575
-8.548792
-8.508771
-8.478144
-8.451384
-8.423970
-8.399086
-8.371648
-8.344239
-8.319552
-8.295768
-8.268098
-8.239487
-8.211998
-8.184134
-8.158882
-8.134684
-8.109995
-8.085866
-8.057389
-8.027272
-7.997920
-7.967664
-7.938843
-7.910290
-7.880746
-7.851057
-7.824021
-7.797941
-7.771589
-7.745851
-7.719035
-7.692019
-7.665683
-7.639427
-7.608332
-7.575288
-7.542542
-7.508497
-7.475907
-7.443359
-7.409406
-7.375028
-7.342451
-7.310291
-7.277604
-7.245079
-7.211294
-7.176994
-7.142912
-7.108547
-7.076843
-7.046164
-7.015078
-6.984582
-6.953240
-6.921771
-6.890945
-6.860244
-6.828037
-6.795315
-6.762792
-6.729953
-6.697791
-6.665789
-6.633433
-6.601073
-6.563937
-6.524728
-6.485719
-6.445317
-6.405964
-6.366425
-6.325401
-6.283770
-6.244014
-6.204615
-6.164493
-6.124430
-6.082893
-6.040680
-5.998585
-5.956067
-5.915341
-5.875192
-5.834528
-5.794107
-5.752888
-5.711390
-5.670171
-5.628856
-5.586160
-5.542861
-5.499524
-5.455742
-5.412289
-5.368763
-5.324761
-5.280558
-5.238947
-5.198293
-5.157315
-5.116923
-5.075569
-5.034047
-4.993169
-4.952384
-4.910408
-4.868036
-4.825818
-4.783353
-4.741460
-4.699710
-4.657683
-4.615664
-4.572030
-4.527683
-4.483414
-4.438672
-4.394247
-4.349744
-4.304739
-4.259518
-4.214985
-4.170589
-4.125936
-4.081311
-4.036163
-3.990780
-3.945445
-3.899966
-3.861566
-3.826116
-3.790211
-3.756245
-3.720440
-3.684713
-3.651068
-3.618150
-3.582320
-3.545812
-3.510199
-3.474341
-3.440502
-3.407503
-3.374169
-3.341301
-3.305313
-3.268181
-3.231663
-3.194538
-3.158507
-3.122723
-3.086269
-3.049761
-3.015252
-2.981496
-2.947594
-2.914194
-2.880058
-2.845828
-2.812149
-2.778582
-2.741276
-2.702490
-2.663985
-2.624512
-2.586217
-2.547999
-2.508729
-2.469173
-2.431080
-2.393366
-2.355283
-2.317375
-2.278525
-2.239317
-2.200328
-2.161165
-2.124111
-2.087897
-2.051413
-2.015431
-1.978839
-1.942195
-1.906095
-1.870136
-1.833053
-1.795616
-1.758378
-1.720940
-1.684073
-1.647376
-1.610448
-1.573563
-1.533431
-1.491914
-1.450578
-1.408326
-1.366832
-1.325250
-1.282689
-1.239750
-1.198156
-1.156853
-1.115093
-1.073417
-1.030766
-0.987690
-0.944740
-0.901541
-0.859598
-0.818087
-0.776265
-0.734647
-0.692527
-0.650257
-0.608217
-0.566150
-0.523182
-0.479842
-0.436517
-0.392928
-0.349601
-0.306265
-0.262645
-0.218927
-0.177069
-0.135928
-0.094603
-0.053732
-0.012233
0.029341
0.070419
0.111387
0.153149
0.195145
0.236989
0.278962
0.320489
0.361872
0.403406
0.444890
0.487459
0.530483
0.573408
0.616620
0.659567
0.702524
0.745788
0.789160
0.832007
0.874713
0.917556
0.960335
1.003435
1.046657
1.089801
1.133001
1.169113
1.202226
1.235704
1.267182
1.300409
1.333482
1.364411
1.394542
1.427455
1.460951
1.493483
1.526173
1.556789
1.586495
1.616446
1.645854
1.678305
1.711823
1.744649
1.778005
1.810186
1.842042
1.874490
1.906913
1.937263
1.966783
1.996372
2.025380
2.055046
2.084728
2.113782
2.142646
2.175066
2.208844
2.242267
2.276552
2.309606
2.342502
2.376341
2.410376
2.442908
2.474992
2.507353
2.539462
2.572404
2.605613
2.638528
2.671531
2.702392
2.732351
2.762492
2.792060
2.822142
2.852193
2.881632
2.910849
2.941082
2.971579
3.001799
3.032132
3.061826
3.091272
3.120860
3.150325
3.183034
3.217081
3.250861
3.285499
3.319277
3.353062
3.387769
3.422781
3.456340
3.489522
3.523088
3.556488
3.590806
3.625476
3.659937
3.694571
3.727829
3.760561
3.793531
3.826208
3.859320
3.892505
3.925371
3.958183
3.991839
4.025794
4.059654
4.093703
4.127399
4.161023
4.194857
4.228710
4.260590
4.291661
4.322839
4.353474
4.384667
4.415856
4.446460
4.476871
4.508007
4.539301
4.570359
4.601468
4.632043
4.662390
4.692811
4.723099
4.754411
4.786105
4.817619
4.849343
4.880716
4.912019
4.943555
4.975118
5.006067
5.036792
5.067575
5.098213
5.129097
5.160023
5.190789
5.221533
5.249214
5.275565
5.302024
5.327581
5.353812
5.379917
5.405061
5.429808
5.455711
5.481818
5.507457
5.533115
5.557830
5.582103
5.606432
5.630478
5.655711
5.681321
5.706588
5.732012
5.756899
5.781594
5.806472
5.831281
5.855176
5.878669
5.902131
5.925295
5.948672
5.971995
5.995001
6.017869
6.042283
6.067257
6.092019
6.117118
6.141616
6.165994
6.190743
6.215531
6.239588
6.263391
6.287269
6.310981
6.335019
6.359126
6.383049
6.406961
6.429871
6.452329
6.474817
6.497000
6.519361
6.541656
6.563629
6.585453
6.607678
6.629970
6.652088
6.674205
6.695988
6.717610
6.739245
6.760774
6.783467
6.806607
6.829588
6.852834
6.875702
6.898517
6.921621
6.944783
6.967335
6.989684
7.012122
7.034439
7.057046
7.079728
7.102273
7.124826
7.146814
7.168552
7.190321
7.211926
7.233634
7.255311
7.276814
7.298241
7.319923
7.341660
7.363305
7.384963
7.406434
7.427821
7.449230
7.470589
7.491127
7.511295
7.531448
7.551333
7.571376
7.591360
7.611061
7.630630
7.650423
7.670220
7.689869
7.709480
7.728827
7.748029
7.767202
7.786267
7.805669
7.825160
7.844525
7.863913
7.883108
7.902220
7.921363
7.940460
7.959263
7.977922
7.996546
8.015057
8.033605
8.052112
8.070500
8.088822
8.106209
8.123156
8.140073
8.156672
8.173400
8.190031
8.206327
8.222448
8.238842
8.255236
8.271435
8.287580
8.303392
8.319018
8.334600
8.350040
8.365750
8.381503
8.397097
8.412673
8.428038
8.443287
8.458525
8.473682
8.488520
8.503183
8.517776
8.532224
8.546669
8.561036
8.575253
8.589369
8.603881
8.618499
8.632994
8.647528
8.661826
8.676028
8.690281
8.704485
8.718413
8.732206
8.745961
8.759607
8.773290
8.786934
8.800463
8.813929
8.827041
8.839962
8.852831
8.865551
8.878262
8.890895
8.903374
8.915749
8.928181
8.940574
8.952855
8.965077
8.977140
8.989096
9.000996
9.012806
9.024859
9.036968
9.048971
9.060982
9.072831
9.084603
9.096389
9.108128
9.119642
9.131040
9.142398
9.153661
9.164939
9.176174
9.187309
9.198384
9.209250
9.219988
9.230671
9.241249
9.251791
9.262262
9.272625
9.282905
9.293189
9.303425
9.313574
9.323663
9.333641
9.343535
9.353371
9.363132
9.372610
9.381926
9.391175
9.400291
9.409386
9.418403
9.427281
9.436062
9.444841
9.453558
9.462173
9.470716
9.479126
9.487434
9.495672
9.503818
9.511992
9.520128
9.528167
9.536151
9.544020
9.551804
9.559535
9.567190
9.574704
9.582117
9.589459
9.596707
9.603903
9.611026
9.618055
9.625003
9.632454
9.640071
9.647584
9.655182
9.662555
9.669861
9.677265
9.684656
9.691751
9.698723
9.705695
9.712579
9.719551
9.726520
9.733393
9.740233
9.746730
9.753056
9.759362
9.765542
9.771746
9.777898
9.783920
9.789865
9.795908
9.801942
9.807892
9.813812
9.819596
9.825299
9.830977
9.836592
9.841866
9.846964
9.852011
9.856917
9.861838
9.866695
9.871405
9.876025
9.880677
9.885285
9.889796
9.894249
9.898564
9.902782
9.906945
9.911025
9.915191
9.919347
9.923414
9.927446
9.931364
9.935207
9.939019
9.942771
9.946371
9.949873
9.953320
9.956682
9.960015
9.963291
9.966479
9.969599
9.972326
9.974845
9.977311
9.979614
9.981923
9.984153
9.986215
9.988168
9.990182
9.992152
9.994007
9.995799
9.997424
9.998935
10.000388
10.001745
10.003161
10.004550
10.005837
10.007074
10.008190
10.009219
10.010202
10.011112
10.011859
10.012499
10.013069
10.013542
10.013971
10.014329
10.014587
10.014765
10.015050
10.015331
10.015523
10.015688
10.015721
10.015676
10.015607
10.015478
10.015201
10.014832
10.014406
10.013897
10.013358
10.012762
10.012081
10.011333
10.010410
10.009373
10.008273
10.007075
10.005831
10.004515
10.003098
10.001600
10.000081
9.998504
9.996843
9.995117
9.993289
9.991378
9.989403
9.987352
9.984978
9.982424
9.979805
9.977038
9.974259
9.971399
9.968386
9.965270
9.962167
9.959004
9.955732
9.952388
9.948896
9.945296
9.941626
9.937860
9.934134
9.930372
9.926508
9.922588
9.918547
9.914418
9.910235
9.905976
9.901563
9.897043
9.892451
9.887760
9.883018
9.878201
9.873284
9.868285
9.863311
9.858299
9.853199
9.848047
9.842780
9.837430
9.832031
9.826559
9.820966
9.815284
9.809531
9.803693
9.797802
9.791840
9.785793
9.779670
9.773404
9.767034
9.760591
9.754053
9.747453
9.740775
9.734000
9.727140
9.720234
9.713257
9.706194
9.699057
9.691823
9.684503
9.677110
9.669636
9.662231
9.654810
9.647302
9.639756
9.632093
9.624355
9.616582
9.608746
9.600770
9.592701
9.584573
9.576361
9.568114
9.559806
9.551413
9.542952
9.534349
9.525646
9.516877
9.508017
9.499102
9.490114
9.481034
9.471876
9.462680
9.453421
9.444082
9.434675
9.425175
9.415595
9.405949
9.396227
9.386344
9.376350
9.366284
9.356118
9.345901
9.335606
9.325211
9.314730
9.304204
9.293609
9.282927
9.272171
9.261315
9.250374
9.239359
9.228263
9.217134
9.205945
9.194672
9.183332
9.171901
9.160390
9.148813
9.137161
9.125405
9.113564
9.101649
9.089652
9.077589
9.065451
9.053230
9.040932
9.033169
9.027292
9.021139
9.016231
9.010126
9.004066
8.999345
8.995089
8.989017
8.982533
8.976617
8.970559
8.965781
8.961541
8.957102
8.952967
8.946756
8.939783
8.933212
8.926235
8.919986
8.913899
8.907364
8.900791
8.895532
8.890767
8.885903
8.881367
8.876342
8.871252
8.866522
8.861863
8.854961
8.847177
8.839565
8.831376
8.823907
8.816491
8.808448
8.800239
8.792907
8.785805
8.778489
8.771282
8.763517
8.755543
8.747704
8.739766
8.733119
8.726989
8.720701
8.714725
8.708384
8.702016
8.695986
8.690049
8.683434
8.676611
8.669916
8.663105
8.656648
8.650300
8.643819
8.637369
8.628589
8.618817
8.609179
8.598885
8.589146
8.579351
8.568855
8.558094
8.548293
8.538702
8.528788
8.518938
8.508393
8.497548
8.486796
8.475869
8.465869
8.456192
8.446295
8.436553
8.426450
8.416243
8.406211
8.396166
8.385470
8.374509
8.363565
8.352435
8.341504
8.330572
8.319439
8.308241
8.298352
8.288969
8.279460
8.270274
8.260649
8.250974
8.241651
8.232408
8.222614
8.212659
8.202814
8.192882
8.183265
8.173753
8.164139
8.154563
8.144226
8.133572
8.122990
8.112210
8.101620
8.091026
8.080219
8.069340
8.058834
8.048429
8.037932
8.027483
8.016811
8.006057
7.995362
7.984629
7.971546
7.957451
7.943420
7.928693
7.914518
7.900259
7.885257
7.869957
7.855470
7.841111
7.826403
7.811692
7.796281
7.780532
7.764809
7.748865
7.733955
7.719384
7.704540
7.689849
7.674705
7.659412
7.644293
7.629131
7.613217
7.596983
7.580737
7.564255
7.547968
7.531651
7.515083
7.498415
7.482703
7.467325
7.451799
7.436469
7.420737
7.404909
7.389299
7.373695
7.357627
7.341387
7.325175
7.308845
7.292698
7.276577
7.260326
7.244052
7.227105
7.209848
7.192594
7.175125
7.157757
7.140332
7.122680
7.104915
7.087395
7.069902
7.052280
7.034641
7.016768
6.998775
6.980774
6.962688
6.945890
6.929599
6.913166
6.897045
6.880530
6.863979
6.847768
6.831643
6.814898
6.797966
6.781152
6.764235
6.747652
6.731175
6.714578
6.698015
6.680832
6.663389
6.646008
6.628464
6.611067
6.593662
6.576084
6.558445
6.541121
6.523884
6.506568
6.489294
6.471832
6.454302
6.436821
6.419310
6.400991
6.382319
6.363651
6.344733
6.325996
6.307221
6.288179
6.269026
6.250115
6.231228
6.212212
6.193177
6.173897
6.154491
6.135076
6.115571
6.096432
6.077406
6.058271
6.039182
6.019918
6.000588
5.981313
5.962012
5.942431
5.922726
5.903006
5.883191
5.863436
5.843661
5.823785
5.803863
5.789435
5.777313
5.764906
5.754040
5.741767
5.729589
5.719063
5.709136
5.697087
5.684591
5.672818
5.660920
5.650597
5.640963
5.631137
5.621717
5.609816
5.597031
5.584772
5.572060
5.560275
5.548728
5.536676
5.524618
5.514193
5.504408
5.494542
5.485115
5.475135
5.465116
5.455574
5.446158
5.434142
5.421130
5.408364
5.394961
5.382452
5.370049
5.356951
5.343701
5.331525
5.319662
5.307590
5.295689
5.283176
5.270460
5.257947
5.245359
5.234343
5.223981
5.213477
5.203386
5.192905
5.182438
5.172413
5.162541
5.151912
5.141081
5.130444
5.119714
5.109446
5.099351
5.089142
5.079015
5.066035
5.051868
5.037907
5.023176
5.009179
4.995154
4.980302
4.965163
4.951257
4.937652
4.923690
4.909849
4.895188
4.880199
4.865366
4.850358
4.836551
4.823190
4.809597
4.796242
4.782480
4.768630
4.755042
4.741482
4.727153
4.712538
4.697987
4.683247
4.668799
4.654393
4.639779
4.625129
4.612135
4.599807
4.587367
4.575367
4.562867
4.550349
4.538307
4.526406
4.513868
4.501174
4.488658
4.476077
4.463927
4.451949
4.439887
4.427915
4.415044
4.401825
4.388737
4.375447
4.362434
4.349458
4.336262
4.323018
4.310278
4.297706
4.285061
4.272518
4.259742
4.246907
4.234187
4.221463
4.206120
4.189672
4.173335
4.156250
4.139831
4.123357
4.106081
4.088508
4.071891
4.055456
4.038667
4.021913
4.004407
3.986559
3.968779
3.950787
3.934012
3.917662
3.901041
3.884634
3.867753
3.850742
3.833970
3.817189
3.799595
3.781676
3.763784
3.745666
3.727808
3.709956
3.691860
3.673689
3.656629
3.639981
3.623206
3.606689
3.589759
3.572760
3.556045
3.539373
3.522222
3.504916
3.487680
3.470350
3.453264
3.436245
3.419119
3.402005
3.384176
3.366036
3.347938
3.329637
3.311489
3.293315
3.274924
3.256446
3.238280
3.220184
3.201981
3.183798
3.165391
3.146887
3.128413
3.109882
3.092867
3.076473
3.059956
3.043838
3.027308
3.010777
2.994675
2.978713
2.962081
2.945276
2.928646
2.911938
2.895653
2.879530
2.863310
2.847169
2.830357
2.813288
2.796328
2.779224
2.762327
2.745463
2.728440
2.711387
2.694735
2.678224
2.661663
2.645189
2.628542
2.611855
2.595266
2.578682
2.561215
2.543385
2.525599
2.507568
2.489785
2.471998
2.453946
2.435807
2.417986
2.400231
2.382369
2.364526
2.346444
2.328257
2.310100
2.291880
2.274119
2.256528
2.238853
2.221270
2.203527
2.185749
2.168074
2.150409
2.132466
2.114419
2.096396
2.078306
2.060323
2.042358
2.024318
2.006265
1.993947
1.984054
1.973900
1.965380
1.955435
1.945622
1.937559
1.930151
1.920578
1.910577
1.901362
1.892051
1.884409
1.877516
1.870458
1.863857
1.854714
1.844687
1.835241
1.825359
1.816474
1.807871
1.798777
1.789713
1.782379
1.775742
1.769057
1.762862
1.756126
1.749386
1.743175
1.737129
1.728428
1.718731
1.709324
1.699293
1.690221
1.681295
1.671684
1.661952
1.653365
1.645137
1.636728
1.628532
1.619736
1.610766
1.602040
1.593273
1.586167
1.579774
1.573269
1.567226
1.560815
1.554452
1.548583
1.542907
1.536484
1.529884
1.523522
1.517099
1.511188
1.505492
1.499712
1.494053
1.485458
1.475661
1.466114
1.455800
1.446284
1.436776
1.426440
1.415840
1.406557
1.397623
1.388352
1.379241
1.369312
1.359075
1.349036
1.338850
1.329948
1.321546
1.312938
1.304612
1.295896
1.287124
1.278660
1.270259
1.261092
1.251662
1.242333
1.232842
1.223690
1.214616
1.205361
1.196102
1.188602
1.181829
1.174974
1.168611
1.161763
1.154931
1.148629
1.142508
1.135758
1.128882
1.122225
1.115535
1.109329
1.103335
1.097289
1.091372
1.084554
1.077408
1.070433
1.063283
1.056455
1.049701
1.042752
1.035789
1.029383
1.023188
1.016952
1.010856
1.004553
0.998222
0.992046
0.985900
0.976965
0.966873
0.956934
0.946224
0.936266
0.926282
0.915468
0.904368
0.894334
0.884532
0.874382
0.864305
0.853450
0.842262
0.831181
0.819906
0.809975
0.800535
0.790839
0.781406
0.771498
0.761483
0.751760
0.742061
0.731521
0.720666
0.709873
0.698871
0.688183
0.677537
0.666661
0.655739
0.646054
0.636849
0.627543
0.618549
0.609143
0.599698
0.590594
0.581573
0.572065
0.562426
0.552897
0.543300
0.534002
0.524812
0.515541
0.506317
0.496353
0.486089
0.475905
0.465535
0.455366
0.445202
0.434840
0.424416
0.414366
0.404426
0.394405
0.384440
0.374268
0.364025
0.353848
0.343646
0.335103
0.327261
0.319321
0.311843
0.303957
0.296105
0.288747
0.281573
0.273715
0.265704
0.257916
0.250079
0.242730
0.235588
0.228376
0.221284
0.213507
0.205487
0.197620
0.189632
0.181900
0.174237
0.166438
0.158642
0.151310
0.144163
0.136997
0.129958
0.122767
0.115569
0.108509
0.101488
0.093555
0.085265
0.077057
0.068621
0.060484
0.052377
0.044021
0.035604
0.027564
0.019629
0.011613
0.003652
-0.004533
-0.012795
-0.020992
-0.029220
-0.040812
-0.053843
-0.066762
-0.080664
-0.093760
-0.106962
-0.121216
-0.135881
-0.160721
-0.190195
-0.219664
-0.252380
-0.283334
-0.315058
-0.350219
-0.387017
