-0.326720
0.350848
-1.272498
0.325117
0.379113
0.474414
2.034843
0.480879
1.795711
0.783608
-1.528532
-1.025394
-0.303288
-1.394409
-1.117718
-0.118914
1.747190
1.190650
1.790776
1.052843
-0.272716
-0.877497
-0.847021
-1.221845
-1.652833
-1.284328
-0.999142
-0.779347
1.100969
1.125347
2.275973
0.782900
1.141623
0.590480
-0.802893
-0.830910
-2.408814
-2.222494
-1.482321
-1.647690
-0.735262
0.653313
1.263965
1.734251
2.760135
2.436066
0.584234
1.160134
-1.563311
-1.768241
-2.533331
-3.510106
-2.861679
-1.803516
-0.224161
-0.450812
1.202788
1.361694
3.306691
3.425120
2.641889
2.393898
0.548349
0.738484
-0.117338
-2.934532
-3.460463
-3.368242
-2.708841
-2.740540
-2.579691
-1.109596
-0.142697
0.970971
2.026144
2.455552
3.333021
3.442714
2.109581
1.779985
1.146815
-0.444333
-0.716979
-2.501258
-3.284678
-3.818940
-2.937967
-2.962450
-1.678168
-1.586011
-1.104199
0.027777
1.509149
2.628623
3.327309
4.058146
4.244312
3.253522
3.264358
2.000814
1.952150
0.467643
-1.576174
-1.039633
-2.914223
-4.061951
-3.349199
-3.569011
-4.145752
-2.792794
-2.864692
-1.937772
-0.264875
0.186084
0.656245
2.557332
3.390836
4.732598
3.340650
3.958689
4.759572
4.357055
2.479816
1.589083
1.679868
0.799304
-0.823286
-2.262389
-2.539809
-3.404814
-4.483857
-3.863143
-3.697410
-4.271036
-3.520665
-3.615752
-2.967717
-0.902582
-0.197492
1.082402
1.463262
2.604956
3.167403
4.350250
4.181967
4.482114
4.570683
3.456253
3.746477
3.734000
1.737678
1.607270
0.870457
-0.767431
-0.679895
-3.124588
-3.129459
-3.556113
-3.783630
-4.158321
-3.646294
-4.649252
-4.354169
-4.077578
-3.886659
-2.242345
-1.663051
-1.847458
-0.007386
0.396477
1.887204
2.840263
2.952814
3.168023
4.221665
3.937476
4.916262
4.314934
6.043486
5.323422
4.017754
3.021898
2.716889
2.319487
1.214753
-0.772546
-0.791474
-1.934668
-2.286300
-3.399606
-4.108978
-4.429288
-5.189333
-4.781691
-5.601656
-5.789320
-5.827203
-4.673430
-4.117211
-3.815852
-3.473285
-2.363684
-2.234858
-0.645378
0.633942
0.972426
1.675204
3.117079
3.139300
4.372591
4.547941
4.522058
5.309639
4.918465
5.137746
4.918948
5.020250
5.331482
3.734941
3.873408
3.059826
2.370087
2.161054
0.774650
-0.031307
-0.511230
-1.822901
-2.406968
-2.901307
-3.038330
-4.424438
-4.071426
-4.966318
-5.156193
-5.556929
-6.213843
-5.793872
-4.942932
-5.223128
-6.027298
-4.704698
-4.320224
-2.877170
-3.399079
-1.088439
-2.066699
-1.247891
-0.550896
0.469619
1.200629
2.639512
2.454544
3.843673
3.858900
4.705156
5.248569
5.942043
5.271052
5.843037
4.819155
5.562474
5.713268
6.131536
5.002451
4.401151
4.994043
3.835071
3.271938
2.678669
1.881337
2.013513
0.169788
-0.246673
-0.611999
-1.133209
-1.895710
-2.939599
-3.116408
-4.229056
-4.580847
-4.498692
-6.049597
-5.919818
-5.379961
-5.946480
-4.285073
-6.160835
-5.345628
-6.489489
-6.129900
-5.645286
-5.013375
-5.111349
-4.168848
-3.668216
-3.829563
-3.729506
-1.968619
-0.850050
-0.419840
0.138915
0.183456
1.988138
2.373007
1.935947
3.480563
4.369895
5.111372
4.767080
4.887891
5.782231
5.546373
5.624505
6.455954
5.930071
6.492530
6.215323
6.270878
5.412413
6.308090
6.426974
5.464843
4.873077
5.180266
4.644924
4.617393
3.874856
3.005066
3.006671
1.981039
1.135330
0.562694
-1.206430
-1.365356
-1.282914
-1.810482
-2.521765
-2.677983
-4.288835
-3.798061
-4.477248
-4.490865
-5.486640
-6.227039
-6.787718
-5.562889
-6.052344
-6.369821
-6.878927
-6.443866
-6.193126
-6.517140
-7.064324
-6.747089
-5.216795
-5.358501
-6.261628
-5.923823
-5.180150
-4.756519
-3.569557
-3.626203
-2.307742
-3.084023
-2.933758
-1.521590
-0.913366
-0.076977
-0.194742
1.106381
1.314669
1.780736
2.835959
3.407004
4.007307
4.018411
4.669443
4.584067
4.886894
5.757401
6.092987
6.220051
6.132677
5.821308
6.290768
8.312854
7.199915
7.650190
6.982871
6.733286
7.046855
6.645563
6.331206
6.073950
6.406949
5.961951
5.959338
4.578407
4.686227
4.284816
4.511803
3.135641
3.168156
3.264549
1.659792
2.073409
1.366964
0.314164
0.734301
-0.643423
-1.126045
-2.968094
-1.015655
-2.508181
-2.637442
-3.220723
-3.765780
-4.631754
-4.411186
-5.671850
-4.887155
-6.068060
-5.412468
-5.680304
-6.096559
-6.691870
-6.676077
-7.447968
-7.475685
-7.347906
-7.199642
-6.775363
-8.437819
-7.419080
-8.077427
-7.493755
-7.087827
-6.496811
-6.871617
-6.382596
-5.290175
-6.005442
-5.535411
-6.075469
-4.823074
-5.253897
-4.463057
-4.051914
-4.055601
-3.396314
-2.403966
-1.617951
-1.504161
-1.337852
-1.255635
-0.371777
0.519708
1.002188
1.184934
1.856761
1.896976
2.636305
3.379155
2.913496
3.038837
4.677304
3.999787
4.908675
4.968164
5.953606
6.060571
6.397703
5.786576
6.980335
6.829629
6.789772
7.292915
8.140122
7.009607
7.545241
7.760839
8.495332
8.034763
8.308710
6.999580
7.467959
7.534788
7.679984
7.478182
7.225284
7.214127
6.401215
7.262659
6.429265
6.431323
6.572506
5.579781
5.253984
5.175827
4.313271
4.506956
4.045047
3.015691
3.550160
2.193110
2.692512
1.713552
1.543989
0.523196
0.829585
0.779105
-0.225992
0.215233
-1.070095
-0.854349
-1.785668
-2.177698
-2.912188
-2.625021
-3.321550
-3.996911
-3.889835
-4.330792
-4.917210
-5.578298
-5.535955
-6.066533
-5.343116
-6.623417
-7.121727
-6.755347
-6.050978
-7.455321
-7.462822
-8.185010
-8.251963
-8.154560
-7.157042
-8.714367
-8.191794
-7.452424
-8.506613
-8.880003
-8.740102
-8.396918
-8.157507
-8.770679
-8.187923
-8.289410
-7.338937
-8.188907
-7.756817
-7.146123
-7.443654
-8.265047
-7.883243
-6.435445
-5.420257
-6.768320
-6.329489
-5.864593
-5.276695
-4.864155
-5.015719
-4.661119
-3.898336
-3.312250
-3.486696
-2.892281
-3.155162
-2.081236
-2.368805
-2.267862
-1.741878
-0.876142
-0.713052
-0.260322
0.182631
0.243330
0.208130
1.166983
1.904836
3.276970
2.844520
3.452493
2.520331
3.812220
4.391011
4.670531
4.300382
4.343725
5.182962
4.885846
5.457132
4.743388
6.032087
7.302405
6.992536
6.294623
7.173200
7.511197
7.756557
7.442742
7.571835
8.172102
8.414451
7.951989
7.957619
8.578509
9.275830
8.414183
8.258896
8.160601
8.641140
8.755327
8.621178
8.349275
7.818779
9.290254
8.244717
8.222030
8.708696
7.964986
7.198947
8.268506
8.391624
7.931383
7.300167
7.313614
7.708802
7.086700
6.041188
6.373434
5.403163
5.722122
4.959620
5.295957
5.896675
5.017425
5.236255
4.549130
4.545943
4.009787
3.110108
3.569341
3.205751
2.219303
2.821692
2.516599
2.550469
1.027284
1.021602
0.140149
1.075178
0.557900
-0.316518
0.309345
-1.343691
-1.072890
-2.114465
-1.702269
-2.381917
-2.194821
-2.124697
-3.685701
-2.887560
-3.704202
-4.015088
-4.403187
-4.433975
-4.703206
-5.340171
-4.037828
-5.999408
-5.167502
-5.579302
-6.272580
-6.685413
-6.948786
-6.550021
-7.918337
-6.689647
-7.614567
-7.036162
-8.303132
-8.256991
-8.403174
-7.237023
-8.887992
-9.146160
-8.780569
-8.234168
-8.945181
-8.230623
-8.638176
-8.215042
-9.737656
-9.037961
-9.636985
-9.465373
-9.176151
-9.712106
-8.828247
-8.667355
-8.513990
-8.429709
-8.954383
-8.736412
-9.085418
-9.388301
-8.202430
-7.617093
-8.970853
-8.328755
-7.255242
-8.368512
-9.431975
-7.523324
-8.883242
-7.083134
-6.974000
-6.459848
-7.319946
-6.086446
-6.057733
-5.941841
-7.081045
-5.645347
-6.124477
-5.966373
-4.946143
-5.381888
-4.374017
-3.998628
-3.129684
-4.153039
-3.666556
-3.724552
-3.383225
-2.333551
-4.077502
-2.630170
-2.811267
-2.409006
-2.054108
-1.529236
-1.103032
-0.947651
-1.589625
0.562132
0.458167
-0.215374
0.434210
0.999216
1.584563
1.862736
2.607335
2.354741
2.130604
2.827141
3.864703
2.895339
2.535765
3.622509
4.259780
3.968683
4.751711
3.889839
5.097393
4.781246
5.279940
5.245233
5.658744
6.594063
5.389263
6.177775
6.240984
6.996923
6.965349
6.950530
7.796880
7.633796
7.194109
7.105210
8.654955
8.073671
8.537318
8.688515
9.591417
8.455827
8.474255
8.836856
8.563057
8.379257
8.769070
8.491974
9.291072
9.135692
9.766642
9.488490
10.200518
9.834122
8.886519
9.801454
9.469650
9.342276
8.884731
10.125556
10.361699
9.742924
9.225185
8.955773
9.995920
10.037212
10.390048
9.589408
9.163015
9.415963
9.412380
9.514649
8.378170
8.824386
8.779306
8.406569
8.471703
8.652931
8.703902
8.925382
9.059336
7.676626
8.594662
7.747500
7.239608
7.846540
6.778180
8.048277
6.692970
7.588546
6.702882
6.519902
6.452437
7.268106
6.659435
6.662951
5.725020
5.797047
5.167427
4.744830
4.702558
3.989642
3.822026
3.813934
3.773585
3.070363
3.342535
3.193765
2.885103
3.361247
1.964483
2.999800
2.458102
1.864651
1.987467
1.139812
2.047937
1.290636
0.565156
0.831687
0.023678
-0.123773
-0.713280
-0.208488
-0.034873
-0.754624
-0.909711
-1.442550
-1.665237
-1.895940
-1.482997
-2.816826
-1.616092
-1.947852
-2.780844
-2.121878
-3.294753
-3.623772
-3.723578
-3.105956
-4.603355
-4.856978
-4.951409
-5.734380
-5.752062
-4.308728
-4.790660
-5.591035
-5.229652
-5.360085
-6.165175
-6.310371
-6.021236
-6.452782
-7.555218
-6.836933
-7.071300
-6.720713
-8.497913
-8.048558
-6.753625
-8.528356
-7.516311
-8.166423
-8.953649
-8.589347
-7.834988
-8.172736
-8.373617
-9.948344
-8.879123
-9.186423
-8.757050
-8.613316
-8.944129
-9.452299
-9.712625
-9.840972
-9.795500
-10.088195
-9.040322
-9.830819
-10.342403
-9.440024
-9.193062
-10.092818
-10.831805
-11.109164
-10.120263
-10.641369
-9.796957
-10.845316
-9.900100
-10.258851
-10.428886
-9.722155
-10.733715
-10.162411
-9.942049
-10.270335
-9.048301
-10.754729
-9.913483
-9.489985
-9.703832
-9.967705
-10.602022
-9.551527
-10.267962
-10.179700
-9.400323
-9.651946
-9.367935
-9.096642
-8.960502
-8.980720
-8.853909
-9.766021
-9.461516
-8.794214
-9.016236
-8.906190
-8.864253
-8.251661
-8.081207
-7.842718
-8.178156
-8.166049
-6.802158
-7.911381
-7.328486
-7.462851
-7.091662
-7.812478
-6.641011
-7.736062
-6.990507
-6.452001
-6.529938
-6.634840
-6.576965
-5.613628
-5.833867
-4.721439
-4.787504
-5.293264
-5.252448
-4.614990
-5.152139
-5.220147
-3.945005
-4.110658
-4.279835
-4.701105
-4.304685
-3.626326
-3.417924
-3.045735
-4.594172
-3.360794
-2.278190
-2.311425
-2.683288
-2.278764
-1.441003
-2.018263
-2.393512
-2.106779
-0.786390
-1.181164
-1.139152
-0.410688
-1.728908
-1.012040
0.088777
-0.317538
-0.551586
-0.498081
-0.213531
1.160951
0.239555
0.759655
1.267638
0.987569
2.203367
1.440722
1.696335
2.123826
1.276441
2.810660
2.865049
2.466753
3.472354
3.622522
4.076001
2.167343
3.744078
4.128999
4.483863
4.926776
4.517940
4.265619
5.423973
3.682413
4.607995
4.837332
5.049633
5.235296
5.705269
5.579589
5.937015
5.980898
6.037065
6.562955
6.615125
6.078797
6.736479
6.382839
6.712002
7.117151
7.169939
7.164882
7.558219
8.096580
6.799607
7.943621
8.813843
6.158025
7.734975
7.824651
8.305848
7.646660
8.317120
8.826123
9.249482
9.403383
9.047325
9.209798
9.426096
9.715603
8.939691
10.171684
9.177346
9.954503
9.509436
9.927205
9.684995
9.815246
10.067078
10.412289
9.828684
10.677226
10.833909
10.191052
10.899936
10.792459
10.050643
10.631174
9.865824
10.641635
10.539975
10.042292
11.126353
10.660668
10.950068
10.746896
10.039862
10.943692
10.737836
10.823785
11.385651
11.656315
11.594980
11.241479
10.979467
10.654420
10.977293
11.198362
11.316863
9.950898
10.077689
10.158577
9.770963
11.026516
11.589630
10.627554
10.488046
9.951397
11.443703
9.449429
10.789791
10.848251
10.263449
10.234645
10.008187
9.144696
9.725313
9.372128
9.937771
9.443521
10.329294
9.178676
10.266086
9.752763
9.400806
9.500501
9.563067
8.599327
10.455166
8.579003
9.725689
9.464805
9.082885
9.105201
8.791832
7.625106
8.231154
7.925940
7.951267
7.493857
8.195065
6.940159
8.306387
7.696542
7.728830
8.262368
7.155387
6.879284
6.989022
7.741180
6.856902
6.919668
6.013459
6.475904
6.745217
5.310647
6.804157
6.683300
6.000534
5.860539
6.013882
6.717949
5.196946
5.880741
4.935949
5.220477
4.459066
4.700646
4.609044
3.695241
4.855029
4.337595
4.413286
4.309869
3.840873
3.481080
3.294044
4.582063
3.269555
2.283913
3.421218
3.425878
2.393887
1.755570
2.464890
1.834121
2.662645
0.800474
2.819264
1.632585
1.231570
0.544653
0.891693
0.795601
0.719380
1.821369
1.044536
0.073986
0.238601
0.332094
0.420771
0.113835
-0.409788
-1.382944
0.091627
-1.424505
-0.434889
-1.399268
-1.402130
-1.711028
-2.643129
-2.219696
-2.308028
-2.106589
-2.001922
-1.703560
-2.424629
-1.868885
-3.475620
-2.330999
-2.796950
-3.717302
-2.425018
-3.261934
-5.211560
-4.161394
-3.902724
-3.947150
-3.584982
-3.409118
-4.029705
-4.972667
-4.313581
-4.693773
-4.836290
-4.881339
-4.953537
-5.340439
-6.702363
-5.343523
-5.004879
-5.990116
-6.300491
-6.233764
-6.301392
-7.278927
-5.919266
-6.668068
-6.036127
-7.678792
-6.550210
-6.458193
-6.743760
-7.950076
-6.868075
-6.966154
-6.857601
-7.348848
-8.302947
-7.608660
-7.980191
-6.917856
-8.059800
-7.977999
-7.447649
-7.937086
-8.803334
-8.868045
-7.873234
-9.107921
-8.366241
-8.831682
-9.222795
-8.102049
-9.660759
-9.158446
-8.158806
-9.781142
-9.861461
-9.090338
-10.042050
-9.341571
-9.777587
-9.482383
-10.185928
-10.508862
-10.510303
-9.314380
-10.092834
-10.035514
-9.805946
-10.059431
-10.197604
-10.113214
-9.884076
-10.242672
-9.948185
-10.165585
-10.363364
-10.880765
-10.878098
-9.991973
-10.024926
-10.701569
-11.631857
-10.024293
-10.750152
-10.998476
-10.269216
-11.564203
-10.747134
-11.926948
-11.004259
-10.476455
-11.461834
-11.742979
-10.789871
-11.083697
-10.321413
-11.176919
-10.492080
-11.219155
-11.083038
-11.965942
-11.561204
-12.079815
-11.873553
-10.740559
-11.740978
-11.337624
-11.119750
-11.117271
-11.268606
-11.200732
-11.315492
-11.766225
-11.040555
-11.444297
-12.086631
-11.904950
-11.523346
-12.008776
-11.250221
-11.289610
-10.998078
-11.165990
-11.138189
-11.303772
-11.061796
-11.011068
-12.025565
-11.450824
-11.288205
-11.498935
-10.329824
-11.026209
-11.843059
-11.116311
-12.077283
-11.253340
-10.161973
-10.121674
-11.383077
-10.234244
-10.885675
-11.422790
-10.771914
-10.969795
-10.093686
-11.355281
-11.666856
-9.651678
-10.423622
-10.667004
-11.067478
-10.420198
-10.721994
-10.102221
-10.726575
-10.029196
-9.427901
-10.655106
-9.020905
-10.092276
-9.929465
-9.619747
-9.145213
-9.913287
-9.187980
-9.245510
-8.881818
-8.256412
-7.778392
-8.834286
-8.389741
-9.617246
-8.614242
-8.639704
-9.249923
-8.589938
-9.060235
-8.342663
-9.032181
-8.453106
-8.492260
-8.185758
-7.959359
-8.111547
-7.507967
-7.992429
-7.442005
-8.010346
-8.158230
-7.841297
-7.431284
-7.192613
-6.632304
-7.501006
-6.755884
-6.662931
-6.037781
-6.375212
-5.702371
-7.324282
-5.677888
-6.771814
-6.516007
-7.495327
-6.370879
-5.432271
-6.125812
-4.974779
-5.940305
-6.084225
-4.824792
-5.629650
-4.787308
-5.354865
-6.208734
-5.353863
-5.109994
-5.058833
-5.143545
-4.808424
-3.962385
-3.826985
-3.739065
-4.668155
-3.628412
-4.120682
-3.982373
-4.105975
-2.927606
-2.744962
-3.452468
-2.594096
-4.044852
-2.218606
-2.948370
-2.133164
-2.968805
-2.903669
-2.505896
-2.605182
-2.606656
-1.832508
-2.387867
-1.622243
-2.427345
-1.218537
-2.080553
-2.651730
-1.094196
-2.035722
-2.286421
-1.231799
-1.463915
-0.575319
-1.134877
-0.982573
-1.042490
-0.159384
-0.513255
0.054336
-1.282651
0.467117
-0.487290
0.188081
0.451196
0.684383
0.600860
-0.186376
1.124175
0.569937
1.221760
0.990102
0.573825
0.846620
2.114276
1.855983
1.072116
0.960254
1.809831
0.821319
1.638290
1.722118
1.351066
1.685718
2.287054
2.802062
2.550992
1.983090
2.441193
2.704206
2.508676
2.611971
3.276971
2.522278
2.933629
3.427632
2.953018
3.480892
3.649636
3.878794
3.399292
3.915130
2.887342
4.290387
4.704045
3.473073
3.988223
4.067497
4.747881
4.155461
4.865021
5.034058
4.799629
5.088408
5.301852
4.781541
4.857168
5.901202
6.420430
6.226754
5.296113
5.520780
6.730155
6.037134
5.586204
5.825467
6.642518
6.575590
6.834243
6.525948
5.933060
6.539538
5.886546
7.164757
6.667569
6.631752
7.767703
7.406769
8.059202
7.660918
7.799602
8.062752
8.419895
7.740428
7.338112
8.072113
7.134042
7.803356
7.747723
7.930512
7.311155
8.532302
7.761198
7.645157
8.291372
8.350413
8.992662
8.031865
9.169161
8.512400
8.144553
9.131546
8.692561
9.301605
9.728782
9.164541
8.553745
8.905213
8.814525
9.816091
9.394424
9.775829
9.230243
9.785012
9.862581
9.853482
9.675652
10.511951
9.398711
8.987248
9.232562
10.048569
11.215291
9.382172
10.105683
9.515463
10.492885
10.425136
11.187288
9.955807
10.500797
10.794895
11.112014
10.715068
11.111318
10.791844
10.585535
11.163908
10.467731
10.803190
11.061680
11.155304
11.239433
10.554837
11.167372
10.583203
11.310323
11.990264
11.712971
11.403687
11.004495
11.130074
11.419780
12.017838
11.965258
12.014845
11.713149
11.961880
12.639315
12.280663
12.138085
12.070235
11.089320
11.626443
11.792299
12.324545
10.987788
11.501697
12.174068
11.915220
11.974557
11.886855
12.304904
10.862426
12.326014
11.615510
13.010637
11.874173
12.084271
11.233361
11.437233
11.680186
12.654803
11.757000
12.271682
11.750568
11.576362
10.848198
12.159205
11.578485
11.533414
11.377176
12.290760
11.526377
12.314271
11.927593
11.747984
11.901999
12.090712
12.135734
11.748340
12.406053
11.012671
10.976465
11.531977
11.503809
11.799357
11.268545
12.299058
10.954274
12.382773
11.555370
11.977548
11.327021
11.727893
11.093098
12.163246
12.415946
11.869697
12.620246
12.022457
11.077666
12.314059
12.156587
11.771481
12.173803
11.261849
12.051841
11.847966
11.132882
12.249364
11.639395
11.021133
11.272894
11.599344
11.442262
11.665365
11.216679
11.969836
11.390231
10.940441
11.841014
11.709636
11.619924
11.290619
10.842697
10.754444
10.818932
11.405095
11.325221
10.775210
10.641443
10.517566
11.478472
10.675081
10.602666
11.004226
10.569449
10.982057
11.453482
11.159768
10.654501
10.418450
9.354215
10.039242
10.410688
9.716795
9.067973
9.976968
9.619901
10.092916
10.337097
9.565007
9.674624
9.900821
9.727499
10.008321
10.017855
10.355037
10.153820
9.060185
10.673695
9.227554
9.262507
9.653316
9.697042
9.530669
9.674712
10.150021
9.573085
9.006487
10.046195
8.608619
9.857520
9.811273
9.292051
9.119686
8.834433
9.813782
9.405231
8.944045
9.208263
9.038934
8.169347
9.153269
9.314119
8.721365
8.089309
8.323855
8.547152
8.116752
7.670979
8.435723
8.710742
8.072308
9.058230
8.500304
7.803799
6.753549
7.794206
8.072204
7.767869
7.678373
6.973005
7.984505
6.881308
6.095160
7.435044
6.617346
6.903514
7.240451
6.640278
6.641962
6.647103
7.102164
5.951577
6.673337
6.459437
6.984762
5.803745
6.431606
6.802137
6.400146
6.587589
6.165172
6.921152
6.347415
6.390426
6.515136
4.529085
5.647169
5.590202
5.382157
5.001636
5.795365
5.244208
5.638095
4.499905
5.152283
4.743452
4.299151
5.018493
4.809791
5.014441
5.044401
4.408967
4.222518
5.084589
4.322768
4.326724
4.201056
4.824942
4.000652
4.101728
3.936530
4.574003
4.562212
4.533903
4.002804
4.520712
3.550570
4.635193
2.714158
3.012239
3.988174
3.055139
2.877077
2.779436
3.050042
3.060426
4.019142
2.578871
2.876912
2.762518
2.810219
1.822683
3.117263
3.444416
2.533468
2.093815
2.590000
2.409269
2.457038
2.834795
2.346839
1.410318
2.374555
2.052828
1.750684
2.123478
1.964837
1.415226
1.045876
1.366290
2.440765
1.476357
0.494309
0.773676
1.501199
1.008913
0.872128
0.888858
0.938402
0.496807
0.250948
1.038311
1.285621
0.172995
0.357830
0.214694
1.101145
0.367618
-1.105619
-0.486763
0.441439
0.013466
-0.409693
0.498451
0.166858
-0.117174
-1.337470
-0.092055
-0.649407
-0.938275
0.043835
-0.943003
0.194523
-0.606501
-0.868401
-0.090536
-1.380676
-1.119952
-2.410973
-1.573563
-0.754565
-1.780232
-0.790884
-1.349019
-1.420011
-2.176553
-1.428460
-1.742714
-3.011862
-2.333512
-3.242549
-1.877042
-2.646711
-3.087435
-1.727654
-3.277445
-3.320772
-2.396836
-3.101205
-2.507114
-2.582615
-2.362855
-2.463671
-3.632725
-2.883035
-2.816002
-3.979159
-2.925277
-3.924400
-3.709975
-3.633264
-4.236771
-3.594168
-3.890921
-3.371380
-3.793788
-3.850633
-3.505710
-3.812455
-3.298836
-4.371446
-3.628752
-4.249794
-3.976748
-4.123630
-4.934470
-4.590783
-3.891726
-3.579775
-3.658275
-4.224937
-4.506652
-5.366897
-5.164321
-4.722298
-4.934243
-5.698997
-4.424911
-4.899122
-5.647768
-5.844739
-5.089404
-6.535613
-6.048343
-6.032429
-4.624457
-5.698122
-5.796185
-6.643049
-6.237292
-6.204539
-5.685962
-6.248873
-5.871514
-6.078131
-6.345314
-6.002897
-7.209241
-6.777914
-6.626003
-6.329394
-6.847127
-6.067699
-5.638945
-7.408928
-6.829170
-5.931775
-6.659821
-6.978300
-6.754350
-6.896415
-6.604434
-6.976739
-7.356883
-6.854399
-7.481363
-7.284360
-7.221776
-7.463564
-7.589073
-8.614360
-7.252725
-7.116953
-7.133547
-7.954460
-6.772162
-7.848095
-8.016357
-7.847464
-7.373871
-8.487236
-8.187011
-8.506795
-8.023723
-8.068516
-8.552870
-9.020742
-8.737753
-8.811361
-8.823187
-9.192888
-8.199603
-8.795228
-8.070846
-9.134979
-8.367073
-8.252250
-8.825139
-8.304650
-9.222505
-8.161258
-9.423014
-9.913167
-9.543978
-8.725783
-9.148643
-9.940831
-8.592234
-9.031834
-9.824123
-9.678559
-9.154864
-9.592641
-8.711977
-9.540863
-8.339307
-9.023793
-9.322984
-9.527783
-10.942717
-9.429922
-9.708716
-9.822318
-9.656979
-10.276200
-9.903385
-10.165874
-10.511546
-9.783053
-10.485562
-10.802740
-9.457383
-10.045719
-10.286530
-9.426387
-9.566938
-10.652634
-10.717852
-9.281894
-10.046845
-9.810124
-9.829504
-10.476691
-10.606653
-10.414884
-10.476348
-11.386935
-10.337500
-10.158441
-9.958271
-10.973717
-11.282772
-11.359231
-11.095007
-10.627340
-10.430912
-10.847311
-10.241319
-11.214368
-10.659601
-10.990346
-10.638585
-11.144425
-11.909876
-10.459077
-11.067927
-11.235571
-11.365071
-12.471198
-10.987500
-12.368779
-10.992574
-11.192951
-12.380166
-11.700719
-11.244856
-11.378487
-11.182760
-10.743125
-11.145695
-10.910340
-10.944805
-11.924264
-11.737526
-10.710667
-11.079204
-10.733525
-11.192186
-11.833201
-10.636122
-11.998463
-11.900953
-11.742086
-12.445814
-11.585146
-11.118378
-10.439618
-11.232118
-12.123240
-12.163524
-11.397367
-11.690888
-11.731556
-12.240320
-12.343884
-11.571735
-11.845527
-11.959270
-11.250132
-11.862447
-11.621132
-12.735999
-11.927828
-11.005086
-11.329394
-12.144433
-12.157058
-11.593953
-11.569447
-12.099383
-11.758506
-11.995476
-11.483824
-12.912181
-11.836012
-11.538114
-10.634638
-12.498436
-11.927801
-12.410260
-12.115753
-11.466547
-12.212310
-12.212850
-12.756027
-12.129892
-11.822809
-11.671423
-12.168180
-12.488836
-12.588401
-12.165717
-12.789640
-12.015909
-12.121641
-11.844067
-11.954049
-11.719789
-13.032817
-11.988583
-11.463136
-11.552332
-12.814167
-12.465967
-11.058591
-13.298248
-11.712174
-11.410916
-11.962623
-12.816857
-12.820375
-12.031854
-11.177216
-11.696470
-12.114170
-12.083788
-12.492119
-12.579590
-11.570790
-12.489533
-12.560765
-11.963034
-12.112493
-11.497791
-12.414227
-11.107249
-11.945467
-12.065811
-11.472491
-11.822639
-11.780044
-12.417686
-12.242027
-11.717045
-11.607868
-12.894703
-12.585866
-12.516056
-12.683028
-12.390880
-10.989525
-11.056957
-12.677725
-12.770161
-12.087360
-11.453959
-12.024712
-11.955505
-10.874981
-12.134241
-11.649446
-12.002139
-12.899507
-11.010460
-11.218915
-11.895090
-11.863412
-12.427689
-11.372685
-12.012057
-11.830920
-12.333125
-12.077983
-12.052754
-10.786046
-11.303294
-11.621889
-11.384961
-11.950277
-11.006818
-11.744250
-11.445854
-12.280881
-11.767174
-11.497841
-10.903543
-11.694512
-11.997496
-11.117190
-11.396802
-11.109361
-11.203252
-11.159925
-10.422988
-11.933175
-11.582970
-10.894462
-11.155123
-10.355605
-11.520439
-10.869207
-11.668038
-11.811392
-12.606573
-11.906061
-11.853306
-11.819835
-10.968121
-10.670047
-10.881294
-10.516451
-10.623209
-10.374139
-11.008540
-10.520804
-10.368733
-10.512149
-11.209230
-11.280159
-9.972176
-11.176142
-10.619863
-10.592639
-10.835297
-10.744514
-10.103368
-9.818561
-10.535817
-10.852562
-10.183619
-10.362129
-10.061096
-11.103451
-10.189043
-11.013876
-10.190746
-10.271360
-10.645541
-10.067484
-10.455640
-9.859578
-10.656120
-10.589677
-10.770951
-10.210188
-9.944193
-10.043406
-11.083350
-10.515430
-10.087964
-9.433702
-10.486968
-9.378389
-10.678488
-9.524940
-9.863084
-9.921040
-9.618557
-9.574752
-9.793959
-9.929076
-9.893232
-8.615356
-10.075220
-9.754684
-10.478546
-9.592250
-9.838524
-9.195250
-9.527503
-9.800921
-9.249738
-9.975301
-9.254004
-9.657946
-8.839955
-8.938436
-9.288073
-9.852213
-8.613912
-9.588580
-9.050499
-8.462145
-9.526598
-9.674720
-9.242579
-8.466306
-9.090102
-9.236029
-8.789441
-8.993038
-8.711631
-9.511017
-8.680518
-9.144490
-8.810138
-7.974333
-8.388142
-8.285398
-8.675170
-9.191650
-8.368522
-8.051890
-8.456143
-8.699302
-8.365706
-8.021738
-8.762051
-8.730673
-8.787581
-7.351032
-8.568727
-8.527441
-8.460238
-9.029288
-8.145138
-7.852270
-7.371609
-8.617834
-7.159518
-8.106194
-7.910564
-8.091120
-8.849248
-7.929573
-6.742727
-8.118793
-7.005030
-7.042999
-7.522091
-8.014237
-7.702775
-7.770908
-7.885339
-6.961518
-8.764226
-7.710906
-7.189962
-6.505650
-8.208079
-7.464385
-8.080030
-6.570506
-7.759613
-7.609070
-6.086913
-7.113027
-6.257911
-7.570051
-6.474264
-6.852036
-6.259739
-6.513079
-5.839444
-7.248060
-6.805725
-6.285569
-6.609048
-6.196782
-6.433674
-6.395477
-6.126649
-6.487361
-6.442875
-7.060273
-6.196189
-6.008011
-5.449553
-5.944254
-6.323452
-5.848732
-6.041884
-6.916703
-5.238768
-6.307753
-6.053376
-5.902017
-5.717643
-5.228693
-5.467106
-5.703054
-5.028625
-4.558122
-5.594417
-5.790405
-5.337596
-5.436875
-5.149793
-4.753387
-4.333448
-5.092523
-4.899218
-4.688282
-5.098447
-5.438820
-5.823988
-4.995385
-5.388512
-4.423685
-5.710309
-5.433116
-4.226845
-6.015342
-3.822493
-4.251660
-5.563648
-4.798885
-4.245391
-4.177484
-3.891538
-5.008555
-4.012440
-3.872699
-3.575206
-4.670071
-4.295483
-4.431547
-4.560583
-4.160073
-4.012720
-4.376125
-4.592269
-3.808565
-4.469053
-4.948446
-4.249489
-3.746849
-4.551298
-4.060229
-3.053205
-3.559224
-3.477052
-2.847785
-3.979352
-2.774285
-3.636241
-3.761405
-3.454301
-3.467112
-3.875315
-4.025323
-3.603638
-3.082870
-3.190146
-2.856287
-3.080935
-2.794891
-3.525924
-2.886200
-2.677029
-3.198767
-1.711404
-2.441939
-4.045145
-2.904814
-2.583874
-2.247032
-1.866258
-1.717959
-2.280047
-1.468309
-2.078446
-2.928351
-3.055773
-3.359202
-2.147265
-1.712500
-2.643513
-1.780654
-2.618392
-2.848391
-1.628747
-1.178151
-1.803493
-2.524222
-1.192341
-1.628780
-2.037059
-2.038064
-2.220445
-2.255819
-2.617743
-0.862575
-2.299188
-1.072718
-1.089625
-2.010174
-2.047798
-0.889906
-0.803469
-1.087476
-1.417355
-0.156343
-1.255700
-1.799640
-1.722837
-0.989402
-0.883477
-1.638294
-0.843364
-0.980973
-0.618060
-1.213677
-0.914468
-0.706409
-0.577399
-0.436547
-0.302014
-0.647549
-0.969660
-0.947373
-0.096390
-0.681576
-0.631565
0.676651
0.151190
-0.463866
-0.088484
-0.432796
-1.015182
-0.273820
-0.210746
-0.015769
-0.541608
-0.526364
0.004906
0.220081
-0.822804
0.764798
0.436654
-0.349162
0.470874
0.780493
0.055996
0.539378
1.051746
0.429361
0.981553
1.091398
-0.105932
0.849404
0.983497
0.663073
0.439228
1.415598
1.113240
0.240912
0.978235
1.521066
0.301754
0.509808
1.471735
0.919814
0.579393
0.545013
1.301994
1.280387
1.496171
2.015698
0.779534
2.128880
2.006057
0.502273
1.860231
1.719962
2.057361
1.461274
1.956515
1.325953
2.913770
1.069286
1.595469
2.129028
1.060137
1.619487
1.806954
2.584966
2.039571
1.679120
2.243770
1.451538
2.940614
2.196752
1.802252
2.301824
1.098362
2.491757
1.837717
2.128319
2.325714
2.643301
2.661239
2.039701
3.150886
2.800960
2.652667
2.759695
2.754943
2.778976
2.572650
2.699800
3.274370
2.734565
2.546706
3.402257
2.943226
3.429295
3.068066
2.776715
2.725624
2.315425
3.437013
3.002617
2.670946
2.458965
4.092128
3.056332
4.233188
3.992937
3.533183
3.312488
3.259455
3.616904
2.565642
3.791242
2.527276
4.584236
4.404504
3.732365
3.795448
4.322988
3.659562
3.560872
4.707183
4.256671
4.577246
3.102056
4.129639
3.950781
3.553146
3.758699
3.990463
4.951627
4.354920
4.975326
3.946649
3.473076
5.140545
4.320259
4.927591
4.178171
4.759454
4.892803
3.613942
4.541438
4.193375
4.434439
5.089745
4.159169
4.833209
5.747610
4.784076
4.665343
5.133792
4.539100
5.001415
4.596015
4.616955
4.236973
5.176542
4.667356
5.186352
4.652979
3.933186
4.047380
5.574622
4.800123
5.092512
5.174494
5.665529
5.297894
4.365075
5.167775
6.193008
6.106564
5.803154
5.121405
5.106419
5.390679
5.620652
5.821073
4.611033
5.074900
6.486595
5.950070
6.086499
5.494453
5.512499
5.854559
6.000432
5.676066
6.466894
5.530856
5.521459
6.063784
5.930880
5.945870
5.619119
6.123975
5.980995
7.082770
6.510612
6.480269
5.215376
5.810164
5.863646
6.703713
5.565996
6.619422
6.686634
5.828071
6.518769
5.871239
6.437604
6.957598
5.819588
7.055729
6.730995
5.537289
6.339223
5.463828
6.366125
6.418984
7.087761
5.983541
6.695560
5.684474
6.818986
7.264154
7.043928
7.226496
8.216780
6.839286
7.326470
6.927904
6.529376
6.045344
7.400005
7.734959
7.323610
6.758550
7.035937
7.001534
6.880515
7.224491
7.137459
6.962783
6.377300
6.097085
7.405517
8.458402
8.024749
6.841451
7.184825
7.023309
6.912195
7.932995
7.196870
7.420705
6.781650
8.488087
7.257181
6.571294
7.421148
7.048112
7.584112
7.457802
6.935711
7.495678
7.552352
8.363157
8.643329
8.355814
7.363263
8.094352
8.191949
8.325456
8.117866
7.889513
7.741411
7.414451
8.020349
7.692370
7.826307
8.290810
8.139584
8.086285
8.311060
7.224779
7.922976
7.932989
8.405789
7.931051
8.127868
8.673872
8.029499
8.282646
7.829694
8.285976
8.076794
8.701644
8.412778
9.275727
8.356196
8.578757
8.190747
8.012317
8.755359
8.907771
8.773352
7.959328
8.137777
8.900731
9.710129
8.727623
8.949173
8.494386
8.071199
8.294085
8.642683
9.311211
8.828949
8.327578
8.812402
8.371672
9.437521
8.447821
8.369383
9.063481
8.984232
8.860709
9.371575
9.261220
9.299440
9.274106
8.479459
7.894172
8.276504
9.154247
8.788930
8.709453
9.040353
9.384781
9.892914
8.401517
7.982836
9.654278
8.655859
9.157251
9.131655
9.478175
8.735275
9.076750
8.314899
9.417226
8.288652
8.369625
8.318028
7.638612
9.784602
8.697936
8.811046
9.120739
8.783174
9.571810
9.301615
9.370803
8.734507
9.816345
9.523790
9.254771
10.040728
9.399636
9.651493
9.093500
9.857901
9.946993
8.847154
8.681895
7.875814
11.017480
9.543171
8.991351
10.162664
9.579891
9.410792
9.681669
10.035029
8.638553
8.834002
9.278743
9.110480
9.781601
9.867931
10.048513
9.731300
9.192982
9.718736
9.514503
9.384457
8.818756
8.702170
9.502384
9.563793
9.063282
8.631585
8.789384
9.287420
9.047923
9.838457
9.618526
8.741158
9.359553
8.406164
9.977472
9.182146
9.696624
10.147907
9.201250
9.840452
10.251535
9.387678
9.551664
10.531254
10.086962
10.011258
9.906268
9.575291
9.730883
9.726116
9.962998
9.942831
9.883646
9.756593
9.095164
9.672972
10.305137
9.176595
9.158215
8.973017
9.210239
9.790984
9.622809
9.905956
10.035699
9.568352
9.655882
9.551096
9.616255
9.532728
9.750990
9.557648
10.194591
9.925452
10.656079
10.172950
9.989238
9.111316
9.327294
10.523073
10.236295
9.606095
10.574247
10.051337
9.640372
9.290280
9.559813
9.565308
9.325991
9.030497
10.230459
10.589167
10.363036
9.896221
10.065031
10.380401
9.915563
10.860583
9.675412
10.526779
9.307306
10.150530
10.274356
9.871423
9.447739
10.019268
10.554457
8.758480
10.780957
10.661993
9.242151
10.328263
9.896016
9.248521
10.529728
9.917051
10.289557
9.801839
9.206992
9.896384
9.933771
9.783814
9.957944
10.121937
10.166615
10.177243
10.194918
10.190312
9.819433
10.239149
10.785945
9.529151
10.058649
9.833547
9.800827
10.984072
10.176596
9.910327
10.007151
9.481915
9.940916
10.037954
10.589900
10.979469
10.372084
9.291260
10.726671
10.180277
8.996448
10.048473
9.335701
10.292969
9.796267
9.455676
9.919033
10.219210
9.976332
10.749033
10.321744
10.495179
10.036990
10.804152
10.043397
10.192200
11.113354
10.092134
10.160749
10.066531
10.138658
9.677301
9.721360
9.466224
10.299356
9.901528
10.719284
10.718656
9.824165
10.442895
10.156381
9.502060
9.524368
9.902459
10.136081
10.274023
9.799096
9.789735
10.215107
9.581594
8.816974
11.140692
8.828845
9.869919
9.665020
9.931207
9.902843
10.467236
9.274746
10.198663
11.018619
9.144478
9.906044
9.691964
9.444891
9.456019
9.044155
9.751734
9.347318
9.941441
9.825113
9.717285
9.981980
9.988182
9.892349
9.838812
9.760507
9.387639
9.124123
10.347892
9.599794
9.534294
9.354770
9.713884
10.917913
10.978265
9.250410
10.249640
9.706643
9.612108
10.082885
10.095451
9.675317
10.161245
9.302737
9.424490
9.685267
10.052042
9.892488
9.259880
9.079483
9.459201
9.904565
9.506341
8.963450
9.787401
9.205469
9.819888
9.994205
9.341558
8.847347
9.793334
10.376902
9.082188
9.096139
9.562724
9.300814
10.268329
9.757430
9.923817
8.115220
9.605948
9.267026
10.289078
9.694475
8.759368
9.206981
10.086153
9.352806
8.430237
9.480741
9.146689
10.214543
9.527363
9.226382
9.450286
9.042983
7.847909
9.673699
9.345911
8.878934
8.970664
9.836463
9.345914
9.732695
9.486549
9.590905
10.098591
9.942897
9.616111
8.423375
9.678533
9.100455
9.377282
9.902552
10.190948
9.332152
8.828047
8.954102
8.917054
9.185328
9.472284
9.539364
8.383162
9.561007
9.252753
9.772488
9.334712
8.917598
9.243471
9.303034
8.847829
9.871089
9.602591
9.570385
9.608257
8.498987
8.367444
9.149431
9.550820
9.627630
10.111180
8.883111
9.377761
9.198006
8.308986
9.311583
7.963084
10.338885
9.521619
9.266436
9.118215
8.995791
9.291795
8.504731
8.973825
8.537291
8.309826
9.550663
8.502034
9.638385
8.868955
8.965357
8.104167
9.292978
8.869883
8.405415
8.886188
9.254865
9.071816
9.203449
8.754977
8.799053
9.833089
8.466905
8.426250
8.979553
8.781733
7.900068
9.055686
8.374374
8.502741
8.468025
8.794179
9.603659
7.706657
8.560117
8.220757
9.145481
8.401377
9.033766
8.509692
8.417825
8.020347
7.733319
8.517177
7.801010
8.334356
7.340309
8.363923
8.122944
7.499598
8.709418
8.693034
9.024638
9.156678
8.156097
7.889080
8.695341
8.306497
9.349855
8.968888
8.536760
7.797478
8.067781
8.243795
8.915775
7.488121
8.043433
8.080602
8.390408
8.703332
8.704858
8.154627
7.315267
9.130028
7.818866
8.299651
8.223459
8.572860
8.927879
8.482426
7.491416
8.037255
8.188262
8.009814
7.865219
7.495487
7.829325
8.137665
7.218540
7.637933
7.304656
7.775468
7.887332
7.544129
8.241608
7.750618
7.431073
7.654458
8.508002
7.096503
7.142282
7.339362
7.212147
7.829474
7.907631
7.856567
7.108949
8.291087
7.541452
7.158064
7.050956
7.608775
7.326905
8.321839
7.387795
7.594964
8.009933
7.906988
8.021546
7.489594
6.668259
7.804931
6.934620
7.280340
7.668169
7.753568
7.510661
8.220977
6.574333
7.632903
6.742153
7.819777
8.728515
8.252455
7.571241
8.171166
7.563592
8.114488
8.019136
6.982980
8.207715
7.390591
6.943726
7.467378
6.953947
6.597732
8.227301
6.886378
6.679702
6.942896
7.642380
7.327671
6.094757
7.535245
7.142834
7.705715
7.087399
6.677267
6.421657
7.640590
6.798135
7.231608
7.506953
6.722368
6.883513
7.190276
7.551601
5.855492
6.711828
6.585845
6.868024
7.511411
6.883957
6.346088
7.450414
7.391155
6.915593
6.914393
6.963773
6.802669
5.999216
6.105583
6.804767
6.659875
7.004912
6.780505
6.696062
6.706437
5.801619
5.585441
6.373898
6.207931
6.070704
6.626312
7.128843
6.915401
7.551948
5.602511
6.553714
6.652825
6.320577
7.399094
6.594323
6.208285
6.106373
6.697166
6.848442
5.460732
6.057084
6.763052
7.240552
5.791023
6.748192
6.459676
6.765491
5.950727
6.191582
6.076039
6.038757
6.350099
5.905788
6.349207
5.105316
5.701705
6.270029
5.692739
7.094340
5.911412
6.372038
5.806152
5.032407
6.926568
6.442656
6.181705
5.427931
6.129339
6.248918
5.728348
5.668678
5.799621
6.174089
5.439547
5.243107
6.255904
5.709071
5.617123
6.165262
5.990920
5.739031
5.961188
6.402837
4.888561
6.252157
6.097248
6.285701
6.391387
5.532923
6.236047
5.976924
4.935683
4.844840
6.382593
5.839029
5.779754
4.982240
5.251002
5.253789
5.633737
5.267623
4.190712
5.866691
5.162813
5.680134
5.077282
5.599111
5.522969
4.397520
6.501777
5.235398
6.063957
5.181161
5.099639
4.723936
4.927072
4.826529
4.682751
4.770297
5.364296
5.521246
5.664917
4.676178
4.763576
5.408173
5.286580
6.330754
5.139413
4.968633
5.370267
4.364626
5.426682
5.348473
4.579887
5.100695
3.767204
4.974037
4.457787
4.178195
5.097221
4.124991
4.353738
4.298227
4.315348
5.332685
3.767180
5.120625
3.582915
4.487028
5.957821
4.609056
4.933101
4.307854
4.753721
4.226834
4.506175
3.785214
4.882140
5.350632
3.807853
4.421479
4.416399
5.096236
5.071729
4.930930
4.271074
4.061774
4.797130
3.256225
4.887698
4.655130
3.953652
4.548399
3.322207
3.705533
3.682342
4.056757
4.462924
3.353947
4.468191
3.961576
4.221217
3.304247
4.329293
4.230866
3.891544
3.762034
4.596912
3.396598
4.238706
4.320200
4.311049
4.248289
4.003314
4.505454
4.185617
4.640969
4.098775
4.004414
3.994524
3.559893
3.794395
4.506412
4.036317
3.887879
3.472853
3.403054
3.663611
3.619918
5.060566
4.377479
3.219308
3.354223
3.845834
3.309699
3.978114
3.772705
4.092772
3.180328
3.479034
3.712961
3.581510
3.344282
3.277625
3.709796
3.583428
2.259088
3.237332
4.174249
3.040100
2.925502
3.444996
3.442302
3.089168
2.514615
3.839979
3.495942
3.288807
2.234627
2.956411
3.861758
4.166801
2.820653
3.858422
2.938808
3.289013
3.193011
3.916224
3.307090
2.550419
3.091509
3.294168
3.519340
2.678009
3.862287
3.460765
2.697501
3.488964
3.219665
2.685780
2.577547
3.191149
2.676177
2.922933
3.663237
3.521038
2.977518
2.701925
3.395983
2.693935
2.213906
2.507903
2.744573
2.201687
2.654717
2.896994
2.841609
2.865334
2.853645
2.900526
2.267647
2.050896
2.966986
2.223678
3.098450
2.922830
2.564525
3.082198
2.523011
3.620204
2.021543
3.379522
2.654000
3.604214
2.032065
1.684263
2.791137
1.873375
3.160282
2.650115
1.976079
2.328708
3.379745
2.615429
3.178526
2.858833
2.740189
2.185010
1.119749
1.830584
2.965371
1.663915
2.644728
2.590718
3.068129
3.418331
2.410816
2.532613
2.829007
3.029392
1.853518
1.749889
1.230871
2.699953
2.259104
2.181556
3.156990
3.203618
1.737885
2.997214
2.032693
1.461803
1.426348
2.766985
1.794240
2.187334
1.950635
2.237464
1.638086
3.144821
2.084907
2.147760
2.530198
1.544766
2.424197
1.846406
2.463457
0.773369
1.722914
1.864547
2.309455
1.603127
1.854355
1.426784
1.860373
1.887553
2.170216
1.616335
1.972501
1.597769
0.678972
1.754932
1.637513
1.598074
1.452630
1.491921
1.714217
1.246957
1.528903
2.256683
0.885777
0.912436
2.225371
1.953605
0.835209
1.481863
1.009191
0.835953
1.318520
1.788965
1.191030
2.070975
1.947064
0.814588
1.615241
0.304869
1.332502
2.017315
1.752591
1.265974
1.852973
1.672550
1.138952
1.439557
2.274466
1.435712
0.932914
2.415795
0.693598
2.760347
1.765690
0.752110
2.482231
1.512840
0.704706
1.092780
1.045685
1.793597
0.869223
1.496323
0.929117
0.567352
1.186762
0.657930
0.983154
0.651992
2.546373
0.699364
1.007397
0.433540
1.577357
1.314525
1.043395
1.121947
0.580674
1.628883
1.160483
0.806748
0.122239
0.170904
1.678835
0.578620
0.511401
0.461220
0.887263
0.754043
0.648831
0.563146
0.647769
0.970476
0.400386
0.495417
1.323889
0.089808
0.827085
0.887039
1.182064
0.941261
0.491905
1.247009
0.689216
0.003438
0.412728
0.097157
0.807672
1.486392
1.566435
0.786821
0.770141
1.133929
0.609564
0.466565
0.206382
0.116484
0.831639
1.257116
0.807279
-0.398304
0.620107
0.702045
1.173921
1.100428
1.111660
0.684083
0.989273
0.259979
0.418370
0.438559
0.981685
-0.232850
-0.025465
0.018174
1.575091
0.655562
0.204287
-0.518830
0.381217
0.041744
1.375475
-0.166033
0.111659
0.897207
0.154427
-0.119651
0.434745
0.626978
0.865258
0.980939
0.771974
0.247658
0.547985
0.824573
1.077823
0.580466
0.513646
0.678182
0.918598
-0.458995
0.749687
0.790525
0.338428
0.344051
0.986623
0.010920
-0.188513
0.384589
-0.211799
-0.376986
-0.282936
0.090010
0.090483
0.260155
0.398131
0.580135
0.070770
-0.330186
1.068808
0.491676
0.793501
-0.058387
0.198781
-0.091602
-0.157509
-0.071600
1.244571
0.459043
-0.020007
0.544215
-0.135884
0.374208
-0.488289
0.260947
-0.131936
0.424825
0.128464
-0.342243
0.286764
-0.036945
0.319051
1.041508
0.729498
0.077122
-0.326627
1.056533
0.041706
-0.368723
-0.992573
1.334544
0.223098
0.893574
-0.027296
0.663505
0.073675
-0.238802
0.570318
-0.151512
-0.103977
-0.171379
-0.224280
0.507131
0.041121
-0.125821
