-0.241462
-0.211958
-0.184873
-0.147754
0.042786
0.303053
0.567073
0.881609
0.558173
-0.012647
-0.503638
-1.144143
-0.998956
-0.581070
-0.351199
0.009659
0.334287
0.684973
1.171321
1.723766
1.010556
-0.195848
-1.278180
-2.672858
-2.236247
-1.153659
-0.472373
0.534788
0.841354
0.960036
1.443070
1.918905
1.254548
0.140250
-0.929444
-2.311743
-2.109399
-1.374560
-1.031288
-0.437297
0.093460
0.673338
1.512369
2.477991
2.103060
1.244492
0.576827
-0.378199
-0.828856
-1.179352
-1.847544
-2.550570
-2.157638
-1.348345
-0.624888
0.373207
0.837102
1.193305
1.856158
2.542457
2.258502
1.605166
1.020372
0.188905
-0.511973
-1.265623
-2.279705
-3.415503
-3.021951
-2.062278
-1.296610
-0.186258
0.475692
1.087828
2.074563
3.149865
3.184097
2.856527
2.668501
2.260068
1.401257
0.262303
-1.084284
-2.698187
-2.982686
-2.848781
-3.050563
-3.058339
-2.614911
-1.924130
-1.054642
0.054577
0.747751
1.395163
2.310095
3.273356
3.289431
2.953456
2.710475
2.241790
1.359954
0.206402
-1.162239
-2.793478
-3.239334
-3.326647
-3.738611
-3.995176
-3.749099
-3.250706
-2.615699
-1.751100
-0.915816
0.029052
1.213935
2.549192
3.048123
3.287081
3.719668
4.024260
3.737174
3.158854
2.475085
1.547321
0.700994
-0.236186
-1.430294
-2.767675
-3.196360
-3.332744
-3.658661
-3.832027
-3.818889
-3.674975
-3.382692
-2.946247
-2.360510
-1.627982
-0.675091
0.456160
0.949153
2.130621
3.057391
4.130830
4.279883
4.077375
3.970110
3.640742
3.286359
2.827337
2.140236
1.304403
0.523652
-0.327510
-1.336821
-2.440588
-3.103228
-3.639178
-4.293182
-4.891338
-4.913518
-4.676950
-4.408344
-3.943862
-3.438391
-2.820296
-2.000950
-1.038856
-0.214560
0.639308
1.648485
2.723012
3.343341
3.817479
4.380083
4.863727
4.843440
4.581097
4.259447
3.745772
3.306685
2.803068
2.096985
1.282412
0.600314
-0.097695
-0.915330
-1.777294
-2.370001
-2.881580
-3.451607
-3.979974
-4.327079
-4.583724
-4.805524
-4.950913
-4.778795
-4.432082
-4.019684
-3.463899
-2.938747
-2.352482
-1.615944
-0.790071
0.049798
0.953397
1.950065
3.017681
3.588892
3.991986
4.490665
4.898670
5.073428
5.116570
5.076665
4.915049
4.777591
4.584583
4.263881
3.865373
3.321437
2.665640
1.934556
1.103617
0.312936
-0.515381
-1.449398
-2.441763
-3.086068
-3.620810
-4.231800
-4.787034
-5.063456
-5.203190
-5.297834
-5.279717
-5.245343
-5.146437
-4.931144
-4.634368
-4.305508
-3.912488
-3.435577
-2.889507
-2.246588
-1.521167
-0.727665
0.143723
0.725221
1.227080
1.822603
2.389964
3.121442
3.919473
4.682020
5.478033
5.687781
5.660000
5.691859
5.575706
5.622518
5.675627
5.568965
5.414529
5.064760
4.592571
4.078079
3.467537
2.811232
2.085964
1.262905
0.361073
-0.180980
-0.617216
-1.151284
-1.639297
-2.318170
-3.067031
-3.760764
-4.484048
-4.826519
-5.014966
-5.249983
-5.392314
-5.638179
-5.889593
-6.040968
-6.163340
-5.941352
-5.548656
-5.285624
-4.961303
-3.939893
-4.233395
-3.601143
-3.117357
-2.593777
-2.024810
-1.421649
-0.778456
-0.093457
0.631710
1.495978
2.252059
2.720507
3.030598
3.403393
3.698202
4.138705
4.611294
4.997373
5.377105
5.597390
5.737697
5.877622
5.963021
6.055027
6.124254
6.136749
6.115130
5.901059
5.583107
5.237688
4.811522
4.382821
3.912293
3.358071
2.748367
2.250130
1.764461
1.215888
0.658242
-0.003878
-0.721365
-1.444240
-2.206414
-2.643137
-2.960368
-3.332356
-3.637186
-4.059546
-4.506242
-4.878786
-5.243627
-5.544254
-5.806096
-6.062144
-6.290753
-6.406339
-6.460362
-6.490807
-6.470403
-6.388840
-6.254930
-6.070831
-5.834370
-5.557784
-5.234272
-4.857889
-4.432769
-4.042256
-3.638030
-3.181442
-2.699814
-2.147991
-1.549021
-0.926741
-0.265014
0.218223
0.646467
1.123425
1.576439
2.116885
2.688470
3.231888
3.787171
4.187390
4.524208
4.879770
5.197178
5.554860
5.913785
6.231625
6.536831
6.675170
6.732238
6.783095
6.775554
6.784203
6.771717
6.698033
6.590118
6.437683
6.243784
6.015884
5.749372
5.365532
4.910074
4.419435
3.867842
3.561789
3.327923
3.020092
2.740618
2.333634
1.877851
1.456331
1.013020
0.491417
-0.070083
-0.650492
-1.265934
-1.872560
-2.493855
-3.151945
-3.831631
-4.263404
-4.603707
-4.969009
-5.275833
-5.585103
-5.870656
-5.725497
-6.097792
-6.318724
-6.672128
-6.962595
-7.272334
-7.468905
-7.619690
-7.794803
-7.946829
-7.908740
-7.781516
-7.638781
-7.427547
-7.248028
-7.048263
-6.776097
-6.466994
-6.232854
-6.005634
-5.736372
-5.460401
-5.034477
-4.537153
-4.039015
-3.491195
-3.157415
-2.891341
-2.564600
-2.266439
-1.869376
-1.437199
-1.038388
-0.626847
-0.132092
0.400505
0.942426
1.514858
2.021571
2.515606
3.044133
3.574436
3.935576
4.229222
4.532275
4.789789
5.100399
5.413258
5.676762
5.925941
6.270222
6.643029
6.996516
7.365219
7.559571
7.684822
7.833189
7.940549
8.039078
8.117082
8.153199
8.160941
8.073644
7.928175
7.757096
7.537798
7.387378
7.240957
7.041447
6.828515
6.545783
6.221441
5.885793
5.518443
5.360682
5.276047
5.149470
5.061507
4.542439
3.853591
3.222970
2.491914
2.247740
2.169832
1.967427
1.841520
1.351207
0.728504
0.199712
-0.389748
-0.763150
-1.063106
-1.434433
-1.778831
-2.128713
-2.475866
-2.795475
-3.102665
-3.430555
-3.758517
-4.072512
-4.382790
-4.730085
-5.089909
-5.444178
-5.805875
-6.038970
-6.220237
-6.414695
-6.576859
-6.775525
-6.975986
-7.141550
-7.296971
-7.467237
-7.635370
-7.792086
-7.944518
-8.047921
-8.127245
-8.204157
-8.263567
-8.304684
-8.329560
-8.337088
-8.327687
-8.127441
-7.836221
-7.535566
-7.168057
-7.042048
-6.986469
-6.851196
-6.740591
-6.505668
-6.220969
-5.966531
-5.688480
-5.445045
-5.208477
-4.946214
-4.679901
-4.392099
-4.090536
-3.785502
-3.470268
-3.118269
-2.745480
-2.363688
-1.964430
-1.563443
-1.152582
-0.723644
-0.282204
0.041790
0.323583
0.623526
0.898979
1.220129
1.551169
1.855032
2.156805
2.470088
2.784413
3.095860
3.407791
3.823456
4.283182
4.738912
5.224573
5.483418
5.659355
5.876024
6.047156
6.300252
6.571197
6.791794
7.008010
7.240181
7.471757
7.697710
7.922682
8.124481
8.315364
8.506185
8.689411
8.766054
8.793781
8.818240
8.807100
8.814642
8.813105
8.773885
8.716355
8.684818
8.651770
8.598347
8.538299
8.443356
8.328302
8.207733
8.071699
7.918529
7.750236
7.566629
7.367604
7.134057
6.876975
6.605300
6.312731
6.121887
5.962991
5.777964
5.607561
5.388427
5.152646
4.933896
4.709432
4.416984
4.094734
3.769636
3.422160
3.090931
2.755826
2.396835
2.027584
1.703078
1.390273
1.064730
0.743987
0.474098
0.226748
-0.017926
-0.245514
-0.530237
-0.830981
-1.111554
-1.397101
-1.651909
-1.893832
-2.142071
-2.383703
-2.732598
-3.124705
-3.505399
-3.912846
-4.260830
-4.594841
-4.959018
-5.323187
-5.522662
-5.655251
-5.795171
-5.889428
-6.113867
-6.373076
-6.579461
-6.793448
-6.972653
-7.135027
-7.306350
-7.469911
-7.633131
-7.793516
-7.945951
-8.093639
-8.223249
-8.342101
-8.456755
-8.562666
-8.666098
-8.763934
-8.852793
-8.934949
-8.917441
-8.853434
-8.786714
-8.686495
-8.752539
-8.873344
-8.952281
-9.056672
-9.007509
-8.900504
-8.826135
-8.722287
-8.692483
-8.683825
-8.641719
-8.603131
-8.397030
-8.117759
-7.849087
-7.532898
-7.510344
-7.591587
-7.611066
-7.683997
-7.473739
-7.161493
-6.916299
-6.621856
-6.427761
-6.260385
-6.038234
-5.815923
-5.593259
-5.364570
-5.135294
-4.902909
-4.653942
-4.396399
-4.136347
-3.869453
-3.551241
-3.207721
-2.859312
-2.491528
-2.323036
-2.229747
-2.107770
-2.029930
-1.729043
-1.350896
-1.027827
-0.668370
-0.387777
-0.129520
0.169366
0.466723
0.718569
0.954636
1.191404
1.416256
1.662959
1.913448
2.150667
2.386328
2.670902
2.974155
3.273580
3.585308
3.879706
4.172090
4.477928
4.786711
4.868187
4.855749
4.856268
4.794222
5.116368
5.574041
5.950486
6.396560
6.537728
6.573186
6.693223
6.767425
6.956594
7.182157
7.355989
7.537038
7.682631
7.811042
7.948041
8.076888
8.205525
8.331162
8.448438
8.560728
8.674092
8.784691
8.890016
8.991915
9.086341
9.175423
9.261239
9.342369
9.378978
9.394101
9.406268
9.402394
9.403924
9.399923
9.379061
9.349004
9.331508
9.313263
9.284824
9.253027
9.204449
9.146076
9.084870
9.016092
9.010623
9.028243
9.035272
9.055319
9.048425
9.035046
9.036220
9.037694
9.002994
8.954583
8.908158
8.852323
8.564639
8.174104
7.783840
7.320943
7.236356
7.278731
7.229611
7.241114
7.106109
6.927486
6.817208
6.700058
6.571829
6.442901
6.307881
6.168767
5.937375
5.664157
5.390631
5.087603
4.909366
4.770369
4.595449
4.436847
4.220128
3.982524
3.764032
3.537730
3.269538
2.981887
2.688109
2.378170
2.076805
1.770866
1.447779
1.116160
0.903119
0.734718
0.552236
0.397238
0.200285
-0.003132
-0.176402
-0.344316
-0.578216
-0.834492
-1.082138
-1.343585
-1.694149
-2.088186
-2.505192
-2.961779
-3.049335
-3.141506
-3.213485
-3.239960
-3.373622
-3.529430
-3.617784
-3.699164
-3.917152
-4.182857
-4.434916
-4.717995
-4.941042
-5.151637
-5.396823
-5.644535
-5.818597
-5.966166
-6.119802
-6.255805
-6.422477
-6.594578
-6.747153
-6.897211
-7.056171
-7.215672
-7.372029
-7.528244
-7.674044
-7.815013
-7.956259
-8.094256
-8.282180
-8.489853
-8.692014
-8.906370
-8.937733
-8.896364
-8.875466
-8.809818
-8.921680
-9.090268
-9.205042
-9.342298
-9.400571
-9.430074
-9.485827
-9.530904
-9.563426
-9.588381
-9.603035
-9.608430
-9.614741
-9.616011
-9.607576
-9.592746
-9.620529
-9.662418
-9.695774
-9.736621
-9.758191
-9.774166
-9.798659
-9.822114
-9.883542
-9.961544
-10.036902
-10.122921
-10.083514
-9.995455
-9.923819
-9.823092
-9.771779
-9.729598
-9.655302
-9.576853
-9.587555
-9.630844
-9.665734
-9.721762
-9.635561
-9.497857
-9.388099
-9.251037
-9.165824
-9.092837
-8.989572
-8.884643
-8.777727
-8.665981
-8.552357
-8.435460
-8.308349
-8.175159
-8.039007
-7.897663
-7.755531
-7.610316
-7.459739
-7.305352
-7.145379
-6.980676
-6.812227
-6.639377
-6.524054
-6.430751
-6.330380
-6.243413
-6.137223
-6.028387
-5.934198
-5.842965
-5.675510
-5.478558
-5.288069
-5.078438
-4.913828
-4.760089
-4.584643
-4.409823
-4.241604
-4.074188
-3.906962
-3.740893
-3.567266
-3.390984
-3.216228
-3.040075
-2.850751
-2.655329
-2.459043
-2.258138
-2.059573
-1.859748
-1.655033
-1.447894
-1.240891
-1.032292
-0.821140
-0.608168
-0.391408
-0.171913
0.049323
0.272983
0.444897
0.596115
0.752086
0.894901
1.053070
1.212111
1.356910
1.497682
1.671101
1.855016
2.033243
2.217425
2.376776
2.527750
2.685914
2.840582
2.969980
3.087750
3.203047
3.309168
3.517433
3.764599
3.997841
4.254204
4.402068
4.513126
4.652686
4.775636
4.942455
5.123176
5.285037
5.450034
5.607014
5.760055
5.916537
6.071789
6.226248
6.380158
6.532855
6.684696
6.815121
6.935904
7.056713
7.170748
7.288804
7.405398
7.514807
7.620899
7.748898
7.883904
8.014475
8.148762
8.272448
8.392896
8.517612
8.641504
8.734620
8.814706
8.895301
8.966746
9.046167
9.124749
9.193520
9.258568
9.459139
9.714592
9.960270
10.241857
10.192191
10.017371
9.893928
9.698620
9.799140
9.997298
10.108716
10.260307
10.297056
10.294581
10.337953
10.370291
10.414097
10.462467
10.499286
10.534542
10.570460
10.604704
10.637211
10.668264
10.686598
10.698654
10.709741
10.716126
10.723705
10.729485
10.730340
10.728382
10.796693
10.893063
10.983453
11.091889
10.996715
10.822730
10.676156
10.482753
10.534074
10.670482
10.758782
10.892399
10.762851
10.537468
10.845166
10.393677
10.422969
10.357515
10.261893
10.159944
10.126424
10.115860
10.095558
10.089115
10.022201
9.935021
9.864717
9.785695
9.731442
9.685429
9.629457
9.575731
9.500253
9.415518
9.333967
9.247130
9.164678
9.081952
8.993590
8.903166
8.818348
8.734353
8.647937
8.561469
8.470002
8.376127
8.282395
8.187066
8.071185
7.945824
7.819698
7.686629
7.557084
7.425705
7.286979
7.144641
7.068414
7.017847
6.960632
6.919613
6.747712
6.527006
6.328657
6.103091
5.985217
5.902778
5.787699
5.686742
5.557301
5.418900
5.296086
5.172690
5.140868
5.149388
5.153481
5.184291
4.971709
4.667616
4.401639
4.083225
3.984108
3.957765
3.867988
3.808544
3.573097
3.270259
3.005905
2.707709
2.568744
2.485747
2.361158
2.261960
2.187790
2.131764
2.100613
2.091198
1.931033
1.719545
1.537256
1.327377
1.182010
1.054256
0.895393
0.738377
0.605709
0.480974
0.356854
0.239291
0.108182
-0.025555
-0.151914
-0.277800
-0.436394
-0.607903
-0.777453
-0.955684
-1.125220
-1.294916
-1.473959
-1.656133
-1.797781
-1.924643
-2.056567
-2.179426
-2.317878
-2.459252
-2.590609
-2.720724
-2.833212
-2.936557
-3.039297
-3.135629
-3.273912
-3.426979
-3.571598
-3.723992
-3.882421
-4.046165
-4.217632
-4.395514
-4.584793
-4.782745
-4.994535
-5.217484
-5.297036
-5.322267
-5.703989
-5.545956
-5.736548
-5.860293
-5.963405
-6.063327
-6.195026
-6.336568
-6.473274
-6.615899
-6.741594
-6.862348
-6.989921
-7.116288
-7.222028
-7.319149
-7.415964
-7.506426
-7.602810
-7.698704
-7.787764
-7.874313
-7.960773
-8.045295
-8.127168
-8.206996
-8.282422
-8.354737
-8.425104
-8.492717
-8.594428
-8.709150
-8.819537
-8.937787
-8.973005
-8.976117
-8.990916
-8.986849
-9.163538
-9.409535
-9.508730
-9.597079
-10.164550
-9.579803
-9.695531
-9.620099
-9.680605
-9.783544
-9.836100
-9.901497
-9.943937
-9.977292
-10.024530
-10.070985
-10.123317
-10.179253
-10.234237
-10.291126
-10.350042
-10.410612
-10.473060
-10.537297
-10.649753
-10.783763
-10.917561
-11.066475
-11.021447
-10.900958
-10.804478
-10.662314
-10.725520
-10.857245
-10.933017
-11.038836
-11.059105
-11.051128
-11.077499
-11.096189
-11.114638
-11.133020
-11.143736
-11.151134
-11.161721
-11.171299
-11.177243
-11.181505
-11.207208
-11.240860
-11.271819
-11.307627
-11.284933
-11.239333
-11.201254
-11.149447
-11.178430
-11.236154
-11.276242
-11.330850
-11.296462
-11.229144
-11.180552
-11.115073
-11.109718
-11.124015
-11.118388
-11.119858
-11.096505
-11.063805
-11.039365
-11.011431
-10.998689
-10.991648
-10.980401
-10.971645
-10.958408
-10.943985
-10.932301
-10.920752
-10.881362
-10.830480
-10.780959
-10.723685
-10.674115
-10.624334
-10.566204
-10.505240
-10.463810
-10.428480
-10.389306
-10.353424
-10.307619
-10.258727
-10.213640
-10.167674
-10.109792
-10.046831
-9.983505
-9.916381
-9.858796
-9.803451
-9.743761
-9.684282
-9.601718
-9.508971
-9.417403
-9.319120
-9.225324
-9.130415
-9.028371
-8.923245
-8.946328
-9.021764
-9.088424
-9.189460
-9.135865
-9.031653
-8.969624
-8.885449
-8.851482
-8.832968
-8.789700
-8.748457
-8.607456
-8.422336
-8.243416
-8.035897
-7.981420
-7.979317
-7.941059
-7.928165
-7.853116
-7.759678
-7.694889
-7.627092
-7.436908
-7.196273
-6.958028
-6.684198
-6.671432
-6.753327
-6.787148
-6.872517
-6.767955
-6.601643
-6.496499
-6.368334
-6.320236
-6.301895
-6.256757
-6.222640
-6.124559
-6.001587
-5.892570
-5.771052
-5.667336
-5.566814
-5.452696
-5.336175
-5.242771
-5.156636
-5.066909
-4.981508
-4.884140
-4.783327
-4.687479
-4.590863
-4.484934
-4.375209
-4.265128
-4.152132
-4.042167
-3.932089
-3.818858
-3.704554
-3.601361
-3.502059
-3.401141
-3.302535
-3.184322
-3.058677
-2.936259
-2.809656
-2.706611
-2.611969
-2.512005
-2.416209
-2.336138
-2.264147
-2.195751
-2.134335
-2.039524
-1.934156
-1.837483
-1.736025
-1.650319
-1.569995
-1.484108
-1.400043
-1.273221
-1.128471
-0.987407
-0.834983
-0.692965
-0.550443
-0.395741
-0.236722
-0.130236
-0.042789
0.057434
0.148610
0.214568
0.266909
0.575122
0.475714
0.645822
0.766687
0.885090
1.007908
1.120449
1.230426
1.345398
1.460204
1.553581
1.638292
1.723795
1.803306
1.889364
1.975484
2.055124
2.132729
2.229897
2.333749
2.434600
2.539377
2.637242
2.733688
2.834473
2.935707
3.034707
3.133426
3.232740
3.331940
3.448508
3.572475
3.482615
3.307079
3.763990
3.669444
3.873462
4.013068
4.119553
4.213375
4.328182
4.442478
4.527262
4.601472
4.676592
4.744018
4.824447
4.906900
4.980835
5.053472
5.120855
5.184491
5.246941
5.306575
5.423250
5.562751
5.696867
5.845429
5.923330
5.977364
6.049355
6.110321
6.200391
6.299580
6.386244
6.474932
6.562874
6.650121
6.739397
6.829132
6.917176
7.004931
7.093250
7.181494
7.269533
7.357509
7.445422
7.533256
7.621239
7.709243
7.797158
7.885062
7.962612
8.035743
8.109306
8.179887
8.252940
8.325693
8.395254
8.463579
8.527851
8.589482
8.649982
8.708333
8.765542
8.821137
8.874549
8.926155
9.030516
9.156247
9.277816
9.413215
9.474956
9.511394
9.565292
9.606962
9.574672
9.507032
9.430061
9.324723
9.462922
9.690464
9.878066
10.116330
10.147719
10.110596
10.134518
10.130403
10.212083
10.323593
10.402867
10.491487
10.458948
10.375822
10.307340
10.208553
10.330368
10.533398
10.695663
10.902000
10.911414
10.853373
10.849121
10.815295
10.858401
10.926079
10.960252
10.999830
11.048554
11.100154
11.156689
11.217639
11.271354
11.324581
11.382731
11.441981
11.396989
11.308678
11.226040
11.114478
11.224681
11.416292
11.568445
11.765440
11.757216
11.678508
11.654753
11.599620
11.624551
11.674663
11.689278
11.709068
11.761894
11.827442
11.896641
11.976853
11.942167
11.864140
11.802497
11.715349
11.733680
11.786675
11.808850
11.845324
11.837159
11.813438
11.806199
11.793956
11.801693
11.817331
11.827059
11.840091
11.848539
11.855960
11.866951
11.878494
11.880095
11.878101
11.877137
11.873873
11.874617
11.876097
11.875033
11.873655
11.878971
11.886720
11.893835
11.902529
11.908538
11.914077
11.921361
11.928884
11.853650
11.743500
11.637178
11.507361
11.552701
11.661966
11.739386
11.851760
11.816365
11.731103
11.688142
11.624164
11.619308
11.634239
11.625201
11.621497
11.594860
11.558427
11.528314
11.493871
11.462781
11.431757
11.396157
11.358996
11.388964
11.446281
11.499050
11.569809
11.493189
11.361808
11.255367
11.118271
11.128352
11.189331
11.212430
11.258846
11.248245
11.220301
11.218651
11.214025
11.173467
11.119010
11.063229
10.996568
10.943748
10.891579
10.827539
10.760219
10.738336
10.732994
10.722202
10.721653
10.671648
10.604823
10.550690
10.488839
10.474339
10.477713
10.471157
10.473766
10.461457
10.446043
10.440680
10.436560
10.261276
10.014808
9.777086
9.491603
9.568729
9.778690
9.923644
10.141584
10.051144
9.856808
9.750802
9.601040
9.575136
9.590781
9.556493
9.533543
9.491669
9.441769
9.404026
9.365690
9.327556
9.290517
9.252953
9.215700
9.166513
9.112337
9.058993
9.002403
8.948841
8.895135
8.837943
8.779521
8.762736
8.762722
8.759612
8.767452
8.690676
8.582698
8.489680
8.379447
8.327974
8.295021
8.241831
8.194932
8.122095
8.039025
7.963424
7.883460
7.776263
7.656224
7.532902
7.399281
7.365031
7.367889
7.355775
7.365203
7.228940
7.039194
6.877910
6.688247
6.706545
6.803045
6.861427
6.962258
6.883218
6.743498
6.655173
6.541234
6.499363
6.481596
6.434616
6.394133
6.351403
6.307669
6.270525
6.235475
6.198275
6.161838
6.127715
6.094708
5.926256
5.700941
5.482638
5.226329
5.158742
5.154386
5.102608
5.080266
5.040102
5.001126
4.993014
4.996704
5.018114
5.055864
5.105312
5.169271
5.080813
4.935540
4.811954
4.654831
4.506038
4.347370
4.153800
3.941634
3.871811
3.850145
3.802813
3.782200
3.699045
3.599081
3.529269
3.457786
3.394178
3.336330
3.276654
3.219732
3.168422
3.120598
3.075368
3.033471
2.947144
2.843750
2.745740
2.637319
2.543590
2.451804
2.348650
2.243124
2.194754
2.168388
2.137013
2.119871
1.981429
1.797513
1.633520
1.443851
1.429133
1.478935
1.494771
1.544915
1.412204
1.214168
1.059260
0.872730
0.864044
0.920778
0.937452
0.986569
0.855509
0.658744
0.503014
0.314876
0.307687
0.366650
0.384590
0.435233
0.334965
0.181465
0.068002
-0.069352
-0.138260
-0.184999
-0.257999
-0.324536
-0.426553
-0.543420
-0.603298
-0.743767
-0.756646
-0.746967
-0.746172
-0.725076
-0.778228
-0.854398
-0.906423
-0.966824
-1.015743
-1.061145
-1.115520
-1.170850
-1.229563
-1.291113
-1.353576
-1.418115
-1.497973
-1.585418
-1.674359
-1.769114
-1.862383
-1.957904
-2.059518
-2.164624
-2.192547
-2.189910
-2.194263
-2.179096
-2.289451
-2.444808
-2.574603
-2.727900
-2.829372
-2.917100
-3.031189
-3.144565
-3.087249
-2.959762
-2.839107
-2.670401
-2.858935
-3.177679
-3.431335
-3.756141
-3.797620
-3.744993
-3.777719
-3.772662
-3.845285
-3.942294
-3.997519
-4.054619
-4.103342
-4.144955
-4.188538
-4.228740
-4.285089
-4.346933
-4.404598
-4.464768
-4.518434
-4.570066
-4.624538
-4.678578
-4.751510
-4.832578
-4.912406
-4.997520
-5.061656
-5.119212
-5.183134
-5.244461
-5.314004
-5.386503
-5.456010
-5.526498
-5.594471
-5.661517
-5.729663
-5.797578
-5.872113
-5.949473
-6.026316
-6.104964
-6.182120
-6.259431
-6.338671
-6.418647
-6.427325
-6.406215
-6.388956
-6.351827
-6.467867
-6.640175
-6.785341
-6.961546
-6.992475
-6.973262
-6.992226
-6.988554
-7.041134
-7.111083
-7.155478
-7.203096
-7.247657
-7.289721
-7.335050
-7.380274
-7.421567
-7.461483
-7.501487
-7.540467
-7.580547
-7.620625
-7.659596
-7.698211
-7.735622
-7.772237
-7.808527
-7.844178
-7.905110
-7.976466
-8.046068
-8.122485
-8.192072
-8.261760
-8.338784
-8.418254
-8.453194
-8.471110
-8.493535
-8.505187
-8.532150
-8.561058
-8.578188
-8.592839
-8.625659
-8.663800
-8.698498
-8.736149
-8.763510
-8.787511
-8.814985
-8.841274
-8.910278
-8.997271
-9.081221
-9.176829
-9.262010
-9.347894
-9.446272
-9.549192
-9.534904
-9.474196
-9.423343
-9.342518
-9.372546
-9.436741
-9.465209
-9.506224
-9.550743
-9.598850
-9.659511
-9.727565
-9.795803
-9.868913
-9.949769
-10.036223
-9.976636
-9.858352
-9.752222
-9.608293
-9.808994
-10.139907
-10.416930
-10.768534
-10.683787
-10.442617
-10.297037
-10.072623
-10.165875
-10.367473
-10.474528
-10.625764
-10.604847
-10.521373
-10.490305
-10.433992
-10.432491
-10.448031
-10.435492
-10.424794
-10.454257
-10.498698
-10.543091
-10.598735
-10.637905
-10.675333
-10.725117
-10.777598
-10.807790
-10.831069
-10.858199
-10.881369
-10.922593
-10.970050
-11.012660
-11.058040
-11.052876
-11.026991
-11.006115
-10.972307
-10.999868
-11.048012
-11.080163
-11.121654
-11.138468
-11.147464
-11.167065
-11.184902
-11.212688
-11.245004
-11.275149
-11.307547
-11.292290
-11.257581
-11.227242
-11.184601
-11.171088
-11.164666
-11.144289
-11.124381
-11.202099
-11.320099
-11.434264
-11.576013
-11.628083
-11.654516
-11.713337
-11.764429
-11.470471
-11.029501
-10.595666
-10.059437
-10.369754
-10.993045
-11.473899
-12.130451
-12.066668
-11.763636
-11.672322
-11.482702
-11.590798
-11.801923
-11.896339
-12.028189
-12.031740
-11.985883
-11.977219
-11.947642
-11.944017
-11.945573
-11.924656
-11.899354
-11.932591
-11.986301
-12.032769
-12.091947
-12.041459
-11.949498
-11.875365
-11.777772
-11.782077
-11.820634
-11.830652
-11.855369
-11.838674
-11.808224
-11.794548
-11.777178
-11.801840
-11.844430
-11.881518
-11.929117
-11.968106
-12.007775
-12.058652
-12.113704
-12.112490
-12.090478
-12.075304
-12.047336
-12.051528
-12.064134
-12.062162
-12.061336
-12.039274
-12.007170
-11.977050
-11.940821
-11.969752
-12.023754
-12.068638
-12.128291
-12.119734
-12.088111
-12.074644
-12.050871
-12.054786
-12.067575
-12.068646
-12.071821
-12.070635
-12.067339
-12.066316
-12.064809
-12.062806
-12.060606
-12.057945
-12.054944
-12.045073
-12.032072
-12.019009
-12.003727
-11.989650
-11.975040
-11.958078
-11.939994
-11.877770
-11.795991
-11.714933
-11.620344
-11.625566
-11.666991
-11.690112
-11.732980
-11.706623
-11.658127
-11.632910
-11.599894
-11.596727
-11.605069
-11.604236
-11.608053
-11.641215
-11.688070
-11.738401
-11.799735
-11.770331
-11.707843
-11.660685
-11.594937
-11.604493
-11.639002
-11.651143
-11.673434
-11.664594
-11.644897
-11.636871
-11.625426
-11.618886
-11.614067
-11.605590
-11.596883
-11.597765
-11.602233
-11.606019
-11.612210
-11.596045
-11.571422
-11.550247
-11.524209
-11.505651
-11.488362
-11.465743
-11.442244
-11.424851
-11.409081
-11.392093
-11.375993
-11.355976
-11.334580
-11.314262
-11.293343
-11.250543
-11.198266
-11.146317
-11.087750
-11.062417
-11.048158
-11.025617
-11.008262
-10.956865
-10.892538
-10.834979
-10.770637
-10.716931
-10.665288
-10.606218
-10.546081
-10.539085
-10.553414
-10.564288
-10.589312
-10.593696
-10.595564
-10.612942
-10.633554
-10.634928
-10.631274
-10.631920
-10.630004
-10.640474
-10.655468
-10.667310
-10.681241
-10.663482
-10.632885
-10.605792
-10.570819
-10.544547
-10.518655
-10.484259
-10.447343
-10.379508
-10.296436
-10.212022
-10.116623
-10.156609
-10.248911
-10.323994
-10.430601
-10.282285
-10.038451
-9.838104
-9.584506
-9.625940
-9.772559
-9.851679
-9.982610
-10.030521
-10.060239
-10.146633
-10.239827
-10.126613
-9.934760
-9.759296
-9.532098
-9.539521
-9.624267
-9.645474
-9.700723
-9.650519
-9.564669
-9.518100
-9.460376
-9.449860
-9.458363
-9.453595
-9.457091
-9.404211
-9.329811
-9.266291
-9.191347
-9.167365
-9.160867
-9.140431
-9.127653
-9.095048
-9.056119
-9.025862
-8.994232
-8.962239
-8.930366
-8.897157
-8.863397
-8.831048
-8.798900
-8.766111
-8.733292
-8.695991
-8.656702
-8.617570
-8.577099
-8.537494
-8.497646
-8.456376
-8.414478
-8.402006
-8.401609
-8.399283
-8.404911
-8.402384
-8.399909
-8.406004
-8.414907
-8.376787
-8.320881
-8.269978
-8.207889
-8.162430
-8.119335
-8.063983
-8.006286
-7.934817
-7.855091
-7.773432
-7.685624
-7.640120
-7.609531
-7.570736
-7.539918
-7.550109
-7.580618
-7.617552
-7.671083
-7.592590
-7.466380
-7.363093
-7.233221
-7.249853
-7.318791
-7.354073
-7.415059
-7.364628
-7.275271
-7.217058
-7.142058
-7.110195
-7.092119
-7.055052
-7.020933
-6.969948
-6.911157
-6.855994
-6.796931
-6.753048
-6.714179
-6.670648
-6.629090
-6.544122
-6.441115
-6.341986
-6.231456
-6.232786
-6.276781
-6.304182
-6.356361
-6.361604
-6.356729
-6.379396
-6.404070
-6.331813
-6.222170
-6.119003
-5.990808
-5.896313
-5.805115
-5.686607
-5.561592
-5.567707
-5.623676
-5.667038
-5.742284
-5.771372
-5.794425
-5.852374
-5.917454
-5.847827
-5.727920
-5.621481
-5.482946
-5.394314
-5.313300
-5.197018
-5.074583
-5.029977
-5.011868
-4.983755
-4.972044
-4.925034
-4.869631
-4.832649
-4.795834
-4.850081
-4.945103
-5.036519
-5.155150
-5.060672
-4.887889
-4.752438
-4.573612
-4.468119
-4.377457
-4.239028
-4.094990
-4.125465
-4.222509
-4.305842
-4.433015
-4.345770
-4.186384
-4.081515
-3.943333
-3.894266
-3.873278
-3.814397
-3.761985
-3.741206
-3.732905
-3.729638
-3.737710
-3.794800
-3.878595
-3.972054
-4.087330
-3.996758
-3.829845
-3.694468
-3.514938
-3.405426
-3.308354
-3.162808
-3.009881
-2.994470
-3.028980
-3.049534
-3.102105
-3.074031
-3.025170
-3.012817
-2.997718
-2.957267
-2.908606
-2.858486
-2.801214
-2.758515
-2.718510
-2.670462
-2.621797
-2.603137
-2.596103
-2.587073
-2.585819
-2.574282
-2.561803
-2.557801
-2.555876
-2.539642
-2.519192
-2.501575
-2.481672
-2.469749
-2.460451
-2.448465
-2.437411
-2.390699
-2.328968
-2.269716
-2.200705
-2.065713
-1.898336
-1.723720
-1.523862
-1.509392
-1.561207
-1.578842
-1.632626
-1.615517
-1.581563
-1.587816
-1.595775
-1.546227
-1.477268
-1.412875
-1.335239
-1.285279
-1.241374
-1.182602
-1.123273
-1.129618
-1.162072
-1.190999
-1.237615
-1.158839
-1.034625
-0.934100
-0.809084
-0.797762
-0.825850
-0.823870
-0.839605
-0.811865
-0.770745
-0.749597
-0.726072
-0.680018
-0.625379
-0.569410
-0.506467
-0.452775
-0.399609
-0.338815
-0.276001
-0.234541
-0.200413
-0.163213
-0.130403
-0.088214
-0.043765
-0.004241
0.035240
0.034495
0.016092
-0.000660
-0.029244
0.046064
0.160208
0.257637
0.377155
0.399797
0.389800
0.406711
0.409520
0.451565
0.506546
0.545449
0.587728
0.624892
0.659760
0.698215
0.736578
0.774510
0.812595
0.850632
0.888675
0.920981
0.950845
0.980961
1.009432
1.039286
1.068984
1.096922
1.124184
1.153630
1.183501
1.212564
1.241715
1.269170
1.295858
1.322704
1.349077
1.384332
1.423161
1.461120
1.501324
1.538977
1.576505
1.616461
1.657120
1.696679
1.736357
1.776831
1.817581
1.859994
1.903327
1.946882
1.991139
1.983419
1.953935
1.927420
1.886466
1.892804
1.912812
1.915858
1.923100
1.974809
2.045608
2.118699
2.206420
2.282191
2.359976
2.453439
2.553250
2.628041
2.696820
2.773375
2.847772
2.938939
3.037054
3.132274
3.231294
3.180190
3.066683
2.963559
2.819713
2.897985
3.052784
3.155935
3.296492
3.297939
3.252255
3.250880
3.231541
3.286058
3.368274
3.429063
3.501536
3.526919
3.535471
3.557978
3.573549
3.605072
3.641610
3.670392
3.699913
3.729693
3.759109
3.789218
3.819477
3.848030
3.876000
3.904206
3.932059
3.960499
3.989047
4.017207
4.045314
4.073018
4.100484
4.127910
4.155165
4.181882
4.208284
4.234533
4.260512
4.286449
4.312225
4.337722
4.363022
4.407642
4.460361
4.512040
4.569117
4.621237
4.673669
4.731894
4.792205
4.847136
4.901369
4.958039
5.014849
5.005429
4.968153
4.933896
4.880858
4.919394
4.988413
5.034066
5.093757
5.114478
5.122722
5.146993
5.168110
5.192089
5.217506
5.239661
5.261406
5.284322
5.307198
5.329572
5.351839
5.407487
5.477235
5.545428
5.623102
5.624608
5.597983
5.584443
5.555224
5.590942
5.648328
5.686788
5.734224
5.755103
5.766886
5.788956
5.808328
5.832421
5.858347
5.881360
5.904491
5.927041
5.949091
5.971265
5.993198
6.016367
6.039962
6.063253
6.086746
6.109748
6.132604
6.155687
6.178745
6.200920
6.222731
6.244557
6.266126
6.287956
6.309777
6.331320
6.352769
6.378250
6.405374
6.432224
6.460154
6.486934
6.513701
6.541633
6.569934
6.595080
6.619178
6.643804
6.667828
6.693316
6.719201
6.744405
6.769661
6.780623
6.785455
6.790950
6.792343
6.797044
6.801301
6.801173
6.799321
6.789260
6.774434
6.758142
6.738125
6.849159
7.014052
7.169427
7.359869
7.340137
7.246402
7.197952
7.111838
7.141307
7.207101
7.229282
7.262167
7.278502
7.288194
7.309333
7.330478
7.352556
7.376246
7.399993
7.424617
7.444097
7.461804
7.480643
7.498589
7.518625
7.539252
7.558872
7.578563
7.574729
7.560813
7.547975
7.528380
7.567294
7.628051
7.679299
7.742933
7.706991
7.633478
7.577004
7.499629
7.577291
7.712932
7.820388
7.959437
7.967106
7.930693
7.932426
7.915820
7.952304
8.006824
8.040375
8.079076
8.084332
8.075549
8.073375
8.063891
8.089221
8.126639
8.155042
8.188961
8.199423
8.201534
8.210295
8.215487
8.228840
8.244696
8.256561
8.268764
8.275960
8.280763
8.286100
8.290012
8.279784
8.262928
8.245211
8.222525
8.255983
8.310909
8.358264
8.418403
8.459991
8.498875
8.551732
8.607302
8.637845
8.660489
8.687132
8.709126
8.743957
8.782495
8.815698
8.849727
8.830723
8.788975
8.750328
8.696725
8.683304
8.680300
8.660107
8.641737
8.677084
8.734321
8.790993
8.863369
8.898882
8.926008
8.970977
9.015704
8.897569
8.711912
8.533168
8.308480
8.497080
8.840733
9.119062
9.486018
9.458904
9.298729
9.246770
9.136776
9.131846
9.155885
9.116175
9.074042
9.090695
9.124476
9.152706
9.192825
9.197183
9.191308
9.199239
9.204461
9.211575
9.219686
9.225022
9.229846
9.235825
9.241763
9.247097
9.252278
9.316193
9.404965
9.491040
9.593835
9.561589
9.479431
9.420383
9.333479
9.368647
9.445150
9.437670
9.426752
9.417952
9.399549
9.376827
9.347993
9.373119
9.417884
9.453960
9.501256
9.533952
9.564774
9.607770
9.653523
9.660473
9.653494
9.651138
9.640112
9.644760
9.652505
9.650637
9.647789
9.662114
9.682270
9.700595
9.722692
9.736803
9.749089
9.765610
9.782232
9.774008
9.755708
9.738618
9.714691
9.698160
9.681700
9.657853
9.631679
9.678830
9.755308
9.826158
9.916119
9.907268
9.864733
9.846198
9.811626
9.829807
9.865461
9.882430
9.905223
9.907372
9.901486
9.902371
9.900186
9.889289
9.873963
9.855888
9.833646
9.853523
9.889077
9.918479
9.957071
9.961250
9.954441
9.958579
9.958582
9.973722
9.994525
10.010481
10.028631
9.987963
9.922782
9.862371
9.786274
9.822896
9.900635
9.957313
10.036235
10.042540
10.026140
10.035729
10.038047
10.044883
10.052987
10.053576
10.052039
10.052223
10.051347
10.048138
10.043621
10.034421
10.022368
10.009145
9.993592
10.000209
10.015044
10.026501
10.042719
10.051016
10.057814
10.069857
10.082589
10.055054
10.011263
9.969965
9.917846
9.935146
9.977176
10.005031
10.045795
10.073360
10.099856
10.140172
10.184469
10.217548
10.249182
10.285532
10.322023
10.377074
10.440588
10.254524
9.968196
10.005239
10.106462
10.087970
10.082856
10.075396
10.060530
10.058662
10.058607
10.063162
10.071904
10.082427
10.096157
10.084840
10.064556
10.048688
10.027844
10.016629
10.007648
9.993137
9.978338
9.951490
9.918795
9.886278
9.849821
9.814348
9.777467
9.736466
9.693157
9.844575
10.077331
10.299269
10.575339
10.519176
10.345870
10.242840
10.079636
10.089548
10.152365
10.145987
10.153289
10.083180
9.979218
9.892204
9.788342
9.804332
9.865218
9.903629
9.966207
9.988976
10.003751
10.045081
10.089749
10.088691
10.072553
10.062052
10.042041
10.044268
10.052097
10.049168
10.046641
10.042071
10.035682
10.029711
10.022850
10.013619
10.003006
9.991577
9.978902
9.970500
9.963245
9.954510
9.946136
9.935307
9.923445
9.912051
9.900112
9.873898
9.841405
9.808967
9.772098
9.738319
9.703784
9.664530
9.623241
9.672815
9.759596
9.840317
9.945515
9.904159
9.811273
9.749997
9.662504
9.686081
9.747979
9.778201
9.824664
9.829056
9.819803
9.828925
9.835015
9.829061
9.818508
9.805482
9.787974
9.776076
9.764202
9.747426
9.729171
9.714852
9.700997
9.685400
9.669696
9.650167
9.628775
9.607424
9.584812
9.580878
9.584305
9.585622
9.591469
9.584252
9.573376
9.567735
9.561223
9.545640
9.526344
9.506579
9.483914
9.481422
9.486104
9.486911
9.491567
9.481268
9.465998
9.455326
9.442699
9.436151
9.431761
9.425121
9.419178
9.412193
9.404853
9.398261
9.391712
9.385393
9.379270
9.373187
9.367238
9.354745
9.339535
9.324745
9.308169
9.293316
9.278404
9.261570
9.244074
9.226966
9.209509
9.191334
9.172731
9.152831
9.132103
9.110981
9.089167
9.108155
9.144138
9.177641
9.222374
9.236986
9.243782
9.263482
9.281819
9.223815
9.134057
9.046282
8.936387
8.893850
8.869817
8.819998
8.775010
8.775147
8.794019
8.815742
8.852235
8.874556
8.898070
8.937507
8.982779
8.996138
9.000338
9.012080
9.019360
9.044670
9.076360
9.102713
9.131694
9.079182
8.992660
8.912330
8.810069
8.822359
8.873769
8.897587
8.940125
8.903794
8.839756
8.798279
8.745065
8.720274
8.704464
8.675461
8.648061
8.645198
8.652130
8.659560
8.674390
8.680801
8.687150
8.701526
8.718398
8.701903
8.673230
8.648643
8.616554
8.656229
8.723358
8.779659
8.851817
8.777559
8.647285
8.539653
8.399901
8.398092
8.442322
8.447535
8.472328
8.577566
8.722077
8.787691
8.846657
9.185160
8.565809
8.512049
8.279684
8.240654
8.260082
8.208681
8.175009
8.174647
8.189266
8.220237
8.268715
8.258800
8.233974
8.229917
8.221527
8.248701
8.291176
8.327797
8.372863
8.366271
8.341036
8.326724
8.302853
8.297691
8.297167
8.286029
8.274528
8.181447
8.052359
7.926329
7.776089
7.838511
7.980400
8.088082
8.240967
8.198207
8.089762
8.036274
7.954670
7.952732
7.977335
7.969836
7.969553
7.937267
7.891347
7.854019
7.810570
7.771989
7.733521
7.688575
7.641440
7.728476
7.870890
8.005202
8.176226
8.087293
7.904095
7.770044
7.585203
7.604613
7.692334
7.719064
7.773483
7.745399
7.688726
7.663788
7.630220
7.673333
7.748391
7.811461
7.892520
7.787999
7.611675
7.461878
7.270069
7.307681
7.426032
7.491213
7.595899
7.613416
7.606726
7.644267
7.680053
7.638166
7.567092
7.497902
7.407611
7.347843
7.291375
7.211763
7.127081
7.127824
7.160090
7.183240
7.226329
7.141562
7.010769
6.906057
6.777336
6.800670
6.880214
6.928555
7.006062
7.031966
7.046278
7.092756
7.142026
7.144395
7.131523
7.123817
7.106201
7.047313
6.966768
6.877784
6.770691
6.816274
6.917441
6.993211
7.100389
7.039695
6.919602
6.839058
6.729729
6.727199
6.760811
6.760336
6.773603
6.739347
6.687700
6.652055
6.610039
6.601261
6.605335
6.601506
6.603857
6.596976
6.588227
6.586209
6.585203
6.571579
6.553774
6.537614
6.518857
6.477126
6.424576
6.370344
6.307892
6.347761
6.427136
6.493579
6.583868
6.514714
6.387524
6.291789
6.165358
6.165933
6.209495
6.216055
6.240464
6.214675
6.171973
6.149618
6.122679
6.104249
6.089445
6.069691
6.050432
6.030932
6.011037
5.991625
5.972208
5.951085
5.929285
5.907557
5.885362
5.863721
5.842105
5.819982
5.797713
5.788392
5.784458
5.779811
5.778757
5.774273
5.769937
5.769462
5.770336
5.744311
5.707880
5.674037
5.633570
5.644150
5.673619
5.694052
5.724897
5.705608
5.668909
5.645079
5.613257
5.600665
5.593873
5.578082
5.563216
5.550430
5.538008
5.526382
5.515487
5.502244
5.488429
5.475477
5.462376
5.443736
5.422759
5.401874
5.379347
5.358282
5.337080
5.314116
5.290492
5.280596
5.276045
5.270206
5.267777
5.260867
5.253511
5.249870
5.247124
5.240202
5.232316
5.225568
5.218410
5.214229
5.211243
5.207713
5.204827
5.191864
5.174858
5.158948
5.140543
5.125024
5.109680
5.091637
5.072833
5.017634
4.946306
4.875738
4.794082
4.836226
4.925932
4.998828
5.099968
5.065929
4.985826
4.940656
4.874450
4.862533
4.867559
4.848745
4.833475
4.795266
4.746434
4.702070
4.652199
4.686064
4.753451
4.811563
4.890304
4.861186
4.794859
4.754464
4.696245
4.680798
4.677942
4.654998
4.633936
4.647071
4.673511
4.700265
4.737009
4.594937
4.381494
4.186104
3.946016
4.009919
4.184134
4.299115
4.472775
4.536100
4.573703
4.676335
4.782901
4.667243
4.465760
4.278446
4.033411
4.088026
4.244591
4.328598
4.461237
4.417388
4.313549
4.267086
4.198235
4.178852
4.176102
4.148501
4.123358
4.144217
4.183168
4.222484
4.275305
4.243100
4.181085
4.136718
4.076888
3.998491
3.906816
3.800074
3.678733
3.738544
3.866998
3.972408
4.119363
4.068866
3.951381
3.885232
3.788627
3.772048
3.780685
3.754752
3.734400
3.728375
3.727400
3.731310
3.741183
3.705601
3.653990
3.610549
3.558260
3.563250
3.589330
3.603846
3.629391
3.635182
3.636513
3.650019
3.664524
3.605865
3.517831
3.434083
3.330646
3.390739
3.511641
3.576240
3.662693
3.739426
3.493469
3.447431
3.334211
3.341984
3.390928
3.402427
3.430098
3.402898
3.355964
3.327839
3.292660
3.274713
3.262785
3.242960
3.224420
3.174428
3.110820
3.049835
2.980255
2.917130
2.853003
2.779720
2.702756
2.722768
2.781349
2.831864
2.907289
2.952972
2.996819
3.067671
3.146003
3.117312
3.049447
2.994155
2.914523
2.876028
2.844962
2.787026
2.725494
2.723545
2.742419
2.754788
2.780456
2.756057
2.715898
2.691614
2.661396
2.643209
2.629042
2.608341
2.588017
2.563981
2.537850
2.512217
2.485422
2.498213
2.527355
2.553591
2.590444
2.545929
2.471460
2.411467
2.334981
2.329965
2.349163
2.348322
2.357868
2.338928
2.310614
2.294121
2.275250
2.259556
2.245352
2.228642
2.211899
2.195713
2.179483
2.163175
2.146874
2.134589
2.124008
2.113259
2.103662
2.093073
2.082584
2.073329
2.064541
2.059146
2.055544
2.052289
2.050382
2.048463
2.047207
2.047349
2.048395
2.036386
2.019394
2.003912
1.985355
1.971236
1.957725
1.940851
1.923301
1.932688
1.952864
1.971152
1.996544
1.959532
1.899096
1.848690
1.784968
2.008078
2.348057
2.056387
1.581090
1.643135
1.780882
1.700356
1.619331
1.598511
1.579961
1.556563
1.538540
1.528334
1.523459
1.523774
1.529623
1.548765
1.576706
1.609844
1.650724
1.618737
1.559924
1.512309
1.449171
1.463401
1.504461
1.526207
1.560500
1.564801
1.560176
1.569679
1.577834
1.583574
1.589151
1.593549
1.597113
1.604256
1.612406
1.619529
1.627066
1.597605
1.552486
1.509382
1.455882
1.411433
1.366178
1.309785
1.249234
1.239500
1.248260
1.250436
1.263858
1.257685
1.247748
1.250244
1.254192
1.257592
1.262756
1.269546
1.277795
1.261244
1.234996
1.211342
1.181621
1.176988
1.180462
1.176595
1.176060
1.164514
1.149068
1.137487
1.124557
1.117252
1.112118
1.105375
1.099560
1.092278
1.084636
1.078005
1.071481
1.058921
1.043950
1.029357
1.013157
0.998825
0.984575
0.968583
0.952085
0.948180
0.949211
0.949162
0.952301
0.951386
0.950125
0.952329
0.955417
0.912180
0.850014
0.790786
0.719033
0.776279
0.882856
0.970928
1.087903
1.044138
0.943563
0.879691
0.787793
0.756493
0.741730
0.695634
0.650374
0.658726
0.686964
0.713504
0.754319
0.773469
0.789909
0.822046
0.857298
0.780348
0.658779
0.545396
0.402707
0.449651
0.564417
0.640735
0.752555
0.751686
0.715434
0.720487
0.714601
0.665211
0.596557
0.518784
0.423497
0.433490
0.479108
0.501983
0.543024
0.438607
0.278402
0.143093
-0.023169
0.179089
0.526283
0.825745
1.211838
1.070939
0.741348
0.523778
0.209646
0.243767
0.392680
0.427510
0.504467
0.439889
0.322750
0.254416
0.167230
0.188382
0.251966
0.291751
0.352766
0.359981
0.351733
0.367592
0.380765
0.367959
0.345393
0.321358
0.289374
0.268432
0.248309
0.219468
0.188471
0.188600
0.200038
0.207832
0.222672
0.207791
0.183180
0.167115
0.146979
0.146170
0.152583
0.154016
0.158761
0.157566
0.154868
0.155815
0.156979
0.119375
0.065764
0.014079
-0.048394
-0.005203
0.078096
0.145689
0.236582
0.201140
0.121199
0.070701
-0.001501
-0.025876
-0.036954
-0.072327
-0.106740
-0.112056
-0.107114
-0.102628
-0.090447
-0.091748
-0.095226
-0.090162
-0.083912
-0.100334
-0.124942
-0.147277
-0.174882
-0.193295
-0.210027
-0.232592
-0.255878
