-0.400633
-0.159328
-0.014698
0.196963
0.358515
0.519919
0.752105
1.009032
0.504120
-0.305864
-1.056825
-2.006303
-1.611699
-0.731970
-0.115223
0.759287
0.827068
0.644531
0.761515
0.803218
0.388426
-0.224164
-0.892619
-1.725875
-1.470386
-0.834783
-0.417162
0.201122
0.468260
0.656938
1.066744
1.496688
0.897183
-0.107497
-1.045188
-2.253252
-2.043138
-1.349199
-0.995758
-0.410301
0.116702
0.691504
1.094054
1.439520
1.385422
1.116321
0.803988
0.330196
-0.253656
-0.964579
-1.762209
-2.667934
-2.655475
-1.463056
-0.889203
0.071623
1.041378
2.130773
2.409393
2.400041
2.314667
1.976146
1.821252
1.617814
0.446654
-1.139572
-2.424106
-3.877247
-3.602092
-2.638617
-1.950324
-0.873557
-0.177491
0.509493
1.612842
2.848784
2.983326
2.755448
2.745574
2.541998
1.743712
0.624692
0.662367
-1.576700
-2.209416
-3.103064
-3.095612
-2.656925
-2.047348
-1.769291
-0.659600
0.666691
1.186839
1.553536
2.169151
2.733409
2.912184
2.437104
2.197768
1.711518
0.913148
-0.108771
-1.316496
-2.741089
-3.080038
-3.078351
-3.349444
-3.462020
-3.255772
-2.868467
-2.332984
-1.615845
-0.856982
0.020452
1.085309
2.289895
2.901440
3.345974
3.962211
4.510446
4.196404
3.501780
2.775305
1.765627
1.356453
1.066707
-0.683632
-2.935898
-2.999436
-2.521545
-3.049143
-2.788946
-3.018698
-3.194221
-3.158503
-3.059370
-2.443310
-1.555213
-0.622080
0.512432
1.542326
2.626844
3.924692
5.327831
5.323067
4.791175
4.430675
3.747000
3.355611
2.955293
2.217241
1.362249
0.550300
-0.333896
-0.986414
-2.256243
-2.891636
-3.521824
-4.235982
-4.916249
-4.892897
-4.563168
-4.229361
-3.675741
-3.201311
-2.657138
-1.784510
-0.747827
-0.397762
0.688177
2.157270
2.746170
3.412469
3.739802
4.191631
4.545785
4.559194
4.395028
5.119824
3.960581
4.651396
3.768999
3.538932
3.045102
2.247096
1.265135
0.231832
-0.941731
-1.885436
-2.473456
-3.397721
-4.274040
-4.472177
-4.394888
-4.336293
-4.084771
-4.039663
-3.993954
-3.739783
-3.418487
-2.921169
-2.295423
-1.606125
-0.810964
0.016447
0.913919
1.920092
3.008763
3.440332
3.642475
3.959213
4.147620
4.606889
5.133406
5.507882
5.877860
5.657700
5.074104
4.628046
4.007711
3.090302
2.800555
1.580969
0.848579
0.178433
-0.335381
-0.957707
-1.546354
-3.116439
-5.099830
-4.187460
-3.407981
-4.072746
-5.107676
-5.281344
-5.414942
-5.597458
-5.568477
-5.556259
-5.457242
-5.100913
-4.596199
-4.026400
-3.332125
-2.618305
-1.830946
-0.915059
0.092047
0.741429
1.294955
1.959355
2.588132
3.428252
4.353345
5.233332
6.156325
6.410911
6.396469
6.190208
5.705482
6.928628
5.770281
5.872917
5.576945
5.087289
4.461952
3.769653
2.964770
2.358831
1.777694
1.070904
0.343338
-0.000621
-0.204397
-0.875010
-1.637949
-1.968530
-2.207843
-3.643028
-3.503442
-3.901925
-4.362665
-4.851910
-5.439434
-5.245752
-6.920840
-7.972779
-6.402939
-6.668162
-6.419613
-5.798102
-4.971449
-4.581933
-4.242794
-3.669488
-3.066439
-2.513234
-1.942503
-1.336974
-0.713703
0.020255
0.813309
1.620232
2.472471
2.951296
3.293939
3.699701
4.028963
4.480069
4.953854
5.343696
5.721351
5.945403
6.089497
6.226931
6.307797
6.391777
6.449868
6.480481
6.487601
6.010552
5.313573
6.001306
4.455759
4.334284
3.918829
3.171569
2.296158
1.848656
1.488039
1.179685
0.979596
-0.970632
-1.308484
-2.128254
-2.582818
-3.154866
-3.656791
-4.113861
-4.531425
-5.042920
-5.571120
-6.054018
-6.535414
-6.780522
-6.919588
-7.078215
-7.170452
-7.217221
-7.215604
-7.648547
-7.275772
-7.252552
-7.046511
-6.809202
-6.509931
-6.184879
-5.816510
-5.384862
-4.903261
-4.432036
-3.935117
-3.385537
-2.802608
-2.151077
-1.449151
-0.715243
0.063153
0.627243
1.124379
1.655314
2.146562
2.764496
3.178410
3.679469
4.135416
4.550955
4.937388
5.306440
5.650178
5.976966
6.282838
6.563100
6.820867
6.919168
6.936362
6.936944
6.875564
6.823968
6.745740
6.602817
6.420923
6.280140
6.131737
5.940705
5.732317
5.467543
5.166130
4.848843
4.501662
4.127786
3.726862
3.296016
2.836938
2.779583
2.876763
2.086704
1.034082
0.667247
0.375223
-0.547747
-1.011680
-1.697152
-2.328589
-3.023032
-3.742422
-4.085481
-4.286774
-4.912687
-4.024703
-4.775612
-5.559397
-6.001479
-6.487115
-6.813645
-7.056705
-5.893232
-8.367304
-7.224581
-8.104552
-8.109792
-8.307718
-8.467933
-8.007286
-7.849704
-7.526138
-7.271543
-7.000605
-6.720419
-6.435943
-5.686422
-5.570622
-6.096863
-5.289302
-4.580374
-4.694468
-4.097233
-3.593452
-3.613101
-3.015017
-2.781683
-2.469497
-2.114365
-1.742630
-1.383544
-1.017512
-0.222270
0.757516
1.725885
2.821325
3.172796
3.266049
3.517748
3.637083
4.055010
4.498011
4.823536
5.142443
5.435824
5.702803
5.969375
6.220700
6.408843
6.562914
6.703921
6.816713
6.854785
6.846458
6.957274
7.089130
7.180528
7.277187
7.398317
7.528040
7.592125
7.634899
7.689594
7.732424
7.592697
7.370995
7.148392
6.867661
6.225735
5.402787
5.401122
5.334383
4.994838
4.595687
4.393906
4.219287
3.915019
3.589213
3.298682
2.999339
2.608853
2.179191
1.744618
1.279945
1.469360
1.922462
1.114059
-0.038283
-0.244640
-0.343236
-0.802680
-1.264996
-1.682079
-2.119472
-2.564656
-3.017883
-3.453636
-3.886548
-4.328600
-4.771361
-4.924729
-4.956262
-5.771827
-6.833259
-6.908055
-6.761276
-6.917782
-6.995027
-6.977908
-6.915610
-7.043120
-7.220229
-7.445119
-7.401313
-7.590859
-7.758840
-7.798237
-7.797527
-8.040606
-8.355005
-7.442094
-8.544821
-8.414799
-8.574841
-8.282041
-7.801953
-7.772495
-7.799063
-7.496570
-7.128034
-6.835262
-6.508935
-6.446729
-6.489203
-6.486157
-6.540764
-6.178793
-5.661767
-5.237314
-4.735479
-4.365608
-4.025427
-4.279253
-3.508707
-2.842939
-1.804618
-1.993570
-2.541234
-2.002381
-1.299272
-0.887587
-0.407880
-0.250224
-0.527684
0.359991
1.505425
1.637218
1.581875
1.879421
2.132092
2.525642
2.995475
3.415585
3.865202
4.283928
4.698073
5.143700
5.597304
5.780860
5.856582
5.952455
5.977776
6.243434
6.580428
6.834185
7.111402
7.275678
7.394078
7.536226
7.655022
7.834647
8.031727
7.991468
8.269820
8.286248
8.315403
8.341342
8.344140
8.350198
8.346459
8.318599
8.276231
8.207447
8.118071
8.014622
7.892738
7.756335
7.603625
7.432346
7.243987
7.341282
7.550152
7.728878
7.977310
7.808914
7.492633
7.249846
6.924891
6.846548
6.842416
6.015093
6.297606
5.821933
5.456571
5.083082
4.677545
4.456345
4.297701
4.097869
3.929346
3.683512
3.415092
3.182089
2.945384
2.595642
2.199819
1.805319
1.377819
0.984930
0.591442
0.162312
-0.278599
-0.604334
-0.890356
-1.193823
-1.473907
-1.810376
-2.161726
-2.486578
-2.813100
-3.085089
-3.331852
-3.656417
-3.996492
-4.227779
-4.428284
-4.650152
-4.855165
-5.379213
-6.033374
-5.742652
-5.144639
-2.658653
-7.092907
-6.084001
-7.156165
-7.575535
-6.798617
-7.108697
-7.251571
-7.472950
-7.764478
-7.992998
-8.235893
-8.243005
-7.692295
-8.214903
-8.907835
-8.894840
-8.774943
-8.920965
-9.055290
-9.127581
-9.196152
-9.209640
-9.191377
-9.223280
-9.255816
-9.210285
-9.137146
-9.324585
-9.125916
-9.148144
-9.111020
-9.056032
-8.989020
-8.915749
-8.832288
-8.685394
-8.506070
-8.318884
-8.106439
-7.881738
-7.639153
-7.494391
-7.381575
-6.608676
-6.959608
-6.828620
-6.949323
-5.761153
-6.466546
-6.023206
-5.839837
-5.623892
-5.394272
-5.162253
-4.919355
-4.653357
-4.372177
-4.080713
-3.775314
-3.513595
-3.262843
-2.995700
-2.731346
-2.438113
-2.132164
-1.830218
-1.520958
-1.393692
-1.340862
-1.272645
-1.252034
-1.075951
-0.854394
-0.969863
-1.190963
-0.310551
-0.212113
0.366970
0.900762
1.335301
1.757280
2.269456
2.803615
3.054306
3.204235
3.389859
3.513435
3.753640
4.018173
4.213733
4.403695
4.658147
4.930113
5.192955
5.466952
5.769656
6.088836
6.418252
6.762785
6.920592
7.007116
7.105535
7.155839
7.921575
8.970438
7.971830
7.324655
7.702875
8.465277
8.191668
8.771756
8.701364
8.644547
8.640692
8.596855
8.706175
8.867534
8.981322
9.115473
9.186218
9.234489
9.306194
9.370625
9.372306
9.346360
9.321249
9.276902
9.205935
9.114716
9.247801
8.996907
8.868436
8.635870
8.397303
8.120366
8.436766
8.987013
9.409658
9.950421
10.112050
9.458944
9.325325
8.990805
8.951772
8.999330
8.960882
8.957706
8.449459
7.733727
9.456921
7.490806
7.891655
7.829039
7.734355
7.659477
7.521826
7.363350
7.227828
7.085667
6.967696
6.859336
6.743244
6.630927
6.477995
6.308732
6.145066
5.971829
5.834181
5.707784
5.591355
5.488208
5.087073
4.566424
5.021203
3.980180
3.865102
3.546346
3.188739
2.817203
2.636536
2.526442
2.393390
2.303852
2.143204
1.970260
1.845244
1.727328
1.415524
1.029623
0.659814
0.241598
-0.113200
-0.461995
-0.827312
-1.190130
-1.596832
-1.618566
-1.857978
-2.014257
-2.257956
-2.522945
-2.744573
-2.966985
-3.253796
-3.563785
-3.249611
-2.687538
-5.794634
-3.335544
-4.271441
-4.432033
-4.590544
-4.744344
-4.891259
-5.032817
-5.166618
-5.293880
-5.415876
-5.531744
-5.680364
-5.839491
-5.990822
-6.147228
-6.288337
-6.424491
-6.566496
-6.707048
-6.755368
-6.764383
-6.899011
-7.058901
-6.774952
-7.702050
-7.920318
-8.357496
-8.513820
-8.578167
-8.568588
-8.454712
-8.618697
-8.844208
-8.949188
-9.061135
-9.204404
-9.351501
-9.503505
-9.662706
-9.779168
-9.881337
-9.984412
-10.076648
-10.282046
-10.436488
-10.626538
-10.819842
-10.054733
-8.887118
-9.788411
-11.279914
-10.455240
-9.140696
-9.770523
-10.752856
-10.534680
-10.176768
-10.250972
-10.316437
-10.334595
-10.374286
-10.410403
-10.450082
-10.488619
-10.527962
-10.571012
-10.615895
-10.481560
-10.272219
-10.072533
-9.822829
-9.619431
-9.413319
-9.153510
-8.874485
-8.732522
-8.634187
-8.509624
-8.408859
-8.478397
-8.628773
-8.796233
-9.026877
-8.912348
-8.682367
-8.516618
-8.287546
-8.331207
-8.468041
-7.809073
-8.265799
-7.991761
-7.845348
-7.710661
-7.563389
-7.418872
-7.270872
-7.109820
-6.941873
-6.909977
-6.931358
-6.803042
-6.650402
-7.098220
-6.248767
-6.184976
-5.911146
-5.757034
-5.638627
-5.472704
-5.315972
-5.176996
-5.044852
-4.921078
-4.805948
-4.622985
-4.416095
-4.221144
-4.012877
-3.831718
-3.657118
-3.467660
-3.277824
-3.040236
-2.780579
-2.522472
-2.249626
-1.986675
-1.721191
-1.440036
-1.152073
-0.941672
-0.759424
-0.566661
-0.390829
-0.324936
-0.312644
-0.044237
0.296387
0.411885
0.492555
0.659723
0.823537
0.960239
1.092992
1.224128
1.349856
1.540965
1.757188
1.964979
2.187876
2.407727
2.632468
2.837572
3.036288
3.177138
3.288292
3.480109
3.686206
3.419314
3.915001
3.925464
4.036737
4.192105
4.362095
4.525701
4.698112
4.849683
4.995837
5.151954
5.307564
5.440165
5.563794
5.687970
5.805738
5.931613
6.057993
6.177395
6.294922
6.442697
6.601727
6.735208
6.866296
7.145347
7.483528
6.824787
7.683680
7.639441
7.816542
7.990384
8.170931
8.240043
8.264536
8.378320
8.497388
8.604599
8.718695
8.839483
8.965089
9.059875
9.144514
9.235523
9.321224
9.453691
9.604243
9.747335
9.900679
10.000767
10.082209
10.176500
10.261883
10.274680
10.253777
10.226884
10.173963
10.134137
10.087051
10.012411
9.924031
10.068371
10.302378
10.527713
10.816020
10.709788
10.464272
11.002660
10.418896
10.596553
10.655345
10.666311
10.681852
10.653952
10.604648
10.561573
10.506518
10.537293
10.599634
10.599499
10.596662
10.839617
10.660799
10.752872
10.788587
10.711214
10.587997
10.471052
10.323319
10.207508
10.091515
9.951447
9.786898
9.764506
9.788581
9.795817
9.832717
9.817336
9.791827
9.799145
9.810149
9.794956
9.773820
9.757890
9.738615
9.739061
9.746881
9.750431
9.757708
9.695724
9.605563
9.522214
9.421224
9.339250
9.257822
9.157368
9.051088
8.974044
8.904695
8.827904
8.754648
8.662151
8.562336
8.466951
8.367985
8.229126
8.072085
7.913091
7.740520
7.534271
7.307122
7.164297
7.043991
6.760154
6.426218
6.901903
6.185015
6.501724
6.785100
7.061045
7.427655
7.232820
6.840793
6.566767
6.191092
6.034643
5.936336
5.724291
5.514309
5.373246
5.250430
5.125876
5.016431
4.857917
4.685420
4.530666
4.371713
4.264380
4.178921
4.087031
4.008121
3.764587
3.456409
3.168713
2.842009
2.673832
2.556998
2.393109
2.250046
2.038008
1.801397
1.588944
1.367951
1.217892
1.096572
0.963545
0.846516
0.715455
0.584681
0.472251
0.366274
0.275502
0.196166
0.179458
0.087869
0.065157
0.043293
-0.301491
-0.775986
-0.843447
-0.832694
-0.976329
-1.105904
-1.270622
-1.460053
-1.634640
-1.818213
-1.939872
-2.037825
-2.147632
-2.244817
-2.360997
-2.480600
-2.586413
-2.689974
-2.896161
-3.143501
-3.383974
-3.651678
-3.728504
-3.736146
-3.780151
-3.786996
-3.947870
-4.160721
-4.328753
-4.518380
-4.646653
-4.754195
-4.886381
-5.012841
-4.966305
-4.846085
-5.411750
-6.216408
-2.997526
-5.892240
-5.016318
-4.974863
-5.167262
-5.450936
-5.712753
-6.032804
-6.277104
-6.514146
-6.814564
-7.130527
-7.230886
-7.253502
-7.302009
-7.302270
-7.370078
-7.446761
-7.470795
-7.483738
-7.610952
-7.776017
-7.924255
-8.095171
-8.212062
-8.314812
-8.443233
-8.570228
-8.629434
-8.661847
-8.695911
-8.710944
-8.770250
-8.839649
-8.911044
-8.992706
-8.852153
-8.622071
-9.699104
-9.253725
-9.554286
-9.597229
-9.744679
-9.894859
-9.938145
-9.948295
-9.966711
-9.961796
-10.025625
-10.108645
-9.895466
-9.572527
-10.875380
-9.781195
-10.152051
-10.195148
-10.217239
-10.231932
-10.252562
-10.270026
-10.329246
-10.405378
-10.476481
-10.557790
-10.600600
-10.631279
-10.674143
-10.712431
-10.749632
-10.785516
-10.908541
-11.067913
-10.685626
-11.123669
-11.060631
-11.111446
-11.143165
-11.167053
-11.192253
-11.212319
-11.418557
-11.701745
-11.621115
-11.441454
-11.492459
-11.556679
-11.505550
-11.435958
-11.333863
-11.197072
-11.168724
-11.166818
-11.195114
-11.260137
-11.308386
-11.369907
-11.418722
-11.466574
-11.528579
-11.594808
-11.604031
-11.592475
-11.697152
-11.835513
-11.351020
-11.850186
-11.741564
-11.769333
-11.736147
-11.676579
-11.596012
-11.487692
-11.540434
-11.368347
-11.285552
-11.152448
-11.550429
-12.160265
-11.499416
-12.811803
-12.280070
-11.753801
-11.345372
-10.794371
-10.981946
-11.429450
-11.204954
-10.894538
-12.987577
-10.480151
-10.802235
-10.426928
-10.451887
-10.619968
-10.681338
-10.806756
-10.152643
-9.185555
-9.546366
-10.242988
-9.973680
-9.591348
-9.608836
-9.641199
-9.602513
-9.582904
-9.584935
-9.597589
-9.441981
-9.222049
-9.214512
-9.249389
-9.154576
-9.046946
-8.990500
-8.936094
-8.783957
-8.596611
-8.532417
-8.493775
-8.392091
-8.288597
-8.215252
-8.147211
-8.085794
-8.032873
-7.985397
-7.944922
-7.819645
-7.662143
-7.515586
-7.349606
-7.279480
-7.242196
-7.087954
-6.909487
-6.856231
-6.832515
-6.314459
-6.496061
-6.462433
-6.612748
-6.589967
-6.857034
-6.688984
-6.453291
-6.281272
-6.058574
-6.044305
-6.101716
-6.098184
-6.124381
-5.969463
-5.744959
-5.558554
-5.336574
-5.191537
-5.066602
-4.901825
-4.737664
-4.557102
-4.365632
-4.498253
-4.761925
-4.675529
-4.535909
-4.600348
-4.689603
-4.409565
-4.005631
-5.897475
-4.340125
-4.674622
-4.440854
-4.233666
-3.971818
-3.236710
-2.277430
-2.329402
-2.656495
-2.483750
-2.334333
-2.499300
-2.756041
-2.636415
-2.432942
-2.825118
-3.391595
-1.495516
-4.078705
-2.849036
-1.835292
-1.452611
-1.035890
-1.126026
-1.482700
-0.967164
-1.844722
0.640714
-1.402765
-0.682473
-0.552409
-0.461882
-0.372114
-0.286201
-0.206470
-0.127671
-0.052575
0.071770
0.215235
0.352738
0.501879
0.559925
0.584032
0.624067
0.645329
0.602735
0.525860
0.432431
0.309133
0.616003
1.090158
1.514714
2.042108
2.084161
1.962643
1.968111
1.899566
2.111392
2.421279
2.543597
2.661747
2.619023
2.486033
2.354174
2.163460
2.343006
2.652636
2.885388
3.185594
3.501100
3.846585
4.260626
4.719506
4.243199
3.397244
4.303531
5.683145
5.326172
4.637637
4.523449
4.314384
4.458702
4.769742
4.769110
5.129004
5.275837
5.467956
5.285684
5.480554
5.451220
5.463578
5.612462
5.815233
5.864840
5.888986
5.976604
6.063078
6.127259
6.188140
6.249302
6.306678
6.366037
6.424494
6.478947
6.531485
6.418986
6.234943
6.041179
5.792278
6.152213
6.578815
7.012930
7.545951
7.607024
7.514430
7.544899
7.505747
7.779363
8.166468
7.667574
8.418138
8.411878
8.575285
8.528868
8.392539
8.079947
7.628004
8.333814
8.068299
8.508408
8.916176
7.277834
9.072357
8.592509
8.536948
8.655641
6.924516
9.023365
8.178455
8.892299
9.295458
9.281803
9.110259
9.059708
8.942513
9.117956
9.399497
9.600396
9.847687
10.002327
10.130744
10.296473
10.455979
10.029943
9.355795
9.619807
11.305084
10.780521
10.081043
10.238912
10.445613
10.359474
10.262401
10.235317
10.201880
10.320419
10.508057
10.683122
10.901312
10.815147
10.618358
10.457191
10.227115
11.058253
12.312416
10.969702
10.713354
10.788553
11.238928
11.198530
11.160228
11.193158
11.205413
11.651762
11.437215
11.546322
11.529405
11.531050
11.515810
11.477830
11.424228
11.354273
11.267631
11.630040
12.173969
12.076730
11.839289
11.778285
11.658760
11.381399
11.028138
11.183122
11.502082
11.660925
11.882298
11.909951
11.867525
10.201913
12.774102
11.988600
11.588421
11.494441
11.355771
11.372832
11.467636
11.511898
11.587576
11.727337
11.903735
12.109489
12.351688
12.194178
11.886779
11.706335
11.467346
11.181862
11.664056
11.648444
11.775838
11.746832
11.665582
11.657784
11.640196
11.566231
11.471469
12.029471
11.882974
11.274312
11.960828
11.797675
11.830990
11.878441
11.934003
11.991593
12.055345
12.111848
12.168368
12.231594
12.296915
12.105136
11.805654
11.808796
11.863010
11.837610
11.834312
11.889718
11.972030
11.929612
11.852947
11.809979
11.752091
11.735453
11.732942
11.713477
11.697787
11.608439
11.487724
11.514410
11.581316
10.851222
11.524789
10.781865
11.076820
10.862180
10.767081
10.665607
10.563479
10.448558
10.327212
10.199434
10.064553
10.134731
10.288150
10.147540
10.476383
10.581813
10.781039
11.022120
11.301308
11.301622
11.205564
10.862196
10.338909
11.652589
10.296759
10.508425
10.330605
10.302706
10.322061
10.313931
10.332125
10.274650
10.194404
10.144451
10.088705
10.000041
9.897862
9.791347
9.673167
9.566654
9.459180
9.339094
9.214427
9.236279
9.316992
9.386544
9.494446
9.558702
9.621176
9.725142
9.841305
9.802548
9.707982
9.633052
9.523921
9.476348
9.441020
9.367789
9.290687
9.230031
9.170545
9.106042
9.041694
8.939470
8.820672
8.701149
8.569540
8.733605
9.017739
9.166575
9.556874
8.761571
7.560625
8.086409
9.031280
8.716328
8.244556
8.274651
8.311398
8.211102
8.108754
8.023190
7.929295
7.859865
7.798718
7.728025
7.659742
7.582749
7.502167
7.424380
7.345179
7.223800
7.084107
6.944790
6.792585
6.650121
6.505802
6.347724
6.183955
6.152189
6.172467
6.181052
6.223028
6.230709
6.238207
6.281656
6.336684
6.210767
6.017091
5.843490
5.627518
5.980154
6.557001
6.449294
6.215590
6.138108
5.995568
5.746431
5.437994
5.073756
5.048868
4.743252
4.471301
4.672788
5.061771
5.418453
5.899386
5.586273
4.990102
4.536154
3.925997
4.170301
4.720033
4.167578
5.118518
4.958822
4.914355
4.995020
5.065322
4.903748
4.651905
4.400326
4.082005
3.992578
3.969297
3.899912
3.866143
3.584760
3.209827
4.209618
2.920988
3.162772
3.128928
3.041532
2.964241
2.763327
2.508876
2.269790
1.999064
2.038647
2.197065
2.309473
2.490849
2.365538
2.137180
1.993074
1.804052
1.740428
1.718033
1.644406
1.581580
1.586326
1.619461
1.651318
1.703091
1.803387
1.933528
1.676514
2.053490
1.854957
1.667647
1.499148
1.282972
1.130822
0.985564
0.788341
0.579017
0.623008
0.763612
0.880353
1.059039
0.864953
0.538754
0.292561
-0.020972
-0.189513
-0.319445
-0.524701
-0.728562
-0.753654
-0.710004
-0.672350
-0.586105
-0.740223
-0.974479
-0.898828
-0.828085
-1.870569
-1.000715
-1.316910
-1.359499
-1.404009
-1.446710
-1.452170
-1.441138
-1.585276
-1.783766
-1.280285
-2.571207
-1.944487
-1.268366
-1.699900
-2.376530
-2.273200
-2.070145
-2.177848
-2.288456
-2.331656
-2.380442
-2.437611
-2.493826
-2.550045
-2.606707
-2.662449
-2.718006
-2.779157
-2.842505
-2.905414
-2.969758
-3.023455
-3.073247
-3.124980
-3.174582
-3.414424
-3.734420
-4.106181
-4.557674
-4.019546
-3.772036
-3.201252
-2.330542
-3.422607
-3.378078
-3.041886
-4.086420
-4.084033
-4.252326
-3.709899
-4.438128
-4.240604
-4.169364
-4.091478
-3.971915
-4.396261
-5.031805
-5.587931
-6.266831
-6.093401
-5.606432
-5.182803
-5.638633
-5.448115
-5.401412
-5.140958
-5.106420
-5.339348
-5.172629
-4.741988
-5.084522
-5.103837
-5.319998
-5.461507
-5.629271
-5.856160
-5.202171
-5.595091
-5.022238
-5.325006
-5.658630
-5.913391
-6.241775
-6.113810
-5.817820
-5.617091
-5.329833
-5.518638
-5.879545
-6.131111
-6.467213
-6.780076
-7.111088
-6.756723
-6.116774
-6.371319
-6.800066
-6.889173
-7.010114
-7.078288
-7.102962
-7.202490
-7.307896
-7.113990
-6.803408
-8.391693
-7.090020
-7.460848
-7.390118
-7.324618
-7.231524
-7.328392
-7.493712
-7.530338
-7.564397
-8.002283
-7.569893
-7.680663
-7.657484
-7.817776
-8.050880
-8.255417
-8.501348
-8.558301
-8.551219
-8.594906
-8.610176
-8.582239
-8.527976
-8.446563
-8.336687
-8.389574
-8.495503
-8.564734
-8.660440
-8.668385
-8.647509
-8.759305
-8.904753
-8.472838
-8.961725
-8.887067
-8.942987
-8.996628
-9.050818
-9.110003
-9.171330
-9.224536
-9.275820
-9.329709
-9.382948
-9.441676
-9.502712
-9.562857
-9.624285
-9.693511
-9.766564
-9.840601
-9.917676
-9.889023
-9.816910
-9.760052
-9.678122
-10.257770
-11.108783
-11.070194
-10.206620
-10.270254
-10.247615
-9.868212
-9.394759
-9.597047
-10.005009
-10.002708
-9.993778
-10.040358
-10.064009
-10.029875
-9.966287
-10.333511
-10.864123
-9.265178
-10.745172
-10.799254
-10.986218
-10.193304
-11.215655
-10.919371
-10.808910
-10.779873
-10.732929
-10.668287
-10.596346
-10.551929
-10.513930
-10.493161
-10.485646
-10.484249
-10.493491
-10.737221
-11.086358
-11.006726
-10.818879
-10.910932
-11.025968
-11.013508
-10.987207
-11.025268
-11.070728
-11.098072
-11.127991
-11.144052
-11.153506
-11.166078
-11.175413
-11.185068
-11.193672
-11.198937
-11.202322
-11.255699
-11.329113
-11.424302
-11.543441
-11.449152
-11.277578
-12.290365
-11.537868
-11.752509
-11.676841
-11.634346
-11.572332
-11.381346
-11.129850
-11.875700
-10.976918
-11.291699
-11.457760
-11.535204
-11.633753
-11.728258
-11.821548
-11.936156
-12.058837
-12.104029
-12.122291
-12.152421
-12.166775
-12.232068
-12.312900
-12.283947
-12.220956
-12.579694
-12.070033
-12.066485
-11.915999
-11.806886
-11.700111
-11.556383
-11.402407
-11.387934
-11.424103
-11.630094
-11.946846
-12.018906
-12.056737
-12.221125
-12.397413
-12.444399
-12.455346
-12.485190
-12.492496
-12.311087
-12.040818
-11.755505
-11.402167
-12.207875
-13.473283
-12.944014
-11.989266
-10.925177
-12.004406
-11.842718
-12.145833
-11.927396
-11.573452
-11.707568
-11.930625
-10.710304
-12.093361
-11.939075
-12.197792
-12.164170
-12.036910
-11.999358
-11.925141
-11.907629
-11.906561
-12.200795
-11.990620
-12.092276
-12.121513
-12.161861
-12.206019
-12.247568
-12.290970
-12.326150
-12.358423
-12.427278
-12.509466
-12.037867
-12.396067
-12.100454
-11.856860
-11.603689
-11.301587
-11.771518
-12.546003
-12.318840
-11.889948
-12.158944
-12.524294
-12.642768
-12.775250
-12.708140
-12.536527
-12.386057
-12.174477
-12.067636
-11.978964
-11.822684
-11.657242
-11.678774
-11.768410
-11.839962
-11.955534
-11.996459
-12.024336
-12.100855
-12.184051
-12.136268
-12.041033
-11.958746
-11.845861
-11.772591
-11.703209
-11.625726
-11.550814
-11.506221
-11.474875
-11.444818
-11.424729
-11.468091
-11.543258
-11.626018
-11.733631
-11.693275
-11.602410
-11.543713
-11.459365
-11.436577
-11.431368
-11.397208
-11.365486
-11.354401
-11.350173
-11.409741
-11.501852
-11.179199
-11.398894
-11.287922
-11.246486
-11.317347
-11.433563
-11.351493
-11.218197
-11.251425
-11.310507
-11.349424
-11.409508
-11.040708
-11.577885
-9.345483
-11.019488
-10.566639
-10.746144
-10.893783
-11.098981
-11.063272
-10.948655
-10.903756
-10.826035
-11.037795
-11.364730
-10.966456
-10.344231
-10.158419
-10.866258
-10.829007
-10.939711
-10.989452
-11.003690
-11.069330
-11.133750
-11.041764
-10.888099
-10.740322
-10.549585
-10.411130
-10.275412
-10.093017
-9.897579
-9.871057
-9.905354
-9.918496
-9.969024
-9.934156
-9.878231
-9.864521
-9.849863
-9.848117
-9.855890
-9.862461
-9.874349
-9.819761
-9.739250
-9.667100
-9.579321
-9.723725
-9.960483
-9.847542
-9.653670
-9.720669
-9.823712
-9.828951
-9.837088
-9.836446
-9.823071
-9.812297
-9.795734
-9.790344
-9.787272
-9.777745
-9.767740
-9.720235
-9.655867
-9.592570
-9.517856
-9.449840
-9.379437
-9.296935
-9.208876
-9.215528
-9.258594
-9.291727
-9.347726
-9.302612
-9.224137
-9.173614
-9.108644
-9.404240
-9.849445
-9.490750
-8.898287
-9.000676
-9.204050
-9.129087
-9.056593
-9.049410
-9.041700
-9.031518
-9.026954
-9.010557
-8.991496
-8.978740
-8.966166
-8.933353
-8.892681
-8.853119
-8.808204
-8.748698
-8.680593
-8.781310
-8.948287
-8.107150
-8.826251
-8.606045
-8.610567
-8.594321
-8.575086
-8.567185
-8.560507
-8.430803
-8.250526
-8.076909
-7.869400
-7.897643
-8.011021
-8.062478
-8.152447
-8.361325
-8.632289
-8.088655
-8.667244
-8.018413
-7.286950
-8.968495
-7.528004
-6.344870
-7.867604
-7.587280
-7.835016
-7.799191
-7.699242
-7.802296
-7.931653
-7.381878
-6.576957
-9.357901
-6.693625
-7.373132
-7.303412
-7.213905
-7.118952
-7.023853
-6.924044
-6.818448
-6.708166
-6.870999
-7.147233
-7.651236
-8.334216
-7.050553
-7.768108
-7.258012
-6.955105
-6.852310
-6.801758
-6.645166
-6.489126
-6.381576
-6.283689
-6.618638
-7.147419
-5.045587
-6.821594
-6.245387
-6.206971
-6.183255
-6.168737
-6.153688
-6.144279
-6.139730
-6.139836
-6.145567
-6.156387
-6.069357
-5.943673
-5.827521
-5.686949
-5.634264
-5.608541
-5.553826
-5.508716
-5.326971
-5.088519
-4.865670
-4.608419
-4.653277
-4.812211
-4.922632
-5.097858
-5.123132
-5.109835
-5.169702
-5.226746
-5.243992
-5.250728
-5.256839
-5.253546
-5.233279
-5.201316
-4.927794
-4.544210
-5.530190
-4.424518
-4.570534
-4.413986
-4.424632
-4.497174
-4.546686
-4.633108
-4.459656
-4.190486
-4.662625
-5.377818
-5.308178
-5.096989
-5.177130
-5.231795
-4.593347
-3.678892
-3.624229
-3.732670
-3.694763
-3.762060
-4.011341
-4.371859
-4.175190
-3.812838
-3.885474
-4.006554
-3.711009
-3.306953
-3.218052
-3.168283
-3.200044
-3.318206
-3.087094
-2.756489
-1.824137
-3.370854
-3.289508
-3.613432
-3.479021
-3.167110
-2.969599
-2.689052
-2.733020
-2.888269
-2.944481
-3.045063
-3.023313
-2.959816
-2.946737
-2.922595
-2.904557
-2.889270
-2.899889
-2.923467
-2.664357
-2.293780
-3.601795
-2.365606
-2.608805
-2.466979
-2.326810
-2.163569
-2.194474
-2.297352
-2.367989
-2.479193
-2.386630
-2.222961
-2.109815
-1.963268
-1.983759
-2.065021
-2.120128
-2.210272
-0.413981
-3.450030
-2.410829
-1.702365
-1.866513
-2.125418
-2.034569
-1.931704
-1.610430
-1.153558
-1.705711
-2.600533
-1.204290
-2.030191
-1.727898
-1.744289
-1.417113
-0.973627
-1.579702
-0.885229
-0.294453
-1.217389
-1.117482
-1.302684
-0.903146
-0.280100
-0.769650
-1.565950
-1.329694
-0.915648
-0.872501
-0.794520
-0.753930
-0.752202
-0.715748
-0.686689
-0.664097
-0.644045
-0.539513
-0.400911
-0.448003
-0.549197
-0.327173
-0.012638
-1.311640
-0.100602
-0.600543
-0.823119
0.051758
-0.508186
-0.170634
-0.007366
0.050953
0.077979
0.141053
0.193686
0.293762
0.412948
0.375521
0.285436
0.295070
0.305874
0.326664
0.362811
0.386175
0.412354
0.455060
0.504764
0.536004
0.564418
0.601003
0.637785
0.672669
0.707703
0.743088
0.778492
1.019087
1.347037
1.302730
1.162690
1.193103
1.211764
1.265860
1.347576
1.539708
1.795517
1.306685
0.542542
4.191097
0.923584
1.890828
1.886245
1.928129
1.982790
2.013284
2.044402
2.092409
2.145336
2.197989
2.254620
2.300454
2.343530
2.374929
2.398924
2.509871
2.653111
2.062966
2.572391
2.478796
2.566232
2.639025
2.726568
2.721710
2.682897
2.663220
2.625990
2.620631
2.622633
2.605242
2.586424
2.615567
2.662396
2.705524
2.760445
2.796543
2.829768
2.875980
2.924380
2.949491
2.967092
2.988065
3.004487
3.032531
3.063744
3.089773
3.116311
3.181307
3.262357
3.342234
3.433208
3.513773
3.594983
3.688120
3.785532
3.715650
3.577852
3.451787
3.281174
3.187337
3.106536
2.976402
2.839515
3.038001
3.370799
3.735712
4.212744
4.830807
6.194640
4.775176
2.743597
3.274100
4.313195
4.226540
4.170512
4.698699
4.095804
4.190693
4.114311
4.109351
4.128408
4.113718
4.103487
4.197249
4.333776
4.470166
4.637549
4.084898
3.240383
3.720977
4.552388
5.044605
3.877989
4.098702
4.096453
4.549866
5.239583
5.147561
4.900889
5.062242
5.241960
4.475353
4.792253
4.733033
4.921315
5.027049
5.173813
5.203533
5.193938
5.231207
5.257600
5.274879
5.288146
5.290920
5.286383
5.285212
5.280936
5.268865
5.252378
5.351369
5.496602
5.633588
5.800962
5.801585
5.744621
6.020853
6.277679
6.095013
5.751532
5.508102
5.185345
5.362057
5.724714
5.984513
6.340573
6.303204
6.132649
6.077885
5.968317
6.075202
6.260766
6.381186
6.533678
6.228250
5.736111
5.983076
6.408543
6.349641
6.246554
6.355005
6.481468
6.283702
5.978818
5.760432
5.494320
5.116602
5.261081
5.531845
6.089235
6.050032
5.904670
6.018231
6.129043
6.322805
6.577991
6.828812
7.115343
6.971409
6.660585
6.319493
5.841733
7.044198
7.814338
7.765528
6.409935
6.818237
7.277977
7.211410
7.131784
7.126886
7.091935
7.032048
6.955380
6.958204
6.984346
6.989493
7.005050
6.711153
6.288239
6.742362
7.476435
9.082358
6.569181
6.904510
6.613926
6.774227
7.134695
7.372143
7.698791
7.624849
7.409232
7.302245
7.132672
7.217776
7.393419
7.494157
7.632417
7.583254
7.463994
7.350365
7.186437
7.295556
7.497882
6.014395
7.359127
7.066965
7.225141
7.421755
7.672430
7.838024
7.887518
8.185140
8.524924
8.109768
7.419418
6.819332
6.048753
6.629714
7.715414
8.217269
8.850342
8.202091
7.008308
7.694388
8.789022
8.527082
8.078435
8.126139
8.153900
8.200020
8.297165
8.376817
8.474881
8.485128
8.464786
8.467151
8.455544
8.424045
8.379940
8.286488
8.164025
8.316093
8.566151
7.178930
8.235306
8.051558
8.311872
8.550259
8.856094
8.744920
8.485595
8.313895
8.065897
8.123737
8.285235
8.355262
8.467328
8.454466
8.398462
8.400993
8.394984
8.413975
8.445801
8.527359
8.638741
8.378287
8.639869
8.585678
8.602385
8.675586
8.772612
8.700151
8.572720
8.605508
8.662762
8.654859
8.647662
8.646642
8.641683
8.636671
8.630445
8.884444
9.248595
9.095856
8.802355
8.912829
9.074498
9.124058
9.192684
8.992127
9.289812
9.279753
9.343730
9.302954
9.219714
9.147042
9.047876
9.042951
9.066828
9.052762
9.046027
9.139712
9.275543
9.131742
9.457235
9.438113
9.462667
9.856323
9.732973
9.822311
9.798955
9.790592
9.758320
9.724856
9.681268
9.613100
9.529604
9.753151
10.097557
9.930286
9.634446
9.733313
9.885696
9.907196
9.939879
9.786471
9.545262
10.356825
9.567971
9.778025
9.774613
9.746334
9.713216
9.571219
9.377994
8.734716
9.064538
8.969825
9.102825
9.243071
9.448156
9.418330
9.319702
9.298379
9.252834
9.328365
9.452249
9.546452
9.663505
9.522923
9.280284
9.298616
9.352884
9.306593
9.261988
9.260993
9.268696
9.291122
9.328505
9.374605
9.432981
9.386157
9.301248
9.421801
9.600791
9.589680
9.546821
9.574284
9.596662
9.635256
9.685814
9.637249
9.553832
10.013982
9.631905
9.764438
9.778817
9.696471
9.572091
9.449498
9.297724
9.809837
10.590947
10.204770
9.518270
9.772175
10.161882
10.190880
10.229615
10.177352
10.052736
9.939257
9.786976
9.681073
9.577901
9.430253
9.269870
9.324892
9.460889
9.574065
9.738285
9.815112
9.876259
9.993832
10.118812
10.165217
10.187634
10.221556
10.240811
9.737772
9.006843
9.289259
9.840752
9.696122
9.488690
9.129873
8.603500
8.841023
9.309034
9.569456
9.930448
9.917409
9.770366
9.741908
9.661505
9.759683
9.922061
10.023911
10.149001
10.055389
9.873200
9.724017
9.524213
9.524129
9.588799
9.247219
8.784275
9.101125
9.649884
9.645388
9.596731
9.735605
9.874995
10.103323
10.389593
10.420658
10.379704
10.410440
10.410907
10.384739
10.340643
10.256445
10.143963
10.177550
10.255789
9.931458
10.367136
10.216521
10.129963
10.095507
10.051155
9.999206
9.944905
9.881101
9.811348
9.775369
9.749967
9.715804
9.686447
10.000915
10.463005
10.390398
10.287067
10.862911
10.044555
9.760244
9.121744
9.908002
8.856665
9.528267
10.222719
9.986782
9.548116
9.445258
9.291766
9.873200
10.779174
10.260158
9.364717
9.574715
9.927786
9.832207
9.729828
9.997252
10.371333
9.994442
9.387153
9.707429
10.234893
10.199719
10.120454
10.107979
10.043684
9.926397
9.769351
9.881834
10.084758
10.223337
10.405461
10.485577
10.535882
10.031424
10.217145
10.066128
10.036515
10.058386
10.123398
10.245760
10.418193
10.633221
10.895908
10.308805
9.386961
9.892657
10.758920
10.526569
10.146888
10.199168
10.249873
10.202649
10.158759
10.120894
10.076785
10.079912
10.100849
10.113334
10.135571
10.142295
10.146093
10.160588
10.176620
10.207071
10.245511
10.285005
10.330219
10.257519
10.137440
10.028374
9.889305
9.903023
9.968859
9.997136
10.050034
9.980199
9.865702
9.781685
9.676711
9.937596
10.347560
10.041590
9.539593
9.629191
9.802839
9.742370
9.684315
9.692220
9.704532
9.714639
9.732857
9.747620
9.764481
9.789870
9.819504
9.822072
9.816014
9.896418
10.006703
9.856463
9.618527
12.552288
9.869308
10.031463
9.451978
9.675166
10.193617
9.867462
9.405289
9.253488
9.080574
8.985619
8.946806
8.829805
8.714099
8.892576
8.569394
8.358279
7.990915
9.126977
8.428383
8.898029
9.164212
9.202148
9.171325
9.208043
9.217109
9.214985
9.202293
8.806283
8.924635
8.831102
8.847861
8.825123
8.814827
9.533318
10.563553
10.207038
9.483722
9.598788
9.751852
9.478048
9.129196
9.263640
9.523355
9.681152
9.905464
9.581530
9.044697
8.622929
8.092299
8.241284
8.640614
9.687046
9.202752
9.379172
9.187928
9.075999
8.895487
8.938134
9.051995
9.048134
9.051185
9.266087
9.140449
9.196472
9.192641
9.218215
9.247489
7.753354
9.619523
9.168813
9.145648
9.042002
8.859131
8.930955
9.065503
9.106419
9.163859
9.218062
9.268716
9.335869
9.408037
9.271822
9.051036
8.844558
8.582471
8.365978
8.144342
7.975108
7.830589
7.410804
8.139875
8.220859
8.535304
8.563491
8.510655
8.568474
8.605095
8.668897
8.746049
8.800966
8.855555
8.916975
8.978794
9.039803
9.101377
9.022260
8.883458
8.751301
8.579105
8.441316
8.300107
8.116021
7.915731
7.841108
7.807822
8.271167
8.978506
6.495457
8.330130
8.686188
7.883093
8.163855
8.206031
8.253600
8.306427
8.209851
8.052740
7.907557
7.723261
7.775793
7.912028
7.997659
8.126061
8.163823
8.177703
8.239363
8.300565
8.189198
8.009247
7.836642
7.616751
7.518797
7.451347
7.332217
7.218305
7.471570
7.878041
8.383352
8.830610
8.721212
8.358221
8.139173
7.803591
7.836807
7.987579
8.048139
8.077632
7.991354
7.831704
7.717584
7.576196
7.572018
7.618267
7.630733
7.666984
7.658031
7.637413
7.643097
7.649719
7.630436
7.603355
7.578572
7.548369
7.497395
7.435288
7.368483
7.292263
7.277711
7.284489
7.278823
7.284389
7.260418
7.227824
7.208030
7.186515
7.227857
7.296494
7.312640
7.325899
7.375113
7.432715
7.485361
7.543635
7.515641
7.453054
7.399974
7.325593
7.281257
7.240731
7.176934
7.108203
7.051143
6.994273
7.061744
7.183447
6.516945
7.007086
6.790006
6.730560
6.744384
6.788365
6.825894
6.882569
6.919844
6.957152
7.015065
7.079707
7.085244
7.070968
7.084171
7.093524
6.992968
6.846753
7.491984
6.921824
6.987886
6.838916
6.695199
6.520319
6.581825
6.729865
6.835496
6.988664
7.093016
7.194384
7.346728
7.514195
7.162726
6.602937
6.081582
5.424009
5.535029
5.913320
6.117769
6.454881
6.489016
6.437995
6.535984
6.625389
6.598871
6.534783
6.467991
6.370169
6.447370
6.584216
6.681371
6.808122
6.721775
6.554421
6.734204
7.001167
6.640845
6.091226
6.395224
6.907303
6.734708
6.458686
6.434367
6.396180
6.322907
6.254860
6.175970
6.091199
6.077713
6.090655
6.092479
6.109506
6.114817
6.121091
6.018198
6.027712
6.269665
6.651637
5.128152
6.489244
6.095798
6.105784
6.113895
6.124474
6.041633
5.920002
5.804938
5.664600
5.710878
5.825413
5.905790
6.023379
5.983125
5.889531
5.840991
5.769913
5.761828
5.774754
5.761991
5.754814
5.721957
5.678071
5.640871
5.598627
5.612533
5.648675
5.677229
5.718919
5.445097
5.042377
5.252167
5.628766
5.496117
5.289811
5.283005
5.272646
5.284829
5.326065
5.364236
5.417103
5.443366
5.464872
5.502714
5.542461
5.528085
5.493303
5.315864
5.062432
4.978565
4.916131
4.766585
4.607973
4.648018
4.759117
4.851573
4.990429
5.062587
5.126136
5.240444
5.365253
5.282672
5.122143
4.981829
4.791629
4.676910
4.573072
4.414499
4.245728
4.237264
4.286435
4.313853
4.375998
4.447842
4.537784
4.492139
4.726826
4.713470
4.711581
4.731715
4.740328
4.795952
4.868511
4.942700
5.030496
4.907590
4.873652
4.768384
4.652145
4.567907
4.484592
4.368931
4.243327
4.300095
4.426378
4.496748
4.595215
4.645710
4.264222
4.143487
3.926188
3.963787
4.092205
4.158095
4.266930
4.286277
4.281050
4.323640
4.365584
4.315481
4.230974
4.150147
4.045016
4.100469
4.213251
3.978752
3.640356
4.098445
3.957852
4.030480
3.997623
4.042373
4.093290
4.265776
4.501095
3.774605
4.223672
4.119957
4.230071
4.185103
4.115816
4.099465
4.077822
4.115910
4.182538
4.067088
3.893865
3.899598
3.935124
3.959671
4.012457
3.741756
3.993144
3.931883
3.947996
4.039507
4.166253
4.536219
5.034169
4.516804
3.653155
3.921093
4.400732
4.174575
3.867133
4.140382
3.928845
3.579096
3.004849
3.316050
3.884169
3.789836
3.627787
3.767290
3.933223
3.757714
3.481240
3.249244
2.952704
3.123049
3.466515
3.723391
4.073989
4.028702
3.849718
3.784132
3.662224
3.732456
3.870058
3.875802
3.877358
3.859746
3.818053
3.771802
3.710297
3.703479
3.712299
3.737964
3.783917
3.318493
2.646771
2.762569
2.800120
3.000203
3.316166
3.772354
4.359720
4.253644
3.928830
3.770821
3.507855
3.511516
3.597106
3.562838
3.544198
3.470891
3.368956
3.238484
3.165293
3.043177
2.924064
2.751243
2.551796
2.776189
3.162761
1.931649
3.541772
2.246651
3.134832
2.932387
2.981373
3.019743
3.055934
2.260703
2.893593
2.713711
2.769194
2.809799
2.868306
2.915778
2.965368
2.451242
2.816713
2.672015
2.662740
2.634778
2.608304
2.598537
2.594597
2.591330
2.592847
2.458952
2.269753
2.376517
2.568957
1.647397
3.508180
2.933534
2.508501
2.069219
1.436099
1.946204
2.850404
2.595805
2.153874
2.255680
2.296439
2.111170
2.239650
2.179020
2.161018
2.146572
2.133590
2.120919
2.109442
2.096779
2.084205
2.072921
2.062103
2.058807
2.059067
2.059494
2.062455
1.996427
1.902250
1.813672
1.706979
2.061773
2.605032
2.350334
1.893291
2.081910
2.365941
2.406330
2.456131
2.433579
2.358852
2.295050
2.203786
2.149490
2.099213
2.018999
1.931846
1.927181
1.951193
1.961380
1.987857
2.000645
2.013778
1.917854
2.017152
1.962691
1.922743
1.885242
1.839303
1.808420
1.780249
1.742711
1.704053
1.680303
1.661379
1.640577
1.622818
1.597565
1.570350
1.546592
1.522591
1.521992
1.531602
1.554513
1.590346
1.450276
1.242823
1.701773
1.153882
1.320391
1.389620
1.372642
1.349044
1.349910
1.348953
1.339405
1.327937
1.319354
1.310189
1.318230
1.333625
0.852269
0.164816
0.991491
0.659046
0.922397
1.056409
0.158876
1.158987
0.943560
0.990955
0.906729
0.949350
1.332234
1.905402
-0.608081
1.538100
0.493967
-0.050900
0.110352
0.468198
0.350799
0.198080
0.274972
0.382688
0.669252
1.070672
0.923004
0.614463
0.729296
0.890744
0.863042
0.821533
0.846697
0.873731
0.882094
0.890449
0.904733
0.919560
0.933974
0.949094
0.965551
0.982863
1.000846
1.019657
0.977430
0.909691
0.845446
0.764270
1.072404
1.538625
1.245515
0.744618
0.965606
1.315978
1.093961
1.380690
1.434972
1.568145
1.385025
1.079678
2.487472
0.868120
1.053100
0.768662
0.594562
0.438494
-0.055309
-0.159517
-0.223297
-0.123069
-0.057894
0.073504
0.107225
0.126706
0.259516
0.423530
-0.016139
-0.686050
1.000525
0.032621
0.384589
0.303761
0.384044
0.469825
0.521503
0.578306
0.643552
0.711181
0.733533
0.738631
0.748214
0.746827
0.506173
0.159044
-0.189089
-0.612881
-0.302021
0.285871
0.346282
0.389864
0.437029
0.421978
0.385160
0.310304
0.408012
0.559016
0.663031
0.790300
0.739763
0.619490
0.530583
0.403515
0.497697
0.671460
0.646716
0.598228
0.585029
0.554699
0.499252
0.428825
0.374564
0.317501
0.357709
0.221252
0.202001
0.160133
0.095333
0.022588
0.022884
0.048108
-0.224258
1.144844
-2.024795
0.580008
-0.558392
-1.064138
-0.268987
-0.487723
-0.102469
0.202412
0.122354
-0.095202
-0.212151
-0.391487
-0.357836
-0.252141
-0.219411
-0.161413
-0.250244
-0.397435
-0.512719
-0.657323
-0.636230
-0.554994
-0.511000
-0.437122
-0.349881
-0.246893
-0.113843
0.040792
-0.082961
-0.311868
-0.506190
-0.764550
-0.621241
-0.333371
-0.335899
-0.351715
-0.304001
-0.266232
-0.247264
-0.234231
-0.103570
0.072369
0.236946
0.430360
0.291310
0.023107
-0.200999
-0.502069
