-0.643922
-0.576281
-0.524429
-0.426507
-0.379027
-0.333092
-0.237419
-0.126647
-0.095844
-0.086726
-0.058136
-0.039889
0.026956
0.111695
0.183785
0.264024
0.262401
0.228424
0.206313
0.165420
0.148234
0.133591
0.098578
0.058599
0.065441
0.087721
0.102681
0.126718
0.128586
0.124499
0.130707
0.136157
0.138637
0.140588
0.141964
0.142534
0.146216
0.150782
0.154375
0.158298
0.159780
0.160274
0.161207
0.161606
0.162613
0.163676
0.164163
0.164495
0.169139
0.175485
0.181479
0.188579
0.194313
0.199947
0.206781
0.213933
0.219343
0.224288
0.229648
0.234781
0.240999
0.247617
0.253957
0.260481
0.297679
0.347985
0.397158
0.455238
0.505969
0.557628
0.618816
0.683715
0.737409
0.789084
0.845159
0.900973
0.965871
1.034977
1.103457
1.174604
1.042080
0.824079
0.617615
0.354437
0.142973
-0.071842
-0.347503
-0.645148
-0.495817
-0.173043
0.107217
0.497995
0.741343
0.969249
1.317578
1.694300
1.672867
1.508077
1.390801
1.184403
1.137592
1.121951
1.007551
0.882635
0.925936
1.025428
1.105996
1.222655
1.258844
1.275702
1.333241
1.390509
1.421114
1.444555
1.469189
1.488150
1.525590
1.568361
1.604473
1.642205
1.680286
1.718569
1.758462
1.799172
1.839315
1.879770
1.921108
1.962907
1.927483
1.859510
1.795352
1.709386
1.642850
1.574764
1.483298
1.383215
1.312783
1.248454
1.173740
1.100608
1.005126
0.899776
0.796944
0.688192
0.613786
0.551486
0.481598
0.417791
0.340843
0.260351
0.186660
0.112811
0.015940
-0.090080
-0.195218
-0.306706
-0.410709
-0.514410
-0.624999
-0.737586
-0.681422
-0.555120
-0.438216
-0.274574
-0.155813
-0.035240
0.135573
0.323861
0.446899
0.555683
0.685767
0.811325
0.984300
1.177584
1.364309
1.562781
1.408634
1.109260
0.837197
0.471360
0.200113
-0.071938
-0.444922
-0.851214
-1.104230
-1.318325
-1.574309
-1.813648
-2.151934
-2.528957
-2.884817
-3.260301
-3.172773
-2.895190
-2.657718
-2.299221
-2.065094
-1.831420
-1.467422
-1.061353
-0.866145
-0.727142
-0.534461
-0.367608
-0.070732
0.275048
0.588913
0.925885
1.088581
1.184573
1.311743
1.402467
1.547572
1.702038
1.816679
1.924520
2.142411
2.399724
2.644936
2.915127
3.140221
3.356551
3.600585
3.847525
3.449775
2.782007
2.145263
1.326920
0.676010
0.014527
-0.841915
-1.768536
-2.198350
-2.470306
-2.837879
-3.119556
-3.646539
-4.247772
-4.750271
-5.271529
-4.985358
-4.353965
-3.776019
-2.973540
-2.354749
-1.714556
-0.834439
0.138344
0.754146
1.286883
1.932844
2.550254
3.413780
4.380637
5.308229
6.293597
6.179923
5.621527
5.170013
4.439198
4.017435
3.607607
2.896179
2.094739
1.809275
1.669242
1.411388
1.226187
0.740212
0.147828
-0.357315
-0.907050
-1.046192
-1.022286
-1.061550
-1.007810
-1.069294
-1.142912
-1.115787
-1.063685
-1.171405
-1.324757
-1.444561
-1.588397
-1.639591
-1.659077
-1.707168
-1.742761
-1.634845
-1.463039
-1.284710
-1.058471
-0.863900
-0.659661
-0.404409
-0.126274
0.124336
0.379360
0.659664
0.949878
1.283682
1.643355
2.011608
2.400249
2.640487
2.828041
3.043169
3.229626
3.473845
3.732126
3.958458
4.183901
4.496054
4.841302
5.181638
5.544575
5.876013
6.204119
6.556939
6.915379
6.737514
6.336703
5.965028
5.444487
5.066745
4.683087
4.139402
3.539975
3.146106
2.796634
2.379326
1.975724
1.421564
0.802583
0.203743
-0.432845
-0.815165
-1.104852
-1.444417
-1.734873
-2.116437
-2.519035
-2.867265
-3.211864
-3.717486
-4.284165
-4.839711
-5.436184
-5.973797
-6.504364
-7.079746
-7.664663
-7.535536
-7.111800
-6.729076
-6.150136
-5.766843
-5.379190
-4.780311
-4.110228
-3.714410
-3.379557
-2.957494
-2.555934
-1.957167
-1.274863
-0.621592
0.079353
0.431331
0.654091
0.941019
1.157743
1.495201
1.857928
2.143287
2.420353
2.912096
3.483105
4.035657
4.640233
5.161613
5.670019
6.235719
6.810907
6.866114
6.710583
6.587750
6.325014
6.214585
6.106864
5.848013
5.542254
5.434686
5.373463
5.253935
5.152303
4.912895
4.617077
4.345260
4.042633
3.747567
3.443822
3.108047
2.755377
2.379119
1.981516
1.567186
1.133238
0.641524
0.114266
-0.430942
-1.006561
-1.591674
-2.196979
-2.833497
-3.493764
-3.642306
-3.587545
-3.579679
-3.442310
-3.460799
-3.489883
-3.378562
-3.228969
-3.303282
-3.440064
-3.526457
-3.644393
-3.629677
-3.567963
-3.544221
-3.500566
-3.521240
-3.563976
-3.583627
-3.610604
-3.614694
-3.610034
-3.613762
-3.614536
-3.550449
-3.458267
-3.365891
-3.253398
-3.156383
-3.056507
-2.935139
-2.804923
-2.640822
-2.455881
-2.263072
-2.053561
-1.837462
-1.609900
-1.365270
-1.107308
-0.852820
-0.591755
-0.316604
-0.032745
0.269647
0.585497
0.909674
1.245664
1.582851
1.926964
2.283320
2.648257
3.026530
3.415795
3.813465
4.221275
4.645693
5.082820
5.529793
5.988670
6.455595
6.932566
7.421590
7.921303
7.906186
7.678295
7.483762
7.149199
6.953179
6.754021
6.404200
6.003472
5.811228
5.667884
5.461655
5.273662
4.941775
4.550548
4.183901
3.784669
3.624211
3.552684
3.437325
3.370274
3.222069
3.057329
2.945747
2.840441
2.587229
2.279652
1.985373
1.655614
1.383660
1.121083
0.819392
0.511574
0.242124
-0.018013
-0.286458
-0.550012
-0.840431
-1.140869
-1.435150
-1.734352
-2.048939
-2.371726
-2.698895
-3.033399
-3.366945
-3.703986
-4.048696
-4.398206
-4.613053
-4.773662
-4.945106
-5.081485
-5.257350
-5.434732
-5.574199
-5.702425
-5.887370
-6.087166
-6.272580
-6.464839
-6.621332
-6.764293
-6.915767
-7.060735
-7.040082
-6.946809
-6.854010
-6.709845
-6.602290
-6.486292
-6.315546
-6.121426
-5.977358
-5.837837
-5.671526
-5.501246
-5.280324
-5.033157
-4.783852
-4.515977
-4.321757
-4.149948
-3.955723
-3.770261
-3.548818
-3.313799
-3.089224
-2.858921
-2.571537
-2.258286
-1.941650
-1.605408
-1.280769
-0.951520
-0.601449
-0.241586
0.022266
0.252060
0.496294
0.720546
0.983574
1.255266
1.504716
1.752868
2.048182
2.360600
2.669464
2.989825
3.290820
3.588587
3.899061
4.211379
4.587584
4.993182
5.398035
5.823110
6.238259
6.658581
7.100259
7.552396
7.980513
8.405572
8.842664
9.280900
9.741243
10.212803
10.684689
11.164312
11.190492
11.027395
10.891858
10.631336
10.488156
10.339253
10.056128
9.725636
9.578419
9.472776
9.309131
9.159695
8.880767
8.547257
8.233579
7.889049
7.745873
7.676016
7.565699
7.493845
7.350110
7.189531
7.071546
6.956180
6.710878
6.416026
6.129825
5.810328
5.537649
5.270204
4.966340
4.654391
4.416143
4.201609
3.975239
3.762748
3.513794
3.254576
3.011204
2.765904
2.488143
2.197345
1.906076
1.605060
1.314880
1.024693
0.723946
0.419849
0.050797
-0.348581
-0.748709
-1.170246
-1.582367
-2.000593
-2.441392
-2.893660
-3.324411
-3.753771
-4.196110
-4.641042
-5.108790
-5.588837
-6.070686
-6.561482
-6.772951
-6.869950
-6.988269
-7.032438
-7.153309
-7.274326
-7.315449
-7.330767
-7.465331
-7.630080
-7.762342
-7.907552
-7.975471
-8.013131
-8.067270
-8.106056
-8.233910
-8.394212
-8.534913
-8.691910
-8.817830
-8.936089
-9.072401
-9.209515
-9.284658
-9.335721
-9.390428
-9.428840
-9.488477
-9.549895
-9.593557
-9.632748
-9.593721
-9.517437
-9.439754
-9.335735
-9.241121
-9.138020
-9.007239
-8.861699
-8.742512
-8.624692
-8.490237
-8.352136
-8.185408
-8.003030
-7.817979
-7.621425
-7.491861
-7.385127
-7.263576
-7.153513
-7.015575
-6.869590
-6.736581
-6.602370
-6.425055
-6.230211
-6.036085
-5.829486
-5.636122
-5.442621
-5.235643
-5.024267
-4.819395
-4.613801
-4.403268
-4.190984
-3.968922
-3.741355
-3.512358
-3.279138
-3.039480
-2.794953
-2.546320
-2.292976
-2.036788
-1.776748
-1.511922
-1.242953
-0.957976
-0.663740
-0.365867
-0.060413
0.246501
0.557974
0.877260
1.202163
1.526589
1.854272
2.187851
2.525414
2.870733
3.221844
3.576791
3.936907
4.173428
4.360188
4.557657
4.723277
4.924889
5.128025
5.296725
5.455297
5.667881
5.895054
6.109140
6.330215
6.518278
6.694184
6.878643
7.057548
7.296240
7.558676
7.812852
8.080972
8.331946
8.581285
8.845730
9.114021
9.348913
9.572995
9.802618
10.025997
10.265650
10.509888
10.747004
10.984962
10.982079
10.876358
10.781837
10.618387
10.511988
10.398749
10.211786
9.996291
9.874559
9.771546
9.634368
9.501353
9.296520
9.059461
8.829536
8.579941
8.429554
8.312917
8.171697
8.046338
7.880563
7.702420
7.542243
7.379635
7.146436
6.883963
6.622160
6.339450
6.076989
5.813418
5.527336
5.233300
5.158511
5.170900
5.165423
5.216413
5.199960
5.179380
5.220018
5.277629
5.244954
5.188298
5.153591
5.107425
5.117586
5.148668
5.165634
5.192362
5.101911
4.964680
4.842495
4.692381
4.575614
4.461542
4.317241
4.164872
4.075559
4.006095
3.925320
3.855710
3.754101
3.642911
3.544569
3.443816
3.211577
2.923620
2.638939
2.315619
2.025791
1.732453
1.397700
1.047226
0.739522
0.438263
0.118558
-0.201446
-0.559103
-0.934876
-1.309481
-1.696066
-2.017699
-2.317184
-2.631862
-2.935747
-3.266304
-3.604762
-3.931018
-4.258610
-4.630178
-5.019792
-5.408794
-5.810650
-6.199417
-6.588575
-6.991596
-7.399314
-7.552866
-7.601940
-7.666944
-7.662853
-7.728999
-7.794339
-7.785252
-7.751556
-7.818050
-7.907763
-7.967089
-8.034976
-8.032966
-8.002009
-7.982686
-7.947346
-8.035511
-8.169953
-8.282583
-8.420696
-8.517295
-8.605863
-8.722426
-8.842742
-8.888146
-8.906397
-8.931986
-8.940040
-8.978234
-9.021812
-9.045998
-9.067648
-9.102722
-9.140266
-9.174451
-9.209786
-9.233631
-9.252770
-9.273568
-9.291650
-9.305019
-9.315286
-9.322957
-9.327572
-9.331274
-9.332881
-9.331341
-9.327384
-9.301184
-9.264054
-9.225355
-9.178512
-9.133839
-9.086108
-9.029839
-8.968735
-8.912853
-8.856023
-8.793893
-8.729618
-8.656951
-8.579146
-8.499440
-8.415629
-8.361357
-8.317529
-8.268163
-8.224462
-8.169162
-8.110994
-8.059147
-8.007417
-7.938397
-7.862744
-7.788009
-7.708724
-7.635650
-7.563184
-7.485748
-7.407141
-7.311566
-7.207697
-7.103307
-6.993011
-6.884229
-6.773269
-6.656125
-6.535491
-6.420504
-6.305630
-6.186848
-6.067055
-5.940743
-5.810770
-5.679999
-5.546483
-5.393902
-5.231838
-5.067747
-4.896331
-4.726716
-4.554219
-4.374046
-4.189447
-4.007811
-3.824548
-3.636516
-3.446005
-3.248297
-3.045860
-2.841130
-2.632446
-2.429549
-2.227018
-2.020126
-1.812164
-1.598386
-1.381171
-1.163063
-0.942349
-0.713630
-0.480190
-0.244390
-0.004525
0.236120
0.479253
0.726577
0.976934
1.133534
1.252104
1.377890
1.478996
1.606956
1.735542
1.837480
1.931217
2.064208
2.207236
2.339870
2.476941
2.588739
2.690763
2.798388
2.901139
3.049621
3.215871
3.375148
3.544628
3.700120
3.853704
4.018395
4.185438
4.326144
4.457921
4.593356
4.723374
4.865341
5.010241
5.149049
5.287903
5.455622
5.635000
5.813134
5.999258
6.176589
6.353792
6.539636
6.728165
6.907276
7.084554
7.265087
7.445148
7.632625
7.823381
8.013355
8.205318
8.380210
8.548689
8.719957
8.887598
9.061014
9.235484
9.405973
9.575873
9.755579
9.938759
10.120875
10.305206
10.485404
10.664768
10.846594
11.028639
11.092697
11.106915
11.126466
11.112438
11.127971
11.140912
11.117859
11.081407
11.089224
11.105786
11.106283
11.108730
11.076979
11.029890
10.986166
10.933065
10.932958
10.951362
10.957801
10.973435
10.968409
10.957635
10.957174
10.956220
10.919473
10.868358
10.818358
10.758308
10.709585
10.661090
10.601713
10.539012
10.529945
10.540987
10.546190
10.564012
10.562418
10.557857
10.567149
10.578890
10.567558
10.549022
10.534126
10.514960
10.507870
10.504303
10.495825
10.488185
10.446870
10.391098
10.337609
10.274750
10.219367
10.163016
10.096662
10.026389
9.971279
9.919724
9.863380
9.808270
9.742780
9.672944
9.604795
9.534229
9.485526
9.445172
9.401386
9.362368
9.316280
9.269056
9.227044
9.185968
9.132385
9.074472
9.018109
8.959051
8.905480
8.853144
8.797795
8.742324
8.677064
8.607262
8.537733
8.465154
8.393925
8.321871
8.246604
8.169727
8.097031
8.025018
7.951133
7.877213
7.799796
7.720675
7.641656
7.561511
7.422575
7.258106
7.095008
6.914304
6.746828
6.576875
6.388137
6.191646
6.015488
5.842360
5.660180
5.477722
5.277372
5.068320
4.859680
4.645242
4.455525
4.273654
4.084718
3.899072
3.702099
3.501100
3.303937
3.105320
2.887987
2.662415
2.436176
2.203810
1.975772
1.746633
1.510961
1.272451
1.136347
1.041794
0.939836
0.865043
0.760775
0.655912
0.580381
0.513930
0.405810
0.287322
0.180263
0.068796
-0.015176
-0.088305
-0.167091
-0.240293
-0.364610
-0.508660
-0.644768
-0.792157
-0.923601
-1.052704
-1.194109
-1.337964
-1.452296
-1.556516
-1.664643
-1.766568
-1.881666
-1.999877
-2.111130
-2.222277
-2.382127
-2.561913
-2.739434
-2.930490
-3.107537
-3.284726
-3.476512
-3.673092
-3.852727
-4.028944
-4.210970
-4.392072
-4.586197
-4.786045
-4.984421
-5.186231
-5.361640
-5.527269
-5.697580
-5.862504
-6.036618
-6.212615
-6.382677
-6.552068
-6.737260
-6.928232
-7.117782
-7.311109
-7.498184
-7.684217
-7.874419
-8.065243
-8.165086
-8.226949
-8.293414
-8.334405
-8.399304
-8.462925
-8.499182
-8.525729
-8.586625
-8.654688
-8.711001
-8.769310
-8.801901
-8.823239
-8.847660
-8.865396
-8.926026
-9.002103
-9.069435
-9.144825
-9.204453
-9.260224
-9.324948
-9.390005
-9.427461
-9.454277
-9.482699
-9.503896
-9.534800
-9.566617
-9.590550
-9.612583
-9.677991
-9.760131
-9.838371
-9.927386
-10.001718
-10.074438
-10.158914
-10.246082
-10.315648
-10.380231
-10.448453
-10.514025
-10.589943
-10.669406
-10.745709
-10.823423
-10.875129
-10.916095
-10.959619
-10.996445
-11.039954
-11.083438
-11.119720
-11.153634
-11.200340
-11.250615
-11.297831
-11.346771
-11.388210
-11.426941
-11.467757
-11.507398
-11.486348
-11.439144
-11.393356
-11.329489
-11.279861
-11.227971
-11.156761
-11.077779
-11.019313
-10.963889
-10.899380
-10.834604
-10.751713
-10.660027
-10.568773
-10.471663
-10.436781
-10.425679
-10.405835
-10.400004
-10.373703
-10.344332
-10.330280
-10.319141
-10.275048
-10.219919
-10.169348
-10.112056
-10.070115
-10.032039
-9.986379
-9.940929
-9.932993
-9.940314
-9.946174
-9.962535
-9.967709
-9.972889
-9.989410
-10.009575
-10.017663
-10.023521
-10.033762
-10.043543
-10.063102
-10.087070
-10.110176
-10.136016
-10.140027
-10.135938
-10.135616
-10.130788
-10.133568
-10.137873
-10.137217
-10.135969
-10.147537
-10.163755
-10.178769
-10.196807
-10.209685
-10.221658
-10.236974
-10.252742
-10.197220
-10.111931
-10.030209
-9.928507
-9.845527
-9.761527
-9.656066
-9.542978
-9.456727
-9.376048
-9.286147
-9.197774
-9.089244
-8.971878
-8.856889
-8.736637
-8.650030
-8.575525
-8.494138
-8.419058
-8.331583
-8.241060
-8.157545
-8.074270
-7.969323
-7.856010
-7.743936
-7.626174
-7.516008
-7.406539
-7.290865
-7.173681
-7.083948
-7.004531
-6.922319
-6.846659
-6.761049
-6.673981
-6.594101
-6.515543
-6.425629
-6.332262
-6.240811
-6.147354
-6.060063
-5.974658
-5.886927
-5.799743
-5.694968
-5.582718
-5.471774
-5.356020
-5.244345
-5.132291
-5.015092
-4.895958
-4.784863
-4.675737
-4.564221
-4.453461
-4.337380
-4.219136
-4.101886
-3.983482
-3.903510
-3.839455
-3.772556
-3.715976
-3.649289
-3.582836
-3.527478
-3.475880
-3.407716
-3.335439
-3.267857
-3.198591
-3.140227
-3.086210
-3.030017
-2.976089
-2.905537
-2.828743
-2.754993
-2.677853
-2.606220
-2.535665
-2.461387
-2.386613
-2.322237
-2.261660
-2.200091
-2.140981
-2.077760
-2.013837
-1.952629
-1.891812
-1.809072
-1.717474
-1.627248
-1.531133
-1.441521
-1.352062
-1.256238
-1.158465
-1.068966
-0.981400
-0.891410
-0.802171
-0.707172
-0.609819
-0.513471
-0.415838
-0.330003
-0.248692
-0.165549
-0.084997
-0.000677
0.084225
0.166299
0.247841
0.336123
0.426724
0.516462
0.607632
0.695815
0.783307
0.872404
0.961544
1.061682
1.166689
1.271280
1.379139
1.484856
1.591148
1.700914
1.812201
1.919045
2.025078
2.132906
2.240646
2.351943
2.464901
2.577630
2.691418
2.801703
2.910969
3.021480
3.131671
3.243639
3.356345
3.468654
3.581328
3.697072
3.814253
3.931675
4.050199
4.168201
4.286524
4.406011
4.526088
4.639257
4.749886
4.861433
4.971449
5.084046
5.197122
5.308509
5.419675
5.534127
5.649695
5.764879
5.880770
5.995147
6.109170
6.223988
6.338818
6.457914
6.578916
6.699752
6.821862
6.943189
7.064761
7.187686
7.311218
7.432980
7.554416
7.676569
7.798686
7.922212
8.046396
8.170489
8.295000
8.372242
8.429558
8.489345
8.535840
8.594164
8.651556
8.694697
8.732591
8.788996
8.849311
8.903281
8.958344
8.999682
9.035021
9.072032
9.105490
9.159583
9.220967
9.277797
9.338291
9.390941
9.441490
9.496133
9.550703
9.591411
9.626620
9.662383
9.694337
9.730819
9.767501
9.800050
9.831413
9.886149
9.949838
10.011259
10.078384
10.137480
10.195592
10.259937
10.325625
10.381540
10.434585
10.489490
10.542807
10.601636
10.662262
10.721021
10.780413
10.825767
10.865247
10.905971
10.942986
10.983436
11.023741
11.060068
11.094998
11.136659
11.180108
11.221789
11.264269
11.302602
11.339358
11.377105
11.414096
11.438715
11.457822
11.476686
11.491554
11.509009
11.525667
11.538074
11.548573
11.562296
11.576046
11.587648
11.598689
11.605872
11.610923
11.615543
11.618573
11.627192
11.637399
11.645715
11.654562
11.660427
11.665072
11.670380
11.675082
11.675223
11.673208
11.670769
11.666657
11.663281
11.659390
11.653731
11.647157
11.645086
11.644314
11.642387
11.641053
11.637233
11.632511
11.628502
11.624110
11.616953
11.608517
11.599809
11.590094
11.580903
11.571435
11.560899
11.549834
11.534864
11.517873
11.500493
11.481587
11.462809
11.443328
11.422259
11.400198
11.379004
11.357545
11.335010
11.311985
11.287339
11.261658
11.235532
11.208559
11.230481
11.272764
11.312059
11.364802
11.404757
11.445256
11.500204
11.560200
11.600508
11.636335
11.678352
11.718818
11.773166
11.833349
11.891378
11.952694
11.991978
12.023200
12.058758
12.090050
12.129129
12.169980
12.206115
12.241898
12.291753
12.346932
12.401103
12.458829
12.511389
12.563310
12.619127
12.675755
12.629996
12.541465
12.458218
12.346335
12.261220
12.174635
12.057293
11.929010
11.839739
11.758683
11.664374
11.572408
11.451411
11.317756
11.187671
11.050100
10.960270
10.887625
10.805199
10.731720
10.640695
10.545362
10.459969
10.374928
10.259061
10.131296
10.005304
9.871226
9.747953
9.625676
9.494577
9.361335
9.267858
9.189362
9.106863
9.033891
8.946601
8.857258
8.778364
8.701438
8.608093
8.509791
8.414317
8.315985
8.226637
8.140071
8.050182
7.961135
7.846762
7.721656
7.598487
7.468429
7.344303
7.219677
7.087682
6.952944
6.829861
6.709670
6.586081
6.463635
6.333561
6.200416
6.068757
5.935484
5.907639
5.924053
5.934263
5.973737
5.986573
6.001131
6.047082
6.104376
6.118998
6.124103
6.143041
6.158885
6.205219
6.264540
6.319456
6.381812
6.398663
6.399171
6.409308
6.411065
6.429530
6.452196
6.465545
6.478666
6.521886
6.576820
6.630148
6.691468
6.742466
6.792647
6.851535
6.912650
6.827365
6.681753
6.544829
6.367830
6.231056
6.093540
5.912872
5.717756
5.579422
5.453908
5.310645
5.171851
4.992678
4.796539
4.606626
4.407135
4.279011
4.177425
4.062897
3.962855
3.838371
3.708905
3.595386
3.483729
3.328381
3.157003
2.989563
2.811661
2.650916
2.492986
2.323517
2.152274
2.121037
2.147317
2.165634
2.222340
2.239945
2.258059
2.317536
2.390712
2.410891
2.419320
2.444542
2.465792
2.525256
2.600897
2.670911
2.750158
2.758955
2.741506
2.736608
2.717291
2.722050
2.731626
2.725337
2.717105
2.751531
2.801516
2.847524
2.903649
2.942815
2.979086
3.026528
3.075571
3.003114
2.880893
2.765656
2.617204
2.503093
2.388768
2.238636
2.076804
1.960797
1.855015
1.734861
1.618236
1.468691
1.305271
1.146808
0.980467
0.876186
0.795144
0.703311
0.624347
0.524414
0.420448
0.330623
0.242703
0.117616
-0.020897
-0.155721
-0.299202
-0.427612
-0.553275
-0.688520
-0.824960
-0.911366
-0.978056
-1.048216
-1.105315
-1.178562
-1.252926
-1.313102
-1.369474
-1.444441
-1.524035
-1.598777
-1.675592
-1.740040
-1.799683
-1.861967
-1.921813
-2.011362
-2.112687
-2.210229
-2.314825
-2.410720
-2.505818
-2.608563
-2.713267
-2.802260
-2.886297
-2.973099
-3.057092
-3.149044
-3.243358
-3.334444
-3.426105
-3.459252
-3.467429
-3.478699
-3.473388
-3.481836
-3.488695
-3.477822
-3.460116
-3.466128
-3.477153
-3.479941
-3.484085
-3.470700
-3.449620
-3.430634
-3.407076
-3.406732
-3.414345
-3.416241
-3.421892
-3.418244
-3.411792
-3.409583
-3.406880
-3.387614
-3.361517
-3.335658
-3.304946
-3.279065
-3.252992
-3.221687
-3.188578
-3.252620
-3.356599
-3.454480
-3.578769
-3.676223
-3.773987
-3.900197
-4.035814
-4.133104
-4.221506
-4.321525
-4.418264
-4.541727
-4.676255
-4.806326
-4.942517
-5.031545
-5.102902
-5.182591
-5.252550
-5.338360
-5.427238
-5.505426
-5.582181
-5.687550
-5.803291
-5.916231
-6.035868
-6.143996
-6.250068
-6.363547
-6.477997
-6.530172
-6.557088
-6.587752
-6.601580
-6.633657
-6.666006
-6.680170
-6.688656
-6.720486
-6.757664
-6.787812
-6.819948
-6.835595
-6.844414
-6.855945
-6.863684
-6.904610
-6.958168
-7.006390
-7.061777
-7.106364
-7.149149
-7.199773
-7.251743
-7.284499
-7.310541
-7.338868
-7.362986
-7.395395
-7.429601
-7.459112
-7.488344
-7.563022
-7.656409
-7.747512
-7.851222
-7.942234
-8.033509
-8.138364
-8.247776
-8.340680
-8.430134
-8.525126
-8.619108
-8.725476
-8.837228
-8.947446
-9.060846
-9.150855
-9.232240
-9.317914
-9.398896
-9.488082
-9.579013
-9.664766
-9.750003
-9.849514
-9.954307
-10.057909
-10.164992
-10.266566
-10.367301
-10.471867
-10.577086
-10.614685
-10.624224
-10.637386
-10.631779
-10.644340
-10.656221
-10.647918
-10.632633
-10.643014
-10.658908
-10.666305
-10.675388
-10.665590
-10.647648
-10.632198
-10.611993
-10.624353
-10.648605
-10.666550
-10.690833
-10.703496
-10.713515
-10.730546
-10.748092
-10.745162
-10.734503
-10.725315
-10.710963
-10.704175
-10.698342
-10.686848
-10.674194
-10.690783
-10.718673
-10.744055
-10.776763
-10.799581
-10.821357
-10.851123
-10.882753
-10.902786
-10.919606
-10.938918
-10.956558
-10.981173
-11.008235
-11.033285
-11.059364
-11.067727
-11.068821
-11.071728
-11.070124
-11.073178
-11.076292
-11.074551
-11.071264
-11.076766
-11.084770
-11.090757
-11.097989
-11.100172
-11.100576
-11.102470
-11.103631
-11.125262
-11.155417
-11.183941
-11.217934
-11.246721
-11.275683
-11.310517
-11.347381
-11.375010
-11.400282
-11.428099
-11.454918
-11.487656
-11.522715
-11.556504
-11.591468
-11.613870
-11.631343
-11.650564
-11.666887
-11.686979
-11.707502
-11.724878
-11.741516
-11.765062
-11.790869
-11.815589
-11.841637
-11.864366
-11.886190
-11.909524
-11.932725
-11.949128
-11.962735
-11.976510
-11.988326
-12.002121
-12.015858
-12.027483
-12.038392
-12.051306
-12.064514
-12.076878
-12.089232
-12.099790
-12.109489
-12.119249
-12.128443
-12.141632
-12.156261
-12.170133
-12.184780
-12.197944
-12.210759
-12.224436
-12.238159
-12.249452
-12.259825
-12.270358
-12.280269
-12.291073
-12.301982
-12.312211
-12.322295
-12.329484
-12.335302
-12.341089
-12.345914
-12.351098
-12.355982
-12.359853
-12.363191
-12.367541
-12.371965
-12.375785
-12.379489
-12.382141
-12.384227
-12.386233
-12.387830
-12.390063
-12.392365
-12.394215
-12.395972
-12.397165
-12.398027
-12.398814
-12.399355
-12.399015
-12.398176
-12.397120
-12.395644
-12.394127
-12.392372
-12.390184
-12.387694
-12.398344
-12.414396
-12.429568
-12.448289
-12.463410
-12.478568
-12.497549
-12.517792
-12.532699
-12.546332
-12.561533
-12.576239
-12.594580
-12.614400
-12.633565
-12.653528
-12.667283
-12.678702
-12.691211
-12.702431
-12.715710
-12.729377
-12.741631
-12.753682
-12.769506
-12.786691
-12.803493
-12.821169
-12.837314
-12.853177
-12.870008
-12.886956
-12.842466
-12.771991
-12.704294
-12.619097
-12.549201
-12.477911
-12.387866
-12.290809
-12.216880
-12.147520
-12.069754
-11.993001
-11.898384
-11.795752
-11.694872
-11.589090
-11.510667
-11.441773
-11.366639
-11.296213
-11.215067
-11.130905
-11.052028
-10.972852
-10.875096
-10.769854
-10.665144
-10.555186
-10.451046
-10.346978
-10.237230
-10.125715
-10.120956
-10.160192
-10.192950
-10.254874
-10.287533
-10.320721
-10.385310
-10.460409
-10.493722
-10.517507
-10.554222
-10.587550
-10.650369
-10.725519
-10.795992
-10.873377
-10.899134
-10.905667
-10.921544
-10.926921
-10.949911
-10.976464
-10.991464
-11.005081
-11.050319
-11.107139
-11.161075
-11.222559
-11.271591
-11.318556
-11.373850
-11.430400
-11.400479
-11.335236
-11.275089
-11.191401
-11.132376
-11.073354
-10.988940
-10.896335
-10.836446
-10.783950
-10.721363
-10.661411
-10.578160
-10.485161
-10.395815
-10.300987
-10.250693
-10.217166
-10.176075
-10.144337
-10.097744
-10.048412
-10.009343
-9.971785
-9.907811
-9.834392
-9.763757
-9.687083
-9.621332
-9.557694
-9.487356
-9.416313
-9.380794
-9.359351
-9.335594
-9.321210
-9.295528
-9.269187
-9.253017
-9.239669
-9.213326
-9.183854
-9.157945
-9.130709
-9.112347
-9.097517
-9.080960
-9.066262
-9.030651
-8.986829
-8.945821
-8.899948
-8.860375
-8.821502
-8.777343
-8.731929
-8.697778
-8.667271
-8.634938
-8.604728
-8.569013
-8.531758
-8.496924
-8.461815
-8.452008
-8.453095
-8.452826
-8.459763
-8.461037
-8.463134
-8.472924
-8.485775
-8.488095
-8.488182
-8.491953
-8.495129
-8.506058
-8.520397
-8.533817
-8.549264
-8.555435
-8.558511
-8.564079
-8.568275
-8.576351
-8.585699
-8.593479
-8.601599
-8.616679
-8.634714
-8.652789
-8.673002
-8.691373
-8.709968
-8.730855
-8.752628
-8.696827
-8.608677
-8.524805
-8.419381
-8.334294
-8.248213
-8.138978
-8.021580
-7.934322
-7.853613
-7.762968
-7.674356
-7.563771
-7.443736
-7.326674
-7.204122
-7.117424
-7.043723
-6.962817
-6.888733
-6.801684
-6.711553
-6.628985
-6.546818
-6.441648
-6.327678
-6.215175
-6.096738
-5.986536
-5.877213
-5.761403
-5.644117
-5.590205
-5.561881
-5.529245
-5.513475
-5.478990
-5.443989
-5.427221
-5.415987
-5.379971
-5.337934
-5.302840
-5.265254
-5.244383
-5.230193
-5.212757
-5.198842
-5.151622
-5.091538
-5.036507
-4.974071
-4.922046
-4.871514
-4.812909
-4.752671
-4.711375
-4.676520
-4.639093
-4.605595
-4.563533
-4.519396
-4.479675
-4.439954
-4.389823
-4.335731
-4.282122
-4.225760
-4.173255
-4.121151
-4.066036
-4.010235
-3.957352
-3.905071
-3.851930
-3.799016
-3.743840
-3.687718
-3.631920
-3.575576
-3.527086
-3.481718
-3.435448
-3.391090
-3.344412
-3.297546
-3.252751
-3.208504
-3.160348
-3.111003
-3.062411
-3.013169
-2.966014
-2.919523
-2.872274
-2.825235
-2.819643
-2.831704
-2.842190
-2.864666
-2.877059
-2.890615
-2.917006
-2.948334
-2.964548
-2.978003
-2.997324
-3.016247
-3.047353
-3.084078
-3.119912
-3.159291
-3.112207
-3.029900
-2.954983
-2.857549
-2.784149
-2.711207
-2.613978
-2.509175
-2.442856
-2.386791
-2.321033
-2.260031
-2.175245
-2.081541
-1.993708
-1.901677
-1.887238
-1.904469
-1.914055
-1.943444
-1.951836
-1.959764
-1.989036
-2.024951
-2.023538
-2.011614
-2.008345
-1.999881
-2.013154
-2.034159
-2.048917
-2.066942
-2.053084
-2.026529
-2.004680
-1.975509
-1.955259
-1.935873
-1.908559
-1.879220
-1.868567
-1.864076
-1.856621
-1.852771
-1.840095
-1.825038
-1.814070
-1.802793
-1.763282
-1.712046
-1.661739
-1.603342
-1.552734
-1.501747
-1.442058
-1.379313
-1.325782
-1.273818
-1.218225
-1.162798
-1.099637
-1.032879
-0.966597
-0.898013
-0.844526
-0.796435
-0.745313
-0.697030
-0.643062
-0.587686
-0.535467
-0.483331
-0.421700
-0.356402
-0.291623
-0.224341
-0.160391
-0.096741
-0.030360
0.036690
0.058154
0.060824
0.066174
0.059030
0.064393
0.069506
0.061169
0.048315
0.053096
0.061841
0.065043
0.069612
0.061599
0.048285
0.036884
0.022481
0.030298
0.046364
0.058380
0.074892
0.083766
0.091069
0.103323
0.116138
0.115323
0.109496
0.104876
0.096979
0.094408
0.092696
0.087369
0.081472
0.118793
0.173854
0.226431
0.290840
0.343142
0.395573
0.460755
0.530141
0.583141
0.632490
0.686998
0.740256
0.805288
0.875291
0.943532
1.014599
1.063864
1.104990
1.149968
1.190462
1.238371
1.287743
1.332184
1.375998
1.432968
1.494720
1.555216
1.618812
1.677140
1.734546
1.795377
1.856676
1.921150
1.987557
2.054339
2.122522
2.191408
2.261289
2.332594
2.405046
2.476270
2.547661
2.620303
2.693425
2.768353
2.844406
2.920889
2.998273
3.077203
3.157260
3.238186
3.320173
3.402763
3.486199
3.570715
3.656150
3.742351
3.829423
3.917423
4.006307
4.096196
4.187025
4.278733
4.371363
4.390750
4.379498
4.372364
4.344869
4.336268
4.326600
4.295074
4.255747
4.245308
4.241191
4.227580
4.215951
4.183385
4.141834
4.103163
4.059288
4.048345
4.049280
4.043433
4.043753
4.032061
4.017428
4.009645
4.002125
3.973187
3.935984
3.900032
3.858472
3.824421
3.791069
3.751597
3.710644
3.786645
3.911068
4.028866
4.178920
4.297373
4.416795
4.570917
4.736911
4.857835
4.968819
5.094312
5.216548
5.371350
5.540019
5.704028
5.876001
5.832882
5.701481
5.587560
5.416932
5.304553
5.192237
5.018845
4.825663
4.727407
4.653800
4.555129
4.467395
4.319603
4.148726
3.991563
3.823057
3.864258
3.990826
4.096720
4.256028
4.357941
4.458276
4.616212
4.791840
4.867087
4.914012
4.984037
5.039990
5.154304
5.289301
5.407398
5.534177
5.573153
5.577048
5.593582
5.589756
5.610295
5.633001
5.633680
5.628583
5.674368
5.736765
5.790812
5.854479
5.893728
5.926212
5.969640
6.011969
6.069444
6.134006
6.196864
6.263923
6.329574
6.396415
6.467651
6.541165
6.604712
6.665551
6.729214
6.791753
6.860178
6.930881
7.000189
7.070595
7.098636
7.109016
7.122348
7.124174
7.136886
7.149151
7.149060
7.144654
7.158297
7.176290
7.188941
7.203267
7.205431
7.202639
7.202065
7.198824
7.227047
7.267643
7.304140
7.348023
7.382434
7.415843
7.457272
7.500642
7.527365
7.548764
7.572953
7.594071
7.623471
7.655250
7.683516
7.712279
7.727341
7.736434
7.746604
7.752986
7.762098
7.770710
7.775291
7.778211
7.787895
7.799251
7.808565
7.818510
7.824036
7.827762
7.832315
7.835908
7.868374
7.912762
7.954919
8.004770
8.046967
8.089275
8.139862
8.193213
8.233951
8.271495
8.312509
8.352168
8.399983
8.451001
8.500291
8.551210
8.554779
8.538781
8.526497
8.501611
8.489220
8.476633
8.450491
8.419812
8.409992
8.405486
8.395277
8.387341
8.365990
8.339392
8.315679
8.289315
8.304306
8.335957
8.363102
8.400517
8.426277
8.451415
8.487649
8.527078
8.546006
8.558882
8.576038
8.590009
8.615304
8.644379
8.669703
8.696400
8.705641
8.707700
8.711905
8.711809
8.716108
8.720488
8.720244
8.718535
8.726467
8.737325
8.746214
8.756659
8.761993
8.765673
8.771167
8.776116
8.786872
8.800036
8.812400
8.826167
8.838561
8.850943
8.864830
8.879207
8.890107
8.899918
8.910397
8.920281
8.931923
8.944104
8.955600
8.967244
8.977391
8.986898
8.996616
9.005967
9.015612
9.025231
9.034459
9.043539
9.053576
9.063909
9.074045
9.084338
9.094141
9.103789
9.113619
9.123400
9.172659
9.238712
9.303015
9.378623
9.444669
9.511757
9.590947
9.674763
9.743579
9.809463
9.880877
9.951682
10.034126
10.121823
10.208431
10.298270
10.371158
10.438234
10.509376
10.577729
10.652904
10.730106
10.804159
10.878544
10.964751
11.055812
11.146681
11.240996
11.331806
11.422720
11.517349
11.613236
11.603224
11.549136
11.500946
11.423396
11.373833
11.323044
11.240703
11.147327
11.095045
11.051735
10.994979
10.941057
10.857271
10.760682
10.668209
10.568325
10.517863
10.485394
10.443154
10.410423
10.359974
10.305407
10.261368
10.218003
10.143176
10.056393
9.971748
9.879079
9.797848
9.717950
9.629269
9.538687
9.534876
9.566164
9.591674
9.640361
9.663567
9.686181
9.733841
9.789181
9.810761
9.824227
9.847299
9.867082
9.909831
9.961829
10.009507
10.062113
10.069276
10.058956
10.055662
10.042353
10.043398
10.046601
10.038874
10.029028
10.045204
10.070302
10.091998
10.119182
10.134765
10.147623
10.166636
10.185762
10.167145
10.133173
10.100994
10.058387
10.026896
9.995437
9.952718
9.906400
9.873090
9.842436
9.807406
9.773137
9.728930
9.680388
9.633027
9.583084
9.554203
9.533198
9.508623
9.488449
9.461095
9.432370
9.408483
9.385252
9.349670
9.309652
9.270884
9.229261
9.192709
9.157110
9.118348
9.079222
9.072553
9.079189
9.084024
9.097766
9.102341
9.106998
9.121256
9.138666
9.143979
9.146640
9.153162
9.158802
9.173238
9.191412
9.208325
9.227385
9.229773
9.225941
9.225040
9.220705
9.222052
9.224519
9.223211
9.221421
9.229649
9.241514
9.252419
9.265682
9.274925
9.283460
9.294601
9.306094
9.304558
9.297920
9.292228
9.283169
9.278385
9.273942
9.265836
9.256784
9.252613
9.249688
9.245544
9.241982
9.235242
9.227292
9.220073
9.212261
9.212294
9.215465
9.217690
9.221813
9.223697
9.225417
9.229192
9.233527
9.233787
9.232794
9.232573
9.231662
9.232885
9.234775
9.235865
9.237152
9.256281
9.283009
9.309167
9.340532
9.367514
9.395013
9.428086
9.463309
9.492306
9.520252
9.550735
9.581147
9.616772
9.654851
9.692651
9.732033
9.763232
9.791661
9.822079
9.851179
9.883669
9.917194
9.949225
9.981463
10.019391
10.059678
10.099924
10.141861
10.182162
10.222556
10.264770
10.307629
10.306241
10.286522
10.269392
10.240088
10.222670
10.204878
10.173992
10.138619
10.120545
10.106342
10.086643
10.068252
10.037494
10.001505
9.967359
9.930237
9.914047
9.905564
9.893112
9.884800
9.869166
9.851936
9.839275
9.827035
9.801707
9.771491
9.742311
9.709896
9.682429
9.655661
9.625338
9.594355
9.604666
9.631862
9.656566
9.692493
9.716713
9.740947
9.777285
9.817540
9.841977
9.862801
9.888459
9.912805
9.948322
9.988491
10.026858
10.067821
10.087798
10.099871
10.115521
10.126768
10.145004
10.164529
10.179223
10.193204
10.219674
10.250613
10.280238
10.312720
10.340047
10.366381
10.395884
10.425725
10.470014
10.520943
10.571624
10.626842
10.679828
10.733965
10.792892
10.854161
10.909801
10.964652
11.022206
11.079945
11.142696
11.207952
11.273204
11.340160
11.342046
11.317044
11.296610
11.258629
11.238030
11.217087
11.177268
11.131096
11.112187
11.099903
11.079718
11.062162
11.026325
10.983104
10.943331
10.899629
10.884569
10.880221
10.870597
10.866782
10.853363
10.838021
10.829064
10.820905
10.794858
10.762250
10.731290
10.696063
10.667851
10.640798
10.609039
10.576562
10.531691
10.480712
10.429488
10.373984
10.319394
10.263160
10.202455
10.139175
10.080489
10.022079
9.960769
9.898840
9.832025
9.762534
9.692591
9.620683
9.574155
9.537458
9.497630
9.463764
9.421758
9.378752
9.342243
9.307169
9.259478
9.207779
9.158160
9.106211
9.060631
9.016889
8.970478
8.924468
8.865828
8.801719
8.738548
8.671876
8.607838
8.543379
8.475191
8.405496
8.341813
8.279587
8.215514
8.151974
8.084435
8.015249
7.946773
7.877403
7.872783
7.895370
7.914245
7.951148
7.971722
7.993402
8.034419
8.082452
8.104480
8.120780
8.145619
8.168652
8.210425
8.260229
8.307425
8.359258
8.383057
8.396823
8.416579
8.431214
8.456225
8.483885
8.505844
8.527718
8.568198
8.615951
8.662769
8.714566
8.760052
8.805086
8.855541
8.907422
8.893023
8.851665
8.814684
8.759914
8.724194
8.688708
8.634019
8.573287
8.538595
8.510118
8.474109
8.440564
8.389228
8.330679
8.275388
8.216220
8.190766
8.178185
8.160163
8.149428
8.127851
8.104500
8.089117
8.075144
8.041496
8.000982
7.962839
7.920405
7.886472
7.854396
7.817530
7.780396
7.755908
7.736168
7.715568
7.698166
7.676000
7.653215
7.633939
7.615361
7.592678
7.568947
7.546143
7.522809
7.502185
7.482564
7.462284
7.442481
7.413392
7.380507
7.348510
7.314128
7.282247
7.250408
7.215999
7.180781
7.149978
7.120403
7.089779
7.059751
7.027117
6.993542
6.960689
6.927426
6.953464
7.004620
7.052800
7.117764
7.168179
7.219953
7.289704
7.366201
7.419521
7.468044
7.524693
7.580096
7.652889
7.733357
7.811852
7.894946
7.952691
8.001597
8.056341
8.106741
8.167021
8.230088
8.288279
8.346749
8.422603
8.505469
8.587834
8.675113
8.756966
8.838761
8.925872
9.014643
8.997184
8.935867
8.880890
8.796810
8.741656
8.685843
8.598707
8.500997
8.444784
8.397957
8.338147
8.281604
8.195601
8.097221
8.003390
7.902574
7.852811
7.821979
7.781752
7.751805
7.704277
7.653091
7.613230
7.574612
7.504503
7.422777
7.343786
7.257179
7.182793
7.110328
7.029475
6.947247
6.913831
6.899652
6.881879
6.876759
6.855979
6.834084
6.825935
6.821455
6.798278
6.770321
6.747077
6.721617
6.708289
6.699583
6.688099
6.678883
6.641279
6.592366
6.547002
6.494843
6.450865
6.407560
6.356896
6.304282
6.266644
6.233685
6.198003
6.164942
6.124195
6.081117
6.041061
6.000385
5.969224
5.942141
5.914030
5.888400
5.860790
5.833391
5.808638
5.784900
5.755891
5.725395
5.696199
5.666300
5.639433
5.613663
5.587047
5.560905
5.532533
5.503345
5.474737
5.445759
5.417513
5.389466
5.361008
5.332546
5.305880
5.279933
5.253901
5.228360
5.202256
5.176132
5.150541
5.125107
5.083697
5.035620
4.988399
4.936726
4.889237
4.841532
4.789045
4.734865
4.686840
4.640135
4.591373
4.543007
4.490114
4.435262
4.380998
4.325586
4.277588
4.232268
4.185446
4.140025
4.091904
4.043131
3.995914
3.948767
3.896851
3.843102
3.789645
3.734949
3.681944
3.629108
3.574919
3.520413
3.548301
3.610956
3.669719
3.751842
3.813278
3.876445
3.964657
4.062145
4.128372
4.188296
4.259371
4.328926
4.422344
4.526384
4.627911
4.735873
4.729200
4.676499
4.635383
4.565488
4.528691
4.493717
4.427617
4.352633
4.331763
4.326459
4.309377
4.300309
4.260371
4.209806
4.168773
4.123548
4.142302
4.187323
4.225321
4.279415
4.316923
4.354172
4.408743
4.468806
4.495851
4.513254
4.537904
4.557624
4.595743
4.640147
4.678712
4.719685
4.737444
4.745836
4.757676
4.764136
4.776731
4.789780
4.797022
4.802657
4.822238
4.846386
4.868222
4.892691
4.910512
4.926495
4.945471
4.964155
4.933765
4.882675
4.833422
4.770054
4.719214
4.667286
4.600220
4.527531
4.472189
4.419992
4.361103
4.302678
4.230188
4.151223
4.073291
3.991274
3.932538
3.881904
3.826046
3.774227
3.713230
3.649668
3.590641
3.531369
3.456532
3.375436
3.294795
3.209766
3.129650
3.049616
2.964832
2.878586
2.864853
2.880784
2.892038
2.922882
2.933332
2.943790
2.975368
3.013777
3.023586
3.026664
3.038213
3.047185
3.075889
3.112677
3.146013
3.183759
3.185582
3.173822
3.168148
3.154893
3.153458
3.154144
3.146523
3.137612
3.150105
3.170222
3.188015
3.210659
3.224393
3.236364
3.253721
3.271600
3.255656
3.226134
3.198654
3.162099
3.135862
3.109979
3.074272
3.035644
3.009378
2.985961
2.958909
2.932956
2.898293
2.860055
2.823300
2.784578
2.764914
2.752594
2.737429
2.726513
2.709571
2.691755
2.678575
2.666320
2.643385
2.616831
2.591732
2.564425
2.541975
2.520712
2.496965
2.473232
2.452808
2.433536
2.414116
2.395522
2.375390
2.354975
2.335481
2.316083
2.296025
2.275830
2.255769
2.235632
2.216024
2.196619
2.177112
2.157714
2.135007
2.110932
2.087111
2.062407
2.038576
2.014730
1.989933
1.964818
1.941147
1.917839
1.894132
1.870578
1.846088
1.821228
1.796564
1.771712
1.784370
1.812921
1.839661
1.877050
1.905224
1.934275
1.974733
2.019479
2.049738
2.077049
2.109515
2.141260
2.183993
2.231610
2.278047
2.327433
2.265104
2.156498
2.055753
1.924837
1.823433
1.721280
1.586686
1.441061
1.342554
1.255490
1.154720
1.058469
0.930630
0.790018
0.655337
0.513850
0.501433
0.541375
0.568752
0.628987
0.653303
0.676404
0.734966
0.804244
0.811468
0.801065
0.804712
0.799506
0.830125
0.873326
0.905930
0.943714
0.927183
0.888847
0.858131
0.814688
0.786096
0.758666
0.717482
0.672562
0.658846
0.655200
0.646233
0.643025
0.624586
0.601803
0.585595
0.568537
0.516790
0.450580
0.385037
0.309327
0.243212
0.176487
0.098828
0.017248
-0.054120
-0.124138
-0.198743
-0.273585
-0.357892
-0.446823
-0.535629
-0.627550
-0.560341
-0.426868
-0.303481
-0.136482
-0.010969
0.116261
0.290344
0.480775
0.606189
0.716561
0.847030
0.972118
1.142484
1.331722
1.513596
1.705974
1.720034
1.662363
1.623195
1.539405
1.506523
1.476351
1.397939
1.305661
1.299140
1.317504
1.317434
1.330262
1.294699
1.242638
1.205869
1.162751
1.198137
1.265572
1.323171
1.399916
1.456261
1.511856
1.588071
1.670549
1.709759
1.735678
1.770109
1.797352
1.847198
1.904194
1.952843
2.003683
1.999633
1.972369
1.949675
1.912236
1.887653
1.862115
1.820794
1.773672
1.752662
1.738373
1.716827
1.698108
1.662838
1.621082
1.582907
1.541465
1.518867
1.503134
1.483235
1.466775
1.443751
1.419104
1.398268
1.377598
1.343764
1.304809
1.266624
1.224973
1.187821
1.151039
1.110482
1.068968
1.048371
1.035827
1.021360
1.012065
0.995658
0.978445
0.966876
0.956577
0.937719
0.916412
0.896835
0.875939
0.860016
0.845775
0.829968
0.814810
0.795390
0.774295
0.754042
0.732911
0.712953
0.693170
0.672435
0.651502
0.633573
0.616728
0.599541
0.583034
0.565325
0.547386
0.530201
0.513102
0.522804
0.544030
0.564195
0.592147
0.613908
0.636571
0.667554
0.701843
0.725995
0.748265
0.774461
0.800373
0.834363
0.872073
0.909171
0.948607
0.977095
1.001954
1.029701
1.055818
1.086605
1.118921
1.149371
1.180238
1.219123
1.261419
1.303786
1.348630
1.391359
1.434356
1.480009
1.526694
1.542367
1.545609
1.551277
1.548869
1.555753
1.563064
1.561632
1.557665
1.566439
1.578520
1.587358
1.597714
1.599958
1.599118
1.600175
1.599734
1.518206
1.401676
1.287107
1.148384
1.028487
0.905491
0.756694
0.597460
0.465958
0.338634
0.199104
0.059275
-0.104880
-0.280819
-0.456115
-0.639237
