0.011341
-0.064098
-0.019440
0.059006
-0.546182
-0.100931
-0.311340
-0.380870
-0.312442
-0.188723
-0.075614
0.073499
0.181179
0.286978
0.431749
0.587834
0.513956
0.351658
0.180548
-0.060097
-0.125966
-0.150987
-1.620904
-1.044157
-1.171081
-0.791320
-0.492699
-0.065674
0.153021
0.334652
0.657539
1.001103
0.804841
0.403531
0.048022
-0.441250
-0.545923
-0.544783
-0.698329
-0.827381
-0.588868
-0.198857
0.199430
0.711153
0.636254
0.365782
0.238095
0.017397
-0.088392
-0.173755
-0.359219
-0.565536
-0.493709
-0.323903
-0.188472
0.007700
0.228840
0.485428
0.803543
1.167093
1.156467
1.014437
0.936062
0.783572
0.286531
-0.385106
-1.118102
-1.995508
-1.609447
-0.759953
-0.114912
0.794093
0.863741
0.678294
0.800659
0.845577
1.114291
1.474532
1.747400
2.049678
1.616907
0.875907
0.196349
-0.679339
-1.293735
-1.882354
-2.684780
-3.538433
-3.040886
-2.015053
-1.102207
0.153205
0.968261
1.744513
2.893466
4.136190
3.690804
2.610538
1.703088
0.392904
-0.314984
-0.937023
-2.000555
-3.147935
-3.195110
-2.860192
-2.663015
-2.228894
-2.163043
-2.157439
-1.891774
-1.582681
-1.036851
-0.342402
0.388861
1.230500
2.134014
3.119478
4.216825
5.406733
4.945914
3.837937
2.897838
1.551110
0.725534
-0.051070
-1.269739
-2.598372
-2.844265
-2.727796
-2.775355
-2.608248
-2.779846
-3.012336
-3.009312
-2.970476
-2.435518
-1.647742
-0.842414
0.141390
1.109596
2.156660
3.389289
4.736178
4.637518
3.996974
3.538508
2.750515
2.476552
2.286168
1.733949
1.121367
0.549221
-0.072321
-0.760968
-1.497035
-2.408818
-3.424695
-4.482617
-5.625813
-5.425511
-4.697967
-4.116958
-3.208965
-2.719703
-2.270897
-1.466717
-0.574624
-0.108456
0.255311
0.731270
1.161880
1.885667
2.724828
3.505296
4.345900
4.313435
3.931448
3.648889
3.152397
2.906518
2.677552
2.217113
1.692646
1.127442
0.490389
-0.213027
-0.982663
-1.872470
-2.851467
-3.894359
-5.018959
-5.054789
-4.672405
-4.422054
-3.916613
-3.771361
-3.673810
-3.297718
-2.863600
-2.412835
-1.898299
-1.322203
-0.688265
0.080229
0.939600
1.853534
2.847518
3.190294
3.299273
3.519629
3.608860
3.947792
4.343317
4.593225
4.834133
4.685850
4.352330
4.025118
3.572574
3.162034
2.711303
2.129070
1.476499
0.854135
0.197738
-0.533821
-1.310109
-2.199564
-3.166092
-4.174641
-5.249170
-5.459379
-5.337191
-5.320905
-5.102390
-5.168238
-5.271529
-5.154061
-4.990318
-4.607598
-4.086644
-3.525475
-2.859228
-2.135971
-1.334958
-0.427310
0.568184
1.128993
1.557302
2.096137
2.573881
3.271857
4.046616
4.749518
5.481147
5.580991
5.417865
5.311145
5.038295
4.924021
4.805344
4.508305
4.150101
3.926808
3.713370
3.429381
3.134278
2.695119
2.181986
1.662997
1.091597
0.537586
-0.034207
-0.661049
-1.317808
-2.026833
-2.777945
-3.558209
-4.376134
-4.640947
-4.691148
-4.797519
-4.768651
-4.836490
-4.888051
-4.748451
-5.118549
-4.910997
-4.676267
-4.494988
-4.262550
-3.954199
-3.595233
-3.187006
-2.726062
-2.259621
-1.760921
-1.207496
-0.615085
0.040452
0.746914
1.491444
2.282721
2.657643
2.881345
3.171691
3.375442
3.735630
4.128858
4.426231
4.714866
4.980809
5.222850
5.456063
5.671917
5.856146
6.017850
6.162877
6.286903
6.105385
5.782251
5.450419
5.016169
4.631228
4.218352
3.697262
3.122256
2.632531
2.142368
1.591858
1.024495
0.353087
-0.376879
-1.120284
-1.907866
-2.395985
-2.778808
-3.220380
-3.605897
-4.109657
-4.643682
-5.115048
-5.586457
-5.860289
-6.043437
-6.234650
-6.365877
-6.526164
-6.671559
-6.753671
-6.804954
-6.717728
-6.550419
-6.356667
-6.099468
-5.827767
-5.517365
-5.141700
-4.718594
-4.312648
-3.884861
-3.406707
-2.898703
-2.322218
-1.697273
-1.043981
-0.348668
0.138316
0.559351
1.033093
1.476297
2.018111
2.593155
3.132753
3.683284
4.162364
4.612412
5.076575
5.525573
5.991497
6.459010
6.910207
7.357000
7.449128
7.386556
7.334586
7.177077
7.096513
7.000354
6.791711
6.536046
6.337336
6.128915
5.868468
5.587364
5.214284
4.786878
4.341641
3.853621
3.553147
3.310536
3.015409
2.744910
2.383296
1.988891
1.623494
1.245425
0.785188
0.287122
-0.220287
-0.758100
-1.279163
-1.808336
-2.369778
-2.946977
-3.296835
-3.560760
-3.851055
-4.088229
-4.405092
-4.733763
-5.004217
-5.263871
-5.563962
-5.870032
-6.162717
-6.456790
-6.713340
-6.953157
-7.195922
-7.428128
-7.407483
-7.274615
-7.141741
-6.929500
-6.769531
-6.594611
-6.335280
-6.038560
-5.819540
-5.607121
-5.351979
-5.089979
-4.748501
-4.365468
-3.978423
-3.561783
-3.236843
-2.936627
-2.601788
-2.273515
-1.893944
-1.491957
-1.098702
-0.693226
-0.206599
0.319361
0.854403
1.420334
1.975452
2.541405
3.139872
3.756106
4.116598
4.380041
4.673162
4.906351
5.228083
5.562548
5.831392
6.087657
6.409122
6.745486
7.065496
7.392434
7.671936
7.932768
8.202687
8.462700
8.521634
8.491331
8.459515
8.363945
8.310559
8.245086
8.111785
7.948428
7.735045
7.479109
7.193677
6.870455
6.510629
6.114397
5.680390
5.209374
4.953835
4.768638
4.535539
4.337838
4.036209
3.701875
3.408284
3.105698
2.704630
2.261755
1.753192
1.186659
0.709869
0.237144
-0.299980
-0.853099
-1.168364
-1.396737
-1.652434
-1.853853
-2.140678
-2.441300
-2.682270
-2.913368
-3.242536
-3.602489
-3.947520
-4.311013
-4.623445
-4.921222
-5.240193
-5.555907
-5.832384
-6.092885
-6.351875
-6.598580
-6.858128
-7.117223
-7.363036
-7.604345
-7.734543
-7.813947
-7.893373
-7.937241
-7.999811
-8.053679
-8.069931
-8.068079
-8.044893
-8.000163
-7.937314
-7.854401
-7.748283
-7.620972
-7.473747
-7.305659
-7.125133
-6.927429
-6.708507
-6.471191
-6.211255
-5.930828
-5.632166
-5.313748
-5.057554
-4.816647
-4.552462
-4.292123
-3.992606
-3.675756
-3.364394
-3.043095
-2.680522
-2.296311
-1.903638
-1.492854
-1.084385
-0.667518
-0.231735
0.215785
0.526826
0.787300
1.065959
1.314208
1.612304
1.919284
2.192780
2.461471
2.796139
3.153082
3.501940
3.864782
4.197005
4.521896
4.862520
5.203160
5.455831
5.672744
5.893592
6.090044
6.312587
6.535217
6.731499
6.919372
7.148789
7.389152
7.618812
7.853445
8.062146
8.261011
8.466058
8.666380
8.730435
8.734950
8.740497
8.704153
8.698274
8.685835
8.628727
8.552765
8.519179
8.490060
8.439241
8.385768
8.290807
8.174652
8.057366
7.925275
7.787586
7.640457
7.478234
7.304572
7.117995
6.918964
6.708528
6.486037
6.306478
6.138330
5.955760
5.776946
5.572938
5.358443
5.148808
4.933659
4.688253
4.427904
4.163190
3.886412
3.613248
3.335508
3.045089
2.747512
2.451385
2.151179
1.843400
1.530641
1.206973
0.875527
0.539337
0.196327
-0.128303
-0.448812
-0.777209
-1.105085
-1.445266
-1.791272
-2.136272
-2.484876
-2.850270
-3.224390
-3.601510
-3.985774
-4.369054
-4.755581
-5.149568
-5.548148
-5.777168
-5.936982
-6.108921
-6.235632
-6.410034
-6.584818
-6.710825
-6.821307
-7.001377
-7.198616
-7.376396
-7.561310
-7.700030
-7.820379
-7.949949
-8.069943
-8.172837
-8.264945
-8.347949
-8.420215
-8.490397
-8.553695
-8.605895
-8.649926
-8.682933
-8.706245
-8.721488
-8.727587
-8.725327
-8.714371
-8.694245
-8.665258
-8.643775
-8.620361
-8.587378
-8.550212
-8.500123
-8.441563
-8.368246
-8.283312
-8.267230
-8.273438
-7.780186
-8.022958
-7.805754
-7.684855
-7.554658
-7.416929
-7.281917
-7.143547
-6.997188
-6.846144
-6.684550
-6.515424
-6.341840
-6.161713
-5.970590
-5.771251
-5.565577
-5.352193
-5.133974
-4.909414
-4.677030
-4.437834
-4.110177
-3.740860
-3.368242
-2.965331
-2.575103
-2.175726
-1.744417
-1.296577
-1.082595
-0.956992
-0.803939
-0.705385
-0.524933
-0.332266
-0.199328
-0.077407
0.221883
0.585156
0.928901
1.313101
1.625909
1.925230
2.269353
2.618658
2.906469
3.175286
3.452476
3.717816
4.016457
4.324600
4.619108
4.915793
5.017817
5.036591
5.065903
5.040075
5.059390
5.073191
5.028048
4.960022
5.228958
5.624306
5.980967
6.416087
6.730183
7.025453
7.414385
7.821531
7.913852
7.890670
8.235134
8.005788
8.193664
8.329101
8.399001
8.460620
8.609011
8.783504
9.056364
9.392499
9.018909
9.625346
9.646501
9.802722
9.840579
9.829390
9.821023
9.778341
9.769054
9.758195
9.710396
9.649678
9.624523
9.604535
9.569347
9.533878
9.466490
9.383779
9.302033
9.210137
9.140807
9.076424
9.000569
8.924540
8.833780
8.735455
8.637495
8.534585
8.406660
8.265810
8.120918
7.965601
7.811802
7.653336
7.483980
7.307965
7.189488
7.091219
6.983490
6.887297
6.767599
6.642306
6.529893
6.417849
6.275909
6.122784
5.971433
5.812430
5.664908
5.518875
5.364439
5.208341
5.014433
4.802767
4.590945
4.366730
4.147588
3.924779
3.688924
3.446336
3.217248
2.989368
2.753834
2.517038
2.266698
2.009194
1.750908
1.487497
1.266358
1.060723
0.847954
0.643891
0.424518
0.201956
-0.010992
-0.222964
-0.458918
-0.703600
-0.946162
-1.194452
-1.433109
-1.670127
-1.913473
-2.157723
-2.375567
-2.583270
-2.793097
-2.996280
-3.208625
-3.421980
-3.628079
-3.832534
-4.029970
-4.222881
-4.414335
-4.602304
-4.788241
-4.971526
-5.151281
-5.328076
-5.519171
-5.714591
-5.906302
-6.099975
-6.286331
-6.470099
-6.656185
-6.841271
-6.940361
-7.002637
-7.067604
-7.107357
-7.167722
-7.225327
-7.255965
-7.276017
-7.473812
-7.739420
-7.986192
-8.275549
-8.503710
-8.723793
-8.990447
-9.266652
-9.328937
-9.309607
-9.309757
-9.257298
-9.279747
-9.311478
-9.285675
-9.247673
-9.329850
-9.451355
-9.554593
-9.681213
-9.749861
-9.802864
-9.882426
-9.959820
-9.981751
-9.981878
-9.982363
-9.966909
-9.970873
-9.975670
-9.963133
-9.945666
-9.958964
-9.981206
-9.996882
-10.017212
-10.020216
-10.017335
-10.019967
-10.020352
-9.993495
-9.954579
-9.914554
-9.865522
-9.822645
-9.778048
-9.723853
-9.665419
-9.599623
-9.527692
-9.451615
-9.370118
-9.283525
-9.191785
-9.094622
-8.992201
-8.887940
-8.779858
-8.666369
-8.548593
-8.424680
-8.295573
-8.162251
-8.024053
-7.894646
-7.766248
-7.632389
-7.497611
-7.354840
-7.207659
-7.059827
-6.908805
-6.747602
-6.580504
-6.410538
-6.235511
-6.059755
-5.881013
-5.697040
-5.509366
-5.354856
-5.212169
-5.064178
-4.922984
-4.768685
-4.611434
-4.461741
-4.312492
-4.145991
-3.973159
-3.801591
-3.625767
-3.456823
-3.288947
-3.116378
-2.943041
-2.747793
-2.542365
-2.337049
-2.124690
-1.915507
-1.704388
-1.485842
-1.263564
-1.049383
-0.836113
-0.618572
-0.400497
-0.174709
0.055064
0.285090
0.517909
0.715551
0.899562
0.738931
0.421543
2.190609
0.839148
1.373971
1.470015
1.600963
1.740884
1.871509
2.006080
2.118332
2.221954
2.330548
2.434849
2.626227
2.853172
3.071958
3.313160
3.530706
3.747827
3.989107
4.237962
4.350411
4.410926
4.485357
4.526929
4.615994
4.711343
4.770739
4.822812
5.002815
5.230013
5.443828
5.687611
5.882636
6.069542
6.289466
6.514471
6.687688
6.844747
7.009562
7.164620
7.346975
7.537194
7.716199
7.897008
8.055497
8.204147
8.355537
8.501120
8.650431
8.798897
8.941212
9.080908
9.204762
9.319996
9.433153
9.539710
9.645791
9.748355
9.844092
9.935224
10.046381
10.163177
10.188810
10.180416
10.668985
10.388727
10.575474
10.653271
10.675342
10.672098
10.667840
10.645387
10.633175
10.616688
10.580916
10.536020
10.523860
10.519312
10.503753
10.490542
10.454991
10.409869
10.368054
10.320795
10.334011
10.370759
10.399290
10.441756
10.465431
10.486770
10.523279
10.563158
10.555522
10.530854
10.511844
10.482229
10.471883
10.465365
10.447083
10.427629
10.428040
10.435109
10.440015
10.449224
10.448966
10.446468
10.448815
10.451172
10.425837
10.389236
10.353877
10.310836
10.275980
10.241138
10.198001
10.152206
10.115762
10.081172
10.043364
10.006045
9.961457
9.913665
9.866667
9.817737
9.732523
9.631049
9.529145
9.415595
9.309266
9.200506
9.079376
8.952609
8.870532
8.803518
8.728643
8.662214
8.575913
8.484282
8.402189
8.319552
8.211524
8.093448
7.975979
7.851371
7.735286
7.619545
7.496052
7.370324
7.251122
7.132829
7.011880
6.890917
6.763931
6.634095
6.504484
6.372994
6.223368
6.065168
5.905808
5.740016
5.576923
5.411842
5.239978
5.064581
4.964839
4.894915
4.818019
4.760139
4.678544
4.595030
4.532169
4.474687
4.302988
4.087397
3.882462
3.649398
3.455321
3.265780
3.045524
2.818454
2.676797
2.565038
2.442297
2.337938
2.197191
2.048412
1.920144
1.792985
1.646428
1.494308
1.344337
1.190619
1.048835
0.910601
0.767991
0.626446
0.489323
0.354116
0.219787
0.087197
-0.046782
-0.180443
-0.312237
-0.443235
-0.581017
-0.721116
-0.860082
-1.000371
-1.137702
-1.274275
-1.412334
-1.550358
-1.684972
-1.818276
-1.951701
-2.084203
-2.217946
-2.351799
-2.484642
-2.617239
-2.763519
-2.915397
-3.066422
-3.221157
-3.372037
-3.522926
-3.677814
-3.833999
-3.984861
-4.134488
-4.285720
-4.436493
-4.590984
-4.747011
-4.902415
-5.058668
-5.190512
-5.312302
-5.436018
-5.553257
-5.677026
-5.800743
-5.917489
-6.031936
-6.157088
-6.284980
-6.409975
-6.536155
-6.655473
-6.772120
-6.890266
-7.007072
-7.145872
-7.293561
-7.438927
-7.589798
-7.734526
-7.878974
-8.029369
-8.181511
-8.205946
-8.177490
-8.156398
-8.100130
-8.078271
-8.055349
-7.994590
-7.920876
-8.004043
-8.143885
-8.263252
-8.417078
-8.509260
-8.589192
-8.707290
-8.829359
-8.880121
-8.906445
-8.940257
-8.958254
-9.008789
-9.066550
-9.106595
-9.145934
-9.256192
-9.394417
-9.528713
-9.681953
-9.811988
-9.940610
-10.089812
-10.244651
-10.307647
-10.336384
-10.375081
-10.392236
-10.443174
-10.499447
-10.532043
-10.560642
-10.599817
-10.639113
-10.673626
-10.707281
-10.727471
-10.741021
-10.754226
-10.762747
-10.766261
-10.765413
-10.759929
-10.749899
-10.736571
-10.719219
-10.697265
-10.671118
-10.700552
-10.751183
-10.795041
-10.851836
-10.889819
-10.925142
-10.974615
-11.026869
-11.052491
-11.069582
-11.090814
-11.106991
-11.136511
-11.169777
-11.197268
-11.225470
-11.232377
-11.229945
-11.229122
-11.222351
-11.219672
-11.216117
-11.206243
-11.193703
-11.191647
-11.192134
-11.189359
-11.187498
-11.178680
-11.166984
-11.156508
-11.144466
-11.123618
-11.098419
-11.071988
-11.042062
-11.013165
-10.982938
-10.949038
-10.913060
-10.877611
-10.841025
-10.802236
-10.762034
-10.718641
-10.672995
-10.626004
-10.577049
-10.597335
-10.646020
-10.701545
-10.780621
-10.749437
-10.683098
-11.173063
-10.858587
-10.882715
-10.732854
-10.596651
-10.420579
-10.294816
-10.173223
-10.008300
-9.832220
-9.787671
-9.789271
-9.773307
-9.785424
-9.742080
-9.686436
-9.662113
-9.639480
-9.559233
-9.458581
-9.362412
-9.252487
-9.167568
-9.087319
-8.991787
-8.894589
-8.825264
-8.765401
-8.702488
-8.645664
-8.575904
-8.503170
-8.395553
-8.270331
-8.455952
-8.761891
-7.183530
-8.452584
-7.982671
-7.907641
-7.830012
-7.752188
-7.594808
-7.403211
-7.214820
-7.003335
-6.810174
-6.614327
-6.393810
-6.163476
-6.127184
-6.166245
-6.186582
-6.254811
-6.259306
-6.257143
-6.307155
-6.369498
-6.302792
-6.192480
-6.100911
-5.983219
-5.924158
-5.879788
-5.805996
-5.732778
-5.567356
-5.359856
-5.156691
-4.925888
-4.709113
-4.485815
-4.233338
-3.966873
-3.965778
-4.067953
-4.143975
-4.285362
-4.340434
-4.386641
-4.504026
-4.638402
-4.463329
-4.172085
-3.912339
-3.578788
-3.357734
-3.153297
-2.867860
-2.567656
-2.490496
-2.492744
-2.469445
-2.496107
-2.430357
-2.345994
-2.317130
-2.293371
-2.180290
-2.037473
-1.904234
-1.751678
-1.642323
-1.543312
-1.422518
-1.301876
-1.191261
-1.082678
-0.973648
-0.866441
-0.750378
-0.631353
-0.514595
-0.396475
-0.279784
-0.163304
-0.045371
0.072931
0.192176
0.312151
0.432477
0.553394
0.676729
0.801406
0.926594
1.052884
1.179250
1.306220
1.434331
1.563219
1.683570
1.800774
1.919159
2.035667
2.155320
2.275558
2.393727
2.511622
2.616327
2.715070
2.814084
2.909022
3.006277
3.102638
3.194683
3.284717
3.379756
3.475526
3.568965
3.662284
3.751196
3.837929
3.924710
4.010024
4.056607
4.086027
4.115598
4.133091
4.158609
4.181899
4.192340
4.197118
4.330266
4.514021
4.686278
4.890951
5.055291
5.216442
5.412796
5.618364
5.642000
5.596269
5.568201
5.495877
5.486958
5.486150
5.436937
5.377641
5.493234
5.673391
5.835187
6.037944
6.174206
6.299425
6.469768
6.647095
6.777048
6.894895
7.022372
7.143258
7.295810
7.459769
7.615614
7.776706
7.814826
7.802222
7.800285
7.766096
7.764219
7.762107
7.725299
7.677039
7.771752
7.918258
8.046469
8.206307
8.310235
8.403257
8.531282
8.663171
8.730690
8.776338
8.829038
8.867673
8.936109
9.011380
9.070864
9.129988
9.209741
9.296431
9.381734
9.471883
9.551931
9.629804
9.713117
9.796657
9.869961
9.939591
10.009940
10.077789
10.149974
10.222909
10.293075
10.362874
10.398018
10.417952
10.438977
10.449669
10.467585
10.483847
10.489110
10.489683
10.536353
10.599276
10.655268
10.720809
10.767441
10.809768
10.862740
10.916221
10.942425
10.958390
10.976143
10.986970
11.008100
11.030559
11.045419
11.058758
11.080771
11.104959
11.127138
11.150401
11.167837
11.183090
11.199698
11.215244
11.242378
11.274089
11.304210
11.337027
11.366441
11.395503
11.427489
11.460193
11.486514
11.510764
11.536056
11.560147
11.587343
11.615408
11.642102
11.668950
11.690348
11.709355
11.728744
11.746598
11.765503
11.784177
11.801220
11.817571
11.830974
11.842625
11.853674
11.863335
11.872568
11.880906
11.887819
11.893660
11.902562
11.912114
11.920413
11.928808
11.935023
11.940223
11.945605
11.950360
11.952565
11.953412
11.953719
11.952889
11.952141
11.950838
11.948350
11.945108
11.943442
11.941969
11.939636
11.937194
11.933302
11.928651
11.923944
11.918702
11.911924
11.904235
11.896061
11.887090
11.877972
11.868368
11.857942
11.846923
11.818457
11.782202
11.746078
11.704513
11.666374
11.627155
11.582157
11.534558
11.492770
11.451624
11.407489
11.362997
11.312905
11.259946
11.206836
11.151726
11.147401
11.163731
11.175799
11.201110
11.212178
11.222940
11.247992
11.277473
11.284633
11.285884
11.292796
11.296983
11.315060
11.338369
11.358305
11.380727
11.340438
11.274273
11.213359
11.135914
11.075001
11.013930
10.935076
10.850332
10.793989
10.745088
10.688723
10.635678
10.564840
10.487196
10.413696
10.336886
10.301027
10.281480
10.256774
10.241853
10.215136
10.187438
10.170338
10.156038
10.091700
10.008505
9.930451
9.840450
9.768414
9.698968
9.616420
9.531414
9.518448
9.533597
9.542991
9.570738
9.574750
9.576655
9.598537
9.625418
9.624181
9.615438
9.613241
9.607334
9.618975
9.637037
9.650554
9.667005
9.601067
9.500966
9.407417
9.291923
9.197800
9.103179
8.984972
8.858759
8.769348
8.689346
8.599283
8.513244
8.403636
8.284819
8.171105
8.052751
7.998640
7.970229
7.934286
7.913985
7.875278
7.835271
7.812189
7.793751
7.753676
7.708364
7.668926
7.627242
7.600278
7.579147
7.548843
7.518927
7.494993
7.472815
7.172730
7.290064
7.157966
7.085917
7.002796
6.916691
6.852027
6.793916
6.731703
6.673086
6.603123
6.529583
6.460223
6.389762
6.320559
6.251817
6.181916
6.111872
6.041749
5.971402
5.900900
5.830219
5.756348
5.681019
5.605641
5.529222
5.453361
5.377244
5.300025
5.222275
5.145512
5.068803
4.991494
4.914060
4.835556
4.756474
4.677303
4.597711
4.517149
4.435966
4.354388
4.272248
4.189921
4.107208
4.023919
3.940185
3.883078
3.837032
3.789372
3.749028
3.701633
3.654496
3.615223
3.578670
3.531496
3.481910
3.435660
3.388575
3.348997
3.312575
3.274992
3.239187
3.142515
3.020653
2.903249
2.769493
2.651822
2.533804
2.398200
2.256655
2.113004
1.963810
1.808416
1.647564
1.476329
1.297461
1.113342
0.922311
0.912317
0.975559
1.023800
1.119147
1.162504
1.204226
1.296833
1.404820
1.317216
1.158984
1.025510
0.848763
0.749265
0.664979
0.532764
0.395464
0.354473
0.347003
0.329736
0.334206
0.296083
0.248984
0.226147
0.204917
0.150141
0.084414
0.021989
-0.047714
-0.100454
-0.149037
-0.205860
-0.262446
-0.335486
-0.416289
-0.496201
-0.581115
-0.664299
-0.748997
-0.838939
-0.931639
-0.983474
-1.019770
-1.060724
-1.092051
-1.137464
-1.184852
-1.221704
-1.256491
-1.313954
-1.378983
-1.440812
-1.507225
-1.563018
-1.616102
-1.674365
-1.732437
-1.781045
-1.826087
-1.871380
-1.914106
-1.960509
-2.007301
-2.051279
-2.094632
-2.198807
-2.328270
-2.454441
-2.597502
-2.724375
-2.851927
-2.997635
-3.149673
-3.198942
-3.209373
-3.230931
-3.228142
-3.261704
-3.300503
-3.312619
-3.319685
-3.408764
-3.527548
-3.637356
-3.765948
-3.861853
-3.951702
-4.062334
-4.175511
-4.255746
-4.325357
-4.399187
-4.466346
-4.550154
-4.638368
-4.718991
-4.800212
-4.873685
-4.943338
-5.013882
-5.082196
-5.150662
-5.218242
-5.283513
-5.347402
-5.416901
-5.487895
-5.557198
-5.627077
-5.693599
-5.758783
-5.824694
-5.889932
-5.954570
-6.018716
-6.082196
-6.145098
-6.207732
-6.269910
-6.331497
-6.392590
-6.466836
-6.546384
-6.624850
-6.706732
-6.784782
-6.862688
-6.944287
-7.026985
-7.076857
-7.113667
-7.153059
-7.183953
-7.224954
-7.266548
-7.298929
-7.328737
-7.371841
-7.418421
-7.461692
-7.506592
-7.543069
-7.576375
-7.611704
-7.645516
-7.685071
-7.726573
-7.766273
-7.806727
-7.844971
-7.882437
-7.920764
-7.958858
-7.991893
-8.022756
-8.053604
-8.082893
-8.113449
-8.143814
-8.172509
-8.200537
-8.246296
-8.299111
-8.350458
-8.406364
-8.456840
-8.506987
-8.562076
-8.618538
-8.667628
-8.714747
-8.763645
-8.811597
-8.864119
-8.918330
-8.971378
-9.025207
-9.047749
-9.057220
-9.108818
-9.168902
-8.999274
-9.186836
-9.148177
-9.156320
-9.175804
-9.198091
-9.217127
-9.237294
-9.249980
-9.259669
-9.270826
-9.280410
-9.314287
-9.357919
-9.398888
-9.445867
-9.485919
-9.525557
-9.571694
-9.619670
-9.655630
-9.688028
-9.722899
-9.755879
-9.795463
-9.837233
-9.876782
-9.917109
-9.938379
-9.951670
-9.966571
-9.976400
-10.056778
-10.164968
-10.264878
-10.381769
-10.102877
-9.662662
-9.992633
-10.532810
-10.433682
-10.242593
-10.302785
-10.359107
-10.387049
-10.427709
-10.467583
-10.510077
-10.550177
-10.590404
-10.633440
-10.677477
-10.717015
-10.755407
-10.795051
-10.834214
-10.876257
-10.919432
-10.961996
-11.005135
-11.044602
-11.082712
-11.121570
-11.159723
-11.199122
-11.238801
-11.277701
-11.316532
-11.357810
-11.400014
-11.442035
-11.484672
-11.526416
-11.568050
-11.610357
-11.652805
-11.666632
-11.668418
-11.671589
-11.666676
-11.669039
-11.670856
-11.664003
-11.653974
-11.654807
-11.657855
-11.657080
-11.656866
-11.648416
-11.636319
-11.625129
-11.611743
-11.622288
-11.642082
-11.658579
-11.680542
-11.694909
-11.708256
-11.727562
-11.748121
-11.755929
-11.759531
-11.765026
-11.768006
-11.777055
-11.787707
-11.795509
-11.803492
-11.816035
-11.830300
-11.844534
-11.860045
-11.873761
-11.887308
-11.902254
-11.917527
-11.932020
-11.946484
-11.961330
-11.976242
-11.992071
-12.008362
-12.024685
-12.041335
-12.045196
-12.043772
-12.043239
-12.039253
-12.038686
-12.038051
-12.033702
-12.028102
-12.018228
-12.005556
-11.991744
-11.975683
-11.958363
-11.939332
-11.918018
-11.894799
-11.899347
-11.914576
-11.926617
-11.945246
-11.954659
-11.962901
-11.978335
-11.995304
-11.999266
-11.999176
-12.001292
-12.001071
-12.007618
-12.016184
-12.022055
-12.028442
-12.030187
-12.029912
-12.030350
-12.029654
-12.029757
-12.029744
-12.028528
-12.026830
-12.028325
-12.030825
-12.032680
-12.035068
-12.035867
-12.036171
-12.037091
-12.037874
-12.032373
-12.024200
-12.016161
-12.006260
-11.997939
-11.989432
-11.978932
-11.967663
-11.973443
-11.985907
-11.996824
-12.012020
-12.024385
-12.037387
-12.034858
-12.025719
-12.122759
-12.036082
-12.060982
-12.058509
-12.061580
-12.065997
-12.067532
-12.069060
-11.999833
-11.900192
-11.803570
-11.686487
-11.585687
-11.482547
-11.357550
-11.223879
-11.226447
-11.280605
-11.319737
-11.391078
-11.414628
-11.431345
-11.483345
-11.542095
-11.540549
-11.520246
-11.509811
-11.488401
-11.498604
-11.518160
-11.524523
-11.533002
-11.531330
-11.524934
-11.496757
-11.502732
-11.487709
-11.477450
-11.463781
-11.448669
-11.445622
-11.446671
-11.445679
-11.447017
-11.443043
-11.437685
-11.434951
-11.432121
-11.396707
-11.347662
-11.299945
-11.242954
-11.194567
-11.145636
-11.086746
-11.024273
-11.019060
-11.035479
-11.045641
-11.069342
-11.072782
-11.073284
-11.088624
-11.106755
-11.077030
-11.029823
-10.987685
-10.934445
-10.899911
-10.868671
-10.825170
-10.779978
-10.753923
-10.733921
-10.711244
-10.692292
-10.663410
-10.631764
-10.604381
-10.576465
-10.571108
-10.575552
-10.578505
-10.587806
-10.592420
-10.597857
-10.610054
-10.625017
-10.606723
-10.576288
-10.550205
-10.516763
-10.496027
-10.477710
-10.451263
-10.423834
-10.375554
-10.317081
-10.258427
-10.192711
-10.128678
-10.062032
-9.988002
-9.909785
-9.839706
-9.770347
-9.696242
-9.621318
-9.538252
-9.450835
-9.362883
-9.271802
-9.259602
-9.279442
-9.292638
-9.326374
-9.337875
-9.348836
-9.381967
-9.421923
-9.427244
-9.423373
-9.428238
-9.428845
-9.450959
-9.481153
-9.506082
-9.534835
-9.475047
-9.378819
-9.290326
-9.178671
-9.090499
-9.002283
-8.889141
-8.767859
-8.753094
-8.777197
-8.788083
-8.822839
-8.816588
-8.802675
-8.815133
-8.830880
-8.786933
-8.721919
-8.663093
-8.590707
-8.543843
-8.502141
-8.445350
-8.387260
-8.350942
-8.321680
-8.290015
-8.262940
-8.224813
-8.183880
-8.148155
-8.112162
-8.095986
-8.088668
-8.080258
-8.077633
-8.071520
-8.066518
-8.067646
-8.071534
-8.066332
-8.059204
-8.055374
-8.051083
-8.053440
-8.058760
-8.063342
-8.069701
-7.978178
-7.845760
-7.719398
-7.566083
-7.437957
-7.308559
-7.150223
-6.981646
-6.939756
-6.943908
-6.931765
-6.947680
-6.914510
-6.871876
-6.860273
-6.852241
-6.893829
-6.961491
-7.030956
-7.118661
-7.207051
-7.304471
-7.420757
-7.549374
-7.470377
-7.310817
-7.173124
-6.984997
-6.864512
-6.751490
-6.583519
-6.402827
-6.373448
-6.396673
-6.399769
-6.434974
-6.404943
-6.360070
-6.351088
-6.343514
-6.314444
-6.280689
-6.249603
-6.215182
-6.198121
-6.187167
-6.172032
-6.159818
-6.089804
-5.996121
-5.907920
-5.804841
-5.717267
-5.629899
-5.526504
-5.418027
-5.399800
-5.415895
-5.422712
-5.451221
-5.448230
-5.441018
-5.457546
-5.478861
-5.428817
-5.353167
-5.285738
-5.202252
-5.147736
-5.098892
-5.032242
-4.963742
-4.924416
-4.894752
-4.861773
-4.835000
-4.794041
-4.749603
-4.712175
-4.674597
-4.648623
-4.628258
-4.607294
-4.589932
-4.571729
-4.554792
-4.541616
-4.530545
-4.488463
-4.434572
-4.384225
-4.326569
-4.279548
-4.234001
-4.180458
-4.125330
-4.053175
-3.972187
-3.890228
-3.801914
-3.713825
-3.622751
-3.525081
-3.423229
-3.377721
-3.353531
-3.322529
-3.304585
-3.267053
-3.226584
-3.200422
-3.176898
-3.144953
-3.112176
-3.082606
-3.053119
-3.032470
-3.015960
-2.999180
-2.985160
-2.975287
-2.968444
-2.964277
-2.963108
-2.963450
-2.966123
-2.971855
-2.980141
-2.937559
-2.874854
-2.817011
-2.746419
-2.691489
-2.637765
-2.570207
-2.498986
-2.450343
-2.408125
-2.361033
-2.317268
-2.260409
-2.199023
-2.141607
-2.082372
-2.041762
-2.008646
-1.972876
-1.941459
-1.905012
-1.868182
-1.836057
-1.805220
-1.763539
-1.718345
-1.674992
-1.629627
-1.589524
-1.550912
-1.510006
-1.469380
-1.438694
-1.412127
-1.385402
-1.361592
-1.334944
-1.308436
-1.285068
-1.262801
-1.237759
-1.212384
-1.188293
-1.164300
-1.142962
-1.122936
-1.102906
-1.083771
-0.983128
-0.848223
-0.717757
-0.564494
-0.431838
-0.297736
-0.139182
0.028271
0.011017
-0.078071
-0.149787
-0.267333
-0.324338
-0.375219
-0.476014
-0.588766
-0.515264
-0.373400
-0.252342
-0.088379
0.004113
0.084096
0.211409
0.345431
0.365569
0.345406
0.337475
0.303802
0.318334
0.342609
0.338256
0.331394
0.353356
0.383376
0.409327
0.440374
0.453436
0.460803
0.474189
0.485563
0.532188
0.593508
0.651272
0.718143
0.776386
0.834849
0.903082
0.974662
1.010262
1.033155
1.061142
1.081532
1.116742
1.155238
1.185271
1.214811
1.261060
1.313290
1.364224
1.419179
1.467066
1.513694
1.564778
1.616420
1.662394
1.706691
1.751844
1.795975
1.843349
1.891714
1.938889
1.986365
1.992124
1.980148
1.970272
1.948563
1.936894
1.924175
1.898789
1.868585
1.910410
1.979284
2.039964
2.117459
2.169133
2.216832
2.282986
2.352397
2.389807
2.417081
2.449252
2.475368
2.517873
2.565033
2.605258
2.646449
2.674328
2.696262
2.719715
2.739618
2.761566
2.782882
2.800447
2.816337
2.840375
2.866698
2.890905
2.916145
2.936702
2.955526
2.975605
2.994910
3.055900
3.134399
3.210309
3.297735
3.374703
3.452343
3.542335
3.636791
3.643594
3.616501
3.597906
3.557762
3.546798
3.539053
3.507809
3.471165
3.511551
3.579694
3.638739
3.715076
3.760565
3.800069
3.858731
3.919474
3.947866
3.965496
3.986827
4.001264
4.031281
4.065089
4.091118
4.117264
4.155489
4.198085
4.240219
4.285483
4.325582
4.364900
4.407679
4.451017
4.491760
4.532028
4.573015
4.613810
4.656804
4.700720
4.744349
4.788520
4.798683
4.794598
4.792540
4.781066
4.778263
4.774952
4.761537
4.744502
4.789717
4.858653
4.921078
4.998441
5.054255
5.107210
5.176505
5.249131
5.268840
5.269323
5.275667
5.269891
5.285010
5.303961
5.309513
5.313371
5.338800
5.371196
5.400802
5.434770
5.457873
5.478101
5.503291
5.528094
5.554091
5.580941
5.607379
5.634167
5.661797
5.689908
5.718341
5.747226
5.773909
5.799902
5.826460
5.852701
5.879999
5.907657
5.934946
5.962359
5.985973
6.007989
6.030294
6.051571
6.073775
6.095923
6.116968
6.137617
6.159981
6.182772
6.205069
6.227538
6.248885
6.269782
6.290902
6.311787
6.335405
6.360100
6.384435
6.409411
6.433571
6.457645
6.482416
6.507356
6.528737
6.548758
6.569113
6.588596
6.609311
6.630178
6.650091
6.669800
6.688670
6.706985
6.725117
6.742824
6.760254
6.777347
6.794010
6.810302
6.826800
6.843167
6.859138
6.874901
6.890135
6.905006
6.919680
6.934045
6.957515
6.984694
7.011157
7.040019
7.066322
7.092583
7.121432
7.151091
7.160212
7.161248
7.164029
7.161589
7.165673
7.170270
7.169195
7.166639
7.192586
7.229366
7.263338
7.304210
7.335064
7.364593
7.401674
7.440285
7.467067
7.490331
7.515751
7.539187
7.569211
7.601336
7.631140
7.661640
7.656874
7.637184
7.619715
7.592462
7.573716
7.554241
7.524289
7.490438
7.542923
7.629206
7.707648
7.807734
7.880055
7.949874
8.043234
8.142497
8.130289
8.075909
8.032635
7.962519
7.932090
7.907146
7.852795
7.792703
7.839357
7.925628
8.001120
8.101895
8.162513
8.216751
8.298805
8.385454
8.399816
8.388519
8.385316
8.365877
8.376680
8.393599
8.392472
8.389736
8.415284
8.450202
8.482090
8.520074
8.544244
8.565071
8.592781
8.620390
8.645378
8.669933
8.694552
8.718717
8.745498
8.773187
8.800294
8.827856
8.854676
8.881332
8.908486
8.935697
8.963340
8.991246
9.019196
9.047334
9.066457
9.081837
9.097800
9.111303
9.127182
9.142981
9.156135
9.168378
9.184310
9.201105
9.216776
9.232765
9.246204
9.258587
9.271400
9.283630
9.333064
9.398100
9.540357
9.726722
9.293377
8.625194
11.556718
9.066697
9.784972
9.708929
9.641888
9.546175
9.484495
9.424814
9.334056
9.234615
9.248903
9.304224
9.345406
9.411843
9.433157
9.445610
9.486039
9.529441
9.523116
9.499989
9.482306
9.453799
9.448586
9.448788
9.436826
9.424692
9.426534
9.432954
9.438498
9.447293
9.448869
9.448805
9.452411
9.456046
9.456909
9.456994
9.457258
9.456940
9.458428
9.460430
9.461754
9.463221
9.459921
9.454589
9.449605
9.443312
9.438105
9.432785
9.426065
9.418811
9.413740
9.409198
9.403999
9.398999
9.392546
9.385499
9.378715
9.371612
9.378887
9.392157
9.404479
9.420729
9.433270
9.445974
9.462896
9.481297
9.493704
9.504700
9.517519
9.529817
9.546233
9.564349
9.581763
9.600112
9.602649
9.598821
9.596637
9.590495
9.588855
9.587451
9.581769
9.574853
9.575558
9.578474
9.579752
9.582175
9.580300
9.576959
9.574976
9.572430
9.604372
9.650868
9.695304
9.749335
9.794882
9.841097
9.897595
9.957883
9.948455
9.912227
9.883010
9.836835
9.814234
9.794460
9.756171
9.713824
9.704425
9.705183
9.700173
9.700958
9.684352
9.662451
9.647252
9.630581
9.668495
9.729654
9.786990
9.859372
9.919154
9.980221
10.057376
10.140644
10.099906
10.010972
9.933841
9.826016
9.758868
9.695893
9.599485
9.495114
9.535551
9.630332
9.710360
9.824912
9.886771
9.940826
10.032773
10.131605
10.126472
10.084341
10.054122
10.000624
9.967361
9.933060
10.048733
10.229876
9.418644
10.184511
9.989519
10.019651
10.029672
10.034888
10.050262
10.065577
10.052187
10.027631
10.004331
9.973295
9.952228
9.931909
9.903162
9.872235
9.876452
9.893710
9.907129
9.928747
9.937248
9.943605
9.958983
9.975806
9.997578
10.023087
10.049949
10.079664
10.112259
10.147558
10.185697
10.226615
10.229423
10.217618
10.210357
10.194147
10.190650
10.188851
10.177276
10.163682
10.123730
10.070582
10.016404
9.952812
9.890765
9.824855
9.749126
9.667572
9.730940
9.852204
9.961110
10.107236
10.209774
10.309899
10.450333
10.602171
10.569930
10.468976
10.388085
10.264039
10.207521
10.161637
10.068328
9.966975
9.944131
9.945903
9.935584
9.939968
9.903442
9.855118
9.823683
9.789574
9.783924
9.790918
9.794051
9.804480
9.810583
9.817857
9.832838
9.851190
9.850673
9.844523
9.842736
9.838168
9.843671
9.852618
9.858287
9.865242
9.855888
9.839851
9.825821
9.807787
9.793928
9.780182
9.762127
9.742732
9.732295
9.724586
9.715071
9.707013
9.694225
9.679914
9.667303
9.654201
9.648684
9.646345
9.643183
9.641964
9.638956
9.636010
9.635145
9.635006
9.630832
9.625502
9.621113
9.616155
9.613486
9.611624
9.609082
9.606871
9.620080
9.639933
9.659458
9.683591
9.704091
9.725169
9.751171
9.779154
9.802010
9.824135
9.848571
9.873105
9.902230
9.933601
9.964892
9.997688
9.887297
9.716677
9.553787
9.350800
9.183930
9.014456
8.801979
8.573808
8.600123
8.722813
8.817944
8.973458
9.039523
9.092905
9.212432
9.344688
9.322262
9.246988
9.192086
9.104707
9.086765
9.085307
9.047398
9.009056
9.034383
9.082738
9.127610
9.188533
9.222618
9.252435
9.299998
9.350270
9.343098
9.314632
9.291588
9.254789
9.239822
9.228273
9.201588
9.172375
9.165122
9.164425
9.160045
9.159496
9.146679
9.130048
9.117882
9.104529
9.091871
9.079425
9.065756
9.051740
9.037785
9.023564
9.008971
8.994101
8.976048
8.956471
8.936742
8.915897
8.895452
8.874638
8.852651
8.830034
8.818989
8.812449
8.804749
8.799892
8.791281
8.782283
8.776380
8.771216
8.760945
8.749175
8.738414
8.726839
8.718130
8.710366
8.701644
8.693261
8.694925
8.700921
8.706827
8.715788
8.722343
8.729295
8.739514
8.751055
8.735132
8.708488
8.684422
8.653521
8.631509
8.610349
8.581751
8.551329
8.543099
8.542670
8.539337
8.540773
8.532868
8.522915
8.518279
8.513957
8.500036
8.482740
8.466226
8.447446
8.432892
8.419158
8.402903
8.386407
8.375893
8.367545
8.358669
8.351217
8.341327
8.331011
8.322270
8.313741
8.303145
8.291934
8.281046
8.269787
8.259704
8.249983
8.239831
8.229789
8.205237
8.174517
8.144534
8.110438
8.079834
8.048867
8.013497
7.976453
7.965102
7.963433
7.958889
7.960378
7.952735
7.943728
7.941338
7.940158
7.951149
7.968586
7.986803
8.009661
8.032702
8.058078
8.088257
8.121594
8.150776
8.180178
8.213066
8.247100
8.286561
8.329238
8.372895
8.419051
8.253653
7.999514
7.757090
7.455666
7.208192
6.957265
6.643029
6.305950
6.399754
6.659489
6.876497
7.198708
7.375840
7.536016
7.811011
8.111554
8.124066
8.038153
7.992017
7.886182
7.908860
7.962456
7.949030
7.935183
7.872494
7.781729
7.692100
7.584627
7.468392
7.340187
7.193896
7.033372
7.045532
7.122585
7.177315
7.271242
7.304445
7.327814
7.394200
7.467850
7.457683
7.419812
7.393417
7.350048
7.346812
7.353914
7.341805
7.330615
7.325233
7.320720
7.316755
7.314046
7.305000
7.293905
7.284387
7.273909
7.246554
7.211736
7.176664
7.136199
7.099399
7.061604
7.018067
6.972008
6.965605
6.974287
6.978602
6.992328
6.992333
6.990447
6.998859
7.009313
7.002080
6.989369
6.979617
6.966684
6.963068
6.962239
6.957739
6.953970
6.934096
6.907323
6.881972
6.852288
6.826089
6.799494
6.768273
6.735269
6.710344
6.687530
6.662485
6.638334
6.609151
6.578008
6.547992
6.517004
6.544815
6.597308
6.646268
6.711519
6.761936
6.813300
6.882139
6.957287
6.880238
6.743237
6.619468
6.457118
6.342883
6.232442
6.080095
5.916789
5.973765
6.114899
6.234858
6.408570
6.505913
6.593709
6.740272
6.899281
6.864846
6.760158
6.677159
6.549983
6.499151
6.462398
6.376795
6.285088
6.208661
6.130703
6.045379
5.957822
5.846084
5.722232
5.597051
5.463068
5.513040
5.637019
5.743944
5.897772
5.998305
6.096335
6.245080
6.408587
6.432396
6.409053
6.407418
6.378131
6.411905
6.461854
6.480630
6.500401
6.411142
6.272656
6.139651
5.974366
5.827056
5.672848
5.484492
5.280277
5.276141
5.346089
5.390723
5.480489
5.496514
5.499631
5.552446
5.612550
5.579559
5.515636
5.463667
5.392432
5.365617
5.349941
5.312501
5.275723
5.325062
5.409049
5.489836
5.594617
5.672574
5.750023
5.853440
5.964828
5.882959
5.725344
5.584520
5.394880
5.267439
5.145365
4.970211
4.781573
4.802938
4.901718
4.977064
5.100954
5.145222
5.175878
5.260032
5.352139
5.313448
5.228494
5.157839
5.057737
5.012972
4.979467
4.913209
4.844150
4.841949
4.863416
4.878840
4.909864
4.912163
4.908910
4.922996
4.938815
4.932401
4.919175
4.908840
4.894190
4.891791
4.892890
4.889015
4.885960
4.827763
4.745961
4.667345
4.573185
4.491669
4.408587
4.308893
4.202736
4.220814
4.286966
4.340939
4.425413
4.468668
4.507388
4.579362
4.658996
4.627120
4.554907
4.495695
4.411306
4.371194
4.339500
4.279937
4.217148
4.201112
4.200505
4.194323
4.197950
4.178800
4.153966
4.140223
4.126123
4.109698
4.093290
4.076702
4.059800
4.046470
4.034495
4.022038
4.010389
3.996518
3.982028
3.968467
3.954776
3.942239
3.930231
3.918046
3.906155
3.884426
3.858629
3.833561
3.805854
3.780757
3.755612
3.727628
3.698692
3.694321
3.699656
3.702922
3.712457
3.714281
3.715543
3.723611
3.733494
3.658948
3.550050
3.446725
3.320734
3.218978
3.117503
2.991564
2.857912
2.975960
3.194901
3.394811
3.660557
3.850630
4.037339
4.295311
4.574015
4.504363
4.303746
4.140178
3.894115
3.773530
3.671601
3.479160
3.270235
3.209666
3.194914
3.155983
3.143943
3.053122
2.938820
2.855559
2.766162
2.770612
2.815404
2.850044
2.909206
2.949196
2.991444
3.059823
3.138349
3.128969
3.089707
3.064946
3.023045
3.019889
3.026723
3.014257
3.002363
2.993340
2.983763
2.974501
2.965418
2.950357
2.932870
2.915827
2.897204
2.882814
2.869532
2.854435
2.839533
2.822251
2.803856
2.785750
2.766994
2.744250
2.719535
2.694320
2.667548
2.641218
2.614293
2.585732
2.556243
2.527148
2.497612
2.467086
2.435973
2.403398
2.369821
2.335693
2.300705
2.293365
2.297328
2.299205
2.308419
2.309954
2.311438
2.320831
2.332754
2.333001
2.330302
2.330788
2.330012
2.336832
2.346629
2.354818
2.364523
2.343425
2.309762
2.278982
2.240280
2.209988
2.179867
2.141205
2.099879
2.072963
2.050026
2.023642
1.999182
1.966146
1.929997
1.896182
1.860993
1.870089
1.897631
1.921861
1.958014
1.982839
2.008081
2.046128
2.088619
2.046611
1.972087
1.905909
1.819097
1.760820
1.705900
1.628456
1.546022
1.562443
1.616203
1.660357
1.728388
1.760960
1.788616
1.842442
1.901345
1.890195
1.854388
1.827065
1.784379
1.771351
1.764641
1.740817
1.715812
1.696555
1.677379
1.656596
1.635777
1.607291
1.575357
1.543701
1.509737
1.475610
1.440361
1.402731
1.363546
1.322311
1.279222
1.234593
1.188222
1.214382
1.270423
1.321523
1.392204
1.443192
1.494453
1.566794
1.646146
1.621744
1.558713
1.507581
1.432424
1.395383
1.364561
1.307320
1.245789
1.253876
1.286779
1.312028
1.353021
1.365126
1.371507
1.395371
1.420932
1.419383
1.408945
1.401572
1.388467
1.388806
1.392503
1.389711
1.387156
1.373163
1.353726
1.334976
1.312755
1.291574
1.269283
1.243360
1.215481
1.193772
1.173388
1.150685
1.128268
1.101420
1.072575
1.044201
1.014621
1.005191
1.003821
1.000338
1.001867
0.997517
0.992790
0.993488
0.995695
0.988264
0.978015
0.969786
0.960076
0.955758
0.953255
0.949001
0.945424
0.883770
0.797537
0.714495
0.615142
0.529981
0.443555
0.339657
0.229235
0.273927
0.379711
0.471915
0.603395
0.685850
0.764413
0.885638
1.018000
0.992563
0.909719
0.845547
0.745709
0.707484
0.680739
0.614565
0.543518
0.540110
0.559023
0.569663
0.594404
0.586267
0.569872
0.569427
0.568418
0.576936
0.590932
0.604060
0.620394
0.638696
0.659246
0.683024
0.709437
0.683678
0.637297
0.595919
0.541481
0.503148
0.466077
0.414833
0.359855
0.357099
0.373313
0.383297
0.405051
0.406352
0.403806
0.414276
0.426314
0.415904
0.398056
0.382903
0.363035
0.354013
0.347680
0.336021
0.324503
0.319151
0.315925
0.312539
0.310733
0.305959
0.300646
0.297095
0.293728
0.289479
0.285128
0.281018
0.276869
0.273638
0.270805
0.267895
0.265235
0.250335
0.230336
0.211124
0.188560
0.169178
0.149662
0.126547
0.102174
0.113244
0.138426
0.160749
0.192221
0.212829
0.232800
0.262687
0.295345
0.259246
0.196240
0.139145
0.064675
0.012477
-0.037761
-0.106898
-0.180800
-0.167918
-0.122344
-0.085595
-0.028090
-0.001814
0.019967
0.064509
0.113322
0.108162
0.084449
0.067665
0.039420
0.035147
0.036437
0.024883
0.013011
0.016902
0.025992
0.033969
0.045578
0.049191
0.050986
0.056876
0.062809
