-0.490586
-0.973168
-0.838156
-0.466692
-0.260697
0.051092
0.143825
0.175406
0.163618
0.081524
-0.063744
-0.273430
-0.305245
-0.298254
-0.366117
-0.428812
-0.248158
0.030535
0.303493
0.645721
0.203024
-0.541802
-1.181125
-2.000253
-1.672481
-0.929792
-0.421845
0.302101
0.610538
0.818539
1.266185
1.724736
1.141723
0.146013
-0.791595
-2.008168
-1.866785
-1.272170
-1.024418
-0.568071
0.090367
0.895814
1.905723
3.092919
2.676995
1.683678
0.944629
-0.126557
-0.735245
-1.275862
-2.295350
-3.437724
-2.107060
-1.140610
-0.703358
-0.400085
0.260651
0.954667
1.635150
2.363322
2.299874
1.920508
1.624532
1.132170
0.153593
-1.115065
-1.968512
-2.832708
-2.662541
-2.013326
-1.416537
-0.508039
0.086653
0.688342
1.625816
2.676215
2.943816
2.966812
2.749666
2.232825
1.569485
0.677941
-0.519430
-1.969381
-2.333721
-2.386883
-2.750746
-2.986035
-2.604867
-1.934047
-1.159180
-0.139029
0.725031
1.648634
2.833703
4.141401
3.953321
3.213945
2.668079
1.787819
1.235623
0.686806
-0.220772
-1.244680
-1.828716
-2.318090
-2.949701
-3.550897
-3.439699
-3.026188
-2.613037
-1.982936
-1.128801
-0.077714
1.188292
2.661761
3.436741
4.034495
4.348022
4.383599
4.189165
3.736513
3.003794
2.006547
1.149533
0.198571
-0.848891
-1.966591
-3.218573
-2.497926
-2.903667
-2.878501
-3.211444
-3.614106
-3.807998
-3.983651
-3.204227
-1.987766
-1.412423
0.422588
1.221709
2.300696
3.577217
4.959247
5.094180
4.768837
4.645403
4.260133
3.291121
2.634539
1.369998
-0.068630
-0.908791
-1.640262
-1.739615
-1.455699
-2.737799
-4.439693
-4.714373
-4.744322
-4.942440
-4.946303
-4.268110
-3.226482
-2.783082
-2.351693
-1.735877
-1.110562
0.761621
0.697710
1.790130
2.599317
3.857773
3.407096
3.814069
3.832619
4.763309
4.285056
4.405577
4.217211
3.767342
3.124860
2.367448
1.443181
0.739212
0.038618
-0.845109
-1.781850
-2.583630
-3.372218
-4.222959
-5.079674
-5.201325
-5.019589
-4.876224
-4.529178
-4.385652
-4.237339
-3.869712
-3.428075
-3.017671
-2.562651
-2.027929
-1.441693
-0.751921
0.014484
0.894545
1.869840
2.391543
2.776906
2.732890
3.448198
3.860930
4.455279
4.965939
5.494059
5.068362
4.368390
4.014073
3.577302
2.971941
2.292808
1.523701
0.663889
0.067893
-0.467883
-1.109644
-1.740347
-2.460061
-3.223689
-3.972875
-4.745918
-4.979317
-4.992750
-5.052976
-4.972890
-5.049893
-5.132940
-5.017387
-4.927028
-4.563966
-4.075648
-3.220765
-2.122337
-3.045116
-1.028173
-0.672139
0.140753
0.786801
1.400075
2.076677
2.747200
3.546053
4.403368
5.271939
6.186285
6.212546
5.883570
6.642995
5.678187
5.843449
5.796805
5.554504
5.249312
4.929752
4.553888
4.111987
3.614081
3.001480
2.306840
1.558646
0.737075
0.097494
-0.504707
-0.753895
-0.816089
-3.534192
-2.314801
-3.734835
-4.261420
-4.687639
-4.931958
-5.206399
-5.397788
-5.681831
-5.969568
-6.167577
-6.338949
-6.167608
-5.828462
-5.475804
-5.002473
-4.761714
-4.561935
-3.718681
-2.645460
-2.354255
-2.219892
-1.808645
-1.435889
-0.908316
-0.303587
0.256822
0.850922
1.487274
2.152701
2.765019
3.372839
3.748759
2.619236
5.324924
5.565482
5.940923
5.624673
5.783130
5.833720
5.900551
5.974011
5.938883
5.862377
5.715709
5.508298
5.260217
4.958936
4.601874
4.191842
3.782940
3.343790
2.505901
1.484294
2.839190
0.458800
0.281783
-0.456464
-1.232459
-2.054200
-2.498984
-2.808808
-3.182541
-3.480307
-3.968431
-4.508719
-4.838425
-5.123132
-5.629962
-5.649983
-5.907644
-6.061815
-6.216742
-6.348659
-6.434836
-6.490847
-6.393017
-6.210748
-6.003523
-5.729819
-5.252500
-4.654746
-4.434035
-4.295756
-3.853527
-3.360520
-2.968947
-2.564554
-2.044528
-1.480033
-0.991005
-0.501006
0.326969
0.364830
0.897362
1.305904
1.843675
2.430710
2.990278
3.574928
3.791300
3.859815
4.624955
5.578224
5.969408
6.283351
6.821809
7.360083
7.405284
7.264370
7.146310
6.898546
6.837739
6.798120
6.616358
6.403840
6.240880
6.069542
5.872376
5.665541
5.432337
5.284229
4.776265
4.152267
5.169425
3.510159
3.448541
2.986290
2.530720
2.059426
1.549063
1.015416
0.483050
-0.063820
-0.635159
-1.223571
-1.851383
-2.506552
-3.177889
-3.873098
-4.250633
-4.505898
-4.797437
-5.013475
-5.590996
-6.290788
-6.335989
-6.391251
-6.660753
-6.956814
-7.085643
-7.178447
-7.283435
-7.359018
-7.395454
-7.402744
-7.395039
-7.363152
-7.301428
-7.214089
-7.103343
-6.967474
-6.805862
-6.619043
-6.369784
-6.079418
-5.765449
-5.415560
-5.075166
-4.719479
-4.334160
-3.930073
-3.524299
-3.105874
-3.029611
-2.397622
-2.059038
-1.621107
-1.185827
-0.736188
-0.186873
0.411303
1.020025
1.666684
2.128376
2.530261
2.979477
3.401220
3.852266
4.307919
4.734244
5.153353
5.282844
5.282618
5.807843
6.465191
6.589580
6.604751
6.783847
6.925076
7.038060
7.138640
7.198524
7.232289
7.419523
7.655508
7.421827
7.370279
8.597910
7.532134
7.884307
7.900543
7.868771
7.809292
7.524696
7.126245
6.938199
6.762488
6.458057
6.126918
5.720389
5.255636
5.421053
5.819337
2.259503
4.513300
3.451218
3.283461
1.596847
2.561048
1.906190
1.643803
1.302415
0.939887
0.616809
0.292245
-0.249771
-0.880831
-1.503741
-2.187934
-2.452841
-2.567198
-2.763008
-2.878529
-3.334354
-3.905978
-4.380463
-4.903915
-5.293854
-5.639644
-6.041108
-6.431435
-6.684214
-6.879144
-7.068917
-7.214823
-7.244378
-7.203324
-7.121834
-6.977731
-7.231970
-7.622081
-7.991922
-8.458989
-8.389030
-8.826912
-8.443898
-7.892711
-6.578695
-8.218798
-7.742567
-7.669406
-7.590535
-7.474022
-7.376987
-7.269996
-7.153240
-7.029725
-6.896479
-6.754892
-6.612179
-6.464047
-6.307252
-6.144112
-5.842736
-5.478651
-5.113890
-4.704817
-4.357762
-4.016260
-3.626209
-3.224668
-2.695771
-2.102159
-1.697198
-1.328696
-1.754197
-2.554606
-1.500334
-0.355155
-0.155084
-0.118161
0.439133
1.041312
1.353597
1.618668
1.948586
2.253273
2.826988
3.510217
2.676954
1.129130
2.761770
4.317782
4.514395
4.433456
4.869622
5.251804
5.416993
5.519309
5.885960
6.312645
6.652281
7.011001
7.281137
7.513307
7.375645
7.808156
7.906913
8.091687
8.239975
8.377706
8.453421
8.493937
8.525910
8.531185
8.535169
8.525187
8.487558
8.431483
8.389393
8.341682
8.274055
8.196800
8.325111
8.534269
8.331466
8.013027
8.046195
8.131160
8.077989
8.027546
8.051948
8.094849
8.136248
8.193603
7.507271
6.511820
6.244646
6.063747
5.787191
5.587480
5.497817
5.480862
5.042489
4.591468
4.168327
3.706499
3.350478
3.024301
2.640351
2.257008
1.945731
1.659286
1.369903
1.098536
0.792842
0.480673
0.188612
-0.101562
-0.407820
-0.717907
-1.025188
-1.334773
-1.632618
-1.926251
-2.222753
-2.517258
-2.837794
-3.168774
-3.496588
-3.830705
-4.157495
-4.483787
-4.816895
-5.151893
-5.429876
-5.685206
-5.945005
-6.190054
-6.452764
-6.716549
-6.964339
-7.207697
-7.416470
-7.606756
-7.783102
-7.941193
-8.181010
-8.445572
-8.211798
-8.700616
-8.710975
-8.803598
-8.878898
-8.934715
-9.044978
-9.167442
-8.875489
-9.170798
-9.186367
-9.314222
-9.405095
-9.537239
-9.276122
-8.863099
-9.128944
-9.570818
-9.295843
-8.870225
-8.663129
-8.402514
-8.403965
-8.514985
-8.561040
-8.658547
-8.572933
-8.426634
-8.340976
-8.233293
-8.016023
-7.748225
-7.462833
-7.134672
-7.015892
-6.964298
-6.859263
-6.785145
-6.600098
-6.376680
-6.189624
-5.988313
-5.821334
-5.666133
-5.494984
-5.326203
-4.498194
-3.389106
-3.556949
-4.066600
-3.579251
-2.963070
-2.753854
-2.551855
-2.324016
-2.131657
-1.951119
-1.789500
-1.545371
-1.276252
-1.030369
-0.773926
-0.357629
0.129175
0.469845
0.798302
0.976457
1.069461
1.253768
1.421108
1.595844
1.775443
1.937884
2.096086
2.477470
2.950013
3.408409
3.927137
4.137415
4.243223
4.435302
4.582471
4.748299
4.910157
5.757664
5.489797
5.853030
6.034718
6.229968
6.412740
6.662325
6.935927
7.193840
7.463407
7.709120
7.948483
8.200814
8.453162
8.569397
8.629097
8.690548
8.711838
8.801325
8.901194
8.768409
8.910308
8.933440
9.010123
9.068669
9.132015
9.097302
9.021194
9.064812
9.129590
9.224111
9.353881
9.603878
9.924700
9.492321
8.785377
12.565705
9.628562
10.248025
9.708071
9.768997
9.918883
9.695173
9.417815
9.253430
9.072414
9.017133
9.019522
9.000171
9.011910
8.950275
8.869688
8.824273
8.777173
8.646679
8.483636
8.322723
8.138633
7.983788
7.830752
7.652479
7.467412
7.370371
7.304928
7.231782
7.179488
7.066287
6.936126
6.977804
6.794376
6.637758
6.405255
6.179936
5.924953
5.705656
5.488402
5.238960
4.980557
4.793033
4.628060
4.450501
4.285659
4.085490
3.874916
3.678931
3.480536
3.288125
3.098676
2.906591
2.715406
2.524902
2.334829
2.145638
1.957097
1.698620
1.410783
1.126641
0.822908
0.541067
0.259751
-0.042760
-0.351725
-0.613793
-0.861175
-1.117429
-1.365610
-1.637629
-1.916946
-2.186949
-2.458934
-2.704528
-2.938836
-3.176258
-3.406922
-3.643042
-3.878646
-4.107043
-4.332711
-4.505953
-4.654845
-4.803115
-4.934158
-5.195353
-5.503789
-5.788776
-6.099704
-6.303300
-6.470900
-6.539398
-6.537494
-6.711689
-6.917327
-7.041709
-7.164897
-7.309504
-7.454061
-7.595815
-7.738620
-7.795115
-7.815081
-7.912536
-8.016705
-8.098634
-8.994408
-8.778079
-8.467578
-8.740978
-9.100935
-9.125229
-9.109089
-9.580270
-8.927682
-8.910776
-8.689340
-8.893318
-9.249776
-9.490990
-9.799668
-9.997741
-10.168163
-9.012918
-9.958182
-9.722734
-9.828850
-9.875752
-9.932496
-9.941785
-9.929223
-9.932396
-9.927001
-10.034967
-10.257185
-10.332813
-10.594959
-10.540698
-10.423690
-10.349636
-10.230950
-10.152563
-10.074958
-9.949754
-9.808932
-9.939617
-10.173469
-9.797664
-9.239548
-9.836292
-9.283130
-9.305738
-9.156759
-9.097490
-9.056952
-9.004545
-8.965363
-8.901208
-8.831367
-8.776201
-8.721970
-8.622497
-8.505766
-8.392071
-8.266789
-8.157784
-8.050596
-7.930736
-7.808060
-7.754482
-7.727642
-7.694807
-7.679267
-7.640500
-7.599319
-7.576996
-7.559107
-7.119726
-6.505076
-5.808868
-4.951191
-5.388685
-5.126184
-5.280926
-5.422322
-5.324015
-5.161643
-4.957003
-4.678974
-4.580980
-4.520724
-4.353424
-4.177325
-4.093487
-4.033449
-2.939289
-3.386598
-2.941631
-2.729855
-2.486203
-2.243783
-2.143847
-2.101740
-2.054509
-2.047286
-1.904292
-1.721732
-1.586399
-1.438244
-1.315650
-1.202924
-1.052985
-0.894542
-0.765911
-0.642041
-0.507787
-0.374502
-0.172630
0.059071
0.286894
0.534307
0.764738
0.996712
1.249668
1.510476
1.740995
1.964527
2.197660
2.428397
2.680196
2.940850
3.198192
3.460505
3.635296
3.774825
3.923247
4.049661
4.207273
4.368786
4.506244
4.638598
4.763785
4.880984
4.993018
5.098351
5.295237
5.527391
5.748622
5.991425
6.103877
6.169816
6.263292
6.332885
6.453627
6.587856
6.680751
6.795902
6.944874
7.114289
7.281190
7.460182
7.619428
7.775671
7.945262
8.117034
8.238469
8.340921
8.447908
8.542598
8.655574
8.771048
8.873040
8.972404
8.862085
8.659886
8.714332
8.812722
7.797654
9.153541
9.164608
9.596616
9.218340
9.621564
9.586745
9.645960
9.839635
10.088204
10.124002
10.109228
10.878508
9.608205
10.686707
9.665461
10.164031
10.574022
10.903680
11.318580
11.271054
11.058206
10.952897
10.766908
10.798380
10.895961
10.901502
10.921887
10.886723
10.825133
10.780572
10.724992
10.744590
10.792814
10.826526
10.875438
10.840781
10.776152
10.724005
10.654275
10.723565
10.845091
10.553552
10.700649
10.863246
10.192850
10.533673
10.916058
10.836014
10.685763
10.339973
10.554314
10.430829
10.405378
10.359558
10.315238
10.248348
10.170400
10.094818
10.012670
9.864596
9.685646
9.572467
9.465824
9.088857
9.385411
9.262641
9.248446
9.337305
9.476490
9.161194
9.595899
9.524348
9.540722
9.560543
9.569428
10.400702
8.795578
9.709524
8.645897
8.716071
8.608700
8.659309
8.813997
7.527865
8.367785
7.885710
7.684858
7.667714
7.720538
6.634549
7.213097
6.998726
6.832727
6.792210
6.743791
6.668319
6.590920
6.537793
6.491226
6.337750
6.144428
5.962699
5.755910
5.588540
5.427427
5.238765
5.045487
4.925906
4.832603
4.731125
4.646286
4.530924
4.409507
4.306566
4.205416
4.064016
3.908284
3.756289
3.594907
3.455784
3.322130
3.137780
2.936779
2.989844
2.690575
2.608383
2.480352
2.343946
2.205483
2.071153
1.936730
1.715693
1.458196
1.273173
1.092732
0.533451
0.591222
0.248571
-0.015415
0.015576
0.166542
0.297998
0.508609
0.405523
0.203988
0.097761
-0.047263
-0.199620
-0.363186
-0.565842
-0.791158
-1.032561
-1.295567
-1.581649
-1.889376
-1.894299
-1.782966
-1.820055
-1.833755
-1.833420
-1.831870
-1.807892
-1.772316
-1.948869
-2.207873
-2.445546
-2.735243
-2.943338
-3.138832
-3.391528
-3.654017
-3.833965
-3.989437
-4.159062
-4.314498
-4.516415
-4.732961
-4.932928
-5.137617
-5.216239
-5.241677
-5.285030
-5.297733
-5.338486
-5.378708
-5.729011
-5.555047
-5.740917
-5.867053
-5.302685
-4.454620
-5.702286
-5.799472
-5.715627
-6.526357
-7.127026
-7.136976
-5.526529
-7.083498
-6.826987
-7.111555
-7.325821
-7.571702
-7.689046
-7.759070
-7.795981
-7.783017
-7.881862
-8.001404
-8.064233
-8.124468
-8.357697
-8.657315
-8.523706
-8.255189
-10.445706
-8.853285
-9.604389
-9.840306
-9.649940
-9.284925
-8.945985
-8.491159
-8.567660
-8.818695
-8.927065
-9.112783
-9.167006
-9.186417
-9.290432
-9.400209
-9.711644
-10.120543
-10.258317
-10.347753
-10.467720
-10.549317
-10.409679
-10.161158
-11.006223
-10.368896
-10.598874
-10.619019
-10.699598
-10.799399
-10.893587
-11.000794
-11.042469
-11.061768
-10.797137
-10.394271
-10.542182
-10.829604
-10.947924
-11.117990
-11.192624
-11.232994
-11.354755
-11.484985
-11.179192
-10.700459
-11.364931
-10.250687
-10.674523
-10.907059
-11.763376
-11.725915
-11.852597
-11.696338
-11.677966
-11.603057
-11.602356
-11.621337
-11.288769
-10.109716
-10.929741
-12.048813
-11.980029
-11.757634
-11.555284
-11.163699
-10.891251
-10.582940
-9.426975
-10.982322
-10.848385
-11.176462
-11.211510
-11.159505
-11.244532
-11.316042
-11.309386
-11.277646
-11.236375
-11.171015
-11.103917
-11.023782
-10.859606
-10.653376
-10.872260
-10.583295
-10.594390
-10.540189
-10.537601
-10.558148
-10.584319
-10.629189
-10.598956
-10.546124
-10.515932
-10.476832
-10.475236
-10.487821
-10.489747
-10.497754
-10.394852
-10.246479
-10.109099
-9.943344
-9.791354
-9.633088
-9.662421
-9.770094
-8.627956
-9.439503
-9.053399
-8.940878
-9.381078
-10.057845
-9.576579
-8.771961
-8.969375
-9.319001
-9.053440
-8.703551
-8.923680
-8.768446
-8.765695
-8.712284
-8.642142
-8.557288
-8.478726
-8.394174
-8.320504
-8.249323
-8.171523
-8.093225
-8.013853
-7.933089
-7.851803
-7.769530
-7.703830
-7.644664
-7.583757
-7.526926
-7.377222
-7.189726
-7.220146
-7.315745
-7.223720
-7.105481
-7.064533
-7.024322
-6.926599
-6.812933
-6.703123
-6.581394
-6.487913
-6.401275
-6.301110
-6.201387
-6.048164
-5.870950
-5.882560
-5.957606
-5.712204
-5.380174
-5.398685
-5.491822
-5.363586
-5.213247
-5.152489
-5.096048
-5.020687
-4.948783
-4.882877
-4.819140
-4.732933
-4.638818
-4.547964
-4.452413
-4.366159
-4.282006
-4.192614
-4.102963
-3.860787
-3.553035
-3.251549
-2.905849
-2.858401
-2.917802
-2.918624
-2.976174
-2.851158
-2.668840
-2.537055
-2.380586
-2.423945
-2.546114
-1.941975
-2.417794
-2.158808
-2.016339
-1.892332
-1.752974
-1.714123
-1.712798
-1.691396
-1.689679
-1.565214
-1.395619
-1.251534
-1.084158
-0.993940
-0.928340
-0.835504
-0.750787
-0.646816
-0.535574
-1.051185
-1.828075
-0.700577
1.048416
0.699338
-0.049568
0.373990
0.886900
0.918696
0.911801
1.148937
1.420832
1.638332
1.874814
1.922166
1.892179
1.889565
1.842329
1.728780
1.569003
1.565014
1.598627
1.980374
2.544369
1.165211
2.864148
2.616448
2.777138
2.994153
3.220383
3.305873
3.341761
3.393704
3.414330
3.496043
3.590774
3.650580
3.708095
3.869397
4.070087
4.263653
4.483635
4.723458
4.983348
5.158790
5.309806
5.346740
5.314743
5.261707
5.155338
5.096180
5.029890
4.906187
4.759713
4.907143
5.162879
5.381914
5.667207
5.721810
5.705418
5.767269
5.804717
5.895884
6.006758
5.923442
5.772423
6.151298
6.703353
6.393704
5.854666
6.383718
6.389607
6.532963
6.602750
6.692731
6.771385
6.860303
6.950419
7.027489
7.100655
7.175706
7.248347
7.328375
7.410617
7.490062
7.570135
7.633321
7.689320
7.746677
7.799454
7.856076
7.912332
7.963693
8.013206
8.061588
8.108103
8.152717
8.195526
8.442214
8.774604
9.096321
9.475248
9.542986
9.503993
9.537554
9.519018
9.612167
9.736106
9.801879
9.869157
9.565860
9.099430
9.377522
9.856721
9.456529
8.855237
9.902746
8.780148
9.207879
9.452921
9.667588
9.947882
10.048678
10.100636
10.185745
10.243068
11.511482
9.961845
10.164548
9.920532
9.719900
9.513943
9.552323
9.068614
9.364486
9.773283
10.141110
10.626973
10.619979
10.454251
10.431633
10.343336
10.366098
10.420491
10.413454
10.406863
10.481943
10.585478
11.138922
11.034340
11.199633
11.219039
11.511254
11.879760
10.988053
12.139515
12.045177
12.244769
12.184689
12.019943
11.882452
11.680013
11.542266
11.404496
11.205025
10.986139
11.043996
11.203974
11.691237
11.703457
11.542693
11.120368
11.489929
12.055546
12.339955
12.680438
10.818826
12.674075
12.251123
12.367395
12.473824
12.587515
12.396854
12.079052
11.781812
11.401514
11.654477
12.140145
12.512694
13.013216
12.405504
11.374233
11.797289
12.523323
12.463360
12.364936
12.625590
12.937778
12.134330
10.918353
11.392761
12.274973
12.563008
12.968319
11.468854
11.731221
11.546090
11.794474
11.688990
11.588701
11.528706
11.450820
11.384510
11.319008
11.262387
11.211149
11.637675
11.353847
11.493715
11.531574
11.594248
11.664542
11.632682
11.563555
11.468718
11.408072
11.492833
11.652763
11.779539
11.942829
11.891767
11.763099
11.681209
11.560158
11.515451
11.489830
11.426328
11.363737
11.464040
11.630069
12.037395
12.119458
11.859601
11.327387
10.877611
10.299077
10.389874
10.713863
10.876360
11.150294
11.122086
11.000436
10.898945
10.730249
10.761915
10.849476
10.858990
10.882705
10.891102
10.891371
10.906380
10.922231
10.884503
10.825934
10.770663
10.701354
10.650276
10.600725
10.535884
10.467183
10.442256
10.432527
10.416794
10.410263
10.357942
10.289814
10.438912
10.668184
9.605911
10.352843
9.977856
9.836554
9.879955
9.992656
10.076040
10.198983
10.136568
10.010717
9.933574
9.827803
9.801430
9.800582
9.767063
9.740010
9.669735
9.580641
9.499844
9.409183
9.446086
9.533522
9.087819
8.452457
8.454691
8.582889
8.483029
8.412674
8.191780
7.896510
7.817615
7.779993
7.715816
7.682593
7.648731
7.626292
7.836032
7.633563
7.716483
7.752254
7.734936
7.703155
7.684261
7.658450
7.671631
7.699527
7.665886
7.617085
7.770163
7.405837
7.340521
7.181347
7.051398
6.921563
6.735191
6.527911
6.515576
6.570406
6.320630
8.191097
3.797836
7.411579
6.295520
6.255868
6.188019
6.111755
6.038684
5.960042
5.897770
5.840190
5.776164
5.713327
5.679730
5.658448
5.637085
5.624556
5.551340
5.456433
5.373286
5.278552
5.219080
5.170427
5.108352
5.049371
4.974482
4.892852
4.815004
4.733921
4.655214
4.576403
4.494172
4.410688
4.345925
4.288179
4.066319
3.779899
4.506367
3.807082
4.067407
4.175171
3.805490
4.130892
4.049962
4.071307
3.997453
3.887994
3.789209
3.668199
3.581794
3.500829
3.395451
3.285899
3.088247
2.848567
2.612179
2.348170
2.269534
2.257180
2.364034
2.230169
2.276894
2.051662
1.996262
1.904805
1.869514
1.859208
1.838019
1.829855
1.791246
1.744634
1.750010
1.770533
1.520976
1.169105
2.500270
1.289910
1.525919
1.364577
1.213215
1.033050
0.884264
0.736388
0.557424
0.368980
0.281016
0.228070
0.189302
0.183616
-0.084241
-0.446648
0.505145
-0.493781
-0.284008
-0.334911
-0.385425
-0.429941
-0.484053
-0.539397
-0.588114
-0.635606
-0.650003
-0.649042
-0.648187
-0.636674
-1.244566
-2.111031
-1.758771
-1.074707
-1.306009
-1.642258
-1.585881
-1.508550
-1.530042
-1.542189
-1.525263
-1.502053
-1.561325
-1.649670
-1.727721
-1.823750
-1.970137
-2.145286
-2.173362
-2.157669
-2.443538
-2.821637
-2.854621
-2.815911
-4.152718
-2.814539
-3.092337
-2.949848
-3.018134
-3.150267
-3.204135
-3.276940
-3.326522
-3.366808
-3.427077
-3.489034
-3.481076
-3.446276
-3.416397
-3.368630
-3.381913
-3.413311
-3.483163
-3.584331
-3.135859
-2.472263
-4.917409
-3.443456
-4.065747
-4.072624
-4.254839
-4.445240
-4.524617
-4.579155
-4.648347
-4.700377
-4.794816
-4.900810
-4.987326
-5.075461
-5.151005
-5.219887
-5.282988
-5.339173
-5.280263
-5.168528
-4.702847
-4.719023
-4.878882
-5.288204
-5.249384
-5.440275
-6.652886
-5.882152
-6.419077
-6.691174
-6.530682
-6.200490
-6.082828
-5.930268
-5.176974
-6.222052
-6.113546
-6.293323
-7.038924
-8.038223
-6.753909
-6.403337
-6.331720
-6.574550
-6.293802
-5.967164
-6.090127
-6.327448
-6.493720
-6.730959
-6.798990
-6.820755
-6.922714
-7.019198
-7.152251
-7.306791
-7.268924
-7.163130
-7.245290
-7.355218
-7.471760
-7.624033
-7.237883
-7.606869
-7.462445
-7.396418
-7.486560
-7.625524
-5.924746
-7.118816
-6.711250
-7.789982
-7.523551
-7.211660
-7.457211
-7.776211
-7.921759
-8.086951
-8.017975
-7.840200
-8.564913
-7.919308
-8.153219
-8.214776
-8.246412
-8.277681
-8.362587
-8.466976
-8.568435
-8.683456
-8.776101
-8.865271
-8.969421
-9.075948
-9.075746
-9.032831
-8.997097
-8.933100
-8.857456
-8.764371
-8.988885
-9.339130
-7.818186
-9.461198
-9.174176
-9.350461
-9.632142
-9.758815
-9.945336
-10.095845
-10.070596
-9.960025
-9.843755
-9.666467
-9.655127
-9.685200
-9.107399
-8.307928
-8.680329
-9.383113
-9.302903
-9.168441
-9.196572
-9.185553
-9.343804
-9.572949
-9.571876
-9.523992
-9.564604
-9.596558
-9.707845
-9.858201
-9.896058
-9.585270
-10.552496
-10.588014
-9.148608
-10.718248
-10.397697
-10.526774
-10.654587
-10.792413
-10.822777
-10.811973
-10.816158
-10.796050
-10.811043
-10.831175
-10.824766
-10.813188
-10.815050
-10.817399
-10.813606
-10.808853
-10.787973
-10.759130
-10.729938
-10.695158
-10.798260
-10.957374
-11.104757
-11.287996
-11.432435
-11.575925
-11.783525
-12.013851
-11.881579
-11.612462
-12.511416
-11.636324
-11.749079
-11.574503
-11.673611
-11.859125
-10.468112
-11.935360
-11.661948
-11.820370
-11.852926
-11.849972
-12.061509
-12.334343
-11.558589
-12.161056
-11.900060
-11.806480
-11.736562
-11.663736
-11.560119
-11.444544
-11.581276
-11.816499
-12.028219
-12.302810
-11.662841
-10.660703
-11.330371
-12.444827
-11.538034
-8.720693
-11.840503
-11.745302
-11.956243
-11.419532
-11.509995
-11.549376
-11.347496
-11.598297
-11.529906
-11.512284
-11.526019
-11.543090
-11.552069
-11.562488
-11.584973
-11.612409
-11.691390
-11.795900
-11.595341
-11.847944
-11.829900
-11.876750
-11.889138
-11.888616
-11.892016
-11.887385
-11.895193
-11.904946
-11.905881
-11.905292
-11.933794
-11.973028
-11.926446
-11.851459
-12.400340
-13.192276
-10.261359
-13.001612
-12.174755
-12.269636
-12.279897
-12.308372
-12.298469
-12.271812
-12.245497
-12.207411
-12.464622
-12.842001
-12.727349
-12.490922
-12.469393
-12.430136
-13.608884
-12.573083
-12.818803
-12.701012
-12.568233
-12.394429
-12.221899
-12.029098
-11.879868
-11.739813
-11.689362
-11.685952
-11.688522
-11.725169
-11.646090
-11.534372
-11.872297
-12.373993
-10.421843
-12.121535
-11.557019
-11.480555
-12.017190
-12.803649
-11.207395
-11.516203
-11.353615
-11.630883
-11.533481
-11.432865
-11.603437
-11.848220
-10.571917
-11.600481
-11.563341
-11.991771
-12.397459
-12.898796
-12.738368
-12.338777
-12.066550
-11.666367
-11.552572
-11.514159
-11.302040
-11.081659
-11.473526
-11.769541
-11.869247
-11.905338
-13.451064
-12.123535
-11.127751
-11.922974
-11.566822
-11.595181
-11.514852
-11.446546
-11.466386
-11.517858
-11.577110
-11.663830
-11.707711
-11.747059
-11.816750
-11.892691
-11.867842
-11.806250
-11.755715
-11.681994
-11.647746
-11.620599
-11.567837
-11.511683
-11.536297
-11.590976
-11.638458
-11.705519
-11.591338
-11.408451
-11.313276
-11.204034
-10.952127
-11.308827
-11.291661
-11.385512
-11.401688
-11.397249
-11.434334
-11.471201
-11.255782
-10.937309
-10.623856
-10.237533
-10.333596
-10.601297
-10.508019
-10.901516
-10.767050
-10.597822
-10.522104
-10.413978
-10.420581
-10.470715
-10.483098
-10.511967
-10.480397
-10.426837
-10.404387
-10.378469
-10.281145
-10.155107
-10.550015
-10.143922
-10.278330
-10.322524
-10.534595
-10.833055
-10.100957
-10.878820
-10.753647
-10.842696
-10.681772
-10.419251
-10.172900
-9.859350
-9.771424
-9.749723
-10.517372
-11.675812
-11.261649
-10.445060
-10.350238
-10.207420
-10.069827
-9.988393
-9.862787
-9.745256
-9.727972
-9.752448
-9.780610
-9.840525
-9.843498
-9.837513
-9.866882
-9.901067
-9.878734
-9.838353
-9.805675
-9.761833
-9.746889
-9.739824
-9.720018
-9.701543
-9.699992
-9.704917
-9.710388
-9.720919
-9.749204
-9.787471
-9.720671
-9.615724
-10.037620
-9.431252
-9.359992
-9.090348
-9.675482
-9.763250
-9.338693
-8.553582
-8.573327
-8.712327
-8.520998
-8.330224
-8.149708
-7.938838
-7.299291
-7.283235
-7.539527
-8.158484
-8.715158
-9.444119
-9.284279
-8.820397
-8.579249
-8.196280
-8.150329
-8.204904
-8.429868
-8.250318
-8.205599
-8.046731
-9.044794
-7.196925
-7.681030
-7.946247
-7.963645
-8.019953
-8.020548
-7.989430
-8.044244
-8.114862
-8.040713
-7.921469
-7.537332
-7.557835
-7.543905
-7.676894
-7.759842
-7.886699
-7.780019
-7.589247
-7.453600
-7.277274
-7.249339
-7.271319
-7.245228
-7.237787
-7.163060
-7.063352
-6.985470
-6.898042
-6.829985
-6.768008
-6.695489
-6.623385
-6.599167
-6.594401
-6.534673
-6.465744
-6.716123
-6.497579
-6.581934
-6.609240
-6.596056
-6.570982
-6.556816
-6.537432
-6.539626
-6.549712
-6.536508
-6.519377
-6.595755
-6.707614
-6.054357
-6.556536
-6.356695
-6.318582
-6.270867
-6.220518
-6.190371
-6.166570
-6.139094
-6.115167
-6.080967
-6.043670
-6.010461
-5.976452
-5.923973
-5.863694
-5.803416
-5.737527
-5.667614
-5.593360
-5.513471
-5.428725
-5.514980
-5.671124
-5.562218
-5.391392
-5.429946
-5.500509
-5.495840
-5.496330
-5.477852
-5.445754
-5.327514
-5.164231
-5.533851
-5.075807
-5.110028
-5.022281
-4.932395
-4.836570
-4.731837
-4.620304
-4.500452
-4.372929
-4.277344
-4.190871
-3.893018
-3.512876
-4.869395
-3.602580
-4.015870
-4.098605
-4.019931
-3.895582
-3.980220
-4.115285
-4.192774
-4.291525
-4.203793
-4.040580
-3.906959
-3.730812
-3.703137
-3.721840
-3.690356
-3.674972
-3.673966
-3.681309
-3.501514
-3.247528
-4.039076
-2.333399
-2.946455
-3.486603
-3.292836
-2.998153
-2.997629
-2.997265
-2.918467
-2.837517
-2.716261
-2.568540
-3.752669
-5.569222
-3.097292
-3.809288
-3.408988
-3.573335
-3.452669
-3.357552
-3.202065
-3.002683
-2.830086
-2.641924
-2.613660
-2.648976
-2.661497
-2.711045
-2.699431
-2.676730
-2.694813
-2.718579
-2.550008
-2.306579
-2.077649
-1.799443
-2.257685
-3.007727
-2.383385
-1.388970
-1.657859
-2.145326
-2.184315
-2.268676
-2.369055
-2.450022
-2.628800
-2.841794
-2.519945
-2.612251
-2.425828
-2.258252
-2.207767
-2.186421
-1.791921
-1.264699
-2.704415
-1.335590
-1.763941
-1.849143
-1.436042
-1.687591
-1.546547
-1.497154
-1.426810
-1.348929
-1.269949
-1.184751
-1.101243
-1.015424
-0.929861
-0.843502
-0.861182
-0.922786
-1.279836
-1.216217
-1.104212
-0.805771
-0.866499
-0.987564
-2.839823
-1.102220
-1.186203
-0.546324
-0.483430
-0.519718
-0.282432
-0.036316
0.014278
0.014786
0.035038
0.019517
0.077817
0.152855
0.187834
0.221430
0.232573
0.229273
0.225190
0.211628
0.190128
0.160726
0.121848
0.074394
0.115036
0.188140
0.248493
0.327962
0.375139
0.416183
0.478306
0.543105
0.563091
0.567495
0.576768
0.576066
0.595106
0.618387
0.630530
0.642011
0.627485
0.600404
0.771518
1.018324
0.091195
0.930656
0.686973
0.685956
0.765067
0.877297
0.919664
0.956310
1.466760
2.168734
-0.018397
2.205577
1.684135
1.755702
1.837828
1.911629
2.021871
2.144835
2.257694
2.376073
2.230163
1.973315
1.733497
1.420953
1.606152
1.970862
1.356824
0.463160
1.203426
1.615079
2.101694
2.639230
2.538522
2.198043
2.433473
1.950410
2.190333
2.462170
2.601735
2.776531
2.851876
2.887409
1.852024
2.423165
3.219340
4.750707
3.276278
2.799702
2.919142
3.327249
3.180612
2.996318
2.986352
2.974175
3.495945
3.162676
3.292890
3.276170
3.288444
3.293279
3.333796
3.389081
3.275375
3.100464
3.869775
3.207545
3.421299
3.436927
3.444420
3.448364
3.452263
3.453617
3.456848
3.459682
3.459801
3.458777
3.556589
3.695634
3.829212
3.990251
3.988346
3.929397
3.905857
3.853400
4.495460
5.423235
4.713236
3.513800
3.923332
4.614697
4.356633
3.997033
4.101633
4.255632
4.276965
4.314153
4.336317
4.345472
4.370631
4.394914
4.368497
4.321793
4.276493
4.216915
4.378194
4.626905
4.851325
5.129766
5.111915
4.990735
4.938059
4.834736
4.846774
4.891418
4.879204
4.870293
4.892814
4.924236
4.957270
4.998489
5.018047
5.032394
5.056161
5.079201
5.116780
5.161201
5.347741
5.599498
4.997186
5.678899
5.586245
5.675373
5.769912
5.869943
5.974490
6.084104
6.151394
6.203527
6.301203
6.406671
6.201273
5.872076
7.271347
6.035382
6.074138
5.603403
5.769976
6.103949
6.000209
5.856153
5.909320
5.981162
5.973472
5.961575
5.974008
5.986401
6.038445
6.109918
6.179833
6.262389
6.332179
6.402295
6.486035
6.574372
6.633268
6.683234
6.739337
6.790750
6.564384
6.218276
6.770909
7.620428
7.439277
7.053869
7.027369
6.948729
6.916518
6.917633
6.865625
6.811546
6.775435
6.740373
6.701972
6.664544
6.816955
7.050246
7.276332
7.557355
7.523699
7.381128
7.308938
7.182334
7.181565
7.216291
7.189825
7.167279
7.198756
7.248576
7.299640
7.365550
7.395623
7.417537
7.456373
7.494792
7.443671
7.356047
7.271985
7.162853
7.048222
6.919882
7.083991
7.365529
8.979476
7.202277
7.671469
7.648446
7.574908
7.581848
7.474755
7.351506
8.023266
9.540525
6.526178
7.800028
7.362816
7.633633
7.524086
7.403303
7.532313
7.722066
7.896752
8.119943
8.284541
8.445342
8.661834
8.894038
8.771179
8.510501
8.418302
8.033361
7.882939
7.712961
7.481367
7.239225
7.163770
7.465433
7.574019
7.794824
7.886901
7.956348
8.110821
8.277236
8.305538
8.289673
8.292802
8.268690
8.108375
7.879354
7.773858
7.674303
7.072774
7.900781
7.863756
8.075407
8.145310
8.179834
8.290930
8.403018
8.552959
8.727579
8.902202
9.092401
8.892494
8.533899
8.208245
7.780937
7.867361
8.128229
8.261978
8.477784
8.469868
8.391752
8.438482
8.481746
8.387142
8.245471
9.495542
8.632967
8.469021
7.759698
8.245446
9.058100
8.890710
8.586053
8.671551
8.754957
8.775886
8.810564
8.848872
8.888551
8.877588
8.846103
8.818250
8.776964
8.700907
8.604145
8.443322
8.241857
8.621812
9.223330
7.427811
9.187996
8.999852
9.395129
8.274794
9.521042
9.196162
9.151297
9.171786
9.184935
9.560607
10.647381
9.975981
8.928103
10.539570
8.871489
8.847536
8.267911
8.454642
8.881156
9.160526
9.570800
9.501185
9.273142
9.200129
9.068024
9.131100
9.265951
9.332448
9.424162
9.428346
9.399866
9.400720
9.389481
9.402586
9.423488
9.431054
9.439178
9.456581
9.476781
9.497006
9.519535
9.540690
9.562341
9.584376
9.610622
9.641788
9.677061
9.757983
9.860775
9.911843
9.955984
10.025357
10.096742
10.141055
10.177464
10.217325
10.252084
10.025404
9.685457
9.875294
10.209792
10.089618
9.899872
9.883687
9.860605
9.800775
9.740457
9.675961
9.605568
9.611648
9.647060
9.673038
9.716844
9.690626
9.641968
9.614710
9.578628
9.792735
10.111427
9.911472
9.566336
9.666495
9.833171
9.826241
9.823764
9.813380
9.783335
9.756862
9.721858
9.695662
9.669594
9.634344
9.596180
9.614598
9.654754
9.689381
9.737834
9.759872
9.776564
9.822464
9.875489
9.880878
9.872430
9.873644
9.867440
9.876631
9.889921
9.894945
9.900002
9.735327
9.497572
9.523647
9.609761
8.431750
8.824741
11.455935
9.434754
9.943566
9.777120
9.619622
9.417394
9.426123
9.504601
9.516750
9.555699
9.513119
9.441383
9.852370
9.577835
9.734302
9.804030
9.883868
9.973000
9.992872
9.988701
9.997217
9.992529
10.308592
10.756290
10.604612
10.293552
10.263195
10.214119
9.983190
9.695834
9.434744
9.139133
9.398583
9.880814
9.166857
9.773849
9.751945
9.954799
9.926408
9.838355
9.803477
9.738780
9.699876
9.663604
9.766841
9.933402
9.064643
9.710346
9.417945
9.326451
9.537851
9.872945
10.184058
10.575004
10.353151
9.905425
9.568752
9.108595
9.169720
9.430893
9.528231
9.704801
9.668726
9.561952
9.542368
9.504236
9.668054
9.918342
9.837949
9.678757
11.256986
10.113288
10.672099
10.863766
10.919920
10.926644
10.648819
10.212408
10.143120
10.125596
9.912948
9.680407
9.771251
9.969712
9.543892
10.035284
10.338681
10.925801
9.968931
9.898219
9.819495
9.989137
9.854939
9.706998
9.791765
9.936936
10.055432
10.215524
9.889064
9.372244
9.000377
8.549461
8.511667
9.534015
9.960205
10.673274
10.545632
10.131578
9.945730
9.633744
9.655094
9.783332
9.768437
9.778026
9.889551
10.040768
10.211796
10.420649
10.299390
10.057493
9.884114
9.648402
9.669220
9.777237
9.780817
9.807986
8.870273
9.520984
9.138902
8.959556
9.134870
9.446733
9.723736
10.087450
10.191108
10.221055
10.351698
10.463108
10.130241
9.609984
9.143979
8.566201
8.552728
9.338123
9.746562
10.428721
9.823951
9.793738
9.337535
8.610466
9.167930
8.811622
8.897578
8.879528
8.940123
9.032274
9.159460
9.324670
9.470769
9.630264
9.780823
9.931836
10.097828
9.717767
9.640486
9.437736
9.343961
9.269819
9.124558
8.969775
9.041365
9.197283
9.333019
9.523656
9.628991
9.721619
9.874596
10.038265
9.983382
9.846906
9.731401
9.563441
9.476740
9.402254
9.270131
9.127813
9.108286
9.130125
9.159178
9.223687
9.168516
9.079800
10.077371
9.501730
9.712605
9.635938
9.602554
9.536124
9.555924
9.601511
9.609516
9.622746
9.560880
9.465529
9.378526
9.271431
9.387985
9.591169
9.763979
9.988142
9.928038
9.767828
9.672793
9.528478
9.493693
9.489322
9.429732
9.372498
9.360458
9.362906
9.233004
9.058362
9.713741
9.208609
9.432533
9.510728
9.216576
8.772901
9.126174
9.709051
9.563657
9.300369
9.309098
9.301206
9.550112
9.929300
9.438975
8.956645
9.045698
9.289548
8.733563
8.991867
8.882149
8.912731
8.931931
8.973065
8.976073
8.971932
8.992050
9.015102
9.061572
9.121950
9.045886
8.920763
9.535217
8.878262
8.988185
8.906925
8.880445
8.868887
8.834545
8.803303
8.742684
8.668604
8.598819
8.521442
8.554907
8.632432
8.697354
8.789298
8.848513
8.905130
8.991030
9.084707
9.048658
8.964157
8.893532
8.792368
8.738813
8.692673
8.621062
8.547130
8.446528
8.330794
8.572513
8.266671
8.239163
8.111342
7.990772
7.855752
8.115534
8.537299
8.532382
8.463624
8.422614
8.318312
8.143339
7.911574
7.948818
8.066428
8.113089
8.195706
8.182025
8.136706
8.132196
8.120029
8.126671
8.142049
8.149012
8.158481
8.168488
8.179008
8.192030
8.206415
8.219129
8.232037
8.246446
8.261408
8.278811
8.297671
8.317010
8.337493
8.333776
8.320347
8.309151
8.291792
8.281524
8.271620
8.255049
8.236563
8.164140
8.067164
8.031593
8.004933
7.818672
8.257743
8.501739
8.938869
8.038266
8.461493
8.063814
7.795556
7.896315
8.127813
8.269077
8.472287
8.423881
8.287886
8.226148
8.128318
8.229024
8.405155
8.331407
8.207703
8.129089
8.019792
7.854852
7.656634
7.498084
7.334927
7.135168
6.921875
6.928420
7.018288
7.084377
7.202673
7.243885
7.274245
7.361783
7.460401
7.444850
7.391966
7.355930
7.297480
7.250190
7.198929
7.050511
6.860075
7.487178
8.432163
5.514275
7.469305
6.937875
7.222939
6.367217
6.972050
6.839367
6.956512
7.075104
7.233289
6.994545
6.605616
6.853385
6.291303
6.184840
6.794441
6.911694
7.203258
7.094185
6.844192
6.746451
6.605034
7.494248
9.597082
7.617203
6.199933
6.416053
7.158504
6.922744
6.690362
6.686478
6.677821
6.655034
6.648195
6.595401
6.529030
6.481036
6.429632
6.403539
6.388563
6.369113
6.355649
6.334268
6.311851
6.295936
6.281464
6.280208
6.285940
6.303301
6.330285
6.092929
5.748838
6.250168
6.124078
6.168763
6.081617
6.113086
6.151331
6.163640
6.180649
6.206732
6.236133
6.256312
6.275083
6.297758
6.320458
6.345027
6.370817
6.396584
6.423109
6.426914
6.421403
6.417658
6.407894
6.127975
5.730472
5.869526
6.153174
6.038099
5.877944
5.938134
6.028734
5.772212
5.955167
5.884444
5.874969
5.844796
5.807654
5.771969
5.731447
5.697226
5.663575
5.624656
5.584430
5.605000
5.650270
5.691522
5.749077
5.620756
5.420560
5.568683
5.811650
5.784908
5.724733
5.777136
5.833214
5.864427
5.898703
5.938750
5.980055
5.954684
5.902142
5.853824
5.787510
5.622972
5.408654
5.509430
5.710548
8.330091
5.214751
5.886224
5.737619
5.488916
5.214306
6.007640
5.070653
5.300973
5.330212
5.354563
5.406210
5.408761
5.402696
5.426964
5.454903
5.394065
5.300384
5.214571
5.107315
5.034190
4.966373
4.874948
4.779581
5.056909
5.488470
5.899693
6.414002
6.174345
5.660032
5.284777
4.760146
5.029355
5.581066
4.885760
3.876295
4.073019
4.503707
4.547272
4.663478
4.671044
4.625433
4.368619
3.985516
5.409899
4.305222
4.756985
4.877252
4.881515
4.845887
4.840454
4.816891
4.872348
4.956130
4.565974
3.995800
6.348097
4.761173
5.341297
5.306982
5.225488
5.065453
4.628019
4.030751
5.109252
4.677360
5.163931
5.557264
5.082351
4.497948
3.943776
3.259221
4.388777
6.232334
5.176329
3.413253
3.650995
4.101704
3.912085
3.761674
3.426143
5.206386
4.236413
3.068108
3.404210
3.996275
4.047972
4.148993
4.209616
4.218945
4.276778
4.326936
4.339195
4.336867
4.328613
4.306988
4.298124
4.287796
4.263031
4.232787
4.065179
3.835026
3.605010
3.331199
3.360116
3.497336
3.576168
3.712963
3.684248
3.606090
3.594605
3.570794
3.810998
4.164823
3.927823
3.520628
3.550380
3.641088
3.379108
3.041894
4.166010
4.237294
3.983341
3.252369
3.557294
4.045014
4.296062
5.722567
2.707716
3.826156
3.804407
4.469867
4.322318
4.030137
4.080775
4.123415
3.975318
3.778615
2.404589
3.472668
3.666974
4.509229
4.100740
3.371177
3.502396
3.716975
3.552135
3.356065
3.314741
3.284451
3.212144
3.143516
3.078347
3.011924
3.039171
3.106052
2.593636
2.858138
2.927614
3.109140
2.072301
3.102690
2.925857
3.075075
2.840241
2.466953
4.267498
2.828716
3.280165
3.248097
3.230533
3.192714
3.195216
3.206918
3.196029
3.184109
3.137125
3.072347
3.007834
2.931381
2.883261
2.841628
2.786417
2.731469
2.725053
2.737974
2.748966
2.773337
2.744010
2.697901
2.765684
2.868377
2.533156
3.131657
2.904040
2.716097
2.783543
2.890771
2.900680
2.914865
2.954808
2.997410
3.042555
3.092755
3.088699
3.064194
3.123784
3.203828
2.954172
3.437125
2.996176
2.470509
2.408000
2.405032
2.192497
1.967737
1.965251
2.029424
2.069693
2.154563
2.174199
2.184448
2.174216
2.143962
2.493629
2.219707
2.333483
2.360231
2.359007
2.346151
2.333119
2.311598
2.275242
2.228577
2.522501
2.954943
1.156854
2.405512
1.757108
1.493066
1.765092
2.244452
2.544675
2.922601
2.738641
2.333044
2.031825
1.611660
1.672379
1.893026
2.021340
2.138794
2.116922
2.020900
2.001301
1.964719
1.981594
2.021349
1.932797
1.806033
2.366880
1.971127
2.086939
2.044955
2.022865
1.989464
1.930686
1.857917
1.806680
1.755360
1.688427
1.617092
1.632685
1.681550
1.721986
1.783632
1.693685
1.548283
1.431305
1.284383
1.284426
1.335980
1.350426
1.388783
1.380361
1.359310
1.348564
1.331332
1.456259
1.639727
1.092491
1.656549
1.735201
2.050708
1.642630
0.986262
1.021337
1.157647
1.017372
0.880067
1.183491
1.646549
1.970402
0.991302
1.218332
1.333245
1.498739
1.188076
1.261509
1.280595
1.275015
1.274143
1.270119
1.264348
1.263392
1.263331
1.261027
1.258698
1.257432
1.256368
1.233300
1.201076
1.170019
1.132838
1.101505
1.069915
1.031742
0.991267
0.965682
0.944658
0.896834
0.841321
0.960315
1.147121
0.264905
1.002328
0.975574
1.269450
1.029134
0.630855
3.158312
0.952434
1.664581
1.710042
1.656653
1.557774
1.443369
1.290573
1.159665
1.018437
0.836401
0.634482
0.744143
0.972743
1.191586
1.495007
1.226904
0.754221
1.485250
0.474270
0.758743
0.905559
0.976664
1.088222
1.103823
1.089534
1.120656
1.146933
1.132434
1.103124
1.070917
1.026219
0.887448
0.702490
0.508634
0.279387
0.798708
1.619017
1.107246
0.248990
0.345214
0.544147
0.332670
0.095766
0.129711
0.223528
0.276083
0.367818
0.434982
0.505683
0.617673
0.746287
0.454017
-0.005176
0.308115
0.827307
0.726683
0.540615
0.600552
0.659490
0.651964
0.641740
0.635303
0.622175
0.616868
0.612155
0.600209
0.586291
0.506892
0.397942
0.289717
0.161019
0.044163
-0.077170
-0.220201
-0.373310
-0.319403
-0.184432
-0.068990
0.098051
0.198863
0.293608
0.444466
0.609344
0.585881
0.494791
0.426780
0.316955
0.337732
0.396929
0.407394
0.428957
0.065531
-0.461666
-0.245512
0.169424
-0.431034
0.723180
-2.390373
-0.039321
-0.750566
-0.655934
-0.587432
-0.476668
-0.388735
-0.362408
-0.274287
-0.191158
-0.006510
0.225538
-0.457465
0.260217
0.185974
0.334256
0.503564
0.644680
0.525324
0.284154
0.073870
-0.207938
-0.217580
-0.141663
-0.151274
-0.128364
-0.170571
-0.234303
-0.195301
-0.129569
-0.371705
0.026177
0.055180
0.194547
0.021143
-0.272687
-0.755209
-1.407572
0.461021
0.725533
0.604935
-0.164278
