0.133114
0.156703
0.179391
0.208769
0.227647
0.245098
0.269920
0.296097
0.316666
0.336264
0.357566
0.378544
0.404380
0.432312
0.459713
0.488384
0.397424
0.256100
0.121245
-0.047126
-0.185450
-0.326010
-0.502509
-0.692166
-0.598854
-0.395111
-0.217475
0.030765
0.187164
0.334806
0.559288
0.802636
0.653197
0.353606
0.091091
-0.267603
-0.434153
-0.560091
-0.793580
-1.033456
-0.534194
0.265187
1.025235
1.987453
1.617397
0.771037
0.191088
-0.639780
-0.733581
-0.603136
-0.762097
-0.861068
-0.661157
-0.336605
0.034861
0.516345
0.801840
1.060465
1.441801
1.842005
1.576786
1.050265
0.572943
-0.076356
-0.317641
-0.460697
-0.798980
-1.131096
-1.084751
-0.895155
-0.717044
-0.436615
0.009368
0.572525
1.234369
2.010643
2.074351
1.898936
1.873484
1.724332
1.350444
0.838844
0.210075
-0.556881
-1.340511
-2.208399
-3.219545
-4.332898
-3.759897
-2.532422
-1.484596
-0.027947
0.880374
1.727939
3.020919
4.416888
4.045754
3.018150
2.176887
0.920164
0.323206
-0.167983
-1.116210
-2.139477
-2.322106
-2.230606
-2.256663
-2.115266
-2.132681
-2.151648
-1.991358
-1.772338
-1.263192
-0.584096
0.144710
1.005032
1.845984
2.745589
3.782562
4.903421
4.442751
3.363001
2.439366
1.124582
0.313689
-0.449566
-1.638212
-2.932181
-3.154235
-3.014593
-3.033574
-2.837050
-3.127856
-3.541829
-3.712965
-3.890095
-3.218045
-2.161767
-1.146377
0.121589
1.251208
2.435993
3.887876
5.464610
5.391565
4.703334
4.217600
3.355048
3.090609
2.925525
2.346193
1.700492
0.987254
0.170313
-0.715710
-1.686876
-2.459698
-3.195340
-4.028219
-4.864046
-4.749943
-4.243325
-3.781490
-3.054184
-2.589342
-2.116517
-1.357924
-0.501789
0.044088
0.533921
1.140374
1.737333
2.587489
3.553280
4.499253
5.517791
5.403104
4.838140
4.396996
3.677536
3.295199
2.938995
2.281135
1.542864
0.989965
0.446318
-0.190958
-0.844107
-1.708838
-2.680950
-3.661115
-4.717432
-4.852906
-4.633103
-4.531896
-4.217157
-4.199814
-4.221507
-4.010277
-3.749722
-3.249641
-2.599864
-1.907505
-1.101513
-0.236959
0.710272
1.772944
2.929681
3.314248
3.426563
3.670461
3.761002
4.162124
4.637465
4.941710
5.240821
5.027989
4.576802
4.141015
3.545875
3.018462
2.446822
1.707427
0.883099
0.347435
-0.122966
-0.695066
-1.249290
-2.004023
-2.846464
-3.662563
-4.529787
-4.790957
-4.815422
-4.918731
-4.880490
-5.029384
-5.199921
-5.216488
-5.197498
-4.822779
-4.263732
-3.681992
-2.966549
-2.257488
-1.486084
-0.575820
0.422068
0.997501
1.448945
2.010413
2.515860
3.248079
4.062188
4.809401
5.590539
5.721193
5.583882
5.509203
5.266722
5.193738
5.120872
4.867493
4.555308
4.233909
3.861918
3.428016
2.943088
2.350628
1.681946
0.964587
0.179411
-0.364130
-0.841791
-1.400458
-1.937135
-2.610903
-3.341274
-4.043614
-4.775069
-5.070019
-5.189912
-5.358542
-5.419653
-5.605564
-5.799354
-5.876850
-5.921771
-5.793347
-5.563585
-5.306651
-4.972313
-4.614292
-4.207044
-3.720474
-3.174577
-2.668247
-2.142551
-1.553105
-0.931649
-0.220852
0.549709
1.350062
2.200557
2.699488
3.075483
3.518778
3.895874
4.414392
4.969190
5.449897
5.931054
6.052278
6.012717
5.988553
5.857481
5.791778
5.705421
5.505700
5.254986
5.118468
4.994640
4.812202
4.622864
4.323665
3.968281
3.610025
3.212586
2.716094
2.158789
1.565170
0.917114
0.255342
-0.441621
-1.194634
-1.989439
-2.507558
-2.933468
-3.415015
-3.847726
-4.403764
-4.995282
-5.531373
-6.073565
-6.363293
-6.542589
-6.738645
-6.863350
-7.038306
-7.202982
-7.291764
-7.348757
-7.229360
-7.011976
-6.768688
-6.449781
-6.120852
-5.749480
-5.300057
-4.796472
-4.325659
-3.835145
-3.286531
-2.707435
-2.045891
-1.328828
-0.583304
0.209078
0.650416
0.967358
1.348166
1.660685
2.111009
2.594730
3.002324
3.407770
3.886406
4.387118
4.881844
5.392118
5.859664
6.315682
6.789589
7.261181
7.319161
7.201959
7.100336
6.879453
6.762091
6.634540
6.379194
6.075659
5.920253
5.791761
5.605983
5.424127
5.122468
4.765605
4.417512
4.034596
3.650709
3.251018
2.815391
2.356965
1.868651
1.353132
0.815014
0.251367
-0.189511
-0.592508
-1.027405
-1.445124
-1.923452
-2.422897
-2.902200
-3.389246
-3.775253
-4.119765
-4.476488
-4.808263
-5.165753
-5.523786
-5.854982
-6.177737
-6.378214
-6.519864
-6.657835
-6.753726
-6.863233
-6.958426
-7.009443
-7.036396
-7.021945
-6.973923
-6.902426
-6.800824
-6.673298
-6.518149
-6.332767
-6.118831
-5.898471
-5.658795
-5.389597
-5.098107
-4.772191
-4.418053
-4.042087
-3.639965
-3.345148
-3.081421
-2.785816
-2.502579
-2.162124
-1.799742
-1.452377
-1.095068
-0.660302
-0.189508
0.288120
0.793742
1.285409
1.784979
2.314183
2.858222
3.201738
3.470021
3.762543
4.008890
4.326760
4.655993
4.934536
5.204408
5.566927
5.959437
6.338574
6.735886
7.087285
7.426249
7.785900
8.143664
8.167631
8.050874
7.946721
7.746640
7.631971
7.510026
7.285197
7.022226
6.877346
6.753944
6.585150
6.419612
6.158520
5.853489
5.555588
5.230011
4.982528
4.756059
4.497632
4.243723
3.946984
3.630755
3.320797
2.999837
2.603401
2.170357
1.729230
1.259518
0.799648
0.329716
-0.170297
-0.686782
-1.036174
-1.325372
-1.639065
-1.917280
-2.260588
-2.617560
-2.935195
-3.249387
-3.605974
-3.974820
-4.337963
-4.708914
-5.054482
-5.392305
-5.739260
-6.083782
-6.288445
-6.433424
-6.581989
-6.689302
-6.830997
-6.968371
-7.061587
-7.137630
-7.281512
-7.441537
-7.580508
-7.725269
-7.824104
-7.903881
-7.991463
-8.068574
-8.029616
-7.937189
-7.838989
-7.700985
-7.583629
-7.455795
-7.285822
-7.095195
-6.929738
-6.760850
-6.569161
-6.368828
-6.130250
-5.868933
-5.600135
-5.313450
-5.061871
-4.816055
-4.550149
-4.282113
-3.986475
-3.675967
-3.364284
-3.042210
-2.679899
-2.295473
-1.902017
-1.490094
-1.077797
-0.655731
-0.214494
0.239518
0.550413
0.808429
1.085991
1.331937
1.630391
1.938441
2.211654
2.480100
2.818631
3.181059
3.535255
3.904568
4.241894
4.571823
4.918714
5.265969
5.508395
5.708184
5.913004
6.088884
6.295643
6.502512
6.678133
6.843778
6.999502
7.143023
7.276397
7.398684
7.504567
7.597201
7.678985
7.748206
7.823071
7.893301
7.950197
7.999846
8.033033
8.054407
8.068883
8.073145
8.057590
8.028086
7.988809
7.936739
7.877782
7.808865
7.726925
7.634045
7.555801
7.477278
7.386698
7.292407
7.180347
7.057710
6.931902
6.797907
6.550459
6.250565
5.947062
5.605433
5.282657
4.949655
4.576344
4.183087
3.966576
3.811654
3.628142
3.480043
3.258158
3.018443
2.818340
2.618924
2.292966
1.917680
1.548876
1.146315
0.787033
0.431033
0.038275
-0.364002
-0.657339
-0.912674
-1.182854
-1.430006
-1.723619
-2.027783
-2.306224
-2.583584
-2.908913
-3.251423
-3.590541
-3.941346
-4.271744
-4.598576
-4.938360
-5.279822
-5.501223
-5.673696
-5.853187
-6.000022
-6.181458
-6.363058
-6.509417
-6.644522
-6.824631
-7.014882
-7.191264
-7.371262
-7.519129
-7.653552
-7.792994
-7.924868
-8.058827
-8.190658
-8.314605
-8.434421
-8.548125
-8.656458
-8.760716
-8.860075
-8.945361
-9.021932
-9.094007
-9.158594
-9.220757
-9.277902
-9.327366
-9.370954
-9.364620
-9.333476
-9.298341
-9.244596
-9.195111
-9.138296
-9.062000
-8.974432
-8.832176
-8.659307
-8.476970
-8.270469
-8.060749
-7.837331
-7.588963
-7.323219
-7.157939
-7.024622
-6.868788
-6.728989
-6.540953
-6.337522
-6.152591
-5.963209
-5.713755
-5.438614
-5.161604
-4.865399
-4.585154
-4.302507
-3.999288
-3.687880
-3.478035
-3.305390
-3.119725
-2.956707
-2.755150
-2.546429
-2.362709
-2.182189
-1.954928
-1.711926
-1.474450
-1.227000
-1.001435
-0.781094
-0.549527
-0.317949
-0.014844
0.319889
0.651639
1.004516
1.343441
1.686015
2.051035
2.425839
2.745816
3.049425
3.365704
3.673898
4.011363
4.358836
4.696778
5.038455
5.252173
5.412187
5.581508
5.716072
5.882307
6.046717
6.173856
6.287634
6.457813
6.641783
6.809195
6.981997
7.117310
7.237444
7.364642
7.483762
7.640523
7.810262
7.970073
8.135728
8.286784
8.433316
8.586447
8.738721
8.809638
8.846236
8.885505
8.901214
8.937835
8.972597
8.982089
8.982171
9.043129
9.122905
9.190114
9.267241
9.313132
9.349048
9.396477
9.440824
9.452879
9.450970
9.447353
9.433045
9.427140
9.419619
9.400656
9.376958
9.293253
9.180585
9.065511
8.929486
8.800108
8.663484
8.504867
8.334202
8.286823
8.283928
8.263070
8.268468
8.225998
8.173563
8.150229
8.129539
7.969508
7.754508
7.548485
7.305767
7.108104
6.913366
6.678772
6.433362
6.238091
6.054864
5.857962
5.666194
5.440070
5.200285
4.967189
4.726898
4.621300
4.570351
4.506201
4.476305
4.408992
4.340413
4.308801
4.288364
4.005143
3.619258
3.256565
2.827804
2.484433
2.148890
1.741459
1.316150
1.135364
1.042632
0.920278
0.852477
0.686876
0.502089
0.377754
0.259793
0.037345
-0.220175
-0.466110
-0.734614
-0.953551
-1.160746
-1.393350
-1.626014
-1.864089
-2.107185
-2.350312
-2.596379
-2.848852
-3.105432
-3.364778
-3.627904
-3.883298
-4.137466
-4.395902
-4.654761
-4.919887
-5.188329
-5.456972
-5.727919
-5.900717
-6.032853
-6.171608
-6.283730
-6.421884
-6.559333
-6.668145
-6.767199
-6.919018
-7.085684
-7.239745
-7.400988
-7.531616
-7.651249
-7.779535
-7.903109
-8.042477
-8.187274
-8.326580
-8.467767
-8.603298
-8.736724
-8.872295
-9.007195
-9.105444
-9.188012
-9.271481
-9.344103
-9.425628
-9.505953
-9.574674
-9.638838
-9.701267
-9.759594
-9.813187
-9.862659
-9.904764
-9.941302
-9.973855
-10.001323
-10.022963
-10.039318
-10.050628
-10.056700
-10.058198
-10.054761
-10.046057
-10.032315
-10.005740
-9.970787
-9.931129
-9.884185
-9.834023
-9.778581
-9.715696
-9.646830
-9.575916
-9.500540
-9.419000
-9.332530
-9.238684
-9.138735
-9.033952
-8.923472
-8.870768
-8.839466
-8.799736
-8.772568
-8.724569
-8.672700
-8.634666
-8.598499
-8.532510
-8.456172
-8.383162
-8.303562
-8.237122
-8.173546
-8.102606
-8.031268
-7.905795
-7.756322
-7.608712
-7.444916
-7.291653
-7.135485
-6.962121
-6.781195
-6.663746
-6.567941
-6.461434
-6.367238
-6.245347
-6.116307
-6.001120
-5.885544
-5.709480
-5.508962
-5.310761
-5.095682
-4.899083
-4.702684
-4.488034
-4.267669
-4.066328
-3.868469
-3.663730
-3.459709
-3.240194
-3.013693
-2.788551
-2.559072
-2.371973
-2.201019
-2.023760
-1.855871
-1.674033
-1.489984
-1.316186
-1.144236
-0.949042
-0.745909
-0.545773
-0.340730
-0.146155
0.045948
0.243557
0.441242
0.617782
0.785942
0.955137
1.118607
1.288937
1.459612
1.624073
1.786778
1.931936
2.068146
2.203246
2.331823
2.461128
2.587570
2.707219
2.822712
2.964817
3.115580
3.260840
3.410633
3.548014
3.681655
3.820480
3.958444
4.119158
4.289699
4.458409
4.633353
4.803533
4.974413
5.151938
5.332115
5.476691
5.608067
5.743774
5.871369
6.012095
6.155065
6.289106
6.421789
6.570633
6.724771
6.876737
7.031970
7.179314
7.324603
7.473597
7.622369
7.745887
7.858947
7.972895
8.079647
8.193432
8.306932
8.412685
8.515754
8.627142
8.739992
8.849643
8.959497
9.062472
9.162276
9.262564
9.360842
9.454269
9.544741
9.633347
9.719260
9.804605
9.888250
9.969117
10.047944
10.125267
10.200701
10.274066
10.345506
10.414555
10.481465
10.546470
10.609408
10.591323
10.537593
10.485202
10.408097
10.348123
10.283998
10.193562
10.091800
10.130206
10.220159
10.292135
10.395460
10.446201
10.487355
10.563085
10.643465
10.618808
10.555297
10.501405
10.422276
10.383422
10.350898
10.290590
10.225690
10.234796
10.270297
10.297634
10.341703
10.355126
10.362485
10.388421
10.416175
10.382249
10.324898
10.272235
10.204059
10.158153
10.114949
10.054763
9.990976
9.938794
9.888064
9.832971
9.777931
9.711567
9.639947
9.568835
9.494278
9.429567
9.367484
9.301414
9.235922
9.164954
9.091503
9.018855
8.944805
8.861398
8.773438
8.684437
8.591868
8.500492
8.407842
8.311438
8.212967
8.123407
8.036272
7.946582
7.857885
7.763950
7.667981
7.573246
7.477528
7.344897
7.196229
7.048145
6.888887
6.738026
6.585565
6.421178
6.251856
6.156993
6.090238
6.015068
5.957374
5.873383
5.785500
5.716775
5.651593
5.486514
5.282618
5.086850
4.865771
4.678030
4.493473
4.281343
4.062504
3.924689
3.815285
3.695224
3.592521
3.455540
3.310981
3.185783
3.061643
2.902475
2.730947
2.562177
2.385081
2.223313
2.064458
1.896344
1.727278
1.546069
1.358268
1.169931
0.976991
0.783308
0.587096
0.386146
0.181916
0.089193
0.041877
-0.013680
-0.039657
-0.097191
-0.155163
-0.181220
-0.197244
-0.365198
-0.589717
-0.797046
-1.039655
-1.226356
-1.403980
-1.620399
-1.843152
-1.974591
-2.074252
-2.184715
-2.275213
-2.405515
-2.544541
-2.661270
-2.776815
-2.921952
-3.076766
-3.228901
-3.387563
-3.531211
-3.671246
-3.818664
-3.965941
-4.105242
-4.241865
-4.378744
-4.513633
-4.652549
-4.792274
-4.929766
-5.067114
-5.207022
-5.347715
-5.488131
-5.629068
-5.768574
-5.907687
-6.047398
-6.187028
-6.325970
-6.464643
-6.603268
-6.741672
-6.880348
-7.019031
-7.157475
-7.295848
-7.394717
-7.476717
-7.560347
-7.632583
-7.714261
-7.794791
-7.863130
-7.926745
-8.005195
-8.086453
-8.162082
-8.238203
-8.302605
-8.361655
-8.421675
-8.478358
-8.560041
-8.650902
-8.737238
-8.828598
-8.911047
-8.991580
-9.077661
-9.164260
-9.235860
-9.301908
-9.369184
-9.432792
-9.502200
-9.572486
-9.638735
-9.704293
-9.722709
-9.720315
-9.719206
-9.703899
-9.698156
-9.689966
-9.666677
-9.636829
-9.715708
-9.836178
-9.945051
-10.079992
-10.177841
-10.270896
-10.392443
-10.519939
-10.564832
-10.580381
-10.605877
-10.613108
-10.654560
-10.703068
-10.731272
-10.757766
-10.818454
-10.890741
-10.959623
-11.036112
-11.096577
-11.153428
-11.218818
-11.284450
-11.306060
-11.309956
-11.316070
-11.310165
-11.317739
-11.325651
-11.320558
-11.311516
-11.336353
-11.372378
-11.402752
-11.439552
-11.460500
-11.477115
-11.501020
-11.524318
-11.510942
-11.482448
-11.454964
-11.416944
-11.389445
-11.361591
-11.322384
-11.279294
-11.247395
-11.217235
-11.182484
-11.147778
-11.103282
-11.054154
-11.005461
-10.953745
-10.935678
-10.930559
-10.920864
-10.918852
-10.905967
-10.891571
-10.885562
-10.881261
-10.859327
-10.831577
-10.806424
-10.777784
-10.757557
-10.739550
-10.717592
-10.695883
-10.652012
-10.598411
-10.545992
-10.487169
-10.432764
-10.377363
-10.315153
-10.250046
-10.194594
-10.141173
-10.084283
-10.027891
-9.964379
-9.897702
-9.831821
-9.764040
-9.732185
-9.714810
-9.693928
-9.682142
-9.660098
-9.637580
-9.624894
-9.615083
-9.545645
-9.453224
-9.366428
-9.264942
-9.183587
-9.104508
-9.009399
-8.910668
-8.859228
-8.824515
-8.783886
-8.753586
-8.703576
-8.649392
-8.606703
-8.564863
-8.503035
-8.434317
-8.367430
-8.295978
-8.233637
-8.173228
-8.107714
-8.041898
-7.924750
-7.785078
-7.647266
-7.494255
-7.351868
-7.207077
-7.046109
-6.878256
-6.792447
-6.736607
-6.669975
-6.621481
-6.541735
-6.456048
-6.390400
-6.327185
-6.202981
-6.056087
-5.914502
-5.758084
-5.624789
-5.494945
-5.348793
-5.199766
-5.073070
-4.952802
-4.828467
-4.707778
-4.574052
-4.436056
-4.302364
-4.167123
-4.051917
-3.944966
-3.835581
-3.731149
-3.621699
-3.512177
-3.407980
-3.305485
-3.191968
-3.075123
-2.960556
-2.844232
-2.733787
-2.625261
-2.514680
-2.404747
-2.298455
-2.193798
-2.089638
-1.986841
-1.883151
-1.779773
-1.677848
-1.576594
-1.475474
-1.374880
-1.274985
-1.175648
-1.077347
-0.979822
-0.882836
-0.786553
-0.732446
-0.696672
-0.659811
-0.635544
-0.601873
-0.569987
-0.551535
-0.538639
-0.454276
-0.343529
-0.241723
-0.123789
-0.032468
0.054141
0.158521
0.265435
0.366081
0.467129
0.571212
0.676112
0.790276
0.909086
1.028366
1.151004
1.276024
1.403682
1.534716
1.668676
1.805359
1.944929
2.087437
2.232836
2.353818
2.466076
2.582403
2.693788
2.814700
2.937782
3.055369
3.172643
3.303093
3.438420
3.572812
3.710487
3.843016
3.974794
4.110186
4.246218
4.318639
4.364678
4.414151
4.445987
4.494941
4.543277
4.572644
4.595464
4.642467
4.694684
4.738930
4.784787
4.812897
4.833368
4.856209
4.874600
4.964335
5.082593
5.193186
5.321438
5.428916
5.535017
5.660235
5.790740
5.886669
5.972387
6.065222
6.152641
6.259185
6.372083
6.478605
6.587416
6.677365
6.759687
6.845141
6.926356
7.012377
7.098788
7.180629
7.261217
7.354042
7.451003
7.546103
7.643645
7.735663
7.826277
7.919642
8.012935
8.083529
8.144722
8.206841
8.262545
8.324516
8.386245
8.441071
8.493510
8.553763
8.615492
8.674358
8.733525
8.786468
8.836602
8.887293
8.936245
8.985150
9.033278
9.079613
9.124815
9.168562
9.210968
9.252251
9.292274
9.329398
9.364578
9.398571
9.430839
9.462287
9.492452
9.520859
9.547830
9.644359
9.769626
9.890393
10.030077
10.151012
10.272357
10.414059
10.562628
10.600889
10.597588
10.606315
10.589003
10.611043
10.638898
10.638197
10.632237
10.747235
10.908211
11.058301
11.238114
11.375035
11.506481
11.670458
11.841169
11.785160
11.639282
11.510410
11.322652
11.206023
11.093865
10.917819
10.724216
10.789718
10.950477
11.081382
11.271658
11.363314
11.437667
11.577495
11.726632
11.764475
11.766258
11.782995
11.777413
11.827324
11.891971
11.931239
11.972491
11.937691
11.868774
11.804987
11.719343
11.646354
11.569051
11.468616
11.357658
11.385896
11.465981
11.528987
11.623761
11.667900
11.703573
11.774179
11.850319
11.891337
11.923702
11.963589
11.998903
12.058476
12.127025
12.189854
12.257023
12.209730
12.115163
12.029978
11.914512
11.829164
11.743435
11.625135
11.495987
11.508523
11.572813
11.619505
11.697965
11.722035
11.735987
11.785028
11.838500
11.828572
11.797459
11.773944
11.737021
11.730223
11.730764
11.716187
11.701806
11.664244
11.615308
11.567456
11.512280
11.458352
11.401638
11.337298
11.268539
11.304428
11.381967
11.450359
11.545457
11.608721
11.669985
11.760195
11.858413
11.821622
11.734203
11.661125
11.556129
11.500137
11.451559
11.367940
11.278074
11.245359
11.230325
11.206082
11.192256
11.148127
11.095010
11.053912
11.010507
10.981064
10.957753
10.931548
10.908464
10.883447
10.858764
10.837372
10.817331
10.785587
10.749845
10.716033
10.679929
10.648929
10.619230
10.586954
10.554732
10.521116
10.486660
10.452299
10.417437
10.382187
10.346547
10.310406
10.273828
10.238449
10.203322
10.167688
10.132082
10.095624
10.058762
10.021963
9.984912
9.914362
9.829445
9.745713
9.652204
9.566601
9.479906
9.382760
9.281493
9.273432
9.301991
9.322183
9.365844
9.379872
9.391404
9.428443
9.472026
9.408696
9.305643
9.214177
9.097706
9.021012
8.950754
8.852987
8.750744
8.693496
8.650383
8.600477
8.559068
8.494240
8.422710
8.360932
8.297683
8.250334
8.210094
8.167723
8.129460
8.088899
8.049058
8.013553
7.979986
7.935843
7.888567
7.843789
7.797486
7.756879
7.718246
7.677809
7.638132
7.510044
7.344503
7.183546
6.997627
6.833320
6.666996
6.473937
6.270846
6.254536
6.310169
6.347151
6.429688
6.449427
6.461818
6.523927
6.597097
6.520682
6.391067
6.279747
6.135443
6.052815
5.982910
5.876346
5.766678
5.719822
5.694356
5.662676
5.645027
5.598169
5.544799
5.507164
5.470079
5.398995
5.315368
5.233903
5.143879
5.067362
4.992812
4.908838
4.823204
4.747686
4.674697
4.599481
4.525572
4.444808
4.361503
4.279831
4.196937
4.111861
4.025457
3.937895
3.848987
3.759950
3.670106
3.578865
3.486637
3.392899
3.297908
3.201950
3.104834
3.006734
2.907570
2.807242
2.705815
2.641165
2.591526
2.539154
2.496549
2.443640
2.390635
2.348162
2.309033
2.254544
2.196202
2.142068
2.086292
2.040566
1.998791
1.954917
1.913066
1.835364
1.743132
1.654523
1.556851
1.469144
1.381813
1.284700
1.184656
1.101851
1.023973
0.942239
0.862999
0.773871
0.681295
0.591696
0.500701
0.449103
0.413929
0.375635
0.347882
0.310159
0.272803
0.246763
0.224655
0.138381
0.027845
-0.075765
-0.194592
-0.290746
-0.383650
-0.493228
-0.605978
-0.668649
-0.713263
-0.763451
-0.802247
-0.861199
-0.923980
-0.974143
-1.022866
-1.091756
-1.167217
-1.240217
-1.317385
-1.384501
-1.449032
-1.518292
-1.587287
-1.658351
-1.730673
-1.802670
-1.875338
-1.948681
-2.022591
-2.097163
-2.172354
-2.245264
-2.317564
-2.390608
-2.463442
-2.537610
-2.612327
-2.686774
-2.761505
-2.799181
-2.821196
-2.845100
-2.858544
-2.881160
-2.902977
-2.913586
-2.920023
-2.995028
-3.096066
-3.189740
-3.299741
-3.385808
-3.468563
-3.569191
-3.673339
-3.738338
-3.790220
-3.847575
-3.896966
-3.964553
-4.036730
-4.099922
-4.163369
-4.241650
-4.325412
-4.408726
-4.495989
-4.577185
-4.657602
-4.742364
-4.827968
-4.894669
-4.954181
-5.015413
-5.072008
-5.135289
-5.199423
-5.258482
-5.316489
-5.363479
-5.404751
-5.445369
-5.481862
-5.518507
-5.553214
-5.583640
-5.611353
-5.674974
-5.752149
-5.824933
-5.906002
-5.974518
-6.041112
-6.116788
-6.194099
-6.249242
-6.296680
-6.346838
-6.392196
-6.447206
-6.504362
-6.556154
-6.607692
-6.659256
-6.710144
-6.760725
-6.810861
-6.859134
-6.906372
-6.953228
-6.999240
-7.055511
-7.115711
-7.174592
-7.235839
-7.293687
-7.351059
-7.411016
-7.471490
-7.511182
-7.542548
-7.575365
-7.602698
-7.636336
-7.670241
-7.698207
-7.724439
-7.758746
-7.795047
-7.829157
-7.864125
-7.893713
-7.921181
-7.949751
-7.977228
-8.023174
-8.076583
-8.128072
-8.184197
-8.235146
-8.285862
-8.341585
-8.398781
-8.447007
-8.492638
-8.540220
-8.586466
-8.637783
-8.690838
-8.742307
-8.794454
-8.835759
-8.872600
-8.910597
-8.945846
-8.983882
-9.021939
-9.057040
-9.091188
-9.130871
-9.172149
-9.212178
-9.253010
-9.290712
-9.327326
-9.364895
-9.402030
-9.402910
-9.388261
-9.374733
-9.350566
-9.335070
-9.318397
-9.290345
-9.257819
-9.323876
-9.428578
-9.524307
-9.644766
-9.733676
-9.819801
-9.932814
-10.052624
-10.073161
-10.057491
-10.053348
-10.026632
-10.038492
-10.057409
-10.051386
-10.042143
-10.075101
-10.121865
-10.163279
-10.213354
-10.242644
-10.266582
-10.300341
-10.333569
-10.374970
-10.420639
-10.465485
-10.512847
-10.560688
-10.609826
-10.661540
-10.715009
-10.762308
-10.808078
-10.855949
-10.903346
-10.954666
-11.007656
-11.060001
-11.113269
-11.156953
-11.196922
-11.238256
-11.277415
-11.319573
-11.362132
-11.402321
-11.442008
-11.431269
-11.398588
-11.367542
-11.321570
-11.286638
-11.249583
-11.196613
-11.137046
-11.165500
-11.226629
-11.277007
-11.347443
-11.385527
-11.418105
-11.472756
-11.530794
-11.548689
-11.553427
-11.563577
-11.565614
-11.587228
-11.613944
-11.631460
-11.649525
-11.660103
-11.666779
-11.674273
-11.679493
-11.684272
-11.687883
-11.689167
-11.688867
-11.694367
-11.701346
-11.706416
-11.711982
-11.713949
-11.714415
-11.715533
-11.715845
-11.723217
-11.733285
-11.742219
-11.752680
-11.760867
-11.768682
-11.778167
-11.787949
-11.793625
-11.797869
-11.802610
-11.806457
-11.812081
-11.818096
-11.823112
-11.828074
-11.829939
-11.830356
-11.830842
-11.830352
-11.830261
-11.829889
-11.828489
-11.826562
-11.825944
-11.825527
-11.824501
-11.823448
-11.821271
-11.818540
-11.815825
-11.812738
-11.817257
-11.824838
-11.831707
-11.840513
-11.847129
-11.853646
-11.862258
-11.871482
-11.877238
-11.882028
-11.887618
-11.892729
-11.899889
-11.907781
-11.915094
-11.922721
-11.926825
-11.929515
-11.932677
-11.935004
-11.938307
-11.941684
-11.944159
-11.946388
-11.950580
-11.955398
-11.959869
-11.964693
-11.968538
-11.972094
-11.976056
-11.979951
-11.979334
-11.976808
-11.974411
-11.970697
-11.968138
-11.965466
-11.961382
-11.956766
-11.953653
-11.950780
-11.947282
-11.943789
-11.939006
-11.933610
-11.928271
-11.922531
-11.918408
-11.914790
-11.910689
-11.906791
-11.902143
-11.897218
-11.892532
-11.887738
-11.881681
-11.875062
-11.868388
-11.861293
-11.854475
-11.847573
-11.840222
-11.832671
-11.825320
-11.817912
-11.810283
-11.802556
-11.794456
-11.786128
-11.777711
-11.769111
-11.760215
-11.751097
-11.741800
-11.732293
-11.722658
-11.712850
-11.702829
-11.692621
-11.654938
-11.605453
-11.556960
-11.500448
-11.450361
-11.399355
-11.339780
-11.276809
-11.274953
-11.296602
-11.312032
-11.342302
-11.351972
-11.359171
-11.382572
-11.409527
-11.385468
-11.343084
-11.306707
-11.258898
-11.231690
-11.208527
-11.172689
-11.135533
-11.119622
-11.110791
-11.099580
-11.092925
-11.076056
-11.056723
-11.042528
-11.028282
-10.991066
-10.944596
-10.899105
-10.847263
-10.802493
-10.757859
-10.706352
-10.652734
-10.638395
-10.639050
-10.635772
-10.642007
-10.634657
-10.625567
-10.626879
-10.630364
-10.598078
-10.552692
-10.511180
-10.461389
-10.425453
-10.391944
-10.349298
-10.305369
-10.276040
-10.251354
-10.224638
-10.200780
-10.169419
-10.135989
-10.105825
-10.075286
-10.044279
-10.013242
-9.981864
-9.950277
-9.919437
-9.888781
-9.857874
-9.827025
-9.795009
-9.762496
-9.730093
-9.697380
-9.664929
-9.632456
-9.599652
-9.566725
-9.532557
-9.497768
-9.462903
-9.427582
-9.392347
-9.356926
-9.321030
-9.284854
-9.267558
-9.258115
-9.247564
-9.242221
-9.231892
-9.221764
-9.217234
-9.214652
-9.172630
-9.115333
-9.061797
-8.998528
-8.948343
-8.899563
-8.840172
-8.778310
-8.733167
-8.692855
-8.649181
-8.608110
-8.557460
-8.503598
-8.452817
-8.400828
-8.361136
-8.326436
-8.289979
-8.256416
-8.219664
-8.182724
-8.148904
-8.115986
-8.075792
-8.033254
-7.991988
-7.949394
-7.910355
-7.872341
-7.832809
-7.793489
-7.771702
-7.757314
-7.742376
-7.732527
-7.718168
-7.704217
-7.695725
-7.689269
-7.676887
-7.663517
-7.652554
-7.641524
-7.635492
-7.631812
-7.627865
-7.625437
-7.594730
-7.552673
-7.513404
-7.467009
-7.428820
-7.391079
-7.345629
-7.297977
-7.263482
-7.232738
-7.199086
-7.167347
-7.128022
-7.086057
-7.046377
-7.005629
-6.981509
-6.964206
-6.945098
-6.930178
-6.910909
-6.891561
-6.876721
-6.863301
-6.841378
-6.816981
-6.794456
-6.770669
-6.751639
-6.734240
-6.715343
-6.697077
-6.641146
-6.569326
-6.499771
-6.419745
-6.348995
-6.277525
-6.194835
-6.108015
-6.036747
-5.968973
-5.896165
-5.824499
-5.741791
-5.654388
-5.568604
-5.480138
-5.457011
-5.460601
-5.458611
-5.473686
-5.470880
-5.467872
-5.483256
-5.504476
-5.496394
-5.480527
-5.472112
-5.460116
-5.466265
-5.479246
-5.487798
-5.499588
-5.452257
-5.380819
-5.315246
-5.234613
-5.170028
-5.105834
-5.025405
-4.939950
-4.882988
-4.834075
-4.778602
-4.727128
-4.659118
-4.585252
-4.516185
-4.444666
-4.386734
-4.333943
-4.278065
-4.224720
-4.167220
-4.108811
-4.053180
-3.997866
-3.942762
-3.888191
-3.833960
-3.780145
-3.727415
-3.675377
-3.623727
-3.572680
-3.601444
-3.664492
-3.724726
-3.808281
-3.873166
-3.940737
-4.033231
-4.135611
-4.039858
-3.867073
-3.713262
-3.510447
-3.372498
-3.241196
-3.056518
-2.859113
-2.844671
-2.896462
-2.926765
-2.998337
-2.997467
-2.982837
-3.013880
-3.050238
-3.009360
-2.942945
-2.885725
-2.812272
-2.776323
-2.749698
-2.704726
-2.660287
-2.635159
-2.616555
-2.597525
-2.583415
-2.559593
-2.533898
-2.513712
-2.493965
-2.440270
-2.372919
-2.307529
-2.232979
-2.168736
-2.104794
-2.030941
-1.954104
-1.917809
-1.896317
-1.869909
-1.852639
-1.819740
-1.783952
-1.758258
-1.733851
-1.691629
-1.643498
-1.597547
-1.547868
-1.506764
-1.467793
-1.424611
-1.381544
-1.339691
-1.297962
-1.256267
-1.214774
-1.171825
-1.128354
-1.085155
-1.041673
-0.998879
-0.956272
-0.913346
-0.870444
-0.827191
-0.783767
-0.740380
-0.696892
-0.693060
-0.706057
-0.717239
-0.739735
-0.752531
-0.766309
-0.792202
-0.822683
-0.759655
-0.660273
-0.569768
-0.456103
-0.373085
-0.293194
-0.188077
-0.076937
-0.051890
-0.057983
-0.053928
-0.069264
-0.050448
-0.025111
-0.021240
-0.019830
0.017953
0.067786
0.113331
0.166551
0.202161
0.233421
0.273350
0.313064
0.350454
0.387672
0.424838
0.461654
0.501446
0.542335
0.582734
0.623754
0.663329
0.702530
0.742431
0.782302
0.822959
0.864010
0.905002
0.946236
0.964640
0.973437
0.983469
0.987107
0.996492
1.005457
1.007565
1.007167
1.055345
1.122292
1.184495
1.258620
1.316538
1.372645
1.441754
1.513829
1.551748
1.577901
1.608701
1.632348
1.670991
1.713154
1.747302
1.781279
1.829930
1.883896
1.936987
1.993750
2.044376
2.094018
2.147719
2.202036
2.194568
2.161529
2.131823
2.085011
2.054987
2.024442
1.975492
1.920244
1.992741
2.114693
2.224472
2.365773
2.464619
2.558882
2.687511
2.824119
2.844238
2.822169
2.813656
2.778806
2.790077
2.810066
2.800911
2.788325
2.824626
2.877036
2.923554
2.980289
3.013152
3.040021
3.078450
3.116461
3.159329
3.205292
3.250705
3.297849
3.346908
3.397534
3.449864
3.503857
3.552715
3.600347
3.649935
3.699237
3.751863
3.805976
3.859666
3.914224
3.903474
3.865296
3.830831
3.778177
3.742050
3.704826
3.648090
3.584288
3.648674
3.762225
3.862780
3.994418
4.082437
4.165085
4.281687
4.405601
4.454688
4.478958
4.514293
4.534784
4.590540
4.655516
4.703693
4.752777
4.743031
4.706899
4.674109
4.624147
4.584239
4.540916
4.479410
4.409631
4.488675
4.625240
4.746681
4.904401
5.012762
5.115520
5.257841
5.409143
5.400983
5.333369
5.282243
5.193386
5.163582
5.142970
5.080885
5.011714
5.063994
5.160239
5.243582
5.354899
5.417589
5.471331
5.556024
5.644545
5.685360
5.710947
5.742800
5.765131
5.811965
5.865428
5.908027
5.951704
5.956196
5.943370
5.933263
5.912047
5.898074
5.882265
5.854666
5.821958
5.808227
5.798929
5.783429
5.769377
5.742359
5.709846
5.679342
5.645744
5.672154
5.722859
5.767791
5.828006
5.871363
5.914098
5.973335
6.037516
6.073654
6.101924
6.136653
6.167474
6.214724
6.267818
6.316208
6.367076
6.389189
6.399729
6.414036
6.421477
6.436805
6.452670
6.461118
6.467496
6.489762
6.517031
6.541416
6.568599
6.587747
6.604482
6.624438
6.643783
6.686464
6.739129
6.790182
6.847697
6.899950
6.952822
7.012599
7.075046
7.126983
7.176429
7.229148
7.280980
7.339956
7.401902
7.462648
7.525032
7.472696
7.372188
7.278312
7.152536
7.055759
6.957075
6.824172
6.678886
6.774025
6.962037
7.126593
7.350149
7.493428
7.627713
7.826348
8.039648
8.035235
7.951871
7.893588
7.785924
7.764263
7.758712
7.698536
7.631773
7.593604
7.558731
7.515373
7.472976
7.400975
7.315929
7.233088
7.141938
7.174477
7.255984
7.323575
7.421288
7.481852
7.539250
7.629323
7.727881
7.765974
7.785775
7.817227
7.838662
7.892598
7.956903
8.009530
8.065489
8.096158
8.116392
8.141072
8.160075
8.184825
8.209831
8.228748
8.245803
8.234594
8.209841
8.184331
8.149159
8.117254
8.082129
8.036857
7.986104
8.013742
8.071093
8.119309
8.185864
8.225191
8.260559
8.316012
8.375271
8.398497
8.410301
8.427760
8.438457
8.467532
8.501857
8.528434
8.556121
8.571596
8.581574
8.593165
8.601575
8.611654
8.621123
8.627238
8.631818
8.644548
8.659670
8.672825
8.687127
8.696996
8.705307
8.714982
8.724037
8.745416
8.771893
8.797209
8.825724
8.851079
8.876466
8.905292
8.935262
8.959281
8.981670
9.005525
9.028611
9.055253
9.083202
9.110213
9.137813
9.119876
9.082739
9.048169
9.000872
8.964890
8.928031
8.877529
8.822010
8.864344
8.944518
9.015170
9.109865
9.171994
9.230526
9.315273
9.406042
9.411387
9.385982
9.370701
9.336272
9.336130
9.342677
9.328004
9.311067
9.330021
9.360939
9.387797
9.422335
9.439639
9.452781
9.474582
9.496293
9.509512
9.519994
9.530816
9.539600
9.552970
9.567372
9.579470
9.591556
9.604724
9.618104
9.631406
9.644890
9.657406
9.669587
9.681997
9.694244
9.708229
9.722903
9.737335
9.752170
9.766501
9.780780
9.795497
9.810322
9.824180
9.837723
9.851424
9.864943
9.878930
9.893048
9.906958
9.920890
9.925583
9.926333
9.927504
9.926027
9.926748
9.927209
9.924839
9.921374
9.921475
9.922281
9.921778
9.921425
9.918325
9.913987
9.909913
9.905081
9.918031
9.938218
9.956857
9.980110
9.998418
10.016620
10.039800
10.064526
10.051410
10.023443
9.998748
9.964477
9.942339
9.921223
9.889699
9.855510
9.864925
9.890543
9.911439
9.942536
9.957412
9.969666
9.993142
10.018447
10.025408
10.026610
10.030584
10.031097
10.041163
10.053965
10.062794
10.072226
10.067674
10.057034
10.047590
10.034321
10.023812
10.012812
9.997744
9.981006
9.971413
9.963647
9.953813
9.944711
9.931080
9.915645
9.901147
9.885723
9.889127
9.900207
9.909525
9.923683
9.932687
9.941580
9.955691
9.971426
9.978364
9.982871
9.989480
9.994912
10.005578
10.018142
10.029280
10.041255
10.051033
10.060118
10.070153
10.080034
10.090805
10.101983
10.112972
10.124165
10.137853
10.152679
10.167608
10.183377
10.198677
10.214181
10.230577
10.247398
10.214743
10.161330
10.110497
10.045796
9.993763
9.940894
9.873144
9.800011
9.801480
9.830595
9.850803
9.888076
9.897705
9.902625
9.926331
9.952897
9.981428
10.014125
10.049846
10.089014
10.136062
10.188398
10.243987
10.304272
10.288921
10.243934
10.207095
10.151826
10.120299
10.091100
10.041865
9.987708
9.992033
10.016812
10.033818
10.063293
10.067914
10.066981
10.079966
10.093638
10.081934
10.061228
10.042439
10.017559
10.003678
9.991825
9.973209
9.953831
9.973365
10.008384
10.040881
10.083682
10.114290
10.144271
10.185423
10.229745
10.222850
10.196831
10.176389
10.143934
10.130251
10.119516
10.095582
10.069401
10.033380
9.990721
9.946056
9.896384
9.843004
9.785488
9.722933
9.655904
9.659901
9.691490
9.715344
9.756358
9.774417
9.789931
9.824137
9.862672
9.851779
9.823864
9.802709
9.771221
9.761431
9.756745
9.740481
9.723979
9.728800
9.741357
9.752657
9.769305
9.777068
9.783423
9.795687
9.808865
9.797765
9.777389
9.759052
9.734666
9.718809
9.703963
9.682502
9.659603
9.645977
9.634922
9.621926
9.610292
9.593061
9.573881
9.556337
9.537982
9.524533
9.512966
9.500362
9.488717
9.475613
9.462227
9.449890
9.437713
9.422014
9.405001
9.388314
9.370778
9.354562
9.338544
9.321592
9.304476
9.318405
9.345367
9.370814
9.405010
9.431241
9.458022
9.494192
9.533772
9.526172
9.501089
9.481644
9.451409
9.438656
9.428882
9.407229
9.383770
9.365024
9.346178
9.325164
9.303680
9.275771
9.244678
9.213359
9.179771
9.144213
9.106730
9.066981
9.025158
8.981609
8.936114
8.888528
8.838957
8.843336
8.869520
8.891306
8.927152
8.947417
8.967174
9.002122
9.041647
9.058125
9.068550
9.084827
9.098317
9.126282
9.159720
9.189696
9.222295
9.212773
9.186192
9.164116
9.131502
9.110528
9.090045
9.058188
9.022955
9.008600
9.000342
8.987599
8.978014
8.956758
8.931543
8.910065
8.887085
8.860273
8.831523
8.801413
8.769411
8.738053
8.705938
8.671825
8.636576
8.663688
8.716591
8.765613
8.831673
8.880937
8.930629
8.998651
9.072894
9.052405
8.996465
8.951194
8.883820
8.850801
8.823170
8.771262
8.715187
8.700630
8.699216
8.691506
8.691671
8.670526
8.643337
8.625170
8.605753
8.602401
8.606253
8.608191
8.614391
8.618241
8.622884
8.632026
8.643206
8.644268
8.642456
8.643225
8.642675
8.647852
8.655120
8.660796
8.667381
8.647479
8.616562
8.587717
8.551786
8.522654
8.493315
8.456364
8.416798
8.389039
8.364272
8.336227
8.309441
8.275034
8.237628
8.201827
8.164495
8.173093
8.200687
8.224729
8.261026
8.285228
8.309652
8.347253
8.389284
8.411181
8.427982
8.450341
8.470546
8.503775
8.542126
8.577729
8.615941
8.590292
8.538400
8.491942
8.428737
8.382646
8.336564
8.272450
8.202481
8.161401
8.127959
8.087066
8.049643
7.994266
7.932086
7.874211
7.813080
7.808876
7.827823
7.840979
7.868548
7.880545
7.892057
7.919114
7.950910
7.955037
7.951259
7.953701
7.952157
7.966468
7.986316
8.001402
8.018736
7.994595
7.953355
7.916192
7.868359
7.831263
7.794168
7.745597
7.693280
7.661290
7.634979
7.603822
7.575418
7.535099
7.490486
7.449198
7.406051
7.396793
7.401436
7.402720
7.412677
7.413668
7.414553
7.424776
7.437974
7.374471
7.280715
7.193418
7.086572
7.003941
6.923136
6.821100
6.713451
6.712777
6.752741
6.782113
6.837350
6.854960
6.867559
6.908470
6.955095
6.957222
6.946092
6.943020
6.932452
6.946590
6.968581
6.981811
6.997610
6.956111
6.890508
6.829965
6.754212
6.692129
6.629271
6.550119
6.465118
6.466017
6.498999
6.522094
6.565113
6.576883
6.583646
6.612303
6.644620
6.623298
6.583186
6.549350
6.503700
6.481103
6.463445
6.432612
6.400928
6.390351
6.386960
6.381675
6.381185
6.370805
6.358262
6.351096
6.344157
6.338448
6.333939
6.329654
6.326157
6.324197
6.323284
6.323122
6.323933
6.323420
6.322879
6.323408
6.324240
6.326534
6.329706
6.333136
6.337242
6.272767
6.179456
6.089804
5.980933
5.889407
5.796643
5.683267
5.562375
5.594326
5.685606
5.762353
5.876905
5.941104
6.000054
6.100193
6.210067
6.180201
6.099800
6.035828
5.940369
5.900377
5.870971
5.806708
5.738449
5.729103
5.739262
5.742466
5.758088
5.745151
5.725145
5.719171
5.712830
5.684705
5.648625
5.613217
5.572060
5.540072
5.509364
5.472314
5.434137
5.426316
5.430213
5.431583
5.440583
5.439248
5.436823
5.442722
5.450558
5.435376
5.412188
5.392064
5.367055
5.351960
5.339120
5.320819
5.302301
5.293672
5.288570
5.282774
5.279382
5.271741
5.263346
5.257618
5.252221
5.234154
5.211134
5.189025
5.163640
5.142444
5.121591
5.097175
5.071846
5.051217
5.031783
5.011175
4.991124
4.968001
4.943707
4.920113
4.895944
4.886871
4.884026
4.879939
4.879841
4.875752
4.871702
4.871943
4.873606
4.868494
4.861621
4.856546
4.850692
4.849113
4.849179
4.848270
4.848169
4.808748
4.752872
4.699521
4.635369
4.581219
4.526531
4.460252
4.389847
4.400160
4.441659
4.475314
4.528793
4.555320
4.578838
4.623977
4.674052
4.649126
4.596889
4.553167
4.492328
4.460842
4.434725
4.389692
4.342235
4.326045
4.320020
4.309987
4.306322
4.287090
4.263793
4.247728
4.231188
4.238615
4.256784
4.273484
4.297131
4.316699
4.337630
4.365917
4.397541
4.370335
4.320438
4.276591
4.218456
4.179946
4.143731
4.091926
4.036643
4.019575
4.015487
4.006025
4.004406
3.985544
3.962452
3.948180
3.933851
3.934401
3.942188
3.949347
3.961205
3.972062
3.984629
4.002100
4.022351
3.963660
3.873200
3.789063
3.684370
3.602917
3.522389
3.419631
3.310308
3.337383
3.417064
3.483892
3.584346
3.638842
3.688180
3.774205
3.868558
3.841717
3.771096
3.714612
3.630794
3.595265
3.568971
3.512411
3.452415
3.443109
3.450556
3.452019
3.464154
3.451636
3.432996
3.426418
3.419494
3.397661
3.370598
3.343915
3.313364
3.289740
3.267291
3.240543
3.213250
3.188272
3.163569
3.138167
3.112842
3.085146
3.056403
3.027836
2.998603
2.977402
2.959326
2.940215
2.922978
2.903219
2.883155
2.865131
2.847567
2.910778
3.008791
3.103812
3.222421
3.322488
3.425403
3.553511
3.691710
3.646901
3.531619
3.434874
3.293612
3.213825
3.141296
3.020182
2.888307
2.835874
2.807055
2.763286
2.732632
2.657937
2.569064
2.495549
2.417262
2.444560
2.516174
2.578418
2.668622
2.733361
2.799375
2.895356
3.001990
2.993820
2.944967
2.912328
2.855367
2.845307
2.845523
2.818668
2.790075
2.756643
2.717471
2.676494
2.631547
2.577976
2.518684
2.455640
2.387405
2.387579
2.414031
2.432130
2.466233
2.477730
2.486224
2.512193
2.541797
2.500479
2.432538
2.371556
2.293550
2.241432
2.193088
2.126060
2.055592
2.013710
1.980400
1.942149
1.908839
1.859725
1.805680
1.757391
1.707568
1.718228
1.754514
1.786649
1.835431
1.869837
1.905487
1.953172
2.005039
2.074775
2.155349
1.982731
2.202949
2.199488
2.258130
2.313681
2.373333
2.347517
2.286929
2.234247
2.159584
2.108576
2.058170
1.984052
1.902633
1.860719
1.829683
1.789196
1.753968
1.695139
1.627730
1.566709
1.501885
1.499615
1.522856
1.539515
1.571952
1.587568
1.602723
1.634884
1.672285
1.678547
1.675817
1.679988
1.679583
1.696788
1.720071
1.737915
1.758156
1.702486
1.615062
1.533351
1.431153
1.347981
1.263908
1.157853
1.044037
1.067973
1.144559
1.206997
1.302673
1.351011
1.393286
1.471896
1.558113
1.536016
1.475243
1.427304
1.355231
1.327541
1.308785
1.263237
1.215174
1.211870
1.223596
1.230577
1.247322
1.242767
1.233222
1.234665
1.236189
1.214791
1.184842
1.156052
1.121322
1.095540
1.070905
1.039743
1.007289
1.004056
1.011959
1.017212
1.029651
1.031820
1.032706
1.041452
1.051853
1.037550
1.014343
0.993978
0.968034
0.952009
0.937890
0.917591
0.896607
0.885801
0.878350
0.869701
0.863193
0.851707
0.838979
0.828672
0.818286
0.812823
0.809674
0.806251
0.804316
0.801843
0.799810
0.799339
0.799682
0.797490
0.794767
0.793008
0.791141
0.791126
0.791951
0.792592
0.793745
0.771040
0.738404
0.707325
0.669728
0.638343
0.606711
0.568078
0.527006
0.536105
0.564667
0.588487
0.624722
0.644387
0.662316
0.693774
0.728421
0.702848
0.654579
0.612315
0.555593
0.520556
0.488605
0.440802
0.389996
0.363926
0.345296
0.322365
0.303709
0.271449
0.234948
0.203426
0.170594
0.169431
0.181656
0.191200
0.209230
0.219850
0.231009
0.251251
0.274826
0.283228
0.287696
0.296341
0.303313
0.319841
0.340092
0.358234
0.378234
0.377022
0.367431
0.360663
0.348923
0.343440
0.338589
0.328344
0.316763
0.316643
0.320202
0.321841
0.325600
0.323695
0.320172
0.319072
0.317645
0.282491
0.233090
0.184823
0.126791
0.077362
0.027137
-0.033559
-0.098171
-0.093229
-0.061635
-0.037178
0.004096
0.021659
0.036259
0.069233
0.106126
0.153176
0.208331
0.267250
0.332645
0.404804
0.483275
0.568187
0.659513
0.610625
0.505764
0.413641
0.285859
0.200060
0.116763
-0.005155
-0.137887
-0.122736
-0.053817
-0.002777
0.081512
0.108114
0.123859
0.176367
0.233320
0.225970
0.197234
0.176166
0.141529
0.137756
0.141569
0.130067
0.118871
