-1.328500
-1.643084
-1.502112
-0.263493
-0.058485
-0.185258
1.065395
-0.185114
1.649908
-0.879067
-2.238223
-1.846485
-2.288709
-2.428218
-0.281018
0.522634
1.474355
1.812435
2.320857
0.581880
0.295524
0.741282
-1.029611
-2.076755
0.287311
-1.541174
-0.007335
0.799398
-0.413274
2.606740
3.201635
2.438782
0.451932
-0.665407
-0.504399
-0.920644
-0.188741
-1.663219
-2.013112
-2.151540
-0.790554
1.180317
0.447117
3.007896
2.749850
4.104144
-0.576349
-1.942330
-0.507881
-2.863686
-3.047828
-0.883230
-2.906684
-0.107045
-1.956353
1.733537
1.180345
1.603254
3.702668
1.257864
3.134000
1.536624
1.827071
0.065285
-2.770412
-2.540847
-2.959554
-2.854694
-1.957077
-3.007202
-1.493849
-0.187987
0.365138
2.313973
2.977662
2.540808
3.044257
2.810666
1.425475
3.208285
0.051310
-0.101338
-1.686336
-2.195512
-2.176222
-1.962554
-3.224251
-2.840238
-3.527404
-1.433029
-2.437549
1.359091
2.510247
2.479691
2.747288
3.067514
3.199708
3.870414
3.983841
2.454433
1.543575
0.270612
-2.418577
-3.559840
-2.248961
-2.204669
-2.559547
-5.626347
-3.849039
-3.199492
-1.380831
-1.759232
-2.180265
0.683267
-0.336277
2.070950
3.679363
4.660203
4.811616
2.966886
5.367759
2.405115
3.799600
0.191220
3.956962
0.219488
0.698010
-3.029044
-1.926580
-3.682682
-3.496908
-6.095827
-5.044744
-3.997292
-4.476347
-1.671575
-2.667622
-1.794747
0.559007
0.111193
2.304963
2.195781
4.350509
2.268421
1.889686
3.724473
3.866191
6.262818
3.579154
0.974776
1.736342
-0.537553
-0.299561
-2.108691
-0.325271
-1.951878
-3.205013
-5.006387
-5.018581
-4.959621
-3.469237
-4.580796
-5.105825
-6.006516
-2.451903
-2.717820
-3.422166
-0.182969
-1.252926
-2.151285
0.825401
0.723078
4.406470
2.591688
5.630954
2.707593
5.927704
5.013772
3.286670
5.328339
3.648909
1.819228
4.855438
2.203700
0.974551
-0.417978
0.489798
-1.107008
-1.098975
-3.224908
-3.744972
-4.629383
-3.684736
-3.829115
-5.058907
-5.040026
-3.236352
-6.434671
-4.061287
-4.450024
-2.363346
-0.981669
-1.805983
-1.657155
-0.269400
0.532520
1.384006
3.676574
2.311210
2.863528
4.229016
3.461536
5.586781
4.895602
5.777550
5.379603
5.169236
5.081844
5.277747
2.961444
3.596923
2.769514
1.262078
1.555474
-0.952490
-0.446985
-1.193886
-2.464443
-1.933804
-5.974872
-3.158388
-4.104854
-5.057597
-5.442572
-4.709714
-6.304334
-4.651932
-5.262266
-4.471534
-6.919656
-3.922210
-2.996316
-3.664579
-2.099958
-0.882672
-2.538724
-1.120222
-0.010843
-1.683786
2.077210
1.993008
2.948366
3.901769
5.438861
3.963573
5.223478
3.539401
6.330055
5.317341
5.244883
6.304193
5.375264
5.927266
5.828250
5.775360
6.328361
4.348068
2.382648
2.930449
1.909720
0.546178
2.722346
-0.379780
-0.688138
-1.725772
-0.859589
-2.898925
-2.519659
-4.548588
-2.338104
-5.951801
-6.458541
-5.033527
-4.864582
-5.572521
-6.231623
-6.683501
-6.542821
-6.978677
-4.654614
-4.477330
-4.839070
-5.531178
-4.429727
-4.222961
-3.984231
-4.074015
-3.002892
-2.704416
-0.487238
-1.344693
0.813696
0.236790
2.685812
3.874743
4.294028
2.990160
4.616303
5.275690
4.139770
5.978398
3.882063
5.338698
6.099321
6.823767
8.285495
7.602580
8.082046
6.257589
5.117428
6.181347
5.351575
3.635800
3.852020
2.715102
3.900849
0.893418
3.123647
2.116743
2.824286
0.698175
1.179719
-1.400165
-1.411430
-2.415923
-3.156215
-2.957925
-1.512729
-2.978230
-4.372345
-5.785977
-4.850580
-6.005542
-4.912995
-7.470726
-6.081244
-6.447490
-7.158299
-6.734155
-7.992533
-7.794371
-8.231422
-6.685871
-5.192573
-5.330874
-5.118721
-5.224914
-5.676154
-5.049952
-2.747059
-4.663826
-4.922992
-0.971785
-2.030496
-1.790991
-1.455403
0.899533
-1.039169
0.627320
-0.507719
1.320503
1.211364
2.338649
2.476232
2.260336
3.640898
3.434015
3.869913
4.990972
4.893468
8.270290
7.674299
6.491923
5.916875
7.095295
8.035250
10.340172
7.049491
6.808407
8.630666
5.951214
7.425266
7.642938
5.596792
5.934325
4.307070
5.733300
5.672549
4.422718
3.506297
4.347275
1.499604
3.913416
3.165445
1.284216
2.228479
0.758508
0.200713
-0.728905
-1.340761
-0.596818
0.457013
-2.914077
-3.341710
-3.902816
-4.687110
-4.273168
-1.816125
-4.310834
-5.420539
-5.855013
-7.014880
-6.468787
-7.473235
-7.685616
-7.035530
-7.872541
-8.177783
-6.618904
-8.316349
-6.607581
-8.026403
-7.799697
-7.221677
-7.388991
-6.483285
-6.739445
-7.454417
-5.202941
-6.776076
-7.840950
-4.453856
-6.829453
-6.612976
-6.724667
-5.544955
-4.261521
-5.362562
-5.256531
-3.113685
-2.622931
-1.687075
-2.381501
-0.376070
-0.264406
-0.714732
-0.251795
0.268375
1.501363
1.818619
2.633353
1.093151
1.281637
2.165922
3.449790
4.026174
3.397679
5.267827
4.304632
6.263362
5.873366
5.532505
7.437452
6.856326
6.554417
8.008413
7.714875
7.847274
6.681790
7.537464
6.817791
8.139871
9.257761
6.980777
6.938881
8.886348
7.787996
7.218737
5.837803
6.285753
6.501680
4.802005
6.878594
5.773820
5.093118
6.297976
5.841218
3.715697
5.780309
5.141024
5.445158
5.140679
3.362965
4.132268
3.296131
2.628369
2.942238
1.204822
1.962448
-0.156799
0.151874
-1.451267
-0.610054
-1.375570
-2.441728
-2.589640
-2.173496
-2.471051
-4.512534
-2.997050
-2.495802
-4.386406
-4.808736
-4.340094
-4.217664
-5.309018
-4.261101
-4.137403
-6.711340
-6.001632
-7.252787
-4.937874
-9.103456
-6.504194
-6.648373
-8.238110
-7.113754
-8.713452
-8.669357
-7.160335
-8.754639
-8.690669
-9.604270
-7.092410
-8.437178
-8.069147
-8.391874
-6.890630
-6.538405
-7.736089
-8.782469
-8.528342
-7.290783
-7.793479
-7.364515
-5.986195
-6.680438
-7.601450
-5.443818
-5.935438
-3.858394
-4.819132
-4.486981
-5.386578
-6.548784
-5.672217
-3.220462
-3.986101
-2.443242
-2.232743
-2.804714
-2.006465
-1.680032
-1.708392
-0.765018
-0.955621
-0.011191
1.350095
-0.024545
0.865040
2.086328
1.255420
2.994336
3.497909
2.679655
2.911319
4.003238
2.415692
4.587670
5.149266
4.242439
5.156148
3.473311
5.563289
7.212013
5.371345
7.671458
6.603166
5.509014
7.237317
7.998883
8.701293
4.779656
7.996831
8.964745
8.191538
10.144220
7.584658
7.920471
9.733349
7.663112
10.243956
8.453629
9.578177
8.713029
8.370466
7.775586
9.435396
8.098034
8.190745
9.103705
8.086318
8.564458
8.325370
10.120937
7.209341
8.331184
9.989643
6.544604
7.590356
6.742031
5.931167
6.067460
6.933581
6.582124
5.665530
6.058072
6.403958
5.768055
5.517119
3.889227
4.707677
5.429649
3.792797
1.999460
1.813613
3.068926
2.120741
2.899607
2.589446
3.084549
1.228889
-0.964416
0.539470
-0.947917
-0.614378
-1.686402
-0.010132
-2.777387
-2.324924
-1.895090
-1.825269
-3.914857
-2.224392
-3.541448
-3.858166
-4.030255
-4.699668
-5.798813
-3.329538
-5.768496
-3.706019
-6.329257
-5.523961
-7.986385
-7.029279
-7.725083
-6.841420
-6.263985
-8.112232
-6.542442
-6.117721
-8.486726
-6.646719
-8.589621
-8.564359
-7.415110
-9.807184
-7.522892
-8.935607
-9.868106
-7.984947
-7.825721
-9.372600
-9.062604
-7.735611
-9.134778
-7.915846
-7.708105
-9.251645
-10.006169
-7.864625
-8.819800
-9.206954
-7.775196
-8.494205
-9.083185
-7.214473
-7.997539
-8.992894
-7.299803
-10.164924
-7.293567
-8.079661
-7.830579
-7.734304
-8.884970
-8.313379
-6.807404
-7.344029
-6.446332
-8.139374
-6.853967
-6.592612
-8.494471
-5.678181
-6.291727
-4.724808
-4.775531
-5.487354
-7.034749
-3.663956
-4.198336
-5.897638
-5.022287
-5.046315
-4.730878
-2.545274
-3.835323
-3.507731
-3.085111
-4.194588
-1.542740
-0.796890
-1.246892
-0.697267
-1.186582
-0.101271
0.749753
-0.092380
0.028971
0.993532
0.999165
2.052028
0.420860
1.825648
1.132615
1.613695
2.166371
2.370557
2.745977
3.318218
2.253464
3.112285
3.847626
3.487779
4.142597
4.297880
5.660614
6.394943
5.993256
5.795256
6.235282
5.748363
6.715402
8.111640
6.894093
8.343835
6.387234
6.078284
7.388834
7.260226
8.584392
8.264985
8.117612
9.645735
8.193678
8.458291
8.693873
8.019834
6.002210
8.666310
8.116691
10.186939
10.032775
8.150706
8.714868
9.730276
10.123339
10.067664
9.653915
10.364619
7.825128
8.528881
10.008421
8.970930
9.546633
9.979456
9.723646
10.894172
9.606994
9.277910
11.381711
9.316528
9.817953
9.419569
10.386794
8.635602
8.339980
8.869175
7.365101
8.347123
9.077663
8.858066
8.326136
7.421216
6.724345
7.753336
7.337290
6.551494
8.003569
8.260685
7.911806
6.197842
7.552899
6.843762
8.318495
7.353078
4.536270
4.878282
7.325251
7.218417
5.478315
7.494010
5.393112
6.161491
5.376526
4.940093
4.921903
5.038467
4.611673
5.086044
3.324874
3.134163
2.589756
4.729698
2.740126
3.651475
4.706220
1.767396
1.415657
3.371922
0.513020
2.380826
-0.635687
1.314421
1.561164
0.617923
-1.536017
0.033799
-1.862133
-0.156472
0.696811
-2.011158
-0.119749
-2.845239
-1.542854
-0.764052
-0.634630
-0.395830
-0.530012
-2.552066
-2.367455
-3.780082
-4.768521
-2.675309
-4.112360
-4.142971
-4.263546
-6.318047
-4.708181
-4.703308
-4.113373
-4.486243
-6.635799
-6.299705
-6.705501
-7.908011
-6.571667
-5.676851
-6.313188
-6.800553
-7.057503
-6.732959
-7.895135
-7.454823
-6.564380
-7.899073
-6.580677
-7.603822
-9.992867
-7.250383
-7.113348
-9.637832
-8.485356
-8.155489
-9.159072
-7.788689
-8.565705
-8.491883
-9.835459
-9.270054
-9.736152
-9.208371
-7.170614
-10.361752
-9.671868
-9.569545
-8.310447
-10.100222
-10.894082
-9.815634
-8.626402
-10.490561
-11.160833
-9.587483
-9.062083
-8.056831
-11.779446
-9.996946
-9.977578
-10.993895
-8.450827
-9.431318
-10.094609
-8.906693
-10.012982
-9.210900
-9.348930
-8.836492
-8.871574
-11.281168
-10.000592
-10.330667
-10.941969
-9.155692
-9.101592
-9.303672
-9.894143
-9.734861
-8.264554
-9.099517
-8.231319
-8.796894
-10.376373
-10.269619
-9.320728
-8.773497
-9.870895
-8.632485
-9.593306
-7.833337
-9.019200
-8.007920
-8.505802
-8.063440
-6.873908
-6.586876
-7.277513
-7.986898
-6.879274
-5.686450
-7.066570
-7.101562
-4.928928
-5.828661
-7.604343
-5.673949
-5.891007
-5.355708
-6.889878
-5.127111
-6.137316
-6.621522
-5.258668
-6.143635
-5.818477
-3.860133
-3.420437
-2.303715
-5.312409
-3.524146
-2.809254
-3.113142
-4.925451
-3.514456
-3.598590
-2.943481
-3.229979
-3.686709
-3.209381
-0.894721
-4.709323
-2.705046
-2.539585
-0.662249
-1.779468
-1.479352
-1.324522
-0.525964
0.778165
-0.478036
0.360904
0.029250
-0.979626
0.511961
-0.367836
1.858445
0.511883
1.270863
0.868414
1.796070
0.453249
1.237603
1.949418
4.498451
0.763955
1.987512
1.775962
3.801639
2.381069
4.684266
3.323137
2.105080
3.791591
4.161327
5.924985
2.760273
4.989173
4.432498
5.208996
5.534826
6.043095
7.180360
4.047892
6.520881
5.275797
3.804682
4.677431
7.017555
7.485959
6.923897
7.124751
5.683969
7.820322
7.001713
7.395083
7.865640
7.782746
8.765685
8.745259
7.389761
9.516568
6.923660
7.265387
8.293274
7.108507
7.136811
10.171899
9.734228
9.655843
9.874648
7.873158
8.501716
7.743642
8.445240
10.126612
9.472831
7.852121
9.541262
9.315075
8.801698
9.919666
10.111645
11.336752
11.826588
9.427610
9.775878
11.307467
9.920546
9.522790
10.926044
9.854698
10.165925
9.868263
9.776652
10.926301
9.766893
10.417244
11.119186
11.442614
10.251033
10.749350
9.764030
11.544421
12.344576
11.310831
11.595264
10.036098
11.055386
10.738758
11.786152
11.363313
11.903445
10.092648
9.451366
11.099456
10.936115
12.300058
10.266718
11.969684
9.492936
9.637032
9.929067
12.469650
9.752090
10.679992
9.140455
10.409871
9.928366
8.885615
9.891152
12.712631
9.971718
11.490795
9.685089
8.905628
11.159775
10.085002
9.088547
7.602212
10.377276
11.171800
10.463871
10.149494
7.622002
9.662765
9.315911
8.661276
9.882922
6.414720
8.837457
9.533783
8.237821
8.861481
9.706360
8.925040
7.655305
9.654033
7.035899
7.455662
7.833209
4.658122
7.427621
7.016697
7.365905
6.273544
6.791015
8.168311
7.216896
7.382671
5.568682
6.804315
5.935168
5.108739
6.290376
5.365465
6.228390
6.183173
6.309721
5.683413
5.113251
6.043273
4.294141
4.868100
4.690940
3.447828
3.816519
3.683133
4.942493
2.753655
3.309198
4.986264
3.409357
2.699757
2.040668
2.062147
2.695669
2.416466
2.788585
4.915146
2.678938
2.503969
2.097006
1.019463
1.206061
0.484519
1.928278
-0.419554
2.569363
1.140007
3.029234
-0.165797
0.999948
0.242187
-0.128307
-1.448950
-0.652492
0.070529
-0.014588
0.273568
-1.333203
-0.136153
-1.302436
-1.508471
-2.155632
-0.701661
-0.281479
0.016020
-2.288781
-0.626164
-2.918716
-3.287021
-0.324062
-1.614220
-4.103929
-1.399302
-1.002669
-3.039776
-1.994078
-3.503007
-2.026040
-4.489900
-2.686252
-3.011830
-3.719898
-5.441538
-3.165230
-4.594175
-5.013759
-4.280858
-5.137938
-3.714561
-5.508469
-5.414158
-5.113491
-5.267646
-5.418678
-4.988816
-3.378897
-4.511303
-5.015124
-5.847543
-6.097392
-6.486001
-7.283186
-6.491495
-4.115412
-8.063668
-4.379105
-7.262261
-7.448481
-7.582458
-7.783754
-7.963203
-7.424231
-7.215719
-5.519602
-7.871812
-8.418802
-9.332383
-8.517043
-8.174060
-9.200811
-9.369771
-8.582226
-9.111745
-8.769549
-9.929928
-7.083332
-9.071354
-10.323183
-8.374356
-8.030018
-10.406312
-8.851618
-7.603998
-8.750964
-9.038994
-9.733933
-9.482768
-9.106733
-9.923686
-10.855046
-10.498354
-9.601673
-10.140308
-9.756568
-9.999784
-11.919129
-9.332088
-10.892139
-11.390151
-10.529525
-11.950002
-10.474203
-9.961235
-10.688549
-9.087170
-11.987629
-11.089213
-11.233541
-12.299240
-9.954282
-12.303350
-9.135234
-9.231774
-12.132622
-12.295899
-12.459346
-10.619165
-11.446216
-10.310759
-9.710834
-10.793661
-10.630611
-10.457814
-12.861489
-10.776815
-10.655654
-11.218022
-11.692445
-12.295534
-10.872578
-11.875979
-9.649325
-11.884154
-10.246917
-12.386883
-11.319480
-11.870319
-11.452317
-9.337824
-11.236346
-10.499187
-12.127108
-10.357175
-12.761539
-10.861165
-12.874058
-12.413458
-10.612799
-13.958249
-12.005692
-11.937788
-9.265797
-12.359334
-9.590765
-12.053693
-11.764117
-11.247680
-12.742503
-10.675456
-9.604924
-11.735753
-10.090110
-8.746250
-11.077641
-10.910285
-12.020385
-9.279827
-11.131702
-8.891021
-11.250904
-10.937304
-11.929407
-12.234572
-10.482612
-11.315427
-10.958763
-10.509540
-11.738403
-9.594174
-10.828089
-10.772334
-11.232289
-10.413958
-10.538013
-10.226087
-9.719112
-7.802961
-9.376255
-9.661913
-9.936205
-10.200194
-10.197407
-6.957527
-9.264820
-8.155507
-8.716248
-9.693623
-7.124221
-9.787255
-9.650289
-7.308548
-7.468077
-10.545453
-8.479736
-7.857146
-8.771939
-9.392343
-6.218767
-8.318570
-7.396485
-7.465030
-10.176605
-6.527852
-9.036731
-7.121450
-7.816464
-7.213623
-7.577478
-9.143260
-7.524184
-5.976062
-6.195278
-8.711492
-8.006300
-7.561196
-5.922715
-6.537294
-5.356281
-5.540744
-7.407878
-7.870156
-5.722273
-6.682791
-7.350796
-6.170325
-5.921529
-5.844938
-3.237552
-4.050736
-6.473292
-6.148786
-6.446337
-5.760723
-6.828180
-5.122821
-5.069763
-5.759997
-6.008165
-5.329411
-2.796580
-3.896304
-5.007886
-3.459941
-4.291260
-2.842806
-3.246446
-3.527230
-3.576434
-4.229225
-2.932909
-6.084095
-2.875802
-2.591649
-3.888614
-3.552583
-2.448793
-3.277737
-1.523452
-2.518827
-2.038175
-1.322465
-2.500465
-1.515937
-0.954587
-2.540227
-1.925323
-2.240422
-0.112975
-2.566711
-1.422001
-1.630583
-1.293373
-2.130230
-1.222821
0.970378
-2.063317
-1.372406
-0.006562
-1.956323
0.528004
0.131756
-0.192625
0.120141
-0.895289
0.310943
1.096037
-0.505539
0.831880
2.407778
1.748269
2.146659
2.731777
1.431588
1.376283
0.758650
1.515098
1.510979
1.127270
1.831713
0.315876
0.234068
2.524598
1.290325
1.664792
2.330061
2.999647
3.158243
3.302264
2.365465
2.464243
3.966169
3.975355
2.442409
4.886258
4.667550
3.254938
3.344191
3.394810
3.244316
3.794931
2.286219
4.679124
3.243482
5.441318
3.352309
3.282404
4.459058
4.691132
4.035867
4.845779
4.507487
5.282694
5.018673
3.285300
3.674085
6.611651
4.987137
5.641566
5.835563
6.205223
4.514570
7.083961
4.910952
6.097337
7.044038
6.043149
6.831833
8.414086
5.773057
6.456640
6.381713
6.328573
4.869347
6.989348
8.509888
7.128245
8.454715
5.394199
6.260792
7.100847
8.375637
6.400449
7.006466
7.771296
8.309295
7.628047
8.086689
7.384344
8.817141
6.924939
9.005538
8.158372
7.272864
7.922350
6.366580
10.160574
9.722549
7.885665
9.721567
9.434807
10.544286
9.013293
8.964522
9.844660
6.159906
9.734958
9.346327
10.035042
10.238532
11.295170
9.462868
9.644809
8.061510
8.286001
9.306464
9.463630
7.777316
8.972245
9.163821
9.567100
10.663058
11.519939
10.102547
10.983329
9.952038
11.300381
11.328168
11.180748
10.746943
11.016741
9.731780
10.840379
10.695758
9.085946
11.800517
11.051185
12.495389
11.313290
12.011790
11.929927
10.436757
10.988270
11.694228
10.442847
11.399939
11.332467
11.489621
9.273789
10.220004
10.967318
10.737864
10.803425
10.734216
11.498387
10.222387
10.477966
11.659768
11.863828
12.553061
10.852116
11.762834
11.310523
11.431771
13.912320
12.468865
13.478956
9.834395
11.282976
10.843376
13.118070
10.465675
12.965446
13.016866
13.289019
12.652924
11.984613
12.719370
12.317635
12.671976
12.446518
11.709062
11.317586
10.569033
11.103199
11.727330
13.037298
12.638443
12.233436
12.209510
12.140162
12.014523
11.133940
10.404842
8.740061
13.073881
11.818266
11.875200
12.199817
12.446943
12.248353
12.066803
11.733910
10.921428
13.048326
12.673843
12.529025
11.735669
12.827749
14.322901
9.135924
10.643258
13.302910
12.278251
11.101785
10.751615
12.304440
10.638572
12.442448
14.163185
10.880229
13.312852
10.099279
11.691127
11.255059
9.957559
10.009912
11.495040
10.788072
11.620677
10.720598
10.833433
12.002940
11.365744
11.034544
11.435110
10.799105
10.592724
11.162482
12.026634
11.288046
10.756105
13.046743
9.475956
13.209427
11.635941
10.525895
10.463164
11.515631
11.571186
11.665137
9.759794
13.337845
11.212409
10.611189
10.914700
8.897721
12.346113
12.066413
10.690180
12.367909
10.865373
11.985496
8.780860
11.833264
9.474222
10.860596
9.036971
8.810656
10.015704
9.421452
10.855682
12.246040
10.470225
10.273059
8.917091
8.643166
8.946553
11.607236
8.144786
9.268480
9.726882
12.001347
8.522049
11.160252
9.570797
9.040047
12.540980
8.830992
10.814823
7.867376
8.858949
8.535059
9.657432
10.629490
9.571625
9.689596
8.714119
9.252965
9.873829
7.552684
8.502352
9.317864
7.055904
7.902345
6.867344
8.946737
9.598638
7.656478
8.680512
6.272916
10.188294
8.577457
8.167146
9.564693
8.582742
6.975139
6.711370
6.658339
7.795646
7.676244
8.071666
7.312342
6.178706
7.626114
7.522234
7.111144
7.286853
6.343419
8.007334
7.844736
8.956715
5.144755
6.889232
7.273516
5.991918
6.333570
8.137930
5.750789
6.560226
6.355757
4.181767
6.701781
5.729292
6.733767
6.378888
5.793813
6.349047
6.945562
5.988890
6.306072
4.718671
5.183374
6.547782
5.920532
5.199802
4.012037
5.635896
4.659916
3.796077
3.860073
4.816115
4.113305
2.918616
4.966861
4.261097
3.955702
5.833251
6.329253
5.950142
3.499473
2.427007
4.567686
3.142982
5.563429
2.824894
2.696672
4.645512
4.634059
3.481481
5.647267
4.458023
3.847569
2.775259
3.878325
3.467341
2.833281
3.242259
2.984259
3.324351
3.218707
3.443435
1.085144
2.639109
-0.002973
2.899716
3.053344
2.685633
5.111608
0.576447
2.582463
1.878725
3.103353
0.721462
2.975938
2.324516
2.570635
1.870294
1.513616
2.958988
2.534560
-0.034081
0.892359
2.107431
2.854822
1.197526
0.268193
0.529095
0.859332
-0.978608
1.257567
0.502535
1.094945
-0.614618
0.417427
-0.147542
1.625310
0.792375
-0.603091
0.475097
-0.428821
0.395453
-1.778429
0.082193
-0.813897
-0.376485
0.284608
-0.289169
-0.297862
-0.122871
-0.680249
-1.764474
-1.315444
-1.071691
-1.151640
-1.545442
-0.857787
-1.999707
-1.603037
-1.245164
-0.807622
-2.818001
-1.630084
-1.612325
-1.102243
-1.005339
-2.141452
0.117245
-2.011274
-1.123528
-0.978273
-1.804168
-0.724196
-4.013086
-1.971843
-2.940197
-1.876136
-2.997482
-4.415487
-3.096099
-3.668825
-3.110726
-1.937591
-4.830779
-4.636367
-2.729896
-4.210836
-1.865249
-1.347761
-4.569101
-3.201643
-4.047623
-2.158759
-3.398489
-3.534381
-3.452725
-3.911166
-2.830442
-5.177942
-2.799822
-3.233314
-5.630001
-1.319335
-3.985021
-4.617791
-3.249895
-4.428461
-4.593245
-3.760159
-4.811058
-4.114018
-5.263136
-3.450686
-5.322610
-5.058059
-4.443181
-4.434400
-3.391163
-5.674999
-4.794710
-4.660033
-5.220136
-5.813366
-4.661424
-5.856652
-4.463081
-5.805562
-7.020044
-5.688794
-4.394356
-5.438740
-6.025672
-7.813612
-4.921338
-6.957231
-7.664602
-7.525749
-6.258632
-5.225456
-5.392319
-5.797934
-6.891463
-6.676122
-6.954101
-6.528551
-7.840764
-7.184682
-9.812250
-5.666074
-5.884274
-7.962958
-6.756854
-6.881169
-7.284976
-8.436667
-7.282777
-8.184409
-4.515720
-6.121645
-5.826907
-6.076989
-7.984798
-6.808979
-6.071918
-8.000210
-8.723855
-7.400874
-9.121785
-8.519698
-6.867707
-7.668366
-8.994487
-10.039338
-8.284375
-9.727262
-7.112723
-8.998966
-10.584461
-7.976845
-8.340618
-9.073116
-8.839181
-8.542102
-8.257404
-8.688883
-9.576985
-9.544270
-8.550430
-6.924010
-6.889583
-7.516677
-9.209348
-9.546265
-9.141348
-8.821675
-10.564203
-9.378691
-9.337981
-8.810814
-8.786642
-8.309949
-8.700447
-8.854048
-8.208815
-8.275348
-8.671648
-8.556746
-9.668997
-9.466707
-8.664307
-11.297602
-9.953172
-8.576468
-9.845748
-10.525161
-9.588463
-10.626877
-9.544211
-9.120918
-9.787312
-11.442294
-9.933426
-9.964453
-10.885779
-10.487031
-10.753974
-9.181101
-10.831903
-11.128025
-9.935014
-10.468253
-10.426968
-11.559352
-11.027365
-10.852647
-9.095716
-9.529094
-8.833578
-10.839298
-10.189822
-10.400648
-11.977599
-9.765151
-8.868789
-11.179522
-9.531199
-11.621424
-12.733175
-10.461665
-9.019581
-10.207655
-10.853628
-12.806374
-11.313325
-11.675666
-10.834348
-10.054235
-11.961577
-10.287576
-11.946878
-12.230697
-8.963543
-11.242832
-11.330804
-10.422265
-11.730153
-12.016750
-12.148236
-10.237993
-11.306521
-10.596370
-11.211332
-11.396325
-13.474379
-10.538568
-11.050576
-10.571290
-12.162468
-11.779127
-10.520729
-12.244700
-11.285965
-10.851145
-12.223883
-10.667691
-12.340566
-10.363023
-8.949482
-10.107877
-10.871057
-11.932175
-12.644059
-12.716418
-11.804770
-12.487937
-10.353240
-12.141256
-13.617938
-10.667873
-13.593199
-10.307294
-11.110651
-12.853164
-11.871669
-11.003918
-12.215966
-13.625454
-11.508979
-12.924984
-12.964876
-12.788311
-12.384544
-9.976163
-12.749908
-11.183610
-12.359393
-11.896416
-13.069788
-12.231780
-11.162536
-11.105358
-12.853557
-11.580804
-10.523466
-11.067320
-14.192819
-12.942405
-11.440073
-11.267058
-11.062749
-13.288041
-10.643374
-12.475810
-13.021521
-12.964890
-12.909665
-11.774552
-11.963430
-13.667248
-11.905772
-12.023536
-10.833645
-12.810787
-11.869581
-11.945240
-10.879499
-13.048556
-12.197444
-13.718689
-11.077450
-11.882880
-11.961150
-12.449137
-12.447904
-11.466060
-12.547930
-12.881996
-10.002945
-11.222658
-11.708093
-12.708947
-12.551640
-10.667657
-10.139343
-10.422252
-10.693355
-11.523229
-12.887001
-12.836233
-12.783696
-12.122048
-11.788841
-11.142774
-13.004149
-13.542342
-11.861798
-9.973850
-13.530299
-11.764340
-11.359481
-11.401701
-12.368357
-11.746444
-9.396021
-12.489460
-10.168019
-11.652935
-12.773143
-13.091718
-11.294727
-10.175146
-12.240112
-11.734072
-11.057636
-11.998727
-13.401294
-12.454815
-12.067131
-12.174389
-12.363506
-12.410381
-12.248073
-13.971806
-12.746980
-11.216446
-10.796720
-10.771350
-11.437919
-12.348513
-10.483597
-10.275748
-10.224730
-11.131586
-10.125109
-12.376541
-10.164209
-11.020578
-11.299224
-10.096276
-11.741246
-10.459491
-10.630364
-10.812996
-11.004833
-11.620750
-9.974329
-12.223136
-12.013913
-10.434345
-10.585054
-11.876251
-12.841569
-11.020846
-10.152374
-11.037727
-11.213935
-9.737012
-9.654734
-11.273128
-12.024974
-11.702111
-11.166559
-10.123318
-9.160511
-11.052145
-9.788650
-11.580833
-10.078260
-11.790828
-10.515313
-12.287275
-11.302410
-11.655119
-11.883647
-10.283255
-9.493123
-11.590990
-9.678332
-12.114799
-10.461210
-10.069096
-11.797793
-9.197560
-11.607735
-9.800459
-10.343815
-11.242785
-9.903612
-9.836873
-11.183953
-10.984650
-9.861633
-10.053876
-10.471599
-8.909384
-10.199979
-9.265598
-11.494042
-9.889224
-8.936493
-11.235505
-8.832231
-6.886512
-9.575604
-10.875896
-9.570252
-10.537084
-9.966945
-8.031801
-9.804603
-10.256728
-11.117365
-10.142400
-9.423803
-9.615698
-9.477573
-10.985213
-9.352717
-9.884572
-11.948031
-9.066013
-10.226431
-9.734633
-10.452750
-9.135560
-8.897958
-9.962943
-10.298759
-10.134898
-10.215908
-7.527399
-8.865280
-7.988460
-10.303910
-9.584988
-9.543510
-8.859299
-10.468967
-9.494268
-8.579521
-8.027012
-8.185331
-8.564223
-8.406651
-7.780751
-10.117054
-8.685176
-9.136246
-9.173106
-6.938610
-7.916209
-7.508849
-8.464230
-8.847341
-6.443696
-9.551521
-8.584898
-8.662717
-8.140244
-8.218159
-7.557108
-6.873968
-8.225463
-8.092743
-8.974349
-9.277343
-8.450648
-7.379721
-9.569540
-7.965481
-8.184267
-8.831622
-9.332821
-9.637084
-8.883913
-7.042664
-8.129483
-7.483417
-7.839213
-7.350844
-8.203707
-6.887191
-6.881806
-7.656128
-7.695509
-6.667796
-6.711543
-7.421670
-8.451954
-7.002017
-7.280647
-6.649653
-6.971652
-5.935592
-7.678936
-7.816831
-6.458682
-6.997769
-8.237578
-7.424162
-7.839220
-7.943893
-6.195199
-6.619597
-6.172316
-7.405564
-6.078527
-8.439473
-7.153937
-5.387983
-7.424115
-7.053842
-7.271989
-7.620123
-6.020821
-5.053225
-4.966026
-6.251718
-5.589712
-6.756117
-6.088427
-7.525426
-7.349396
-7.725481
-4.313509
-5.859137
-6.817680
-6.520123
-5.369780
-5.262081
-5.436314
-6.289186
-6.966774
-4.711274
-6.761220
-6.118044
-5.012230
-5.845563
-3.754755
-4.953774
-4.631729
-5.491130
-5.276494
-6.234043
-6.276055
-6.197758
-5.627041
-7.227335
-4.889457
-4.275810
-6.728572
-4.340617
-4.163279
-4.561397
-5.966452
-5.580304
-4.583222
-4.253505
-4.872596
-5.608788
-4.315526
-5.542947
-3.689843
-3.480300
-4.630223
-3.938759
-3.976973
-4.713951
-2.434584
-4.148991
-4.660192
-4.000850
-4.331593
-4.936063
-5.138701
-4.722822
-3.988083
-3.049669
-3.555428
-6.015494
-2.113384
-3.687911
-3.756755
-4.222832
-3.152577
-4.124303
-2.689270
-4.869762
-3.274773
-4.281115
-3.820590
-2.530496
-3.747835
-4.256800
-4.060623
-5.726503
-5.199342
-2.644737
-3.341609
-2.067365
-4.579767
-3.660600
-2.761526
-3.754706
-1.666903
-3.528295
-3.040351
-4.032932
-2.929419
-3.093914
-3.442302
-3.323073
-2.277632
-2.050692
-1.844900
-1.649587
-2.506075
-1.447530
-2.548410
-1.925783
-2.707803
-1.857676
-1.686158
-3.498063
-2.770209
-2.156363
-2.711109
-1.591006
-1.817912
-0.632113
-0.960958
-1.673316
-1.489725
-1.614487
-1.846078
-1.844594
-0.930413
-1.984421
-1.599772
-1.813868
-2.130831
-1.974531
-0.688901
-0.650718
-1.318171
-1.059257
-1.443367
-0.690848
-1.600198
-0.111419
-0.995135
0.588574
-0.589814
-2.358321
-1.157365
-2.214897
-1.913426
-0.183303
-2.194698
-0.705984
-1.821871
-0.760246
-0.036949
-1.807105
0.607397
0.121596
0.050886
-1.436194
0.656430
-0.468701
-0.294072
1.293505
-1.249409
-0.774679
-1.373184
1.055513
1.745561
0.152339
0.785623
-1.148527
0.403419
-0.206101
1.791316
-1.379959
0.665432
0.387356
0.610071
-1.514608
-0.050657
1.780828
-0.242680
-0.369121
0.842147
0.364863
0.762378
1.095891
-0.341153
-0.795889
-1.504272
-0.283473
2.449193
-0.379091
-0.066124
0.199956
-0.229844
0.233918
0.112257
1.779363
0.688628
0.864387
0.291268
1.535974
2.458779
0.725940
0.204975
0.629810
2.392220
-0.453105
2.068577
1.648688
0.738033
1.013672
-0.226924
1.573344
2.569611
3.806620
4.119901
2.458125
1.356852
3.128013
1.549630
1.720690
2.859191
1.917298
1.001999
1.544786
1.233382
1.732543
0.095293
3.085699
0.785901
2.133601
1.600932
0.604368
3.325232
0.640831
3.130729
1.786425
3.511033
4.060109
1.737808
1.410894
2.388382
2.940351
3.308080
2.339815
2.328406
3.001674
3.365211
4.923603
1.698810
2.801958
3.813132
3.982770
3.249788
2.773151
2.955104
3.375678
4.403243
2.778651
1.982389
3.967658
5.180314
5.462577
1.547386
3.906264
1.489727
3.643370
3.699030
3.593154
5.354667
4.650001
3.994747
5.360590
2.895105
4.649545
2.745947
2.930469
2.438803
3.490695
3.100742
2.696039
4.718987
4.116771
2.693635
3.246552
4.902516
6.545328
1.900109
2.927580
4.085850
3.581706
4.837843
4.237044
3.266876
4.619457
4.986956
3.453046
3.675904
6.596391
4.421789
4.799176
5.689369
4.181557
4.984766
4.931781
5.739637
5.866894
6.796714
4.955748
5.436961
4.638874
4.844179
6.968984
5.498890
4.554885
3.684601
5.349712
6.841296
6.563597
4.424837
5.346632
3.229497
6.271150
4.525291
5.052279
5.668782
5.329463
5.580008
4.120748
5.479046
4.999213
6.078536
5.444172
2.851816
4.724372
6.862909
4.482904
5.965291
4.138777
7.108442
3.425955
6.318680
8.018593
7.159043
4.045379
5.048138
6.465042
6.338991
7.359535
5.926609
4.811294
5.536792
5.750743
6.681849
7.318589
4.583456
5.607202
7.356844
5.422037
6.763906
5.903337
7.929893
6.015975
6.846491
4.390328
6.523629
6.333545
6.814717
7.314910
8.441607
5.563061
6.440674
5.864101
7.190439
6.592294
6.601396
6.423693
5.473499
5.218809
4.742116
6.226900
8.495497
6.630056
6.875279
5.219602
6.423767
4.449890
7.525332
7.260930
7.676352
7.494139
6.188249
6.722528
6.975222
5.625911
7.603303
7.044319
7.364581
7.494923
6.486948
7.064168
6.789416
6.677686
7.646287
7.256758
7.806254
7.525437
6.914768
9.002237
6.070024
7.336743
7.873469
5.710612
6.912830
7.984867
7.903655
7.792484
7.666703
7.611511
4.141413
7.822498
8.860454
7.017377
7.040885
7.884858
6.278614
7.995446
7.252604
7.499711
7.489882
7.946289
7.768398
9.657241
7.081776
7.479033
9.212553
7.568900
9.258053
8.530534
8.493812
7.389480
7.220582
8.899031
8.939201
8.049785
8.262623
10.155241
7.867872
7.306750
8.544859
8.923217
7.816244
6.255403
8.555450
9.558772
8.582165
8.125547
8.158721
8.719019
8.672141
8.058834
10.671141
8.755568
8.555419
9.409361
7.792827
7.893788
9.378184
8.240954
9.094978
8.310241
9.967131
9.495232
8.944141
8.327767
8.442283
7.753358
8.515553
8.907493
9.935987
8.172033
6.727214
7.674018
8.014445
9.520829
9.952022
7.481570
10.394591
8.798174
8.916305
8.250590
8.406708
8.292908
8.419046
8.851992
8.886143
10.443315
9.854415
7.037129
8.094369
8.770723
9.265817
7.808581
8.839773
6.917057
10.094637
10.328221
7.750684
8.876959
9.788285
7.732098
8.382135
8.851341
8.031797
10.367525
10.711942
6.700537
9.046027
9.462700
9.874082
8.702567
8.882009
9.782497
9.204022
9.172392
10.101547
9.470836
8.870095
10.444586
7.747147
9.548717
10.193930
7.291291
10.408768
10.123922
10.178181
10.080242
8.415265
9.194023
10.137978
8.205692
11.190322
9.134432
9.407941
10.569365
10.395083
11.242130
11.264236
9.990098
9.718171
9.743334
10.986200
10.505356
9.564450
10.314517
9.573414
10.437182
9.490353
10.150167
8.585230
7.803873
10.520854
8.449195
9.245386
11.389562
9.412441
7.212535
10.117942
9.652706
9.102849
8.383640
8.928223
8.768415
10.161196
8.691851
10.043064
8.063071
8.397295
9.122125
10.111423
9.567389
9.197378
8.925410
7.520013
8.921211
10.146482
10.712928
9.969368
8.809263
7.111211
8.565397
10.513680
9.527704
9.013748
9.546513
9.204356
9.972598
8.896039
10.589743
9.606944
9.320650
11.334230
9.593969
8.923424
8.453503
9.065739
11.303178
10.220201
7.649972
10.165217
10.391992
9.042917
9.024344
11.708557
9.442892
10.298426
9.986870
10.316437
10.146557
10.646302
10.073972
10.302692
6.941772
9.801368
8.994801
9.834678
10.311353
11.319336
9.901861
10.335426
10.301996
9.845293
9.975300
10.863584
10.096295
10.137100
10.536712
8.403718
10.642121
8.785692
10.509922
11.320753
8.946920
9.695479
8.686471
10.819584
10.820395
10.899491
11.275628
9.803787
9.906975
10.968975
10.464106
11.364529
8.990437
10.819224
9.350458
9.289574
8.032152
10.247015
9.847712
10.004964
9.675835
10.996195
9.797001
9.049321
9.174870
10.278215
9.331170
10.439708
10.471238
12.163658
9.947656
10.429491
12.055047
10.148252
11.589797
10.171043
8.888144
9.504549
10.903219
10.563957
9.898970
10.707409
10.218874
9.629089
8.863374
9.852969
8.676856
10.018176
11.053533
11.390557
10.695349
9.481242
9.884436
8.581263
10.556842
9.187065
9.449009
9.127823
7.741536
10.243663
10.636197
8.688284
10.603042
10.797795
12.019918
9.064887
10.493549
9.887970
7.717398
10.152253
11.048548
10.157700
11.188853
8.698617
8.673096
9.132500
9.848924
10.064636
10.813731
11.418885
9.109701
8.875004
9.823565
10.322504
10.170178
12.177216
9.341089
8.254591
8.511630
9.879828
8.297738
10.028648
9.574045
9.776524
11.160469
9.558401
10.832700
8.862697
9.654279
10.763063
11.614129
10.716101
9.039964
9.099694
7.981823
11.074225
9.392790
11.163789
9.996272
8.758393
7.677243
8.824128
9.190825
9.353280
8.591383
10.628444
10.093652
10.210269
9.139014
10.327005
9.642021
9.473519
11.044218
9.512730
8.721146
10.385070
7.594882
8.866124
10.740562
9.855920
10.366138
8.749423
8.299367
8.139241
10.019548
7.996226
9.930888
10.543400
11.014783
7.927543
8.454528
10.993716
9.924458
8.530346
9.703956
9.553644
9.212168
11.731860
9.787133
10.120764
10.638219
8.354724
8.971518
10.737626
7.964060
10.109390
9.405908
9.326161
9.755116
9.494570
9.627769
8.638107
11.380341
11.091483
8.850590
8.270943
11.306570
9.655321
9.291120
10.408908
9.988400
8.228762
10.563629
9.032364
9.192136
8.763301
9.509549
9.511113
9.310022
9.973318
9.513247
8.791520
9.751923
9.122210
7.694169
8.756561
8.592903
8.810997
7.752286
9.768537
10.557154
11.265558
8.877092
8.732236
8.457767
9.784890
8.700312
9.532156
9.714936
8.330057
8.898711
10.351124
7.929744
9.022751
9.869671
8.349060
10.204736
9.187311
7.766823
9.023538
8.446795
8.573348
8.605742
8.969163
9.355133
10.313329
9.168607
9.096850
7.982557
10.920338
7.479915
8.173182
8.273049
10.038071
9.924009
9.176893
10.805025
7.322784
8.694672
7.355375
8.420176
9.814543
8.274788
8.902744
8.528340
8.036197
9.274749
8.494910
9.585556
9.026247
7.011614
8.005354
7.672251
9.999398
9.294383
9.304400
10.049618
8.409242
9.766324
10.047769
7.862129
7.751147
7.674590
9.448014
8.496063
9.315513
8.089034
7.813396
9.099057
8.413254
9.010180
7.347289
6.872025
7.819040
8.712548
9.736118
7.425424
6.898515
9.191398
6.839056
8.387089
8.184705
7.941377
8.790020
9.427215
7.710227
10.563698
8.763192
9.143530
9.633013
8.539058
8.954711
8.907302
8.206400
8.108070
7.636605
6.342381
6.405478
8.710549
7.750570
6.549415
7.014810
8.241836
8.662853
6.880325
7.352240
9.166658
9.857816
7.102493
7.737404
5.584056
8.219171
8.655664
7.869976
7.239470
6.633312
7.870484
9.920207
8.926461
8.722280
7.726298
6.725822
9.158659
8.510227
5.952066
7.830076
7.548307
7.444764
6.480893
8.253002
7.859170
7.780273
8.952065
7.819354
8.181663
7.933072
7.914652
9.008357
8.225012
6.931924
7.499582
9.257077
7.588260
8.229431
7.251740
6.851916
7.328993
7.974327
6.900689
8.062611
8.271535
8.096556
8.520976
8.252744
6.809662
7.853711
6.212537
5.158994
5.731787
7.702386
8.201228
8.281487
6.754330
8.143796
7.449433
8.729241
7.577464
7.103824
7.586169
7.692562
5.403723
8.245968
6.574760
8.263374
7.423371
8.664832
6.330345
7.138744
5.948654
7.244187
5.844063
7.813222
6.719644
6.969435
8.166573
5.842710
7.298612
6.627124
4.862929
7.164204
7.743493
4.529753
8.083717
8.679188
6.044758
7.682645
6.687318
7.918854
5.771281
7.867546
6.733061
4.825488
5.160493
7.835961
7.317673
5.709733
7.093946
8.212461
5.976503
5.504828
6.269863
7.129756
7.339717
5.296000
7.225524
6.401777
8.167469
8.155530
6.249704
6.521351
6.464872
5.916330
7.217969
8.924916
7.849067
7.450708
6.147179
4.972082
6.768992
6.129305
5.231666
5.072596
6.531625
6.696542
6.623308
8.234848
5.944298
5.410831
5.979949
7.644152
6.367472
7.408954
6.771412
5.629355
6.804586
4.509996
6.804033
5.268181
6.274499
5.895549
7.832304
5.028669
6.852967
7.719132
6.548840
6.550250
6.282207
6.640427
5.612341
5.637359
7.545170
4.684188
4.793837
4.415759
6.028911
6.468604
5.753463
7.590882
5.734220
4.698751
5.259019
7.620291
5.383462
6.603553
5.702855
5.862162
6.719615
5.711390
6.205744
5.008443
5.191275
5.963940
6.150995
6.595509
5.739684
5.675692
4.829621
4.932861
4.050589
5.346232
8.083294
4.942303
3.450016
5.842463
4.841027
3.050712
4.781764
4.933504
4.495554
7.203041
5.926428
4.853335
5.785083
6.145988
6.350984
5.410717
4.003067
4.962866
6.881395
4.369631
6.254415
4.712615
5.340086
4.471740
6.389864
5.996404
6.296596
3.244752
4.195811
4.755346
5.605448
5.865852
4.006686
4.271006
5.931243
5.999061
5.101283
5.194908
3.366984
4.779440
6.216861
5.142081
5.861236
3.977521
5.566136
3.525601
4.895375
2.574184
6.276341
6.360101
3.985160
3.443370
4.162960
5.602366
5.526813
4.120054
4.105316
2.188702
4.318020
5.720081
4.459777
4.742545
6.339559
3.558239
5.819390
1.594097
5.547616
3.977054
5.595431
5.497797
3.209866
5.174510
4.718705
3.517018
5.394211
3.951878
3.724337
3.456560
4.026866
4.743738
4.676504
4.876012
3.627987
6.544883
4.809695
5.150777
2.647745
4.257947
5.427768
3.524952
3.822862
4.915854
4.073205
3.291096
3.434757
2.450756
3.282028
2.290553
3.982451
5.200570
3.099509
3.759428
4.962876
5.113462
5.600359
3.722900
3.214020
4.739518
2.865752
4.192693
3.844069
4.375511
3.760222
3.378147
3.793867
2.531567
3.110558
2.978190
2.518899
3.956809
3.822283
3.851408
4.638735
3.536590
3.903875
4.882647
3.740052
4.463311
2.806224
4.937423
4.651328
0.929478
4.740368
3.794368
3.938161
3.696108
3.684596
4.805623
4.532492
2.866409
2.572930
3.967527
1.939984
3.885697
1.404576
4.859666
3.721947
4.801886
3.690937
3.863770
2.759843
4.601468
3.092872
2.824826
4.525461
4.308521
3.924901
2.223765
2.475997
2.733204
1.538420
2.263626
3.992057
2.641699
1.802740
2.511781
4.198464
1.039333
2.623244
2.463523
2.420124
3.350092
3.343893
2.507761
3.415188
1.307699
3.195540
3.503944
4.481109
2.841666
5.000496
2.248045
3.267773
2.167993
3.842116
3.792176
2.954577
1.167928
2.299507
3.264079
0.831430
4.246740
3.154762
2.602319
4.122720
1.562677
3.676148
3.088585
1.319578
2.555876
2.631181
2.776171
2.401889
1.551520
2.845257
1.928452
4.504415
1.838048
2.509094
2.516917
2.517571
2.872341
0.326030
1.750945
0.983327
2.724797
2.187385
3.588340
1.807549
3.352786
1.628412
1.699282
1.992108
1.131748
2.402035
3.027958
1.645960
3.518255
0.869288
2.167382
3.165822
3.828989
3.388826
2.626797
1.183647
2.524373
0.747455
4.242539
2.884234
3.256735
2.437029
0.536569
1.228982
1.220959
1.153720
0.904669
1.978983
2.993899
2.047738
1.079306
2.753457
1.765001
0.581137
0.623399
0.592594
1.357185
1.301858
0.769715
0.689742
3.815152
2.576986
1.205366
1.648112
0.928507
2.986314
1.394480
0.657840
2.632823
0.617248
0.632025
4.024175
2.280251
2.262904
3.308094
1.195070
2.296478
1.013949
0.268058
1.625640
1.287819
1.524194
2.446708
3.191596
2.040089
1.674701
1.999508
0.063495
1.955489
0.246238
1.778451
1.534303
2.539771
-0.337127
0.910065
0.468122
1.165016
1.669860
1.026903
0.243660
2.663630
-0.145687
2.739436
2.943127
0.875822
1.327513
2.422549
2.420412
1.070144
1.274189
0.846566
1.177708
1.744022
1.622562
0.817807
0.636458
0.408849
0.628756
2.835494
2.342727
1.189168
1.309292
1.124176
1.573820
3.052746
0.808063
2.255705
1.480804
0.464439
2.206920
-0.008889
0.187655
0.646137
1.841700
1.137260
-0.249031
1.465046
-1.016505
1.674638
1.507260
0.429084
1.371449
0.580202
0.460005
0.592796
-0.149662
2.111209
2.273189
1.236443
1.843492
1.195020
1.397500
0.977094
0.028198
1.392967
-0.244364
-2.864947
0.281801
-0.386880
0.330961
1.793363
1.155582
1.921084
1.907392
3.873349
-0.157546
-0.555592
0.273813
0.900709
2.455530
0.058878
-0.065602
-0.331100
0.893169
1.152355
1.542195
-0.155404
1.167936
2.193048
0.005012
1.737550
-0.170374
0.652983
0.638346
1.573504
1.116549
1.977372
0.888756
1.551960
0.772336
0.816858
-1.152368
0.335049
0.506236
1.818548
-0.457729
1.196808
0.012239
1.389031
1.208898
-0.216219
0.568432
0.695491
0.109754
2.914370
-0.134846
1.133315
1.615412
-0.434172
0.514117
0.905093
-1.129397
-0.098429
-1.030861
0.120242
-0.638469
-1.097471
-0.588199
0.221623
1.081070
1.132923
1.504653
0.498227
-1.534654
-0.583850
-0.748085
2.666627
2.468079
-0.709165
0.992067
1.010507
0.273987
0.992594
-0.877732
0.067379
0.424950
0.535365
-0.497638
-0.962204
1.618614
-0.569124
-0.375990
-0.031974
0.978022
2.399580
-0.929474
0.169371
0.089247
0.183824
1.283335
0.530482
-1.648351
-0.554176
-0.128439
-0.305603
1.021344
0.443184
0.572455
-1.020609
-1.644127
3.151112
-0.304819
1.483458
-1.110674
0.609229
-0.225891
0.525678
0.987723
2.128523
-0.575230
-0.733123
-1.495334
0.098149
-0.122397
0.549157
-0.235152
-0.884748
0.255005
-1.082185
-1.493447
-0.742290
