-0.451891
-0.454160
-0.456484
-0.457958
-0.460143
-0.462238
-0.463422
-0.464251
-0.465986
-0.467843
-0.469287
-0.470708
-0.471302
-0.471490
-0.471686
-0.471608
-0.472929
-0.474716
-0.476159
-0.477823
-0.478893
-0.479777
-0.480912
-0.482004
-0.482126
-0.481843
-0.481559
-0.480981
-0.480674
-0.480344
-0.479699
-0.478937
-0.479079
-0.479517
-0.479794
-0.480236
-0.480255
-0.480155
-0.480243
-0.480311
-0.479923
-0.479353
-0.478782
-0.478077
-0.477519
-0.476962
-0.476260
-0.475511
-0.474055
-0.472261
-0.470448
-0.468394
-0.466424
-0.464375
-0.462073
-0.459635
-0.457422
-0.455216
-0.452856
-0.450459
-0.447802
-0.445000
-0.442169
-0.439230
-0.439981
-0.442249
-0.444245
-0.447228
-0.449205
-0.451188
-0.454233
-0.457625
-0.459461
-0.460910
-0.462794
-0.464518
-0.467267
-0.470423
-0.473372
-0.476532
-0.478003
-0.478832
-0.479951
-0.480714
-0.482022
-0.483427
-0.484441
-0.485393
-0.487367
-0.489705
-0.491931
-0.494388
-0.496420
-0.498367
-0.500572
-0.502800
-0.500149
-0.495461
-0.491010
-0.485189
-0.480652
-0.476044
-0.469964
-0.463361
-0.458578
-0.454169
-0.449127
-0.444185
-0.437864
-0.430937
-0.424166
-0.417032
-0.412217
-0.408236
-0.403780
-0.399757
-0.394877
-0.389785
-0.385176
-0.380581
-0.374493
-0.367828
-0.361246
-0.354271
-0.347819
-0.341413
-0.334578
-0.327638
-0.341604
-0.364369
-0.386121
-0.413779
-0.436139
-0.458905
-0.488006
-0.519431
-0.542904
-0.564754
-0.589404
-0.613642
-0.643906
-0.676837
-0.709105
-0.742979
-0.767424
-0.788540
-0.811719
-0.833217
-0.858313
-0.884370
-0.908549
-0.932760
-0.963254
-0.996237
-1.028968
-1.063423
-1.095818
-1.128119
-1.162291
-1.196997
-1.095344
-0.936119
-0.783341
-0.591889
-0.434571
-0.274337
-0.072647
0.144434
0.309681
0.464476
0.637767
0.808542
1.018871
1.246809
1.470584
1.705028
1.630732
1.429627
1.252844
0.994294
0.819399
0.644358
0.381260
0.089483
-0.067836
-0.190708
-0.349764
-0.493836
-0.724054
-0.987737
-1.232482
-1.493974
-1.498817
-1.400299
-1.330032
-1.196172
-1.134599
-1.076974
-0.950629
-0.804548
-0.786405
-0.806176
-0.799454
-0.812773
-0.755773
-0.675438
-0.618670
-0.553549
-0.596173
-0.683223
-0.757167
-0.857763
-0.931477
-1.004854
-1.106875
-1.218079
-1.269891
-1.303769
-1.349941
-1.386651
-1.455044
-1.533784
-1.601462
-1.672637
-1.677585
-1.654821
-1.638445
-1.604787
-1.587145
-1.568895
-1.532116
-1.488865
-1.478712
-1.477648
-1.468308
-1.463212
-1.438411
-1.406337
-1.379440
-1.349250
-1.138026
-0.848778
-0.563968
-0.225315
0.070973
0.373997
0.734549
1.118251
1.440170
1.752741
2.092395
2.432651
2.827020
3.247563
3.666610
4.103017
4.031087
3.750838
3.510464
3.135608
2.899913
2.664632
2.284456
1.857558
1.650488
1.499718
1.289952
1.104744
0.778568
0.397672
0.047807
-0.329425
-0.476503
-0.535190
-0.631881
-0.678952
-0.798230
-0.929004
-1.005601
-1.072178
-1.276505
-1.529014
-1.764781
-2.030588
-2.237225
-2.430989
-2.658268
-2.887511
-2.775930
-2.523799
-2.288661
-1.958801
-1.723547
-1.485959
-1.146373
-0.772311
-0.522243
-0.297979
-0.031869
0.226824
0.578785
0.971387
1.352623
1.757944
1.989221
2.156526
2.356176
2.521182
2.747630
2.987412
3.188939
3.386943
3.691798
4.036417
4.372477
4.734844
5.056448
5.372129
5.716731
6.066546
5.888397
5.491105
5.122204
4.606785
4.233029
3.853897
3.317211
2.725968
2.335530
1.988284
1.574652
1.174277
0.626357
0.014840
-0.577120
-1.206185
-1.581659
-1.864548
-2.196625
-2.479392
-2.852673
-3.246570
-3.585910
-3.921283
-4.416255
-4.971499
-5.515321
-6.099426
-6.624642
-7.142468
-7.704444
-8.275506
-8.094899
-7.603393
-7.154052
-6.497367
-6.044833
-5.586466
-4.904995
-4.147477
-3.677841
-3.271438
-2.772128
-2.293402
-1.606028
-0.829683
-0.082904
0.715082
1.148650
1.448026
1.815886
2.111414
2.534584
2.985421
3.356422
3.719935
4.309739
4.983865
5.639848
6.351587
6.977328
7.590684
8.265321
8.951123
8.843892
8.410948
8.024242
7.420602
7.038265
6.653331
6.034660
5.338751
4.945748
4.620685
4.200750
3.804359
3.191350
2.487156
1.815921
1.093042
0.766870
0.588783
0.340394
0.173494
-0.128268
-0.456670
-0.695461
-0.922888
-1.390253
-1.944895
-2.476716
-3.065133
-3.557647
-4.033460
-4.571813
-5.118795
-5.210315
-5.118702
-5.056157
-4.871933
-4.825142
-4.782886
-4.608977
-4.395729
-4.353775
-4.352330
-4.301730
-4.267336
-4.114684
-3.914103
-3.735006
-3.530068
-3.575243
-3.717005
-3.821405
-3.981653
-4.063409
-4.133983
-4.265457
-4.409293
-4.412476
-4.368054
-4.342976
-4.288927
-4.298983
-4.324788
-4.317992
-4.311493
-4.104579
-3.809075
-3.522261
-3.176408
-2.869607
-2.552675
-2.173013
-1.766048
-1.442539
-1.135103
-0.795306
-0.458109
-0.056066
0.375777
0.802390
1.247610
1.609046
1.942998
2.299782
2.644528
3.025524
3.418719
3.798074
4.181095
4.626751
5.099310
5.572854
6.066056
6.543345
7.023180
7.524058
8.033398
8.012084
7.771171
7.562065
7.207396
6.995723
6.780050
6.407781
5.982148
5.765342
5.595802
5.360773
5.142142
4.775432
4.346465
3.940336
3.499070
3.308752
3.211164
3.066564
2.971989
2.790380
2.590203
2.445189
2.305729
2.010075
1.656405
1.315657
0.936681
0.617445
0.307081
-0.045328
-0.405143
-0.616942
-0.773682
-0.944806
-1.080575
-1.271888
-1.471790
-1.632814
-1.787202
-1.999693
-2.229681
-2.449986
-2.680521
-2.878998
-3.067603
-3.268104
-3.465646
-3.764072
-4.105296
-4.439202
-4.800733
-5.138602
-5.478573
-5.848102
-6.228688
-6.563785
-6.887836
-7.225530
-7.559035
-7.922890
-8.299139
-8.669853
-9.047235
-8.988752
-8.747348
-8.531595
-8.194883
-7.968477
-7.735038
-7.371835
-6.961803
-6.728039
-6.533592
-6.282038
-6.043273
-5.678566
-5.260217
-4.860084
-4.429229
-4.186960
-4.012467
-3.798184
-3.618701
-3.370069
-3.104108
-2.876836
-2.650583
-2.299783
-1.900563
-1.508075
-1.082574
-0.699903
-0.320697
0.094476
0.518795
0.734430
0.869366
1.023052
1.124801
1.296609
1.475874
1.598505
1.707951
1.902544
2.121192
2.322070
2.535676
2.699148
2.845371
3.006789
3.161281
3.439416
3.768524
4.085252
4.433691
4.750211
5.066698
5.417290
5.778999
6.079519
6.362825
6.660547
6.949858
7.274751
7.612370
7.939860
8.272773
8.307345
8.216441
8.143932
7.988860
7.908187
7.822427
7.648139
7.441677
7.358690
7.303790
7.209556
7.124824
6.953177
6.744835
6.549763
6.333938
6.242957
6.196776
6.123836
6.073722
5.977808
5.870268
5.788120
5.706480
5.541449
5.343861
5.150595
4.935082
4.747926
4.562868
4.353592
4.137997
3.965657
3.806197
3.638138
3.477036
3.292195
3.099604
2.915169
2.728060
2.520021
2.302689
2.083554
1.857080
1.635624
1.412674
1.181897
0.947619
0.672001
0.376323
0.078742
-0.233425
-0.541220
-0.854192
-1.182468
-1.519218
-1.844217
-2.169807
-2.504798
-2.842822
-3.196285
-3.558734
-3.923732
-4.295660
-4.491248
-4.615321
-4.754192
-4.847174
-4.990210
-5.134606
-5.229458
-5.309168
-5.465894
-5.643048
-5.800812
-5.968053
-6.087429
-6.188826
-6.301944
-6.406555
-6.593948
-6.813818
-7.021407
-7.247755
-7.449559
-7.648409
-7.867639
-8.091557
-8.267947
-8.428469
-8.596056
-8.754180
-8.934388
-9.120305
-9.295531
-9.471222
-9.442408
-9.325663
-9.218132
-9.051661
-8.931998
-8.805607
-8.616259
-8.401926
-8.267868
-8.149593
-8.001493
-7.856598
-7.649742
-7.414865
-7.185741
-6.939373
-6.773548
-6.634521
-6.474217
-6.325947
-6.143653
-5.950268
-5.770638
-5.588060
-5.346135
-5.079034
-4.811549
-4.525819
-4.255856
-3.984010
-3.692595
-3.393640
-3.202723
-3.052170
-2.888998
-2.750813
-2.573433
-2.389747
-2.233516
-2.081862
-1.881841
-1.666291
-1.457783
-1.239873
-1.046278
-0.859369
-0.661735
-0.465245
-0.202137
0.089916
0.377997
0.685007
0.978019
1.273524
1.589195
1.913134
2.207679
2.495726
2.793759
3.089883
3.406995
3.733201
4.056605
4.385301
4.540580
4.624254
4.720860
4.771051
4.867432
4.963085
5.008801
5.037820
5.141342
5.263454
5.364671
5.473597
5.533685
5.574393
5.625021
5.665617
5.782564
5.928348
6.060533
6.208531
6.331564
6.449944
6.585661
6.723931
6.815058
6.889158
6.968071
7.036061
7.123114
7.213668
7.292132
7.369110
7.468209
7.574743
7.678691
7.787364
7.885630
7.981408
8.082506
8.183600
8.276727
8.367027
8.457707
8.546381
8.638588
8.731398
8.821981
8.912274
8.982822
9.044597
9.106905
9.163238
9.223414
9.282482
9.335203
9.385110
9.442502
9.501088
9.556389
9.611644
9.660524
9.706321
9.752320
9.796285
9.686857
9.511229
9.340111
9.123647
8.942530
8.755680
8.520402
8.265574
8.065261
7.873854
7.659475
7.445268
7.184841
6.902395
6.621937
6.327113
6.097348
5.888744
5.662478
5.445503
5.199832
4.944434
4.699750
4.452028
4.156272
3.839789
3.522317
3.189624
2.868953
2.546160
2.207085
1.861361
1.650081
1.491166
1.319441
1.181042
0.998872
0.812338
0.662087
0.520594
0.321458
0.105742
-0.098134
-0.310846
-0.490397
-0.658725
-0.837535
-1.012034
-1.261462
-1.541863
-1.814653
-2.106654
-2.379589
-2.652608
-2.946274
-3.246746
-3.509665
-3.761982
-4.023127
-4.279084
-4.556778
-4.842224
-5.121432
-5.403921
-5.574406
-5.698111
-5.829991
-5.931568
-6.061513
-6.190192
-6.286345
-6.371069
-6.504700
-6.650342
-6.781785
-6.917995
-7.021780
-7.112500
-7.209437
-7.299465
-7.435346
-7.588158
-7.731889
-7.884545
-8.021454
-8.154884
-8.298160
-8.442327
-8.556702
-8.659860
-8.765304
-8.863310
-8.972349
-9.082839
-9.185171
-9.285881
-9.372484
-9.451461
-9.529302
-9.601592
-9.673316
-9.742077
-9.805108
-9.864251
-9.927967
-9.991200
-10.050167
-10.107577
-10.158493
-10.205464
-10.251069
-10.293556
-10.334848
-10.374025
-10.410016
-10.443533
-10.473996
-10.501662
-10.526874
-10.549408
-10.567701
-10.582675
-10.595041
-10.604291
-10.611310
-10.615644
-10.616829
-10.615180
-10.519188
-10.381392
-10.244704
-10.078908
-9.932375
-9.780515
-9.597701
-9.401259
-9.236551
-9.075683
-8.899093
-8.720973
-8.513001
-8.289945
-8.066468
-7.832581
-7.635158
-7.448327
-7.249145
-7.053533
-6.839157
-6.617162
-6.399573
-6.178302
-5.926677
-5.660877
-5.392608
-5.113433
-4.839483
-4.562384
-4.273749
-3.979283
-3.852715
-3.793634
-3.721185
-3.692453
-3.614039
-3.533556
-3.500363
-3.481060
-3.391736
-3.284135
-3.194308
-3.096065
-3.042134
-3.004996
-2.957376
-2.917858
-2.793114
-2.634794
-2.488452
-2.322448
-2.181574
-2.043447
-1.883978
-1.719376
-1.602292
-1.500762
-1.391700
-1.291754
-1.169019
-1.040061
-0.921462
-0.801942
-0.658110
-0.504598
-0.351262
-0.190892
-0.038674
0.113352
0.273012
0.434966
0.591595
0.747841
0.906752
1.066055
1.231111
1.399080
1.567227
1.737424
1.889863
2.035725
2.184477
2.329496
2.480805
2.633346
2.781775
2.929697
3.087564
3.248989
3.409429
3.572170
3.730783
3.888614
4.048997
4.209663
4.352913
4.489156
4.626462
4.759092
4.896982
5.035030
5.168021
5.299490
5.437396
5.576793
5.714297
5.852377
5.985939
6.117648
6.250133
6.381600
6.522721
6.667555
6.810926
6.956438
7.098885
7.240876
7.385202
7.529984
7.669319
7.806796
7.944998
8.082062
8.221579
8.361685
8.500511
8.639329
8.710060
8.751680
8.796217
8.821143
8.862187
8.901209
8.919258
8.929143
8.964972
9.005793
9.036877
9.068904
9.080633
9.083137
9.087415
9.085975
9.112974
9.149582
9.179060
9.213017
9.235233
9.253798
9.277449
9.300311
9.302872
9.296964
9.291154
9.279267
9.273094
9.266515
9.253400
9.237919
9.255736
9.285921
9.312169
9.346064
9.367685
9.387251
9.415230
9.444525
9.458960
9.468580
9.480270
9.489011
9.505133
9.523232
9.537976
9.553001
9.547082
9.532027
9.518140
9.498250
9.482692
9.466289
9.443494
9.418043
9.401702
9.387316
9.369736
9.352677
9.328982
9.302370
9.276558
9.249017
9.215195
9.177974
9.139241
9.097607
9.056110
9.013152
8.967173
8.919239
8.870714
8.820702
8.768667
8.715011
8.658748
8.600401
8.540473
8.478621
8.418928
8.359085
8.297144
8.234468
8.168980
8.101728
8.033822
7.964512
7.891658
7.816570
7.740177
7.661807
7.582777
7.502403
7.420000
7.336033
7.236287
7.128879
7.020518
6.906489
6.794203
6.679903
6.559653
6.436113
6.316474
6.196323
6.072550
5.947408
5.816430
5.681944
5.546265
5.407815
5.273590
5.139739
5.002828
4.865238
4.723658
4.579738
4.435262
4.289030
4.137033
3.981701
3.824796
3.665048
3.504879
3.343033
3.178249
3.011385
2.876131
2.753041
2.626411
2.507322
2.377724
2.246814
2.124135
2.003231
1.867740
1.727747
1.590285
1.450246
1.317896
1.187877
1.054879
0.922520
0.772874
0.615856
0.460221
0.299890
0.143454
-0.013379
-0.175231
-0.338991
-0.494530
-0.647997
-0.803835
-0.958839
-1.119146
-1.281571
-1.442924
-1.605374
-1.784913
-1.972123
-2.159724
-2.352896
-2.542633
-2.733561
-2.930407
-3.129965
-3.325087
-3.520219
-3.718397
-3.917406
-4.121828
-4.329264
-4.537352
-4.747703
-4.950594
-5.151439
-5.354955
-5.557857
-5.764895
-5.973688
-6.181690
-6.390616
-6.605838
-6.824087
-7.043015
-7.264317
-7.484724
-7.705933
-7.929644
-8.154702
-8.278313
-8.359656
-8.446786
-8.505828
-8.591493
-8.675936
-8.730202
-8.773875
-8.857380
-8.949673
-9.029043
-9.111251
-9.164731
-9.205948
-9.251238
-9.289473
-9.374343
-9.476182
-9.568739
-9.670237
-9.755014
-9.835884
-9.926656
-10.018040
-10.079593
-10.129788
-10.181981
-10.226544
-10.281902
-10.338489
-10.386727
-10.433133
-10.490561
-10.550937
-10.608873
-10.668320
-10.720851
-10.770889
-10.822769
-10.873532
-10.919101
-10.962130
-11.004242
-11.044224
-11.084970
-11.124947
-11.162678
-11.199173
-11.223329
-11.241417
-11.258741
-11.271590
-11.285592
-11.297906
-11.305533
-11.310495
-11.318639
-11.326391
-11.331212
-11.334940
-11.333975
-11.330192
-11.325455
-11.318495
-11.326117
-11.338802
-11.348549
-11.360962
-11.367459
-11.372377
-11.380286
-11.388102
-11.387070
-11.382545
-11.378329
-11.371671
-11.367973
-11.364423
-11.358220
-11.351270
-11.335802
-11.316077
-11.295926
-11.272698
-11.250034
-11.226122
-11.198996
-11.169978
-11.143579
-11.117067
-11.088457
-11.059180
-11.026518
-10.991880
-10.956681
-10.919958
-10.924468
-10.945749
-10.963671
-10.992389
-11.009504
-11.026387
-11.054918
-11.087069
-11.101359
-11.110979
-11.125209
-11.137319
-11.160679
-11.188320
-11.213320
-11.240394
-11.248202
-11.248505
-11.251764
-11.250724
-11.255511
-11.261076
-11.261962
-11.261839
-11.272909
-11.287772
-11.301072
-11.316668
-11.327190
-11.336464
-11.348323
-11.360159
-11.292669
-11.191689
-11.094126
-10.973923
-10.873717
-10.771771
-10.645554
-10.510312
-10.404350
-10.304046
-10.192944
-10.083001
-9.950146
-9.806941
-9.665837
-9.518352
-9.407087
-9.308467
-9.201696
-9.101216
-8.986581
-8.868007
-8.756492
-8.644637
-8.508406
-8.362391
-8.217130
-8.065024
-7.920638
-7.776408
-7.624766
-7.470861
-7.351671
-7.245408
-7.135246
-7.033159
-6.918289
-6.801349
-6.693289
-6.586683
-6.465047
-6.338638
-6.214454
-6.087388
-5.968014
-5.850797
-5.730283
-5.610192
-5.467947
-5.316125
-5.165669
-5.008961
-4.857029
-4.704344
-4.544992
-4.382955
-4.230699
-4.080642
-3.927331
-3.774701
-3.615164
-3.452662
-3.291137
-3.127907
-3.035778
-2.973206
-2.905811
-2.857744
-2.791126
-2.725160
-2.679963
-2.641945
-2.574165
-2.499285
-2.433285
-2.364583
-2.316118
-2.275937
-2.232158
-2.192874
-2.122468
-2.040546
-1.964589
-1.882479
-1.811060
-1.741937
-1.666031
-1.589447
-1.532627
-1.483180
-1.432126
-1.385936
-1.332269
-1.277529
-1.228134
-1.179720
-1.092663
-0.990190
-0.890440
-0.780532
-0.682529
-0.585119
-0.476704
-0.365143
-0.268505
-0.175576
-0.078662
0.016630
0.121818
0.230879
0.337864
0.446830
0.534380
0.613526
0.695628
0.772782
0.856367
0.940682
1.019622
1.097297
1.186696
1.279921
1.371289
1.464902
1.552862
1.639271
1.728232
1.816954
1.909642
2.004175
2.098310
2.193561
2.288394
2.383531
2.479837
2.576738
2.671179
2.764976
2.859504
2.953782
3.049569
3.145958
3.242029
3.338405
3.434848
3.531428
3.628320
3.725416
3.822688
3.920163
4.017845
4.115729
4.214152
4.312921
4.411877
4.511132
4.610508
4.710095
4.809989
4.910124
5.005266
5.098430
5.192062
5.284437
5.378343
5.472361
5.565015
5.657304
5.751794
5.846905
5.941532
6.036477
6.130133
6.223338
6.316925
6.410325
6.506278
6.603271
6.699964
6.797287
6.893932
6.990551
7.087850
7.185354
7.281511
7.377263
7.473292
7.569105
7.665643
7.762418
7.858941
7.955545
8.029723
8.094371
8.160068
8.219369
8.284109
8.348277
8.405600
8.460318
8.523676
8.588765
8.650731
8.713093
8.768845
8.821640
8.875105
8.926771
8.987988
9.052497
9.114735
9.178562
9.238580
9.297482
9.358174
9.418702
9.472586
9.523756
9.575056
9.624436
9.675811
9.727150
9.776417
9.824995
9.875988
9.927466
9.978112
10.028887
10.077804
10.125903
10.174208
10.222022
10.268294
10.313701
10.358667
10.402877
10.447060
10.490831
10.533817
10.576272
10.615647
10.653379
10.690689
10.726724
10.762770
10.798178
10.832263
10.865486
10.899198
10.932575
10.965030
10.996986
11.027613
11.057345
11.086611
11.115118
11.153560
11.195824
11.236870
11.280242
11.320349
11.360029
11.402247
11.444998
11.482893
11.519240
11.556369
11.592591
11.631259
11.670625
11.708953
11.747425
11.780742
11.811822
11.843266
11.873271
11.904350
11.935249
11.964615
11.993359
12.024515
12.056243
12.087211
12.118378
12.147913
12.176765
12.205889
12.234636
12.257300
12.277227
12.297028
12.314849
12.333872
12.352466
12.368958
12.384481
12.401630
12.418795
12.434871
12.450663
12.464514
12.477292
12.489851
12.501608
12.515946
12.530984
12.545079
12.559373
12.572221
12.584447
12.596935
12.609090
12.619035
12.627911
12.636539
12.644328
12.652417
12.660215
12.667128
12.673561
12.666578
12.653569
12.640633
12.623484
12.608868
12.593363
12.573388
12.551362
12.533823
12.516758
12.497342
12.477622
12.453538
12.427204
12.400727
12.372673
12.349418
12.327451
12.303644
12.280165
12.253994
12.226637
12.199722
12.172153
12.140277
12.106309
12.071853
12.035754
12.000219
11.964101
11.926254
11.887457
11.854668
11.823808
11.791692
11.760582
11.726601
11.691736
11.658025
11.624089
11.586758
11.547999
11.509162
11.469262
11.430320
11.391279
11.351097
11.310485
11.265324
11.217906
11.170229
11.120903
11.071930
11.022307
10.970960
10.918611
10.867547
10.816376
10.764101
10.711441
10.657008
10.601524
10.545710
10.489075
10.431909
10.374096
10.315454
10.256101
10.196004
10.135170
10.073625
10.011353
9.948039
9.883866
9.818979
9.753277
9.686928
9.619846
9.551942
9.483275
9.414036
9.344109
9.273412
9.202003
9.129769
9.056768
8.983060
8.908606
8.833331
8.757283
8.680492
8.602934
8.524659
8.445642
8.365857
8.285321
8.203340
8.120311
8.036561
7.951860
7.866572
7.780512
7.693487
7.605628
7.517284
7.428240
7.338346
7.247711
7.156117
7.063678
6.970507
6.876527
6.782082
6.686984
6.591062
6.494434
6.396937
6.298651
6.199665
6.099920
5.999218
5.897679
5.795389
5.692287
5.588492
5.483941
5.378572
5.272428
5.222751
5.196650
5.167305
5.153607
5.125240
5.097620
5.086805
5.081936
5.054723
5.022569
4.997668
4.971172
4.960757
4.957206
4.951367
4.949475
4.922043
4.885353
4.853830
4.817462
4.790311
4.765358
4.735034
4.704431
4.690309
4.682500
4.673648
4.669056
4.658585
4.647498
4.641066
4.635704
4.613749
4.585729
4.559568
4.529599
4.506065
4.483679
4.457090
4.429931
4.409683
4.391663
4.372723
4.355168
4.334133
4.312170
4.291782
4.271261
4.262165
4.258035
4.253288
4.251814
4.247919
4.244463
4.244495
4.245961
4.242547
4.238098
4.235371
4.232375
4.232963
4.235132
4.236883
4.239575
4.156839
4.038151
3.924118
3.786172
3.669703
3.551660
3.407973
3.254913
3.135664
3.023693
2.900356
2.779175
2.633239
2.476578
2.323124
2.163388
2.040874
1.931595
1.814233
1.703574
1.578944
1.450654
1.329843
1.209018
1.063348
0.907892
0.753554
0.592475
0.439664
0.287331
0.127672
-0.034005
-0.152730
-0.254901
-0.361070
-0.456635
-0.566723
-0.678446
-0.778597
-0.876128
-0.991420
-1.111815
-1.228640
-1.348219
-1.457536
-1.563399
-1.672526
-1.780336
-1.913628
-2.057490
-2.198917
-2.346960
-2.488569
-2.630283
-2.779103
-2.930315
-3.069064
-3.204385
-3.342774
-3.479544
-3.623728
-3.770634
-3.915566
-4.061719
-4.157411
-4.231993
-4.310000
-4.374228
-4.451247
-4.527615
-4.589196
-4.645534
-4.723304
-4.806170
-4.882567
-4.960870
-5.024583
-5.082296
-5.142559
-5.199550
-5.277664
-5.363503
-5.445065
-5.530664
-5.608830
-5.685273
-5.766181
-5.847394
-5.914813
-5.976978
-6.040090
-6.099681
-6.164252
-6.229391
-6.290680
-6.351124
-6.440292
-6.540877
-6.639319
-6.745242
-6.842243
-6.938725
-7.043319
-7.150177
-7.245729
-7.338390
-7.433946
-7.528182
-7.629736
-7.734092
-7.836789
-7.940868
-8.029043
-8.110922
-8.194905
-8.275149
-8.360049
-8.445402
-8.526700
-8.606977
-8.695846
-8.787462
-8.877620
-8.969355
-9.056823
-9.143060
-9.231102
-9.318883
-9.359674
-9.380540
-9.403176
-9.412253
-9.433024
-9.452604
-9.457657
-9.457209
-9.473646
-9.493151
-9.506119
-9.519530
-9.519290
-9.512757
-9.507221
-9.497714
-9.509705
-9.529088
-9.543442
-9.561397
-9.570703
-9.577483
-9.588323
-9.598792
-9.594558
-9.584322
-9.574369
-9.560166
-9.550404
-9.540569
-9.526147
-9.510209
-9.513954
-9.524879
-9.533349
-9.546224
-9.551515
-9.555384
-9.564120
-9.573457
-9.573987
-9.571566
-9.570186
-9.566934
-9.567851
-9.569775
-9.569589
-9.569419
-9.556239
-9.537307
-9.518936
-9.496731
-9.477059
-9.456727
-9.432321
-9.406141
-9.368302
-9.324239
-9.278810
-9.228648
-9.308832
-9.442115
-9.564868
-9.721827
-9.154210
-8.293202
-8.955310
-10.051289
-9.869394
-9.508366
-9.663668
-9.819410
-9.871069
-9.933321
-10.004619
-10.073709
-10.162959
-10.260709
-10.355376
-10.454850
-10.523366
-10.580634
-10.644188
-10.701868
-10.770649
-10.842067
-10.906975
-10.971524
-11.056159
-11.148485
-11.239521
-11.335738
-11.424784
-11.513070
-11.607019
-11.702262
-11.662083
-11.565489
-11.476117
-11.349043
-11.257735
-11.164742
-11.031235
-10.883487
-10.787577
-10.702759
-10.600642
-10.501852
-10.364874
-10.211375
-10.062828
-9.904603
-9.810060
-9.738602
-9.654420
-9.582384
-9.487291
-9.386732
-9.299639
-9.213275
-9.086242
-8.943673
-8.803716
-8.653285
-8.517461
-8.383220
-8.237527
-8.089250
-8.143503
-8.281508
-8.408014
-8.590322
-8.717628
-8.846463
-9.035341
-9.244660
-9.376093
-9.490322
-9.629546
-9.763096
-9.952873
-10.166564
-10.372155
-10.591460
-10.712821
-10.798076
-10.901685
-10.985814
-11.104156
-11.229870
-11.334088
-11.436238
-11.599164
-11.784703
-11.965310
-12.160851
-12.333224
-12.502216
-12.687627
-12.875986
-12.885420
-12.821844
-12.769164
-12.667960
-12.617873
-12.567950
-12.465680
-12.346626
-12.296012
-12.261111
-12.205468
-12.155611
-12.057577
-11.939560
-11.829444
-11.708223
-11.678766
-11.683987
-11.673820
-11.683072
-11.662005
-11.635507
-11.630297
-11.628390
-11.572269
-11.496883
-11.427422
-11.345714
-11.286679
-11.232181
-11.164074
-11.094703
-11.116797
-11.175776
-11.229394
-11.307702
-11.358535
-11.408680
-11.485525
-11.570498
-11.622065
-11.666052
-11.720108
-11.771357
-11.846409
-11.931340
-12.012421
-12.099013
-12.134896
-12.151377
-12.175719
-12.188944
-12.218493
-12.250609
-12.270577
-12.288308
-12.334877
-12.391383
-12.444232
-12.503235
-12.549477
-12.592784
-12.642984
-12.693389
-12.711151
-12.715850
-12.722224
-12.719733
-12.727431
-12.735488
-12.733941
-12.729555
-12.736236
-12.745278
-12.750828
-12.757170
-12.755262
-12.749843
-12.745573
-12.739274
-12.752455
-12.773095
-12.790803
-12.812822
-12.828554
-12.843319
-12.862795
-12.883157
-12.892657
-12.898448
-12.905662
-12.910593
-12.920413
-12.931394
-12.939812
-12.948202
-12.937197
-12.917655
-12.898898
-12.874423
-12.853851
-12.832343
-12.804752
-12.774547
-12.752192
-12.731308
-12.707331
-12.683560
-12.653591
-12.620754
-12.588371
-12.554181
-12.526405
-12.500558
-12.472568
-12.445250
-12.414813
-12.383138
-12.352274
-12.320846
-12.283997
-12.244662
-12.204982
-12.163417
-12.122880
-12.081860
-12.038842
-11.994855
-11.969192
-11.950661
-11.930322
-11.914496
-11.892712
-11.870318
-11.852837
-11.836531
-11.812219
-11.785571
-11.760522
-11.734212
-11.712429
-11.692151
-11.670383
-11.649167
-11.617865
-11.582372
-11.547872
-11.510763
-11.476169
-11.441528
-11.404086
-11.365696
-11.332331
-11.300364
-11.267177
-11.234658
-11.199184
-11.162635
-11.126896
-11.090685
-11.061835
-11.035983
-11.009330
-10.984522
-10.957728
-10.930869
-10.905998
-10.881731
-10.853748
-10.824678
-10.796410
-10.767580
-10.740820
-10.714763
-10.688041
-10.661585
-10.632246
-10.601735
-10.571618
-10.540814
-10.510759
-10.480742
-10.449985
-10.419010
-10.389700
-10.360917
-10.331832
-10.303041
-10.273418
-10.243547
-10.214015
-10.184422
-10.149398
-10.112069
-10.074915
-10.036181
-9.998809
-9.961295
-9.922088
-9.882237
-9.844261
-9.806601
-9.768181
-9.729785
-9.689819
-9.649115
-9.608498
-9.567405
-9.528876
-9.491224
-9.452970
-9.415143
-9.376273
-9.337095
-9.298399
-9.259653
-9.219158
-9.177947
-9.136764
-9.095072
-9.053903
-9.012720
-8.970988
-8.929071
-8.872806
-8.810291
-8.748200
-8.681840
-8.618620
-8.554782
-8.486393
-8.416111
-8.351067
-8.286882
-8.220475
-8.154080
-8.083261
-8.010329
-7.937583
-7.863457
-7.794989
-7.728302
-7.659944
-7.592309
-7.522060
-7.450860
-7.380508
-7.309795
-7.234692
-7.157643
-7.080415
-7.001734
-6.924033
-6.846049
-6.766517
-6.686298
-6.642063
-6.612653
-6.580968
-6.559072
-6.527336
-6.495759
-6.474723
-6.457204
-6.425370
-6.390208
-6.359389
-6.327343
-6.305256
-6.287292
-6.267663
-6.250312
-6.215775
-6.174817
-6.136945
-6.095557
-6.059978
-6.025550
-5.987257
-5.948473
-5.920203
-5.895767
-5.870339
-5.847400
-5.820285
-5.792453
-5.767369
-5.742676
-5.723319
-5.706707
-5.690291
-5.675811
-5.661233
-5.647542
-5.635860
-5.625437
-5.613005
-5.600521
-5.589444
-5.578728
-5.570291
-5.563141
-5.556279
-5.550383
-5.544534
-5.539188
-5.534844
-5.531166
-5.528473
-5.526618
-5.525418
-5.524994
-5.526040
-5.528143
-5.530991
-5.534807
-5.539195
-5.544359
-5.550506
-5.557497
-5.508253
-5.435581
-5.366214
-5.281320
-5.211152
-5.140324
-5.052814
-4.959457
-4.888425
-4.822387
-4.749200
-4.677675
-4.590202
-4.495965
-4.404080
-4.308336
-4.238202
-4.177406
-4.111531
-4.050583
-3.980503
-3.908308
-3.841566
-3.775187
-3.692427
-3.603444
-3.515586
-3.423555
-3.337483
-3.252109
-3.162169
-3.071245
-3.036645
-3.025066
-3.010003
-3.010209
-2.994453
-2.978691
-2.979397
-2.985416
-2.969663
-2.948880
-2.934667
-2.918587
-2.917753
-2.923227
-2.926163
-2.932590
-2.910549
-2.877762
-2.849795
-2.815830
-2.791288
-2.768454
-2.739042
-2.708630
-2.695129
-2.687659
-2.678371
-2.672928
-2.660458
-2.646607
-2.637023
-2.627864
-2.594304
-2.551012
-2.509246
-2.460984
-2.420326
-2.380022
-2.332678
-2.283310
-2.242849
-2.204484
-2.163584
-2.123530
-2.077289
-2.028542
-1.980919
-1.931944
-1.897040
-1.867609
-1.836182
-1.807960
-1.775393
-1.742267
-1.712631
-1.683758
-1.647156
-1.607993
-1.569980
-1.530439
-1.494542
-1.459600
-1.422928
-1.386354
-1.345534
-1.302771
-1.260277
-1.216538
-1.173398
-1.129959
-1.085206
-1.039817
-0.996580
-0.953820
-0.910299
-0.866907
-0.821998
-0.776424
-0.731041
-0.685267
-0.640078
-0.594974
-0.549442
-0.503830
-0.457766
-0.411427
-0.365021
-0.318409
-0.270907
-0.222922
-0.174762
-0.126208
-0.077656
-0.028902
0.020261
0.069694
0.115169
0.159128
0.203540
0.247015
0.291827
0.336817
0.380783
0.424539
0.470125
0.516283
0.562136
0.608321
0.653555
0.698507
0.743842
0.789107
0.836575
0.884988
0.933237
0.982092
1.030462
1.078893
1.127971
1.177301
1.225601
1.273651
1.322011
1.370276
1.419224
1.468450
1.517552
1.566804
1.607426
1.644433
1.681966
1.717115
1.754461
1.791679
1.826339
1.860084
1.897351
1.935416
1.972362
2.009578
2.044308
2.077987
2.112045
2.145509
2.182707
2.221255
2.259031
2.297505
2.334629
2.371425
2.408996
2.446600
2.481757
2.515970
2.550328
2.584048
2.618626
2.653285
2.687246
2.721040
2.759389
2.799524
2.839283
2.880202
2.919647
2.958969
2.999552
3.040457
3.079535
3.118119
3.157126
3.195889
3.235779
3.276078
3.316079
3.356263
3.393837
3.430354
3.467173
3.503347
3.540239
3.577166
3.613398
3.649427
3.686804
3.724586
3.762094
3.799817
3.836814
3.873573
3.910585
3.947515
3.995299
4.047689
4.099530
4.154445
4.206728
4.259274
4.315112
4.372194
4.424997
4.476913
4.530327
4.583510
4.639894
4.697691
4.755122
4.813399
4.867124
4.919270
4.972485
5.024932
5.079168
5.133919
5.187806
5.241758
5.298864
5.357252
5.415562
5.474774
5.533020
5.591269
5.650493
5.710031
5.747185
5.775066
5.804245
5.827260
5.856292
5.885133
5.907345
5.927284
5.955942
5.986543
6.014363
6.042832
6.065049
6.084616
6.105103
6.124078
6.153675
6.187180
6.218669
6.252256
6.282122
6.311174
6.342543
6.374122
6.399060
6.421516
6.444495
6.465829
6.489671
6.513865
6.536252
6.558302
6.584409
6.611893
6.638838
6.666628
6.692571
6.718068
6.744515
6.770962
6.795748
6.819928
6.844187
6.868020
6.892541
6.917164
6.941317
6.965390
6.986110
7.005317
7.024583
7.042808
7.061631
7.080226
7.097719
7.114701
7.132926
7.151324
7.169129
7.186895
7.203546
7.219640
7.235738
7.251457
7.253092
7.248556
7.244237
7.235627
7.230078
7.223845
7.213039
7.200292
7.192248
7.184810
7.175124
7.165262
7.151054
7.134676
7.118287
7.100416
7.088379
7.078129
7.066093
7.054752
7.040599
7.025386
7.010999
6.996170
6.976766
6.955296
6.933571
6.910286
6.887942
6.865241
6.840881
6.815748
6.814903
6.823855
6.830945
6.844406
6.850749
6.856852
6.869841
6.884895
6.889929
6.892396
6.897487
6.901429
6.911821
6.924696
6.936127
6.948789
6.949177
6.944766
6.942149
6.936746
6.935044
6.933800
6.929528
6.924573
6.926552
6.930842
6.934102
6.938741
6.940144
6.940707
6.942829
6.944878
6.983270
7.037256
7.089613
7.152432
7.206839
7.262397
7.329135
7.400279
7.457251
7.511440
7.570890
7.629774
7.699612
7.774403
7.848178
7.925001
7.987258
8.044638
8.105793
8.164727
8.229755
8.296736
8.361184
8.426114
8.501660
8.581680
8.661722
8.744994
8.825382
8.906059
8.990205
9.075656
9.102550
9.105507
9.112369
9.103474
9.111054
9.118674
9.109304
9.094468
9.103012
9.117143
9.124473
9.134003
9.127597
9.114720
9.104755
9.091308
9.106674
9.132977
9.154457
9.182061
9.200280
9.216865
9.240156
9.264540
9.271813
9.273028
9.276166
9.275471
9.281978
9.289956
9.293671
9.297025
9.310345
9.327284
9.343385
9.361881
9.376335
9.390102
9.406516
9.423307
9.436732
9.449181
9.462186
9.474615
9.489012
9.504035
9.518380
9.532939
9.539709
9.543194
9.547231
9.549137
9.552929
9.556584
9.557957
9.558494
9.562464
9.567262
9.571029
9.575108
9.576881
9.577709
9.578953
9.579686
9.590568
9.605574
9.619617
9.636258
9.650083
9.663824
9.680368
9.697768
9.710428
9.721769
9.734222
9.746028
9.760634
9.776245
9.791075
9.806340
9.817193
9.826289
9.836020
9.844731
9.854686
9.864759
9.873727
9.882413
9.893638
9.905695
9.917341
9.929470
9.940385
9.950965
9.962094
9.973173
9.977804
9.979726
9.981877
9.982174
9.984151
9.985999
9.985856
9.984984
9.986335
9.988078
9.988955
9.989882
9.988983
9.987240
9.985620
9.983464
9.984477
9.986600
9.988032
9.990026
9.990785
9.991207
9.992259
9.993290
9.992238
9.990355
9.988547
9.986161
9.984450
9.982764
9.980451
9.977955
9.961363
9.938621
9.916293
9.889765
9.866293
9.842198
9.813628
9.783186
9.757904
9.733468
9.706835
9.680209
9.649221
9.616147
9.583251
9.548993
9.520224
9.493171
9.464471
9.436456
9.405881
9.374364
9.343652
9.312571
9.277192
9.239895
9.202408
9.163486
9.125501
9.087223
9.047418
9.006924
9.028584
9.076205
9.120422
9.181937
9.227272
9.273469
9.338243
9.409612
9.456794
9.498744
9.548710
9.597075
9.663113
9.736768
9.808067
9.883805
9.931066
9.968042
10.010821
10.048234
10.096018
10.146315
10.190657
10.234740
10.297218
10.366771
10.435217
10.508454
10.575191
10.641291
10.712623
10.785194
10.801641
10.795343
10.792789
10.775226
10.774017
10.773130
10.756032
10.733917
10.733757
10.738870
10.737716
10.738691
10.724735
10.704759
10.687581
10.667192
10.675860
10.695684
10.710952
10.732587
10.744998
10.755984
10.773923
10.793175
10.795682
10.792416
10.791288
10.786591
10.789287
10.793682
10.794082
10.794360
10.789475
10.781912
10.774415
10.765145
10.755808
10.745618
10.733596
10.720388
10.709843
10.699681
10.688161
10.676526
10.662576
10.647443
10.632280
10.616303
10.599439
10.581813
10.563384
10.544163
10.524382
10.503907
10.482630
10.460626
10.437660
10.413859
10.389341
10.364025
10.338018
10.311266
10.283712
10.255395
10.243131
10.237254
10.229888
10.226583
10.218424
10.209946
10.205867
10.202997
10.193033
10.181083
10.170724
10.159361
10.152182
10.146481
10.139573
10.133286
10.118941
10.101331
10.084702
10.066108
10.049689
10.033378
10.014946
9.995893
9.981151
9.967727
9.953457
9.939901
9.924076
9.907530
9.891815
9.875875
9.862452
9.850081
9.837377
9.825290
9.812632
9.799985
9.788000
9.776241
9.762983
9.749265
9.735850
9.722190
9.709305
9.696667
9.683745
9.670899
9.657446
9.643741
9.630139
9.616398
9.602791
9.589186
9.575433
9.561632
9.548248
9.535003
9.521689
9.508455
9.495031
9.481555
9.468171
9.454780
9.450969
9.451241
9.451094
9.453698
9.454000
9.454568
9.458078
9.462721
9.463723
9.464019
9.465667
9.467175
9.471518
9.477145
9.482515
9.488677
9.490766
9.491465
9.493158
9.494192
9.496882
9.500072
9.502516
9.505053
9.510455
9.517041
9.523593
9.530990
9.537553
9.544153
9.551663
9.559489
9.562702
9.564197
9.566226
9.567188
9.569840
9.572768
9.574523
9.576087
9.579690
9.583948
9.587910
9.592270
9.595602
9.598651
9.602153
9.605607
9.611958
9.619565
9.627002
9.635261
9.642909
9.650665
9.659297
9.668288
9.676007
9.683445
9.691316
9.699105
9.707804
9.716899
9.725873
9.735078
9.710305
9.671171
9.633740
9.586704
9.548089
9.508735
9.459092
9.405615
9.365343
9.327805
9.285648
9.244204
9.192849
9.137121
9.082523
9.025307
8.982834
8.945526
8.904882
8.866799
8.823019
8.777662
8.735177
8.692570
8.639948
8.583311
8.527004
8.467896
8.411969
8.356118
8.297233
8.237428
8.216037
8.210239
8.201809
8.203635
8.194365
8.184901
8.186510
8.191565
8.181356
8.167440
8.157837
8.146715
8.145877
8.149159
8.150460
8.153938
8.137896
8.114358
8.093901
8.069174
8.050631
8.033046
8.010800
7.987674
7.975851
7.967931
7.958577
7.951638
7.939724
7.926673
7.916325
7.906069
7.879548
7.846435
7.814139
7.777379
7.745465
7.713606
7.676925
7.638730
7.606197
7.574853
7.541660
7.508838
7.471765
7.432861
7.394508
7.355083
7.324800
7.297963
7.269625
7.243231
7.213777
7.183772
7.155900
7.128354
7.095512
7.060796
7.026663
6.991337
6.958246
6.925608
6.891644
6.857567
6.859686
6.877013
6.892650
6.918527
6.935119
6.952380
6.980628
7.012881
7.031607
7.047617
7.068445
7.088616
7.119151
7.154297
7.188357
7.225212
7.245345
7.259557
7.277376
7.292185
7.313353
7.336197
7.355679
7.375190
7.405740
7.440645
7.475077
7.512516
7.546292
7.579869
7.616714
7.654468
7.663841
7.661911
7.662171
7.655061
7.656675
7.658779
7.652895
7.644766
7.648050
7.654292
7.657654
7.662385
7.659827
7.654504
7.650890
7.645935
7.656338
7.672827
7.687280
7.705346
7.718941
7.732112
7.749199
7.767279
7.777029
7.784116
7.792622
7.799601
7.810716
7.823025
7.833588
7.844404
7.867573
7.895932
7.924007
7.955702
7.984114
8.012795
8.045362
8.079361
8.109510
8.139104
8.170376
8.201696
8.236468
8.272909
8.309263
8.346727
8.377697
8.406416
8.436563
8.465575
8.497181
8.529510
8.560563
8.591687
8.627061
8.664141
8.701102
8.739261
8.776071
8.812856
8.850940
8.889421
8.849188
8.775786
8.706201
8.614361
8.542375
8.468813
8.371388
8.265172
8.188972
8.118898
8.038241
7.959129
7.857272
7.745339
7.635904
7.520401
7.440160
7.372344
7.296747
7.227395
7.144536
7.058032
6.978514
6.898829
6.795547
6.682884
6.571124
6.452852
6.342255
6.231966
6.114615
5.995215
5.983903
6.016874
6.043009
6.098432
6.123586
6.148862
6.205706
6.272835
6.297542
6.312359
6.339903
6.363735
6.417052
6.482523
6.542983
6.610127
6.623829
6.617393
6.620141
6.611701
6.621002
6.633580
6.633885
6.632382
6.662896
6.704887
6.743529
6.789514
6.822333
6.852636
6.891081
6.930418
6.912393
6.871240
6.833548
6.780416
6.744490
6.709016
6.656845
6.599604
6.563562
6.532396
6.494935
6.459324
6.408766
6.352049
6.297843
6.240235
6.214199
6.200268
6.181475
6.169630
6.147685
6.124184
6.108271
6.093788
6.061374
6.022804
5.986548
5.946493
5.914420
5.884208
5.849738
5.815173
5.801714
5.796741
5.790726
5.790479
5.783740
5.776832
5.776167
5.777391
5.771477
5.764073
5.758981
5.753420
5.753250
5.755398
5.756846
5.759653
5.750041
5.735707
5.723311
5.708211
5.697191
5.686844
5.673539
5.659722
5.652928
5.648570
5.643355
5.639662
5.632892
5.625435
5.619679
5.613998
5.591162
5.561242
5.532154
5.498283
5.469157
5.439897
5.405488
5.369327
5.339368
5.310682
5.279874
5.249417
5.214256
5.177033
5.140358
5.102453
5.073303
5.047359
5.019767
4.993905
4.964926
4.935258
4.907500
4.879902
4.846904
4.811884
4.777278
4.741329
4.707416
4.673784
4.638677
4.603290
4.574475
4.548169
4.521278
4.496009
4.468439
4.440587
4.414509
4.388811
4.360521
4.331495
4.302987
4.274080
4.246694
4.219822
4.192476
4.165331
4.134036
4.101020
4.068387
4.034670
4.002005
3.969320
3.935472
3.901230
3.868982
3.837275
3.805066
3.773107
3.739945
3.706335
3.673032
3.639523
3.629198
3.628675
3.626941
3.631740
3.630814
3.630386
3.636957
3.646134
3.646169
3.644277
3.645531
3.646252
3.653753
3.664222
3.673873
3.685284
3.686773
3.684779
3.685028
3.683549
3.685886
3.689275
3.690727
3.692253
3.700531
3.711511
3.722260
3.734893
3.745373
3.755795
3.768257
3.781333
3.782680
3.779540
3.777556
3.772720
3.771921
3.771624
3.768210
3.764133
3.764995
3.767319
3.768719
3.770933
3.770385
3.768945
3.768460
3.767670
3.773911
3.783102
3.791683
3.802130
3.810875
3.819705
3.830537
3.842080
3.850267
3.857572
3.865774
3.873589
3.883490
3.894193
3.904412
3.915022
3.856564
3.768849
3.684512
3.580590
3.493639
3.405088
3.295558
3.178149
3.087514
3.002358
2.907724
2.814460
2.700963
2.578494
2.458241
2.332584
2.236663
2.151096
2.058671
1.971329
1.872358
1.770096
1.673542
1.576643
1.459357
1.333840
1.208890
1.078164
0.953780
0.829447
0.698868
0.566326
0.577338
0.647852
0.710096
0.811904
0.875168
0.939697
1.046779
1.168478
1.234335
1.287786
1.359115
1.426325
1.533662
1.658037
1.776559
1.904824
1.964999
2.000149
2.048274
2.082982
2.141604
2.205489
2.254558
2.302320
2.392719
2.499078
2.602130
2.715768
2.813369
2.908758
3.015771
3.124994
3.113965
3.054036
3.001673
2.916880
2.866835
2.817180
2.732516
2.636819
2.587353
2.548681
2.496315
2.448077
2.367687
2.274101
2.186065
2.090802
2.057814
2.048525
2.029114
2.023096
1.996849
1.967198
1.952203
1.939707
1.890873
1.829300
1.771997
1.706693
1.656973
1.610587
1.555280
1.499391
1.494003
1.508886
1.520917
1.546581
1.556759
1.566435
1.590869
1.619707
1.630604
1.637494
1.649834
1.660715
1.684542
1.713770
1.740973
1.771217
1.772470
1.762599
1.757109
1.745200
1.742572
1.741350
1.733117
1.723542
1.730238
1.742484
1.752585
1.766097
1.772288
1.776734
1.785010
1.793323
1.734946
1.648615
1.565227
1.462932
1.377999
1.291905
1.185512
1.071776
0.982368
0.897720
0.804262
0.711861
0.600531
0.480708
0.362727
0.239545
0.148113
0.067947
-0.018956
-0.100084
-0.193249
-0.289544
-0.379395
-0.469246
-0.579830
-0.698554
-0.816333
-0.939718
-1.056132
-1.172107
-1.294179
-1.417902
-1.381787
-1.279081
-1.185023
-1.046514
-0.950160
-0.851827
-0.705732
-0.542851
-0.441483
-0.353366
-0.244840
-0.140353
0.009249
0.178316
0.341420
0.515884
0.615547
0.688074
0.775540
0.848726
0.948943
1.055553
1.146332
1.236234
1.373926
1.529864
1.682707
1.847845
1.995794
2.141862
2.301374
2.463905
2.452938
2.370985
2.299746
2.181428
2.112080
2.042641
1.922442
1.785787
1.716319
1.662351
1.588049
1.519473
1.403814
1.268650
1.141283
1.003107
0.952136
0.934032
0.901041
0.886352
0.842695
0.793713
0.764807
0.738879
0.660956
0.564431
0.473392
0.370463
0.289001
0.211683
0.121176
0.029271
0.013115
0.027138
0.036344
0.065664
0.071323
0.075829
0.102138
0.134679
0.139428
0.137581
0.143556
0.146825
0.169273
0.199441
0.226044
0.256778
0.243823
0.213836
0.189982
0.156130
0.135686
0.116910
0.087256
0.055174
0.047006
0.046723
0.042810
0.043580
0.032986
0.019368
0.011058
0.002386
-0.007315
-0.017061
-0.027095
-0.037382
-0.046160
-0.054444
-0.063057
-0.071419
-0.081184
-0.091463
-0.101424
-0.111640
-0.121378
-0.130999
-0.140901
-0.150817
-0.156497
-0.160411
-0.164524
-0.167447
-0.171494
-0.175483
-0.178193
-0.180449
-0.184261
-0.188386
-0.191966
-0.195625
-0.198095
-0.200038
-0.202111
-0.203865
-0.211305
-0.221027
-0.230177
-0.240754
-0.249694
-0.258544
-0.268940
-0.279777
-0.287932
-0.295317
-0.303288
-0.310862
-0.319969
-0.329604
-0.338769
-0.348142
-0.354944
-0.360701
-0.366782
-0.372238
-0.378372
-0.384537
-0.390028
-0.395320
-0.402024
-0.409163
-0.416030
-0.423133
-0.429503
-0.435642
-0.442057
-0.448403
