1.036872
-0.638561
-0.828863
-0.648023
0.206465
0.725500
1.344768
1.529987
1.384366
-0.423471
0.129775
-1.303652
-1.588616
-1.535385
-1.182169
-0.122353
0.802736
0.924680
1.513123
1.744908
0.094011
-0.270004
-1.019911
-2.239169
-2.232546
-1.999505
-0.499188
-0.232641
1.039045
2.392210
1.254688
1.259522
1.500347
0.056023
-1.364030
-1.111401
-2.237346
-2.126479
-1.271380
-0.860018
0.093286
0.529108
2.098860
3.290582
2.941111
2.070466
1.428962
0.439899
-0.390475
-1.379535
-2.625551
-2.947414
-3.025209
-1.538708
-0.871887
-0.825941
1.574845
1.844271
2.632898
2.851568
3.635621
2.266974
1.476408
0.027917
-1.191220
-2.332269
-2.411857
-3.751396
-1.779778
-2.165265
-1.711351
-0.259659
-0.002764
2.110666
2.279151
2.774259
3.579805
4.149442
2.572698
0.980428
-0.124085
0.394040
-1.007081
-2.698402
-2.875111
-3.698364
-3.331045
-2.322948
-2.853172
-1.365459
-0.948121
0.619943
1.750763
2.913779
2.873572
3.019568
4.036368
3.320932
3.263273
3.134698
0.764831
0.308025
-1.414224
-1.949993
-3.354940
-3.856472
-3.633703
-4.357830
-3.266786
-3.516554
-2.441711
-1.450935
-1.246515
0.777506
0.330599
2.465848
2.708373
3.223693
3.595547
4.401471
3.334772
3.828246
2.713739
1.649128
0.990441
-0.253241
-0.716144
-1.313546
-2.632210
-2.667026
-3.918773
-4.433143
-3.155722
-4.180114
-2.959203
-2.771948
-1.595133
-1.630070
-0.413256
0.784410
1.751838
2.144657
3.277596
4.163585
4.505596
3.274392
4.280584
4.209207
3.702789
2.883572
2.224064
3.298294
0.147363
-1.144963
-1.510557
-2.196684
-2.213284
-3.598271
-3.403440
-4.958804
-3.628278
-4.078731
-4.304856
-3.662516
-3.717380
-2.487274
-1.505877
-1.456475
-0.344089
0.245403
2.144291
2.107921
3.823159
3.501284
3.700519
4.485123
5.484784
5.148918
4.549702
3.932953
4.055403
2.453587
2.788135
1.676614
1.838904
0.053769
-0.826900
-1.057701
-2.250570
-3.036787
-4.083136
-3.774371
-4.618566
-5.075049
-5.959179
-4.630801
-5.253689
-5.357069
-4.503655
-3.076853
-2.186493
-2.274140
-1.792296
-1.206000
0.361122
0.992921
1.170816
2.626803
3.341631
4.773767
4.700800
4.199611
4.897331
5.033578
4.724568
5.525173
4.736166
4.458553
4.463819
4.199589
3.731866
2.709778
1.323565
1.432570
0.803607
0.053855
-1.453547
-2.492223
-2.836849
-3.760444
-4.261266
-4.082115
-5.044546
-3.839624
-5.648782
-5.699249
-5.551068
-5.265999
-5.797799
-4.624348
-4.887995
-4.704103
-3.522253
-3.047805
-2.613328
-1.692877
-1.706027
-0.302559
0.301484
0.935957
1.663574
3.408715
4.109484
4.119564
4.464113
5.906189
4.490857
5.289219
6.525257
5.581672
6.208339
5.751482
5.340923
4.849813
5.533738
4.780933
4.534178
2.859404
2.849897
1.778969
2.330428
0.803154
-0.208223
-0.630492
-1.294114
-1.845436
-3.042210
-3.266033
-3.745602
-4.170219
-5.508572
-5.635891
-5.964493
-6.122398
-6.118927
-6.223114
-6.493069
-5.258121
-4.922574
-5.879715
-5.584975
-5.556858
-5.067388
-4.707636
-4.368277
-3.292649
-2.398858
-2.041262
-1.217273
-0.082983
0.084140
0.278724
1.527148
1.707555
1.677477
3.047169
3.568509
4.234771
5.315671
5.521660
5.729997
5.723566
5.680233
5.909271
7.051383
5.918284
6.356088
5.588773
5.991148
6.020795
6.185020
5.424347
5.604914
5.399042
4.881061
3.620296
3.122818
2.980720
3.191295
0.700010
0.778136
-0.195569
-0.299278
-0.826493
-0.872720
-1.400270
-1.479844
-2.690268
-3.462989
-4.054686
-4.171595
-5.510115
-5.233052
-4.533034
-6.891223
-5.832360
-7.230049
-7.362354
-6.305222
-6.706754
-6.697013
-6.599933
-5.737444
-7.566257
-6.007636
-6.222299
-5.370059
-4.245596
-4.632961
-3.736560
-3.948179
-3.167141
-3.376646
-1.916308
-3.024179
-1.417850
-1.901709
-0.451662
0.633311
0.801494
2.173493
1.723167
2.579445
3.589049
3.929738
3.944348
4.466260
4.443228
4.463808
5.816825
5.980846
6.150141
6.480410
6.439678
7.199743
7.043529
5.908543
7.325530
7.137326
7.351776
7.892722
7.310791
6.650944
6.137864
6.406757
5.842959
5.636578
5.280841
5.236911
4.641310
4.455053
3.502435
3.261925
2.432640
1.967052
1.982496
0.881510
0.648311
0.249652
-0.362947
-1.283786
-1.964203
-1.300318
-2.244945
-2.091094
-3.700108
-3.836434
-4.080632
-4.557128
-6.022350
-5.155366
-5.983462
-7.258355
-5.689537
-5.524411
-6.215615
-6.507125
-6.780818
-7.178208
-7.888896
-8.120021
-7.525624
-7.735135
-6.999036
-7.195936
-6.970549
-7.179496
-6.472693
-5.885992
-5.909027
-6.114394
-6.341925
-5.735593
-6.238584
-4.026256
-5.216739
-5.763968
-3.875977
-3.850393
-2.984950
-3.237923
-2.471916
-1.629936
-1.971573
-1.014019
-0.028408
0.852127
1.161899
0.673792
0.777243
1.873336
2.655575
2.858076
2.863366
3.304240
3.347664
4.584465
5.389390
5.158086
5.057863
5.878197
6.685046
5.814718
6.568288
6.268869
6.682141
7.385575
7.119081
7.159867
8.033387
7.373188
8.938796
8.511856
8.115731
7.487064
8.034837
7.588030
7.788772
8.330661
6.830078
7.322453
7.715099
6.729450
6.103538
6.891129
6.338959
5.499184
5.770683
5.679620
4.725781
3.438128
3.371347
3.823604
3.936684
2.268739
1.776071
1.654873
1.706022
0.480745
0.600612
0.611962
0.667821
-0.024122
-0.715113
-1.267344
-1.470826
-2.395231
-1.787985
-3.007447
-4.397474
-3.380231
-4.596592
-5.088570
-4.804072
-5.482734
-5.529049
-6.756927
-6.692368
-6.327397
-6.655045
-7.068707
-6.262684
-7.212679
-7.621773
-7.503686
-7.811154
-7.931265
-7.472427
-8.205265
-8.167538
-6.914542
-8.375463
-7.709080
-8.335563
-8.350731
-7.701286
-7.813246
-8.531913
-7.543840
-8.211821
-7.944360
-8.605119
-6.455366
-7.107548
-6.191960
-7.044889
-6.971955
-5.956034
-5.543250
-6.977785
-5.466085
-5.544114
-4.728959
-4.444034
-4.974917
-4.720680
-3.417417
-3.627397
-3.349525
-2.439380
-3.166283
-2.235587
-1.606790
-1.522503
-0.479254
-0.805087
-0.228035
0.913421
0.249916
0.538524
1.383373
1.981430
0.780587
2.389601
2.944214
2.937928
3.232413
3.576719
3.574674
4.273755
5.710086
4.322209
5.944143
5.314610
5.543998
6.241057
6.088941
7.383272
6.937318
7.559146
6.848205
6.807076
7.656984
7.637417
8.235534
7.946353
8.275522
8.470363
8.389645
8.405430
8.739361
7.873145
8.512696
8.895208
7.165566
9.278919
9.426530
9.383020
8.521660
8.431179
8.652165
8.538108
7.754367
8.592111
8.404868
7.127136
7.760320
6.713713
7.083541
6.573221
7.117005
6.316944
7.414870
6.337763
6.482978
5.615303
6.402611
5.479355
5.695609
5.079062
4.076825
3.613691
3.439300
3.333263
3.332230
2.891529
3.075100
3.186930
2.566574
2.846109
1.488282
0.630212
0.199575
0.106326
-0.266246
-0.458648
-0.072114
-0.694823
-1.294127
-0.540196
-2.021670
-1.661562
-2.782649
-2.080776
-3.516850
-3.716121
-4.162988
-4.822043
-4.616279
-4.214012
-4.549083
-4.799767
-5.165488
-5.012115
-5.657035
-6.512718
-5.314958
-6.755710
-5.747109
-7.980066
-7.065840
-7.291677
-7.319851
-7.989251
-8.536242
-7.486579
-9.025334
-8.653781
-9.324413
-8.371336
-9.250430
-8.039082
-8.974108
-9.196937
-9.141637
-8.598022
-8.823527
-8.624782
-9.107568
-8.994815
-9.489396
-8.674875
-9.723565
-10.086245
-9.408328
-9.351499
-8.982683
-8.047101
-8.661228
-8.228978
-8.464089
-8.018070
-8.219802
-8.353457
-7.697795
-8.152599
-6.953503
-8.391269
-7.116149
-7.042823
-6.958070
-6.880797
-6.725573
-7.069467
-7.003336
-6.469524
-5.779685
-5.812342
-7.019734
-5.678312
-5.701125
-4.942960
-4.632102
-3.803825
-3.353392
-4.479588
-4.001542
-3.906481
-3.133494
-2.481534
-3.159670
-2.517562
-2.457802
-1.122261
-0.868297
-1.921209
-0.702268
-1.002658
-1.394662
0.860066
-0.517438
1.009877
0.918788
0.629877
1.404046
1.390286
1.875962
2.291467
2.872442
2.025687
2.740577
3.027743
3.025503
2.670336
3.681738
4.488628
4.700736
4.560079
5.620431
5.407437
5.661716
5.138479
5.847264
5.525478
5.846196
6.180065
7.137564
7.104718
6.840371
8.180295
6.926392
7.839718
7.731552
7.254187
8.104684
7.545229
7.864540
8.466126
9.069386
8.626688
8.546636
9.368618
9.094193
9.105832
9.531337
9.067298
9.460511
9.479919
8.966067
9.560798
9.617706
9.415169
8.621768
9.753156
9.585947
9.486695
9.807171
10.524301
9.771182
10.370655
9.093819
9.672744
9.051966
8.838942
9.713215
9.279560
9.402721
8.784717
8.694633
9.024349
8.394734
8.875968
8.553347
7.569076
8.923392
8.526299
8.950103
8.231732
9.003112
8.314165
7.810247
7.472048
6.814296
6.855858
7.825443
7.443234
6.564463
6.637753
6.489114
6.875592
5.506125
5.962332
6.604305
5.521705
5.777296
5.997990
5.447420
4.004615
5.229867
4.806790
4.647382
3.973719
3.470589
3.794635
3.837285
4.775651
2.949004
2.498943
2.125454
2.235592
1.801033
1.864028
1.783190
2.718933
0.726172
0.773365
-0.015872
1.236632
0.054467
0.348091
0.749442
-0.340476
-0.374637
-1.465109
-2.420032
-0.841616
-1.543529
-1.708115
-1.358511
-2.030695
-3.539939
-2.226075
-2.436244
-3.071919
-3.533963
-3.290692
-4.193023
-3.817117
-3.581074
-4.456537
-4.303587
-4.525946
-4.585450
-5.646699
-5.118167
-4.925452
-5.987764
-6.209844
-6.894319
-6.079982
-5.953522
-6.903046
-6.809186
-7.641349
-6.686242
-6.676598
-7.760021
-8.019372
-8.040562
-7.256771
-8.573102
-8.982286
-8.166210
-8.029148
-9.024139
-8.124923
-8.544716
-8.657463
-9.603857
-8.566111
-8.898988
-9.262755
-9.401577
-8.862556
-10.308079
-9.288033
-9.409637
-9.386260
-10.193235
-10.690914
-10.189579
-10.400756
-9.939338
-10.064518
-10.306606
-10.463237
-10.513057
-10.050335
-10.343381
-10.024088
-10.853533
-9.402323
-9.684991
-10.666973
-10.636761
-9.327552
-10.561294
-10.277001
-9.975856
-10.100378
-10.038253
-9.321885
-8.961705
-10.513226
-9.633117
-8.286099
-9.888287
-10.285537
-9.184545
-9.250056
-9.085619
-9.365882
-9.655826
-8.596458
-9.055974
-9.513528
-9.246268
-9.782789
-8.523759
-9.329681
-8.349174
-7.967817
-8.156660
-8.952121
-8.422082
-8.427108
-8.265777
-7.296364
-8.452038
-6.952103
-7.544704
-7.185949
-6.803156
-6.304282
-7.035564
-6.186349
-6.455215
-7.040339
-6.499513
-7.368827
-5.642959
-4.900599
-6.616512
-5.419789
-4.403951
-4.392530
-5.257188
-4.991551
-5.168226
-4.748879
-3.945817
-3.808686
-4.002487
-2.871587
-3.932131
-3.877077
-3.487070
-3.595807
-3.301659
-2.785544
-1.554450
-2.364260
-1.922302
-2.016914
-1.901351
-2.030908
-1.454859
0.104221
-1.563124
0.242492
-0.625308
-0.380704
0.174537
-0.784906
0.985524
0.580850
0.421025
0.338088
-0.050996
0.099267
0.679559
1.014013
2.066621
2.340477
1.327525
2.128123
2.798774
3.426265
2.869405
2.594448
2.981317
3.507961
2.943970
3.266541
3.909835
4.387837
4.217134
4.306990
4.524935
3.901024
5.475630
5.434819
4.825308
5.055732
5.259162
4.442987
6.576228
6.083381
5.693108
6.115481
6.145409
6.300211
7.182365
7.482777
6.516477
7.266240
7.975166
6.814522
6.893776
7.310467
8.151478
8.164447
8.603939
6.719123
8.666835
8.713365
8.307697
7.863461
8.590200
8.702997
9.068564
8.886738
8.948240
9.781715
8.507306
9.433958
9.327290
10.462427
9.775717
9.474880
10.216666
10.163727
10.611663
10.294246
9.868462
9.992368
10.276923
10.864452
10.645230
10.798578
10.851036
9.839684
9.308161
11.518284
11.134662
10.309039
10.448185
10.403858
11.121096
10.703993
10.256733
10.801934
11.328738
10.658151
10.561976
11.263314
11.402581
10.719973
10.336778
12.423487
10.231178
10.763817
11.201901
11.543519
10.628016
10.444443
10.167080
10.842644
10.572723
11.174068
9.982364
10.477560
11.257362
10.430602
9.536832
10.903501
9.082164
11.764197
9.662848
10.415815
9.904196
10.876992
10.145959
9.744109
9.929934
9.251193
9.852852
9.989067
9.493855
8.950392
9.268336
9.635096
9.608773
9.101377
9.061203
9.432098
10.039263
8.688807
8.999471
8.880863
6.935655
8.161114
8.271507
8.577296
8.176548
8.918236
8.833679
8.213713
8.322128
7.082753
7.215313
7.382588
7.361877
7.488561
7.251228
7.326932
6.841783
7.199208
6.649870
6.286027
5.845330
6.268895
6.513593
5.950855
5.795134
6.310766
5.659323
5.599087
4.840026
5.737131
4.962507
5.118425
4.654534
5.459744
4.464363
4.451671
4.707746
3.860831
4.067626
3.767164
3.837523
3.815284
4.313223
2.981136
4.821933
3.361154
2.947034
2.983259
2.271320
2.692203
3.009620
2.447012
1.550366
3.171058
2.152995
1.979026
0.887915
1.165876
1.861324
1.146038
0.545390
0.676610
2.398200
1.181792
0.684233
0.536368
-0.954631
0.025258
-0.040891
0.199644
-0.382207
-0.163103
-0.630713
-1.592529
-1.172282
-0.980830
-2.082014
-0.389067
-1.129980
-2.252724
-0.942772
-1.539654
-1.325886
-2.000743
-2.555525
-3.409125
-2.621917
-3.390916
-2.069582
-2.492829
-2.942470
-3.369164
-4.204044
-3.912170
-3.072268
-3.858580
-3.635983
-4.328326
-3.959689
-4.248403
-4.493221
-5.743667
-4.610354
-5.346384
-4.933029
-5.543155
-4.881682
-5.128065
-5.839865
-6.357866
-5.852410
-5.125613
-4.941159
-5.675931
-6.660585
-7.064159
-6.896895
-7.000595
-6.960116
-6.910332
-7.293235
-6.768896
-6.646574
-7.441922
-7.436216
-6.736101
-7.534252
-8.569924
-8.822219
-7.919750
-7.687912
-6.764390
-8.701947
-8.428698
-9.489713
-8.223096
-8.813769
-8.896830
-8.557640
-9.273869
-9.082611
-8.883939
-8.555735
-9.631756
-9.253466
-9.678707
-9.624851
-9.622013
-8.749195
-10.050646
-9.371248
-9.572835
-9.880920
-10.462112
-9.827082
-10.148155
-9.810461
-10.416683
-9.707350
-10.254599
-11.096631
-10.722348
-9.347731
-10.372392
-10.751752
-10.595710
-10.788833
-10.829474
-10.177460
-11.584104
-10.862624
-11.446677
-11.244285
-11.094259
-11.497417
-11.105080
-10.838487
-10.701739
-10.741142
-11.865873
-11.709511
-11.976146
-11.729982
-11.881182
-11.614678
-12.305524
-11.476871
-11.993954
-11.854726
-11.710887
-12.269643
-11.705804
-12.949189
-11.972710
-11.580893
-11.313026
-10.524783
-10.852837
-11.591812
-11.301798
-12.153849
-10.386965
-12.108284
-11.475051
-10.366644
-11.571853
-11.405766
-11.587891
-11.080734
-11.897008
-11.900758
-12.050110
-11.661830
-12.305365
-11.964527
-11.846733
-11.313776
-11.200039
-10.251840
-11.642874
-11.774028
-11.774907
-10.770985
-10.458291
-11.395925
-11.288686
-11.772609
-11.208017
-11.422917
-11.601126
-11.595860
-11.301743
-10.326661
-10.757345
-10.622061
-10.094607
-10.088595
-10.704988
-10.444171
-10.791646
-10.149484
-10.125811
-9.649389
-11.033359
-9.522141
-9.438200
-10.562466
-9.618878
-8.732802
-11.218065
-9.813572
-9.332350
-9.518846
-9.662450
-10.362089
-9.297930
-9.012370
-8.723252
-9.492148
-8.742179
-8.916129
-8.207582
-10.161198
-8.551743
-8.314722
-8.394057
-9.538314
-8.865536
-7.881156
-8.586230
-8.049380
-8.197855
-9.155561
-7.912477
-8.067345
-7.858797
-7.274218
-7.413903
-8.217108
-7.745647
-6.386172
-7.137699
-7.400140
-7.554782
-8.087171
-6.869714
-7.262696
-7.325074
-7.603412
-6.739055
-5.655487
-7.447444
-6.197958
-5.602474
-6.165489
-6.179227
-5.385677
-5.475540
-5.857516
-5.602194
-5.410301
-5.828691
-4.469992
-5.923409
-5.983975
-5.233393
-5.540761
-5.358597
-4.843865
-5.501552
-4.451294
-5.259204
-3.869846
-4.102263
-4.262405
-4.508594
-3.946125
-5.040592
-3.725395
-3.685445
-4.281151
-3.075450
-3.238547
-3.131590
-3.557057
-2.994817
-2.701301
-3.698474
-3.404537
-3.017700
-2.395311
-2.703015
-2.411393
-2.535129
-1.355946
-1.392291
-1.470922
-1.489838
-1.867549
-1.044693
-1.708619
-1.940652
-1.213107
-0.856297
0.084638
-1.000724
-1.233628
-1.367175
-1.626231
-0.401394
-0.355184
-0.346380
-0.110205
-0.515551
-0.345972
0.391129
0.328669
-0.668910
1.138674
0.695540
0.748901
0.271613
1.033967
-0.044946
0.637048
0.969151
1.132929
1.076374
0.570182
1.224465
1.794293
1.992479
1.218853
1.785065
1.622459
2.636005
2.409397
2.605631
2.555768
2.426476
2.843952
3.337496
3.235330
3.141674
3.787404
2.994627
3.632529
3.191888
3.340200
4.372696
3.458647
4.173647
3.604925
4.132015
4.251793
5.028742
4.455251
4.592753
3.731476
4.923295
4.831664
4.738615
5.031435
4.260665
4.604627
4.661464
4.330913
4.689290
5.752114
5.660844
5.826442
6.162713
5.805265
6.290327
6.791658
5.810662
5.173714
6.142134
5.993729
6.460248
5.774377
6.216316
7.385280
6.518492
6.128272
7.038487
7.004043
6.407500
6.020177
7.407569
7.616766
7.145399
6.994798
6.689470
7.624257
8.319878
8.146252
7.331175
8.892307
8.032159
8.118955
7.567415
8.161160
8.629965
7.604019
9.287096
7.749791
7.686137
9.147092
8.530753
8.031222
8.019134
8.608371
8.506000
8.881445
8.803163
10.343581
7.818542
9.297961
8.807975
8.488226
9.465798
8.748697
9.178803
9.534561
9.617670
9.580252
9.662307
8.946988
9.738539
10.019753
9.599629
9.538749
9.904798
10.179450
10.546440
10.916923
10.585392
9.510673
10.169308
10.660368
10.688603
9.791778
10.501234
11.370053
10.673061
10.991534
10.179247
10.774838
10.761213
11.284699
10.896724
11.332828
10.433614
11.370759
11.232048
11.763441
10.943056
11.303290
11.055773
10.612279
12.092548
11.951394
10.173089
11.470232
9.936012
11.291004
11.833369
11.222976
11.660712
11.695742
11.591965
11.681299
11.651616
12.010094
10.485710
10.895384
10.932106
11.391135
10.838988
12.096903
11.793494
11.463599
11.256320
12.378168
11.842673
12.167074
12.558649
10.916679
10.558194
11.931682
11.464969
12.231187
12.027450
12.228503
12.115843
12.163756
11.885865
11.470608
11.963370
11.677510
11.349461
11.857761
12.516288
11.723904
11.593755
12.230642
12.735812
10.982649
12.372994
12.175842
12.353393
12.189614
11.983990
11.939635
12.135166
11.275016
12.396508
12.135478
11.217594
12.424714
11.448686
11.899631
12.412384
11.909695
11.316157
11.545409
12.347300
12.004878
11.942603
12.548772
11.984061
11.035162
12.327875
11.929034
12.051458
11.849275
11.971993
10.295683
11.590710
10.691663
11.414323
12.071288
10.945053
12.194946
11.118178
11.526060
12.089505
11.026956
11.925936
11.390975
12.085983
10.920697
10.965244
10.618133
11.083123
11.082712
11.436863
12.057240
11.918792
10.857677
11.222829
10.467964
10.745067
10.856621
11.676033
10.951061
10.881022
11.107681
10.709263
9.457406
10.794474
10.119767
11.070118
10.079425
11.327118
10.224436
10.224529
10.456591
11.398848
9.916082
9.665750
10.393025
11.150187
10.115257
9.864390
8.894428
9.841906
9.351252
10.280158
9.675707
10.014385
9.673929
9.883968
9.200562
9.454689
10.618835
10.147953
10.345597
9.225857
9.381092
9.629980
8.716991
9.514616
9.423821
9.641059
8.359457
8.260892
8.683520
8.785417
8.742507
9.023179
9.657833
9.159046
8.201286
8.353159
9.343429
9.682027
8.206123
8.947770
8.282968
7.986167
7.904028
9.297862
7.957275
8.598491
7.889096
7.551778
7.694548
8.841705
7.186716
7.901380
8.065110
8.007981
7.348756
7.190741
8.176190
7.404293
7.387401
7.822430
7.408482
7.231158
7.325574
6.830988
6.882333
6.939858
6.800384
6.238479
6.568777
7.042138
7.199330
6.241119
6.870070
6.088376
7.167983
6.129438
6.136223
6.612352
5.703172
6.253231
5.480410
5.737582
6.436520
5.840015
5.489330
5.689205
4.929795
5.366870
5.554285
5.249196
5.830011
5.085876
5.265426
5.531835
5.309793
5.328186
4.548422
4.762764
4.432985
4.663477
4.743557
3.957852
3.289389
3.953483
3.598549
4.073225
3.788695
3.920731
4.200044
4.260890
4.016706
3.623075
4.865297
2.970302
2.422072
3.773037
4.092655
3.117368
3.882205
3.759246
3.316909
3.096157
3.077891
3.160040
3.275255
3.031601
3.020860
3.466882
2.138400
2.757578
2.266649
2.177734
2.412883
3.346057
1.363051
1.694475
1.809501
2.622052
2.406186
1.874770
1.373359
1.328994
1.358919
1.893879
1.943372
1.018837
2.069075
2.061810
2.277067
1.702263
1.429205
1.185951
1.015365
0.707725
0.544575
-0.204958
0.512055
-0.062114
-0.027632
0.517339
0.025792
-0.027123
0.737543
-0.079123
-0.059990
0.611133
-1.034871
-0.355230
-0.700424
0.561947
-0.201257
-0.152235
-0.688471
-0.482420
-0.169690
-0.518020
-1.548119
-0.100486
0.297449
-0.786296
-0.551207
-1.708320
-1.055841
-1.751670
-1.286550
-0.825615
-0.894709
-1.720711
-1.801819
-1.330799
-2.478451
-2.255704
-2.429418
-3.067423
-1.526189
-1.977216
-1.896325
-2.210042
-1.540933
-2.487076
-2.659186
-2.525959
-2.073240
-2.619150
-3.125214
-2.258912
-2.989522
-2.696281
-2.526693
-3.333579
-2.983782
-3.343420
-3.781552
-3.533461
-3.786016
-3.640891
-3.669538
-4.191616
-3.653593
-3.899955
-4.093261
-4.344555
-3.960786
-3.338661
-3.739356
-4.256359
-4.001825
-3.653137
-3.792845
-3.460851
-4.169023
-3.558979
-5.823182
-5.600171
-4.050066
-4.906138
-4.645124
-4.455951
-5.246661
-4.870376
-5.136248
-4.893593
-5.667742
-4.728167
-5.426286
-4.681016
-6.077371
-4.993862
-5.308616
-5.425770
-6.032466
-5.338289
-6.187346
-6.632136
-5.479882
-5.457013
-6.024941
-5.816643
-6.620894
-6.230510
-5.786983
-5.414713
-6.654230
-6.663083
-6.595930
-6.378947
-5.861574
-7.032289
-5.934760
-6.201519
-6.671621
-7.171603
-6.854564
-5.931336
-7.877869
-5.938386
-6.283445
-6.975960
-7.147093
-7.814118
-7.083292
-7.386716
-6.872870
-7.046567
-7.664443
-7.511254
-6.881298
-6.502390
-7.164464
-7.732121
-8.155018
-7.741665
-7.836174
-7.602463
-8.453769
-7.910258
-8.016414
-7.705844
-8.438861
-7.433432
-8.230098
-8.147239
-9.040413
-8.701187
-8.384428
-8.085332
-8.708409
-8.370196
-9.074162
-8.281277
-8.655598
-9.854395
-8.434277
-8.935001
-9.155076
-8.086382
-8.924329
-8.060890
-9.788355
-9.446667
-8.876302
-9.277627
-9.516728
-9.961099
-8.446962
-9.433915
-10.065825
-9.322932
-8.906029
-9.668380
-10.494157
-9.892862
-9.940382
-9.986985
-9.157541
-9.401548
-9.763526
-10.069835
-9.757058
-9.465604
-9.536532
-9.495734
-9.935797
-9.145358
-9.496563
-9.704410
-10.274740
-9.786439
-9.781203
-10.106063
-9.393621
-10.299470
-10.680797
-10.674748
-9.867346
-9.156688
-10.279121
-10.504952
-11.161010
-11.611699
-10.169624
-10.370779
-10.033063
-11.122266
-10.539074
-11.376486
-10.983233
-10.417326
-10.346964
-10.617541
-10.915308
-11.367931
-9.946479
-11.241803
-10.393672
-11.550241
-10.640801
-10.948872
-10.731541
-11.580489
-10.535737
-10.285381
-10.887903
-11.441880
-11.481899
-10.951771
-10.630706
-11.284877
-11.480166
-10.883351
-11.358596
-11.226527
-10.869880
-11.109309
-11.984494
-11.421842
-12.082253
-11.339197
-11.756482
-11.898171
-11.855503
-10.607876
-11.058072
-11.916151
-11.488045
-10.899631
-11.668388
-11.214519
-10.816770
-11.960097
-11.307944
-10.480834
-11.659489
-11.342886
-11.808210
-12.042948
-10.608634
-11.718321
-12.318921
-11.333809
-11.936279
-12.955433
-12.477895
-11.201386
-11.878279
-12.348224
-11.260326
-12.135484
-12.033016
-11.524219
-11.978361
-12.165635
-11.559493
-12.122348
-12.039854
-11.732093
-11.309017
-13.415283
-11.955103
-11.939349
-12.437571
-12.678281
-11.687483
-11.253659
-12.161371
-12.260328
-12.003165
-12.056347
-12.543618
-13.257365
-11.421515
-12.412848
-12.528187
-12.571670
-11.803339
-12.042265
-12.206479
-11.504136
-12.121677
-11.769465
-11.945422
-12.551594
-11.752399
-12.716888
-12.246812
-12.262818
-12.425525
-11.349600
-12.087043
-12.122983
-12.557931
-11.880535
-11.850940
-11.568641
-11.864961
-11.712261
-12.125730
-12.815203
-11.790316
-12.192227
-11.829754
-13.056003
-12.031842
-11.814688
-12.954326
-12.670524
-12.404567
-12.976457
-10.977073
-11.943073
-13.018097
-12.192964
-12.806307
-11.785725
-10.583462
-11.771154
-12.987396
-12.743706
-11.885036
-11.397560
-11.973388
-12.409854
-11.907983
-11.281179
-11.001673
-11.653585
-11.876348
-12.687573
-11.265275
-12.097883
-11.447266
-12.881438
-11.593939
-12.491077
-12.292498
-11.999443
-12.500076
-11.109011
-11.973438
-11.344633
-12.365927
-11.874517
-11.422612
-12.348527
-11.902803
-10.565493
-10.860231
-11.767253
-12.261347
-11.215989
-11.593758
-12.018621
-11.087105
-11.783589
-11.173132
-11.839760
-10.706239
-12.162095
-11.684511
-11.169013
-11.001657
-11.237449
-10.579515
-10.709559
-12.259570
-11.373613
-12.145260
-10.817063
-11.399668
-11.334763
-11.410645
-11.911830
-10.693638
-11.119928
-11.500102
-11.411416
-10.794246
-11.642959
-11.534870
-10.984148
-10.173512
-10.632538
-11.027202
-11.495550
-11.045378
-11.591025
-11.162637
-11.190164
-11.107043
-11.226470
-11.340171
-11.152151
-10.401292
-11.649283
-10.496086
-11.039289
-10.346363
-10.179394
-10.314839
-10.892802
-11.141272
-10.361269
-10.425436
-10.352917
-10.901035
-10.959472
-10.563187
-10.147460
-8.899033
-11.045914
-10.312761
-10.221762
-10.687373
-11.239637
-10.662439
-10.454124
-10.463439
-10.953476
-9.882914
-8.752042
-10.687693
-10.767527
-9.419953
-10.266235
-9.860858
-9.809391
-9.605187
-10.430771
-9.596733
-10.199918
-9.918393
-9.834687
-10.701487
-9.450959
-10.127911
-10.187576
-9.640490
-10.178934
-10.528593
-9.613488
-9.787292
-9.378581
-9.336575
-8.272239
-9.762031
-9.383469
-11.155569
-9.899404
-9.012156
-9.226524
-10.003500
-9.121212
-9.597649
-9.547479
-8.939555
-9.864853
-8.922748
-8.607042
-9.605677
-8.900550
-8.987139
-8.995022
-8.927983
-9.521091
-9.232017
-7.908156
-9.250888
-9.219276
-8.657287
-9.061270
-9.064559
-8.375674
-8.526562
-8.709124
-8.094815
-9.285269
-8.920336
-8.430425
-8.018980
-9.236601
-8.368712
-8.630713
-8.013140
-8.660990
-8.645584
-7.651287
-6.924121
-8.356326
-7.885488
-7.758331
-7.615135
-8.415662
-8.576941
-8.016935
-8.280058
-8.803452
-7.925943
-7.320868
-7.952792
-7.972380
-7.677939
-7.233914
-7.354583
-7.696601
-7.291284
-7.886355
-7.526465
-8.482724
-7.402727
-6.694614
-7.268941
-7.347396
-6.617326
-7.451353
-8.326248
-7.884127
-7.356497
-6.410308
-6.351355
-6.790367
-6.817930
-6.370603
-7.107305
-6.785181
-7.293037
-6.323305
-6.433339
-6.211222
-7.205218
-5.613417
-6.810470
-6.880727
-6.514882
-6.638220
-6.746779
-6.891154
-6.496438
-6.721264
-6.689956
-6.085853
-6.932890
-5.678022
-6.332026
-6.139585
-7.718911
-5.469282
-6.128102
-5.774527
-5.706440
-5.503972
-5.724656
-5.440150
-5.965842
-4.615263
-5.295327
-6.165897
-5.617869
-6.029513
-5.377885
-5.837611
-5.359638
-5.112049
-5.397162
-5.193938
-5.177435
-6.009056
-5.431283
-5.666296
-5.433844
-5.045058
-5.690590
-5.434084
-5.007213
-4.408531
-5.118204
-4.639013
-5.353385
-5.604196
-4.654010
-4.623979
-4.895851
-4.416753
-3.778273
-4.388344
-4.652105
-4.708794
-4.910430
-4.534312
-4.298107
-5.421866
-4.377477
-5.150911
-4.822444
-1.958183
-4.344665
-4.405632
-3.254590
-3.993586
-3.795593
-2.418280
-4.137556
-3.538914
-4.050372
-4.377777
-3.552503
-3.772511
-2.510048
-4.465054
-3.342046
-3.179879
-2.940399
-3.327117
-3.333046
-3.911579
-3.542685
-3.893065
-4.352470
-3.584402
-3.842647
-2.992465
-3.308708
-3.461945
-2.873900
-2.427743
-2.817329
-3.303591
-3.206977
-3.930446
-2.561720
-2.790798
-2.933511
-2.597684
-2.410875
-2.990822
-2.342438
-2.208291
-3.197803
-2.850419
-3.909488
-1.085178
-2.376511
-2.568043
-2.247487
-1.782880
-1.426193
-2.072808
-3.419016
-1.989639
-1.718977
-1.598588
-1.713890
-1.697869
-1.847049
-3.385345
-1.385106
-1.442762
-1.548269
-2.674455
-2.660838
-1.920018
-1.666093
-1.552911
-2.835982
-1.719949
-1.222684
-1.852003
-1.697779
-1.202843
-1.662249
-0.917059
-0.883995
-0.811045
-1.360819
-1.685070
-0.969038
-1.505768
-0.507642
-0.342870
-0.828073
-1.134749
-1.043177
-0.458106
-0.357674
-0.215530
-0.541099
-0.630075
-0.062988
-0.005388
-0.175042
0.291121
0.455217
0.524059
-0.459293
0.922935
0.650720
-0.662647
-0.679355
-0.925839
-0.451130
-0.761751
-0.066054
-0.122487
0.101605
0.154642
0.806676
0.409850
0.262096
0.478719
0.932964
0.298535
0.316438
-0.454433
0.760785
0.217847
0.952445
-0.093745
0.851743
0.564422
0.524664
0.451615
0.883441
0.147909
0.728450
0.856650
0.613407
1.216754
1.693475
0.551570
1.290002
0.949380
0.801995
2.408163
0.414342
0.556652
1.177272
1.343103
1.048253
1.909695
1.287718
1.316430
1.851180
1.889761
2.319705
1.264053
0.887097
2.119759
0.639248
0.815723
0.672276
2.430292
1.638251
1.814691
2.896147
1.704798
1.711153
2.197341
3.383276
1.837939
1.782671
2.507500
1.927513
2.540889
2.723703
1.542657
2.767196
2.816055
2.624161
1.832811
1.993857
2.593586
2.185166
2.394543
2.507423
2.572135
2.696097
3.100634
2.636059
3.689751
3.819439
2.984522
3.133279
3.701351
2.738990
3.279254
3.131539
2.713520
2.390198
3.051188
2.888957
3.293428
2.618067
3.653628
2.575783
2.976086
3.001596
3.666733
3.072014
3.274341
3.483548
2.693747
3.891805
2.933268
3.706134
4.098140
4.424200
4.336324
3.396276
3.106488
4.610298
4.586291
3.244601
4.024391
4.008317
3.228283
3.597476
5.309766
3.603274
4.544023
4.921400
4.549539
4.833644
4.128766
3.903994
4.200813
4.573813
3.923867
4.971905
4.744573
4.977882
4.038584
3.309327
4.939423
4.616773
4.633090
4.717065
5.164180
4.233558
4.746771
4.387021
4.832728
4.460478
4.646327
4.357938
3.972855
5.351885
4.010612
4.403189
5.275125
5.722620
4.697484
6.213322
4.067085
4.864358
5.579027
5.153831
4.796389
5.507562
5.936883
4.828410
4.797441
5.097797
4.704140
5.122062
5.749734
4.879857
5.213460
4.664772
4.309679
5.345213
5.365548
5.024435
5.364914
6.328632
5.604000
5.399528
5.579398
5.412236
5.196276
6.963712
6.199701
5.688217
5.972425
6.679889
5.607952
6.145266
6.752314
5.569796
5.583325
5.711103
6.137701
5.959485
5.811322
5.870550
5.493900
6.538256
6.400988
7.349288
6.768622
7.020989
5.797142
5.893716
6.328575
6.312276
6.222706
6.140191
6.759779
6.789089
7.141765
6.514869
6.199507
6.208732
6.486282
6.409816
7.256291
6.667547
6.308206
6.936811
6.316284
6.327150
7.522418
7.779551
6.239911
6.800823
6.933397
6.826024
7.374817
7.098485
7.278665
7.170285
5.987711
7.485829
6.535960
7.234994
6.923177
6.396548
7.676673
7.465889
7.736112
7.862067
6.451158
7.475796
7.213277
6.511222
7.496327
7.653344
7.950561
7.260220
7.430248
7.081329
7.910950
8.303516
7.851689
6.787754
7.531483
7.303222
7.504046
7.247849
7.453509
7.904443
7.869262
7.585670
8.068940
8.695682
7.495033
7.351386
7.954298
7.391061
8.686127
8.259123
8.174817
7.904857
7.550709
8.025543
7.570618
7.378388
7.592253
7.228703
8.480805
7.972284
8.552871
7.964269
7.837287
8.595104
8.102265
8.058403
7.563596
8.044699
8.059171
8.355343
8.068352
7.773362
8.076242
8.431976
7.381988
9.032900
8.937838
9.021416
8.528535
7.348606
8.317711
7.614941
8.511494
9.246519
7.828576
9.056003
7.765577
7.853219
8.005930
8.433101
8.366369
8.568183
8.988193
8.881860
7.922307
8.308699
9.101333
8.152465
8.680489
8.797802
9.225074
8.824735
8.415837
7.933039
9.274052
9.038243
9.469255
8.215053
9.106402
9.143488
8.512179
8.910816
8.945663
8.476862
8.916082
8.632077
9.018759
8.300677
9.095858
8.481324
8.225899
8.644512
9.205922
9.185622
8.936017
9.135738
7.921021
8.842597
8.755761
8.436218
8.800407
9.303859
10.003459
9.607792
8.818351
9.490513
9.313546
8.846689
9.565569
8.896459
8.480616
8.727926
9.253788
9.020840
9.400215
9.628196
9.177921
8.611867
10.011880
8.754344
9.630608
8.828374
9.109723
8.511742
9.506224
9.425226
10.091883
10.746811
9.824316
8.711227
10.453973
9.261955
9.038437
8.740794
9.874093
9.249035
10.185450
10.569438
9.793131
9.887401
8.860279
9.782742
9.107653
10.013182
10.475778
9.258888
9.409716
9.074081
9.772481
10.125264
9.570138
10.266774
9.857106
9.764049
9.598116
10.157559
9.303098
9.867430
10.012846
9.073971
9.682083
9.856815
9.413392
9.560786
10.025281
8.880614
9.399284
9.749280
9.298749
10.537263
9.161872
8.895769
9.690928
10.453155
9.802972
10.220754
9.729988
9.309594
10.493427
9.984951
9.889718
9.722611
10.853518
9.917002
9.658446
9.975189
9.284466
9.890473
8.982402
9.281922
10.157688
10.141613
9.958974
10.005917
10.575707
10.265528
9.302400
8.951667
10.715582
9.864779
11.597111
9.479789
10.792445
9.959786
9.878062
9.933185
10.419704
10.190621
10.471893
10.618931
9.434268
9.907882
10.189288
9.471736
10.674709
9.523615
9.516678
10.041259
9.823166
10.211672
9.450038
10.124493
10.413340
9.050190
10.364556
10.139580
9.730687
9.892010
9.482763
10.246204
10.441888
10.678856
10.546432
9.974873
10.098463
10.213421
8.818707
10.214506
9.583140
10.651304
9.647860
9.763909
9.687601
9.993502
10.237158
10.113164
9.291978
9.170064
9.469030
10.611267
9.885650
10.398945
9.954340
10.286075
9.100332
9.174548
10.288483
10.069383
9.807197
9.245466
9.293117
10.191843
9.775651
10.239516
9.408343
9.723200
10.196823
10.365947
9.803534
9.809143
9.857523
9.905061
9.766125
10.421514
9.766119
9.534208
9.881000
10.047234
9.880563
10.499668
10.328994
9.764218
9.058500
9.649894
9.368303
10.644792
9.929295
10.258287
10.351225
10.271510
9.038982
9.587063
9.495107
10.589206
9.924812
10.828869
10.576871
10.706144
10.976463
10.026691
9.765720
10.181513
9.335208
10.170891
9.247957
10.714473
10.087547
9.012284
9.102651
10.028218
9.642488
9.402862
10.510048
9.524422
10.485640
10.813412
10.293385
9.013776
9.324834
9.986741
10.158170
9.371526
9.241686
9.341421
9.403347
10.007513
9.553247
9.955976
9.441028
10.990443
9.638571
9.673184
9.162403
9.438886
10.633521
9.588077
9.542081
9.936256
9.895042
10.396714
9.222536
9.234136
9.374678
10.101063
8.692879
9.620860
9.645672
9.424779
10.334543
9.691843
10.294228
9.807915
9.338116
10.397559
8.521475
9.559824
9.347287
9.545613
10.149244
8.594540
9.888039
10.167586
10.112803
9.575076
9.296923
9.944227
9.008899
10.401801
9.292084
9.764882
10.398397
9.633590
9.913154
9.472331
10.707226
9.441217
10.129936
10.009940
9.493488
9.610937
9.267628
9.109665
10.094902
8.783802
9.445483
9.913411
9.855858
9.484603
9.931524
9.764691
9.969038
8.592110
9.775519
9.285429
9.867140
9.936326
9.398647
9.363399
8.879937
9.518005
9.433053
8.576963
10.153224
8.826925
9.513322
9.386056
8.635805
9.154246
9.527343
9.572444
10.008172
9.186958
9.192572
8.974874
8.580650
9.712403
9.939885
9.368173
9.242974
9.035276
9.147026
9.209288
9.233941
9.550711
8.137565
9.525673
9.507849
9.851379
8.994699
8.499407
8.784972
9.074136
9.331237
9.215399
8.965985
9.257028
9.820089
8.780455
7.817642
8.297560
8.701165
8.319879
8.304456
8.907326
9.426960
9.352252
9.826868
9.573728
9.242274
8.592219
9.846992
9.273397
9.401745
8.931818
9.279368
8.430736
9.224416
9.155687
9.104769
8.512211
9.401237
9.026102
8.697759
8.473556
9.442601
8.565447
9.804429
7.999977
8.340442
8.857844
8.607827
8.532886
9.735342
8.438071
8.742214
8.761751
8.168329
8.182250
8.704748
8.566764
8.727552
9.052838
8.048170
8.390528
8.204926
8.679342
8.535084
9.601925
8.540899
7.887080
9.196254
8.580058
7.796550
8.930134
8.857806
8.394712
7.884236
8.300316
8.621410
8.642513
9.123180
7.567140
8.156250
8.865112
7.951344
8.934889
8.607812
8.146715
8.999358
8.397097
8.596278
7.970081
8.047679
7.532340
8.564651
8.311706
8.528427
8.565019
8.982526
8.308656
8.438356
7.564845
8.172236
8.286949
8.080255
7.521110
7.823258
7.799729
7.663381
8.207029
8.503479
6.489509
8.211420
8.021514
9.033603
7.736945
9.260696
7.805865
9.030182
7.622000
8.659910
7.745471
7.692172
6.318972
8.400186
8.426360
8.275500
7.965146
7.827290
7.767719
7.948280
8.313428
7.884781
7.321681
6.671240
8.031136
8.039511
7.638127
7.627125
8.116105
8.152170
7.644951
7.743528
8.404989
7.534951
7.945966
8.092739
8.149434
7.283038
7.431043
7.008304
7.818313
8.185881
7.303094
7.219066
8.141819
6.955967
6.726640
7.611530
8.099240
7.975177
7.379324
7.392664
6.971226
6.902191
7.744931
7.043053
6.098585
6.958704
7.151346
7.120858
5.994843
6.995321
6.504917
7.728205
6.895172
6.935338
6.866275
7.328500
7.729783
6.132947
7.892269
6.645388
7.154850
7.341629
6.532077
6.826023
6.290242
7.560566
7.878008
7.137401
6.744631
6.536817
6.882686
5.981242
7.252364
6.704795
6.967781
7.031981
7.387562
6.413514
7.175623
6.472642
7.341884
6.946340
6.713944
6.457156
7.340350
5.933628
7.394977
7.682564
6.933344
6.748117
7.562401
5.922663
5.822016
6.169906
6.312690
6.164937
6.927022
6.075609
7.066698
5.921186
6.726468
6.788275
6.345386
6.974988
6.019483
6.395484
7.350651
6.725136
6.091770
6.773142
5.926254
5.651661
6.690729
7.252730
6.109928
7.111181
5.877924
5.655488
6.165598
5.826546
6.841759
6.978708
6.443135
6.383065
6.401313
5.677140
6.273913
6.193854
5.970620
5.222113
4.950079
6.155147
6.360032
6.092206
5.531101
5.367377
6.182815
5.968796
6.883474
6.390771
5.566553
6.363298
5.705744
5.837124
6.745077
5.327313
5.768082
5.302285
4.999200
5.527983
5.500446
5.634053
6.176080
5.107623
5.914509
4.594856
5.448334
6.042020
5.596021
4.915351
5.354679
6.027519
4.519488
5.894608
6.202820
6.191088
6.116409
4.805087
5.531832
5.675463
5.777410
5.731221
5.548563
5.553198
4.693185
4.615468
6.598316
5.721031
5.503332
5.777538
5.073971
5.820235
4.311273
5.648606
5.174727
5.803317
5.817305
5.907467
5.218183
4.510630
4.472905
4.968805
4.337560
4.145657
5.215011
5.658176
5.124371
4.999634
5.455483
5.071554
5.208192
4.288743
5.430753
4.650895
5.472804
4.543247
5.106798
4.837500
5.082399
5.372730
4.800404
4.897974
5.491647
6.135894
4.380642
4.203679
5.232663
4.395061
4.038753
3.644877
3.509089
3.631054
4.323056
4.143935
4.131453
4.004717
4.587204
4.836962
5.150848
4.816427
4.468603
4.558357
4.753832
3.539216
5.187445
4.081991
5.502440
3.668289
3.678141
4.010230
4.359767
4.046740
5.088129
4.294131
3.426872
4.728537
4.287437
4.172492
4.037050
4.331042
4.594249
5.082772
3.706185
4.360187
4.605812
4.148010
3.698188
4.330673
4.276483
4.208270
2.840818
3.971756
4.149609
2.560033
4.378882
4.240033
3.539298
3.673576
3.408796
3.539087
4.304013
3.780581
4.300331
4.261480
3.993840
2.380773
3.206781
3.984177
4.114823
3.673614
4.407768
3.571625
3.257093
3.911406
4.708818
3.551083
3.846932
3.309010
3.272662
3.701235
4.379949
3.425638
3.433439
4.313138
3.251787
3.233132
4.284063
3.278615
3.624997
3.234356
3.187742
3.461296
3.389141
2.886889
2.671354
2.758536
2.942426
2.560744
3.903846
3.241275
3.093206
3.758169
3.579935
2.508336
3.403709
3.570308
3.006966
3.582974
2.940023
3.365824
3.411614
3.489381
3.922944
3.321036
3.570254
2.620206
3.037787
3.051865
3.197576
4.291130
3.904577
2.489597
3.767448
3.218003
2.877249
2.891369
2.962549
3.791640
2.193531
3.678801
3.348523
3.080148
4.208919
2.214982
1.862249
3.419575
2.938965
2.555482
2.586318
2.873121
3.141087
2.301661
3.722849
3.001014
2.908851
1.892592
2.784794
2.936375
1.126620
2.702329
2.857675
2.643134
2.986859
3.201189
2.544908
2.060047
1.897305
2.251660
2.065573
1.657395
3.026373
3.058819
2.915525
2.972303
2.506997
1.967142
2.123733
2.207746
3.317305
2.141216
1.898961
1.403402
2.152736
2.841022
2.356139
2.465439
1.887604
2.443644
1.449381
2.312838
1.970834
2.326761
2.039871
1.831080
1.752190
2.063747
2.902498
2.260040
2.819981
2.283675
1.674411
0.995464
2.860717
1.702020
2.465997
2.445071
2.151898
1.989623
1.713727
2.080666
2.729774
1.659880
2.351625
2.844033
1.926641
1.833551
2.350073
0.848462
1.448636
2.469657
1.575108
1.664872
1.767819
1.867557
1.840774
2.285839
1.470520
1.890207
1.781248
1.083261
1.646108
1.861802
0.822946
2.264843
0.912402
1.996192
2.136339
2.142578
2.437501
1.750549
0.957986
1.686278
1.211126
1.344640
1.159643
1.063272
1.475592
1.540978
1.335234
1.803223
1.333300
0.759266
1.715850
1.564759
0.526183
1.670865
1.895304
2.072903
1.511716
1.427579
1.837393
1.211736
1.658624
1.410851
1.723096
2.108429
1.450911
0.419162
1.568414
2.138482
1.062340
1.831684
2.534086
0.436172
1.133705
1.018487
0.866243
1.351055
0.892601
1.060256
-0.052630
1.236639
1.791810
1.257916
1.807678
0.203190
0.965413
1.181391
0.871747
1.781276
2.084245
0.625036
1.434611
1.474737
1.545047
0.182918
0.961440
0.688897
0.756746
0.848651
0.850784
0.414748
0.422974
1.145439
0.545436
1.240631
0.772319
1.336748
0.458638
0.559492
-0.149852
1.264032
0.519465
1.021495
0.962824
0.944504
1.716614
1.170504
0.811627
1.467526
1.467605
0.758119
0.777975
0.626400
1.313647
1.491850
0.721514
1.852515
0.746128
0.353119
0.736326
0.635046
1.294758
0.379593
1.150364
0.014869
0.886089
0.615131
0.688941
0.426361
0.504760
0.805427
0.005602
0.658200
0.313589
0.200764
0.643059
0.025373
0.879324
0.520742
0.780547
-0.164690
0.776114
0.571092
0.602942
1.431329
0.481310
1.528154
-0.422889
0.344102
0.202758
1.128873
0.186687
1.011079
0.152954
-0.251341
-0.683316
0.117762
0.852851
0.529958
0.666415
0.691948
-0.252955
-0.010524
-0.059134
0.949464
0.805658
-0.433374
1.039873
0.580391
-0.467631
0.644453
0.648864
0.492352
0.350604
0.831201
0.428571
0.258292
-0.185240
-0.053414
-0.023621
-0.756737
-0.185106
0.611600
0.809492
-0.002624
-0.130944
0.577977
0.682029
1.186777
0.628525
1.118485
-0.046687
0.400379
0.442066
-1.327494
0.376655
0.564405
0.251637
0.124849
-0.115330
0.971487
-0.303729
0.929653
-0.028410
1.041854
0.267239
-0.618985
0.505693
-0.237412
0.843635
0.822198
0.179408
0.808454
0.202951
-0.176075
-1.067462
-1.115420
0.835070
-0.191318
-0.355971
0.481917
0.746859
0.083366
0.183674
-1.018645
0.007554
0.650664
-0.343679
0.018769
-0.383206
0.454755
0.201749
-0.370716
