-0.127887
-0.152858
-0.177191
-0.205827
-0.230397
-0.255185
-0.284597
-0.315649
-0.341331
-0.365985
-0.392605
-0.419012
-0.449657
-0.482214
-0.514383
-0.547732
-0.509381
-0.441034
-0.376996
-0.293143
-0.227670
-0.161189
-0.073437
0.021891
0.090078
0.152520
0.224145
0.294110
0.384200
0.483049
0.579386
0.680889
0.645189
0.553264
0.472584
0.355811
0.276415
0.197201
0.079103
-0.051497
-0.038513
0.025589
0.070250
0.145797
0.003531
-0.218999
-0.400320
-0.624783
-0.649360
-0.604740
-0.613070
-0.590337
-0.644248
-0.721820
-0.764353
-0.811182
-0.877115
-0.949480
-1.025189
-1.107358
-1.178369
-1.248014
-1.324854
-1.402933
-1.311233
-1.148635
-0.994698
-0.793244
-0.636299
-0.476943
-0.266549
-0.038022
0.126153
0.276849
0.449496
0.618352
0.835268
1.073180
1.305271
1.549814
1.142447
0.462913
-0.175670
-0.993400
-1.643075
-2.300858
-3.151008
-4.069015
-3.600413
-2.593980
-1.719104
-0.501343
0.258293
0.969749
2.054855
3.227859
3.033567
2.338250
1.795844
0.938933
0.608989
0.372078
-0.211906
-0.844170
-0.905080
-0.782257
-0.736805
-0.577675
-0.707196
-0.914458
-0.992213
-1.081859
-0.768824
-0.276308
0.187565
0.765998
1.274642
1.804242
2.455212
3.160255
2.785570
1.989655
1.297232
0.337120
-0.273668
-0.850303
-1.718282
-2.657233
-2.600452
-2.184098
-1.886459
-1.365395
-1.240443
-1.191906
-0.895951
-0.572473
-0.199295
0.234128
0.695864
1.203141
1.798873
2.456581
3.157843
3.916047
3.641559
2.958960
2.380176
1.544968
1.026911
0.534630
-0.235943
-1.079267
-1.451836
-1.687662
-2.021305
-2.282641
-2.810514
-3.428272
-3.960466
-4.526597
-4.252573
-3.627909
-3.073920
-2.296725
-1.729406
-1.154276
-0.339602
0.558433
1.065794
1.471352
1.981952
2.448174
3.159813
3.966203
4.716906
5.514304
5.240497
4.526881
3.907344
3.008309
2.396196
1.785152
0.873157
-0.136010
-0.653736
-1.039760
-1.549952
-1.999222
-2.749857
-3.613322
-4.401715
-5.242950
-5.048202
-4.429460
-3.909489
-3.123155
-2.615142
-2.111190
-1.320293
-0.438677
-0.049506
0.203028
0.572985
0.876730
1.471791
2.172211
2.792464
3.458826
3.538945
3.382737
3.298899
3.073032
3.008547
2.953836
2.745718
2.493994
2.555532
2.713685
2.811972
2.963233
2.951234
2.888252
2.886670
2.870036
2.416956
1.777618
1.142003
0.374474
-0.282861
-0.954732
-1.767877
-2.636278
-3.013060
-3.221512
-3.509483
-3.700349
-4.105032
-4.563610
-4.913081
-5.264024
-4.955809
-4.356260
-3.785789
-3.021368
-2.385285
-1.716000
-0.840643
0.124365
0.813665
1.449485
2.191634
2.924771
3.871269
4.915589
5.942224
7.029767
7.020161
6.570392
6.230838
5.615736
5.318683
5.039504
4.462250
3.800220
3.653562
3.654903
3.543897
3.509014
3.179493
2.748380
2.407878
2.027125
1.527217
0.967342
0.371657
-0.279984
-0.913279
-1.568781
-2.283283
-3.031353
-3.387934
-3.599916
-3.863995
-4.041025
-4.362373
-4.709851
-4.961412
-5.199686
-5.072236
-4.772790
-4.474596
-4.057609
-3.687888
-3.282743
-2.752599
-2.157672
-1.701148
-1.259920
-0.744670
-0.219748
0.437388
1.163153
1.893817
2.672727
2.954694
3.048339
3.213391
3.267957
3.489910
3.738871
3.866811
3.973636
4.344104
4.804043
5.229797
5.710848
6.071602
6.403464
6.797483
7.191673
6.946937
6.437002
5.955285
5.293643
4.805851
4.310705
3.622035
2.865984
2.336899
1.852321
1.286668
0.731407
-0.000656
-0.811664
-1.604934
-2.446374
-2.832012
-3.044403
-3.326168
-3.508001
-3.840347
-4.197252
-4.444772
-4.673195
-5.100172
-5.591101
-6.052832
-6.553133
-6.954328
-7.328337
-7.746313
-8.159763
-8.026483
-7.663105
-7.318964
-6.817288
-6.457200
-6.085570
-5.544914
-4.941921
-4.527749
-4.146809
-3.691857
-3.240979
-2.634685
-1.956334
-1.288314
-0.574467
-0.173389
0.114988
0.464208
0.753385
1.158418
1.591052
1.957020
2.319823
2.876433
3.506964
4.125334
4.793692
5.391969
5.982565
6.627831
7.285340
7.328685
7.122230
6.955363
6.623248
6.468078
6.314953
5.983453
5.595750
5.446758
5.354111
5.191575
5.050982
4.745825
4.373528
4.030487
3.651006
3.319837
2.995246
2.631084
2.258282
1.848297
1.414252
0.972553
0.512385
-0.031142
-0.619604
-1.223651
-1.864212
-2.504246
-3.162816
-3.859332
-4.580625
-4.863790
-4.976162
-5.133374
-5.183235
-5.374104
-5.579412
-5.667873
-5.728312
-5.985029
-6.299759
-6.576091
-6.884053
-7.082814
-7.245867
-7.446066
-7.633775
-7.582123
-7.426705
-7.268972
-7.036282
-6.861088
-6.674986
-6.408794
-6.109500
-5.871929
-5.636627
-5.363762
-5.082513
-4.730998
-4.341678
-3.946411
-3.523457
-3.199151
-2.903214
-2.574317
-2.255135
-1.884185
-1.492270
-1.112382
-0.722306
-0.251965
0.256029
0.771014
1.315118
1.845717
2.384954
2.954973
3.540707
3.880784
4.126960
4.400240
4.615037
4.913477
5.222971
5.468534
5.700932
6.044142
6.421563
6.780071
7.158295
7.477980
7.779994
8.104793
8.424806
8.439658
8.324836
8.218398
8.022448
7.902871
7.774731
7.550704
7.289952
7.131366
6.988889
6.803228
6.617560
6.343643
6.027601
5.715012
5.374808
5.110601
4.866155
4.589873
4.317353
4.001459
3.665501
3.335054
2.992957
2.577106
2.124996
1.664051
1.174545
0.693625
0.202038
-0.319554
-0.858002
-1.168331
-1.392671
-1.644535
-1.843660
-2.123015
-2.414708
-2.648566
-2.872093
-3.201829
-3.565792
-3.914022
-4.282842
-4.598744
-4.900113
-5.224953
-5.547366
-5.763925
-5.936791
-6.111895
-6.256267
-6.431105
-6.604741
-6.745270
-6.874374
-7.034138
-7.198090
-7.348630
-7.498673
-7.620546
-7.728780
-7.837606
-7.937310
-7.911906
-7.829056
-7.742162
-7.613380
-7.506533
-7.388961
-7.227051
-7.043571
-6.892479
-6.740365
-6.564175
-6.380692
-6.155687
-5.907049
-5.652459
-5.379865
-5.155644
-4.942938
-4.709461
-4.477666
-4.215404
-3.938766
-3.665017
-3.382534
-3.054278
-2.702760
-2.344197
-1.966888
-1.593333
-1.211845
-0.810734
-0.397954
-0.102283
0.151105
0.421778
0.667590
0.958700
1.259265
1.532280
1.802799
2.131721
2.481407
2.825773
3.183789
3.516986
3.845456
4.189084
4.534319
4.822458
5.088661
5.359109
5.615038
5.890896
6.168880
6.431009
6.689497
6.968634
7.253171
7.532924
7.815359
8.084580
8.348929
8.616586
8.881967
8.945920
8.923450
8.907336
8.832099
8.804566
8.770299
8.672823
8.550346
8.499398
8.460477
8.392090
8.324375
8.196730
8.040779
7.887874
7.716654
7.633446
7.579427
7.502679
7.439258
7.338178
7.224914
7.126887
7.025647
6.861144
6.669829
6.478036
6.266777
6.072432
5.876109
5.658903
5.433676
5.188439
4.928717
4.661388
4.381916
4.093452
3.794665
3.483636
3.161608
2.839009
2.509717
2.168966
1.820144
1.457418
1.083781
0.702295
0.310885
-0.019439
-0.329252
-0.652036
-0.964259
-1.303001
-1.649451
-1.983929
-2.319733
-2.692704
-3.080843
-3.468657
-3.867376
-4.254720
-4.642298
-5.041654
-5.444926
-5.651623
-5.777761
-5.916522
-6.002088
-6.142563
-6.282809
-6.365722
-6.429947
-6.571877
-6.732043
-6.869058
-7.012995
-7.103215
-7.171371
-7.248825
-7.314208
-7.463891
-7.644772
-7.809596
-7.991135
-8.143675
-8.290008
-8.454766
-8.621385
-8.734734
-8.828239
-8.926113
-9.010907
-9.115926
-9.223884
-9.317463
-9.408444
-9.380685
-9.299662
-9.220953
-9.105696
-9.012454
-8.911696
-8.772174
-8.614967
-8.501627
-8.394560
-8.266987
-8.138274
-7.970592
-7.783623
-7.596991
-7.397337
-7.236311
-7.085653
-6.919854
-6.756562
-6.571751
-6.377355
-6.186362
-5.990046
-5.758195
-5.509090
-5.256035
-4.989451
-4.727502
-4.460766
-4.179795
-3.891014
-3.681692
-3.501012
-3.308709
-3.133297
-2.926973
-2.714182
-2.520115
-2.327712
-2.096066
-1.850484
-1.608465
-1.357276
-1.122815
-0.891553
-0.650104
-0.407592
-0.120067
0.188187
0.495683
0.817337
1.132147
1.450600
1.783997
2.124736
2.447893
2.768592
3.097766
3.427534
3.772980
4.126272
4.479569
4.838205
5.023435
5.137383
5.264334
5.345053
5.472850
5.600391
5.678147
5.739585
5.874959
6.028875
6.162315
6.303561
6.396508
6.470394
6.554280
6.628374
6.780980
6.963463
7.132504
7.318140
7.478537
7.634549
7.808721
7.985893
8.115474
8.228135
8.346098
8.453347
8.580435
8.711507
8.830675
8.948746
8.995318
9.009693
9.025919
9.020275
9.027348
9.029779
9.009036
8.977605
8.974077
8.974959
8.963389
8.951542
8.915882
8.868642
8.822042
8.767767
8.734598
8.706881
8.670314
8.634770
8.587079
8.533761
8.481957
8.426873
8.351369
8.265800
8.177729
8.081714
7.988022
7.891332
7.786298
7.676556
7.573501
7.470202
7.361674
7.251514
7.132785
7.009091
6.884037
6.755170
6.618125
6.475670
6.329609
6.178613
6.025603
5.869040
5.707427
5.541787
5.363752
5.178020
4.988615
4.792727
4.594533
4.391932
4.182690
3.968312
3.753296
3.534899
3.311160
3.083497
2.849155
2.609565
2.366158
2.117962
1.897852
1.687044
1.470037
1.257724
1.032942
0.804397
0.581201
0.357197
0.115787
-0.132840
-0.381511
-0.635426
-0.884267
-1.133411
-1.388203
-1.645002
-1.895434
-2.144695
-2.396353
-2.647809
-2.904402
-3.163339
-3.421864
-3.681856
-3.946183
-4.213000
-4.481145
-4.751481
-5.022021
-5.293816
-5.567881
-5.843520
-6.005275
-6.119551
-6.240385
-6.329702
-6.448803
-6.566503
-6.650344
-6.722276
-6.839150
-6.965980
-7.078275
-7.193810
-7.277029
-7.346478
-7.420558
-7.486733
-7.604896
-7.741965
-7.868647
-8.005274
-8.123253
-8.236858
-8.361479
-8.486763
-8.578708
-8.657946
-8.739395
-8.812299
-8.897233
-8.983517
-9.060455
-9.135322
-9.225238
-9.319597
-9.411089
-9.505038
-9.590570
-9.673368
-9.759049
-9.843784
-9.921652
-9.996461
-10.070610
-10.142317
-10.215668
-10.288505
-10.358739
-10.427797
-10.423384
-10.386882
-10.352311
-10.295745
-10.255106
-10.211141
-10.143736
-10.066485
-10.015639
-9.968932
-9.910708
-9.852319
-9.771195
-9.679099
-9.587721
-9.489100
-9.412369
-9.341635
-9.262464
-9.184831
-9.095291
-9.000513
-8.907773
-8.812184
-8.696556
-8.571282
-8.443940
-8.309076
-8.177006
-8.042381
-7.899832
-7.753011
-7.592410
-7.423105
-7.249909
-7.069518
-6.886058
-6.697510
-6.501616
-6.299886
-6.098299
-5.893261
-5.682117
-5.466773
-5.243689
-5.014697
-4.781642
-4.543270
-4.392911
-4.277078
-4.151915
-4.048281
-3.917075
-3.783239
-3.672803
-3.568172
-3.422755
-3.265183
-3.115564
-2.959313
-2.825472
-2.698901
-2.564563
-2.432699
-2.256149
-2.060923
-1.870123
-1.667723
-1.476146
-1.284207
-1.079828
-0.871132
-0.685023
-0.505185
-0.319805
-0.137397
0.058301
0.258848
0.455789
0.654875
0.813502
0.955537
1.101508
1.237095
1.383425
1.529877
1.665147
1.796854
1.948078
2.104752
2.256808
2.411520
2.554773
2.693907
2.836248
2.976808
3.133551
3.296684
3.457303
3.621560
3.781185
3.940279
4.103318
4.267297
4.421589
4.572618
4.725068
4.875568
5.030490
5.186531
5.340374
5.494274
5.642946
5.789187
5.935696
6.080625
6.226213
6.371370
6.514866
6.657524
6.802744
6.948486
7.093236
7.238080
7.381011
7.523068
7.665297
7.806986
7.949301
8.091648
8.233412
8.375008
8.515997
8.656586
8.797024
8.937147
9.076129
9.214461
9.352515
9.490025
9.627469
9.764600
9.901169
10.037346
10.100700
10.132825
10.167680
10.181350
10.212141
10.240578
10.246370
10.243236
10.267053
10.295755
10.313876
10.332639
10.329638
10.316557
10.304994
10.287049
10.299875
10.322964
10.338132
10.357997
10.364852
10.367533
10.375575
10.382565
10.367366
10.342801
10.318145
10.286712
10.261286
10.235231
10.201900
10.165815
10.160158
10.165388
10.166396
10.173932
10.169303
10.162110
10.162164
10.162812
10.149227
10.130632
10.113322
10.092705
10.078284
10.065086
10.048207
10.030991
9.982474
9.920091
9.858679
9.787868
9.723220
9.656894
9.580579
9.499881
9.431280
9.364714
9.293009
9.221352
9.139625
9.053091
8.967000
8.877779
8.858374
8.867254
8.869888
8.890512
8.891393
8.891642
8.911316
8.936868
8.930977
8.916519
8.909656
8.898680
8.906719
8.921725
8.931714
8.944847
8.825007
8.649528
8.482997
8.280121
8.110938
7.940006
7.730068
7.506282
7.338812
7.184684
7.013483
6.847233
6.642532
6.421983
6.208082
5.985510
5.873179
5.804396
5.721938
5.665742
5.576657
5.484438
5.420714
5.364162
5.250624
5.119218
4.997920
4.866516
4.764273
4.670772
4.565633
4.462726
4.311415
4.139323
3.971537
3.790718
3.620229
3.448483
3.262836
3.071778
2.905202
2.745036
2.578103
2.413887
2.234452
2.049097
1.867158
1.682286
1.556218
1.454159
1.346556
1.254071
1.145597
1.036817
0.944332
0.856944
0.741905
0.619214
0.503121
0.383323
0.279940
0.182504
0.080576
-0.018737
-0.142833
-0.276723
-0.406875
-0.542651
-0.671311
-0.799184
-0.933155
-1.068599
-1.189482
-1.305505
-1.423729
-1.539070
-1.661166
-1.785019
-1.905613
-2.026360
-2.173811
-2.332352
-2.489873
-2.654984
-2.812780
-2.970912
-3.137208
-3.306361
-3.466434
-3.624847
-3.786673
-3.948212
-4.117103
-4.289350
-4.461010
-4.634771
-4.794621
-4.949473
-5.107095
-5.262082
-5.422242
-5.583661
-5.742151
-5.900533
-6.067664
-6.238157
-6.408138
-6.580402
-6.749559
-6.918409
-7.089753
-7.261686
-7.362989
-7.434778
-7.510241
-7.565959
-7.640111
-7.713243
-7.765169
-7.809546
-7.880925
-7.958010
-8.025947
-8.095526
-8.145058
-8.185861
-8.229154
-8.267293
-8.338240
-8.420993
-8.497018
-8.579186
-8.649299
-8.716450
-8.790427
-8.864643
-8.917654
-8.962477
-9.008517
-9.048992
-9.096894
-9.145476
-9.187988
-9.229022
-9.284091
-9.343797
-9.401320
-9.461573
-9.515201
-9.567059
-9.622011
-9.676749
-9.725207
-9.771222
-9.817309
-9.861617
-9.908179
-9.954875
-9.999631
-10.043864
-10.111771
-10.189301
-10.265252
-10.347548
-10.423025
-10.498407
-10.580638
-10.665016
-10.740072
-10.812891
-10.888391
-10.962995
-11.043947
-11.127464
-11.209802
-11.293514
-11.308712
-11.295276
-11.286206
-11.258321
-11.247987
-11.236767
-11.205347
-11.166776
-11.156503
-11.152782
-11.140276
-11.130100
-11.100240
-11.062167
-11.027282
-10.987822
-10.980313
-10.984591
-10.982780
-10.987286
-10.980699
-10.971707
-10.969684
-10.968324
-10.946848
-10.917863
-10.890487
-10.858146
-10.833409
-10.809752
-10.780640
-10.750518
-10.724804
-10.699913
-10.673743
-10.647883
-10.618359
-10.587285
-10.556679
-10.525157
-10.491597
-10.456790
-10.421127
-10.384300
-10.347248
-10.309463
-10.270475
-10.230609
-10.184016
-10.134020
-10.083396
-10.030197
-9.977441
-9.923600
-9.867070
-9.808935
-9.752199
-9.695023
-9.636103
-9.576382
-9.514000
-9.449926
-9.385125
-9.318939
-9.263265
-9.211338
-9.157519
-9.105764
-9.049938
-8.993147
-8.938652
-8.884251
-8.823832
-8.761139
-8.698821
-8.634959
-8.573338
-8.511987
-8.448945
-8.385547
-8.316124
-8.243791
-8.171336
-8.096828
-8.022936
-7.948331
-7.871573
-7.793630
-7.717772
-7.642019
-7.564932
-7.487547
-7.407892
-7.326990
-7.245867
-7.163826
-7.098052
-7.038745
-6.977785
-6.920874
-6.859088
-6.796949
-6.739199
-6.682635
-6.618515
-6.552201
-6.487475
-6.421596
-6.359990
-6.299830
-6.238304
-6.177329
-6.043983
-5.879956
-5.719607
-5.538783
-5.375615
-5.210754
-5.023965
-4.828921
-4.662353
-4.501709
-4.331120
-4.162090
-3.971777
-3.772084
-3.574845
-3.372002
-3.284108
-3.242760
-3.190673
-3.167999
-3.112916
-3.056688
-3.032221
-3.017300
-2.949492
-2.867018
-2.796958
-2.719707
-2.673842
-2.639276
-2.596011
-2.557664
-2.467751
-2.357281
-2.254055
-2.138817
-2.038088
-1.938672
-1.826253
-1.710454
-1.623967
-1.546991
-1.465148
-1.388794
-1.298231
-1.203677
-1.115381
-1.026373
-0.894307
-0.744249
-0.595361
-0.433979
-0.284257
-0.133764
0.030154
0.198911
0.354005
0.506974
0.665648
0.824307
0.994881
1.171123
1.346880
1.526349
1.630504
1.704303
1.785186
1.846883
1.930191
2.014454
2.077980
2.135419
2.227315
2.328824
2.422381
2.520708
2.598698
2.669427
2.745907
2.819279
2.917046
3.024344
3.127418
3.235745
3.336966
3.437176
3.543097
3.650222
3.741851
3.828056
3.916221
4.001037
4.092466
4.185346
4.274491
4.363426
4.444104
4.520775
4.597555
4.671630
4.746385
4.820171
4.891129
4.960502
5.033504
5.107007
5.178690
5.250218
5.318521
5.385188
5.451818
5.517324
5.594992
5.677304
5.757928
5.841297
5.920649
5.999399
6.081152
6.163474
6.239416
6.313228
6.387930
6.461336
6.537731
6.614885
6.690576
6.766317
6.836021
6.903025
6.970328
7.035855
7.102452
7.168703
7.233071
7.296588
7.362795
7.429548
7.495291
7.561144
7.624977
7.687895
7.751008
7.813560
7.877031
7.940651
8.003653
8.066560
8.128775
8.190585
8.252321
8.313763
8.373916
8.433374
8.492583
8.551223
8.609876
8.668243
8.726019
8.783410
8.840175
8.896432
8.952312
9.007728
9.062755
9.117360
9.171498
9.225197
9.278651
9.331744
9.384391
9.436654
9.488423
9.539755
9.590707
9.641239
9.689342
9.736175
9.782675
9.828182
9.873769
9.918888
9.962974
10.006408
10.050172
10.093663
10.136457
10.178862
10.220262
10.260979
10.301331
10.341100
10.381348
10.421488
10.461002
10.500250
10.538723
10.576676
10.614382
10.651657
10.687900
10.723476
10.758648
10.793226
10.827575
10.861504
10.894826
10.927669
10.961279
10.994927
11.028040
11.061026
11.093191
11.124890
11.156487
11.187736
11.218065
11.247829
11.277271
11.306214
11.335021
11.363502
11.391470
11.419052
11.445519
11.471276
11.496678
11.521478
11.546031
11.570159
11.593673
11.616699
11.639644
11.662262
11.684374
11.706108
11.727219
11.747834
11.768081
11.787873
11.787893
11.779247
11.770981
11.756720
11.746716
11.735755
11.718409
11.698349
11.685096
11.672791
11.657333
11.641697
11.619931
11.595140
11.570405
11.543627
11.561002
11.596212
11.627404
11.669920
11.699824
11.729241
11.770892
11.816185
11.841543
11.861420
11.886024
11.907960
11.941847
11.980069
12.015052
12.051954
12.040289
12.008514
11.980794
11.940233
11.912279
11.884100
11.842118
11.795492
11.770992
11.752269
11.727675
11.705633
11.669694
11.628415
11.590331
11.549633
11.528745
11.515399
11.498519
11.485766
11.466713
11.446538
11.430881
11.415953
11.388633
11.356860
11.326413
11.293131
11.264902
11.237636
11.207228
11.176469
11.145914
11.114949
11.083587
11.051886
11.018857
10.985063
10.950971
10.916253
10.881612
10.846677
10.811089
10.775094
10.738402
10.701154
10.663508
10.625360
10.584499
10.542207
10.499507
10.455675
10.411909
10.367596
10.322106
10.275866
10.229931
10.183649
10.136569
10.089019
10.040334
9.990862
9.940945
9.890351
9.848886
9.810940
9.771895
9.734999
9.695117
9.654854
9.616936
9.579521
9.537677
9.494433
9.451919
9.408591
9.367517
9.327098
9.285744
9.244538
9.198595
9.150607
9.102969
9.054020
9.006077
8.957984
8.908494
8.858446
8.810634
8.763363
8.715408
8.667651
8.618406
8.568547
8.518954
8.469028
8.414278
8.357347
8.300282
8.241628
8.183911
8.125834
8.066070
8.005519
7.946193
7.886841
7.826608
7.766117
7.704079
7.641169
7.578053
7.514276
7.452561
7.391393
7.329450
7.267653
7.204671
7.141171
7.077867
7.014277
6.948896
6.882641
6.816170
6.749007
6.682068
6.614879
6.546961
6.478641
6.413239
6.348812
6.283837
6.219394
6.153644
6.087529
6.022018
5.956454
5.889309
5.821529
5.753768
5.685550
5.617848
5.550154
5.481965
5.413624
5.343197
5.271760
5.200251
5.128017
5.055996
4.983719
4.910681
4.837221
4.764416
4.691612
4.618337
4.544932
4.470742
4.396107
4.321368
4.246292
4.195141
4.154001
4.111480
4.075597
4.033564
3.991879
3.957318
3.925300
3.883749
3.840086
3.799524
3.758282
3.723895
3.692433
3.659997
3.629244
3.527905
3.397217
3.271306
3.126200
2.999502
2.872146
2.724165
2.569049
2.443464
2.324917
2.197547
2.072848
1.928054
1.775028
1.625562
1.471626
1.419065
1.407922
1.387809
1.394022
1.372518
1.350607
1.357072
1.372485
1.341696
1.298447
1.266678
1.229062
1.219628
1.220661
1.214518
1.213211
1.105019
0.952856
0.810249
0.639785
0.497627
0.355472
0.183335
0.001439
-0.130769
-0.249583
-0.380880
-0.505950
-0.661293
-0.827922
-0.986898
-1.151113
-1.212611
-1.232047
-1.261273
-1.264078
-1.294415
-1.325121
-1.327367
-1.320592
-1.362689
-1.418339
-1.462318
-1.512857
-1.534473
-1.545621
-1.564715
-1.579221
-1.635810
-1.708997
-1.775683
-1.851838
-1.915867
-1.978485
-2.051375
-2.126691
-2.176970
-2.218821
-2.264344
-2.304828
-2.356764
-2.411601
-2.460757
-2.510069
-2.579046
-2.655862
-2.731946
-2.813473
-2.888664
-2.963633
-3.044505
-3.127113
-3.203850
-3.279529
-3.357305
-3.434855
-3.517244
-3.601807
-3.685944
-3.771433
-3.844211
-3.912170
-3.982071
-4.049194
-4.120542
-4.192592
-4.261599
-4.330087
-4.405631
-4.483612
-4.560727
-4.639364
-4.714884
-4.789700
-4.866217
-4.942799
-4.984384
-5.011289
-5.039782
-5.058367
-5.086011
-5.113035
-5.129423
-5.141955
-5.167393
-5.195391
-5.218754
-5.242712
-5.256704
-5.266242
-5.276788
-5.284622
-5.360812
-5.464924
-5.563287
-5.679528
-5.776942
-5.874114
-5.990558
-6.113095
-6.205279
-6.289445
-6.381379
-6.469648
-6.576822
-6.691145
-6.800920
-6.914111
-6.959589
-6.977374
-7.001580
-7.008370
-7.033425
-7.058770
-7.065350
-7.066017
-7.098729
-7.140319
-7.174255
-7.212488
-7.231727
-7.244086
-7.261652
-7.276198
-7.318839
-7.372569
-7.422005
-7.477784
-7.525478
-7.572251
-7.625905
-7.681199
-7.719870
-7.752965
-7.788529
-7.820770
-7.860661
-7.902512
-7.940612
-7.978846
-8.007832
-8.032550
-8.057773
-8.080233
-8.103929
-8.126909
-8.146978
-8.165604
-8.188784
-8.212917
-8.235336
-8.257955
-8.277234
-8.295004
-8.313112
-8.330302
-8.368283
-8.414716
-8.459306
-8.509274
-8.553439
-8.597459
-8.647283
-8.698893
-8.741116
-8.780798
-8.822780
-8.863556
-8.910039
-8.958630
-9.005743
-9.053821
-9.097556
-9.139739
-9.183095
-9.225763
-9.269945
-9.314573
-9.358433
-9.402335
-9.449756
-9.498614
-9.547357
-9.597098
-9.645793
-9.694499
-9.744281
-9.794416
-9.845951
-9.898362
-9.951085
-10.004500
-10.058231
-10.112454
-10.167382
-10.222873
-10.278156
-10.333689
-10.389821
-10.446302
-10.503577
-10.561416
-10.619588
-10.678251
-10.700393
-10.707262
-10.716215
-10.715031
-10.723265
-10.730976
-10.727803
-10.720752
-10.728178
-10.738795
-10.744686
-10.751595
-10.748060
-10.740059
-10.733524
-10.724413
-10.731662
-10.744821
-10.754621
-10.767492
-10.774415
-10.779890
-10.788775
-10.797804
-10.796197
-10.790494
-10.785424
-10.777578
-10.773473
-10.769726
-10.762949
-10.755446
-10.777659
-10.811853
-10.843992
-10.884017
-10.915240
-10.946196
-10.985678
-11.027732
-11.058111
-11.085629
-11.116380
-11.145930
-11.183302
-11.223782
-11.262707
-11.303255
-11.328174
-11.347038
-11.368245
-11.385956
-11.408515
-11.431747
-11.451170
-11.469801
-11.497282
-11.527755
-11.556996
-11.588052
-11.615067
-11.641084
-11.669144
-11.697177
-11.708691
-11.713381
-11.718772
-11.719514
-11.724852
-11.730042
-11.730227
-11.728700
-11.732891
-11.738183
-11.741415
-11.744894
-11.743864
-11.740813
-11.738195
-11.734336
-11.739148
-11.747114
-11.753426
-11.761430
-11.766294
-11.770439
-11.776459
-11.782607
-11.783396
-11.782164
-11.781310
-11.779104
-11.778882
-11.778911
-11.777456
-11.775697
-11.790433
-11.811888
-11.832305
-11.857177
-11.877315
-11.897416
-11.922323
-11.948758
-11.968824
-11.987406
-12.007881
-12.027792
-12.052132
-12.078293
-12.103694
-12.130093
-12.126368
-12.110213
-12.096385
-12.074531
-12.060694
-12.046753
-12.024178
-11.998729
-11.986413
-11.977424
-11.964825
-11.953640
-11.933963
-11.910952
-11.889743
-11.866839
-11.867377
-11.877286
-11.884445
-11.897306
-11.903431
-11.909071
-11.920883
-11.934380
-11.935911
-11.933793
-11.933985
-11.932182
-11.936730
-11.943289
-11.947528
-11.952396
-11.947366
-11.938172
-11.930038
-11.919354
-11.910963
-11.902465
-11.891238
-11.879043
-11.872116
-11.866688
-11.860008
-11.854056
-11.845093
-11.835057
-11.825894
-11.816281
-11.809514
-11.803839
-11.797582
-11.791892
-11.785351
-11.778651
-11.772570
-11.766587
-11.758610
-11.749896
-11.741375
-11.732380
-11.724147
-11.716037
-11.707405
-11.698689
-11.689104
-11.679055
-11.668953
-11.658519
-11.648058
-11.637425
-11.626449
-11.615243
-11.604348
-11.593442
-11.582282
-11.571042
-11.559407
-11.547539
-11.535603
-11.523486
-11.510451
-11.496934
-11.483269
-11.469218
-11.455201
-11.441000
-11.426398
-11.411543
-11.396760
-11.381848
-11.366667
-11.351319
-11.335594
-11.319601
-11.303449
-11.287065
-11.270904
-11.254713
-11.238270
-11.221729
-11.204867
-11.187795
-11.170633
-11.153302
-11.135548
-11.117526
-11.099344
-11.080925
-11.062421
-11.043752
-11.024839
-11.005736
-10.985599
-10.964907
-10.944061
-10.922780
-10.901497
-10.879994
-10.858039
-10.835788
-10.813678
-10.791441
-10.768888
-10.746157
-10.722977
-10.699488
-10.675832
-10.651912
-10.628125
-10.604255
-10.580104
-10.555808
-10.531182
-10.506317
-10.481315
-10.456108
-10.430466
-10.404528
-10.378395
-10.351995
-10.325465
-10.298735
-10.271731
-10.244504
-10.218011
-10.191697
-10.165117
-10.138586
-10.111583
-10.084375
-10.057234
-10.029977
-10.002145
-9.974022
-9.945802
-9.917344
-9.888935
-9.860425
-9.831666
-9.802758
-9.773175
-9.743209
-9.713116
-9.682718
-9.652269
-9.621642
-9.590701
-9.559537
-9.528447
-9.497250
-9.465816
-9.434241
-9.402343
-9.370216
-9.337954
-9.305493
-9.267818
-9.227818
-9.187835
-9.146218
-9.105637
-9.064733
-9.022092
-8.978670
-8.936926
-8.895345
-8.852870
-8.810269
-8.766003
-8.720875
-8.675681
-8.629878
-8.586091
-8.542870
-8.498932
-8.455167
-8.410320
-8.365019
-8.319939
-8.274624
-8.227589
-8.179734
-8.131714
-8.083057
-8.034664
-7.986068
-7.936799
-7.887178
-7.860660
-7.843736
-7.825445
-7.813515
-7.795446
-7.777602
-7.766596
-7.757955
-7.740190
-7.720376
-7.703457
-7.685844
-7.674730
-7.666363
-7.657020
-7.649237
-7.590356
-7.510361
-7.434177
-7.344308
-7.268005
-7.191465
-7.100205
-7.004007
-6.929798
-6.861072
-6.786170
-6.713537
-6.626487
-6.533712
-6.443859
-6.351040
-6.307789
-6.284549
-6.256124
-6.240119
-6.210184
-6.179592
-6.162417
-6.149168
-6.111807
-6.067447
-6.028298
-5.985532
-5.956354
-5.931814
-5.902987
-5.875947
-5.827720
-5.770862
-5.716733
-5.657478
-5.603751
-5.550263
-5.491251
-5.430586
-5.381754
-5.336599
-5.289178
-5.243769
-5.192268
-5.138880
-5.087818
-5.036216
-4.985201
-4.934429
-4.883092
-4.831690
-4.780339
-4.728920
-4.677427
-4.625877
-4.572708
-4.518816
-4.464933
-4.410544
-4.356470
-4.302295
-4.247581
-4.192625
-4.138820
-4.085335
-4.031545
-3.977895
-3.923576
-3.869005
-3.814607
-3.760094
-3.704879
-3.649330
-3.593693
-3.537788
-3.481997
-3.426120
-3.369959
-3.313649
-3.280108
-3.256154
-3.231061
-3.212389
-3.187970
-3.163992
-3.146900
-3.132335
-3.109012
-3.083877
-3.061792
-3.039226
-3.023240
-3.010150
-2.996305
-2.984193
-2.961929
-2.936077
-2.912450
-2.887014
-2.865443
-2.844904
-2.822343
-2.799814
-2.784066
-2.771004
-2.757667
-2.746190
-2.732490
-2.718686
-2.706901
-2.695691
-2.658208
-2.610029
-2.563594
-2.510107
-2.464141
-2.418256
-2.364760
-2.308860
-2.263327
-2.220273
-2.174222
-2.129156
-2.077018
-2.022016
-1.968314
-1.913073
-1.871105
-1.834201
-1.795143
-1.758947
-1.718477
-1.677302
-1.639256
-1.601759
-1.556495
-1.508513
-1.461459
-1.412704
-1.367293
-1.322606
-1.276021
-1.229322
-1.197594
-1.171981
-1.145590
-1.123319
-1.096737
-1.070170
-1.048047
-1.027365
-1.001289
-0.974064
-0.948599
-0.922772
-0.900951
-0.880850
-0.860217
-0.840589
-0.812973
-0.782373
-0.753153
-0.722275
-0.694119
-0.666490
-0.637039
-0.607349
-0.582402
-0.559168
-0.535466
-0.512871
-0.488351
-0.463480
-0.439833
-0.416339
-0.379716
-0.337707
-0.296432
-0.251556
-0.210377
-0.169161
-0.124063
-0.077688
-0.036228
0.004149
0.046092
0.087673
0.132819
0.179478
0.225621
0.272631
0.312936
0.350739
0.389725
0.427331
0.467225
0.507570
0.546398
0.585035
0.627709
0.671851
0.715608
0.760317
0.803409
0.846219
0.890080
0.934085
0.972316
1.008270
1.044630
1.079483
1.116190
1.153022
1.188218
1.222974
1.259897
1.297363
1.334266
1.371414
1.407127
1.442286
1.477755
1.512943
1.551523
1.591446
1.630936
1.671231
1.710534
1.749745
1.789829
1.830136
1.868645
1.906585
1.944842
1.982776
2.021619
2.060732
2.099474
2.138282
2.164070
2.184310
2.205175
2.222328
2.242588
2.262496
2.278432
2.292842
2.312349
2.332888
2.351597
2.370550
2.385634
2.398992
2.412755
2.425473
2.472185
2.532914
2.591098
2.658367
2.716531
2.774808
2.842863
2.914166
2.970884
3.023954
3.081094
3.136711
3.201872
3.270810
3.337794
3.406726
3.442077
3.463845
3.489063
3.505828
3.531981
3.558534
3.575959
3.590681
3.621636
3.657265
3.689324
3.723773
3.748989
3.771020
3.795894
3.819507
3.857454
3.901210
3.943065
3.988351
4.029833
4.071103
4.116073
4.162117
4.200085
4.235513
4.272428
4.307930
4.347516
4.388334
4.427526
4.467036
4.497787
4.524788
4.552483
4.577788
4.605026
4.632040
4.656502
4.679979
4.707638
4.736345
4.763831
4.791730
4.816919
4.841018
4.865654
4.889720
4.930238
4.977547
5.023561
5.073948
5.119971
5.166050
5.216834
5.269184
5.314296
5.357560
5.402794
5.447235
5.496323
5.547226
5.597122
5.647932
5.673513
5.688682
5.705876
5.716382
5.733562
5.750662
5.760566
5.768078
5.786796
5.808399
5.826985
5.846826
5.859529
5.869462
5.880978
5.891114
5.911999
5.936978
5.960078
5.985436
6.007365
6.028695
6.052494
6.076700
6.094278
6.109489
6.125426
6.139861
6.157030
6.174736
6.190774
6.206644
6.226066
6.246744
6.267081
6.288238
6.307872
6.327206
6.347452
6.367783
6.386886
6.405602
6.424467
6.443084
6.462356
6.481805
6.500972
6.520170
6.536453
6.551481
6.566665
6.581020
6.596025
6.610936
6.624960
6.638632
6.653519
6.668663
6.683383
6.698171
6.712066
6.725567
6.739176
6.752550
6.773635
6.797903
6.821598
6.847357
6.871058
6.894790
6.920742
6.947437
6.970825
6.993389
7.016882
7.040033
7.065353
7.091534
7.117276
7.143463
7.166244
7.187737
7.209835
7.231227
7.253733
7.276445
7.298383
7.320207
7.344131
7.368813
7.393280
7.418233
7.442335
7.466280
7.490763
7.515311
7.535548
7.554038
7.572787
7.590369
7.609221
7.628094
7.645708
7.662930
7.681760
7.700957
7.719669
7.738518
7.756228
7.773467
7.790892
7.808055
7.827533
7.847893
7.867883
7.888375
7.908114
7.927728
7.947891
7.968149
7.987071
8.005527
8.024144
8.042469
8.061373
8.080404
8.099110
8.117798
8.131833
8.143845
8.156037
8.166864
8.178706
8.190358
8.200556
8.210155
8.221553
8.233281
8.244299
8.255361
8.264983
8.273937
8.282993
8.291627
8.302012
8.312954
8.323385
8.334046
8.343915
8.353500
8.363353
8.373102
8.381492
8.389282
8.397026
8.404327
8.411941
8.419475
8.426536
8.433391
8.443061
8.453781
8.464163
8.475192
8.485202
8.495046
8.505600
8.516271
8.525659
8.534632
8.543786
8.552686
8.562222
8.571928
8.581346
8.590789
8.598517
8.605497
8.612575
8.619161
8.626100
8.632968
8.639314
8.645441
8.652320
8.659362
8.666141
8.672964
8.679242
8.685282
8.691388
8.697353
8.721266
8.752755
8.783325
8.818956
8.850121
8.881660
8.918623
8.957595
8.989561
9.020061
9.052986
9.085516
9.123271
9.163322
9.202755
9.243556
9.280399
9.316133
9.353448
9.390496
9.429604
9.469631
9.509306
9.549480
9.593480
9.639303
9.685475
9.733056
9.780072
9.827546
9.876504
9.926248
9.938077
9.934300
9.932982
9.921383
9.920166
9.918809
9.906381
9.890276
9.889387
9.892078
9.890218
9.889710
9.878713
9.863406
9.849914
9.834064
9.836253
9.845203
9.850949
9.860411
9.863827
9.866072
9.872399
9.879273
9.875150
9.867035
9.859994
9.850376
9.845171
9.840749
9.833478
9.825828
9.833684
9.847658
9.860550
9.877491
9.889456
9.901086
9.917113
9.934327
9.945738
9.955702
9.967180
9.978009
9.992689
10.008863
10.024212
10.040319
10.047305
10.050678
10.055222
10.057605
10.062663
10.067970
10.070935
10.073302
10.080511
10.089252
10.097147
10.105914
10.112238
10.117843
10.124447
10.130881
10.129145
10.123959
10.118956
10.111549
10.106265
10.100777
10.092710
10.083676
10.077219
10.071133
10.063914
10.056658
10.047089
10.036399
10.025762
10.014378
10.007170
10.001393
9.994663
9.988640
9.980917
9.972702
9.965285
9.957797
9.947522
9.936113
9.924757
9.912597
9.901286
9.889965
9.877776
9.865302
9.877717
9.900497
9.921903
9.950216
9.971964
9.994010
10.023479
10.055552
10.077983
10.098318
10.121822
10.144671
10.174546
10.207439
10.239376
10.273066
10.269717
10.251328
10.236342
10.211834
10.197668
10.183800
10.159657
10.132377
10.122088
10.116471
10.106792
10.099372
10.081782
10.060493
10.041949
10.021764
10.022818
10.032431
10.039451
10.051627
10.057934
10.063887
10.075409
10.088514
10.090351
10.088725
10.089267
10.087915
10.092465
10.098867
10.103072
10.107835
10.110320
10.111865
10.114068
10.115870
10.118086
10.120361
10.122208
10.123943
10.127934
10.132787
10.137424
10.142613
10.147021
10.151332
10.156245
10.161287
10.159197
10.154198
10.149643
10.143159
10.138706
10.134261
10.127735
10.120541
10.116104
10.112308
10.107685
10.103303
10.096997
10.089898
10.083124
10.075913
10.072327
10.070113
10.067293
10.065242
10.061998
10.058544
10.055931
10.053453
10.048832
10.043451
10.038307
10.032681
10.027954
10.023409
10.018328
10.013199
10.010511
10.008782
10.006894
10.005647
10.003601
10.001500
10.000094
9.998873
9.996778
9.994472
9.992400
9.990237
9.988670
9.987338
9.985888
9.984561
9.974010
9.959579
9.945673
9.929195
9.915033
9.900708
9.883625
9.865537
9.851150
9.837576
9.822779
9.808235
9.791016
9.772648
9.754648
9.735981
9.740748
9.755214
9.767983
9.787055
9.799930
9.812942
9.832733
9.854817
9.866915
9.876557
9.889056
9.900563
9.918692
9.939478
9.958973
9.979865
9.962888
9.930314
9.900810
9.861293
9.831884
9.802410
9.762159
9.718363
9.691378
9.668744
9.641628
9.616425
9.580559
9.540578
9.503001
9.463388
9.463952
9.480913
9.494054
9.517508
9.530028
9.542324
9.565737
9.592617
9.600538
9.603194
9.610345
9.614934
9.630735
9.650582
9.667329
9.685841
9.687454
9.682374
9.679825
9.673428
9.671854
9.670796
9.665567
9.659315
9.662972
9.669924
9.675357
9.682737
9.685495
9.687037
9.690783
9.694406
9.647040
9.578153
9.511357
9.429966
9.361491
9.291893
9.206647
9.115585
9.043047
8.974009
8.898026
8.822691
8.732671
8.635970
8.540517
8.440910
8.452948
8.510676
8.559299
8.637282
8.684656
8.731801
8.810584
8.899481
8.939339
8.966421
9.006337
9.040535
9.105683
9.182679
9.252522
9.328152
9.304156
9.239723
9.185518
9.106167
9.054264
9.003340
8.925282
8.839045
8.801280
8.777433
8.742813
8.715264
8.660080
8.595312
8.538969
8.478793
8.460113
8.458185
8.450567
8.452773
8.443849
8.434191
8.435136
8.439071
8.419291
8.391945
8.368800
8.341385
8.325731
8.313526
8.296427
8.280107
8.273072
8.269833
8.266963
8.267011
8.264065
8.261252
8.261593
8.263021
8.263314
8.263968
8.265822
8.268234
8.272896
8.278904
8.285403
8.292980
8.293350
8.291211
8.290503
8.288465
8.289336
8.290974
8.291121
8.291301
8.295816
8.302032
8.308083
8.315321
8.321089
8.326770
8.333742
8.341065
8.325533
8.300576
8.276980
8.247127
8.223538
8.199826
8.169377
8.136667
8.112845
8.091033
8.066444
8.042555
8.012352
7.979498
7.947619
7.914243
7.922608
7.948134
7.970319
8.003546
8.025536
8.047566
8.081482
8.119285
8.138730
8.153444
8.173066
8.190616
8.219860
8.253628
8.284786
8.318192
8.301532
8.264347
8.231627
8.185887
8.153615
8.121446
8.075254
8.024568
7.996958
7.975576
7.948437
7.924210
7.885931
7.842428
7.802499
7.760156
7.743640
7.737361
7.727497
7.723638
7.712323
7.700269
7.694725
7.690816
7.672481
7.649463
7.628811
7.605443
7.589075
7.574664
7.557159
7.539995
7.522048
7.503599
7.485513
7.467263
7.448592
7.429704
7.410667
7.391421
7.373723
7.356571
7.339133
7.321994
7.304238
7.286328
7.268751
7.251179
7.231823
7.211746
7.191754
7.171270
7.151324
7.131385
7.110915
7.090279
7.070248
7.050339
7.030229
7.010154
6.989618
6.968880
6.948197
6.927395
6.911644
6.897991
6.883997
6.871377
6.857435
6.843539
6.831119
6.819208
6.805188
6.790666
6.776774
6.762692
6.750045
6.737986
6.725673
6.713679
6.699465
6.684429
6.669818
6.654767
6.640478
6.626353
6.611742
6.597083
6.583832
6.571105
6.558263
6.545767
6.532737
6.519630
6.506904
6.494246
6.476917
6.457673
6.438704
6.418461
6.399531
6.380591
6.360277
6.339513
6.320534
6.301958
6.282829
6.263842
6.243584
6.222793
6.202200
6.181307
6.162768
6.145111
6.127043
6.109463
6.091089
6.072563
6.054573
6.036655
6.017324
5.997482
5.977779
5.957748
5.938289
5.918935
5.899216
5.879451
5.870842
5.866921
5.862468
5.861166
5.857007
5.853052
5.852478
5.853137
5.849599
5.845212
5.842307
5.839192
5.839272
5.840771
5.841925
5.843934
5.839072
5.831651
5.825409
5.817742
5.812444
5.807610
5.801208
5.794608
5.792051
5.790955
5.789467
5.788925
5.786743
5.784265
5.782833
5.781535
5.721246
5.636031
5.553505
5.454195
5.369633
5.283764
5.179908
5.069348
4.981000
4.897058
4.805075
4.714087
4.605979
4.490203
4.376131
4.257377
4.273464
4.344912
4.405714
4.502207
4.562109
4.622039
4.720408
4.831272
4.883404
4.920470
4.973308
5.019578
5.103440
5.201889
5.292044
5.389485
5.369196
5.301348
5.246054
5.161349
5.109550
5.059300
4.977285
4.885964
4.852610
4.836195
4.807396
4.787404
4.735020
4.671668
4.618731
4.561655
4.554039
4.566630
4.572888
4.591158
4.596681
4.601739
4.619730
4.641656
4.635925
4.621638
4.612721
4.599150
4.599890
4.605107
4.604934
4.606079
4.597321
4.584397
4.573222
4.559791
4.548378
4.536951
4.523115
4.508461
4.500886
4.495686
4.489315
4.484308
4.476088
4.467016
4.459485
4.451871
4.445325
4.439357
4.433269
4.427514
4.421886
4.416455
4.411362
4.406520
4.400789
4.394833
4.389177
4.383449
4.378273
4.373330
4.368291
4.363380
4.359198
4.355376
4.351654
4.348219
4.344698
4.341286
4.338177
4.335238
4.332249
4.329351
4.326635
4.324032
4.321694
4.319541
4.317496
4.315612
4.313425
4.311196
4.309147
4.307123
4.305357
4.303731
4.302121
4.300611
4.299449
4.298483
4.297606
4.296896
4.296200
4.295597
4.295167
4.294856
4.264573
4.221611
4.180065
4.130007
4.087381
4.044079
3.991655
3.935821
3.891436
3.849359
3.803185
3.757561
3.703201
3.644947
3.587607
3.527906
3.481365
3.439415
3.394460
3.351773
3.303947
3.254680
3.207957
3.161096
3.105277
3.045852
2.986691
2.925004
2.866126
2.807289
2.745718
2.683300
2.643655
2.613013
2.580492
2.553800
2.519965
2.485622
2.457608
2.431293
2.395657
2.357521
2.321595
2.284452
2.253076
2.223817
2.193067
2.163285
2.181914
2.221438
2.259865
2.312743
2.354342
2.397798
2.456690
2.521827
2.570608
2.616989
2.670663
2.724582
2.792999
2.868472
2.943632
3.023502
3.013400
2.967190
2.929730
2.869546
2.835518
2.802897
2.745693
2.681459
2.658770
2.647860
2.627686
2.613489
2.575188
2.528452
2.488869
2.445824
2.444578
2.460252
2.470597
2.491030
2.500226
2.508804
2.528266
2.550880
2.550552
2.543090
2.539967
2.532918
2.537681
2.546090
2.549959
2.554857
2.517396
2.461913
2.409284
2.344938
2.290464
2.235001
2.167007
2.094264
2.040171
1.990463
1.934933
1.880957
1.814208
1.742137
1.672177
1.599268
1.598828
1.628064
1.651140
1.693176
1.715500
1.737669
1.780266
1.829394
1.845991
1.853970
1.870276
1.882641
1.915202
1.955391
1.990696
2.029637
2.039556
2.038313
2.042045
2.039590
2.046121
2.054104
2.055335
2.055323
2.073200
2.097390
2.119470
2.145506
2.163999
2.180913
2.202230
2.223881
2.197577
2.151491
2.107854
2.050911
2.007240
1.963240
1.904914
1.841743
1.796184
1.754331
1.706590
1.659946
1.600151
1.534652
1.470808
1.403602
1.396755
1.414190
1.425556
1.452111
1.461363
1.469729
1.494514
1.524039
1.525037
1.517858
1.516944
1.511844
1.523072
1.539949
1.551838
1.565980
1.553044
1.529114
1.508644
1.481628
1.461795
1.442317
1.415780
1.387167
1.373514
1.364508
1.352650
1.343341
1.326321
1.306912
1.290450
1.273307
1.261601
1.252202
1.241887
1.232837
1.222717
1.212637
1.203907
1.195657
1.183591
1.170270
1.157621
1.144265
1.132694
1.121621
1.109746
1.097952
1.085591
1.072942
1.060394
1.047695
1.034968
1.022168
1.009214
0.996157
0.983627
0.971256
0.958755
0.946330
0.933633
0.920842
0.908140
0.895403
0.886652
0.879590
0.872321
0.866178
0.859061
0.852035
0.846215
0.840848
0.833901
0.826622
0.819889
0.813065
0.807414
0.802277
0.797000
0.792029
0.785379
0.778143
0.771295
0.764159
0.757676
0.751377
0.744755
0.738151
0.732702
0.727719
0.722703
0.718013
0.712962
0.707907
0.703205
0.698614
0.690864
0.681859
0.673106
0.663539
0.654949
0.646418
0.637004
0.627345
0.618973
0.610941
0.602593
0.594407
0.585412
0.576115
0.567017
0.557777
0.550244
0.543392
0.536320
0.529654
0.522501
0.515307
0.508554
0.501917
0.494362
0.486519
0.478839
0.470997
0.463619
0.456380
0.448954
0.441562
0.435416
0.429796
0.424157
0.418888
0.413292
0.407730
0.402565
0.397549
0.392162
0.386729
0.381471
0.376226
0.371332
0.366611
0.361891
0.357290
0.339662
0.316548
0.294118
0.268030
0.245211
0.222142
0.195150
0.166717
0.143385
0.121133
0.097138
0.073448
0.045983
0.016869
-0.011780
-0.041403
-0.048200
-0.045692
-0.045173
-0.038722
-0.038584
-0.038564
-0.032147
-0.023732
-0.025592
-0.030210
-0.032266
-0.035613
-0.032658
-0.027356
-0.023641
-0.018833
-0.024190
-0.033528
-0.041310
-0.051372
-0.058420
-0.065088
-0.074235
-0.083939
-0.087697
-0.089449
-0.092054
-0.093452
-0.097564
-0.102355
-0.105787
-0.109246
