0.715255
-0.296246
-1.252634
-2.452871
-1.848862
-0.585586
0.347912
1.641082
1.387747
0.610006
0.268644
-0.296541
-0.247693
0.003745
0.000480
0.048797
0.029912
-0.020366
-0.016375
-0.011121
-0.017840
-0.023315
-0.026534
-0.029478
-0.038920
-0.050758
-0.062015
-0.074834
-0.085139
-0.095044
-0.106672
-0.118579
-0.118434
-0.113474
-0.109337
-0.102017
-0.098402
-0.094959
-0.088069
-0.080184
-0.076899
-0.074741
-0.071327
-0.068395
-0.062372
-0.055127
-0.048503
-0.041244
-0.055983
-0.079850
-0.102115
-0.130306
-0.152751
-0.175359
-0.204335
-0.235489
-0.257188
-0.276560
-0.298643
-0.319789
-0.347197
-0.377117
-0.405818
-0.435841
-0.363134
-0.247207
-0.137067
0.001742
0.114763
0.229632
0.375245
0.532075
0.647779
0.754497
0.874844
0.992424
1.139802
1.300007
1.456170
1.619780
1.467881
1.184795
0.922989
0.575353
0.310019
0.041736
-0.318775
-0.711196
-0.536595
-0.145447
0.187487
0.657171
0.931509
1.180647
1.579302
2.009083
1.892680
1.574296
1.312870
0.923192
0.740345
0.591433
0.301296
-0.011129
-0.101778
-0.123459
-0.178896
-0.192893
-0.324231
-0.489654
-0.607388
-0.733229
-0.767655
-0.761934
-0.768166
-0.750992
-0.749233
-0.744330
-0.714627
-0.674531
-0.773838
-0.924964
-1.059124
-1.225109
-1.340029
-1.446339
-1.587660
-1.734436
-1.786572
-1.804702
-1.832838
-1.839275
-1.884353
-1.936764
-1.965126
-1.990783
-1.607457
-1.046295
-0.499775
0.167157
0.744703
1.339094
2.061869
2.837700
2.830723
2.529121
2.317212
1.922512
1.806287
1.732393
1.457983
1.147579
0.606036
-0.071956
-0.778837
-1.586426
-2.432297
-3.344709
-4.359950
-5.454182
-5.137898
-4.269348
-3.544198
-2.471907
-1.847014
-1.264998
-0.305480
0.747195
1.164812
1.395841
1.753686
2.010808
2.623432
3.353549
3.965081
4.618857
4.443206
3.921877
3.479097
2.819922
2.365882
1.906039
1.213970
0.442092
0.077702
-0.175292
-0.530317
-0.833406
-1.380441
-2.017739
-2.591568
-3.206520
-3.111821
-2.727718
-2.416278
-1.924993
-1.625362
-1.330695
-0.842171
-0.293783
-0.093374
0.007552
0.186992
0.316374
0.644931
1.043093
1.381472
1.748122
1.829834
1.797224
1.805689
1.747886
1.767757
1.793974
1.748570
1.683890
1.617600
1.534008
1.429963
1.308935
1.148564
0.961327
0.758046
0.531183
0.297274
0.047617
-0.226275
-0.518605
-0.836255
-1.175884
-1.533701
-1.912237
-2.322307
-2.757430
-3.212786
-3.691831
-4.188210
-4.705206
-5.246138
-5.808752
-5.417969
-4.634213
-3.914198
-2.936198
-2.217026
-1.493838
-0.492939
0.600601
1.305394
1.917595
2.644663
3.336053
4.292632
5.357493
6.374899
7.450937
7.367250
6.812554
6.368178
5.627218
5.208361
4.799258
4.070130
3.243510
2.958981
2.825536
2.565254
2.379206
1.873455
1.253028
0.722222
0.141956
-0.164768
-0.368787
-0.635087
-0.850793
-1.152349
-1.473320
-1.738711
-1.998642
-2.461484
-3.002222
-3.528117
-4.105684
-4.612146
-5.110994
-5.666281
-6.234486
-6.084172
-5.640160
-5.240948
-4.647084
-4.256642
-3.866283
-3.266011
-2.598000
-2.208722
-1.884073
-1.475618
-1.091303
-0.512356
0.146970
0.773579
1.444542
1.753497
1.925739
2.159244
2.316418
2.593252
2.891720
3.106500
3.308479
3.725562
4.219312
4.689871
5.209266
5.639216
6.051536
6.518082
6.989969
6.822838
6.392053
5.994778
5.420545
5.022657
4.620427
4.027677
3.370500
2.950430
2.580881
2.132903
1.700335
1.092192
0.408259
-0.252774
-0.958172
-1.342682
-1.609019
-1.934935
-2.196845
-2.571413
-2.970231
-3.298409
-3.619823
-4.138618
-4.730748
-5.306805
-5.931289
-6.480239
-7.018042
-7.609105
-8.209607
-8.107992
-7.717690
-7.367856
-6.825612
-6.478581
-6.128732
-5.571611
-4.945646
-4.587374
-4.288795
-3.905762
-3.543113
-2.988264
-2.352244
-1.744941
-1.091467
-0.633975
-0.241277
0.207438
0.628872
1.132618
1.664536
2.165109
2.674263
3.337937
4.068061
4.800155
5.580589
6.322173
7.070088
7.869733
8.690242
8.705171
8.392583
8.136737
7.666254
7.426363
7.190015
6.721990
6.181464
5.966315
5.831106
5.604977
5.412077
5.002186
4.505911
4.052666
3.554272
3.233716
2.972227
2.656677
2.364634
1.999957
1.609666
1.246412
0.874967
0.354222
-0.231026
-0.818100
-1.451987
-2.049221
-2.652989
-3.306812
-3.981114
-4.176949
-4.184095
-4.233467
-4.161720
-4.240370
-4.330727
-4.289555
-4.213829
-4.339933
-4.521794
-4.658139
-4.822617
-4.865974
-4.866157
-4.900325
-4.915895
-5.087071
-5.319341
-5.525920
-5.766675
-5.962442
-6.152362
-6.379395
-6.614715
-6.753788
-6.859721
-6.978677
-7.077454
-7.218561
-7.369602
-7.498033
-7.625980
-7.264889
-6.693093
-6.141703
-5.448472
-4.866565
-4.267717
-3.517403
-2.706489
-2.084306
-1.497991
-0.839605
-0.187345
0.613380
1.482037
2.338523
3.237386
3.592862
3.735698
3.945732
4.027174
4.276597
4.544350
4.672281
4.767095
5.137530
5.594917
6.005028
6.464954
6.784714
7.063172
7.398866
7.724716
7.791853
7.750357
7.710281
7.592507
7.545471
7.492274
7.355608
7.188030
7.089140
6.996152
6.867540
6.733809
6.529163
6.288171
6.044654
5.775523
5.655053
5.585569
5.483138
5.406322
5.268591
5.113455
4.987200
4.858627
4.633479
4.369211
4.106938
3.816954
3.556919
3.296854
3.006828
2.707211
2.306392
1.854844
1.397493
0.903185
0.415360
-0.087640
-0.629222
-1.193646
-1.728485
-2.265524
-2.827791
-3.398690
-4.009892
-4.644959
-5.287424
-5.948489
-6.221533
-6.338975
-6.492459
-6.547273
-6.715920
-6.890580
-6.958479
-6.995824
-7.207605
-7.467985
-7.688367
-7.932974
-8.074335
-8.178881
-8.312639
-8.430642
-8.275527
-7.999911
-7.719994
-7.352858
-7.045940
-6.723318
-6.307778
-5.851720
-5.917957
-6.177601
-6.372044
-6.684683
-6.804515
-6.890793
-7.107218
-7.342880
-7.095725
-6.665928
-6.277897
-5.770923
-5.438384
-5.128752
-4.688806
-4.222616
-3.939651
-3.708551
-3.441349
-3.202492
-2.855210
-2.471254
-2.121028
-1.756486
-1.283028
-0.760090
-0.227297
0.344409
0.893000
1.451035
2.050427
2.669394
3.277962
3.895657
4.534393
5.185258
5.869535
6.575941
7.293628
8.030024
8.237574
8.230064
8.264811
8.160759
8.205964
8.254107
8.152471
8.004286
7.876209
7.719014
7.511576
7.271243
6.937068
6.542227
6.116983
5.640436
5.768323
6.126133
6.404535
6.820898
7.012683
7.165154
7.469489
7.796237
7.981756
8.133767
8.316276
8.481104
7.834396
6.837326
7.611133
8.888325
8.504587
7.837537
7.777262
7.666530
7.483169
7.309510
7.091573
6.851651
6.688476
6.542966
6.371037
6.204272
5.984857
5.742661
5.507871
5.259982
4.950196
4.608720
4.256411
3.878089
3.504683
3.120033
2.708156
2.279945
1.852357
1.414497
0.959485
0.492428
0.001640
-0.506706
-1.026635
-1.562234
-1.855500
-2.054223
-2.279708
-2.446615
-2.690527
-2.942587
-3.130902
-3.304066
-3.591091
-3.912712
-4.213234
-4.533047
-4.791770
-5.031305
-5.293276
-5.549333
-5.716169
-5.844647
-5.971028
-6.069094
-6.189997
-6.307127
-6.393945
-6.468515
-6.562116
-6.654864
-6.733872
-6.808650
-6.858147
-6.893451
-6.925356
-6.946486
-7.019242
-7.108555
-7.184462
-7.267891
-7.327636
-7.379410
-7.439884
-7.497816
-7.519771
-7.526146
-7.531512
-7.525337
-7.528120
-7.529199
-7.517938
-7.501577
-7.476578
-7.444208
-7.406833
-7.362959
-7.312658
-7.256048
-7.192948
-7.123449
-7.051833
-6.975629
-6.892842
-6.804879
-6.709452
-6.607726
-6.500912
-6.388192
-6.266396
-6.137433
-6.002706
-5.861207
-5.714816
-5.562559
-5.403457
-5.238176
-5.067996
-4.892111
-4.709986
-4.522014
-4.327351
-4.126440
-3.919715
-3.706881
-3.524732
-3.352160
-3.171894
-2.996092
-2.805346
-2.609518
-2.418894
-2.226521
-2.014099
-1.792877
-1.570751
-1.341993
-1.118019
-0.892878
-0.660659
-0.425388
-0.186586
0.055899
0.301447
0.550397
0.803499
1.060285
1.320439
1.584193
1.849901
2.118484
2.390736
2.666103
2.945398
3.228214
3.514113
3.803391
4.077800
4.347791
4.621945
4.894225
5.174220
5.457060
5.737662
6.019460
6.107738
6.113997
6.129822
6.090790
6.099141
6.102960
6.048025
5.970985
6.180528
6.495431
6.774628
7.118351
7.354057
7.570259
7.857630
8.154706
8.321659
8.445328
8.585220
8.697953
8.872834
9.063150
9.222800
9.383217
9.446093
9.464576
9.487815
9.481946
9.491204
9.493763
9.465576
9.422768
9.424947
9.436161
9.430057
9.425581
9.387167
9.333241
9.282328
9.221833
9.203247
9.198323
9.181699
9.170935
9.141900
9.106598
9.078059
9.047525
8.985130
8.908960
8.832153
8.745245
8.666227
8.585766
8.494504
8.398805
8.293946
8.181967
8.065704
7.943312
7.815709
7.682564
7.543265
7.398197
7.251924
7.101783
6.945675
6.785087
6.617509
6.444225
6.266559
6.083613
5.873409
5.648669
5.419605
5.179002
4.938722
4.692713
4.434712
4.168959
3.906008
3.639348
3.364445
3.084594
2.793153
2.493587
2.189333
1.878050
1.637525
1.423316
1.198743
0.989585
0.755239
0.516303
0.294327
0.074749
-0.181714
-0.450953
-0.715984
-0.989116
-1.245933
-1.499158
-1.761440
-2.024165
-2.325748
-2.645031
-2.963169
-3.293230
-3.617015
-3.943596
-4.282779
-4.627971
-4.957161
-5.283693
-5.617235
-5.950819
-6.297737
-6.651091
-7.003969
-7.361073
-7.513786
-7.581460
-7.662317
-7.687291
-7.765664
-7.841966
-7.858222
-7.853613
-7.932943
-8.031853
-8.105068
-8.185413
-8.207660
-8.205809
-8.213639
-8.208143
-8.324209
-8.486780
-8.630392
-8.800602
-8.931713
-9.056644
-9.210643
-9.369975
-9.459890
-9.525845
-9.600544
-9.660385
-9.750844
-9.848293
-9.929111
-10.009371
-9.992516
-9.932315
-9.875591
-9.789751
-9.721922
-9.648480
-9.544149
-9.425953
-9.347259
-9.275606
-9.187651
-9.100240
-8.980888
-8.846473
-8.713871
-8.571599
-8.458271
-8.352918
-8.236322
-8.121745
-7.991597
-7.854578
-7.720231
-7.582152
-7.417232
-7.239425
-7.058934
-6.868420
-6.681709
-6.491636
-6.291001
-6.084699
-6.155041
-6.339319
-6.505720
-6.747199
-6.913073
-7.080067
-7.327898
-7.602644
-7.766416
-7.904141
-8.075154
-8.236375
-8.474211
-8.743582
-8.999777
-9.273257
-9.136418
-8.831693
-8.562448
-8.186176
-7.921702
-7.658401
-7.279771
-6.864458
-6.634564
-6.454164
-6.226878
-6.022469
-5.703799
-5.342267
-5.008971
-4.655505
-4.553270
-4.551471
-4.518185
-4.545169
-4.500762
-4.450888
-4.466232
-4.499205
-4.398666
-4.256485
-4.138828
-3.997953
-3.925711
-3.874389
-3.796269
-3.723818
-3.550728
-3.334636
-3.128538
-2.895884
-2.684889
-2.471724
-2.230214
-1.977921
-1.778768
-1.594172
-1.395896
-1.204248
-0.981019
-0.746008
-0.519112
-0.286803
-0.123870
0.011221
0.154841
0.281697
0.428024
0.575682
0.705215
0.829721
0.990915
1.163445
1.329045
1.500894
1.653651
1.800478
1.954541
2.106883
2.284596
2.473064
2.658713
2.850890
3.037476
3.224445
3.418389
3.614887
3.797411
3.975924
4.157740
4.337602
4.525361
4.715914
4.904130
5.093497
5.243181
5.376272
5.512247
5.637472
5.772699
5.907449
6.030662
6.149802
6.286282
6.427009
6.562681
6.700028
6.825858
6.947038
7.070408
7.191312
7.236294
7.248048
7.260539
7.249734
7.255680
7.257914
7.235316
7.202186
7.370145
7.616102
7.842289
8.117908
8.327363
8.529737
8.785977
9.054812
9.101538
9.065364
9.052233
8.986539
9.002804
9.031751
9.002936
8.964165
9.017062
9.098182
9.164584
9.247657
9.281712
9.301164
9.339869
9.374732
9.405356
9.434415
9.459833
9.482519
9.508424
9.534033
9.556646
9.578187
9.590774
9.598731
9.605940
9.609713
9.613746
9.616199
9.615078
9.611724
9.621362
9.635102
9.645942
9.658846
9.665420
9.669962
9.676890
9.683210
9.681864
9.677224
9.672304
9.664910
9.659523
9.653801
9.645430
9.635986
9.619051
9.598146
9.576434
9.551724
9.527022
9.500834
9.471537
9.440220
9.410611
9.380453
9.348107
9.314753
9.278148
9.239456
9.199844
9.158517
9.114726
9.068985
9.021568
8.972264
8.921668
8.869460
8.815341
8.759516
8.702080
8.642956
8.582121
8.519597
8.455283
8.389234
8.321499
8.252046
8.181806
8.110247
8.036929
7.962161
7.885458
7.807065
7.727241
7.645812
7.562303
7.477005
7.390124
7.301510
7.211458
7.119815
7.026428
6.931401
6.792664
6.634376
6.476261
6.304429
6.141128
5.975048
5.794401
5.607158
5.434157
5.262583
5.083450
4.903278
4.709052
4.507558
4.305534
4.098391
3.907704
3.721565
3.529413
3.338576
3.138771
2.935129
2.733187
2.529221
2.310957
2.085839
1.859257
1.627326
1.397471
1.165837
0.928565
0.688280
0.594494
0.561032
0.518091
0.514899
0.471644
0.428966
0.429087
0.443445
0.399029
0.340807
0.300200
0.254394
0.249145
0.260583
0.265032
0.278620
0.185419
0.050324
-0.070762
-0.216827
-0.330502
-0.440617
-0.577875
-0.721584
-0.808777
-0.877819
-0.956191
-1.024044
-1.119858
-1.223628
-1.315376
-1.408699
-1.520489
-1.639603
-1.759453
-1.885005
-2.003934
-2.122794
-2.247848
-2.374803
-2.500061
-2.626144
-2.754318
-2.883589
-3.016928
-3.152733
-3.289515
-3.428299
-3.551025
-3.667960
-3.787667
-3.904140
-4.026685
-4.150593
-4.270912
-4.390985
-4.520103
-4.652573
-4.784371
-4.918412
-5.048946
-5.178969
-5.311459
-5.444387
-5.558001
-5.663864
-5.771033
-5.873080
-5.980969
-6.089080
-6.191649
-6.292581
-6.400937
-6.511098
-6.619201
-6.728061
-6.831910
-6.933765
-7.036602
-7.138391
-7.284908
-7.450070
-7.612227
-7.786579
-7.949395
-8.112698
-8.289099
-8.470080
-8.632295
-8.790057
-8.953475
-9.115224
-9.289784
-9.469611
-9.647205
-9.827674
-9.737476
-9.533220
-9.343593
-9.078080
-8.880239
-8.677179
-8.392763
-8.078451
-8.253400
-8.613903
-8.921716
-9.345871
-9.598712
-9.827599
-10.183887
-10.565018
-10.546819
-10.383838
-10.264804
-10.054338
-10.002508
-9.979985
-9.856323
-9.720158
-9.745370
-9.822678
-9.879281
-9.968577
-9.976474
-9.962863
-9.986439
-10.007140
-10.021233
-10.035105
-10.046580
-10.056233
-10.075996
-10.098954
-10.119570
-10.141756
-10.153346
-10.160916
-10.170550
-10.178056
-10.188903
-10.200395
-10.209555
-10.218380
-10.323413
-10.468978
-10.610028
-10.778339
-10.922299
-11.068195
-11.243324
-11.429220
-11.578839
-11.721164
-11.876431
-12.029946
-12.211205
-12.404817
-12.595523
-12.793718
-12.736267
-12.573243
-12.428971
-12.216134
-12.071465
-11.925657
-11.706082
-11.461805
-11.326581
-11.218372
-11.079304
-10.951311
-10.751383
-10.522770
-10.308479
-10.079223
-10.085642
-10.186844
-10.262506
-10.396674
-10.463925
-10.527415
-10.654150
-10.798947
-10.827621
-10.822045
-10.840676
-10.841261
-10.906075
-10.992325
-11.057317
-11.130111
-11.070352
-10.955598
-10.854465
-10.719321
-10.617253
-10.514762
-10.375746
-10.224493
-10.140571
-10.075698
-9.994963
-9.923536
-9.813250
-9.689113
-9.576160
-9.457359
-9.384913
-9.330635
-9.268394
-9.216188
-9.150610
-9.083202
-9.026695
-8.972552
-8.889002
-8.795202
-8.705204
-8.608907
-8.525253
-8.444430
-8.356570
-8.268382
-8.132305
-7.974953
-7.819270
-7.649255
-7.488424
-7.324960
-7.146279
-6.960862
-6.794573
-6.631656
-6.460820
-6.290220
-6.104053
-5.910536
-5.717871
-5.520476
-5.405543
-5.323572
-5.233154
-5.163322
-5.069297
-4.973730
-4.900448
-4.833363
-4.727407
-4.610174
-4.501211
-4.386365
-4.293498
-4.208102
-4.115736
-4.026231
-3.922966
-3.814448
-3.709431
-3.601986
-3.498469
-3.395856
-3.290588
-3.185029
-3.090840
-3.001071
-2.910490
-2.822840
-2.731358
-2.639533
-2.550899
-2.463058
-2.377787
-2.294320
-2.211586
-2.130282
-2.050062
-1.971050
-1.893478
-1.817198
-1.740493
-1.664365
-1.589605
-1.515653
-1.443455
-1.372528
-1.302371
-1.233324
-1.182291
-1.139526
-1.097138
-1.060692
-1.021154
-0.983124
-0.951381
-0.922694
-0.888819
-0.854834
-0.824285
-0.794598
-0.770938
-0.750611
-0.730943
-0.713756
-0.690116
-0.664963
-0.642662
-0.620181
-0.601797
-0.585374
-0.568612
-0.553059
-0.543767
-0.537671
-0.532554
-0.530012
-0.526987
-0.525067
-0.525843
-0.528232
-0.417729
-0.260232
-0.109294
0.072828
0.225242
0.378934
0.566137
0.765051
0.919433
1.063902
1.222682
1.378190
1.565623
1.766623
1.962973
2.167083
2.319285
2.452543
2.596036
2.729509
2.881470
3.037686
3.182815
3.327178
3.504621
3.694607
3.882285
4.078363
4.262354
4.444893
4.636629
4.830319
4.956503
5.055853
5.160209
5.246971
5.354716
5.463674
5.553555
5.638110
5.749152
5.866947
5.977935
6.091996
6.188869
6.279148
6.373295
6.464178
6.590612
6.731053
6.866613
7.010425
7.143709
7.275865
7.416977
7.560256
7.684014
7.801429
7.922000
8.038874
8.165224
8.294206
8.418979
8.544198
8.669146
8.793741
8.918777
9.043806
9.168050
9.292005
9.415991
9.539770
9.665327
9.791547
9.917477
10.043783
10.169473
10.295046
10.421033
10.547076
10.533584
10.460790
10.394074
10.287379
10.214699
10.138402
10.019302
9.883896
9.964631
10.125161
10.259152
10.442130
10.544442
10.632575
10.774686
10.924579
10.959661
10.955252
10.964278
10.948358
10.983880
11.031023
11.050230
11.068445
11.130129
11.206886
11.280518
11.364487
11.428555
11.488669
11.560317
11.632911
11.663074
11.676847
11.693521
11.699256
11.719651
11.741464
11.751345
11.758366
11.780274
11.805913
11.827854
11.851547
11.865339
11.875349
11.887569
11.897908
11.923898
11.955900
11.985298
12.018063
12.045929
12.073012
12.103772
12.135209
12.157226
12.175940
12.195792
12.213584
12.235407
12.258101
12.278496
12.298749
12.312656
12.323552
12.334556
12.343523
12.353201
12.362239
12.369138
12.374903
12.383353
12.392189
12.399717
12.407153
12.412225
12.416110
12.419992
12.423066
12.398008
12.360602
12.323572
12.277937
12.255589
12.239158
12.212818
12.187499
12.065633
11.902115
11.936141
12.024480
11.938363
11.824386
11.775723
11.723322
11.671577
11.625276
11.575596
11.527099
11.473329
11.417511
11.363118
11.307814
11.244007
11.176306
11.108039
11.036806
10.967207
10.896854
10.823356
10.748339
10.734269
10.745087
10.751679
10.774591
10.780345
10.785998
10.809250
10.838126
10.842306
10.840478
10.845676
10.848432
10.867777
10.893781
10.916598
10.942936
10.939531
10.924783
10.914937
10.898712
10.892052
10.886991
10.874954
10.861710
10.866055
10.876580
10.885042
10.897386
10.902225
10.905471
10.913041
10.920911
10.896210
10.858248
10.822034
10.776901
10.741252
10.705644
10.660408
10.612099
10.575562
10.541576
10.503824
10.466911
10.421348
10.372099
10.324062
10.273897
10.241292
10.215290
10.186338
10.161084
10.129936
10.097700
10.069523
10.041939
10.004045
9.962472
9.921990
9.879156
9.840605
9.802890
9.762565
9.721974
9.681010
9.639487
9.597685
9.555462
9.512293
9.468494
9.424298
9.379539
9.335088
9.290463
9.245237
9.199707
9.153452
9.106681
9.059622
9.012122
8.962620
8.912030
8.861067
8.809223
8.757363
8.705043
8.651810
8.597970
8.544244
8.490184
8.435485
8.380371
8.324383
8.267761
8.210741
8.153162
8.089628
8.023256
7.956558
7.887762
7.819764
7.751087
7.680201
7.608141
7.537520
7.466727
7.394640
7.322074
7.247388
7.171439
7.095076
7.017719
6.962113
6.915252
6.866423
6.823157
6.773557
6.723660
6.679781
6.637652
6.585825
6.531328
6.479110
6.425583
6.377869
6.332258
6.285059
6.238785
6.131937
5.999579
5.870777
5.725122
5.815622
5.999085
6.154947
6.367634
5.246559
3.581679
4.501975
6.126191
5.605782
4.776450
4.788806
4.787440
4.671110
4.588560
4.503450
4.420907
4.333894
4.245910
4.160756
4.075878
3.982552
3.886059
3.790239
3.692327
3.597577
3.503263
3.406652
3.309603
3.266516
3.245940
3.222567
3.214266
3.191774
3.170011
3.164441
3.164599
3.144235
3.119539
3.101786
3.082784
3.079033
3.081920
3.082912
3.087824
3.067381
3.037787
3.013329
2.984082
2.964100
2.946360
2.923305
2.900020
2.893014
2.892265
2.890534
2.893041
2.889780
2.885948
2.886743
2.888628
2.772828
2.607954
2.449320
2.257882
2.097405
1.935391
1.738135
1.528441
1.363806
1.208784
1.038664
0.871396
0.670870
0.455930
0.245257
0.026122
0.043344
0.157621
0.252983
0.410806
0.504635
0.598502
0.759636
0.942632
1.021979
1.074591
1.154839
1.223341
1.357837
1.517835
1.663050
1.820913
1.744533
1.572845
1.424233
1.215973
1.071963
0.929782
0.723269
0.497043
0.382788
0.300125
0.191719
0.099019
-0.058783
-0.239651
-0.401658
-0.573341
-0.646557
-0.680412
-0.728381
-0.753483
-0.805883
-0.860676
-0.890734
-0.914280
-0.994773
-1.093826
-1.183486
-1.283877
-1.356870
-1.422239
-1.499823
-1.576131
-1.699184
-1.842822
-1.983221
-2.136838
-2.281600
-2.428447
-2.589333
-2.756231
-2.900675
-3.039870
-3.186369
-3.331138
-3.491242
-3.657835
-3.822034
-3.989878
-4.080216
-4.139029
-4.204939
-4.250888
-4.318343
-4.386345
-4.432815
-4.472656
-4.548112
-4.633335
-4.709990
-4.791348
-4.851338
-4.903534
-4.961451
-5.015886
-5.031704
-5.030065
-5.026532
-5.009925
-5.001132
-4.989337
-4.963654
-4.931483
-4.906980
-4.881228
-4.848318
-4.812590
-4.764709
-4.709579
-4.651997
-4.588689
-4.693897
-4.867865
-5.028619
-5.233816
-5.392019
-5.549654
-5.755216
-5.975929
-6.124484
-6.254510
-6.403712
-6.544750
-6.731995
-6.937106
-7.131926
-7.335632
-7.384735
-7.371129
-7.373305
-7.336440
-7.342326
-7.349779
-7.315099
-7.267752
-7.295292
-7.344300
-7.376632
-7.419859
-7.420300
-7.405877
-7.404443
-7.397039
-7.454582
-7.538336
-7.613214
-7.703475
-7.776287
-7.847943
-7.936205
-8.029143
-8.085059
-8.129172
-8.179854
-8.223880
-8.286293
-8.354105
-8.414287
-8.475699
-8.525456
-8.570024
-8.616307
-8.659654
-8.704683
-8.749235
-8.790688
-8.830777
-8.878972
-8.929650
-8.978541
-9.028694
-9.074662
-9.119252
-9.165314
-9.210914
-9.260389
-9.311452
-9.361881
-9.413195
-9.463578
-9.513911
-9.565196
-9.616763
-9.665792
-9.713974
-9.762566
-9.810666
-9.859936
-9.909516
-9.958540
-10.007598
-10.045176
-10.077826
-10.111000
-10.140873
-10.173393
-10.205548
-10.234175
-10.261411
-10.293153
-10.325787
-10.356758
-10.387916
-10.415608
-10.441736
-10.468195
-10.493695
-10.528944
-10.567927
-10.605499
-10.645253
-10.681840
-10.717953
-10.756449
-10.795403
-10.829066
-10.860945
-10.893544
-10.925053
-10.958994
-10.993534
-11.026847
-11.060176
-11.056525
-11.037016
-11.019108
-10.990535
-10.929552
-10.849949
-10.760716
-10.655228
-10.887382
-11.254565
-11.590287
-12.011652
-10.511326
-8.230129
-9.620909
-12.004692
-11.606194
-10.878002
-11.326877
-11.827478
-12.084348
-12.386389
-12.761837
-13.163879
-13.025292
-12.676903
-12.379937
-11.949289
-11.696908
-11.463180
-11.083791
-10.670040
-10.749949
-11.008384
-11.208807
-11.520479
-11.636176
-11.714476
-11.915926
-12.131500
-12.139024
-12.077683
-12.040911
-11.960292
-11.980553
-12.025792
-12.021487
-12.018489
-12.042869
-12.074266
-12.105440
-12.142707
-12.159624
-12.170713
-12.188985
-12.205427
-12.224934
-12.245648
-12.264393
-12.283191
-12.301690
-12.319877
-12.338116
-12.356200
-12.420555
-12.504531
-12.586351
-12.681349
-12.764994
-12.849756
-12.948630
-13.052831
-13.139327
-13.222281
-13.311623
-13.400149
-13.502235
-13.610386
-13.717158
-13.827620
-13.738784
-13.566732
-13.407082
-13.192609
-13.029525
-12.863929
-12.639465
-12.394217
-12.230336
-12.085104
-11.914381
-11.750167
-11.528911
-11.283737
-11.047556
-10.797953
-10.825475
-10.965576
-11.079905
-11.265369
-11.373710
-11.479841
-11.662729
-11.869076
-11.947364
-11.990283
-12.063618
-12.119759
-12.252175
-12.412209
-12.551399
-12.702738
-12.732163
-12.713200
-12.711905
-12.682542
-12.687892
-12.696730
-12.675158
-12.645956
-12.686961
-12.751043
-12.803959
-12.870372
-12.903410
-12.927390
-12.966692
-13.004734
-12.983665
-12.938477
-12.894655
-12.833853
-12.790822
-12.747539
-12.685923
-12.618271
-12.567390
-12.518874
-12.463241
-12.407464
-12.336411
-12.258037
-12.180116
-12.097340
-12.052571
-12.021746
-11.984260
-11.954499
-11.911089
-11.864785
-11.827013
-11.790071
-11.730906
-11.663576
-11.598131
-11.527309
-11.465230
-11.404550
-11.337942
-11.270393
-11.276679
-11.313312
-11.345741
-11.398421
-11.430522
-11.462912
-11.517118
-11.578564
-11.612017
-11.639261
-11.675380
-11.709401
-11.763601
-11.826345
-11.886117
-11.950765
-12.052500
-12.171986
-12.294897
-12.431511
-12.562822
-12.698662
-12.848942
-13.006927
-13.016982
-12.969234
-12.935954
-12.866079
-12.843683
-12.825871
-12.768245
-12.700854
-12.667579
-12.640028
-12.600581
-12.562368
-12.494687
-12.413785
-12.335337
-12.248616
-12.142436
-12.024360
-11.898579
-11.761884
-11.622865
-11.476927
-11.319731
-11.154255
-11.057670
-10.985327
-10.901354
-10.831086
-10.732927
-10.628091
-10.538554
-10.449443
-10.323642
-10.184048
-10.046601
-9.899718
-9.766748
-9.635504
-9.493910
-9.350195
-9.329107
-9.358108
-9.379542
-9.434214
-9.454030
-9.473788
-9.529396
-9.596541
-9.616410
-9.625367
-9.648588
-9.667760
-9.720062
-9.786072
-9.846576
-9.914668
-9.931945
-9.930575
-9.939207
-9.937976
-9.954548
-9.975132
-9.984818
-9.993633
-10.035036
-10.088745
-10.140059
-10.199571
-10.247073
-10.293053
-10.348018
-10.404821
-10.389290
-10.344793
-10.305389
-10.246918
-10.210429
-10.174898
-10.118723
-10.056540
-10.022528
-9.995501
-9.960877
-9.929277
-9.878967
-9.821308
-9.767526
-9.709968
-9.691727
-9.688856
-9.680413
-9.680964
-9.669598
-9.656785
-9.653753
-9.652943
-9.630369
-9.600613
-9.574172
-9.543472
-9.523090
-9.505453
-9.482988
-9.460849
-9.443394
-9.427574
-9.411849
-9.397428
-9.380720
-9.363660
-9.348048
-9.332644
-9.317096
-9.301738
-9.286613
-9.271662
-9.257379
-9.243486
-9.229746
-9.216324
-9.197426
-9.176365
-9.155870
-9.134022
-9.113848
-9.093811
-9.072307
-9.050420
-9.031073
-9.012473
-8.993355
-8.974636
-8.954498
-8.933887
-8.913747
-8.893435
-8.882732
-8.876088
-8.868855
-8.864292
-8.857378
-8.850653
-8.846787
-8.843977
-8.837163
-8.829442
-8.823010
-8.816277
-8.812372
-8.809665
-8.806536
-8.804088
-8.710976
-8.579562
-8.452758
-8.300366
-8.170475
-8.038656
-7.879416
-7.709986
-7.575925
-7.449233
-7.310252
-7.173241
-7.009796
-6.834726
-6.662737
-6.483813
-6.407677
-6.372353
-6.325442
-6.303610
-6.251254
-6.196434
-6.168800
-6.148347
-6.077313
-5.991000
-5.914517
-5.829701
-5.772106
-5.723230
-5.664632
-5.608866
-5.606060
-5.626085
-5.646680
-5.683826
-5.707861
-5.734133
-5.778107
-5.829273
-5.867234
-5.904821
-5.950564
-5.998203
-6.061150
-6.132362
-6.204943
-6.283600
-6.213729
-6.083650
-5.966277
-5.810369
-5.696611
-5.584075
-5.429932
-5.263121
-5.110481
-4.953528
-4.782521
-4.605013
-4.791262
-5.127753
-5.441720
-5.855026
-3.950310
-1.103448
-2.833420
-5.823867
-5.010674
-3.654356
-3.803212
-3.935235
-3.800717
-3.704280
-3.613871
-3.515649
-3.436020
-3.361280
-3.277698
-3.194613
-3.126978
-3.065214
-3.003228
-2.945536
-2.881898
-2.817718
-2.758238
-2.699872
-2.638496
-2.576859
-2.516543
-2.456350
-2.399353
-2.343914
-2.288473
-2.234100
-2.285542
-2.382508
-2.476017
-2.600592
-2.700511
-2.804131
-2.940945
-3.091007
-3.202894
-3.308260
-3.429250
-3.549790
-3.702063
-3.869282
-4.034791
-4.209936
-4.157727
-4.013115
-3.888266
-3.704452
-3.584325
-3.465757
-3.283560
-3.081763
-2.981528
-2.908584
-2.810466
-2.725181
-2.577636
-2.406949
-2.252029
-2.086380
-2.024135
-2.002529
-1.965485
-1.951865
-1.907828
-1.860192
-1.837992
-1.821708
-1.745632
-1.649582
-1.562435
-1.463385
-1.392071
-1.327924
-1.250330
-1.173309
-1.121395
-1.079009
-1.036027
-0.999914
-0.954198
-0.907552
-0.868427
-0.831048
-0.788191
-0.744616
-0.703147
-0.661657
-0.625408
-0.591602
-0.557566
-0.525132
-0.472016
-0.410826
-0.352184
-0.288653
-0.231575
-0.175222
-0.113550
-0.050637
0.001856
0.051060
0.102039
0.151130
0.205518
0.261464
0.315240
0.369383
0.311692
0.206358
0.106209
-0.025902
-0.131201
-0.239520
-0.382040
-0.537688
-0.650094
-0.753874
-0.873380
-0.990957
-1.141688
-1.307286
-1.469582
-1.640952
-1.542073
-1.332106
-1.143157
-0.882478
-0.694878
-0.506985
-0.241854
0.048540
0.221745
0.365103
0.540280
0.702600
0.940403
1.207667
1.458621
1.724433
1.718190
1.601424
1.511639
1.352735
1.268870
1.187401
1.031360
0.852658
0.804076
0.792344
0.750950
0.727982
0.629648
0.504740
0.401920
0.288064
0.289338
0.336766
0.367983
0.426121
0.452616
0.476547
0.529581
0.590446
0.585168
0.558498
0.543017
0.515268
0.519706
0.533274
0.532844
0.534146
0.651880
0.818485
0.981751
1.178827
1.345074
1.513693
1.718615
1.936829
2.117119
2.291346
2.481258
2.670987
2.893367
3.131217
3.367593
3.614049
3.634395
3.563098
3.511973
3.402544
3.356989
3.313425
3.206913
3.081314
3.057464
3.061297
3.040484
3.032932
2.963762
2.871977
2.796381
2.710550
2.754349
2.850224
2.930045
3.041164
3.116098
3.188602
3.294938
3.410700
3.457481
3.482911
3.521341
3.547992
3.610442
3.683981
3.743888
3.806981
3.866505
3.924561
3.985961
4.047718
4.109228
4.171153
4.233486
4.296160
4.301260
4.282065
4.265710
4.233082
4.214860
4.195444
4.158583
4.115266
4.137672
4.183171
4.219014
4.268529
4.290770
4.306789
4.338061
4.370019
4.370814
4.360285
4.351932
4.335899
4.332668
4.331517
4.321879
4.310962
4.319101
4.333851
4.346386
4.363094
4.371417
4.377893
4.389033
4.400404
4.404469
4.406028
4.408178
4.408632
4.412481
4.417043
4.419706
4.422256
4.385557
4.331903
4.279808
4.216276
4.161582
4.105454
4.037117
3.963849
3.998081
4.074451
4.140985
4.234463
4.293549
4.349587
4.434921
4.527651
4.510842
4.453993
4.409755
4.340521
4.313644
4.294411
4.247576
4.197065
4.193038
4.204146
4.209223
4.223749
4.215218
4.200667
4.196842
4.192318
4.251974
4.339747
4.424115
4.527006
4.616910
4.709607
4.822011
4.942735
5.035699
5.122836
5.219939
5.315612
5.431789
5.557074
5.680075
5.808543
5.906734
5.994362
6.088937
6.178312
6.279486
6.383978
6.482635
6.581613
6.701300
6.829331
6.956756
7.090025
7.216815
7.343523
7.476556
7.611555
7.632114
7.605570
7.586046
7.535318
7.516101
7.496412
7.443119
7.378644
7.359024
7.349692
7.326582
7.307181
7.256246
7.192173
7.133188
7.066873
7.056130
7.066137
7.066200
7.077640
7.070239
7.059101
7.060472
7.063421
7.032495
6.989220
6.949137
6.901037
6.866409
6.834093
6.792924
6.750499
6.774950
6.826330
6.873456
6.938472
6.983418
7.027757
7.091447
7.160962
7.205267
7.243624
7.289251
7.332514
7.393207
7.460978
7.525609
7.594067
7.626057
7.643992
7.667435
7.682773
7.709608
7.738121
7.757793
7.775706
7.814222
7.859745
7.902489
7.949515
7.987225
8.022682
8.062952
8.103227
8.122435
8.133190
8.144898
8.150819
8.163307
8.175978
8.182384
8.186905
8.198281
8.211027
8.221477
8.232318
8.237833
8.241023
8.244828
8.247242
8.262421
8.282443
8.300480
8.321293
8.337887
8.353776
8.372706
8.392153
8.404414
8.414181
8.424818
8.433895
8.446118
8.459040
8.470219
8.481318
8.495030
8.509631
8.524023
8.539018
8.552779
8.566274
8.580447
8.594653
8.608141
8.621411
8.634752
8.647945
8.661547
8.675262
8.688806
8.702374
8.713433
8.723418
8.733534
8.742937
8.752919
8.762827
8.771973
8.780821
8.790691
8.800775
8.810502
8.820285
8.829309
8.838000
8.846779
8.855359
8.877223
8.904655
8.931308
8.961646
8.988602
9.015764
9.046879
9.079414
9.106602
9.132599
9.160329
9.187671
9.218839
9.251636
9.283882
9.317061
9.344434
9.369717
9.396211
9.421627
9.449164
9.477225
9.504088
9.530912
9.561549
9.593663
9.625562
9.658466
9.690047
9.721513
9.754074
9.786907
9.796863
9.797328
9.799070
9.794484
9.796033
9.797363
9.791889
9.784067
9.785056
9.787974
9.788026
9.788697
9.782969
9.774505
9.766934
9.757782
9.759530
9.765270
9.768912
9.774686
9.776598
9.777645
9.781049
9.784641
9.781385
9.775553
9.770230
9.763191
9.758700
9.754544
9.748505
9.742093
9.757157
9.780986
9.803486
9.831802
9.853989
9.876154
9.904593
9.935042
9.957222
9.977491
10.000247
10.022289
10.050120
10.080343
10.109598
10.140175
10.159790
10.175259
10.192561
10.207540
10.226128
10.245358
10.262041
10.278323
10.301079
10.326133
10.350472
10.376269
10.399351
10.421885
10.446041
10.470341
10.445766
10.400633
10.357772
10.301067
10.256842
10.211680
10.151668
10.086221
10.039062
9.995566
9.945536
9.896379
9.833194
9.763758
9.695777
9.624001
9.696774
9.829427
9.951930
10.113482
10.236847
10.361187
10.527515
10.708123
10.827816
10.932729
11.055382
11.172208
11.329904
11.504136
11.670715
11.846115
11.847220
11.777487
11.724339
11.626596
11.577112
11.529021
11.432818
11.321906
11.292597
11.286024
11.260323
11.245779
11.183097
11.103134
11.036644
10.962691
10.964151
10.995629
11.016238
11.054273
11.071061
11.085823
11.119456
11.157918
11.152906
11.133656
11.121431
11.100920
11.101187
11.107155
11.103706
11.101122
11.083635
11.059216
11.036259
11.009098
10.983525
10.956813
10.925691
10.892327
10.868115
10.846280
10.821694
10.798021
10.768689
10.737086
10.706649
10.675046
10.687594
10.718505
10.746314
10.786083
10.814398
10.843116
10.884684
10.930696
10.957924
10.980604
11.008795
11.035211
11.074238
11.118383
11.160190
11.204736
11.173081
11.110038
11.053098
10.975976
10.919206
10.862285
10.783644
10.697846
10.645701
10.602222
10.549710
10.500979
10.430802
10.352315
10.278594
10.200737
10.155866
10.123597
10.085661
10.054712
10.013309
9.970131
9.934592
9.900365
9.845977
9.784436
9.725182
9.661414
9.606072
9.552443
9.493797
9.434710
9.430658
9.449287
9.465047
9.496043
9.511764
9.527822
9.560286
9.598272
9.615948
9.629307
9.649387
9.668153
9.701988
9.742331
9.780717
9.822917
9.837228
9.841253
9.850412
9.853982
9.867312
9.882721
9.891964
9.900590
9.926294
9.958323
9.988929
10.023701
10.051893
10.079087
10.110866
10.143432
10.136972
10.114760
10.095082
10.064968
10.046441
10.028223
9.998722
9.965792
9.947791
9.933341
9.914608
9.897297
9.869737
9.838028
9.808200
9.776143
9.764960
9.761814
9.755476
9.753756
9.745442
9.736150
9.731897
9.728631
9.713490
9.694292
9.676668
9.656556
9.641772
9.628256
9.611946
9.595606
9.588299
9.584525
9.580308
9.578515
9.573660
9.568592
9.566161
9.564428
9.559878
9.554735
9.550457
9.545972
9.543621
9.542173
9.540425
9.539198
9.601996
9.692248
9.780278
9.887006
9.978608
10.072301
10.185985
10.307553
10.405891
10.500156
10.603743
10.706928
10.829194
10.960378
11.090397
11.226119
11.191488
11.086920
10.995592
10.859087
10.768910
10.678676
10.539784
10.385066
10.303987
10.241672
10.159413
10.085260
9.963685
9.823618
9.693827
9.554722
9.507754
9.496713
9.472138
9.468398
9.436649
9.401311
9.388640
9.380967
9.321271
9.244181
9.174688
9.094768
9.039001
8.989429
8.928083
8.867187
8.789944
8.704710
8.620553
8.531379
8.443042
8.352825
8.257387
8.158934
8.200771
8.300335
8.390689
8.519031
8.608940
8.699323
8.830613
8.975463
9.114459
9.261651
9.423455
9.594697
9.792453
10.007460
10.231211
10.469573
10.391205
10.185842
10.009330
9.752045
9.587955
9.428724
9.182089
8.910410
8.938156
9.072316
9.166946
9.326328
9.363174
9.374039
9.456903
9.545252
9.500449
9.409185
9.329912
9.219869
9.168990
9.130135
9.056973
8.981113
8.958364
8.953316
8.942912
8.944149
8.919621
8.889019
8.871535
8.854057
8.820045
8.780391
8.741561
8.698686
8.663783
8.630464
8.592621
8.554439
8.538853
8.532243
8.524273
8.522322
8.513209
8.503726
8.500773
8.499666
8.490529
8.479532
8.470844
8.461417
8.457644
8.456175
8.453715
8.452512
8.432852
8.405823
8.380883
8.351424
8.327325
8.303609
8.275002
8.245060
8.224319
8.206349
8.186562
8.168276
8.145027
8.120178
8.097082
8.073455
8.087523
8.117567
8.145451
8.183894
8.213226
8.243400
8.284881
8.330601
8.360863
8.387731
8.419745
8.450722
8.492847
8.539775
8.585189
8.633390
8.442992
8.152216
7.874600
7.530281
7.245990
6.957377
6.597230
6.210976
6.348597
6.689316
6.979854
7.399688
7.646341
7.874582
8.243734
8.645878
8.569679
8.320329
8.126873
7.825409
7.713482
7.637508
7.441997
7.232542
7.224246
7.282350
7.316395
7.392621
7.370897
7.324713
7.326224
7.326196
7.299255
7.265192
7.231074
7.190746
7.169878
7.154375
7.131604
7.110314
7.085831
7.059914
7.035611
7.010985
6.986336
6.961695
6.936734
6.911639
6.917154
6.935596
6.952576
6.978234
6.996245
7.014915
7.042884
7.074310
7.094054
7.111431
7.132964
7.153919
7.183763
7.217559
7.250406
7.285643
7.218394
7.108555
7.005602
6.874768
6.770751
6.665808
6.530903
6.385655
6.283092
6.190672
6.085467
5.984095
5.853604
5.711164
5.573847
5.430026
5.517183
5.700115
5.866397
6.094935
6.262883
6.432462
6.668965
6.928292
7.088944
7.225392
7.390254
7.545414
7.766162
8.013281
8.247755
8.496151
8.418803
8.208037
8.025627
7.758268
7.579193
7.400877
7.131043
6.831973
6.593855
6.358281
6.089086
5.813233
5.467490
5.085329
4.699021
4.286482
4.331072
4.557437
4.736906
5.030009
5.186320
5.332712
5.602258
5.905073
5.994412
6.021548
6.093305
6.132295
6.291498
6.491220
6.652193
6.828397
6.859943
6.832972
6.827696
6.788911
6.781267
6.773467
6.729809
6.674119
6.758155
6.892209
7.007498
7.153036
6.950082
6.611033
6.880241
7.307583
7.184040
6.964609
6.937459
6.888857
6.830798
6.779023
6.706977
6.628249
6.566745
6.507292
6.440018
6.372201
6.287807
6.195277
6.102838
6.004870
5.947994
5.906022
5.856555
5.815234
5.758772
5.698892
5.648037
5.597818
5.523213
5.439486
5.357540
5.269494
5.190682
5.113128
5.028877
4.943344
4.924190
4.931970
4.935508
4.956891
4.958950
4.960701
4.981723
5.008756
5.010233
5.005694
5.008631
5.009222
5.027478
5.052942
5.075277
5.101530
5.093150
5.071540
5.055453
5.031848
5.019384
5.008722
4.989842
4.969489
4.969191
4.975866
4.980086
4.988653
4.988492
4.986396
4.989156
4.992150
4.982788
4.968791
4.955610
4.939295
4.927662
4.916639
4.902178
4.887035
4.875821
4.865594
4.854466
4.843833
4.830569
4.816322
4.802693
4.788589
4.783673
4.782508
4.780460
4.780767
4.778584
4.776352
4.776658
4.777758
4.774489
4.770002
4.766545
4.762493
4.761011
4.760454
4.759178
4.758302
4.671347
4.547877
4.428527
4.284702
4.161912
4.037039
3.885958
3.724977
3.597249
3.476257
3.343374
3.212109
3.055560
2.887753
2.722616
2.550662
2.587528
2.710335
2.817102
2.979430
3.085507
3.191988
3.358281
3.544257
3.639964
3.712820
3.810418
3.898276
4.044583
4.213815
4.370641
4.539121
4.507977
4.396040
4.304675
4.163065
4.077090
3.993422
3.855505
3.701479
3.644234
3.614876
3.564237
3.527859
3.436493
3.326159
3.232789
3.131927
3.115715
3.133806
3.140626
3.167689
3.172288
3.175622
3.200789
3.232275
3.215960
3.184578
3.161971
3.130976
3.124103
3.124492
3.115227
3.107812
3.088309
3.063507
3.041065
3.015863
2.992422
2.968688
2.942039
2.914201
2.896087
2.881245
2.864727
2.850060
2.831035
2.810845
2.792745
2.774527
2.755438
2.736144
2.716782
2.697203
2.678354
2.659707
2.640803
2.621962
2.602784
2.583465
2.564223
2.544912
2.525664
2.506419
2.487101
2.467759
2.433017
2.391703
2.351028
2.305916
2.264494
2.222630
2.176018
2.127569
2.084905
2.043339
1.999585
1.956027
1.907906
1.857703
1.807883
1.756767
1.712232
1.669932
1.626010
1.583141
1.537571
1.491175
1.445973
1.400605
1.350589
1.298644
1.246738
1.193452
1.141498
1.089468
1.035953
0.981912
1.006398
1.063893
1.117446
1.193105
1.248777
1.305886
1.386709
1.476180
1.535542
1.588656
1.652208
1.714085
1.798552
1.892952
1.984727
2.082431
2.144726
2.194454
2.251826
2.302813
2.367175
2.435045
2.495789
2.556562
2.640797
2.734274
2.826712
2.925524
3.016523
3.107074
3.204552
3.303939
3.233679
3.092862
2.961392
2.782872
2.649379
2.513986
2.328020
2.124414
1.986247
1.862303
1.716874
1.575898
1.387203
1.178015
0.975323
0.760738
0.770015
0.869660
0.947394
1.081857
1.152800
1.220980
1.350448
1.497973
1.540544
1.553408
1.589976
1.611597
1.694142
1.798116
1.884178
1.979110
1.967131
1.911921
1.870361
1.803031
1.764573
1.727771
1.663154
1.590535
1.576539
1.580790
1.574010
1.577294
1.550445
1.514323
1.489831
1.462751
1.474210
1.502086
1.525714
1.559309
1.584630
1.610651
1.647312
1.687952
1.707262
1.720486
1.738834
1.754252
1.781796
1.813669
1.842026
1.872200
1.870590
1.855933
1.844501
1.824960
1.813778
1.802693
1.782882
1.760288
1.753393
1.750950
1.744880
1.741016
1.728095
1.711969
1.698488
1.683673
1.681139
1.683485
1.683940
1.687179
1.686980
1.686422
1.688879
1.692086
1.687917
1.681281
1.675764
1.668785
1.665211
1.662518
1.658174
1.653902
1.632358
1.603322
1.575093
1.541866
1.512398
1.482273
1.446820
1.409191
1.378563
1.349330
1.317500
1.285959
1.249065
1.209755
1.170955
1.130672
1.096645
1.064640
1.030835
0.997873
0.962153
0.925465
0.889754
0.853714
0.812819
0.769809
0.726674
0.681981
0.638449
0.594668
0.549222
0.503074
0.466837
0.434312
0.400619
0.369219
0.334252
0.298719
0.265703
0.233115
0.196043
0.157531
0.119675
0.080948
0.044470
0.008610
-0.028242
-0.064990
-0.107756
-0.153138
-0.198160
-0.244892
-0.290365
-0.336065
-0.383587
-0.431857
-0.477463
-0.522478
-0.568398
-0.614143
-0.661788
-0.710256
-0.758468
-0.807159
-0.814405
-0.804214
-0.796303
-0.776802
-0.767725
-0.757893
-0.735632
-0.708833
-0.698483
-0.691689
-0.679389
-0.668155
-0.644913
-0.616479
-0.589622
-0.559730
-0.547872
-0.542433
-0.533088
-0.526999
-0.514157
-0.499554
-0.488581
-0.477613
-0.454618
-0.426892
-0.399719
-0.369289
-0.342875
-0.316703
-0.286991
-0.256312
-0.248062
-0.248527
-0.246995
-0.251072
-0.247733
-0.243656
-0.245689
-0.249191
-0.243491
-0.235212
-0.228898
-0.221237
-0.219032
-0.218726
-0.216806
-0.215666
-0.216688
-0.218825
-0.221664
-0.225554
-0.229166
-0.233228
-0.238394
-0.244211
-0.111152
0.080575
0.265632
0.490050
0.679843
0.872642
1.107625
1.358301
