0.070540
0.106926
0.148853
0.189071
0.240362
0.296152
0.349738
0.405667
0.473786
0.547957
0.624009
0.704990
0.784553
0.866023
0.952669
1.042261
0.854761
0.551287
0.262850
-0.102876
-0.397071
-0.695457
-1.076815
-1.487867
-1.384162
-1.084129
-0.837688
-0.467542
-0.275191
-0.106195
0.198096
0.530185
0.390621
0.077723
-0.184989
-0.557518
-0.748712
-0.908896
-1.190177
-1.489252
-0.854262
0.157010
1.108626
2.310098
1.839182
0.767437
0.025968
-1.033615
-0.887376
-0.342163
-0.175616
0.144457
-0.027628
-0.377278
-0.549791
-0.782256
-0.082774
1.003912
1.989763
3.212840
2.684735
1.511996
0.659531
-0.544175
-0.444073
0.080114
0.187039
0.453210
0.169272
-0.318294
-0.620610
-0.997776
-0.671855
-0.062231
0.441068
1.106522
1.360305
1.503652
1.831762
2.143144
1.736083
1.035051
0.349149
-0.544150
-1.223243
-1.906779
-2.814120
-3.796091
-3.275173
-2.173451
-1.215560
0.112444
0.938272
1.708635
2.882636
4.149217
3.787918
2.820086
2.021485
0.838287
0.258699
-0.226364
-1.134229
-2.113785
-2.209509
-2.007530
-1.921229
-1.651054
-1.790170
-2.029522
-2.061805
-2.096291
-1.573446
-0.792565
-0.036350
0.889305
1.740170
2.636002
3.710262
4.873595
4.374295
3.228184
2.247383
0.857761
0.008963
-0.783790
-2.021747
-3.365605
-3.449467
-3.093974
-2.905972
-2.449928
-2.533347
-2.738433
-2.644123
-2.536558
-2.020728
-1.293268
-0.567311
0.300410
1.171878
2.111213
3.197125
4.377605
4.226498
3.568641
3.067255
2.253978
1.896808
1.604123
0.970154
0.269485
-0.195047
-0.626499
-1.139890
-1.647639
-2.378331
-3.209917
-4.026701
-4.908075
-4.876922
-4.486190
-4.305581
-3.949248
-3.071162
-1.910974
-5.212521
-1.347507
-1.518088
-0.519908
0.528737
1.719225
2.962378
4.299753
5.782089
7.375837
7.077545
6.041755
5.204023
3.904616
3.212593
2.583637
1.452154
0.200716
-0.191709
-0.328052
-0.629599
-0.790475
-1.424080
-2.210404
-2.832041
-3.505227
-3.764151
-3.853527
-4.012817
-4.078537
-4.243563
-4.414398
-4.484645
-4.525332
-4.015695
-3.247393
-2.471418
-1.512690
-0.629273
0.308553
1.438866
2.668604
3.042158
3.118383
3.335974
3.383723
3.790704
4.285917
4.590949
4.894445
4.695618
4.262196
3.847331
3.277237
2.770166
2.219133
1.504842
0.707158
0.206773
-0.223479
-0.754173
-1.263258
-1.972142
-2.766549
-3.530772
-4.343385
-4.608608
-4.660397
-4.785641
-4.784159
-4.951855
-5.139929
-5.190109
-5.209080
-4.880378
-4.374515
-3.850240
-3.198295
-2.559714
-1.865044
-1.037491
-0.128528
0.420704
0.869093
1.418321
1.925107
2.635807
3.424061
4.160390
4.932560
5.113331
5.053761
5.056378
4.910207
4.925523
4.946411
4.806809
4.618629
4.426091
4.191939
3.906415
3.579069
3.158676
2.673653
2.148941
1.567204
1.079835
0.601693
0.060135
-0.494090
-1.136827
-1.829876
-2.532726
-3.272695
-3.612434
-3.800309
-4.043942
-4.197756
-4.486512
-4.796499
-5.008132
-5.202153
-5.116283
-4.892651
-4.662076
-4.334351
-4.028272
-3.685142
-3.240458
-2.737494
-2.334188
-1.935223
-1.470822
-0.991166
-0.401878
0.248137
0.909737
1.616333
2.010518
2.294085
2.637792
2.922171
3.328145
3.764423
4.134522
4.503538
4.796963
5.050711
5.306070
5.535518
5.762322
5.976029
6.209543
6.445069
5.930878
5.100725
6.370085
4.336970
4.317814
3.830325
3.209625
2.526033
2.093974
1.725365
1.279748
0.857733
0.275371
-0.372313
-0.989264
-1.640727
-1.985491
-2.212674
-2.488563
-2.697600
-3.004222
-3.326196
-3.575147
-3.810553
-4.223967
-4.699043
-5.151843
-5.642910
-6.056044
-6.451591
-6.889933
-7.329991
-7.150506
-6.712743
-6.303809
-5.720504
-5.301965
-4.874873
-4.260405
-3.579648
-3.262153
-3.048320
-2.748716
-2.499659
-2.043627
-1.514134
-1.045208
-0.545712
-0.036480
0.484807
1.036838
1.608632
2.188565
2.784478
3.400741
4.034013
4.456966
4.800554
5.170980
5.493363
5.888891
6.295872
6.650179
6.995187
7.058288
6.991503
6.926826
6.772330
6.661564
6.527537
6.298663
6.023161
5.851007
5.690934
5.477384
5.257685
4.940447
4.573163
4.203293
3.798543
3.501561
3.233816
2.925295
2.624538
2.264044
1.877452
1.501148
1.110666
0.624168
0.091262
-0.452099
-1.031823
-1.598502
-2.177777
-2.795340
-3.433716
-3.778033
-4.011036
-4.278567
-4.477488
-4.778852
-5.095309
-5.336601
-5.563831
-5.868162
-6.190751
-6.494861
-6.807830
-7.066202
-7.303539
-7.552252
-7.790166
-7.769268
-7.634390
-7.499583
-7.283988
-7.124428
-6.950860
-6.691248
-6.394393
-6.175181
-5.962443
-5.707121
-5.444935
-5.102929
-4.719234
-4.331537
-3.914149
-3.534817
-3.157342
-2.747458
-2.328684
-1.871537
-1.390463
-0.901584
-0.394108
0.153309
0.727262
1.318806
1.934499
2.590353
3.276474
3.756829
4.168068
5.503877
4.619403
5.027745
5.043625
5.190015
5.344919
5.381465
5.385459
5.898494
6.600337
7.245596
8.009158
8.582952
9.125447
9.798138
10.491466
10.485131
10.204547
9.976528
9.568271
9.388369
9.226736
8.869098
8.460802
8.198899
7.954792
7.650376
7.344139
6.895628
6.379340
5.866823
5.309084
4.994333
4.762180
4.472768
4.223429
3.873748
3.494088
3.159781
2.820098
2.443580
2.053672
1.660147
1.254908
0.867219
0.481126
0.082121
-0.319771
-0.732444
-1.152425
-1.575033
-2.003324
-2.435613
-2.872543
-3.315205
-3.762906
-4.208234
-4.655521
-5.108171
-5.563769
-6.026411
-6.494000
-6.964379
-7.439011
-7.606734
-7.646156
-7.703235
-7.675204
-7.726443
-7.773398
-7.728974
-7.652053
-7.697015
-7.768935
-7.801234
-7.842214
-7.795502
-7.711351
-7.639652
-7.546420
-7.528452
-7.533737
-7.513587
-7.501479
-7.454614
-7.394034
-7.343078
-7.286109
-7.214660
-7.135251
-7.050319
-6.957774
-6.865985
-6.770364
-6.666786
-6.558107
-6.107905
-5.509154
-4.919785
-4.228631
-3.613099
-2.983041
-2.244433
-1.460838
-1.184229
-1.090765
-0.928010
-0.875280
-0.624536
-0.333760
-0.164866
-0.008105
0.362883
0.806433
1.227217
1.695002
2.062665
2.407341
2.804806
3.203360
3.529456
3.830822
4.136858
4.425619
4.748895
5.079255
5.390283
5.700060
5.881342
6.005317
6.133383
6.222729
6.336229
6.442295
6.507269
6.553833
6.611616
6.661193
6.690902
6.709500
6.695664
6.660715
6.615506
6.552603
6.679918
6.878791
7.344842
7.978251
6.799188
8.236674
8.125499
8.389602
8.351265
8.196114
8.067060
7.862345
7.759999
7.668518
7.494508
7.301313
7.208538
7.140763
7.048143
6.967299
6.819165
6.645286
6.486303
6.314468
6.092794
5.845470
5.587109
5.306754
5.030884
4.745448
4.436962
4.114662
3.910667
3.748097
3.565941
3.407391
3.200201
2.981303
2.788782
2.596848
2.343396
2.066837
1.793747
1.504790
1.239258
0.976626
0.696586
0.412979
0.078613
-0.280866
-0.641987
-1.020951
-1.396211
-1.778430
-2.179292
-2.590954
-2.985241
-3.379170
-3.785178
-4.194317
-4.623455
-5.063849
-5.506719
-5.958035
-6.181044
-6.311131
-6.459823
-6.548712
-6.701661
-6.855812
-6.945443
-7.014967
-7.115319
-7.212535
-7.287095
-7.353809
-7.374672
-7.369949
-7.358901
-7.328318
-7.446490
-7.618133
-7.763089
-7.937498
-8.055543
-8.160581
-8.298327
-8.437926
-8.491537
-8.512893
-8.540135
-8.545661
-8.583647
-8.625891
-8.644303
-8.658007
-8.607378
-8.524645
-8.439623
-8.331771
-8.227903
-8.114790
-7.977854
-7.826870
-7.709796
-7.598046
-7.470103
-7.341355
-7.183981
-7.012336
-6.840963
-6.659988
-6.490996
-6.322632
-6.143813
-5.962108
-5.768543
-5.567473
-5.363843
-5.154352
-5.009268
-4.888571
-4.759009
-4.643923
-4.506930
-4.366461
-4.241851
-4.120040
-3.918685
-3.686474
-3.460717
-3.214824
-2.995638
-2.779063
-2.540543
-2.296738
-2.083797
-1.879189
-1.667603
-1.460222
-1.233765
-1.000422
-0.772199
-0.540907
-0.285247
-0.018323
0.250687
0.528442
0.801632
1.077198
1.362031
1.651437
1.937748
2.225867
2.518926
2.814608
3.118138
3.426759
3.737795
4.053075
4.324431
4.579341
4.840558
5.092101
5.359018
5.628612
5.887578
6.144904
6.425050
6.713012
6.998208
7.288307
7.568123
7.845570
8.128512
8.411593
8.530914
8.581202
8.638738
8.649669
8.702101
8.751119
8.750161
8.730732
8.772007
8.825164
8.856187
8.889787
8.876216
8.841438
8.811186
8.767927
8.810301
8.883495
8.939569
9.011868
9.052527
9.085513
9.136523
9.188258
9.185806
9.162545
9.142513
9.108366
9.093476
9.080507
9.052121
9.020116
8.935242
8.824545
8.712256
8.581592
8.455693
8.323042
8.171150
8.008412
7.863307
7.718584
7.561720
7.401737
7.221469
7.029823
6.835726
6.633106
6.601597
6.638642
6.659467
6.723635
6.737548
6.748671
6.806699
6.878056
6.750070
6.548479
6.369652
6.144911
5.995199
5.858305
5.670828
5.475780
5.332299
5.201857
5.060951
4.927163
4.758492
4.577206
4.404709
4.226347
3.999928
3.751244
3.498629
3.228819
2.967795
2.702035
2.418065
2.125058
1.893840
1.682750
1.459496
1.247041
1.005607
0.755615
0.517955
0.278463
0.005325
-0.281682
-0.569037
-0.866601
-1.154011
-1.441921
-1.740841
-2.043604
-2.297946
-2.534652
-2.777512
-3.009599
-3.260365
-3.514683
-3.757092
-3.998075
-4.260973
-4.531265
-4.799043
-5.071538
-5.333786
-5.593618
-5.858753
-6.123928
-6.272181
-6.371265
-6.475472
-6.546437
-6.647394
-6.746077
-6.809096
-6.859051
-6.951937
-7.053192
-7.138788
-7.226189
-7.280131
-7.319025
-7.361105
-7.393946
-7.601303
-7.878925
-8.139483
-8.444187
-8.698836
-8.951068
-9.251021
-9.564845
-9.555704
-9.420696
-9.314352
-9.127023
-9.045459
-8.973982
-8.814340
-8.633110
-8.722973
-8.908733
-9.059757
-9.269645
-9.366891
-9.440114
-9.578853
-9.722283
-9.748964
-9.735104
-9.731655
-9.701275
-9.723379
-9.756298
-9.759158
-9.759854
-9.766221
-9.770805
-9.772664
-9.773129
-9.761118
-9.742856
-9.723667
-9.699834
-9.677238
-9.652894
-9.623681
-9.591709
-9.554786
-9.513948
-9.470428
-9.423408
-9.379843
-9.335824
-9.288011
-9.238737
-9.184524
-9.127121
-9.068389
-9.007075
-8.939452
-8.867793
-8.793723
-8.716066
-8.637109
-8.555661
-8.470539
-8.382550
-8.288677
-8.190567
-8.089714
-7.985084
-7.878074
-7.767992
-7.654082
-7.536851
-7.418073
-7.296675
-7.171876
-7.044237
-6.912696
-6.777803
-6.640112
-6.499248
-6.299484
-6.072876
-5.845500
-5.598979
-5.362912
-5.122241
-4.861296
-4.590673
-4.337798
-4.085791
-3.822841
-3.557521
-3.272678
-2.977258
-2.680140
-2.375276
-2.190722
-2.053551
-1.903160
-1.782088
-1.644880
-1.513146
-1.412352
-1.325580
-1.053340
-0.712031
-0.626254
-0.597200
-0.398709
-0.181762
-0.032869
0.113657
0.299549
0.493877
0.683516
0.879282
1.068514
1.257341
1.452754
1.650087
1.829015
2.001708
2.177235
2.349098
2.529217
2.711433
2.889522
3.067711
3.000467
2.828401
2.666989
2.435001
2.261383
2.080656
1.639290
1.089873
2.618167
4.952289
-1.138332
5.583312
4.357764
4.862615
5.546453
6.275815
6.482368
6.506755
6.602229
6.587225
6.795816
7.055302
7.191349
7.322400
7.396878
7.431872
7.463152
7.468358
7.445359
7.397747
7.324331
7.225414
7.465431
7.834980
8.163313
8.570700
8.864117
9.141720
9.505743
9.887060
9.937732
9.864970
9.825052
9.706255
9.709975
9.732339
9.668028
9.588547
9.675640
9.817323
9.935432
10.086730
10.157221
10.206386
10.293204
10.377493
10.417893
10.442420
10.466521
10.478355
10.509806
10.543812
10.564270
10.582237
10.575966
10.556779
10.535951
10.505807
10.475111
10.439642
10.394539
10.343042
10.299772
10.255986
10.205149
10.151942
10.087817
10.017190
9.944522
9.866784
9.980049
10.171993
10.350435
10.580229
10.758315
10.937035
11.171032
11.423373
11.395053
11.261762
11.159999
10.992741
10.927474
10.878251
10.757083
10.623621
10.590615
10.586974
10.565704
10.561329
10.499330
10.418861
10.358229
10.291279
10.183123
10.056575
9.925422
9.779327
9.643263
9.503978
9.348756
9.186306
9.102131
9.046186
8.979258
8.929174
8.848500
8.761541
8.693250
8.626718
8.522709
8.405556
8.291987
8.169815
8.064016
7.961531
7.849464
7.736606
7.654116
7.583164
7.510008
7.444536
7.368065
7.290283
7.220911
7.153339
7.032089
6.889732
6.751620
6.599739
6.465105
6.331806
6.183545
6.031370
5.955819
5.909454
5.855614
5.820384
5.758376
5.692903
5.647790
5.606881
5.534214
5.452159
5.375987
5.294557
5.230923
5.173021
5.108954
5.046835
4.887920
4.688079
4.494379
4.273863
4.076794
3.877786
3.650057
3.411682
3.233057
3.071824
2.896766
2.730302
2.530671
2.319489
2.118525
1.912984
1.798967
1.722830
1.638091
1.577133
1.492755
1.408644
1.350093
1.300064
1.174388
1.023226
0.884348
0.730745
0.611212
0.500576
0.373324
0.246780
0.103776
-0.047659
-0.197785
-0.353047
-0.508663
-0.666698
-0.830024
-0.996774
-1.152398
-1.305452
-1.462571
-1.619037
-1.783018
-1.950320
-2.116656
-2.284932
-2.391725
-2.473164
-2.559255
-2.628935
-2.715059
-2.800982
-2.869244
-2.931638
-3.131768
-3.385885
-3.627850
-3.904526
-3.996041
-4.023750
-4.095279
-4.135946
-4.913095
-5.993792
-5.595278
-4.787595
-4.448537
-5.724190
-5.575582
-5.627253
-5.803478
-5.975739
-6.143447
-6.320548
-6.477397
-6.629547
-6.792258
-6.955118
-7.058838
-7.138581
-7.221112
-7.287330
-7.371214
-7.455267
-7.521693
-7.582570
-7.663571
-7.748668
-7.827011
-7.906532
-7.970634
-8.028013
-8.087221
-8.142424
-8.262470
-8.408425
-8.547452
-8.702538
-8.838682
-8.973558
-9.125821
-9.282881
-9.408652
-9.525199
-9.648200
-9.766312
-9.901768
-10.042997
-10.178468
-10.316030
-10.346306
-10.331303
-10.323045
-10.285078
-10.273361
-10.259605
-10.214016
-10.156708
-10.144513
-10.142649
-10.126455
-10.113783
-10.069543
-10.012004
-9.959357
-9.899217
-9.943573
-10.029397
-10.102999
-10.201898
-10.269879
-10.335267
-10.428076
-10.528065
-10.575521
-10.606893
-10.648178
-10.680582
-10.740750
-10.809618
-10.868174
-10.929360
-10.944846
-10.941026
-10.941816
-10.930683
-10.929997
-10.928656
-10.914558
-10.895832
-10.900903
-10.912580
-10.918338
-10.927193
-10.922075
-10.911836
-10.905358
-10.896601
-10.908640
-10.928859
-10.945852
-10.967507
-10.983108
-10.997977
-11.017908
-11.039009
-11.047755
-11.052329
-11.058686
-11.062539
-11.072014
-11.082897
-11.090959
-11.099076
-11.048868
-10.973569
-10.900819
-10.811220
-10.734967
-10.656766
-10.560568
-10.457214
-10.456122
-10.493283
-10.518483
-10.567348
-10.579252
-10.585252
-10.617248
-10.653625
-10.606537
-10.528741
-10.459285
-10.370149
-10.313215
-10.261645
-10.188380
-10.111808
-10.067807
-10.033818
-9.994827
-9.961850
-9.911319
-9.855608
-9.806838
-9.756735
-9.695956
-9.630744
-9.564668
-9.495017
-9.428794
-9.362262
-9.291875
-9.220065
-9.148560
-9.076109
-9.002142
-8.927119
-8.849522
-8.770174
-8.689832
-8.607974
-8.569270
-8.548112
-8.523515
-8.510248
-8.484790
-8.459089
-8.445613
-8.435936
-8.325216
-8.174578
-8.032324
-7.864232
-7.727904
-7.593871
-7.431788
-7.262210
-7.222326
-7.231144
-7.226387
-7.252410
-7.231469
-7.203531
-7.209373
-7.221335
-7.178768
-7.119443
-7.069075
-7.008890
-6.977876
-6.955622
-6.922020
-6.890783
-6.773298
-6.619021
-6.470821
-6.298832
-6.146564
-5.992183
-5.812375
-5.622846
-5.472213
-5.330882
-5.177609
-5.027732
-4.851609
-4.664644
-4.482232
-4.293897
-4.185590
-4.109041
-4.022947
-3.956148
-3.865742
-3.773322
-3.701818
-3.635770
-3.529012
-3.409703
-3.297964
-3.179254
-3.081858
-2.991065
-2.892197
-2.795245
-2.679359
-2.555459
-2.434295
-2.308534
-2.186732
-2.064751
-1.937862
-1.809220
-1.692630
-1.579826
-1.464649
-1.351513
-1.232326
-1.111268
-0.992565
-0.873347
-0.768151
-0.668929
-0.568588
-0.472056
-0.372348
-0.272955
-0.177632
-0.083853
0.016576
0.118680
0.218867
0.319728
0.416296
0.511152
0.606874
0.701708
0.934468
1.225592
1.509855
1.833155
2.122431
2.414797
2.748983
3.098810
3.220641
3.257218
3.320148
3.330197
3.422865
3.528697
3.576435
3.614373
3.702687
3.801692
3.887917
3.979049
4.031223
4.067767
4.110968
4.145552
4.165939
4.176951
4.179709
4.173058
4.163748
4.148025
4.122611
4.089787
4.175513
4.307183
4.425994
4.573416
4.682194
4.786574
4.922136
5.064813
5.162719
5.248212
5.343248
5.431786
5.547280
5.672209
5.789326
5.910395
5.931185
5.910333
5.897833
5.858754
5.845355
5.831313
5.788716
5.736387
5.842996
6.009650
6.159149
6.346316
6.477170
6.599899
6.763912
6.935721
6.982029
6.982960
6.997700
6.983763
7.020047
7.065722
7.079657
7.089804
7.150366
7.227244
7.297776
7.378592
7.434047
7.482858
7.543358
7.603032
7.678409
7.761318
7.842789
7.928840
8.013831
8.100365
8.191676
8.285629
8.308006
8.301673
8.301200
8.282186
8.284458
8.287718
8.270916
8.248293
8.372268
8.553767
8.722762
8.928916
9.087993
9.243128
9.438660
9.644548
9.647811
9.573989
9.519945
9.416737
9.384594
9.361745
9.285097
9.197437
9.292198
9.453722
9.595555
9.779611
9.892844
9.993643
10.141048
10.294957
10.374686
10.430835
10.497286
10.549216
10.639309
10.739928
10.823950
10.909884
10.955082
10.982085
11.012692
11.031991
11.057965
11.081860
11.093793
11.100368
11.129149
11.163602
11.191457
11.221513
11.237536
11.247920
11.261136
11.271428
11.249576
11.212977
11.174759
11.125539
11.082217
11.036077
10.978281
10.914828
10.961114
11.050209
11.128624
11.234177
11.304280
11.370885
11.467025
11.570339
11.625721
11.667198
11.718403
11.762155
11.833188
11.913367
11.984732
12.059521
11.999267
11.882224
11.774478
11.629776
11.518388
11.404841
11.251676
11.084170
11.145358
11.292939
11.415499
11.592114
11.687827
11.771798
11.915014
12.069369
12.081360
12.044269
12.025318
11.976011
11.989575
12.017587
12.011607
12.004592
11.957453
11.889157
11.821248
11.739341
11.655941
11.565386
11.460408
11.345782
11.356627
11.414812
11.457485
11.529028
11.556715
11.577628
11.630194
11.688410
11.652426
11.582359
11.522454
11.440926
11.397103
11.360268
11.299505
11.235827
11.293572
11.399082
11.496149
11.624865
11.714177
11.800660
11.921537
12.051549
11.955305
11.770714
11.605608
11.383434
11.235098
11.093500
10.889798
10.670647
10.705513
10.834647
10.936343
11.097437
11.163666
11.214458
11.330610
11.457294
11.416958
11.317412
11.236489
11.118058
11.069749
11.035672
10.959892
10.880463
10.783850
10.673800
10.560382
10.437413
10.302602
10.157919
10.003835
9.839870
9.826203
9.870862
9.898738
9.962720
9.978122
9.987995
10.037206
10.095420
10.083261
10.049544
10.028494
9.995278
9.999463
10.015201
10.016835
10.021842
9.974126
9.904064
9.839655
9.761597
9.695245
9.628077
9.546320
9.459212
9.425318
9.410014
9.386762
9.374473
9.339846
9.300010
9.272423
9.245242
9.173652
9.084653
8.998087
8.899695
8.816148
8.733634
8.638257
8.539464
8.455272
8.374329
8.289117
8.205158
8.110564
8.011580
7.914317
7.814603
7.789372
7.794867
7.794627
7.814233
7.813988
7.813989
7.835345
7.863799
7.859850
7.847701
7.844468
7.837754
7.852019
7.874523
7.892590
7.914853
7.785701
7.593618
7.412371
7.190211
7.007380
6.823258
6.595175
6.351947
6.396774
6.552416
6.679611
6.877132
6.977289
7.065961
7.231405
7.413825
7.295320
7.064857
6.865550
6.595170
6.436890
6.296303
6.077557
5.845716
5.737063
5.666413
5.576276
5.508699
5.375357
5.222541
5.095760
4.963967
4.897973
4.860385
4.814979
4.786524
4.745248
4.705633
4.684056
4.669575
4.616315
4.551788
4.496423
4.435570
4.397290
4.367013
4.322120
4.277149
4.204175
4.027961
3.902049
3.746195
3.609544
3.472359
3.313683
3.147645
3.150197
3.218759
3.272261
3.368140
3.409726
3.446475
3.529312
3.623744
3.496339
3.284857
3.095308
2.852201
2.687700
2.533871
2.321385
2.097266
2.051674
2.070382
2.068883
2.107823
2.074834
2.028049
2.026065
2.029063
2.074062
2.144010
2.217661
2.309026
2.408402
2.519881
2.649381
2.793068
2.633103
2.352492
2.099802
1.770304
1.533228
1.302441
0.926971
0.502673
0.855518
1.500833
-0.665816
1.430612
0.840040
0.806135
0.847732
0.897793
0.815311
0.688393
0.576550
0.436264
0.358852
0.296460
0.202032
0.107671
0.083528
0.085902
0.085061
0.102714
0.093740
0.081762
0.090051
0.102735
-0.030660
-0.222005
-0.402340
-0.620615
-0.793216
-0.962997
-1.173933
-1.396222
-1.484108
-1.524484
-1.582735
-1.612096
-1.697145
-1.794243
-1.859176
-1.921967
-2.005895
-2.094408
-2.179536
-2.267609
-2.338841
-2.403929
-2.472765
-2.538534
-2.649102
-2.777690
-2.901201
-3.035741
-3.157661
-3.278841
-3.411942
-3.548431
-3.599935
-3.618128
-3.643588
-3.647531
-3.678868
-3.712547
-3.722830
-3.727155
-3.776865
-3.840617
-3.896059
-3.959353
-3.998979
-4.031334
-4.072770
-4.112156
-4.141609
-4.166835
-4.190441
-4.210324
-4.233426
-4.255983
-4.274534
-4.291467
-4.385537
-4.511247
-4.631923
-4.773452
-4.893543
-5.013751
-5.156430
-5.306455
-5.425715
-5.537707
-5.658808
-5.777122
-5.916584
-6.064704
-6.209099
-6.358205
-6.433120
-6.478280
-6.531487
-6.566317
-6.622450
-6.679887
-6.717447
-6.749417
-6.768777
-6.778046
-6.781914
-6.777420
-6.764729
-6.744061
-6.715048
-6.677877
-6.722749
-6.797824
-6.860850
-6.941592
-6.992244
-7.037120
-7.101534
-7.168369
-7.193087
-7.203086
-7.217563
-7.222587
-7.245996
-7.273271
-7.290004
-7.306012
-7.377928
-7.472178
-7.563181
-7.669188
-7.757774
-7.845635
-7.949753
-8.058604
-8.147615
-8.232123
-8.322515
-8.411199
-8.514051
-8.622755
-8.729126
-8.838748
-8.636851
-8.303681
-7.987287
-7.583529
-7.257672
-6.925799
-6.500262
-6.040302
-6.393261
-7.066065
-7.667441
-8.474387
-9.027102
-9.560412
-10.289826
-11.066668
-11.134807
-10.641823
-10.396238
-9.917928
-9.772203
-9.685131
-9.378259
-9.040565
-9.072512
-9.224023
-9.325944
-9.501935
-9.493002
-9.434842
-9.460936
-9.480231
-9.513585
-9.558657
-9.596753
-9.638860
-9.696567
-9.762053
-9.830964
-9.906629
-9.946883
-9.975597
-10.012858
-10.044597
-10.092312
-10.145143
-10.191637
-10.239525
-10.267740
-10.287566
-10.309632
-10.326637
-10.347813
-10.368629
-10.384043
-10.397432
-10.421916
-10.449600
-10.474666
-10.501293
-10.521694
-10.539901
-10.559971
-10.579146
-10.618179
-10.665439
-10.710932
-10.761630
-10.807233
-10.852919
-10.904201
-10.957363
-11.037687
-11.131042
-11.225217
-11.328723
-11.429099
-11.532602
-11.645907
-11.764516
-11.780119
-11.755417
-11.740726
-11.700499
-11.693198
-11.689002
-11.657032
-11.618186
-11.624450
-11.643744
-11.653755
-11.670699
-11.661857
-11.644309
-11.634976
-11.622329
-11.624911
-11.633290
-11.637647
-11.644621
-11.647260
-11.648855
-11.653314
-11.658044
-11.649841
-11.636566
-11.624151
-11.608355
-11.596814
-11.585591
-11.570691
-11.554827
-11.572114
-11.602665
-11.630759
-11.667534
-11.694253
-11.720500
-11.756148
-11.794510
-11.819663
-11.841464
-11.866719
-11.890473
-11.922819
-11.958483
-11.992252
-12.027678
-12.040649
-12.044641
-12.051303
-12.052515
-12.060162
-12.068275
-12.070491
-12.071098
-12.083263
-12.098967
-12.112460
-12.127894
-12.137234
-12.144655
-12.154331
-12.163423
-12.187195
-12.217177
-12.245939
-12.278647
-12.307925
-12.337463
-12.371224
-12.406541
-12.434872
-12.461406
-12.489885
-12.517611
-12.549768
-12.583663
-12.616601
-12.650417
-12.616884
-12.555004
-12.496928
-12.420055
-12.360052
-12.298821
-12.217435
-12.128684
-12.126189
-12.154810
-12.171927
-12.207865
-12.209878
-12.205056
-12.221089
-12.239199
-12.198210
-12.135257
-12.077169
-12.004600
-11.954607
-11.907950
-11.845369
-11.779965
-11.735423
-11.696750
-11.654129
-11.614788
-11.562929
-11.506863
-11.454701
-11.400901
-11.429107
-11.491852
-11.549399
-11.629602
-11.689556
-11.750960
-11.836651
-11.931210
-11.902203
-11.827347
-11.767193
-11.678724
-11.635890
-11.600762
-11.534473
-11.463368
-11.492452
-11.558611
-11.615217
-11.695741
-11.738040
-11.774272
-11.836834
-11.903709
-11.932188
-11.949138
-11.972418
-11.988923
-12.026737
-12.071114
-12.107609
-12.146082
-12.105054
-12.030291
-11.960940
-11.869666
-11.797155
-11.722929
-11.625241
-11.518753
-11.549054
-11.630951
-11.697654
-11.796554
-11.846927
-11.890131
-11.968636
-12.053665
-11.972091
-11.826425
-11.694973
-11.521895
-11.406001
-11.296438
-11.141431
-10.976109
-11.047051
-11.208878
-11.349480
-11.548658
-11.667130
-11.776463
-11.949744
-12.137407
-12.016682
-11.778250
-11.568510
-11.283165
-11.105421
-10.941071
-10.694044
-10.429509
-10.518904
-10.741936
-10.930927
-11.205535
-11.352905
-11.482653
-11.706245
-11.948035
-11.813263
-11.536730
-11.296017
-10.964241
-10.884638
-10.873455
-10.757417
-10.655528
-10.014538
-9.139691
-9.591082
-10.440109
-10.089331
-9.554813
-9.494186
-9.422048
-9.687564
-10.141536
-10.572800
-11.118469
-12.054270
-13.207279
-12.502108
-11.149385
-20.030353
-11.035082
-12.231661
-11.658537
-10.978890
-10.503821
-9.683514
-8.800897
-8.832615
-9.187624
-9.435966
-9.887238
-9.954037
-9.941044
-10.153847
-10.384624
-10.318910
-10.159373
-10.033018
-9.845421
-9.814726
-9.825607
-9.766590
-9.713928
-9.694591
-9.685011
-9.680017
-9.685076
-9.666956
-9.644170
-9.632826
-9.621709
-9.624157
-9.633696
-9.642976
-9.656905
-9.671208
-9.687823
-9.709231
-9.733802
-9.603899
-9.410257
-9.226588
-9.000936
-8.817166
-8.632600
-8.402848
-8.157931
-8.198541
-8.348751
-8.470593
-8.661959
-8.756186
-8.838657
-8.997059
-9.171975
-9.099911
-8.938538
-8.805511
-8.616540
-8.525901
-8.453887
-8.319948
-8.178801
-8.160991
-8.185725
-8.197187
-8.236000
-8.219445
-8.190743
-8.192634
-8.195987
-8.157595
-8.105366
-8.056692
-7.998628
-7.961288
-7.928742
-7.885609
-7.842413
-7.810328
-7.781821
-7.752685
-7.726134
-7.693635
-7.659751
-7.628795
-7.597805
-7.571734
-7.548050
-7.524143
-7.501781
-7.479077
-7.456928
-7.436391
-7.416763
-7.394560
-7.371859
-7.350223
-7.328534
-7.308811
-7.290014
-7.271085
-7.252741
-7.215748
-7.171079
-7.127819
-7.079588
-7.036391
-6.993156
-6.944568
-6.894217
-6.851868
-6.811530
-6.768979
-6.727278
-6.680364
-6.631395
-6.583512
-6.534577
-6.477519
-6.416628
-6.355005
-6.290414
-6.227130
-6.162934
-6.095603
-6.026649
-5.958821
-5.890378
-5.820182
-5.749072
-5.675216
-5.599579
-5.523099
-5.445135
-5.380102
-5.319787
-5.257371
-5.197641
-5.133125
-5.067609
-5.005062
-4.942804
-4.873482
-4.801603
-4.730350
-4.657418
-4.587366
-4.517820
-4.446415
-4.374762
-4.427731
-4.533415
-4.633453
-4.768987
-4.873504
-4.980860
-5.126253
-5.285877
-5.215492
-5.057935
-4.925328
-4.738133
-4.631578
-4.536395
-4.381425
-4.214884
-4.187367
-4.207251
-4.208687
-4.239209
-4.207099
-4.160015
-4.145593
-4.131419
-4.059891
-3.967534
-3.878167
-3.774238
-3.694301
-3.618065
-3.525745
-3.430855
-3.437215
-3.483749
-3.523129
-3.589014
-3.623077
-3.655263
-3.716200
-3.785122
-3.815417
-3.836063
-3.866868
-3.893384
-3.945450
-4.007453
-4.063995
-4.125576
-4.053558
-3.926478
-3.810331
-3.658886
-3.542934
-3.426700
-3.272484
-3.105733
-2.998675
-2.907120
-2.799714
-2.699149
-2.560859
-2.408044
-2.263812
-2.112430
-2.095786
-2.134031
-2.159134
-2.218635
-2.241321
-2.263069
-2.321908
-2.392191
-2.398253
-2.386278
-2.389215
-2.383243
-2.414799
-2.459727
-2.493935
-2.533821
-2.525484
-2.498153
-2.478695
-2.448579
-2.432269
-2.417673
-2.391511
-2.362694
-2.363612
-2.374713
-2.381691
-2.394835
-2.394781
-2.391565
-2.395268
-2.399036
-2.269174
-2.083216
-1.903142
-1.685134
-1.501679
-1.315774
-1.089158
-0.847730
-0.733458
-0.662039
-0.569481
-0.501475
-0.376418
-0.236352
-0.123993
-0.010350
-0.060746
-0.183272
-0.297361
-0.459032
-0.590018
-0.729352
-0.907923
-1.125518
-1.154433
-1.125507
-1.127104
-1.094604
-1.140979
-1.208168
-1.236904
-1.267383
-1.159104
-0.988529
-0.825437
-0.621643
-0.441543
-0.253245
-0.021852
0.229212
0.308513
0.328509
0.376616
0.390705
0.477953
0.583365
0.650632
0.717927
0.637800
0.490919
0.350120
0.165017
0.004189
-0.166427
-0.383904
-0.623336
-0.454781
-0.127879
0.158332
0.544634
0.797205
1.035468
1.382786
1.755641
1.755408
1.619943
1.527866
1.351372
1.322270
1.320918
1.226171
1.120296
1.171197
1.273702
1.357186
1.473360
1.512878
1.533086
1.590286
1.646061
1.686436
1.723509
1.760063
1.793218
1.839921
1.890741
1.937454
1.985783
2.029200
2.070848
2.114348
2.157288
2.201702
2.246677
2.291023
2.335519
2.362614
2.382308
2.402904
2.418573
2.438415
2.457819
2.471950
2.484074
2.503144
2.523670
2.541778
2.560275
2.573608
2.584671
2.596340
2.606655
2.717055
2.869470
3.016174
3.190734
3.339934
3.490791
3.671532
3.863081
3.841430
3.737293
3.653772
3.517793
3.452699
3.395367
3.280839
3.153119
3.172063
3.241174
3.289849
3.368869
3.382660
3.380751
3.412903
3.445285
3.414237
3.359915
3.308836
3.241512
3.200058
3.162342
3.106722
3.047974
3.145120
3.305235
3.455251
3.646984
3.792570
3.937001
4.126527
4.329813
4.231337
4.015687
3.827650
3.564498
3.401073
3.247805
3.012701
2.758097
2.872169
3.125308
3.341714
3.646698
3.819246
3.973063
4.223991
4.493438
4.611255
4.683516
4.782257
4.854860
5.010945
5.193106
5.344822
5.504643
5.503595
5.434672
5.380833
5.284572
5.225768
5.164620
5.058062
4.935049
4.959251
5.033572
5.084152
5.163706
5.178383
5.176519
5.207255
5.237242
5.309268
5.402283
5.492968
5.596949
5.699861
5.808301
5.930532
6.061109
6.167207
6.268260
6.379117
6.489190
6.617210
6.753539
6.888359
7.028331
7.006220
6.917398
6.840886
6.721186
6.645187
6.568846
6.446014
6.307867
6.239432
6.188560
6.118459
6.055789
5.947783
5.821932
5.705575
5.580095
5.579499
5.628771
5.663290
5.728124
5.756950
5.783100
5.842066
5.909928
6.015577
6.144947
6.282158
6.437823
6.602591
6.780710
6.977601
7.189701
7.137528
6.982023
6.853804
6.660789
6.551833
6.451170
6.280024
6.091675
6.158117
6.317446
6.447421
6.635415
6.724177
6.794796
6.929519
7.072509
7.096258
7.079932
7.077813
7.050335
7.078882
7.120888
7.134339
7.147880
7.205030
7.277754
7.348464
7.430233
7.492899
7.552406
7.624168
7.697642
7.587760
7.401960
7.225934
6.999076
6.821989
6.643295
6.409912
6.157776
6.290687
6.572854
6.818573
7.159499
7.372911
7.572821
7.876495
8.204491
8.173443
8.012007
7.892053
7.690630
7.630455
7.596596
7.472641
7.337639
7.353376
7.418536
7.465044
7.542739
7.546314
7.530992
7.551000
7.569336
7.597525
7.632864
7.666329
7.703391
7.747144
7.795231
7.846738
7.902439
7.883589
7.835344
7.794683
7.735581
7.699536
7.665463
7.611366
7.552114
7.614331
7.723696
7.822329
7.951353
8.040030
8.124645
8.242373
8.368015
8.382727
8.357453
8.345417
8.308529
8.315976
8.332042
8.320576
8.306130
8.371366
8.466196
8.554286
8.661813
8.738909
8.811452
8.905374
9.003037
8.993331
8.941957
8.899255
8.829348
8.795445
8.765031
8.704971
8.637745
8.661904
8.718451
8.763403
8.828275
8.855302
8.874333
8.915525
8.958391
8.962061
8.952185
8.945909
8.930666
8.933187
8.939445
8.935685
8.931293
8.940567
8.954299
8.966710
8.982094
8.990549
8.997310
9.007437
9.017469
9.023620
9.028433
9.033340
9.037250
9.043026
9.049139
9.054139
9.059021
9.067249
9.076728
9.085931
9.095958
9.104726
9.113316
9.122810
9.132472
9.140937
9.149066
9.157428
9.165605
9.174503
9.183646
9.192568
9.201587
9.211711
9.222326
9.232993
9.244029
9.254822
9.265690
9.276952
9.288390
9.299618
9.310881
9.322339
9.333874
9.345746
9.357817
9.369955
9.382250
9.392473
9.401894
9.411568
9.420756
9.430614
9.440557
9.449968
9.459264
9.469579
9.480217
9.490688
9.501346
9.511489
9.521482
9.531690
9.541866
9.621581
9.730892
9.837172
9.963395
10.089799
10.225304
10.381422
10.550595
10.292399
9.860660
9.651005
9.409268
9.096294
8.761490
8.398313
8.005290
8.158335
8.526740
8.840479
9.289703
9.548834
9.784782
10.168741
10.584685
10.587357
10.444846
10.354439
10.174407
10.169327
10.202206
10.135178
10.061954
10.069613
10.098204
10.116100
10.147819
10.123965
10.081811
10.056277
10.023353
9.972761
9.912947
9.846378
9.770743
9.697453
9.620197
9.533400
9.440934
9.457052
9.515704
9.563729
9.638664
9.679054
9.716231
9.782667
9.856390
9.899887
9.937035
9.983262
10.027176
9.959382
9.843934
9.730981
9.584929
10.205889
11.137964
10.498140
9.416489
9.649931
10.069449
9.962406
9.857766
9.859147
9.851009
9.836601
9.826292
9.800257
9.768789
9.742191
9.713453
9.783851
9.895943
10.001585
10.134519
10.242867
10.352860
10.492113
10.641984
10.572158
10.416926
10.282389
10.093373
9.976449
9.866862
9.697935
9.514831
9.531477
9.620188
9.685139
9.794904
9.824992
9.839664
9.903970
9.973734
9.958968
9.916048
9.882817
9.831564
9.820914
9.820121
9.798999
9.778146
9.771794
9.769586
9.766869
9.767414
9.758564
9.747191
9.739594
9.731428
9.722858
9.714249
9.705097
9.695654
9.686911
9.678271
9.669295
9.660298
9.649441
9.637746
9.626109
9.613905
9.602033
9.590042
9.577452
9.564586
9.552466
9.540470
9.528153
9.515836
9.502898
9.489663
9.476452
9.463046
9.463629
9.470076
9.475718
9.485247
9.491207
9.497385
9.507734
9.519581
9.525837
9.530858
9.537705
9.544157
9.554633
9.566831
9.578461
9.591083
9.606214
9.622817
9.640334
9.659195
9.678209
9.698015
9.719214
9.741392
9.764344
9.788232
9.813112
9.838935
9.865912
9.893926
9.922874
9.952828
9.920889
9.863184
9.809196
9.738162
9.683366
9.627885
9.554087
9.473894
9.515753
9.604607
9.681433
9.788088
9.853603
9.914319
10.007590
10.108109
10.101716
10.056676
10.024007
9.967169
9.952895
9.946716
9.913782
9.877765
9.890383
9.919417
9.942950
9.976985
9.988255
9.994179
10.011911
10.029752
10.030561
10.025424
10.021228
10.012842
10.012249
10.013109
10.009304
10.005019
10.004638
10.005199
10.005059
10.005475
10.003087
9.999691
9.996988
9.993809
9.933028
9.847587
9.764145
9.663897
9.577380
9.489043
9.382733
9.269377
9.291652
9.366432
9.427927
9.522736
9.572603
9.617552
9.698819
9.788476
9.753881
9.674196
9.608840
9.515296
9.470729
9.435309
9.368710
9.298318
9.279954
9.278647
9.270922
9.273970
9.251428
9.222367
9.205508
9.188078
9.160467
9.129549
9.098575
9.064948
9.036932
9.010053
8.980187
8.950177
8.920306
8.890109
8.859734
8.829145
8.797486
8.765254
8.732845
8.699978
8.729279
8.784799
8.837164
8.907056
8.961387
9.016978
9.091357
9.172674
9.229861
9.282021
9.342552
9.401734
9.478961
9.564120
9.647171
9.734953
9.727641
9.681861
9.645061
9.583986
9.549789
9.516603
9.457201
9.389964
9.366647
9.355571
9.334283
9.319036
9.277860
9.227401
9.184233
9.137071
9.138662
9.159898
9.174955
9.201752
9.215166
9.227734
9.252982
9.281811
9.284191
9.278338
9.277434
9.271977
9.280127
9.292458
9.299528
9.307760
9.256183
9.179144
9.105844
9.015871
8.939909
8.862490
8.767238
8.665198
8.655303
8.679548
8.692651
8.726770
8.726778
8.720940
8.738238
8.759029
8.748660
8.729118
8.714720
8.694912
8.692925
8.696529
8.693807
8.692900
8.704074
8.720568
8.738371
8.760502
8.779505
8.799343
8.823808
8.850302
8.743221
8.580744
8.426165
8.234842
8.079216
7.922398
7.726068
7.516146
7.542292
7.658331
7.749808
7.897957
7.964153
8.019435
8.136719
8.266593
8.232123
8.140190
8.068867
7.961984
7.925499
7.904487
7.843792
7.780918
7.786073
7.814950
7.838323
7.877674
7.886509
7.889266
7.909834
7.931901
7.984687
8.053134
8.121949
8.201512
8.280406
8.364092
8.458936
8.560702
8.535265
8.460129
8.397732
8.303996
8.250986
8.201968
8.118854
8.027416
8.035079
8.077397
8.106555
8.156846
8.164990
8.163710
8.186021
8.209489
8.190009
8.155295
8.123819
8.082035
8.058870
8.039139
8.007961
7.975492
7.929799
7.876663
7.822671
7.763426
7.702722
7.638844
7.569585
7.496395
7.428728
7.360999
7.288919
7.215545
7.135509
7.051570
6.966544
6.878521
6.838317
6.816941
6.790391
6.775528
6.745919
6.714965
6.696701
6.681646
6.722362
6.789657
6.857968
6.945073
7.025498
7.111995
7.218242
7.335032
7.325652
7.269620
7.230097
7.162377
7.141129
7.128190
7.084188
7.035785
7.047361
7.079107
7.103462
7.140476
7.149435
7.151606
7.168032
7.184371
7.162986
7.127018
7.092701
7.048258
7.017180
6.987219
6.957310
6.929361
6.863337
6.782036
7.197153
6.865357
6.979973
6.987088
7.006437
7.027885
6.993232
6.936987
6.885431
6.819812
6.773463
6.729219
6.669623
6.606523
6.565152
6.529759
6.489679
6.452707
6.402538
6.347713
6.296638
6.243579
6.244082
6.266844
6.285272
6.317958
6.336919
6.356263
6.390924
6.430828
6.446503
6.455948
6.471986
6.485345
6.530768
6.589277
6.516578
6.397579
6.897853
6.206491
6.219170
6.038575
5.891888
5.743609
5.556492
5.355693
5.417918
5.581536
5.719343
5.921532
6.035349
6.139003
6.312908
6.502584
6.464750
6.344940
6.251824
6.107561
6.054495
6.019092
5.927022
5.828775
5.825596
5.853972
5.871404
5.909034
5.900708
5.881134
5.884362
5.887155
5.841786
5.778135
5.716292
5.641550
5.584956
5.530229
5.461384
5.389327
5.220770
5.008153
4.796260
4.553810
4.327484
4.093775
3.827745
3.546211
3.580214
3.737791
3.865455
4.071712
4.177113
4.273260
4.454876
4.657842
4.724341
4.751829
4.807981
4.843599
4.958175
5.099760
5.216911
5.344683
5.195933
4.931915
4.690619
4.375695
4.130456
3.882770
3.556043
3.201915
3.353569
3.699221
3.994075
4.411782
4.657214
4.881535
5.240054
5.627538
5.618486
5.468493
5.366647
5.177253
5.151746
5.160043
5.071029
4.973805
5.041970
5.166356
5.274339
5.419201
5.486884
5.537273
5.629036
5.722126
5.673580
5.569770
5.473771
5.340200
5.254702
5.172881
5.050156
4.916839
4.829618
4.752717
4.662540
4.576430
4.456841
4.323506
4.195721
4.060310
4.273425
4.631851
4.967400
5.398215
5.666391
5.907585
6.809059
7.961615
5.137638
7.005879
5.907097
5.323617
4.973371
4.649667
4.139973
3.588275
3.601555
3.815854
3.960835
4.230347
4.267236
4.256162
4.383477
4.522568
4.452299
4.313120
4.196258
4.034430
3.976186
3.943309
3.859595
3.777107
3.817930
3.906412
3.990442
4.107969
4.181414
4.251328
4.357783
4.473463
4.412431
4.284402
4.173832
4.020584
3.929888
3.847658
3.718690
3.580425
3.582638
3.635319
3.671948
3.740272
3.751687
3.752041
3.787530
3.826760
3.808764
3.771893
3.741640
3.699298
3.684949
3.677546
3.656475
3.635808
3.630086
3.629464
3.628508
3.631381
3.626888
3.621020
3.619433
3.618241
3.615179
3.611958
3.609264
3.606521
3.605895
3.606204
3.606376
3.607151
3.606718
3.606039
3.606036
3.606078
3.606939
3.608241
3.609560
3.611179
3.570419
3.511771
3.455261
3.386790
3.328884
3.270094
3.198485
3.122125
3.066800
3.016840
2.960955
2.907290
2.840189
2.767784
2.698209
2.625931
2.708252
2.855388
2.993081
3.173500
3.314737
3.458324
3.647753
3.853641
3.782628
3.606361
3.459434
3.246347
3.129722
3.026245
2.850354
2.660028
2.590053
2.556853
2.502946
2.470205
2.372858
2.255747
2.163168
2.064924
2.154680
2.324373
2.480291
2.687715
2.851615
3.019673
3.242815
3.486734
3.404056
3.197981
3.027934
2.780808
2.649047
2.534069
2.334613
2.119292
2.105679
2.161513
2.191555
2.264526
2.248179
2.211212
2.222330
2.234788
2.294979
2.381200
2.467131
2.570192
2.677438
2.794460
2.929032
3.076095
2.915785
2.632401
2.375340
2.039258
1.794763
1.554995
1.229686
0.879894
0.979256
1.249201
1.473755
1.806494
1.981475
2.135221
2.407397
2.703310
2.662359
2.501738
2.381153
2.185854
2.130294
2.103421
1.993499
1.876480
1.897555
1.965269
2.019022
2.103313
2.122393
2.126558
2.165036
2.204219
2.135996
2.026035
1.921708
1.788847
1.693043
1.600233
1.476331
1.344527
1.368556
1.451896
1.520089
1.626133
1.677574
1.721915
1.807671
1.901940
1.898960
1.862975
1.840325
1.797585
1.798928
1.811025
1.800532
1.790133
1.762377
1.724887
1.688065
1.645128
1.599677
1.550362
1.494830
1.434576
1.434285
1.456636
1.471465
1.500052
1.507780
1.512284
1.531870
1.554154
1.547671
1.531810
1.520102
1.502719
1.499399
1.499844
1.493842
1.488350
1.477842
1.464756
1.452363
1.438526
1.424441
1.409647
1.393374
1.376114
1.401600
1.444655
1.484832
1.536545
1.576517
1.616593
1.669093
1.725685
1.616511
1.440035
1.275042
1.065844
0.904443
0.743881
0.535589
0.312442
0.432472
0.686508
0.909991
1.219610
1.417634
1.605304
1.886708
2.191326
2.023676
1.675881
1.373224
0.955347
0.702109
0.469711
0.111300
-0.273529
-0.191926
0.062421
0.268307
0.583914
0.723548
0.834590
1.066414
1.317598
1.312610
1.220483
1.160402
1.045996
1.048354
1.078330
1.047291
1.015597
1.002433
0.990386
0.976376
0.964017
0.928148
0.882842
0.840242
0.791882
0.806611
0.845773
0.876272
0.921216
0.946255
0.968677
1.006840
1.048367
1.056250
1.053061
1.054929
1.050197
1.061537
1.077158
1.085295
1.093955
1.044677
0.970200
0.898702
0.810530
0.734643
0.656485
0.560560
0.457310
0.360472
0.261048
0.153625
0.042266
-0.082896
-0.216624
-0.353895
-0.498149
-0.484352
-0.406953
-0.343624
-0.239742
-0.181828
-0.125959
-0.026239
0.086312
0.128883
0.152335
0.192436
0.223251
0.296334
0.384814
0.461992
0.546051
0.548459
0.518152
0.498399
0.459161
0.442791
0.428139
0.392413
0.350946
0.353880
0.370784
0.379663
0.396377
0.390568
0.377996
0.374440
0.369168
0.265144
0.119251
-0.024090
-0.196423
-0.343704
-0.493640
-0.674648
-0.867468
-0.774820
-0.569532
-0.389028
-0.136055
0.027204
0.183626
0.418734
0.674621
0.625993
0.465864
0.340998
0.146641
0.069410
0.013185
-0.119744
-0.263066
-0.276180
-0.246882
-0.234566
-0.195812
-0.221544
-0.264123
-0.276691
-0.291212
-0.302295
-0.309653
-0.318943
-0.326945
-0.328568
-0.327078
-0.324546
-0.319436
-0.293429
-0.257211
-0.219217
-0.173471
-0.130052
-0.083802
-0.029412
0.029521
