-0.280059
-0.684790
-0.885165
-1.042025
-0.321740
0.497606
1.416895
2.154093
1.483590
-2.852107
-0.548355
0.187298
-1.240592
-1.170838
-0.766883
2.057306
0.663332
2.642381
1.680563
1.355928
0.839520
-1.729773
-1.175834
-2.394669
-1.710281
0.828510
0.835314
0.396467
0.676480
1.578444
2.022322
1.055871
0.871813
-0.650736
-0.140090
-1.524402
-2.468888
-2.227290
-0.755396
-0.033610
0.194671
1.077555
1.849299
4.010297
2.833223
2.256081
1.532021
1.780082
-0.937754
-4.330672
-3.724608
-2.704491
-3.019375
-1.742381
-1.722902
1.602606
1.338863
2.751864
2.336619
3.873398
2.588060
3.005747
0.658829
-0.101979
-0.079483
-1.997604
-3.142037
-3.006278
-1.082091
-2.705634
-1.239829
-0.598038
0.357991
0.261827
1.885497
3.209368
3.405191
2.717329
3.326114
3.167474
1.211725
0.116187
-1.016641
-1.476032
-2.808006
-3.890766
-2.721965
-3.773447
-2.836945
-1.630753
-1.968451
0.721065
2.070161
2.643773
2.459491
3.180210
4.836267
2.182976
3.115242
2.619426
1.582373
2.777557
-0.865323
-1.800831
-2.071480
-3.136354
-2.817369
-3.400837
-4.817636
-3.634478
-3.011558
-2.805073
0.132204
0.383855
1.906265
2.503197
3.432009
2.882577
3.179781
4.197185
5.348408
3.477900
1.668388
1.663447
1.284419
0.898840
-1.121021
-1.985625
-1.797200
-3.735868
-5.615159
-5.241616
-2.806323
-4.067437
-4.317387
-4.436768
-3.568383
-2.180205
-0.674198
0.971050
2.836010
2.543888
3.104076
5.022042
4.370274
4.584808
5.096847
2.293416
1.721592
1.878542
3.027799
1.553329
0.898945
-2.379330
0.426972
-0.987089
-3.571064
-3.623107
-4.177438
-4.770257
-4.382214
-5.207429
-4.588056
-3.380136
-2.975059
-5.033129
-3.243845
-1.239709
-1.453107
2.612826
0.144346
2.416346
3.431315
4.640639
7.208835
4.016311
6.565776
5.107733
4.437581
3.119181
4.539062
0.799490
0.181553
2.484436
0.392170
-0.012863
-1.007120
-1.460670
-2.636950
-2.926302
-3.860904
-3.195355
-5.860526
-2.551011
-3.674527
-5.608265
-4.778682
-5.314920
-3.849658
-2.766104
-2.678100
-0.821945
-1.818747
-0.505927
0.443553
0.959792
0.919997
3.612313
3.344240
0.312564
4.230107
4.200742
4.740109
5.248623
5.046053
4.801039
4.742279
4.030541
3.148457
3.878669
3.077449
2.442565
1.503675
1.319576
1.011290
0.335372
0.644223
-1.240690
-3.355783
-4.948850
-2.844875
-5.453328
-6.610524
-5.232712
-5.843415
-5.019837
-5.719173
-6.421175
-5.252653
-5.378286
-5.256073
-4.157418
-4.939526
-3.134236
-1.205789
-1.356758
-0.298581
0.068004
0.881548
2.241101
1.692604
0.751383
3.694040
4.845553
4.876223
6.670939
6.887837
6.892455
6.260954
5.008888
7.697476
6.487276
5.465034
5.471375
5.039020
4.479910
3.626309
4.040200
3.350722
2.484558
1.022308
1.592509
0.904715
-1.148703
0.100146
-0.508122
-0.752690
-3.266014
-3.439347
-4.274160
-5.698955
-5.746156
-5.619863
-4.766821
-5.894467
-5.686051
-5.639792
-5.905507
-6.311761
-6.078342
-5.304989
-4.851882
-4.386569
-4.156073
-3.302393
-3.424959
-2.352446
-3.142499
-1.516577
-0.295618
2.014807
-0.070253
1.244760
1.553868
2.038276
3.495136
3.495335
3.874362
5.067417
2.487054
4.913815
4.868157
6.558372
6.225004
6.668177
9.624025
4.997937
4.652721
7.222865
6.207326
5.547312
4.947986
4.839896
4.377424
4.750109
3.511773
3.666545
3.722719
2.306919
3.369968
0.388219
1.254464
-0.207475
-0.069122
-3.156780
-0.657383
-1.558150
-0.425608
-2.502192
-4.811803
-4.646667
-5.497645
-5.017037
-5.566959
-6.839135
-7.460774
-6.422781
-6.682078
-7.166207
-6.276987
-7.206225
-6.504670
-6.379828
-5.320363
-6.754626
-6.300231
-5.023774
-5.755105
-5.039416
-5.831012
-4.422431
-4.944834
-2.640256
-2.784234
-0.670537
-1.436850
-1.424932
-0.468155
0.119527
2.280981
1.709810
1.974437
1.904867
3.350467
3.303989
4.043123
4.475389
6.023534
4.627249
3.453073
6.319605
6.875006
6.749408
6.359937
6.520481
5.894445
6.175206
6.785063
7.653269
6.388541
6.540468
6.698760
6.960816
6.495444
8.293301
5.402051
5.868843
7.301403
4.356750
4.603447
6.179288
2.479582
2.233602
2.707062
1.516533
1.472173
1.091556
-0.609045
0.099207
2.192127
0.682170
-1.094160
-2.267813
-1.844729
-2.319830
-1.869735
-3.029552
-5.027464
-4.051645
-3.346098
-4.247738
-4.432240
-5.898072
-6.749751
-6.284481
-7.121529
-6.917773
-6.931931
-6.685545
-6.982494
-6.808990
-9.013698
-7.191667
-6.634003
-7.365864
-7.951705
-7.193467
-6.274134
-6.635510
-5.976137
-6.421516
-5.532024
-5.722653
-5.654599
-5.031323
-4.515233
-5.150050
-3.928155
-3.844275
-2.852858
-2.661283
-1.755688
-0.774194
-1.426218
-0.754270
-0.684815
0.348809
0.445387
1.058220
0.056482
0.789512
2.155133
2.489857
3.348081
2.114200
4.652005
3.408605
3.593433
2.895618
5.082005
7.749738
8.639048
7.762231
7.473874
6.484082
6.680194
7.447672
7.427190
7.627641
6.445893
7.302699
7.326647
7.621663
9.331723
6.940228
7.897411
7.963090
7.967473
7.639377
6.822264
7.087261
8.826617
5.941151
6.130623
4.692300
6.332050
4.335379
4.888789
5.002132
5.751897
5.679589
4.594019
3.741319
2.988346
3.359334
3.919337
1.895117
1.221059
1.872885
2.174881
0.010942
0.105281
-3.239819
1.545087
-0.187642
-1.746670
-1.924302
-1.036236
-2.992212
-4.119530
-3.392576
-4.179460
-3.935240
-7.526076
-4.996685
-5.046403
-4.933020
-7.522501
-6.306399
-5.864204
-7.764447
-6.969248
-8.086072
-7.370859
-7.775237
-8.260302
-6.980289
-6.767174
-6.315941
-8.543631
-8.876294
-8.093612
-7.351245
-9.177713
-9.311280
-8.239807
-7.070923
-9.540844
-8.296255
-6.704019
-7.322490
-7.921959
-7.205382
-6.757215
-6.342918
-7.465775
-7.177643
-6.432632
-6.138852
-5.349314
-6.239479
-5.706105
-5.209269
-3.386229
-4.114870
-4.421653
-2.619909
-3.555405
-4.101511
-2.205564
-2.436935
0.077807
-1.116564
-0.807579
-1.419009
0.037710
0.543535
0.521809
1.255960
2.027710
-0.016160
1.538024
1.867152
2.857243
3.896459
3.719901
2.212060
3.097639
3.595208
4.437420
2.844986
4.142491
4.689371
6.285399
4.737129
3.687976
4.922448
6.642681
6.400336
7.548848
7.682174
7.131805
9.725144
8.480512
10.067328
8.521205
8.238351
8.032129
7.723584
8.455953
9.373887
8.480725
9.331803
7.015554
8.725122
8.370503
9.106733
8.264073
9.051434
8.229554
8.112182
9.803264
7.228729
5.762006
8.626495
7.284831
7.961486
7.158025
7.318237
7.079204
8.053104
7.072085
6.723350
9.010487
5.437381
5.487756
5.392713
6.254556
4.952398
5.583488
2.991152
3.393514
4.053518
5.896430
2.037129
2.960577
4.081671
2.580884
1.827087
2.020798
1.073060
0.870070
0.637313
1.103407
-3.216739
-0.462910
-0.605592
-0.844666
-1.144206
-2.230126
-2.380789
-2.832692
-3.586468
-3.446238
-2.775085
-3.501884
-3.325478
-4.159053
-5.370266
-6.099329
-5.415516
-4.654323
-5.632905
-5.848937
-4.981648
-6.078117
-6.523608
-6.657327
-7.587167
-7.334070
-7.296516
-7.763828
-6.934628
-9.207467
-7.747062
-7.939879
-6.881348
-5.830932
-7.899615
-8.422660
-5.041397
-8.317232
-9.361263
-9.019580
-9.791176
-8.809080
-8.279962
-9.808166
-9.005446
-11.036550
-9.036715
-10.000551
-9.053728
-11.253825
-10.074679
-8.446280
-13.526358
-10.248219
-8.929661
-8.457477
-8.545054
-8.458956
-8.306929
-7.909570
-8.716043
-8.311977
-7.619304
-7.901959
-7.483724
-6.382842
-9.713322
-8.884719
-7.532754
-7.560789
-6.642977
-7.886811
-5.823755
-5.011918
-6.497369
-5.286277
-5.141866
-5.315435
-4.409002
-3.711906
-4.155310
-3.972857
-3.735757
-3.789825
-3.291347
-2.065046
-3.606241
-2.048542
-2.867595
-1.484120
-1.383941
-1.538981
-1.346818
-1.058658
-1.618848
0.351662
-2.913994
1.169428
-0.055529
1.682625
2.316528
1.621538
2.614644
3.885984
2.212637
2.532002
2.589267
3.062262
2.243196
3.434929
4.575795
4.139858
4.724035
4.777521
5.298384
4.858635
6.307178
5.069511
6.483973
5.624542
6.946203
6.736574
5.884995
6.960065
7.085090
7.153422
6.761689
5.938788
10.556538
8.898466
8.688802
7.568518
9.879131
7.779579
8.839691
7.971719
9.511502
8.401058
8.787680
11.139759
8.424101
9.027448
8.971936
9.498828
9.545964
9.983923
9.583291
9.098177
10.027568
10.035560
9.221209
9.278522
9.382693
11.481769
7.772621
8.946957
9.942786
9.914058
9.295107
9.433215
9.774547
8.983838
9.540826
9.017206
8.604274
8.272352
8.749003
7.997407
10.127951
9.509082
10.993487
10.867720
8.215224
9.477288
6.535371
8.421448
8.106807
7.854783
8.515940
7.494348
6.858365
7.702756
6.514605
6.784385
5.444611
6.279294
6.298471
6.254847
5.248002
6.984800
5.856897
5.376331
5.578410
5.026373
5.007864
5.559317
5.720886
6.545349
4.392111
5.976605
3.615439
3.971144
3.261748
2.387980
2.348683
2.002042
2.351444
3.405790
1.330317
1.410736
1.197513
0.297692
-0.432202
0.574817
2.669788
-0.414342
0.283415
-0.622118
-0.762192
-2.817827
-1.802610
-1.810594
-0.792766
-4.294081
-2.592669
-2.146899
-1.972472
-3.274533
-1.284353
-1.725539
-3.170733
-0.391483
-3.708339
-2.194327
-4.573790
-4.718477
-4.647800
-4.084256
-3.945555
-4.651519
-5.374940
-5.451739
-6.458560
-5.686113
-6.079401
-6.567649
-6.591707
-6.468905
-6.630107
-6.548747
-3.953091
-6.689861
-7.288455
-6.675811
-7.055620
-8.535382
-8.276154
-8.552847
-8.184375
-8.589797
-7.337873
-8.953761
-9.102909
-7.780879
-10.223205
-11.374511
-8.673893
-9.264881
-9.394100
-10.791386
-8.423353
-11.031807
-8.296907
-9.606693
-9.317092
-8.489913
-10.644674
-11.947315
-9.838972
-10.815750
-9.835711
-10.200783
-13.089230
-10.033262
-10.013682
-7.125227
-10.300033
-10.495535
-10.075577
-10.006507
-10.597020
-10.138586
-10.306894
-10.235235
-13.257286
-8.680477
-10.859261
-9.775309
-11.556990
-10.071428
-9.381127
-9.316952
-11.038781
-7.004020
-9.961415
-9.343024
-9.578469
-9.416442
-4.932125
-10.038431
-9.282008
-7.876665
-9.136102
-9.807895
-10.887730
-9.608365
-8.320502
-8.212337
-7.234337
-8.152791
-8.215778
-9.254293
-8.696652
-9.182425
-7.512569
-7.864458
-9.276526
-7.484011
-6.940438
-7.364685
-6.969191
-6.799314
-6.409650
-7.193193
-6.868720
-6.386402
-6.490178
-5.481238
-6.021946
-5.820561
-5.226113
-3.649762
-2.256553
-2.865168
-5.210580
-4.664336
-4.009580
-7.237960
-4.349259
-3.266399
-3.719045
-4.499261
-5.192826
-2.982149
-4.235478
-2.730730
-2.237018
-2.477424
-1.941293
-2.296859
-0.930667
-2.399641
-1.070766
-3.245540
-1.773671
-0.228093
-0.273488
-0.304084
-0.408277
-1.153056
0.021235
1.714924
1.533311
0.782349
2.003770
1.323116
1.867439
2.274284
4.052750
0.219392
1.300032
1.720932
1.424257
1.698939
3.626051
3.190596
3.390888
2.983215
1.797673
3.392420
4.686289
5.168642
4.586368
4.332795
4.723268
4.692529
4.923078
4.676388
4.773694
5.002985
5.339158
5.405591
6.186348
7.154245
7.705796
5.485975
6.284201
6.298336
6.846200
6.850960
6.740068
6.683922
7.483913
7.535262
6.782087
8.900955
8.127168
7.727004
8.185560
8.055491
7.711569
8.513520
8.411245
8.560636
9.018701
9.186620
9.294405
8.209151
8.547890
8.283540
8.289237
10.770841
10.382208
9.216702
11.007589
9.932840
10.290712
7.183146
11.864746
10.188734
9.475710
11.289845
9.897420
10.767148
11.603331
10.664989
10.311583
10.159307
11.075753
10.006495
10.112258
9.984928
10.701782
12.059751
10.007033
10.295931
9.022764
10.328859
11.963096
11.116780
11.959161
9.974402
8.218441
10.906735
10.375606
10.351877
9.410067
11.210224
10.794252
9.560782
11.189467
11.582502
11.737585
9.874253
11.043456
10.727456
10.238717
12.378862
8.960606
11.011315
9.673817
9.776042
10.405537
11.290796
10.382088
10.484089
10.537614
9.450335
10.342012
10.779791
11.083784
9.874375
9.149483
10.177650
9.488858
8.834395
9.378523
9.553533
9.986380
10.561463
9.293462
9.702640
9.276393
8.343749
9.125231
7.860721
9.659228
9.023332
9.013979
9.115094
8.430219
8.347231
7.812878
9.016623
8.451056
7.528018
9.075051
7.840281
7.294311
7.834718
8.575399
6.649401
7.211783
7.222532
7.159455
6.376185
6.438868
6.281391
6.595123
5.329829
5.565941
4.607947
4.620814
5.023016
4.726460
5.151180
6.417285
5.135631
5.016817
4.059957
3.855860
5.279118
4.306389
5.457400
3.225569
4.908399
3.616314
3.874356
3.431538
1.723604
3.280533
2.477273
4.655891
3.034618
2.583588
2.547811
1.936058
3.441319
3.024531
2.415993
1.870298
3.517008
2.141965
1.336973
1.441762
1.746187
0.792591
2.656584
0.759339
2.174383
-0.107632
1.550686
1.111590
0.320070
-0.786914
0.834215
-0.406818
-0.375960
-0.350659
-2.891872
-2.060860
1.895288
-0.781342
-1.184830
-0.879773
-3.992757
-2.283358
-1.455346
0.052691
-2.160289
-2.672273
-2.359711
-3.919274
-2.693603
-3.906774
-2.960868
0.196095
-3.736812
-3.278530
-3.513235
-3.011425
-2.811802
-4.132449
-3.771992
-3.755275
-6.056777
-4.936203
-4.807036
-3.047094
-5.870327
-5.950359
-6.267503
-7.158948
-5.204657
-5.538907
-5.547992
-5.434256
-5.187105
-6.048462
-5.233642
-7.035918
-6.138243
-5.314280
-4.792937
-6.619502
-11.339545
-6.808763
-6.521083
-7.851385
-6.209894
-7.235029
-7.368018
-7.513107
-10.191495
-8.735470
-6.714946
-7.819128
-7.571144
-7.420815
-7.223677
-9.430874
-8.523790
-8.547423
-7.852132
-8.021414
-8.830023
-10.022105
-9.040803
-9.012370
-8.898477
-8.397664
-9.083998
-9.199769
-9.502482
-8.797790
-9.762388
-9.605684
-10.213925
-9.662707
-10.512068
-10.084863
-10.264259
-9.013427
-10.085391
-8.647797
-9.849518
-10.969423
-8.806885
-11.079729
-9.571221
-10.314997
-10.707619
-11.151172
-10.779443
-10.239324
-10.666738
-10.903688
-12.877352
-12.470626
-9.886853
-12.064918
-11.836593
-11.253096
-12.299570
-11.781931
-9.474902
-11.239238
-11.002462
-11.847638
-10.929950
-14.230257
-11.911239
-10.088344
-11.195528
-11.597158
-10.231640
-10.311632
-10.660995
-12.999667
-12.571097
-11.939767
-10.982734
-11.849567
-11.057148
-11.837608
-11.588015
-11.746899
-12.850036
-11.465846
-11.684564
-11.364725
-13.154664
-11.275071
-11.092773
-11.338080
-11.285576
-10.812901
-11.279684
-11.363779
-11.125321
-10.652944
-10.968127
-9.234497
-10.983367
-11.654942
-10.478590
-10.862182
-10.269660
-11.887163
-10.033475
-12.097220
-12.374574
-10.963746
-10.757649
-10.884987
-10.721657
-9.076528
-10.838763
-10.904247
-9.436176
-11.276451
-10.867799
-10.693301
-9.975240
-11.009655
-10.949373
-9.965745
-10.147506
-10.708490
-10.899185
-10.959205
-10.467198
-11.355365
-10.221766
-9.852314
-9.652107
-9.324315
-9.531534
-10.779206
-9.743373
-9.840501
-9.592201
-9.004703
-10.028296
-9.360556
-9.704203
-9.810742
-9.531235
-8.320081
-9.815611
-11.223478
-8.322154
-9.167024
-7.923634
-7.963317
-8.596184
-10.740743
-8.237262
-8.722934
-7.370388
-8.523133
-7.480288
-10.272593
-7.526564
-8.371764
-6.785840
-7.468972
-8.058510
-6.579855
-7.491762
-6.821595
-6.280793
-6.482554
-8.824807
-6.864189
-6.725672
-6.662863
-6.454279
-6.755404
-6.662677
-4.649360
-6.488689
-7.167912
-6.519117
-6.863434
-5.211593
-5.861279
-5.601333
-6.098440
-4.291484
-5.259371
-4.596949
-7.390351
-5.752376
-5.064921
-4.867798
-4.544363
-3.213173
-5.395636
-5.248009
-1.386103
-3.857173
-3.903373
-4.130203
-1.713093
-3.705883
-4.292819
-4.277932
-3.682791
-2.711608
-2.340000
-4.634010
-2.746667
-2.896930
-3.358537
-3.039526
-3.562224
-2.532826
-2.388107
-2.610508
-2.607130
-7.552740
-1.588003
0.019527
-3.529551
-0.973935
-0.636896
-1.942015
-1.461316
-0.262196
-0.626584
-1.729752
-0.956714
-0.761787
1.746401
1.164768
1.083219
-0.891057
-1.037036
-0.060864
-0.128049
-0.119450
-0.301875
-2.166807
1.535441
-0.728793
0.840490
2.028767
1.006576
1.047336
1.393678
1.623153
0.480815
2.976822
1.357634
1.906355
0.982822
1.359772
2.960983
1.197528
1.766410
1.005458
3.410737
2.104539
2.207887
2.462150
2.447780
3.390437
2.823452
4.027276
2.952004
2.784266
2.579083
5.444528
5.903010
2.084117
3.693092
3.741366
4.087785
4.068408
2.708061
5.226557
3.793139
2.958585
4.760995
4.289025
4.342470
5.481253
4.741909
6.230318
5.907611
4.910636
3.958264
4.781924
5.007376
5.757808
5.787878
5.569653
3.666300
7.019700
5.798731
6.834641
7.361994
6.213248
7.001427
6.450669
8.156022
7.955865
7.664827
6.210008
7.137708
6.378246
6.951540
7.246836
6.387655
6.554631
6.082591
7.666214
8.967073
8.090410
7.051087
7.987934
4.307348
6.163602
7.438953
7.935490
8.261418
9.631237
8.235182
7.952885
8.178114
7.563830
7.671630
8.405225
6.920216
9.764631
7.549280
9.579430
9.576184
7.613974
7.520884
10.227178
7.981091
9.831045
9.392682
12.902316
9.352758
8.168050
12.898744
10.705183
9.371516
9.750060
9.943393
10.107936
9.026812
9.993595
8.183929
10.726573
10.151464
9.720280
9.872022
8.577839
9.288577
12.709494
10.323377
11.357919
10.525525
9.162131
11.156748
10.503645
10.495391
10.612529
10.417871
11.103291
10.488082
12.700629
10.228987
11.418440
11.308115
11.251511
10.028719
10.516869
12.629438
8.331724
12.218868
11.845756
12.253640
10.339705
10.102704
10.973328
10.561166
13.516374
10.748613
11.558215
11.776988
11.598303
12.276638
11.060155
11.108754
9.784716
11.153308
11.213524
11.626772
10.581332
12.867590
11.836255
12.642826
10.561847
11.139447
11.213640
12.646989
13.264149
11.901883
11.018248
11.772580
11.827143
10.677324
13.238394
13.403872
11.750408
12.057952
11.259495
9.918100
14.105717
11.397901
11.475710
11.826724
12.445167
12.559862
11.311394
12.768708
11.649976
11.564791
13.858216
12.546512
14.176100
11.846637
12.038985
12.222616
11.843649
10.833957
11.495601
11.437540
11.980429
11.801306
10.575582
13.472277
13.110816
11.028466
11.192020
12.874240
11.613661
12.410060
12.320818
11.662939
10.541921
11.509865
11.656569
12.092948
10.942529
12.998020
12.787703
12.130718
10.982452
10.026889
12.508780
11.408998
10.502377
12.088670
12.342742
11.290753
11.493565
11.326187
10.701116
11.654710
12.638478
7.626238
10.158403
11.236484
11.130280
11.254608
11.624058
11.101443
11.376455
12.875916
11.610800
11.038590
10.936628
10.959690
11.026126
11.009594
12.044846
12.287739
11.634717
11.970258
10.918273
9.534704
10.380664
10.304883
10.021834
11.461252
10.511722
9.702655
10.828239
11.041653
10.749106
10.187392
11.060013
10.533507
10.070318
14.149223
10.311367
12.291430
9.864609
11.083216
9.979886
9.793843
9.243979
9.858603
9.841653
10.276216
9.773023
9.705337
9.178385
8.779400
9.461409
10.090639
8.810434
8.161929
8.951612
8.281107
9.540470
9.909408
9.325607
10.055524
8.028845
12.721374
8.864146
8.725334
7.929898
9.432669
10.808595
9.036956
9.289686
8.558071
8.298989
9.068347
8.400156
10.451668
9.559526
10.843067
8.741354
6.106695
8.522675
8.013960
5.712831
8.561931
6.506280
8.225020
8.283112
8.942126
8.070338
7.358109
7.811161
7.742657
6.812775
6.256463
7.378541
6.966869
6.793764
7.432509
6.933547
7.169626
9.058693
6.351607
6.035502
5.756187
5.313210
6.247968
5.576098
5.637033
4.805820
6.227118
6.215483
5.465404
5.882088
8.107271
5.787228
7.413798
4.636934
6.308578
5.683100
5.232301
4.679503
4.324381
6.908946
5.412179
4.362867
3.740833
3.354627
5.233486
4.695240
4.959988
2.556098
4.796408
2.084608
4.919224
5.774301
4.412751
4.590950
4.198691
4.474498
4.775962
4.386256
2.551177
4.509480
4.023041
3.614234
5.641780
4.090289
4.874514
2.824583
3.548214
1.473255
3.104690
4.448536
2.479665
2.953782
2.460112
3.346943
2.924263
2.804952
2.484301
2.306206
1.844068
2.659890
2.293075
2.179945
2.129331
1.456364
4.972189
4.905379
0.284209
1.819896
1.884407
0.269661
1.592654
-1.720532
1.671047
1.333204
0.836883
-0.043431
1.042879
3.131784
1.907028
1.367646
0.745505
1.144064
1.865883
-0.076177
1.398749
-0.010993
0.157062
0.614840
0.932619
0.872444
2.093183
1.352097
0.276072
1.131126
-0.515697
0.104902
-2.861865
0.641026
1.107970
0.687239
1.267314
0.535739
-1.457508
-0.758621
-1.153008
-1.278702
-0.960845
2.376304
-0.014167
-0.578995
-1.002274
-2.843199
-1.319716
-1.120218
-0.908229
-1.454490
-1.360371
-0.899396
-2.054181
-1.611657
-1.728861
-2.955253
-1.575670
-1.808986
-1.996669
-2.154190
-2.297760
-3.528497
-0.821512
-2.120868
0.678376
-2.024327
-1.944805
-1.120110
-0.837149
-3.139748
-3.206984
-2.812136
-4.476921
-3.503737
-2.083645
-4.256800
-2.994342
-3.261442
-3.378596
-5.874944
-2.151445
-6.056586
-2.665172
-4.278171
-2.015969
-4.025603
-3.708449
-4.739392
-4.309378
-3.486829
-1.834180
-2.796273
-4.216907
-3.314213
-5.140833
-4.468952
-4.739177
-10.116371
-4.963595
-4.834039
-5.179322
-3.607970
-4.928717
-5.791292
-4.547634
-4.690756
-5.094591
-5.420504
-4.717924
-5.205302
-6.039634
-4.751289
-5.953964
-5.346617
-5.808220
-6.999715
-6.511820
-5.269643
-5.872935
-5.668545
-6.163418
-5.232459
-5.278922
-4.314091
-5.339069
-6.179922
-5.108478
-6.485644
-7.350863
-7.089221
-7.261683
-6.461166
-6.808210
-6.497968
-6.590978
-7.249065
-6.876737
-6.175176
-6.907131
-7.357098
-6.930967
-6.826862
-3.851434
-7.249024
-7.290342
-8.552070
-6.467890
-8.389907
-6.759194
-7.088546
-8.414938
-8.237735
-7.296745
-7.727870
-8.090349
-6.825251
-6.673598
-8.751038
-6.631432
-8.159171
-8.142902
-5.624777
-9.111298
-8.769068
-8.242753
-9.315071
-7.216505
-7.976726
-8.467857
-7.700741
-8.927937
-7.426914
-8.396419
-8.956813
-7.858516
-7.762395
-8.525349
-7.961032
-10.658087
-8.889967
-8.416825
-9.662525
-8.981119
-8.291255
-8.506225
-8.365648
-9.274925
-8.103764
-8.692390
-12.291636
-11.038124
-9.905703
-9.687232
-9.682786
-9.557355
-7.391469
-10.716806
-8.912039
-9.223181
-9.715545
-9.810840
-10.115795
-10.223935
-9.110897
-9.684165
-9.206575
-12.003423
-10.180300
-8.777851
-10.056045
-10.039363
-9.200560
-8.738831
-7.532356
-10.504707
-10.586729
-9.944584
-11.272716
-11.224140
-10.852384
-10.740902
-10.547067
-9.970665
-10.170973
-10.675579
-9.566103
-9.493700
-10.489104
-11.555226
-10.195543
-10.021694
-10.545258
-11.677226
-11.211716
-11.046288
-11.580267
-11.135430
-10.901795
-10.410340
-11.340445
-12.022010
-11.989262
-9.431321
-8.944438
-10.674169
-10.709207
-14.584127
-12.443413
-11.202844
-11.402256
-11.550282
-11.366224
-10.647800
-10.899290
-10.488057
-10.437985
-11.617874
-12.053321
-11.292283
-11.986461
-12.487638
-11.075715
-11.402469
-12.524313
-11.104999
-10.161033
-11.646218
-10.734742
-11.489982
-11.186999
-12.046488
-10.842554
-11.680632
-9.721897
-12.085449
-10.262120
-11.780497
-12.103498
-11.530506
-11.059715
-11.306541
-13.140789
-9.389052
-11.416360
-10.871286
-11.405322
-11.431789
-13.000512
-7.695574
-12.349178
-12.077720
-11.006355
-12.664889
-12.259753
-11.218935
-9.547302
-12.391483
-11.242922
-11.339401
-11.574012
-12.272314
-12.170667
-11.322891
-12.162561
-12.357333
-10.944902
-11.231213
-12.407869
-12.087108
-12.312921
-12.588807
-10.634323
-14.160621
-11.983643
-11.158821
-10.987221
-12.376236
-12.237188
-11.459434
-11.315464
-11.685951
-11.686749
-12.256151
-11.908118
-11.585306
-12.521040
-11.807239
-11.846817
-12.737589
-12.120694
-12.058394
-12.983384
-11.267711
-12.822563
-11.478499
-11.740395
-12.520543
-13.388646
-11.787946
-11.852180
-12.832404
-10.457654
-12.342112
-12.359956
-10.779769
-12.292016
-10.320741
-11.534099
-9.085127
-12.526649
-11.520430
-12.712625
-12.526231
-12.875402
-11.500997
-12.033389
-11.940125
-13.057834
-10.291824
-12.564875
-13.142196
-11.513407
-12.184818
-11.051046
-12.089399
-13.226035
-12.974781
-12.570614
-12.293553
-13.308752
-11.837751
-11.578351
-10.906898
-10.954786
-11.208306
-10.354771
-11.118701
-13.242520
-11.801367
-12.256715
-11.409226
-11.633501
-11.686390
-11.724860
-11.241875
-12.149679
-11.944977
-11.945939
-11.496054
-10.109876
-11.691922
-11.966462
-9.020341
-14.693670
-11.902555
-9.986072
-11.848375
-10.517126
-12.832407
-11.132514
-11.345783
-11.167088
-10.742432
-11.703805
-11.332459
-9.484631
-12.675020
-10.304726
-13.537817
-10.581298
-11.017337
-12.723154
-12.482039
-12.073861
-11.027041
-11.319886
-11.402716
-11.199557
-10.999135
-12.034033
-10.796883
-10.859415
-11.528413
-10.525509
-11.036315
-11.704637
-11.957267
-13.981221
-11.446668
-10.785143
-11.076163
-11.028679
-11.144051
-12.145109
-10.571626
-11.109085
-10.783971
-10.813345
-11.547076
-9.869100
-9.900606
-10.859172
-12.035198
-10.578934
-9.734702
-9.392812
-11.318715
-10.747408
-9.955954
-9.961013
-10.388699
-9.090594
-11.904431
-10.114966
-10.849833
-9.123201
-10.119302
-9.911321
-7.972804
-10.582953
-7.931949
-10.208545
-10.900098
-9.971288
-13.067171
-11.168966
-12.090017
-9.639342
-10.458603
-10.206699
-7.951416
-10.942794
-8.765081
-10.123335
-9.908485
-10.357712
-10.583297
-9.505755
-10.076765
-10.003671
-10.122441
-10.073861
-8.720000
-9.732674
-10.216630
-9.322516
-9.548340
-9.733348
-10.390252
-10.308769
-10.285205
-9.278799
-10.113128
-9.653620
-7.877279
-13.098499
-8.683105
-9.796037
-7.568658
-11.739110
-8.303847
-11.297456
-9.114200
-9.203083
-8.226190
-8.974904
-9.106827
-9.617074
-8.882363
-8.563109
-9.256362
-8.917152
-10.206807
-8.162709
-7.754751
-8.203191
-8.018878
-8.286812
-8.641904
-8.687213
-8.284284
-7.705786
-9.751843
-7.700979
-8.277884
-8.006440
-8.003594
-10.026890
-8.112854
-6.526495
-6.174253
-9.152264
-6.987186
-7.041645
-7.958359
-7.838457
-8.362764
-7.757515
-8.669710
-7.617092
-7.582685
-7.899220
-6.725307
-6.093920
-7.767475
-8.502158
-7.573604
-7.554085
-5.982464
-6.976628
-7.737561
-7.114167
-7.028713
-7.767936
-7.961275
-6.326196
-7.454156
-7.644521
-7.327489
-8.295752
-6.373039
-6.578899
-5.209591
-6.778158
-7.058103
-7.163496
-7.590213
-6.558329
-8.456335
-7.553043
-6.774806
-6.556899
-7.161258
-7.769441
-6.891572
-6.767702
-6.508667
-6.005004
-6.165298
-6.496227
-7.390421
-6.556117
-6.054612
-4.582250
-5.537098
-6.731842
-7.781384
-8.051686
-7.410547
-6.000127
-5.673284
-4.780391
-5.877182
-6.686875
-4.032149
-9.062328
-7.045489
-6.302296
-4.732087
-5.661752
-6.497139
-6.964031
-6.047245
-2.893562
-5.115841
-6.352517
-5.863343
-2.977881
-5.500005
-4.810285
-5.054474
-6.201068
-4.626577
-5.667536
-5.565854
-5.061956
-5.032327
-4.296151
-5.556160
-5.345890
-4.852835
-4.926586
-4.823399
-5.710579
-3.478273
-4.459636
-6.231408
-5.687532
-5.365094
-4.071126
-3.339527
-4.404899
-0.949759
-3.085004
-2.214828
-4.900414
-3.908988
-2.037042
-3.693573
-4.514200
-3.829665
-2.903430
-3.729481
-4.397512
-1.932352
-3.928372
-3.358311
-3.900930
-3.856084
-3.324591
-3.644052
-3.271260
-4.294849
-3.874196
-3.266803
-2.932369
-6.033892
-4.196637
-3.191981
-3.112086
-3.712857
-5.066783
-1.427213
-3.211820
-2.886102
-4.516534
-4.657655
-2.875840
-2.186279
-2.855530
-2.853699
-2.832051
-2.493332
-3.988275
-1.598540
-2.391675
-1.428545
-2.930053
-2.168653
-2.718012
-2.577145
-2.226033
-2.592382
-2.066052
-1.954105
-2.130569
-1.480520
-3.707694
-0.717566
-1.307068
-3.267983
-3.095603
-2.708784
-1.768741
-2.008897
-1.273194
-1.921005
-0.724809
-2.647587
0.349254
-1.098723
-2.089662
-1.881724
-1.403785
-0.231407
-2.077040
-1.474077
-2.348372
-1.719578
-1.464845
-1.807835
-1.270446
-1.328531
-0.646208
-2.064217
-2.599964
-0.874837
-2.892667
-0.320980
-0.527150
-0.704871
-0.975983
3.655564
-0.727087
-0.749311
-1.095876
0.026426
-2.534645
0.071208
-1.239170
0.347695
0.949795
-1.142734
-0.109828
0.193847
-1.350894
-0.457811
-0.781030
-2.122762
-1.034154
-1.392796
0.633712
-0.080573
-0.343102
-0.323042
0.048081
0.656047
-0.409911
-0.214307
0.298173
0.312665
0.144362
0.582737
0.458709
-0.260492
-0.217273
0.392420
-1.356594
0.214602
1.095635
0.053060
-0.166562
0.236807
0.560198
0.333261
1.535762
-2.500944
2.109445
0.618013
0.739667
0.307399
0.931026
1.210322
1.015979
0.871393
2.946218
3.361279
1.715578
4.681701
1.379951
4.088351
2.204338
-0.314530
0.959801
1.649476
0.449186
1.673802
2.168615
0.628222
2.526731
1.233446
1.741386
-0.551121
-0.528940
1.954322
-0.032089
1.542631
0.969522
2.793278
-0.685183
2.256656
1.498298
2.886570
4.065419
1.615198
1.856058
1.937181
1.149206
3.981056
2.424411
2.388973
1.778731
2.164002
2.383141
3.157827
0.676496
2.566500
3.141078
3.913838
0.424361
2.057571
2.994966
6.622252
4.317097
2.877246
4.545888
2.592448
3.199298
3.218238
1.974103
4.530572
0.118073
2.086148
4.329199
3.086804
3.710317
0.815705
3.987747
3.342069
6.339750
4.948990
2.287258
1.198385
0.998413
2.938282
3.689196
4.044128
3.198752
3.361693
4.202752
2.900636
3.466889
3.490798
3.023088
2.990548
3.850144
3.900996
4.546082
5.207262
4.973514
3.652064
4.371737
4.311869
3.786751
4.163735
5.744049
2.848045
4.273067
4.170806
5.797893
5.144132
3.939700
4.194482
4.729333
2.093931
4.765049
4.604240
3.523094
2.880611
5.283447
5.482806
5.626276
4.522526
4.318457
4.814976
4.950770
4.267419
3.952452
4.657230
4.876965
7.017874
3.990009
6.925755
4.296604
6.128132
5.774178
4.191953
3.615146
5.452509
5.322047
5.722431
5.292397
5.361708
6.048918
6.147515
5.045548
8.212130
5.269699
4.917100
5.715144
5.391378
5.942153
4.623857
4.817494
5.539014
5.307573
6.073982
3.473943
4.906793
5.805239
4.910790
5.824160
5.943840
5.717005
4.972107
7.958834
4.977929
7.609673
7.326414
5.447041
6.137700
5.793733
6.204537
6.140601
6.819219
6.017352
4.435598
6.379642
0.801846
7.739422
6.139105
5.587875
5.071431
7.228236
7.426514
7.299348
7.409205
5.668456
6.917612
6.313632
6.907423
6.659417
7.360619
7.493760
5.145743
6.428276
7.638890
7.721554
8.784417
5.871143
6.520299
7.442801
6.391039
6.358856
5.491335
6.775114
6.829669
7.819491
7.071663
5.664926
7.181977
6.936871
6.435662
5.761847
6.861379
9.900452
7.063074
7.450301
8.036479
7.752909
7.577474
7.052786
8.433050
6.700633
7.073023
7.683966
7.258188
6.968732
6.871711
7.203986
8.089095
7.473641
6.191948
7.770652
6.960990
5.703747
7.374030
10.245616
10.676243
7.051603
6.444894
5.917578
8.889921
7.367397
7.996313
7.830391
7.406928
7.066259
7.812952
7.667487
7.917781
8.674364
6.685704
8.600222
7.623646
7.593551
8.348329
7.862307
8.301731
5.237999
8.057429
10.908911
7.648598
7.754659
6.445773
9.063177
7.960834
7.142893
9.591279
8.021950
8.786203
7.452861
8.881035
8.127670
10.296064
8.182884
8.341304
8.423603
8.265272
8.208862
8.811777
6.867631
7.007684
9.036234
9.409763
7.424538
8.561617
9.087824
8.435162
9.523529
8.274034
7.963462
9.266640
8.111231
9.210056
9.321319
8.147011
8.689028
8.529732
9.751561
8.956001
9.511156
7.552874
7.874698
11.081885
9.024810
9.669024
9.328332
8.158852
9.706875
7.574139
4.879798
10.280552
8.765842
8.058834
8.018657
9.028132
9.548170
9.193153
9.049366
7.621950
9.116920
10.474293
9.207125
8.646746
9.811860
8.319029
9.144923
8.704826
8.700272
8.652674
9.051315
9.226382
5.708279
4.384754
9.034890
10.431410
10.078610
11.888064
10.320925
9.144488
10.321232
10.072650
9.412088
9.162485
7.560036
8.374839
9.297171
9.538942
9.471804
8.721280
9.312383
9.286076
9.889718
7.453030
8.588171
8.575312
9.143634
9.327830
9.597725
10.193490
9.330582
9.218062
9.250577
7.923176
8.537657
10.767995
9.415970
10.943354
9.361198
9.303401
9.635909
10.012155
8.272717
9.597016
10.408338
9.370288
9.518436
9.725941
10.436227
7.069327
9.945425
10.194740
10.052164
7.383359
9.999286
8.879809
9.406685
10.372426
10.118887
9.621353
7.353364
10.201940
7.756830
10.550104
10.256116
11.031823
11.411243
8.821022
10.706617
10.764984
7.847489
9.301721
9.604404
8.124351
9.894316
10.229285
10.087372
10.276036
9.038411
7.168172
10.579753
10.075720
11.209202
10.009883
10.487742
9.736426
9.970410
9.519806
9.242054
9.718738
10.104875
9.740129
11.407101
10.736371
9.647026
10.142234
10.104089
9.603728
9.900569
9.800340
11.748733
9.620236
10.306745
10.603177
10.516341
9.239566
9.684716
8.846581
9.892231
9.605830
8.234125
9.995963
8.629146
9.693623
9.529772
10.047129
10.906688
10.556426
10.140962
10.852185
9.822300
11.978694
10.059793
10.461480
10.190244
10.507588
10.400787
11.001613
9.691591
7.309243
9.702665
10.490320
9.928772
9.648727
9.925526
9.437980
10.784377
10.079668
10.022848
10.766959
8.870059
10.133308
11.299223
8.637560
9.045510
9.826343
10.130345
10.147733
9.016609
10.670077
10.076490
9.671581
9.759976
10.488557
8.938216
10.050886
11.905231
10.542340
9.399457
10.215713
10.426982
10.227722
9.512850
7.639994
10.346268
9.751934
11.531304
10.482509
9.985574
10.456050
9.374938
12.205131
9.724554
9.493210
8.848514
9.249342
10.880680
10.669023
9.491122
7.900947
7.640660
10.033671
11.055246
9.929069
10.981743
10.370312
9.552959
10.025871
11.000414
9.253876
9.747676
9.597695
10.501226
9.797733
10.039424
9.193145
11.594178
8.675539
10.085066
10.170661
9.278946
9.052903
9.017628
10.133843
9.715748
9.379017
9.511597
10.401340
9.898905
9.689128
9.263859
10.505449
9.590098
10.360347
9.989478
9.096411
10.931488
9.091821
8.883191
8.834702
8.986822
10.570238
10.549199
9.960112
10.154442
9.915390
8.633380
9.902223
9.060054
9.711644
11.578238
8.346274
10.315908
9.222214
10.008666
8.571547
10.157801
10.306522
9.312276
9.173243
9.698806
8.538034
8.206597
9.944262
10.317168
9.394922
11.040457
10.255281
10.037619
8.043759
10.540130
9.654367
9.943072
8.885925
9.967107
9.514554
9.833244
9.153525
8.277369
9.242351
10.135773
9.830813
9.937680
9.717301
12.565353
10.072806
10.154326
10.244760
10.186077
9.341041
12.040459
9.957787
8.345511
8.813316
10.311687
8.203060
9.422119
11.576676
9.514758
9.705939
8.563815
9.663648
7.917980
9.084347
9.901463
7.927807
9.720171
9.871026
8.251349
8.588617
8.788405
9.223065
7.587397
9.892317
9.607764
9.361453
10.933493
9.396548
9.640636
8.614389
9.591863
9.027368
10.171999
9.596355
10.879858
9.432988
8.589368
7.548344
10.517885
8.810722
8.791250
11.022877
8.924625
10.239979
11.948656
9.296736
10.578820
11.462492
9.323240
8.736210
7.550777
9.197994
10.441324
9.390216
9.350214
9.044737
10.752616
9.642205
9.669632
9.971095
10.265971
9.394704
9.203208
9.189050
8.777005
8.971285
8.965291
9.717874
6.656502
7.472667
10.582978
9.670811
9.068553
9.207818
8.066471
6.829457
8.283231
9.144276
8.480605
10.211287
8.908912
8.772191
9.401023
8.882711
7.917169
9.918238
9.730800
9.456655
10.009431
8.522365
9.366372
9.222466
8.944680
8.599342
9.010505
8.597550
7.230279
6.450582
8.491580
7.918434
8.442139
6.114667
7.382019
9.048225
7.852943
7.218368
8.452781
8.045667
8.410265
8.857032
8.584653
9.458968
9.860198
8.765410
7.791222
7.777685
8.793047
8.937453
8.424849
8.876969
8.483896
8.346240
9.358031
8.788561
9.992802
8.563954
6.913777
7.967395
8.772829
7.595386
7.098720
9.757431
8.311172
8.287041
7.472980
7.829490
8.116492
8.305475
7.265225
7.644166
10.395020
8.569213
7.233444
8.768050
7.862665
9.741680
6.674193
8.623465
8.179047
7.716734
8.143944
8.899824
6.491728
7.198204
7.908705
9.643916
6.490338
7.464108
8.778826
8.013296
8.083586
6.394489
7.990789
7.977018
7.157991
8.139232
8.690191
7.107252
7.945591
8.076868
7.897889
9.696346
10.384102
7.785636
7.751940
7.745918
7.621175
7.707045
7.197791
9.276420
4.848121
7.649434
7.669098
8.268016
7.941492
7.311013
7.786308
7.495740
8.217813
7.802030
9.823765
9.375061
7.979559
7.131012
7.048991
8.281401
7.760785
7.731916
8.348131
8.976906
7.168060
6.975017
9.849736
7.253671
7.034950
7.174830
7.259074
6.776783
7.010530
9.352848
7.139275
6.469530
8.676103
4.311673
7.753012
7.206755
6.511610
6.515976
6.810303
7.141506
8.825403
6.986159
7.613251
6.502194
8.529048
7.333862
6.750024
7.744344
7.142895
7.015416
8.658959
7.033650
6.329612
6.996315
4.173910
7.132829
6.599322
7.477999
6.278881
6.742185
6.480355
6.628126
5.995259
7.708386
7.182139
6.237141
6.021944
6.854794
6.969246
6.938198
6.480881
6.764147
7.254895
5.237905
7.465904
4.838760
7.505914
5.715871
8.212620
4.781522
6.608414
6.777097
6.297621
7.578794
6.769628
6.993457
6.367164
6.706953
6.083721
6.203604
7.178481
6.833292
6.819218
6.341318
6.567295
6.619958
6.569831
7.345119
5.759228
6.864844
7.225917
6.434808
5.745900
6.455220
7.295838
6.300395
5.807831
5.916304
5.700471
5.272592
8.485392
5.465612
5.360326
5.582041
6.910465
6.790235
5.404448
7.226631
7.339886
6.424982
6.681620
6.045771
5.220637
5.004629
6.441263
5.434269
5.433563
5.700468
5.739170
8.034313
4.066981
7.345937
5.592616
5.742757
5.328951
6.295214
7.042304
4.382919
5.745916
4.729884
6.762623
6.396055
6.439528
4.103728
5.315310
4.165586
4.331216
5.013887
7.090356
5.542447
5.975503
7.634647
5.489763
4.806803
5.267193
5.796990
5.544210
5.101148
5.395162
4.941068
5.182868
5.004637
5.325414
4.909854
7.163639
6.245083
5.358823
6.434191
5.059528
3.707393
4.838242
4.175073
5.606728
3.177582
4.985734
5.341770
5.980915
6.032328
4.273429
4.924878
5.770531
5.236174
4.977075
5.825070
6.007227
4.430236
5.251087
5.068482
4.789926
5.311256
5.446969
5.395355
4.769596
4.160112
3.937374
3.945431
3.558972
3.431360
3.333744
4.332933
4.832808
4.749211
6.886794
4.665727
4.421383
5.247519
4.948750
4.576735
5.241938
4.151647
4.599817
5.330486
4.860406
3.501748
5.132025
4.480635
4.093848
4.730286
6.480098
5.823634
4.153514
4.526593
5.448320
2.582256
3.934878
6.453492
6.882541
4.151250
6.214682
4.680247
6.868104
4.341463
3.999857
4.453618
6.385695
4.311042
3.670948
4.580609
4.299389
3.477408
5.863919
1.426711
2.576177
4.871367
4.488843
4.425374
2.786142
4.669217
4.153167
4.643090
2.449304
7.133478
5.674714
4.378860
3.413846
5.257202
5.238723
1.675563
3.342300
4.748303
6.303408
3.861441
4.283599
1.554368
5.468997
4.304078
4.100902
4.303897
3.557948
3.578298
3.693258
2.988487
3.423507
3.868679
3.781355
4.178692
3.477433
3.658803
4.482546
2.945681
4.026464
9.953573
4.397691
4.802811
1.963246
4.028977
3.368401
2.901958
2.599089
2.057258
2.544336
2.257929
2.738955
3.900559
3.884513
3.226921
4.181878
3.880855
3.723998
5.395989
2.627654
6.090531
-0.416829
3.312213
4.118807
3.115009
5.117104
3.516669
3.984795
3.475659
3.477199
3.402618
2.973737
2.880603
3.140796
4.985498
4.651572
1.580144
3.839936
4.491458
2.589122
3.057352
2.394678
4.609643
4.343383
2.947652
3.422734
4.463885
3.730071
2.816477
2.993459
1.557753
4.683476
2.544426
3.681402
1.100489
1.930746
2.861289
3.172144
2.795012
3.283856
2.607210
4.307579
1.817208
3.181501
2.096687
2.619575
2.865153
1.864827
1.819007
3.252779
-2.422352
1.731902
3.671596
3.553634
2.390280
2.828447
3.606523
2.288431
3.841025
1.804224
3.688914
2.103514
2.385235
0.678465
2.258195
2.410993
2.333795
2.430144
6.542961
2.504259
4.415926
2.831578
2.058180
1.407919
2.853146
2.145501
3.141178
1.197124
2.144784
3.260311
2.447205
3.410234
2.526215
3.636219
1.962331
0.689741
2.261884
3.396234
2.688987
1.661644
1.223431
0.284991
0.873421
2.124050
1.616163
2.157694
2.811589
1.773116
-1.731807
3.137281
3.767807
1.880995
4.260014
2.546602
1.562276
-0.115404
2.022597
0.268339
1.862790
-0.902017
2.729063
2.907362
1.822919
1.365770
2.401528
1.428712
2.753799
1.749541
2.314769
0.675913
2.909569
1.843039
2.421574
1.730636
2.111131
1.555031
1.927748
1.022213
2.563123
2.659654
1.152436
1.396381
1.508623
1.287874
2.030630
1.739722
1.880192
2.283894
1.638713
0.954703
1.586646
1.391140
2.323189
2.398506
1.018031
1.555766
0.651930
1.336361
2.726857
1.451651
-0.838650
1.323201
2.053718
1.255186
1.599690
3.608121
1.225239
2.124472
1.552608
-0.277620
1.436261
1.198313
2.764174
0.855459
0.424277
1.309190
1.089747
1.392520
1.836821
2.098681
1.602044
1.161882
1.277517
0.958230
-0.563793
0.546827
2.766861
1.606394
1.607907
3.355699
1.248633
0.701407
1.583041
1.402387
0.740653
0.802517
0.964307
1.152663
-0.072384
1.058979
-0.081644
-0.209146
-0.197603
0.847503
1.553923
0.979765
1.164050
0.836079
1.028646
0.779058
2.505030
0.319637
1.167262
1.604598
2.495812
0.992102
1.383224
1.201411
-1.105927
0.080611
1.112662
-0.132453
0.584930
0.612012
-1.110047
1.078824
0.052114
1.193509
-0.166940
1.049817
0.325999
0.105652
0.720985
0.954389
0.609747
0.889093
0.519421
1.656926
0.530227
0.215461
-1.353026
0.591303
1.157482
0.483443
1.004461
0.474673
0.043808
-0.783253
1.014660
0.814320
-0.137802
1.108903
0.134076
-0.513143
0.121781
0.511272
-0.425735
0.370016
0.251619
-0.641995
0.834822
0.555966
0.909280
0.825877
0.049136
0.804832
1.498732
1.255715
1.907157
1.003775
0.486379
0.656087
0.749748
-0.587831
1.077930
-0.449682
0.215277
-0.254394
0.556455
0.565059
-1.159405
0.188610
0.556564
0.487961
0.076949
1.460666
0.881197
-0.161795
-0.958488
-0.076391
0.348817
1.303774
1.583526
0.534593
0.771406
0.540785
1.152686
0.130364
0.284498
0.351342
-1.123412
-0.320095
0.821232
0.456192
0.026059
0.335647
-3.010317
0.966537
0.105736
-2.176257
-0.953281
-0.364427
0.605204
0.079787
-0.184118
-0.969399
-2.506764
1.007288
0.843605
-0.551489
3.816889
0.136800
-0.475041
0.569252
-0.091150
-0.088395
1.524826
-0.511839
1.591868
-1.257665
0.461876
-0.679744
-0.207692
-1.408674
-0.726706
0.212590
0.592973
0.536826
-0.625933
-1.824611
-0.246435
-0.250173
1.693135
0.315341
-0.561791
-0.174700
-0.161457
0.542077
