-0.063471
-0.330080
-0.573539
-0.874244
-0.568817
-0.029858
0.423893
1.015008
0.683225
0.014099
-0.473717
-1.140196
-0.977079
-0.525495
-0.293186
0.068848
0.348614
0.630947
1.049371
1.518193
0.973221
0.034911
-0.806437
-1.898201
-1.556602
-0.712191
-0.188034
0.587258
0.839295
0.952462
1.345612
1.737411
1.113761
0.087054
-0.895044
-2.154564
-1.947562
-1.241838
-0.886169
-0.290451
0.149214
0.597902
1.299028
2.095270
1.799632
1.110706
0.569324
-0.209198
-0.777730
-1.352417
-2.063303
-2.812790
-2.307932
-1.301865
-0.390921
0.847244
1.312082
1.591139
2.241511
2.880931
2.386743
1.444395
0.542536
-0.672146
-1.238048
-1.670203
-2.453832
-3.255639
-2.900393
-2.098560
-1.368223
-0.336512
0.372671
1.078276
2.109193
3.242700
3.119606
2.544354
2.132065
1.444169
0.784943
0.026020
-1.018144
-2.227362
-2.609676
-2.747695
-3.094492
-3.328083
-2.802577
-1.923135
-0.960895
0.282815
0.920582
1.441189
2.279949
3.135017
3.096441
2.718953
2.399405
1.851065
1.277497
0.592116
-0.328557
-1.404414
-2.015186
-2.525702
-3.218782
-3.893314
-3.774289
-3.328247
-2.898670
-2.238825
-1.458987
-0.521929
0.648191
2.003859
2.588864
2.957585
3.553459
4.063028
3.808507
3.212478
2.561858
1.647064
0.904859
0.106514
-0.973170
-2.180596
-2.734692
-3.100451
-3.628849
-4.069011
-3.962931
-3.600299
-3.171172
-2.535688
-1.966849
-1.322625
-0.461383
0.520468
1.409643
2.338883
3.398695
4.523028
4.565762
4.192341
3.933380
3.413577
3.037122
2.611547
1.910684
1.084848
0.339890
-0.458368
-1.391671
-2.398847
-3.104625
-3.731076
-4.448068
-5.134497
-5.065544
-4.670444
-4.276994
-3.651422
-3.082505
-2.429094
-1.532968
-0.499972
0.206499
0.863875
1.678942
2.503524
3.116436
3.660438
4.224670
4.742804
4.752318
4.525955
4.273963
3.846674
3.505455
3.115997
2.541163
1.873960
1.146208
0.329779
-0.581130
-1.580208
-2.285820
-2.917885
-3.654622
-4.370357
-4.632465
-4.702798
-4.771780
-4.702285
-4.572985
-4.353202
-3.992639
-3.523441
-2.968163
-2.310442
-1.542859
-0.671408
0.140636
0.987710
1.945738
2.961102
3.472661
3.808470
4.226235
4.543165
4.992062
5.458535
5.815590
6.148297
5.758675
5.038708
4.323813
3.379784
2.880113
2.462677
1.788931
1.091714
0.425105
-0.266621
-0.985998
-1.725670
-2.434837
-3.143462
-3.874631
-4.611907
-4.924620
-5.061933
-5.224052
-5.269576
-5.218451
-5.074192
-4.813600
-4.449630
-4.150259
-3.817613
-3.374243
-2.875008
-2.227752
-1.479611
-0.679141
0.206544
0.886305
1.523921
2.259043
2.994100
3.715291
4.440877
5.167767
5.895803
6.072717
6.015806
5.983853
5.794589
5.740449
5.672728
5.436535
5.136602
4.811195
4.427240
3.977063
3.468575
2.872528
2.204888
1.480134
0.688258
0.118924
-0.393223
-0.984902
-1.560058
-2.229217
-2.939053
-3.628363
-4.337956
-4.782192
-5.120850
-5.491781
-5.798872
-5.941895
-5.988608
-5.976565
-5.877017
-5.693990
-5.428215
-5.074989
-4.636937
-4.326881
-4.022278
-3.623650
-3.201125
-2.699886
-2.144001
-1.566022
-0.944701
-0.291627
0.397608
1.130517
1.902317
2.410635
2.829692
3.300715
3.724120
4.261188
4.829807
5.344646
5.863422
6.086761
6.180541
6.290709
6.315853
6.400132
6.471464
6.452363
6.394978
6.118271
5.720727
5.292290
4.770858
4.361148
3.952124
3.441773
2.900460
2.383667
1.852068
1.286555
0.702271
0.052350
-0.637887
-1.344996
-2.085127
-2.637487
-3.127213
-3.659352
-4.160304
-4.545739
-4.871900
-5.171093
-5.418803
-5.670761
-5.897546
-6.070640
-6.209540
-6.290835
-6.325911
-6.327648
-6.287441
-6.220341
-6.118612
-5.974358
-5.792935
-5.568513
-5.303875
-5.002275
-4.661550
-4.293071
-3.890534
-3.448399
-2.970515
-2.451400
-1.893797
-1.300651
-0.669980
-0.180920
0.269233
0.764619
1.246025
1.807801
2.402012
2.978644
3.571507
4.001475
4.367876
4.757963
5.111089
5.513691
5.922533
6.291171
6.650864
6.763182
6.761793
6.761492
6.682175
6.642310
6.582319
6.438840
6.254585
6.161703
6.079751
5.950984
5.817096
5.580311
5.292388
5.003226
4.678678
4.208544
3.659750
3.080593
2.436238
2.027328
1.684831
1.264452
0.866988
0.354899
-0.203471
-0.733797
-1.286016
-1.812362
-2.334988
-2.881170
-3.432893
-3.746246
-3.963265
-4.196483
-4.366210
-4.771239
-5.248350
-5.649721
-6.077559
-6.307910
-6.458614
-6.644629
-6.787433
-6.980195
-7.177703
-7.328607
-7.467196
-7.464912
-7.391981
-7.312005
-7.181008
-7.109768
-7.039298
-6.913382
-6.770561
-6.537166
-6.251439
-5.951679
-5.611833
-5.261326
-4.886012
-4.469551
-4.022828
-3.629587
-3.240564
-2.817582
-2.387791
-1.934576
-1.464607
-0.988329
-0.499036
-0.038340
0.416954
0.887006
1.357777
1.849633
2.352361
2.855042
3.365030
3.739141
4.058857
4.391995
4.690965
5.029749
5.370883
5.675039
5.968777
6.257769
6.535943
6.803246
7.060350
7.297652
7.520598
7.733755
7.933923
7.971524
7.932831
7.887623
7.786676
7.709978
7.616789
7.464803
7.282638
7.135270
6.982339
6.796200
6.597011
6.343256
6.056651
5.758625
5.434566
5.210134
5.014684
4.787901
4.571916
4.255212
3.897394
3.554849
3.188870
2.843742
2.498121
2.127465
1.748135
1.266739
0.735198
0.198878
-0.373781
-0.743368
-1.044084
-1.391211
-1.704308
-2.102287
-2.525351
-2.909898
-3.298799
-3.726041
-4.167560
-4.611626
-5.067527
-5.250158
-5.322329
-5.418554
-5.444313
-5.731814
-6.100212
-6.384572
-6.698800
-6.890502
-7.035167
-7.215364
-7.375664
-7.679360
-8.038509
-8.371161
-8.733708
-8.700856
-8.510967
-8.368863
-8.131632
-8.165060
-8.274134
-8.273446
-8.290165
-8.166146
-7.978777
-7.814622
-7.615755
-7.399160
-7.161213
-6.888282
-6.588583
-6.364210
-6.155638
-5.915831
-5.678115
-5.362552
-5.011538
-4.665796
-4.297442
-3.940514
-3.578410
-3.192447
-2.795117
-2.463400
-2.151748
-1.825311
-1.508932
-1.158751
-0.797335
-0.447671
-0.094164
0.235235
0.554933
0.879556
1.199176
1.524714
1.850947
2.171785
2.491280
2.822148
3.156656
3.489239
3.823914
4.152939
4.480337
4.810127
5.139575
5.421551
5.683421
5.947002
6.196862
6.385369
6.541521
6.686129
6.804166
6.986142
7.181651
7.346807
7.512159
7.633522
7.733046
7.834429
7.921711
8.220544
8.602980
8.961713
9.371938
9.248579
8.919801
8.667144
8.294115
8.287858
8.389314
8.350954
8.342416
8.154620
7.889721
7.662310
7.395737
7.309175
7.284825
7.212472
7.167909
7.026560
6.851967
6.709934
6.555927
6.348218
6.115496
5.872954
5.608826
5.356273
5.097489
4.815783
4.522629
4.282557
4.057280
3.817681
3.584542
3.320847
3.045661
2.778366
2.505808
2.205566
1.891914
1.574070
1.245227
0.920525
0.591987
0.251852
-0.094578
-0.414509
-0.727343
-1.047927
-1.365676
-1.672229
-1.973511
-2.272403
-2.566622
-2.910834
-3.273875
-3.629904
-3.997067
-4.346989
-4.694050
-5.053324
-5.414629
-5.647868
-5.828860
-6.017573
-6.171526
-6.362130
-6.552858
-6.706084
-6.847293
-7.045991
-7.259548
-7.457888
-7.662803
-7.862968
-8.062581
-8.269086
-8.477761
-8.488789
-8.417465
-8.356965
-8.241551
-8.427188
-8.716334
-8.935741
-9.205857
-9.196504
-9.084616
-9.036717
-8.938402
-8.934548
-8.954036
-8.917771
-8.878726
-8.864779
-8.854304
-8.839425
-8.826956
-8.793293
-8.751275
-8.712631
-8.669264
-8.561348
-8.424109
-8.284791
-8.124012
-7.975459
-7.821832
-7.645446
-7.458293
-7.311144
-7.173562
-7.022928
-6.875459
-6.701294
-6.515872
-6.334774
-6.147413
-5.843849
-5.488364
-5.131441
-4.737270
-4.489641
-4.286756
-4.038985
-3.808600
-3.672533
-3.579993
-3.501027
-3.458222
-3.120919
-2.676691
-2.282701
-1.828796
-1.607581
-1.462619
-1.246002
-1.059267
-0.774875
-0.455345
-0.170391
0.126658
0.395200
0.653619
0.925513
1.195378
1.473111
1.754668
2.033892
2.314749
2.614801
2.923539
3.233121
3.549165
3.861387
4.175099
4.495673
4.819459
5.036584
5.210558
5.392510
5.546343
5.731134
5.916765
6.072015
6.218010
6.407807
6.608688
6.797858
6.991876
7.157403
7.311838
7.472429
7.627424
7.780991
7.931982
8.077290
8.218822
8.357290
8.492085
8.623056
8.750355
8.867709
8.978705
9.086298
9.188411
9.288326
9.384378
9.474825
9.560843
9.606073
9.631278
9.653613
9.661025
9.672471
9.678337
9.668557
9.649932
9.617149
9.572539
9.519260
9.455250
9.390201
9.318763
9.236193
9.145783
9.178281
9.258222
9.324660
9.420599
9.261034
9.005147
8.790708
8.521712
8.447032
8.433855
8.356154
8.300396
8.158677
7.983833
7.834897
7.672358
7.560838
7.467395
7.357878
7.255395
7.091971
6.904211
6.726232
6.534558
6.382179
6.241137
6.084302
5.930221
5.742195
5.539344
5.340682
5.133261
4.898931
4.649491
4.392177
4.121582
3.869785
3.618929
3.353452
3.084186
2.862785
2.658425
2.447963
2.247958
2.014768
1.771712
1.540864
1.307073
1.110076
0.928648
0.742684
0.565983
0.319301
0.046703
-0.213326
-0.487562
-0.696269
-0.882420
-1.086003
-1.279495
-1.498455
-1.725370
-1.940878
-2.157958
-2.395241
-2.640648
-2.886721
-3.139022
-3.384463
-3.629974
-3.882235
-4.136674
-4.285086
-4.390119
-4.502033
-4.585318
-4.877379
-5.245586
-5.575212
-5.946212
-6.073386
-6.112117
-6.203884
-6.250952
-6.384447
-6.539387
-6.644751
-6.748222
-6.903490
-7.074659
-7.241242
-7.418809
-7.545832
-7.656009
-7.779701
-7.895898
-8.008778
-8.118166
-8.220045
-8.316741
-8.411264
-8.501638
-8.586680
-8.667281
-8.809002
-8.974085
-9.131891
-9.304020
-9.354757
-9.359784
-9.384814
-9.384080
-9.496816
-9.647879
-9.767539
-9.903813
-9.994358
-10.069907
-10.164375
-10.255024
-10.249890
-10.204214
-10.158864
-10.084513
-10.035501
-9.983714
-9.900816
-9.806063
-9.744541
-9.688308
-9.618124
-9.548001
-9.624789
-9.762639
-9.894107
-10.067030
-10.001020
-9.852094
-9.756333
-9.619038
-9.600798
-9.619382
-9.590260
-9.570702
-9.454058
-9.295535
-9.150719
-8.981829
-8.961469
-8.994478
-8.996272
-9.025522
-8.898890
-8.715492
-8.566987
-8.390223
-8.267682
-8.158665
-8.018333
-7.876756
-7.847064
-7.861080
-7.868733
-7.906009
-7.679265
-7.353387
-7.069507
-6.729085
-6.629167
-6.609535
-6.521336
-6.467052
-6.313903
-6.127321
-5.979564
-5.822190
-5.660939
-5.497642
-5.324867
-5.146690
-4.972112
-4.795531
-4.613127
-4.427688
-4.252600
-4.079879
-3.903523
-3.727826
-3.545006
-3.359079
-3.174112
-2.987343
-2.758861
-2.511888
-2.264856
-2.004717
-1.844068
-1.719604
-1.577281
-1.454851
-1.267420
-1.059763
-0.875359
-0.684487
-0.522712
-0.372749
-0.215022
-0.062607
0.149937
0.386398
0.614829
0.857419
1.082769
1.306568
1.545703
1.788811
1.925227
2.019733
2.123074
2.199236
2.309635
2.422801
2.506426
2.582404
2.770210
2.998887
3.214591
3.455770
3.653725
3.843853
4.062111
4.284094
4.445170
4.585054
4.731644
4.864706
5.024526
5.190103
5.340577
5.490155
5.705089
5.945811
6.182669
6.436888
6.522332
6.543688
6.590262
6.599662
6.766015
6.984401
7.157739
7.352913
7.482650
7.590006
7.722429
7.848100
7.970645
8.091350
8.205401
8.315426
8.427417
8.537652
8.643584
8.747070
8.850856
8.953169
9.052904
9.150882
9.245188
9.336836
9.426804
9.514422
9.596166
9.674132
9.749906
9.822354
9.893509
9.962324
10.027735
10.090464
10.125639
10.147471
10.167688
10.178048
10.247740
10.337888
10.415261
10.503066
10.514262
10.496397
10.492534
10.472897
10.477804
10.487244
10.479410
10.468949
10.584857
10.751474
10.909786
11.101709
11.011051
10.815027
10.665912
10.457460
10.502585
10.632767
10.690964
10.785241
10.753137
10.676543
10.642176
10.591545
10.601169
10.633283
10.646299
10.668107
10.644095
10.602685
10.572201
10.533361
10.444727
10.332147
10.213151
10.074931
10.079240
10.134507
10.163678
10.220717
10.141806
10.015343
9.923383
9.809425
9.746790
9.699337
9.627173
9.557045
9.488835
9.419779
9.352550
9.285905
9.213258
9.138525
9.064670
8.989574
8.852422
8.688377
8.525730
8.344506
8.283679
8.265524
8.222956
8.202747
8.079215
7.919613
7.787415
7.639034
7.529387
7.431538
7.315485
7.201316
7.078580
6.951154
6.825904
6.698475
6.569407
6.438851
6.306126
6.171609
5.981937
5.767726
5.554019
5.323188
5.275917
5.298778
5.296002
5.334620
5.148752
4.884050
4.671672
4.420844
4.320004
4.270504
4.175152
4.100231
3.948659
3.769192
3.613814
3.447498
3.305168
3.170469
3.023604
2.877678
2.730243
2.581316
2.433331
2.284887
2.083546
1.859584
1.637435
1.399855
1.298617
1.248352
1.176251
1.133181
0.982976
0.798477
0.648477
0.485741
0.362273
0.253198
0.129520
0.010532
-0.119559
-0.253723
-0.382670
-0.512482
-0.652537
-0.796802
-0.941480
-1.089390
-1.234057
-1.378903
-1.527238
-1.676799
-1.809007
-1.934775
-2.062587
-2.186414
-2.316654
-2.447972
-2.574904
-2.701154
-2.885119
-3.092857
-3.297366
-3.517753
-3.639696
-3.726851
-3.834660
-3.924532
-3.995581
-4.052401
-4.091629
-4.114710
-4.305024
-4.557065
-4.785041
-5.049413
-5.185448
-5.281383
-5.420336
-5.545212
-5.728200
-5.933873
-6.122810
-6.321410
-6.441304
-6.530465
-6.632889
-6.718220
-6.826684
-6.938386
-7.031502
-7.120676
-7.213971
-7.305205
-7.392034
-7.476458
-7.550570
-7.618700
-7.684751
-7.746023
-7.839204
-7.943503
-8.041461
-8.145311
-8.236298
-8.323901
-8.418107
-8.512174
-8.582825
-8.644147
-8.706388
-8.762168
-8.825488
-8.889085
-8.945677
-9.000217
-9.066361
-9.135738
-9.202435
-9.270736
-9.332179
-9.391172
-9.452099
-9.511975
-9.567368
-9.620567
-9.672886
-9.723327
-9.824739
-9.946866
-10.064845
-10.196163
-10.240250
-10.253032
-10.283351
-10.297225
-10.343554
-10.397844
-10.433850
-10.469244
-10.519622
-10.574153
-10.627259
-10.683290
-10.729598
-10.772989
-10.819818
-10.865712
-10.904452
-10.940074
-10.975065
-11.007568
-11.041964
-11.075933
-11.107241
-11.137417
-11.164977
-11.190612
-11.215167
-11.238082
-11.259765
-11.280040
-11.298663
-11.315794
-11.345404
-11.379449
-11.411397
-11.445854
-11.400555
-11.322275
-11.250013
-11.156411
-11.171432
-11.223309
-11.248460
-11.291012
-11.288956
-11.273244
-11.277256
-11.278538
-11.275844
-11.272268
-11.266193
-11.258221
-11.236679
-11.208210
-11.178341
-11.143194
-11.113632
-11.083826
-11.048303
-11.010825
-10.966604
-10.917991
-10.867600
-10.813680
-10.803796
-10.810807
-10.812253
-10.823910
-10.821032
-10.816165
-10.822452
-10.831014
-10.706953
-10.528709
-10.358626
-10.152582
-10.166511
-10.258051
-10.302945
-10.387653
-10.320715
-10.202970
-10.132608
-10.042540
-9.975807
-9.914786
-9.832737
-9.746889
-9.699535
-9.664554
-9.623812
-9.590494
-9.537923
-9.480030
-9.430605
-9.380250
-9.325051
-9.268252
-9.210767
-9.151727
-9.095540
-9.039767
-8.982255
-8.924500
-8.855909
-8.782411
-8.709113
-8.632453
-8.557668
-8.482125
-8.403023
-8.322251
-8.245567
-8.169464
-8.091426
-8.013271
-7.931478
-7.847878
-7.764296
-7.679491
-7.589101
-7.495764
-7.401400
-7.304627
-7.208063
-7.110349
-7.010124
-6.908314
-6.835572
-6.774189
-6.709893
-6.652758
-6.586325
-6.518983
-6.459432
-6.401786
-6.294078
-6.166787
-6.043687
-5.907893
-5.788381
-5.670292
-5.538394
-5.403010
-5.269119
-5.132768
-4.992636
-4.849899
-4.699357
-4.543873
-4.386000
-4.223968
-4.197140
-4.225639
-4.243985
-4.298254
-4.106694
-3.826295
-3.593601
-3.313542
-3.260245
-3.286291
-3.253909
-3.257859
-3.176635
-3.070008
-3.004200
-2.934836
-2.837791
-2.731624
-2.623294
-2.506839
-2.406060
-2.307914
-2.200664
-2.092433
-2.001491
-1.916482
-1.829640
-1.746630
-1.655759
-1.563145
-1.474822
-1.386674
-1.280454
-1.167082
-1.054705
-0.937486
-0.812656
-0.682424
-0.547517
-0.407281
-0.298859
-0.200981
-0.096180
0.003257
0.116832
0.234641
0.346343
0.458927
0.571492
0.683814
0.797003
0.910445
1.022881
1.135100
1.247630
1.360085
1.461753
1.558829
1.656294
1.750631
1.847606
1.944280
2.037604
2.129641
2.311349
2.530253
2.743932
2.982314
2.981890
2.890876
2.835689
2.728008
2.846739
3.041004
3.171450
3.334113
3.403277
3.440996
3.515589
3.581236
3.694225
3.827070
3.948907
4.080377
4.203067
4.325370
4.457937
4.593760
4.652608
4.681316
4.716796
4.732882
4.773793
4.816897
4.838908
4.855601
4.981903
5.150117
5.307932
5.492569
5.639260
5.781273
5.952605
6.130202
6.182340
6.187136
6.204059
6.190672
6.274097
6.385796
6.462041
6.546701
6.637836
6.731915
6.834144
6.941906
7.045326
7.150354
7.261362
7.375208
7.466827
7.550952
7.639021
7.722902
7.816647
7.913045
8.004714
8.096658
8.147149
8.179629
8.214145
8.236697
8.268135
8.297964
8.315041
8.326879
8.458549
8.637402
8.805563
9.003975
8.967952
8.845221
8.763827
8.634566
8.730707
8.904701
9.019754
9.170079
9.233165
9.269419
9.345479
9.416663
9.499924
9.590254
9.675333
9.762769
9.821937
9.869626
9.920931
9.965403
10.019856
10.075737
10.124143
10.171093
10.210284
10.244699
10.277883
10.307485
10.347217
10.389451
10.427528
10.466083
10.498438
10.527938
10.558166
10.586709
10.652564
10.733582
10.811254
10.898559
10.975449
11.052068
11.139080
11.229286
11.192412
11.104064
11.024582
10.911295
11.006780
11.176193
11.301681
11.465230
11.558886
11.635987
11.755152
11.877056
11.806850
11.660640
11.525883
11.340040
11.388306
11.513458
11.575725
11.672054
11.666993
11.628094
11.628327
11.618617
11.630494
11.651040
11.660674
11.672013
11.680562
11.687568
11.696372
11.704923
11.715999
11.728222
11.740087
11.752606
11.764816
11.777162
11.790195
11.803552
11.762570
11.698692
11.637497
11.560960
11.608699
11.702411
11.774905
11.873075
11.858200
11.805010
11.783103
11.744582
11.751237
11.772640
11.775145
11.781305
11.814305
11.858438
11.905046
11.960766
11.879030
11.743340
11.623029
11.469422
11.524521
11.654451
11.741037
11.866347
11.834333
11.748934
11.710060
11.649306
11.650014
11.671546
11.668150
11.670413
11.651213
11.622893
11.601159
11.575681
11.563794
11.556634
11.545065
11.535273
11.520648
11.504333
11.490031
11.475282
11.453738
11.429306
11.404720
11.377996
11.353106
11.327979
11.300558
11.272243
11.267961
11.273241
11.276543
11.286030
11.239383
11.171540
11.112503
11.041337
11.032263
11.044858
11.042289
11.049998
11.033891
11.010860
10.999375
10.987035
10.849691
10.659980
10.474866
10.253932
10.299230
10.441511
10.535270
10.682021
10.610967
10.466933
10.386760
10.276498
10.254286
10.262201
10.235680
10.217947
10.181198
10.136831
10.102107
10.065903
10.032195
9.999877
9.965996
9.932365
9.886888
9.836321
9.786512
9.733386
9.682898
9.632057
9.577675
9.521900
9.471349
9.421994
9.370944
9.320286
9.265982
9.210132
9.154832
9.098655
9.041088
8.982577
8.923222
8.862919
8.802294
8.740997
8.678726
8.615692
8.551713
8.486872
8.421273
8.354848
8.287640
8.219632
8.150796
8.081149
8.089331
8.130161
8.166790
8.225172
8.105996
7.921018
7.766181
7.574532
7.538188
7.553868
7.524984
7.517963
7.447728
7.356122
7.289519
7.216846
7.188283
7.178290
7.160311
7.152308
7.066488
6.951387
6.849903
6.732253
6.682193
6.654759
6.607783
6.570252
6.505223
6.430850
6.367285
6.301028
6.221281
6.135677
6.047955
5.955157
5.860808
5.763195
5.660379
5.553656
5.573400
5.644574
5.706209
5.801277
5.645612
5.397917
5.195567
4.942834
4.905641
4.941352
4.915975
4.921593
4.841206
4.732281
4.658663
4.577587
4.594996
4.654554
4.702426
4.775507
4.657939
4.469826
4.315935
4.123360
4.073191
4.069111
4.019119
3.986267
3.892800
3.776712
3.680616
3.576009
3.491919
3.414688
3.327920
3.242480
3.150084
3.054340
2.960196
2.864427
2.795024
2.736247
2.674665
2.619660
2.557215
2.494389
2.438671
2.385011
2.319465
2.250578
2.184391
2.116528
2.055628
1.997191
1.936741
1.877325
1.801579
1.719155
1.638491
1.553717
1.473271
1.392926
1.308155
1.222006
1.189641
1.179047
1.164673
1.164587
1.061371
0.920568
0.798973
0.657017
0.604715
0.583053
0.536601
0.503453
0.435196
0.355609
0.291111
0.224007
0.160306
0.098431
0.033831
-0.030714
-0.093987
-0.156981
-0.219994
-0.282750
-0.353506
-0.427548
-0.500979
-0.576537
-0.649918
-0.723305
-0.798982
-0.875406
-0.934925
-0.987843
-1.042281
-1.092482
-1.174068
-1.267182
-1.354570
-1.448248
-1.512847
-1.567414
-1.629699
-1.687489
-1.756522
-1.829050
-1.896500
-1.964618
-2.032387
-2.099782
-2.167844
-2.235977
-2.303292
-2.370363
-2.437548
-2.504581
-2.581671
-2.662981
-2.743701
-2.827212
-2.895416
-2.958353
-3.024834
-3.088734
-3.182711
-3.288651
-3.390651
-3.499765
-3.572404
-3.632440
-3.701382
-3.764344
-3.784970
-3.785722
-3.782181
-3.763017
-3.797304
-3.846559
-3.877302
-3.912844
-3.999429
-4.108021
-4.219232
-4.347274
-4.461871
-4.578910
-4.713975
-4.856430
-4.921046
-4.957914
-5.005932
-5.037449
-5.100232
-5.169766
-5.220960
-5.270824
-5.327812
-5.385267
-5.440893
-5.496714
-5.544025
-5.587613
-5.631754
-5.673486
-5.752669
-5.846717
-5.936660
-6.035787
-6.123731
-6.210787
-6.307799
-6.407448
-6.478049
-6.538579
-6.603170
-6.661694
-6.732745
-6.806713
-6.873893
-6.940878
-6.975936
-6.996600
-7.018384
-7.030519
-7.048166
-7.063755
-7.069126
-7.069770
-7.118200
-7.183667
-7.242098
-7.310578
-7.359939
-7.405130
-7.461491
-7.518628
-7.576197
-7.635495
-7.695666
-7.757064
-7.822454
-7.890211
-7.959073
-8.029938
-8.048359
-8.045521
-8.047026
-8.034862
-8.037634
-8.040815
-8.029239
-8.013156
-8.057743
-8.124471
-8.183801
-8.256782
-8.306361
-8.351595
-8.411912
-8.474133
-8.515036
-8.549358
-8.586690
-8.619961
-8.654321
-8.687561
-8.716574
-8.743378
-8.776967
-8.811959
-8.844340
-8.876985
-8.904633
-8.930002
-8.955839
-8.980280
-9.008772
-9.038383
-9.066377
-9.094635
-9.120737
-9.145875
-9.171367
-9.196330
-9.235177
-9.279722
-9.323123
-9.370178
-9.413474
-9.456761
-9.503983
-9.552478
-9.610598
-9.673827
-9.737989
-9.805962
-9.841607
-9.865382
-9.894502
-9.916911
-9.956283
-10.000293
-10.036667
-10.073762
-10.102041
-10.126096
-10.151218
-10.173880
-10.181570
-10.181850
-10.180238
-10.172764
-10.257114
-10.377587
-10.488018
-10.620826
-10.529404
-10.351995
-10.207339
-10.012582
-10.146682
-10.400701
-10.588937
-10.840201
-10.855020
-10.791803
-10.803501
-10.785471
-10.864249
-10.978221
-11.057839
-11.149583
-11.176392
-11.177617
-11.193920
-11.197775
-11.218426
-11.241988
-11.252059
-11.259531
-11.264280
-11.265225
-11.263490
-11.258543
-11.247744
-11.232666
-11.214495
-11.192382
-11.200668
-11.219714
-11.233344
-11.252932
-11.260507
-11.265188
-11.276511
-11.288032
-11.387105
-11.524227
-11.657833
-11.817043
-11.792264
-11.700825
-11.643797
-11.550689
-11.562150
-11.604840
-11.605948
-11.615069
-11.575260
-11.513983
-11.462781
-11.400624
-11.521848
-11.717032
-11.893050
-12.114990
-12.048096
-11.877793
-11.767329
-11.603282
-11.621280
-11.697965
-11.711810
-11.745694
-11.808539
-11.886444
-11.983346
-12.098454
-12.040683
-11.919898
-11.825564
-11.694649
-11.724823
-11.809198
-11.848971
-11.912223
-11.995273
-12.093028
-12.213879
-12.353544
-12.215945
-11.971634
-11.758937
-11.480325
-11.505883
-11.633323
-11.679668
-11.771458
-11.858579
-11.956422
-12.100867
-12.269670
-12.244947
-12.154228
-12.097438
-12.003667
-11.993802
-12.005900
-11.976368
-11.948300
-11.950732
-11.962420
-11.973977
-11.993046
-11.993541
-11.989640
-11.994314
-11.998610
-11.984929
-11.964330
-11.944182
-11.919081
-11.900570
-11.882589
-11.859200
-11.834456
-11.848213
-11.877145
-11.902971
-11.938664
-11.896225
-11.824836
-11.767005
-11.693103
-11.738148
-11.827709
-11.895614
-11.987759
-12.040025
-12.084389
-12.155393
-12.229808
-12.221757
-12.183035
-12.151610
-12.100186
-12.080002
-12.064512
-12.027030
-11.985698
-11.959216
-11.934920
-11.905823
-11.877280
-11.834882
-11.786339
-11.738929
-11.687655
-11.675189
-11.677544
-11.674236
-11.679572
-11.672202
-11.662876
-11.663003
-11.664889
-11.656085
-11.644557
-11.635388
-11.624813
-11.598122
-11.564165
-11.529467
-11.489341
-11.481880
-11.485695
-11.482478
-11.485012
-11.474295
-11.459890
-11.451954
-11.443639
-11.447280
-11.456516
-11.464895
-11.476798
-11.487395
-11.498998
-11.514297
-11.531502
-11.483057
-11.407961
-11.337698
-11.250052
-11.206630
-11.174391
-11.122289
-11.071659
-11.067969
-11.082839
-11.097050
-11.124649
-11.136260
-11.147270
-11.172824
-11.202591
-11.168484
-11.110712
-11.060172
-10.994856
-10.953381
-10.915892
-10.862136
-10.805852
-10.787903
-10.783357
-10.774412
-10.773935
-10.756877
-10.736266
-10.725101
-10.714535
-10.688838
-10.657985
-10.628479
-10.595528
-10.569657
-10.545327
-10.517136
-10.488774
-10.467268
-10.448190
-10.428609
-10.410677
-10.389757
-10.368285
-10.348646
-10.329212
-10.293912
-10.252150
-10.211299
-10.166128
-10.153439
-10.152643
-10.145981
-10.145836
-10.111014
-10.063870
-10.024920
-9.980011
-9.954855
-9.936178
-9.910547
-9.887083
-9.857327
-9.825174
-9.795481
-9.765045
-9.736078
-9.707649
-9.678408
-9.649227
-9.620075
-9.590878
-9.561737
-9.532602
-9.503273
-9.473869
-9.444481
-9.415044
-9.401641
-9.395039
-9.387696
-9.384921
-9.299792
-9.181683
-9.071849
-8.941361
-8.938814
-8.981903
-8.998160
-9.037934
-9.029742
-9.009320
-9.015096
-9.021209
-9.016585
-9.010325
-9.005085
-8.998375
-8.876232
-8.704392
-8.536016
-8.333602
-8.341639
-8.423638
-8.461355
-8.537175
-8.509315
-8.450507
-8.435260
-8.413066
-8.383184
-8.351389
-8.313080
-8.270289
-8.235962
-8.202446
-8.163874
-8.124426
-8.113452
-8.113649
-8.111671
-8.117018
-8.013505
-7.866874
-7.732502
-7.571613
-7.650232
-7.819632
-7.951354
-8.134947
-7.995430
-7.738749
-7.549395
-7.299569
-7.331489
-7.462082
-7.518464
-7.619343
-7.615298
-7.579602
-7.593902
-7.603532
-7.543231
-7.456280
-7.367909
-7.259039
-7.177811
-7.098588
-6.996943
-6.889625
-6.865213
-6.871044
-6.867250
-6.882311
-6.865166
-6.842134
-6.839933
-6.840426
-6.815109
-6.782279
-6.753517
-6.720231
-6.684924
-6.647068
-6.604649
-6.558880
-6.519009
-6.479593
-6.436419
-6.392485
-6.348659
-6.304126
-6.258770
-6.212744
-6.175609
-6.141855
-6.107018
-6.074246
-6.038439
-6.002194
-5.968209
-5.934660
-5.895643
-5.854744
-5.814549
-5.773192
-5.734252
-5.695870
-5.656187
-5.616468
-5.572858
-5.527439
-5.482139
-5.435630
-5.389639
-5.343313
-5.295715
-5.247473
-5.222583
-5.207192
-5.190119
-5.179254
-5.100726
-4.996140
-4.900885
-4.790223
-4.744282
-4.719648
-4.676350
-4.641949
-4.580169
-4.508932
-4.447936
-4.383968
-4.358709
-4.349612
-4.335849
-4.331774
-4.318603
-4.305607
-4.302994
-4.303918
-4.256970
-4.192410
-4.133657
-4.064053
-4.012518
-3.964201
-3.903919
-3.841966
-3.803429
-3.772805
-3.739349
-3.710874
-3.671541
-3.629623
-3.593308
-3.557015
-3.512389
-3.464822
-3.417682
-3.368462
-3.322115
-3.276061
-3.227734
-3.178881
-3.168633
-3.174324
-3.177789
-3.191863
-3.195396
-3.199179
-3.214381
-3.233444
-3.181485
-3.102324
-3.030312
-2.941074
-2.876135
-2.814221
-2.733484
-2.648729
-2.608088
-2.582341
-2.550383
-2.527432
-2.484326
-2.436207
-2.398233
-2.360092
-2.345538
-2.342016
-2.337385
-2.339949
-2.258256
-2.143966
-2.040748
-1.918045
-1.904627
-1.929751
-1.930079
-1.949491
-1.927403
-1.893974
-1.881892
-1.869184
-1.835228
-1.794197
-1.753605
-1.707634
-1.672663
-1.639900
-1.601098
-1.561925
-1.525232
-1.488781
-1.451792
-1.414950
-1.375337
-1.334556
-1.294043
-1.252804
-1.207032
-1.159019
-1.110451
-1.060118
-1.010281
-0.959768
-0.907401
-0.853982
-0.834321
-0.828333
-0.819786
-0.820131
-0.761832
-0.682476
-0.614834
-0.536099
-0.504356
-0.488650
-0.459528
-0.437188
-0.396546
-0.349875
-0.310908
-0.270454
-0.228823
-0.186809
-0.143369
-0.099019
-0.072062
-0.051928
-0.030090
-0.012567
0.022938
0.064251
0.100338
0.138826
0.169408
0.197198
0.227774
0.257390
0.309603
0.371277
0.431004
0.496730
0.556912
0.617340
0.684200
0.753325
0.777261
0.783712
0.794507
0.794172
0.808867
0.825201
0.829400
0.830795
0.878611
0.943582
1.003551
1.074347
1.127588
1.177903
1.240142
1.304224
1.349073
1.387864
1.429487
1.467440
1.515389
1.566170
1.612744
1.659913
1.693380
1.720850
1.749493
1.774375
1.801871
1.828842
1.851815
1.873117
1.897034
1.920856
1.942804
1.964188
1.982161
1.998219
2.013826
2.027981
2.087707
2.166094
2.241012
2.328023
2.355248
2.362333
2.384489
2.397288
2.429732
2.467748
2.495350
2.523213
2.562305
2.605194
2.647785
2.693218
2.748614
2.809550
2.872995
2.941159
2.959672
2.959534
2.966443
2.962351
2.964210
2.964193
2.952589
2.935805
3.020732
3.145283
3.259995
3.399858
3.397756
3.345992
3.326307
3.281967
3.292755
3.318842
3.317286
3.316974
3.338026
3.365825
3.393771
3.427204
3.448290
3.466710
3.491343
3.516063
3.554892
3.600422
3.645483
3.694979
3.743009
3.792443
3.846527
3.903093
3.907634
3.891694
3.880603
3.856469
3.935994
4.054027
4.154127
4.275619
4.294256
4.277255
4.286690
4.279781
4.312535
4.357307
4.383661
4.412009
4.445281
4.479634
4.515692
4.553503
4.586443
4.618312
4.652219
4.685976
4.708652
4.726757
4.745200
4.760473
4.778907
4.797235
4.812148
4.825892
4.921600
5.051273
5.176176
5.323645
5.316065
5.252582
5.219106
5.155784
5.198530
5.275600
5.317438
5.371601
5.381004
5.373408
5.380220
5.380457
5.450244
5.548069
5.636204
5.740718
5.734307
5.687347
5.662048
5.615220
5.626021
5.653548
5.656475
5.662875
5.683894
5.710156
5.739187
5.773402
5.799322
5.824436
5.855295
5.887341
5.927112
5.971334
6.016499
6.064968
6.087931
6.101690
6.119977
6.133176
6.155955
6.180906
6.200214
6.219152
6.248111
6.280563
6.312157
6.346082
6.375529
6.404072
6.435215
6.466567
6.491954
6.515175
6.538890
6.561168
6.585875
6.610993
6.634525
6.657830
6.678420
6.697580
6.716612
6.734631
6.752618
6.770104
6.786543
6.802297
6.838071
6.881932
6.924213
6.971732
6.960857
6.927422
6.901914
6.863024
6.895916
6.953919
6.995037
7.048339
7.074032
7.091898
7.123433
7.154194
7.186193
7.219805
7.252669
7.286102
7.322627
7.360655
7.399132
7.438832
7.447454
7.443472
7.442100
7.432641
7.432006
7.431611
7.422486
7.410693
7.434971
7.472422
7.505487
7.546678
7.573980
7.598714
7.632425
7.667282
7.669309
7.658854
7.651072
7.635103
7.693587
7.780197
7.855142
7.946188
7.886837
7.769801
7.675824
7.548702
7.665555
7.873128
8.036054
8.248329
8.172283
7.991954
7.874787
7.705097
7.796007
7.979876
8.098641
8.260861
8.254048
8.188782
8.175269
8.138487
8.163954
8.210484
8.230653
8.256068
8.266290
8.269715
8.279016
8.286022
8.293699
8.301209
8.306362
8.310504
8.368443
8.448550
8.525273
8.616640
8.598854
8.541127
8.503239
8.443518
8.477400
8.542978
8.582077
8.634674
8.650010
8.653014
8.671386
8.686572
8.705922
8.727176
8.745076
8.762883
8.781317
8.799619
8.817771
8.835863
8.830727
8.815664
8.801540
8.780703
8.765398
8.749401
8.726225
8.700255
8.824321
9.010159
9.186579
9.403825
9.317470
9.120068
8.977943
8.775153
8.814769
8.934953
8.982325
9.062139
9.042753
8.988650
8.971829
8.944098
9.027608
9.157285
9.271169
9.411747
9.329441
9.163136
9.033947
8.857587
8.881994
8.973652
9.008118
9.071024
9.052048
9.005503
8.991472
8.969688
8.993660
9.036911
9.070420
9.113664
9.148319
9.182850
9.227750
9.276095
9.307580
9.334604
9.366002
9.395386
9.435226
9.479035
9.520343
9.563553
9.556824
9.529472
9.506222
9.469767
9.446458
9.422989
9.385315
9.342914
9.445298
9.605568
9.754589
9.941282
9.853215
9.664701
9.526941
9.334610
9.370311
9.482840
9.529452
9.608165
9.619862
9.611106
9.637946
9.663251
9.669369
9.670372
9.670897
9.666789
9.676625
9.690173
9.698321
9.707387
9.715077
9.722042
9.729972
9.737829
9.745254
9.752563
9.759821
9.766957
9.751512
9.726396
9.702126
9.671295
9.622983
9.564247
9.499479
9.425407
9.450640
9.513127
9.561655
9.632217
9.668125
9.698134
9.752335
9.810396
9.838186
9.857465
9.882238
9.902154
9.940339
9.984604
10.023097
10.063919
10.051941
10.017976
9.988652
9.945408
9.915419
9.885038
9.839713
9.789250
9.845169
9.942363
10.029533
10.143043
10.100621
10.003131
9.939553
9.848087
9.864534
9.917422
9.937057
9.971047
9.962852
9.939912
9.933387
9.922469
9.931355
9.948347
9.960070
9.975446
9.986836
9.997683
10.012443
10.028191
10.031912
10.031392
10.032445
10.030907
10.034395
10.038974
10.040667
10.042174
10.048911
10.057480
10.065609
10.074964
10.082006
10.088592
10.096543
10.104615
10.090951
10.068240
10.046603
10.018882
9.996958
9.974764
9.946030
9.915001
9.930047
9.962930
9.991399
10.031226
10.055748
10.078613
10.113861
10.151980
10.146557
10.125264
10.108919
10.082632
10.073341
10.067147
10.049968
10.031365
10.014910
9.997538
9.978512
9.958581
9.933478
9.905574
9.876942
9.846141
9.934820
10.073245
10.204266
10.368101
10.321394
10.199694
10.120981
10.003121
10.020063
10.080569
10.095082
10.124714
10.097783
10.049000
10.017940
9.978193
9.972254
9.978506
9.974448
9.975296
9.965113
9.951445
9.943249
9.934579
9.944863
9.963569
9.981012
10.003871
10.023337
10.043766
10.069936
10.098642
10.072646
10.025169
9.982721
9.926554
9.887770
9.850486
9.798292
9.742296
9.861283
10.051363
10.229846
10.455239
10.350630
10.126359
9.964784
9.738868
9.742859
9.821163
9.823448
9.852556
9.853671
9.847395
9.869489
9.897226
9.870448
9.826124
9.790217
9.743897
9.728810
9.723025
9.705181
9.689871
9.682957
9.679525
9.678260
9.680437
9.679327
9.678661
9.681718
9.686219
9.683182
9.678009
9.674686
9.670350
9.670324
9.671852
9.672162
9.673137
9.672818
9.672130
9.672178
9.672229
9.672854
9.673803
9.674736
9.675875
9.692694
9.716279
9.739400
9.767156
9.791299
9.816026
9.845703
9.877377
9.842626
9.781072
9.724488
9.650426
9.595844
9.541886
9.469035
9.390499
9.370088
9.369744
9.360861
9.363902
9.341801
9.313687
9.298933
9.284383
9.270460
9.258315
9.246461
9.235629
9.259722
9.299185
9.338204
9.387935
9.447893
9.517174
9.597100
9.687007
9.563636
9.355320
9.166617
8.923869
8.955348
9.080259
9.137557
9.238908
9.228816
9.184790
9.190633
9.189993
9.178776
9.165300
9.145966
9.121960
9.109457
9.099039
9.083243
9.067354
9.055307
9.044282
9.032953
9.022379
9.011333
9.000409
8.990285
8.980508
8.989578
9.006914
9.023804
9.046374
9.016635
8.967255
8.926005
8.873471
8.891520
8.935175
8.964170
9.006401
8.977348
8.922613
8.884536
8.833964
8.870863
8.940888
8.994340
9.065526
9.036822
8.972171
8.930053
8.870100
8.871426
8.892853
8.893355
8.900863
8.883522
8.856676
8.837987
8.815682
8.801562
8.790093
8.774595
8.759490
8.741459
8.721941
8.702926
8.683117
8.681583
8.687506
8.691825
8.700890
8.704928
8.708883
8.717955
8.728633
8.700592
8.657371
8.617523
8.567895
8.606145
8.677562
8.735094
8.811566
8.790262
8.734760
8.702970
8.654889
8.623545
8.594200
8.547459
8.496025
8.511160
8.550579
8.582132
8.628766
8.582619
8.503229
8.443388
8.366463
8.365115
8.389989
8.394074
8.409604
8.396625
8.374678
8.365643
8.354881
8.330853
8.301738
8.271510
8.237019
8.208014
8.179227
8.145782
8.111039
8.155834
8.233370
8.306096
8.400540
8.341105
8.225862
8.139698
8.023461
8.036855
8.094394
8.115443
8.155379
8.144350
8.116621
8.110352
8.099991
8.095250
8.093254
8.086952
8.080698
8.075704
8.070811
8.065882
8.061117
8.061404
8.063915
8.066379
8.070399
8.073339
8.076543
8.081405
8.086981
8.053654
8.004283
7.957342
7.899799
7.852863
7.805728
7.747179
7.684804
7.689981
7.720900
7.744854
7.785061
7.801843
7.815537
7.847010
7.882120
7.860154
7.817488
7.781190
7.731857
7.705150
7.682636
7.645704
7.606998
7.548131
7.478328
7.407443
7.328838
7.375721
7.472266
7.555401
7.669390
7.632873
7.545354
7.496157
7.423428
7.412188
7.420141
7.401389
7.386779
7.362500
7.333219
7.308431
7.282188
7.254134
7.225103
7.194679
7.163013
7.202387
7.271259
7.335770
7.419772
7.351888
7.228047
7.130896
7.002797
7.007099
7.056061
7.067489
7.097896
7.075120
7.034636
7.015791
6.992223
6.983991
6.982363
6.975357
6.970782
6.964569
6.958228
6.954431
6.951484
6.894996
6.816394
6.741001
6.650940
6.671470
6.732524
6.773651
6.837000
6.809395
6.751392
6.720155
6.676432
6.669667
6.675610
6.667246
6.662664
6.651361
6.637455
6.627640
6.617634
6.608501
6.600084
6.591465
6.583187
6.544433
6.492850
6.442934
6.384488
6.333692
6.282331
6.221824
6.157970
6.158574
6.184069
6.203248
6.238228
6.251670
6.262682
6.290931
6.323095
6.306962
6.273939
6.247188
6.210076
6.193559
6.181613
6.158104
6.133998
6.131645
6.137044
6.140795
6.149781
6.190981
6.248167
6.309370
6.383185
6.212176
5.943331
5.698128
5.391214
5.407395
5.534637
5.584254
5.687099
5.675281
5.631398
5.646942
5.660604
5.697768
5.750342
5.800427
5.859164
5.848770
5.812753
5.788651
5.750292
5.712034
5.668400
5.610096
5.543043
5.543705
5.567527
5.579255
5.603860
5.599385
5.587292
5.589686
5.591595
5.580854
5.566037
5.551379
5.533538
5.522677
5.513312
5.500353
5.487305
5.453909
5.411432
5.369712
5.321904
5.323407
5.343119
5.354408
5.375868
5.353873
5.317263
5.292987
5.262510
5.249602
5.242568
5.228456
5.215944
5.199545
5.181492
5.165208
5.148490
5.132087
5.115802
5.099068
5.082232
5.073327
5.067701
5.061624
5.057732
5.051684
5.045695
5.042057
5.039219
5.033655
5.027555
5.022418
5.017153
5.014009
5.011810
5.009392
5.007549
4.973779
4.926669
4.881529
4.827596
4.815899
4.818261
4.809716
4.807589
4.777360
4.737025
4.704461
4.667492
4.640089
4.615515
4.586031
4.556796
4.556618
4.568401
4.579151
4.598142
4.608840
4.619762
4.639566
4.662375
4.557879
4.401564
4.253920
4.072202
4.145186
4.311495
4.431619
4.602796
4.575892
4.483738
4.452605
4.395885
4.421313
4.476165
4.501473
4.536697
4.497164
4.427340
4.370770
4.297728
4.285974
4.293981
4.282401
4.278236
4.244678
4.200013
4.164136
4.123682
4.091427
4.061447
4.026445
3.991240
3.950117
3.905850
3.861588
3.815228
3.846698
3.910302
3.968378
4.047402
4.021201
3.959456
3.923890
3.871664
3.863000
3.867838
3.853759
3.842572
3.822075
3.796967
3.775104
3.751475
3.761355
3.785011
3.805419
3.834449
3.810033
3.766572
3.734315
3.692241
3.670262
3.653418
3.625636
3.597733
3.593405
3.597893
3.601153
3.610519
3.610756
3.609840
3.615628
3.622761
3.573709
3.502091
3.434341
3.351713
3.285998
3.220917
3.139736
3.053793
3.055629
3.090879
3.117286
3.164884
3.181858
3.194795
3.230919
3.271773
3.319567
3.374986
3.435188
3.501733
3.403940
3.239701
3.089152
2.895889
2.911330
2.997008
3.029580
3.094568
3.072879
3.023877
3.011748
2.993329
2.987592
2.988208
2.982060
2.977355
2.952146
2.918173
2.886523
2.849583
2.796749
2.734919
2.668317
2.593787
2.594616
2.623290
2.640468
2.673784
2.647227
2.601538
2.575044
2.541412
2.534018
2.536476
2.530566
2.528491
2.519912
2.509477
2.503224
2.497193
2.493825
2.492135
2.490594
2.490184
2.460768
2.419556
2.380767
2.334411
2.340696
2.366090
2.381400
2.406948
2.391045
2.361236
2.343732
2.320558
2.314028
2.313226
2.305935
2.300329
2.275087
2.241593
2.210639
2.174819
2.143389
2.111817
2.075039
2.036444
2.032204
2.041179
2.046751
2.060705
2.063048
2.064018
2.074139
2.086281
2.065663
2.033021
2.003956
1.967310
1.943270
1.921419
1.891206
1.859795
1.867057
1.889328
1.908626
1.937787
1.924282
1.896932
1.881607
1.860393
1.813922
1.755219
1.691604
1.617492
1.656411
1.737984
1.803780
1.894819
1.876276
1.821265
1.796985
1.757088
1.762761
1.783760
1.786872
1.794380
1.780489
1.757659
1.740161
1.718476
1.700724
1.683247
1.661310
1.638021
1.643813
1.660873
1.675244
1.696830
1.666609
1.617440
1.577952
1.528219
1.502877
1.484138
1.453819
1.424249
1.382042
1.333584
1.286354
1.235379
1.250051
1.291030
1.325312
1.376023
1.407661
1.438174
1.486462
1.539768
1.516163
1.464065
1.420618
1.359356
1.326827
1.299090
1.251743
1.201339
1.183928
1.177048
1.165426
1.160214
1.138211
1.111566
1.092243
1.072082
1.093345
1.132617
1.169294
1.217692
1.257464
1.298783
1.352587
1.411514
1.367116
1.282476
1.207694
1.107308
1.040566
0.977184
0.885926
0.787943
0.832797
0.932325
1.018513
1.139769
1.126736
1.071583
1.058418
1.029160
0.972791
0.901790
0.815635
0.713303
0.753808
0.845904
0.914977
1.013555
0.987534
0.919886
0.887969
0.838555
0.840178
0.859100
0.857993
0.861875
0.857405
0.849597
0.847154
0.844547
0.842619
0.841471
0.840166
0.839230
0.810833
0.770906
0.732546
0.686542
0.647498
0.608001
0.560303
0.509639
0.525891
0.568356
0.604802
0.658056
0.689820
0.719680
0.767817
0.820564
0.788652
0.724815
0.669544
0.593993
0.548821
0.507978
0.444901
0.377608
0.386927
0.424515
0.454259
0.502025
0.520540
0.534225
0.567763
0.604389
0.584863
0.544992
0.510896
0.463777
0.439168
0.418645
0.383718
0.346959
0.372380
0.421875
0.466680
0.527354
0.488893
0.415190
0.362152
0.290895
0.297358
0.330541
0.341678
0.364185
0.356932
0.340010
0.335966
0.329720
0.326559
0.325042
0.321215
0.317501
0.314851
0.312461
0.310125
0.308047
0.285072
0.253332
0.222760
0.186366
0.155297
0.123890
0.086235
0.046326
0.055655
0.084216
0.108273
0.144639
0.132175
0.104227
0.091090
0.071828
0.085095
0.110900
0.129081
0.153337
0.168409
0.181612
0.201441
0.222240
0.190517
0.137604
0.088012
0.024342
-0.023680
-0.071289
-0.134119
-0.201577
-0.189383
-0.147078
-0.113117
-0.060161
-0.035466
-0.014777
0.026726
0.072216
0.054820
0.014739
-0.018339
-0.065726
-0.035913
0.020784
0.059395
0.111084
