0.134125
0.129765
0.125392
0.121294
0.116988
0.112722
0.108748
0.104895
0.100753
0.096575
0.092537
0.088512
0.084759
0.081142
0.077528
0.074007
0.070081
0.066028
0.062088
0.058095
0.054288
0.050548
0.046745
0.042965
0.039488
0.036144
0.032811
0.029578
0.026274
0.022989
0.019809
0.016675
0.013222
0.009666
0.006172
0.002622
-0.000775
-0.004126
-0.007541
-0.010946
-0.014181
-0.017345
-0.020506
-0.023615
-0.026775
-0.029932
-0.033032
-0.036112
-0.086540
-0.157098
-0.225594
-0.307659
-0.378207
-0.449994
-0.536307
-0.628163
-0.434481
-0.123439
0.169439
0.539820
0.831360
1.123749
1.499622
1.903066
0.746018
-1.053255
-2.756040
-4.883966
-3.592873
-1.036008
0.934118
3.609784
3.259929
1.891219
1.378648
0.432542
0.707104
1.388554
1.575394
1.871709
1.435727
0.687081
0.079402
-0.692356
-1.332665
-1.979006
-2.799745
-3.683597
-3.261693
-2.332236
-1.525797
-0.395590
0.305982
0.963866
1.974408
3.069145
2.769903
1.954323
1.288805
0.297568
-0.170048
-0.551610
-1.291730
-2.088645
-2.305308
-2.339656
-2.460664
-2.471668
-2.784953
-3.184486
-3.457801
-3.749836
-3.041284
-1.902392
-0.825017
0.533798
1.670407
2.837841
4.305704
5.892314
5.355231
4.001980
2.865606
1.214169
0.280079
-0.567181
-1.976825
-3.509112
-3.617584
-3.237250
-3.049731
-2.564426
-2.709402
-3.003430
-2.963557
-2.918198
-2.337942
-1.492161
-0.661111
0.344739
1.326723
2.378906
3.612949
4.954742
4.591176
3.571736
2.738808
1.497309
0.825606
0.224636
-0.822359
-1.965653
-2.334593
-2.466404
-2.734833
-2.868276
-3.414622
-4.087866
-4.604659
-5.158070
-4.819965
-4.103116
-3.461369
-2.579690
-1.901492
-1.205391
-0.252745
0.795904
1.414059
1.921192
2.548305
3.128858
3.981505
4.940815
5.841148
6.795183
6.537605
5.783410
5.136575
4.174403
3.538806
2.905762
1.933064
0.851621
0.326543
-0.048729
-0.563257
-1.007924
-1.792263
-2.703138
-3.528157
-4.411909
-4.305445
-3.796078
-3.389522
-2.733052
-2.346094
-1.967587
-1.319573
-0.589384
-0.346300
-0.243430
-0.032350
0.107486
0.524044
1.036418
1.463973
1.929641
2.095602
2.142917
2.241933
2.275613
2.392259
2.519064
2.575069
2.614494
2.847393
3.147347
3.421234
3.735939
3.966775
4.178293
4.435474
4.694151
3.894927
2.651107
1.454810
-0.041630
-1.266342
-2.511053
-4.077802
-5.762175
-5.912910
-5.500307
-5.278149
-4.710642
-4.722848
-4.840051
-4.576277
-4.260986
-4.029977
-3.770347
-3.450727
-3.101094
-2.567663
-1.935609
-1.279935
-0.548532
0.210507
1.019293
1.905467
2.850809
3.867828
4.951268
6.093480
7.299416
7.259044
6.724456
6.310036
5.583179
5.236248
4.917286
4.259474
3.510820
3.320861
3.290175
3.138670
3.069555
2.677290
2.173340
1.767651
1.317215
0.947187
0.600809
0.205426
-0.191213
-0.619824
-1.067816
-1.516119
-1.977021
-2.562434
-3.206764
-3.858770
-4.554836
-5.232656
-5.924173
-6.662147
-7.424375
-7.267327
-6.735416
-6.268615
-5.556512
-5.104172
-4.654304
-3.939823
-3.141415
-2.717885
-2.386515
-1.950000
-1.551630
-0.903580
-0.156034
0.542097
1.292266
1.593657
1.723248
1.925663
2.031037
2.279307
2.550615
2.715886
2.861966
3.271995
3.774111
4.244138
4.771614
5.185046
5.573476
6.026037
6.482094
6.302150
5.860019
5.449438
4.862071
4.451569
4.036819
3.431690
2.762293
2.323647
1.932909
1.464181
1.009153
0.380282
-0.324396
-1.008017
-1.736610
-2.139331
-2.422239
-2.765584
-3.043993
-3.437397
-3.855700
-4.202306
-4.542249
-5.082009
-5.696077
-6.294063
-6.941187
-7.511963
-8.071577
-8.685221
-9.308539
-9.172163
-8.722794
-8.316624
-7.701719
-7.296443
-6.887122
-6.253030
-5.543599
-5.123767
-4.768053
-4.320079
-3.893561
-3.258142
-2.534122
-1.840586
-1.096380
-0.727963
-0.498927
-0.201479
0.019971
0.371038
0.748887
1.043019
1.327806
1.842517
2.441815
3.020861
3.655275
4.199891
4.730100
5.321335
5.922276
6.025260
5.927376
5.861494
5.662371
5.611543
5.564765
5.373919
5.139375
5.094218
5.093912
5.039059
5.002069
4.834587
4.614175
4.417447
4.192175
3.913438
3.601084
3.261675
2.889339
2.510253
2.110000
1.675738
1.216371
0.725955
0.206962
-0.336951
-0.908145
-1.505688
-2.129865
-2.781345
-3.459715
-3.811566
-4.039975
-4.310514
-4.506558
-4.815321
-5.141598
-5.386234
-5.616275
-6.006336
-6.449001
-6.869009
-7.320972
-7.695776
-8.050326
-8.441101
-8.829627
-8.835127
-8.680432
-8.540213
-8.290525
-8.142533
-7.988046
-7.715972
-7.401589
-7.219734
-7.061992
-6.853805
-6.649486
-6.337759
-5.976802
-5.624079
-5.240417
-4.908962
-4.586095
-4.229015
-3.866929
-3.465553
-3.041491
-2.613670
-2.169457
-1.654035
-1.100233
-0.532504
0.066676
0.665144
1.279521
1.926598
2.594968
2.959369
3.207872
3.491784
3.704264
4.020356
4.350810
4.603134
4.839915
5.218006
5.640667
6.040526
6.466531
6.820082
7.152643
7.515212
7.873042
7.910200
7.811868
7.722695
7.539971
7.439602
7.331406
7.122891
6.876743
6.737035
6.614358
6.447339
6.280704
6.022594
5.721046
5.423488
5.097586
4.929851
4.816557
4.667134
4.544598
4.358237
4.153492
3.979045
3.802116
3.519165
3.193147
2.869372
2.515144
2.193427
1.871511
1.516687
1.151209
0.788324
0.418067
0.036407
-0.353284
-0.763552
-1.187547
-1.619060
-2.062383
-2.516282
-2.981012
-3.457571
-3.945359
-4.443962
-4.953682
-5.474652
-6.006764
-6.238363
-6.348506
-6.483229
-6.539673
-6.682873
-6.828906
-6.890364
-6.926349
-7.090936
-7.289352
-7.455182
-7.636617
-7.737392
-7.807708
-7.897397
-7.972515
-7.936274
-7.847873
-7.749344
-7.610270
-7.490333
-7.358467
-7.183725
-6.987175
-6.804806
-6.613711
-6.399090
-6.171870
-5.907763
-5.619565
-5.319730
-4.999748
-4.732809
-4.477767
-4.199491
-3.922519
-3.610217
-3.281034
-2.954540
-2.617539
-2.230861
-1.818407
-1.397239
-0.955023
-0.515779
-0.067013
0.403737
0.887989
1.117235
1.246630
1.401172
1.492620
1.665244
1.845504
1.957151
2.051778
2.259194
2.499360
2.716498
2.951128
3.121700
3.270775
3.440535
3.602240
3.899902
4.253829
4.593720
4.968402
5.308771
5.649357
6.027325
6.417667
6.739116
7.041008
7.358977
7.667327
8.015301
8.377330
8.727820
9.084183
9.126496
9.036712
8.966455
8.809350
8.730453
8.646201
8.468831
8.257611
8.176833
8.125835
8.033433
7.951181
7.777364
7.564960
7.366682
7.146635
7.057451
7.015243
6.944971
6.898629
6.804328
6.697864
6.618016
6.538714
6.371929
6.170993
5.974607
5.754890
5.564929
5.377178
5.164028
4.944258
4.729873
4.511986
4.286812
4.057467
3.812928
3.559197
3.301745
3.036794
2.764976
2.486328
2.200183
1.906920
1.607144
1.300468
0.986645
0.665858
0.318992
-0.042991
-0.411116
-0.791699
-1.174666
-1.565136
-1.968449
-2.380994
-2.793257
-3.211086
-3.638587
-4.072782
-4.519606
-4.975965
-5.438785
-5.910160
-6.105166
-6.187272
-6.290201
-6.319818
-6.426456
-6.533715
-6.561930
-6.564959
-6.684427
-6.833268
-6.950388
-7.080106
-7.134050
-7.158297
-7.198599
-7.223792
-7.379049
-7.584268
-7.768367
-7.980664
-8.152044
-8.316992
-8.512727
-8.714214
-8.838766
-8.936537
-9.043825
-9.134466
-9.258462
-9.389857
-9.502657
-9.614544
-9.574106
-9.466457
-9.364283
-9.216813
-9.099817
-8.975141
-8.802306
-8.608607
-8.475103
-8.352335
-8.204991
-8.058595
-7.863447
-7.645398
-7.430236
-7.200409
-7.021648
-6.858048
-6.677088
-6.501253
-6.300106
-6.088753
-5.883658
-5.673763
-5.420425
-5.147014
-4.870557
-4.578798
-4.294945
-4.006963
-3.702776
-3.390595
-3.166349
-2.974056
-2.769569
-2.584179
-2.365055
-2.139236
-1.934543
-1.732129
-1.487430
-1.228046
-0.973012
-0.708469
-0.462696
-0.220914
0.031486
0.284546
0.593286
0.927151
1.259383
1.608590
1.948117
2.291307
2.652473
3.021980
3.369137
3.712596
4.065795
4.419039
4.790972
5.171910
5.552166
5.938330
6.119747
6.216743
6.328676
6.385725
6.497780
6.609102
6.661355
6.693956
6.813379
6.954279
7.070623
7.195777
7.263571
7.308487
7.364800
7.409168
7.545449
7.716447
7.871207
8.045060
8.188821
8.327004
8.486120
8.648344
8.754151
8.839627
8.930917
9.009180
9.110360
9.215802
9.306816
9.396115
9.432424
9.443854
9.455679
9.450402
9.452012
9.448579
9.427149
9.396429
9.386219
9.378478
9.360090
9.340502
9.301770
9.253202
9.204132
9.148211
9.103067
9.059244
9.007862
8.955025
8.892976
8.825525
8.756905
8.684279
8.596713
8.500788
8.401353
8.294925
8.187999
8.077214
7.959183
7.836208
7.743929
7.661626
7.572824
7.489182
7.391260
7.288990
7.192626
7.095226
6.979971
6.857257
6.734288
6.605825
6.482497
6.358753
6.229098
6.097276
5.943363
5.778410
5.612119
5.437747
5.264910
5.088798
4.904243
4.714724
4.531402
4.347497
4.158118
3.966793
3.766747
3.561499
3.354569
3.143562
2.913120
2.672321
2.428126
2.175574
1.923392
1.667092
1.402098
1.131514
0.862097
0.589636
0.311269
0.029087
-0.261260
-0.557494
-0.857372
-1.162425
-1.463100
-1.764722
-2.071918
-2.381466
-2.698044
-3.019306
-3.342744
-3.670046
-4.006473
-4.348823
-4.694798
-5.046057
-5.399397
-5.756483
-6.118978
-6.485750
-6.658136
-6.750389
-6.855494
-6.907932
-7.013166
-7.117546
-7.165232
-7.193986
-7.301649
-7.428013
-7.530926
-7.640979
-7.696984
-7.730856
-7.774263
-7.805632
-7.927971
-8.084385
-8.224491
-8.383260
-8.511515
-8.633806
-8.776602
-8.922096
-9.011805
-9.081214
-9.155985
-9.217616
-9.301499
-9.389259
-9.462502
-9.533742
-9.581686
-9.617242
-9.651613
-9.677208
-9.702188
-9.722670
-9.734083
-9.739465
-9.753721
-9.767966
-9.775513
-9.781144
-9.776212
-9.765180
-9.752567
-9.735303
-9.715724
-9.692813
-9.665175
-9.633720
-9.597974
-9.558113
-9.514448
-9.466780
-9.412884
-9.354058
-9.291329
-9.223969
-9.153208
-9.078416
-8.998946
-8.915237
-8.868080
-8.833996
-8.793909
-8.761265
-8.714357
-8.664231
-8.622377
-8.581024
-8.520154
-8.452090
-8.385453
-8.313984
-8.250215
-8.187609
-8.119681
-8.050850
-7.959821
-7.858361
-7.756881
-7.648152
-7.542351
-7.434397
-7.318814
-7.199286
-7.087888
-6.977292
-6.862201
-6.746435
-6.622684
-6.494744
-6.366413
-6.235106
-6.080794
-5.915258
-5.747630
-5.571417
-5.397866
-5.221202
-5.035519
-4.844822
-4.658113
-4.469794
-4.276042
-4.079646
-3.874846
-3.664655
-3.452046
-3.234993
-3.025583
-2.817087
-2.603640
-2.389325
-2.168246
-1.943356
-1.717820
-1.489507
-1.251730
-1.008558
-0.762913
-0.512686
-0.261946
-0.008579
0.249529
0.510941
0.661646
0.767295
0.881174
0.965719
1.081649
1.198058
1.282813
1.357648
1.478436
1.610777
1.730615
1.855413
1.950186
2.033185
2.122513
2.205837
2.342814
2.500477
2.649663
2.810615
2.954816
3.096505
3.251031
3.408067
3.533800
3.648750
3.767750
3.880106
4.006288
4.135667
4.257604
4.379337
4.556611
4.756633
4.953990
5.166755
5.363614
5.560644
5.774288
5.993396
6.192936
6.388469
6.590636
6.791675
7.007611
7.230061
7.450754
7.675329
7.870116
8.053860
8.242893
8.425848
8.619151
8.814568
9.003289
9.191247
9.397066
9.609418
9.820156
10.035162
10.243099
10.449858
10.661325
10.873494
10.936976
10.938021
10.946241
10.912510
10.916918
10.918656
10.875380
10.815738
10.812202
10.820103
10.808285
10.799378
10.747890
10.677561
10.611924
10.534945
10.526257
10.541808
10.542711
10.555971
10.543413
10.524109
10.518594
10.513051
10.462493
10.394229
10.327986
10.249539
10.186141
10.123640
10.047874
9.968477
9.956122
9.969188
9.975499
9.997948
9.996722
9.992270
10.005489
10.022210
10.010854
9.991063
9.976247
9.956622
9.952429
9.953076
9.948118
9.944678
9.899751
9.837288
9.778141
9.707794
9.647246
9.585970
9.512705
9.435034
9.376716
9.323297
9.264389
9.207491
9.138139
9.063849
8.992132
8.917878
8.855608
8.797522
8.736311
8.677001
8.613173
8.547982
8.484928
8.421666
8.349227
8.273012
8.196995
8.118320
8.042320
7.966234
7.887283
7.807356
7.722502
7.634791
7.546259
7.455517
7.364188
7.271487
7.176517
7.079876
6.984179
6.887860
6.789754
6.690695
6.589151
6.485914
6.381785
6.276219
6.156199
6.029262
5.901453
5.768502
5.637435
5.504668
5.366489
5.225410
5.087678
4.949439
4.808010
4.665341
4.517499
4.366537
4.214489
4.059969
3.910050
3.760815
3.608815
3.456445
3.300306
3.142097
2.983646
2.823724
2.658347
2.489935
2.320232
2.147980
1.975593
1.801817
1.625398
1.447189
1.322619
1.219754
1.112703
1.019721
0.911250
0.802338
0.708625
0.619533
0.507950
0.390572
0.279067
0.164964
0.065247
-0.028945
-0.126401
-0.221132
-0.342249
-0.473663
-0.601146
-0.734574
-0.860025
-0.984450
-1.115344
-1.247665
-1.364923
-1.477127
-1.591509
-1.702853
-1.821144
-1.941197
-2.057825
-2.174556
-2.318321
-2.473274
-2.627142
-2.788654
-2.942674
-3.096974
-3.259502
-3.424867
-3.580989
-3.735379
-3.893172
-4.050622
-4.215465
-4.383653
-4.551195
-4.720812
-4.876216
-5.026476
-5.179492
-5.329766
-5.485244
-5.641944
-5.795602
-5.949089
-6.111413
-6.277094
-6.442193
-6.609554
-6.773694
-6.937461
-7.103704
-7.270485
-7.374760
-7.452953
-7.534418
-7.598433
-7.678860
-7.758438
-7.819272
-7.873471
-7.951531
-8.034651
-8.109724
-8.186271
-8.245135
-8.296314
-8.349717
-8.398593
-8.476716
-8.565398
-8.648150
-8.736424
-8.814015
-8.889021
-8.970156
-9.051556
-9.114158
-9.169534
-9.226044
-9.277660
-9.335933
-9.394865
-9.448452
-9.500780
-9.581395
-9.672890
-9.761818
-9.857748
-9.944020
-10.029193
-10.122010
-10.216541
-10.299603
-10.379399
-10.461524
-10.541896
-10.628967
-10.718314
-10.805574
-10.893723
-10.964741
-11.028666
-11.094232
-11.155359
-11.220846
-11.286283
-11.346948
-11.406022
-11.473453
-11.543190
-11.610880
-11.679665
-11.743486
-11.805492
-11.868828
-11.931354
-11.954269
-11.960090
-11.966792
-11.961663
-11.965780
-11.968379
-11.958340
-11.943193
-11.941373
-11.941493
-11.935648
-11.929586
-11.911673
-11.887983
-11.864532
-11.837221
-11.827490
-11.823455
-11.814669
-11.808391
-11.794290
-11.777532
-11.763671
-11.748969
-11.721390
-11.688245
-11.654808
-11.617275
-11.582947
-11.548032
-11.508736
-11.467641
-11.441872
-11.421316
-11.398203
-11.378067
-11.351199
-11.322592
-11.297338
-11.271981
-11.238958
-11.202979
-11.167253
-11.129437
-11.094396
-11.059582
-11.022489
-10.984825
-10.936002
-10.881921
-10.827713
-10.769807
-10.713383
-10.655843
-10.594409
-10.530952
-10.471308
-10.411925
-10.350253
-10.288134
-10.222012
-10.153735
-10.085148
-10.014997
-9.955023
-9.898614
-9.840144
-9.783544
-9.722910
-9.661218
-9.601620
-9.541990
-9.476082
-9.407709
-9.339590
-9.269759
-9.202053
-9.134475
-9.065036
-8.995090
-8.919460
-8.840977
-8.762199
-8.681357
-8.600856
-8.519500
-8.435991
-8.351202
-8.268166
-8.185048
-8.100511
-8.015519
-7.928247
-7.839641
-7.750650
-7.660629
-7.562265
-7.459829
-7.356683
-7.250443
-7.145140
-7.038710
-6.929032
-6.817543
-6.707633
-6.597201
-6.484801
-6.371487
-6.255106
-6.136783
-6.017630
-5.896889
-5.778766
-5.660927
-5.541323
-5.421379
-5.299056
-5.175373
-5.051427
-4.926479
-4.798185
-4.667970
-4.536861
-4.404117
-4.271162
-4.137258
-4.001663
-3.864881
-3.766153
-3.682883
-3.596729
-3.520622
-3.433660
-3.346481
-3.270147
-3.197177
-3.108341
-3.015480
-2.926870
-2.836504
-2.756420
-2.680338
-2.602027
-2.525732
-2.430913
-2.328922
-2.229798
-2.126571
-2.029061
-1.932365
-1.831198
-1.729116
-1.637760
-1.550065
-1.460924
-1.374020
-1.282305
-1.189437
-1.099081
-1.008744
-0.899249
-0.781877
-0.665371
-0.543513
-0.427076
-0.310530
-0.188218
-0.063974
0.053588
0.169824
0.288392
0.406624
0.530031
0.655730
0.780876
0.907408
1.023742
1.136327
1.250783
1.363198
1.479225
1.596030
1.710582
1.824922
1.945458
2.068292
2.190623
2.314472
2.435940
2.557053
2.679837
2.802914
2.887728
2.956576
3.027390
3.087506
3.157681
3.227330
3.285488
3.339575
3.408175
3.479826
3.546546
3.614134
3.670907
3.722963
3.776345
3.826936
3.895524
3.970602
4.042026
4.116841
4.185065
4.251686
4.322074
4.392616
4.451592
4.506116
4.561329
4.613524
4.669804
4.726482
4.779865
4.832465
4.902136
4.978355
5.053001
5.131854
5.204837
5.277127
5.354012
5.431907
5.502859
5.571818
5.642157
5.711414
5.784689
5.859313
5.932655
6.006508
6.069956
6.129080
6.189173
6.246550
6.306545
6.366484
6.423506
6.479539
6.540608
6.603047
6.664221
6.726033
6.784811
6.842465
6.900898
6.958815
7.038657
7.127670
7.215208
7.308739
7.396701
7.484945
7.579621
7.676575
7.764257
7.849743
7.938039
8.025519
8.119332
8.215755
8.311083
8.407838
8.495366
8.579521
8.665544
8.749803
8.837313
8.925577
9.011891
9.098073
9.190274
9.284768
9.378850
9.474468
9.567914
9.661112
9.755992
9.851240
9.934119
10.012085
10.090980
10.166658
10.246191
10.325954
10.402228
10.477535
10.557714
10.639143
10.719332
10.800095
10.877714
10.954132
11.031271
11.107820
11.191239
11.277382
11.362625
11.449488
11.534348
11.619020
11.705449
11.792324
11.875501
11.957500
12.040134
12.122096
12.205905
12.290253
12.373829
12.457525
12.486746
12.492764
12.501248
12.494140
12.500122
12.504628
12.492449
12.473864
12.476182
12.482626
12.481406
12.481071
12.464608
12.440887
12.418717
12.392098
12.388507
12.392795
12.391497
12.393952
12.387103
12.377463
12.372066
12.366179
12.344118
12.315395
12.286897
12.253660
12.225166
12.196494
12.162713
12.127177
12.118345
12.119511
12.117669
12.122060
12.116783
12.109995
12.110052
12.111290
12.100808
12.086619
12.074211
12.059583
12.050972
12.044069
12.034622
12.025531
11.999841
11.966985
11.935193
11.898737
11.865875
11.832468
11.794087
11.753716
11.720752
11.689481
11.655789
11.622646
11.584333
11.543821
11.504080
11.463089
11.446867
11.440680
11.432138
11.429919
11.420749
11.411336
11.408749
11.408216
11.396164
11.380897
11.368307
11.354130
11.346737
11.341772
11.334892
11.329053
11.312258
11.291087
11.271451
11.249256
11.230121
11.211252
11.189614
11.167248
11.151118
11.137008
11.121851
11.107856
11.090828
11.072943
11.056383
11.039663
11.007438
10.968680
10.930437
10.887710
10.848993
10.809935
10.766067
10.720417
10.680055
10.640599
10.599032
10.557552
10.511662
10.463712
10.416025
10.367018
10.325611
10.286846
10.246388
10.207254
10.165114
10.122136
10.080643
10.039072
9.992457
9.943816
9.895323
9.845410
9.797093
9.748806
9.698981
9.648684
9.608694
9.572706
9.535773
9.501405
9.463630
9.425507
9.390178
9.355514
9.316559
9.276385
9.237106
9.197184
9.159770
9.123218
9.085897
9.048918
9.006000
8.960635
8.915873
8.869592
8.824842
8.780096
8.733716
8.686804
8.642856
8.599746
8.555945
8.512558
8.467459
8.421752
8.376541
8.331075
8.281123
8.229196
8.177202
8.123779
8.071353
8.018675
7.964474
7.909612
7.855918
7.802251
7.747837
7.693242
7.637283
7.580579
7.523739
7.466349
7.411102
7.356495
7.301224
7.246197
7.190091
7.133570
7.077344
7.020933
6.962862
6.904029
6.845079
6.785548
6.726335
6.666973
6.606994
6.546715
6.478483
6.406662
6.334869
6.260563
6.187719
6.114323
6.038263
5.960966
5.886328
5.811960
5.736174
5.660194
5.581602
5.501656
5.421610
5.340611
5.262378
5.184865
5.106244
5.027783
4.947723
4.866941
4.786384
4.705415
4.621895
4.537122
4.452033
4.365953
4.280171
4.194018
4.106822
4.019041
3.934881
3.851876
3.768100
3.684922
3.600000
3.514534
3.429756
3.344830
3.257837
3.169968
3.082041
2.993461
2.905451
2.817371
2.728589
2.639536
2.547733
2.454558
2.361217
2.266870
2.172723
2.078172
1.982571
1.886355
1.790901
1.695372
1.599164
1.502714
1.405184
1.307008
1.208622
1.109730
1.042191
0.987734
0.931398
0.883714
0.827887
0.772450
0.726304
0.683433
0.627978
0.569687
0.515401
0.460158
0.413850
0.371318
0.327443
0.285712
0.229934
0.169043
0.110966
0.050202
-0.005543
-0.060113
-0.117658
-0.175387
-0.224074
-0.269315
-0.315159
-0.358688
-0.405480
-0.452640
-0.497266
-0.541333
-0.601196
-0.667251
-0.732025
-0.800828
-0.864509
-0.927762
-0.995398
-1.064155
-1.126635
-1.187434
-1.249700
-1.311137
-1.376473
-1.443236
-1.508984
-1.575382
-1.632654
-1.686240
-1.740883
-1.793283
-1.848201
-1.903253
-1.955881
-2.007807
-2.064448
-2.122508
-2.179620
-2.237492
-2.292830
-2.347345
-2.402750
-2.457879
-2.528371
-2.605366
-2.681420
-2.761747
-2.838358
-2.915291
-2.996800
-3.080014
-3.156792
-3.232115
-3.309517
-3.386439
-3.467906
-3.551302
-3.634023
-3.717843
-3.795515
-3.871015
-3.947912
-4.023734
-4.101876
-4.180649
-4.258221
-4.335823
-4.417659
-4.501183
-4.584546
-4.669080
-4.752254
-4.835381
-4.919777
-5.004548
-5.080524
-5.153068
-5.226389
-5.297500
-5.371479
-5.445726
-5.517568
-5.588815
-5.663689
-5.739573
-5.814666
-5.890280
-5.963731
-6.036421
-6.109738
-6.182736
-6.260749
-6.340814
-6.420337
-6.501122
-6.580579
-6.660006
-6.740792
-6.822001
-6.900665
-6.978588
-7.057070
-7.135173
-7.214701
-7.294717
-7.374285
-7.454040
-7.505204
-7.544243
-7.584707
-7.617067
-7.656403
-7.695060
-7.725039
-7.751747
-7.789638
-7.829836
-7.866095
-7.902944
-7.931386
-7.956110
-7.981775
-8.005208
-8.040779
-8.080569
-8.117532
-8.156555
-8.190818
-8.223721
-8.258939
-8.294001
-8.320690
-8.343989
-8.367506
-8.388640
-8.412356
-8.436076
-8.457220
-8.477543
-8.512237
-8.552387
-8.591048
-8.633155
-8.670227
-8.706614
-8.746773
-8.787683
-8.822445
-8.855344
-8.889314
-8.922216
-8.958452
-8.995720
-9.031747
-9.068082
-9.095700
-9.119621
-9.144227
-9.166469
-9.190742
-9.214843
-9.236415
-9.257046
-9.281741
-9.307457
-9.332002
-9.356959
-9.379281
-9.400551
-9.422351
-9.443603
-9.477686
-9.517027
-9.555254
-9.596829
-9.634938
-9.673023
-9.714715
-9.757564
-9.794578
-9.830034
-9.866967
-9.903180
-9.942985
-9.984137
-10.024400
-10.065298
-10.100688
-10.133936
-10.168072
-10.200998
-10.235588
-10.270414
-10.303924
-10.337160
-10.373691
-10.411357
-10.448588
-10.486514
-10.522986
-10.559119
-10.596031
-10.632962
-10.661980
-10.687723
-10.713832
-10.737725
-10.763789
-10.789777
-10.813379
-10.836161
-10.861778
-10.887965
-10.913160
-10.938501
-10.961663
-10.983861
-11.006295
-11.028148
-11.054024
-11.081364
-11.107930
-11.135280
-11.161177
-11.186742
-11.213173
-11.239664
-11.263650
-11.286691
-11.309907
-11.332490
-11.355998
-11.379620
-11.402548
-11.425333
-11.443132
-11.458669
-11.474266
-11.488302
-11.503202
-11.517744
-11.530633
-11.542741
-11.556657
-11.570801
-11.584047
-11.597209
-11.608701
-11.619347
-11.629971
-11.640013
-11.651584
-11.663532
-11.674810
-11.686142
-11.696548
-11.706515
-11.716571
-11.726362
-11.734646
-11.742175
-11.749494
-11.756210
-11.763068
-11.769683
-11.775665
-11.781279
-11.789576
-11.798776
-11.807473
-11.816664
-11.824667
-11.832343
-11.840577
-11.848769
-11.855502
-11.861655
-11.867832
-11.873592
-11.879835
-11.886090
-11.891894
-11.897563
-11.901345
-11.904213
-11.907019
-11.909170
-11.911515
-11.913630
-11.915058
-11.916107
-11.917753
-11.919403
-11.920629
-11.921739
-11.922140
-11.922140
-11.922048
-11.921654
-11.922309
-11.923260
-11.923852
-11.924541
-11.924663
-11.924551
-11.924561
-11.924454
-11.923486
-11.922111
-11.920652
-11.918875
-11.917232
-11.915489
-11.913410
-11.911156
-11.908175
-11.904766
-11.901204
-11.897300
-11.893306
-11.889097
-11.884536
-11.879715
-11.874962
-11.870080
-11.864922
-11.859595
-11.853899
-11.847939
-11.841816
-11.835460
-11.827957
-11.819839
-11.811529
-11.802728
-11.793937
-11.784900
-11.775352
-11.765472
-11.755689
-11.745738
-11.735435
-11.724914
-11.713903
-11.702545
-11.690980
-11.679111
-11.667457
-11.655732
-11.643681
-11.631482
-11.618882
-11.606008
-11.592994
-11.579750
-11.565985
-11.551876
-11.537550
-11.522915
-11.508147
-11.493155
-11.477847
-11.462285
-11.454998
-11.451079
-11.446539
-11.444188
-11.439498
-11.434772
-11.432409
-11.430787
-11.425712
-11.419764
-11.414751
-11.409361
-11.406219
-11.403956
-11.401214
-11.398917
-11.392635
-11.384816
-11.377626
-11.369562
-11.362739
-11.356101
-11.348509
-11.340730
-11.335278
-11.330626
-11.325673
-11.321213
-11.315724
-11.309997
-11.304822
-11.299662
-11.290296
-11.279206
-11.268316
-11.256258
-11.245400
-11.234527
-11.222395
-11.209847
-11.198781
-11.188019
-11.176751
-11.165568
-11.153254
-11.140445
-11.127768
-11.114795
-11.104069
-11.094175
-11.083878
-11.074038
-11.063415
-11.052630
-11.042348
-11.032122
-11.020544
-11.008470
-10.996515
-10.984236
-10.972489
-10.960828
-10.948809
-10.936735
-10.920133
-10.901540
-10.883083
-10.863271
-10.844396
-10.825301
-10.804763
-10.783608
-10.764152
-10.744977
-10.725077
-10.705181
-10.683856
-10.661849
-10.639901
-10.617507
-10.596759
-10.576510
-10.555728
-10.535128
-10.513727
-10.492013
-10.470517
-10.448883
-10.425899
-10.402298
-10.378614
-10.354463
-10.330574
-10.306570
-10.282070
-10.257333
-10.234946
-10.213395
-10.191494
-10.170084
-10.147731
-10.125170
-10.103156
-10.081177
-10.058044
-10.034494
-10.011035
-9.987297
-9.964037
-9.940859
-9.917373
-9.893844
-9.868764
-9.842970
-9.817198
-9.790936
-9.764918
-9.738776
-9.712117
-9.685207
-9.658883
-9.632637
-9.606101
-9.579539
-9.552442
-9.525075
-9.497702
-9.470143
-9.438299
-9.404545
-9.370782
-9.335668
-9.301416
-9.266897
-9.230940
-9.194338
-9.159055
-9.123878
-9.087965
-9.051928
-9.014530
-8.976417
-8.938229
-8.899529
-8.862553
-8.826061
-8.788966
-8.752023
-8.714159
-8.675911
-8.637855
-8.599604
-8.559901
-8.519508
-8.478977
-8.437911
-8.397071
-8.356061
-8.314487
-8.272616
-8.232310
-8.192472
-8.152255
-8.112262
-8.071441
-8.030332
-7.989487
-7.948532
-7.906641
-7.864329
-7.821945
-7.779234
-7.736726
-7.694143
-7.651212
-7.608120
-7.563724
-7.518660
-7.473482
-7.427805
-7.382187
-7.336349
-7.289990
-7.243313
-7.196947
-7.150510
-7.103726
-7.056793
-7.009328
-6.961530
-6.913599
-6.865399
-6.819384
-6.774160
-6.728562
-6.683406
-6.637426
-6.591265
-6.545593
-6.499958
-6.453097
-6.405784
-6.358565
-6.311044
-6.264002
-6.217032
-6.169730
-6.122371
-6.073785
-6.024616
-5.975438
-5.925853
-5.876412
-5.826840
-5.776841
-5.726614
-5.676833
-5.627091
-5.577090
-5.527045
-5.476548
-5.425810
-5.375043
-5.324103
-5.271603
-5.218356
-5.164997
-5.111075
-5.057359
-5.003456
-4.948960
-4.894145
-4.839647
-4.785073
-4.730150
-4.675077
-4.619449
-4.563477
-4.507370
-4.450986
-4.395138
-4.339374
-4.283298
-4.227186
-4.170643
-4.113866
-4.057067
-4.000105
-3.942526
-3.884606
-3.826543
-3.768193
-3.709831
-3.651315
-3.592502
-3.533489
-3.492878
-3.459971
-3.426062
-3.397285
-3.363768
-3.330532
-3.302806
-3.277055
-3.244113
-3.209620
-3.177525
-3.144962
-3.117662
-3.092636
-3.066918
-3.042528
-3.009827
-2.974140
-2.940180
-2.904676
-2.872229
-2.840541
-2.807137
-2.773681
-2.745648
-2.719716
-2.693485
-2.668684
-2.642003
-2.615161
-2.589880
-2.564987
-2.531235
-2.494061
-2.457684
-2.419105
-2.383511
-2.348239
-2.310565
-2.272336
-2.237716
-2.204118
-2.169770
-2.135964
-2.100036
-2.063380
-2.027371
-1.991071
-1.960046
-1.931198
-1.901826
-1.873810
-1.844437
-1.815065
-1.787152
-1.759716
-1.729678
-1.698910
-1.668761
-1.638257
-1.609274
-1.580836
-1.551972
-1.523343
-1.485271
-1.443247
-1.401870
-1.357916
-1.316345
-1.274648
-1.230186
-1.184742
-1.143331
-1.102884
-1.061223
-1.019924
-0.975889
-0.930730
-0.886054
-0.840768
-0.799394
-0.759450
-0.718709
-0.678714
-0.637341
-0.595646
-0.554776
-0.513961
-0.470580
-0.426221
-0.382036
-0.337194
-0.293273
-0.249456
-0.204921
-0.160227
-0.120981
-0.083903
-0.046419
-0.010356
0.027396
0.065243
0.101551
0.137427
0.175450
0.214021
0.252040
0.290309
0.327187
0.363532
0.400191
0.436586
0.475988
0.516579
0.556770
0.597666
0.637680
0.677607
0.718298
0.759181
0.798436
0.837168
0.876175
0.914881
0.954392
0.994135
1.033534
1.072980
1.108864
1.143218
1.177772
1.211317
1.245667
1.279907
1.313070
1.345808
1.380043
1.414602
1.448649
1.482787
1.515838
1.548416
1.581132
1.613569
1.647316
1.681505
1.715350
1.749394
1.782901
1.816236
1.849797
1.883318
1.915867
1.948007
1.980149
2.011997
2.044110
2.076199
2.107972
2.139627
2.173418
2.208028
2.242422
2.277334
2.311522
2.345623
2.380289
2.415078
2.448946
2.482539
2.516303
2.549914
2.584035
2.618319
2.652424
2.686583
2.719500
2.751896
2.784400
2.816573
2.849045
2.881501
2.913603
2.945578
2.978149
3.010877
3.043445
3.076082
3.108349
3.140473
3.172684
3.204824
3.237944
3.271456
3.304855
3.338493
3.371855
3.405199
3.438803
3.472479
3.505655
3.538680
3.571804
3.604846
3.638156
3.671552
3.704853
3.738182
3.771107
3.803863
3.836665
3.869364
3.902159
3.934952
3.967635
4.000280
4.033144
4.066073
4.098952
4.131863
4.164652
4.197400
4.230185
4.262955
4.295007
4.326751
4.358510
4.390054
4.421768
4.453455
4.484913
4.516279
4.547881
4.579515
4.611042
4.642564
4.673873
4.705078
4.736285
4.767423
4.798887
4.830459
4.861944
4.893477
4.924865
4.956205
4.987600
5.018980
5.050123
5.081165
5.112202
5.143164
5.174187
5.205200
5.236133
5.267034
5.293380
5.317766
5.342314
5.365529
5.389795
5.413900
5.436582
5.458695
5.482491
5.506586
5.530007
5.553460
5.575540
5.596979
5.618505
5.639622
5.662625
5.686246
5.709365
5.732759
5.755337
5.777644
5.800267
5.822812
5.843970
5.864535
5.885081
5.905194
5.925664
5.946082
5.966035
5.985804
6.007718
6.030407
6.052810
6.075682
6.097721
6.119595
6.141987
6.164435
6.185885
6.206991
6.228201
6.249189
6.270628
6.292165
6.313453
6.334729
6.354603
6.373847
6.393138
6.412006
6.431127
6.450162
6.468749
6.487131
6.506080
6.525126
6.543932
6.562743
6.581088
6.599212
6.617358
6.635361
6.655428
6.676308
6.696951
6.718092
6.738605
6.759058
6.780053
6.801184
6.821302
6.841109
6.861105
6.880929
6.901289
6.921818
6.942147
6.962526
6.981933
7.000930
7.020019
7.038852
7.057907
7.076947
7.095714
7.114380
7.133538
7.152830
7.171996
7.191221
7.210151
7.228969
7.247862
7.266703
7.284196
7.301100
7.318009
7.334501
7.351294
7.368019
7.384301
7.400393
7.416894
7.433433
7.449755
7.466046
7.481927
7.497596
7.513249
7.528752
7.544859
7.561152
7.577263
7.593448
7.609340
7.625124
7.640995
7.656821
7.672183
7.687336
7.702463
7.717432
7.732497
7.747527
7.762389
7.777173
7.794331
7.812444
7.830373
7.848923
7.866773
7.884596
7.903091
7.921785
7.939497
7.956956
7.974669
7.992267
8.010493
8.028960
8.047282
8.065723
8.082958
8.099720
8.116654
8.133313
8.150332
8.167394
8.184156
8.200848
8.218217
8.235809
8.253298
8.270919
8.288220
8.305437
8.322803
8.340159
8.356373
8.372112
8.387891
8.403344
8.419110
8.434860
8.450259
8.465535
8.481191
8.496914
8.512490
8.528075
8.543346
8.558472
8.573619
8.588675
8.604331
8.620202
8.635953
8.651816
8.667454
8.683035
8.698742
8.714452
8.729784
8.744968
8.760174
8.775279
8.790518
8.805768
8.820910
8.836024
8.849680
8.862691
8.875736
8.888339
8.901238
8.914059
8.926410
8.938556
8.951234
8.963993
8.976512
8.989024
9.001072
9.012894
9.024726
9.036407
9.048618
9.060984
9.073172
9.085412
9.097386
9.109251
9.121182
9.133061
9.144496
9.155725
9.166921
9.177960
9.189077
9.200150
9.211057
9.221880
9.233432
9.245239
9.256926
9.268759
9.280286
9.291739
9.303354
9.314972
9.326220
9.337328
9.348455
9.359486
9.370658
9.381847
9.392930
9.403991
9.414555
9.424884
9.435212
9.445377
9.455609
9.465794
9.475808
9.485733
9.495834
9.505951
9.515968
9.525968
9.535790
9.545518
9.555236
9.564887
9.573177
9.580856
9.588523
9.595755
9.603251
9.610654
9.617594
9.624322
9.631458
9.638618
9.645537
9.652408
9.658842
9.665041
9.671207
9.677204
9.683735
9.690411
9.696887
9.703403
9.709619
9.715706
9.721844
9.727913
9.733514
9.738889
9.744212
9.749357
9.754565
9.759710
9.764669
9.769526
9.774867
9.780347
9.785699
9.791113
9.796257
9.801302
9.806421
9.811496
9.816268
9.820898
9.825497
9.829983
9.834525
9.839035
9.843426
9.847758
9.851669
9.855361
9.859009
9.862490
9.865981
9.869394
9.872634
9.875765
9.878985
9.882175
9.885245
9.888261
9.891099
9.893824
9.896498
9.899079
9.902340
9.905842
9.909217
9.912722
9.915959
9.919130
9.922447
9.925767
9.928691
9.931464
9.934257
9.936947
9.939779
9.942625
9.945358
9.948064
9.950374
9.952491
9.954597
9.956566
9.958572
9.960527
9.962339
9.964071
9.965934
9.967801
9.969577
9.971331
9.972933
9.974451
9.975951
9.977387
9.978323
9.979015
9.979662
9.980123
9.980641
9.981090
9.981344
9.981488
9.981724
9.981927
9.982011
9.982039
9.981883
9.981611
9.981286
9.980866
9.980606
9.980363
9.980014
9.979645
9.979130
9.978533
9.977921
9.977248
9.976372
9.975380
9.974334
9.973189
9.972031
9.970816
9.969498
9.968108
9.967106
9.966223
9.965248
9.964331
9.963222
9.962049
9.960944
9.959817
9.958452
9.956983
9.955502
9.953943
9.952441
9.950926
9.949326
9.947690
9.945761
9.943682
9.941577
9.939359
9.937154
9.934897
9.932524
9.930079
9.927705
9.925315
9.922847
9.920345
9.917723
9.915025
9.912298
9.909509
9.906464
9.903277
9.900039
9.896685
9.893327
9.889908
9.886369
9.882750
9.879137
9.875476
9.871732
9.867930
9.864015
9.860016
9.855962
9.851833
9.847751
9.843649
9.839467
9.835247
9.830927
9.826539
9.822115
9.817633
9.813026
9.808334
9.803587
9.798764
9.793905
9.788991
9.783998
9.778942
9.773527
9.767922
9.762266
9.756461
9.750659
9.744785
9.738756
9.732627
9.726549
9.720430
9.714205
9.707920
9.701482
9.694940
9.688342
9.681655
9.675022
9.668364
9.661611
9.654812
9.647900
9.640908
9.633873
9.626769
9.619516
9.612162
9.604744
9.597236
9.589687
9.582072
9.574364
9.566582
9.558890
9.551192
9.543411
9.535603
9.527675
9.519673
9.511647
9.503564
9.495347
9.487045
9.478689
9.470255
9.461792
9.453275
9.444679
9.436020
9.427202
9.418279
9.409298
9.400225
9.391109
9.381925
9.372649
9.363296
9.353922
9.344493
9.334986
9.325418
9.315756
9.306017
9.296218
9.286347
9.278812
9.272230
9.265472
9.259335
9.252545
9.245751
9.239624
9.233710
9.226815
9.219673
9.212799
9.205819
9.199478
9.193388
9.187164
9.181067
9.173869
9.166246
9.158803
9.151121
9.143785
9.136505
9.128963
9.121373
9.114434
9.107722
9.100929
9.094278
9.087343
9.080347
9.073507
9.066676
9.058628
9.050084
9.041601
9.032783
9.024315
9.015844
9.007012
8.998062
8.989547
8.981124
8.972556
8.964017
8.955152
8.946147
8.937183
8.928137
8.919741
8.911587
8.903320
8.895187
8.886831
8.878432
8.870180
8.861946
8.853326
8.844565
8.835842
8.827027
8.818369
8.809738
8.801006
8.792261
8.782300
8.771805
8.761348
8.750527
8.739958
8.729331
8.718317
8.707138
8.696419
8.685777
8.674942
8.664108
8.652891
8.641491
8.630109
8.618608
8.607547
8.596620
8.585551
8.574530
8.563297
8.551980
8.540722
8.529428
8.517773
8.505954
8.494113
8.482147
8.470253
8.458327
8.446270
8.434150
8.422670
8.411418
8.400072
8.388862
8.377397
8.365877
8.354507
8.343149
8.331478
8.319696
8.307940
8.296109
8.284411
8.272736
8.260978
8.249211
8.237025
8.224647
8.212276
8.199775
8.187340
8.174874
8.162269
8.149597
8.137087
8.124598
8.112033
8.099462
8.086747
8.073961
8.061175
8.048340
8.034199
8.019479
8.004766
7.989645
7.974796
7.959871
7.944514
7.928966
7.913831
7.898738
7.883427
7.868085
7.852333
7.836370
7.820391
7.804263
7.788667
7.773225
7.757606
7.742041
7.726201
7.710252
7.694368
7.678431
7.662058
7.645482
7.628870
7.612102
7.595410
7.578673
7.561771
7.544785
7.528293
7.511955
7.495509
7.479140
7.462523
7.445825
7.429218
7.412586
7.395671
7.378633
7.361582
7.344438
7.327366
7.310279
7.293093
7.275865
7.258242
7.240420
7.222572
7.204577
7.186610
7.168582
7.150402
7.132131
7.113966
7.095787
7.077509
7.059193
7.040721
7.022154
7.003554
6.984880
6.966870
6.949105
6.931233
6.913501
6.895528
6.877505
6.859637
6.841786
6.823572
6.805227
6.786917
6.768523
6.750279
6.732063
6.713754
6.695433
6.676750
6.657898
6.639049
6.620084
6.601169
6.582220
6.563149
6.544016
6.525024
6.506049
6.487003
6.467949
6.448766
6.429517
6.410265
6.390968
6.371206
6.351224
6.331214
6.311042
6.290938
6.270783
6.250456
6.230039
6.209725
6.189394
6.168964
6.148495
6.127865
6.107137
6.086375
6.065536
6.044866
6.024226
6.003500
5.982768
5.961913
5.940994
5.920075
5.899113
5.877971
5.856732
5.835456
5.814101
5.792748
5.771355
5.749878
5.728348
5.713516
5.701501
5.689140
5.678660
5.666481
5.654423
5.644385
5.635082
5.623186
5.610746
5.599196
5.587495
5.577724
5.568797
5.559638
5.550980
5.539328
5.526613
5.514544
5.501935
5.490453
5.479266
5.467476
5.455687
5.445884
5.436862
5.427751
5.419179
5.409944
5.400670
5.391982
5.383454
5.371723
5.358767
5.346119
5.332689
5.320364
5.308175
5.295131
5.281904
5.270009
5.258505
5.246748
5.235206
5.222911
5.210371
5.198085
5.185712
5.175276
5.165650
5.155853
5.146567
5.136808
5.127067
5.117876
5.108878
5.098952
5.088780
5.078852
5.068813
5.059347
5.050098
5.040713
5.031432
5.018755
5.004667
4.990832
4.976085
4.962218
4.948326
4.933452
4.918242
4.904511
4.891148
4.877365
4.863733
4.849130
4.834139
4.819343
4.804345
4.790781
4.777753
4.764456
4.751448
4.737961
4.724377
4.711111
4.697883
4.683747
4.669276
4.654888
4.640281
4.626026
4.611829
4.597390
4.582914
4.570429
4.558748
4.546939
4.535664
4.523797
4.511915
4.500609
4.489479
4.477591
4.465524
4.453675
4.441756
4.430360
4.419176
4.407897
4.396733
4.384501
4.371857
4.359377
4.346661
4.334284
4.321957
4.309374
4.296740
4.284715
4.272898
4.261001
4.249232
4.237191
4.225086
4.213124
4.201165
4.185893
4.169228
4.152708
4.135248
4.118636
4.101960
4.084273
4.066217
4.049379
4.032781
4.015738
3.998748
3.980809
3.962444
3.944170
3.925635
3.908641
3.892191
3.875405
3.858893
3.841789
3.824526
3.807570
3.790608
3.772625
3.754236
3.735887
3.717257
3.698962
3.680681
3.662095
3.643422
3.626171
3.609451
3.592577
3.576037
3.558978
3.541838
3.525066
3.508356
3.491040
3.473534
3.456123
3.438599
3.421393
3.404278
3.387034
3.369812
3.351685
3.333169
3.314713
3.296005
3.277498
3.258965
3.240162
3.221253
3.202750
3.184341
3.165803
3.147298
3.128513
3.109611
3.090754
3.071831
3.054819
3.038593
3.022217
3.006349
2.989969
2.973593
2.957763
2.942114
2.925628
2.908929
2.892457
2.875893
2.859866
2.844048
2.828114
2.812284
2.795619
2.778636
2.761796
2.744780
2.728031
2.711328
2.694431
2.677503
2.661085
2.644848
2.628555
2.612376
2.595985
2.579552
2.563246
2.546952
2.529553
2.511703
2.493913
2.475822
2.458047
2.440273
2.422173
2.403967
2.386168
2.368457
2.350618
2.332809
2.314703
2.296472
2.278284
2.260023
2.242345
2.224886
2.207327
2.189890
2.172257
2.154586
2.137050
2.119532
2.101670
2.083684
2.065733
2.047702
2.029814
2.011952
1.994002
1.976042
1.964240
1.955045
1.945573
1.937857
1.928611
1.919508
1.912287
1.905771
1.896937
1.887648
1.879204
1.870660
1.863909
1.857964
1.851845
1.846220
1.837861
1.828551
1.819868
1.810718
1.802643
1.794873
1.786576
1.778313
1.771912
1.766263
1.760564
1.755393
1.749642
1.743888
1.738705
1.733701
1.725862
1.716961
1.708374
1.699121
1.690898
1.682834
1.674040
1.665119
1.657426
1.650118
1.642620
1.635351
1.627446
1.619357
1.611532
1.603665
1.597579
1.592259
1.586821
1.581881
1.576550
1.571273
1.566528
1.561992
1.556659
1.551141
1.545879
1.540556
1.535783
1.531243
1.526617
1.522121
1.514455
1.505491
1.496799
1.487278
1.478624
1.469979
1.460441
1.450620
1.442223
1.434205
1.425825
1.417619
1.408532
1.399113
1.389909
1.380548
1.372580
1.365153
1.357506
1.350166
1.342405
1.334585
1.327101
1.319686
1.311446
1.302922
1.294509
1.285924
1.277706
1.269575
1.261250
1.252922
1.246495
1.240855
1.235128
1.229934
1.224219
1.218522
1.213399
1.208473
1.202871
1.197134
1.191636
1.186104
1.181095
1.176319
1.171487
1.166796
1.161135
1.155121
1.149293
1.143278
1.137613
1.132030
1.126238
1.120431
1.115230
1.110256
1.105241
1.100379
1.095294
1.090183
1.085239
1.080330
1.072606
1.063717
1.054988
1.045483
1.036745
1.027986
1.018392
1.008514
0.999716
0.991155
0.982248
0.973419
0.963809
0.953868
0.944038
0.934017
0.925364
0.917215
0.908811
0.900680
0.892070
0.883359
0.874948
0.866566
0.857337
0.847794
0.838319
0.828637
0.819278
0.809967
0.800428
0.790848
0.782513
0.774664
0.766718
0.759090
0.751054
0.742982
0.735256
0.727618
0.719498
0.711249
0.703116
0.694919
0.687027
0.679247
0.671390
0.663586
0.655042
0.646201
0.637444
0.628506
0.619773
0.611052
0.602134
0.593159
0.584564
0.576084
0.567527
0.559031
0.550331
0.541564
0.532869
0.524152
0.517134
0.510837
0.504444
0.498527
0.492199
0.485910
0.480130
0.474543
0.468262
0.461830
0.455631
0.449386
0.443644
0.438118
0.432526
0.427060
0.420899
0.414495
0.408251
0.401888
0.395792
0.389771
0.383616
0.377468
0.371799
0.366324
0.360833
0.355478
0.349972
0.344463
0.339100
0.333782
0.327538
0.320936
0.314422
0.307680
0.301248
0.294852
0.288206
0.281503
0.275188
0.268986
0.262705
0.256486
0.250044
0.243527
0.237082
0.230609
0.224677
0.218970
0.213211
0.207593
0.201839
0.196088
0.190487
0.184938
0.179123
0.173235
0.167413
0.161556
0.155858
0.150217
0.144535
0.138878
