0.878901
0.838955
0.887559
0.946990
0.644345
0.202088
1.883729
0.336566
0.640102
0.442944
0.247135
0.013238
0.219465
0.595258
-0.713055
-2.611886
5.403281
-0.974958
1.825399
2.836067
0.186827
-3.886449
-1.138702
3.456503
2.420557
0.576590
1.045888
1.524545
0.897703
0.049812
3.888236
0.639546
1.227212
0.622352
0.045191
-0.672787
-1.420725
-2.244466
-3.675679
-5.404065
-1.684784
-1.024510
-0.440394
-0.745323
-0.174792
0.343563
2.477532
1.270600
2.183110
2.602921
-2.819696
0.352907
-0.695586
-0.130962
0.091293
0.476830
0.287278
-0.106710
-0.163350
-0.233147
-0.982579
-0.358261
-0.612745
-0.669364
-0.642305
-0.579974
-0.504178
-0.397263
-0.318322
-0.235275
-0.118701
0.011099
0.059524
0.083072
0.124087
0.152261
0.222725
0.307016
0.376328
0.450224
0.373660
0.233637
0.104727
-0.065124
-0.198689
-0.334824
-0.514816
-0.710831
-0.541526
-0.228930
0.050980
0.422813
0.639244
0.829166
1.120685
1.426555
1.288018
0.977869
1.297502
1.757628
-3.296747
0.882934
-0.436308
-0.352051
-2.686956
-1.498441
-2.744053
-3.630422
-3.280990
-4.187378
-5.781372
-2.164532
-2.432452
-1.984269
-0.766896
0.701984
1.354229
1.858306
5.608522
4.925470
5.159991
4.051179
2.604572
0.481892
2.304246
-0.350776
-0.690794
-1.726205
-3.475215
-5.608595
-5.090709
-3.700399
-2.938587
-1.754630
0.380601
3.051869
2.731521
1.490174
0.940261
-0.063822
0.152277
0.747944
0.826355
0.991749
1.356895
1.793024
2.262262
2.800003
2.156193
1.045243
-1.906707
-2.213352
-2.719277
-2.265313
-2.269133
-2.039024
-2.514106
-3.228097
-3.673165
-4.190434
-3.969252
-3.439220
-3.013632
-2.409558
-1.985246
-1.564842
-0.952755
-0.279973
0.201148
0.649457
1.170383
1.686536
1.749694
1.625557
2.697301
4.142153
3.707475
2.774538
2.318371
1.632556
1.115859
0.613990
-0.129107
-0.949990
-1.378078
-1.701029
-2.123353
-2.497098
-3.112036
-3.817359
-4.462785
-5.150621
-5.005024
-4.518334
-4.315563
-3.985507
-2.829891
-4.648772
-0.273725
-2.750669
-1.567726
-1.382573
-1.109942
-0.880123
-0.116281
0.863987
-0.655923
-3.081684
8.570213
-1.655932
1.481895
1.544388
2.131644
2.916146
3.563873
4.301401
3.974148
3.221433
4.664663
2.774816
3.081747
2.994004
2.723227
2.422237
1.886233
1.216691
0.524550
-0.264669
-1.080519
-1.955585
-2.837048
-3.751801
-4.500042
-5.193710
-1.793850
-4.555948
-3.747137
-3.873027
-3.712645
-3.490346
-3.596955
-3.040259
-2.811631
-2.446588
-1.997235
-1.482821
-0.915769
-0.286902
0.198336
0.657003
2.101635
3.938132
0.706079
5.828662
3.945104
2.458839
12.055827
3.221132
5.541811
5.145338
5.020247
4.918570
4.700287
4.472098
3.477171
2.139010
6.103165
1.933608
2.754648
2.449067
1.428689
0.104669
5.462685
8.571652
-3.566671
0.186635
-1.861208
-0.544921
-1.409885
-2.240769
-3.319104
-4.717730
-6.896050
-2.429790
-4.175324
-5.532781
-5.798451
-6.075474
-6.039759
-5.760687
-5.498175
-5.095552
-4.589597
-3.975770
-3.221492
-2.345961
-2.881718
-3.946281
-2.415749
-0.178256
-0.972634
-2.450981
7.170905
2.771825
2.339233
-5.767068
-1.073593
5.890159
4.382590
1.689741
2.252944
2.749127
2.991519
3.439300
3.854521
4.325262
4.679520
5.006784
5.396285
5.787283
5.660642
5.321039
4.945389
4.399792
4.772748
6.814344
-0.202035
5.362364
2.865719
1.875498
0.879872
-0.265702
-0.407317
-0.192591
-0.176416
0.028570
-0.728927
-1.828504
-2.692708
-3.718981
-4.021794
-4.067802
-4.310901
-4.440913
-6.543196
-9.452550
-8.003822
-5.287789
-6.287429
-7.812726
-7.831309
-7.848570
-7.717466
-7.363069
-7.001727
-6.517082
-6.474474
-6.561435
-5.729971
-4.615244
-4.261114
-4.000624
-3.406817
-2.795604
-2.108955
-1.346757
-0.567146
0.263267
0.674302
0.932542
1.261590
1.504757
1.901597
2.331078
2.665594
2.991272
3.508463
4.092945
4.684032
5.329743
6.124016
7.284413
8.118938
9.002107
8.516020
3.203991
7.245421
7.538836
7.259134
5.969634
4.339604
4.966697
4.386933
4.315315
4.146989
4.047845
3.704288
3.278912
2.934921
2.561337
2.403777
2.332884
2.222690
2.159262
2.157753
2.200343
2.047221
1.838045
1.812987
1.819278
-7.635932
-0.505392
-2.759586
-2.236528
-1.871406
-1.265771
-0.544190
-2.543501
-2.725770
-3.397662
-3.491582
-3.376615
-3.619597
-3.855796
-3.243611
-2.305166
-8.036214
-2.894274
-4.628735
-4.900086
-5.060916
-5.217225
-5.321062
-5.388751
-4.951372
-4.276593
-6.601225
-4.433346
-4.964506
-4.856454
-4.786517
-4.719053
-4.629899
-4.536711
-4.402626
-4.246952
-4.088693
-3.914886
-3.721298
-3.511734
-3.286908
-3.046006
-2.794493
-2.529316
-2.247834
-1.951888
-1.639037
-1.310489
-0.967567
-0.609383
-0.236771
0.150653
0.419066
0.645308
1.948567
3.677729
-0.647670
4.224895
3.392820
3.802611
2.556439
0.583553
10.436876
6.420774
7.052252
7.680854
3.676431
10.239389
7.997732
9.725121
9.475247
9.311684
9.187221
8.910470
8.788822
8.665947
8.379051
8.038213
7.925729
7.867763
7.742810
7.639081
7.411162
7.133252
6.882136
6.605844
6.151135
5.611548
5.404550
5.280400
4.826892
4.307284
3.890283
3.451089
2.928011
2.369705
1.792860
1.182735
0.564195
-0.075484
-0.749397
-1.448674
-1.649254
-1.653152
-1.684557
-1.582691
-1.736833
-1.940365
-1.083869
-1.577804
-2.034014
-2.994757
-3.908113
-5.033742
-2.347283
1.866753
-2.173711
-4.999344
-2.279805
-10.595224
-6.813828
-4.680120
-5.822861
-7.850924
-7.985326
-8.075795
-9.867224
-12.219165
-9.394167
-8.987772
-7.975124
-7.289723
-13.302167
-7.352646
-9.718850
-10.727067
-11.430511
-12.665073
-11.164243
-8.716128
-8.384300
-8.219387
-7.728340
-7.400834
-7.292785
-7.320217
-6.575839
-5.589785
-5.480197
-4.201020
-4.009465
-3.825414
-3.608405
-3.496057
-2.900692
-2.145359
-2.515300
3.438613
-9.243794
-4.976832
11.299397
-4.425562
0.880469
1.410601
1.992016
2.584161
2.796903
2.858668
2.953637
2.951809
3.026597
3.092140
3.291118
3.095818
3.198379
3.257045
3.280382
3.299657
3.424624
3.588919
2.333086
0.502614
7.324909
1.649610
3.651424
3.979525
4.206952
4.420144
4.720569
5.040782
5.121915
5.119831
5.608468
5.359043
5.655873
5.891229
6.089178
6.300246
6.292855
6.194696
6.119240
5.987776
7.236177
9.047866
7.184142
4.166617
8.646564
15.386789
1.343096
9.864163
7.429063
8.705495
8.656295
8.622173
8.345873
7.833222
7.336086
6.709152
6.690172
6.870692
6.890759
7.000417
2.338444
-4.328851
0.784781
9.466179
7.684215
4.369498
5.292783
6.193100
5.750884
5.175421
4.667744
3.984309
5.061917
6.813660
5.521506
3.436566
3.458307
3.682607
2.971219
2.179696
1.293086
0.229385
1.526733
3.735645
-8.319036
1.567384
-1.845838
-2.146492
-1.668718
-0.809425
2.425022
-4.692717
-3.157432
-2.539978
-3.163982
-3.830067
-4.183803
-4.555812
-4.994716
-5.437571
-5.604584
-5.663162
-5.738256
-5.740355
-5.833238
-5.932293
-5.952002
-5.950455
-6.042101
-6.155038
-6.241323
-6.336112
-6.291623
-6.189034
-6.656893
-7.325501
-4.838899
-7.372238
-6.844090
-7.031596
-7.140017
-7.225974
-7.344796
-7.458702
-7.700575
-7.998075
-8.285228
-8.607596
-7.442509
-5.659920
-7.041356
-9.322201
-9.045062
-8.436019
-6.422376
-8.133524
-7.444858
-7.331831
-7.151386
-6.957891
-6.805135
-6.656459
-6.491983
-6.327010
-6.049551
-5.722323
-5.934122
-6.340042
-3.723550
-5.942159
-5.215474
-5.181326
-5.100950
-5.013561
-4.960613
-4.914137
-4.793073
-4.646951
-4.511020
-4.359784
-4.243113
-4.135057
-4.009748
-3.884796
-3.607847
-3.264565
-2.928068
-2.547278
-2.182025
-1.803344
-1.378198
-0.928633
-0.725214
-0.610166
-0.041583
0.652503
-0.309395
2.791272
2.132741
1.603101
1.969498
2.379497
2.307195
2.144987
2.271699
2.428143
1.329969
2.427102
1.694052
1.078164
3.700005
4.721360
-2.959172
4.113173
1.715589
1.280532
3.211936
6.067165
-2.548414
6.327041
4.101673
4.134830
6.456122
5.533505
6.260461
6.411456
6.618742
6.754748
7.049286
7.383837
7.638213
7.894013
8.156095
8.413028
8.670526
8.926516
9.374010
9.902342
10.420861
10.993365
10.266672
9.011432
10.336990
12.375415
12.032603
11.283919
11.840305
12.509650
12.424357
12.209095
12.153672
12.025448
11.931430
11.834776
11.547752
11.182112
11.787585
12.749266
8.488510
12.071941
10.784943
10.548480
10.316809
10.063745
9.947342
9.879570
9.783798
9.713373
9.481762
9.190481
8.932164
8.642843
8.938560
9.472170
8.727355
7.612003
7.573547
7.684297
7.354886
7.022141
6.990105
7.037849
7.205449
7.493275
6.402366
4.793841
10.020739
5.840332
7.036647
6.836152
6.805384
6.761608
6.768589
6.809043
6.441513
5.921449
7.848717
6.305849
6.911347
7.063963
6.032874
4.513386
5.385435
6.920864
6.236240
5.171099
5.580945
6.204999
5.550470
4.608473
4.968133
5.611545
4.954137
4.014036
3.936566
3.955926
1.031746
2.603631
1.327116
0.633841
0.315973
0.129538
-0.113025
-0.278126
-0.599981
-0.958179
-1.229879
-1.498403
-1.788437
-2.076975
-2.360612
-2.643739
-2.892579
-3.126072
-3.360478
-3.584450
-3.814927
-4.043379
-4.260756
-4.473162
-4.670555
-4.858057
-5.040972
-5.215710
-5.421464
-5.636096
-5.560862
-5.369734
-6.712244
-5.494804
-5.694347
-5.459582
-7.570172
-5.659751
-6.283395
-6.349326
-6.382773
-6.409377
-6.429720
-6.440752
-6.635299
-6.902904
-5.998230
-4.648423
-10.108417
-5.237239
-6.685738
-6.703003
-6.817960
-6.972977
-6.378824
-5.495018
-8.989159
-5.857363
-6.775502
-6.775453
-6.778114
-6.780499
-6.345321
-5.724118
-8.333570
-9.601554
-2.914134
-9.925320
-8.076716
-8.035251
-8.090941
-8.096661
-8.251979
-8.457821
-8.679463
-8.947344
-8.595556
-8.003441
-10.788066
-8.584467
-8.786166
-8.031327
-11.398325
-8.484341
-9.401387
-9.441632
-9.477974
-9.507439
-9.530892
-9.548152
-9.558522
-9.562421
-9.762235
-10.041648
-10.305862
-10.621655
-10.350415
-9.851957
-9.432081
-8.877004
-8.886064
-9.080126
-9.292916
-9.660104
-8.385592
-6.486878
-12.917356
-6.862199
-8.504163
-8.452269
-8.247547
-7.999077
-8.674475
-9.706294
-5.215929
-9.087201
-7.874249
-7.831609
-7.786707
-7.750902
-7.105288
-6.204225
-6.647993
-7.479705
-3.137083
-11.538096
-7.712461
-4.108350
-4.694784
-5.873420
-5.385414
-4.909506
-5.053622
-5.290746
-5.500414
-5.807639
-5.301352
-4.491728
-3.817948
-2.973680
-3.010968
-3.357847
-3.491312
-3.772396
-3.201386
-2.314390
-3.692015
-5.794926
4.122002
-4.620655
-1.910393
-1.798304
-1.600320
-1.370584
-1.176175
-0.972823
-0.800850
-0.641779
-0.711070
-0.886899
0.798977
3.202898
-5.354677
2.325762
0.825802
-0.034013
1.716551
3.905699
-3.790320
3.450405
1.552719
1.719488
1.898862
2.083370
2.266573
2.452961
2.635929
2.818797
3.005100
3.192454
3.352678
3.502215
3.654038
3.798953
3.952473
4.106658
4.253340
4.398053
4.730658
5.141493
5.394917
5.637918
6.690917
6.422879
7.129738
7.718127
6.323077
5.458443
6.207528
7.681781
-1.734998
9.181789
7.751333
9.442493
9.315379
8.569982
8.329615
7.821866
8.039715
8.494481
8.645190
8.854380
8.996168
9.104486
8.986597
8.749637
10.830126
10.113994
8.241479
4.811786
18.466939
6.831092
10.663774
11.035677
10.078054
8.570908
10.469216
13.418237
7.881070
12.048941
10.851923
11.021472
11.072952
11.146499
11.217866
11.286143
11.166619
10.965509
10.984301
11.038543
10.504170
12.635889
11.069141
12.746485
11.141362
5.996201
8.710533
12.762569
11.615375
9.715025
9.848162
9.943059
9.857933
9.893613
9.913631
9.964533
9.974463
9.979775
10.018699
10.065423
10.099184
10.134643
10.179002
10.226571
9.985440
9.623915
9.484496
9.352595
9.087403
8.792539
17.149961
11.559567
0.247492
13.634685
9.791586
9.585586
10.072766
10.734781
11.390052
12.197784
11.784179
10.921629
11.153549
9.812530
10.058844
10.359358
10.565939
10.926033
9.751259
7.985395
13.547407
8.348398
9.054033
8.005264
11.769795
7.977383
9.127917
8.115467
7.738831
7.142535
8.243050
10.029944
8.697617
6.539392
6.914243
7.649590
7.395988
7.158751
7.024653
6.837391
6.654763
6.460114
6.285252
6.113667
5.928822
5.741966
5.595412
5.463659
5.327981
5.201838
5.060030
4.915608
4.781700
4.649383
4.501666
4.349256
4.199239
4.046411
3.901984
3.760067
3.608585
3.455099
3.322661
3.197226
3.020773
3.366667
1.668867
-0.659143
7.511377
-0.183360
1.772058
1.641939
1.443693
1.260998
1.069751
0.874938
0.681516
0.486109
0.357904
0.257511
0.152178
0.064890
-0.050267
-0.169348
-0.249131
-0.316982
-0.517560
-0.764860
-1.208386
-1.771354
-0.646502
1.119762
-6.841456
-0.148856
-1.841839
-1.265927
-0.722110
-0.016660
-0.403371
-1.182448
-1.747373
-2.520693
-2.759991
-2.847044
-2.878828
-2.759205
-1.732055
-0.241950
-8.400005
-1.581869
-3.588705
-3.354136
-3.183008
-2.922994
-3.167147
-3.590887
-3.901380
-4.301229
-4.353298
-4.287269
-4.327834
-4.321586
-4.449609
-4.624114
-4.745218
-4.879599
-4.978209
-5.062166
-5.160986
-5.255475
-5.355030
-5.456284
-5.552955
-5.649009
-5.747717
-5.846778
-5.945050
-6.043433
-6.139210
-6.233847
-6.328704
-6.422845
-6.475051
-6.509102
-6.544221
-6.566846
-7.149051
-7.963613
-8.066481
-8.034663
-9.139163
-2.698732
-6.920426
-9.549445
-9.092849
-7.705989
-8.056332
-8.383180
-8.396748
-8.449958
-8.506161
-8.549041
-8.604102
-8.658418
-8.698442
-8.733325
-8.788104
-8.847425
-8.900454
-8.955041
-9.305589
-9.782130
-7.879424
-5.054737
-16.497680
-6.879981
-9.997989
-10.176500
-11.418568
-10.821038
-11.406045
-11.744776
-11.982847
-12.187896
-11.567296
-10.569251
-10.592871
-10.786905
-10.539607
-10.292566
-9.830375
-9.230025
-10.242704
-11.854198
-10.358382
-7.991829
-17.685493
-10.070054
-11.508658
-9.965507
-10.953623
-12.580224
-12.145524
-11.400982
-11.603072
-11.844487
-11.821294
-11.804178
-11.846701
-11.889427
-11.904698
-11.914698
-11.926567
-11.933854
-11.949152
-11.965910
-11.977594
-11.988652
-11.994018
-11.996133
-11.997803
-11.997159
-11.955259
-11.894673
-11.833466
-11.758869
-12.045341
-12.479106
-12.883438
-13.382504
-11.722104
-9.184135
-10.783778
-13.504057
-12.811037
-11.628942
-11.786945
-11.924537
-11.867076
-11.858958
-11.848771
-11.840171
-11.827002
-11.812412
-11.799647
-11.786509
-11.929026
-12.137792
-11.285399
-10.029012
-14.802109
-10.066623
-11.703402
-12.234170
-9.462409
-5.441895
-26.098866
-5.751327
-10.873517
-10.230831
-10.863887
-12.035244
-11.699357
-11.109484
-11.151970
-11.184900
-11.118680
-11.072754
-11.026237
-10.978479
-10.898067
-10.803115
-10.708283
-10.603230
-10.504752
-10.404293
-10.195864
-9.941261
-10.281215
-10.841081
-8.619849
-13.667963
-5.154541
-11.910317
-9.899587
-9.878060
-9.741048
-9.558784
-7.721217
-5.145889
-13.558982
-7.522874
-9.471538
-9.210169
-9.145400
-8.974137
-8.628964
-8.180706
-7.888609
-7.596238
-8.300107
-9.444281
-4.162012
-8.866052
-7.495026
-7.538302
-7.518876
-7.492247
-7.510793
-7.538546
-7.858905
-8.312865
-5.984712
-2.566369
-15.623741
-3.844511
-7.254457
-7.233198
-7.044532
-6.785100
-6.537068
-6.242997
-6.046911
-5.872148
-5.204765
-4.348140
-6.315043
-4.419103
-4.905894
-4.895331
-4.800217
-4.688366
-4.629124
-4.575469
-4.277671
-3.884178
-3.507416
-3.067076
-2.707066
-2.353215
-1.930220
-1.489197
-1.567438
-1.850854
-1.916063
-2.039558
-3.558990
-5.676597
0.049321
-6.385908
-3.621572
-1.811175
-0.986854
-0.054998
-5.117809
-5.091178
-3.055413
1.585441
-0.299255
-3.527029
-2.264158
-0.410901
-0.865821
-1.550691
-0.877090
-1.153976
-0.960413
-0.868238
-0.774777
-0.678463
-0.601322
-0.530866
-0.456621
-0.385928
-0.303957
-0.218452
-0.137079
-0.054613
-0.123397
-0.256464
0.736035
2.161320
-3.022242
1.789903
0.485885
0.563773
0.640652
0.717045
0.793587
0.869857
0.950063
1.031834
1.113154
1.195433
1.276546
1.357565
1.439622
1.521954
1.559228
1.577569
1.598145
1.606028
1.625409
1.643972
1.648917
1.648902
1.974279
2.434343
2.875134
3.405296
3.445330
3.316656
2.108647
0.310424
6.095297
1.393807
3.063243
3.332410
3.371301
3.330639
3.375371
3.394773
4.222012
5.390155
7.692918
10.723752
4.140922
7.275058
5.813929
5.933042
6.015916
6.337304
6.782530
7.388383
7.085405
6.484107
6.631136
6.860544
6.686052
6.457546
6.337678
6.195954
5.971701
5.713594
5.486193
5.247254
5.831987
6.765034
7.650868
8.767056
8.333408
7.343258
6.658010
5.677602
5.866297
6.446412
6.673002
7.056388
7.366363
7.681145
7.397768
6.854357
7.030938
7.328680
7.321444
7.317458
7.328037
7.314041
7.522760
7.816270
7.035266
8.344271
8.424817
8.848283
9.211697
9.580176
10.021569
10.490003
10.458069
10.233623
10.059321
9.763157
9.635769
9.528397
9.288000
9.018252
8.963908
8.973378
8.942121
8.946248
8.830406
8.675785
8.562642
8.436272
8.501357
8.646099
8.808759
9.036644
8.983114
9.283847
9.421849
9.626823
9.636972
9.578375
10.235180
11.143540
8.042934
11.112188
10.400869
10.547697
10.606337
10.629269
10.664120
10.677972
10.715243
10.753901
10.769905
10.779400
10.828718
10.889531
10.941709
10.999817
11.114517
11.255162
11.399436
11.563404
11.227938
10.689577
11.077780
11.712269
11.587068
11.352147
11.412292
11.466128
11.475118
11.493313
11.442321
11.361455
11.787982
12.409078
10.004687
12.169632
11.573960
11.624539
11.670392
11.724756
11.636974
11.492196
11.612190
11.803084
11.769475
11.701601
11.890650
12.149189
11.062158
9.462360
15.740212
10.331585
11.430108
11.990382
11.894272
11.955679
12.006747
12.057726
12.119220
12.184052
12.262326
12.348997
12.438627
12.534875
12.421587
12.222556
12.039434
11.800712
12.754236
14.190688
13.144035
11.393380
11.722809
12.344468
12.130025
11.917026
11.854063
11.767081
11.760737
11.616039
11.528449
11.408863
11.294155
11.172575
11.157801
11.185770
11.406529
11.740659
10.828250
11.742601
11.575263
11.671719
11.664158
11.621416
11.912196
12.317387
10.882908
12.298223
11.967528
12.034559
12.000251
11.924319
11.860889
11.772542
11.691896
11.604175
11.599936
11.418269
11.389170
11.350683
11.300564
11.257252
11.185078
11.102580
11.028281
10.949577
11.061254
11.252741
9.854892
7.838345
15.141504
8.304410
10.260567
10.021107
9.927858
9.799037
9.665707
9.529270
9.386420
9.238908
9.088422
8.933806
9.112356
9.430417
9.729815
10.121927
10.428461
10.740052
11.151160
11.597920
11.427393
11.021457
10.679833
10.189893
9.348007
8.293676
6.858880
5.125377
7.845551
9.570811
8.632062
6.565152
7.245794
8.284751
8.316115
8.377598
8.320672
8.120785
7.949174
7.710064
7.627900
7.583880
7.463443
7.344985
7.377696
7.467565
7.552356
7.677779
7.706053
7.711493
7.763141
7.813465
8.068924
8.415939
8.314100
8.085900
8.267497
8.516718
8.613899
8.721470
8.634486
8.453489
8.290428
8.070342
8.179424
8.403744
6.496048
3.770042
13.452517
4.810388
7.399784
7.494936
7.565073
7.645029
7.778221
7.936019
7.467151
6.748806
6.083373
5.257189
7.658246
11.362759
8.927520
4.832381
5.811856
7.522578
7.247433
7.007328
7.056852
7.035751
7.022653
7.010532
6.891182
6.727512
6.569542
6.381872
6.223540
6.064377
5.873251
5.671243
5.509403
5.356169
5.189684
5.025848
4.832391
4.626170
4.423861
4.214099
4.191816
4.246225
4.284866
4.372590
4.359449
4.324721
4.723739
5.286517
3.526211
5.129757
4.683210
4.694711
4.758265
4.841533
5.187642
5.660338
3.821100
1.085292
10.807221
1.671411
4.094763
3.918660
3.921427
4.006156
2.522503
0.428857
8.885240
1.444671
3.494500
3.259920
4.144256
3.517300
2.766074
1.929542
0.860664
-0.360211
0.131998
1.257288
2.087851
3.271077
2.967627
2.165654
1.790504
1.205929
1.224851
1.447617
1.406590
1.412748
1.303054
1.138244
-0.845004
-1.560276
2.054896
-0.885833
0.359855
0.773217
0.590166
0.206602
-0.005667
-0.302169
-0.451035
-0.558415
-0.757995
-0.961731
-0.436144
0.388057
0.717676
1.054013
-0.221880
-7.349286
-3.662361
1.713215
0.740378
-0.997243
-0.060946
0.982479
0.530649
-0.224067
-0.977910
-2.031650
-0.705174
1.493634
-5.412208
1.172019
-0.783464
-1.015029
-1.110144
-1.243613
-1.329448
-1.398538
-1.219424
-0.921810
-2.207837
-1.316821
-1.120703
-0.721534
-1.721910
-3.296219
-2.380300
-0.821945
-1.226292
-1.901021
-1.806307
-1.718730
-1.764478
-1.788824
-1.808696
-1.830753
-1.861765
-1.897139
-1.874591
-1.830391
-2.134066
-2.569482
-0.313455
-2.110351
-2.148834
-3.053376
-3.444141
-3.835944
1.658990
-3.853916
-2.470095
-2.686814
-1.397018
0.514052
-11.246909
-2.418286
-2.443495
1.964846
-0.877494
-5.664886
-4.531609
-2.558351
-2.911447
-3.233839
-3.203168
-3.254219
-3.310475
-3.369856
-3.399834
-3.419317
-3.589006
-3.534646
-3.647341
-3.742031
-3.835486
-3.937666
-4.037844
-4.141127
-4.253520
-4.371033
-4.451465
-4.519483
-4.594472
-4.662683
-4.868298
-5.129941
-4.983989
-4.705412
-5.134557
-5.759527
-5.154378
-4.192524
-5.035766
-6.349657
-2.186970
-5.909498
-4.059881
-2.954537
-5.848553
-3.230446
-4.843233
-3.603172
-3.786565
-3.686758
-3.693053
-3.762512
-3.821505
-3.916880
-4.293765
-4.806371
-5.438579
-6.215087
-4.208961
-1.099117
-6.053891
-5.593207
-5.995090
-5.080193
-5.380553
-5.672277
-5.826289
-6.046341
-6.273048
-6.518953
-6.756716
-7.000715
-7.264990
-7.539953
-7.813168
-8.092796
-8.398324
-8.717693
-8.941470
-9.133802
-10.059347
-10.026099
-9.632405
-8.713677
-10.818741
-8.273482
-8.520990
-8.097797
-8.305909
-8.764065
-5.272539
-8.791850
-8.072449
-8.416629
-8.235969
-7.881565
-7.675582
-7.395757
-8.425207
-9.992863
-6.547636
-1.360291
-9.226120
-8.787871
-10.265306
-10.048650
-9.346125
-7.845840
-8.488719
-9.618219
-9.215665
-8.616202
-8.603562
-8.586111
-9.668448
-11.278627
-11.268152
-10.931903
-10.253447
-9.105111
-7.621419
-5.738605
-7.125570
-9.681273
-9.373570
-8.741417
-9.361556
-10.059294
-10.344423
-10.622956
-10.672521
-10.577878
-10.483001
-10.296201
-10.308653
-10.362785
-10.313169
-10.260039
-10.330320
-10.440480
-10.540857
-10.668828
-11.579629
-12.835417
-12.457521
-11.629057
-11.922070
-12.308136
-12.166450
-11.962566
-11.830544
-11.644069
-12.096401
-12.802634
-9.604661
-12.867106
-12.207318
-12.492654
-11.518013
-10.034831
-11.524919
-13.908397
-9.494008
-11.453447
-13.448570
-11.036285
-11.755743
-11.746157
-11.751695
-11.753646
-11.873371
-12.043131
-11.918835
-11.705336
-11.754951
-11.843581
-11.826190
-11.809832
-11.813330
-11.814534
-11.815109
-11.816443
-11.795783
-11.766053
-11.738054
-11.704211
-11.809999
-11.972646
-12.123237
-12.310129
-11.669429
-10.692326
-11.304190
-12.346878
-12.069349
-11.600215
-11.646608
-11.682771
-11.641914
-11.618081
-11.591075
-11.562541
-11.536808
-11.511214
-11.483892
-11.456196
-11.425428
-11.392993
-11.360291
-11.326369
-11.306389
-11.291740
-11.275225
-11.261891
-11.585017
-12.052599
-12.508953
-13.063849
-11.352660
-8.722247
-10.100685
-12.514162
-11.689177
-10.395763
-10.345278
-10.261226
-10.947683
-12.077872
-13.149969
-14.486876
-13.889646
-12.587388
-12.315276
-11.946297
-7.884594
-9.832742
-10.975992
-14.202037
-11.017190
-12.269174
-11.669227
-11.681599
-11.727214
-11.877814
-11.644555
-11.300684
-11.600753
-12.082335
-12.426615
-12.865720
-11.161436
-8.575044
-10.404899
-12.789497
-12.150109
-10.951617
-11.071256
-11.169543
-11.157242
-11.227455
-11.290811
-11.378205
-11.441430
-11.504911
-11.594263
-11.692185
-11.622614
-11.488529
-11.370742
-11.211923
-11.109587
-11.013782
-10.873195
-10.722595
-10.716696
-10.762933
-10.792210
-10.854024
-10.857821
-10.850383
-10.878994
-10.911535
-10.888788
-10.848175
-10.814301
-10.769067
-10.751811
-10.741848
-10.718975
-10.696988
-10.828480
-11.024325
-11.214368
-11.448352
-11.699298
-11.977439
-12.300288
-12.656700
-12.543594
-12.251171
-12.002625
-11.639002
-11.522397
-11.461617
-10.762331
-10.822014
-10.739688
-10.884989
-10.989742
-11.168873
-11.294730
-11.428479
-11.599447
-11.784308
-11.454751
-10.916761
-8.561735
-8.844181
-11.148628
-15.356980
-14.545237
-12.703762
-0.681264
-15.627744
-9.852901
-11.502590
-10.214947
-8.962543
-13.652629
-9.373374
-10.567513
-10.516659
-10.465548
-10.410481
-10.425208
-10.467752
-10.587712
-10.761037
-9.891361
-8.611095
-12.068530
-10.026491
-9.754742
-8.160792
-17.094531
-7.678604
-10.463921
-10.956708
-10.950509
-10.949665
-11.047334
-11.136591
-11.223179
-11.315121
-11.230853
-11.073836
-10.929936
-10.738868
-10.594766
-10.449933
-10.254351
-10.041807
-9.904889
-9.786828
-9.802497
-9.891912
-8.741112
-7.111323
-12.492876
-7.279263
-8.779230
-8.913197
-9.026443
-9.201645
-9.086714
-8.875172
-10.466605
-12.749203
-4.713795
-12.085235
-10.040131
-10.115601
-10.257557
-10.424419
-10.675010
-10.979938
-10.315417
-9.272726
-12.779964
-9.389095
-10.242134
-10.150190
-10.003975
-9.841221
-9.776075
-9.738963
-9.745832
-9.794887
-9.283214
-8.557379
-10.818853
-8.581815
-9.196722
-9.233384
-9.257684
-9.307740
-9.330317
-9.351961
-9.401356
-9.459211
-9.696400
-10.016798
-10.338443
-10.718602
-11.065806
-11.426541
-12.155377
-13.043690
-11.037371
-8.407429
-17.425322
-8.457039
-10.630214
-10.348870
-9.899486
-9.408144
-9.179911
-9.026173
-8.816322
-8.645364
-8.282809
-7.851013
-8.086714
-8.553697
-5.399752
-7.802138
-7.399320
-8.023247
-7.501432
-6.676211
-8.425039
-7.711906
-7.989753
-7.808116
-7.840750
-7.854170
-7.702729
-7.494826
-7.129535
-6.653358
-8.493777
-12.895750
-0.947346
-8.537413
-5.838083
-6.185299
-5.708262
-5.218620
-5.174200
-5.226035
-5.239075
-5.327860
-5.895663
-6.698674
-6.397755
-5.788061
-5.850791
-5.938044
-5.667897
-5.328373
-5.184377
-5.053222
-4.462976
-3.704111
-6.283081
-10.154662
2.991648
-9.665624
-6.466438
-6.810260
-7.251801
-7.716191
-7.946174
-8.097472
-6.906244
-7.728480
-7.499901
-7.625580
-7.632436
-7.643472
-7.790688
-7.985224
-8.177272
-8.404857
-8.597642
-8.792010
-9.024645
-9.270619
-8.944145
-8.384399
-7.863446
-7.189071
-8.011875
-9.403937
-8.002464
-5.837649
-6.039924
-6.595872
-6.113461
-5.605617
-5.942697
-6.517421
-1.756336
-5.499261
-4.516974
-4.944209
-3.470757
-5.046887
-4.692422
-4.744307
-4.894088
-5.071514
-5.070641
-5.017224
-4.890829
-4.689881
-5.277354
-4.928428
-5.142919
-5.241819
-5.196765
-5.095952
-5.022202
-4.918594
-4.857492
-4.803349
-4.716681
-4.623936
-4.597214
-4.592292
-4.577974
-4.576865
-4.544219
-4.503349
-4.477438
-4.450698
-4.426040
-4.403463
-4.380058
-4.357496
-4.338160
-4.320505
-4.303577
-4.288088
-4.284358
-4.286384
-4.267530
-4.243734
-4.358251
-4.527092
-3.713703
-4.388493
-4.521177
-5.016568
-5.172667
-5.296965
-5.012213
-4.502582
-3.974972
-3.291015
-3.328635
-3.598114
-3.674494
-3.853771
-3.740662
-3.530914
-3.438754
-3.320381
-3.263143
-3.232085
-3.172191
-3.118768
-3.061313
-3.002122
-2.949574
-2.898614
-2.826415
-2.746626
-2.669448
-2.587575
-2.514349
-2.442878
-2.366196
-2.289034
-2.255401
-2.239513
-2.221210
-2.214805
-2.195821
-2.176804
-2.170626
-2.168564
-2.150511
-2.128942
-2.112426
-2.094717
-2.088631
-2.087467
-2.000484
-1.880522
-2.370713
-3.095981
-0.001886
-2.636113
-1.940448
-2.107861
-1.236410
-1.919090
-1.695905
-1.705558
-1.758708
-1.843557
-1.543498
-1.099123
-2.834870
-1.295784
-1.680066
-1.578956
-1.484104
-1.368118
-1.278083
-1.189848
-1.078667
-0.961314
-0.876060
-0.799144
-0.714272
-0.633320
-0.531857
-0.422661
-0.318345
-0.210310
-0.226346
-0.293947
-0.538059
-0.894579
0.290637
2.060491
-5.480133
-0.701115
2.223629
2.065939
-6.491154
0.880386
1.675153
-0.992277
-0.072775
0.054114
0.233795
0.444327
0.661712
0.902060
1.543893
2.368042
2.442027
2.324768
2.356223
2.281901
1.997236
1.589250
1.435531
1.309938
0.975717
0.592831
1.273833
2.362621
-3.845865
-7.024339
14.120993
-0.254190
3.184820
0.133966
0.845946
2.004098
2.782725
4.007392
3.014851
3.267008
2.021096
0.486263
4.629119
0.359195
1.096358
0.622888
3.281714
7.236203
4.712730
0.371744
1.328568
3.001936
2.513970
2.003127
2.222676
2.513423
2.731819
3.030136
2.987906
2.830566
2.770064
2.660764
2.687434
2.759346
2.775650
2.803892
2.912232
3.054360
3.204949
3.383455
2.714382
1.698645
0.661361
-0.637292
3.764779
10.467729
3.601215
0.071515
0.843563
3.572806
3.181347
2.834716
3.007110
3.090904
3.173924
3.270056
2.975987
2.521951
2.074639
1.513909
3.463420
6.428595
3.848544
1.670191
2.195222
3.471594
3.060445
2.569608
4.108522
6.295055
-2.143198
5.482076
3.211945
3.133878
3.573422
4.212620
1.742808
3.841751
3.130926
3.036322
2.944203
2.844386
2.724420
2.592537
2.815581
3.181927
3.520474
3.951928
3.645102
3.064732
3.832316
4.967088
4.124740
2.755937
1.857925
0.704175
2.227071
4.818883
6.652672
9.397767
9.444150
7.039189
6.117505
4.392452
4.682818
5.611334
1.583893
4.197066
3.005361
2.781789
5.039643
3.771707
4.158367
3.859577
5.421772
4.467862
5.131917
5.502390
5.765418
6.016477
6.514061
7.099555
2.213957
5.439894
4.453044
4.895508
5.102465
5.432920
5.421435
5.297391
5.314060
5.301647
5.354447
5.436268
5.445137
5.443471
6.003491
6.789844
5.673971
7.425961
5.890086
4.097727
3.465224
6.202150
5.503230
4.969783
6.661772
6.387081
6.557440
6.231205
6.255583
6.243562
5.568007
6.396258
6.248174
6.319106
6.340059
6.338996
6.363596
6.383506
6.455564
6.550332
6.638200
6.739296
6.553999
6.252312
6.551100
7.020521
7.077556
7.102665
6.619773
5.862099
8.922982
5.527884
6.911239
7.706798
3.880778
8.295862
7.910982
8.856245
6.252651
4.558075
4.929269
8.706738
7.788682
6.687663
6.325787
5.695469
8.648899
5.750590
6.582921
6.639907
5.698818
4.364750
8.951547
4.545263
5.804021
5.885917
5.950795
6.056806
6.106782
6.150388
6.238856
6.337493
6.391653
6.436404
6.493956
6.547837
6.632624
6.730195
6.631206
6.457843
7.598708
7.104011
7.335817
7.249464
7.540564
7.920104
8.196530
8.510492
8.069198
7.313215
7.788478
8.560193
8.372554
8.046010
8.077492
8.094633
8.113424
8.164108
8.202723
8.251322
8.161718
8.016711
8.681184
9.649493
5.350043
7.897031
10.541248
15.877368
-4.898796
13.801106
8.346417
8.348012
8.215937
8.026159
8.789834
9.918005
5.515676
9.632407
8.549938
8.661748
8.121635
7.313245
6.554772
5.622788
8.521143
12.973273
10.659925
6.601598
4.546901
8.134514
8.644738
10.701766
4.218028
9.084683
7.185093
6.821054
7.987703
9.808760
8.457335
6.224776
6.628320
7.404676
7.130039
6.862047
7.443070
8.277171
9.073193
10.061510
9.589287
8.581688
7.835816
6.795769
6.990616
7.600768
7.855233
8.283735
8.319336
8.231652
8.153517
7.980068
7.935355
7.901764
8.475313
7.959124
8.117397
8.116275
8.118671
8.119288
8.289176
8.530628
8.762968
9.042890
7.986571
6.383018
5.366956
4.202934
8.977008
16.270598
10.818809
1.753357
6.490360
9.809971
8.766122
6.662959
7.278758
8.093014
8.128839
8.214353
8.376937
8.513172
8.751184
9.028316
7.962612
6.354645
7.127352
3.409468
6.665756
6.836753
6.571421
5.413114
15.024017
4.943187
7.173645
6.555058
7.511867
11.257944
8.745912
7.752179
7.960753
8.729733
8.441704
8.093845
8.022439
7.928700
7.752709
7.560526
7.622832
7.777125
7.903032
8.086914
8.147992
8.180978
8.439892
8.768771
8.043306
8.722315
8.534302
8.523885
8.624695
8.764247
8.420748
7.901646
10.185152
8.430421
8.372020
7.439796
11.215052
7.862061
8.938518
9.057773
8.646547
8.030077
10.578199
8.339424
9.026152
9.049567
9.042638
9.021741
9.268804
9.620124
8.436202
9.370129
9.802304
10.850872
7.062016
10.600739
9.531073
9.422118
9.209792
8.915704
9.515690
10.446843
6.292963
9.759235
9.164758
9.874895
11.120073
12.774279
9.570356
10.957512
9.113140
7.530777
9.636511
11.221352
5.200503
11.484038
9.699794
9.443367
9.361457
9.215466
9.458656
9.855891
8.391142
9.668770
9.264817
9.233305
9.205391
9.175478
9.187555
9.216943
9.256716
9.313465
8.949658
8.415960
9.025142
8.781662
9.507244
10.366608
6.811399
10.241891
8.968161
8.498933
8.073332
7.545168
9.379450
12.175503
10.405821
7.394287
8.162477
9.473518
9.299783
9.148899
9.209543
9.213677
9.220547
9.224499
9.233222
9.242896
9.334330
9.461504
8.854713
7.961028
11.366123
9.137882
7.819195
9.804340
9.281570
9.336221
9.362454
9.381621
9.450967
9.535343
9.301809
8.945363
10.531650
9.803989
8.646461
10.072204
9.713038
9.759435
9.804670
9.850460
9.898571
9.947808
9.992101
10.035064
10.079423
10.123229
10.169993
10.217903
10.265125
10.312905
10.351665
10.386777
10.422849
10.456665
10.494893
10.534042
11.374286
12.556293
8.265902
10.867124
10.330650
11.109128
10.780386
10.264481
10.139303
9.975428
10.372601
11.031737
10.873775
10.550309
9.791618
8.683662
9.378742
10.631253
10.352579
9.874531
10.334228
10.398576
10.414811
10.324605
11.565267
13.317236
7.338874
12.553614
11.444641
11.016898
11.176564
11.235789
11.038561
10.747345
12.411618
14.836747
8.203591
16.820179
10.730121
12.291214
13.902122
10.604944
10.535640
9.545068
8.379481
7.049505
7.474820
8.551439
10.089926
10.953265
10.667750
9.625925
9.090722
8.295016
8.252671
8.462450
8.374109
8.356841
8.165863
7.902709
7.718248
7.515054
7.330963
7.154556
6.733870
6.214867
7.688114
9.937119
2.019579
9.524075
7.652276
7.941332
7.436059
6.612558
10.021658
-0.451897
17.757007
-1.728417
7.184260
13.553354
10.665797
5.654662
7.146652
9.430386
9.161906
8.867099
8.886239
8.756373
8.565437
8.311933
8.680270
9.277411
9.236214
9.096473
9.116143
9.089868
10.237384
11.879694
5.777879
11.119278
9.416398
9.258620
9.151510
9.044100
8.886296
8.712275
8.684756
8.706637
8.705013
8.732050
8.393649
7.910697
7.472984
6.948086
8.217566
10.214483
8.699705
6.221602
7.296663
9.060307
9.645642
10.428531
9.904693
8.792652
7.932091
6.764525
7.428184
8.753788
9.662729
10.898485
10.913429
10.517950
9.537509
9.855675
9.792532
10.113747
9.990428
9.817698
10.982151
12.645345
7.263773
18.044236
2.423485
14.137820
10.347002
9.972761
11.589825
14.013407
12.181861
9.128575
9.656915
10.686132
10.262397
9.834410
9.706327
9.550007
9.214311
8.820816
9.519236
10.636184
4.962263
9.552897
8.143330
8.271721
8.371233
8.543807
8.633910
8.720102
8.885252
9.073432
9.124881
9.137304
9.180090
9.203030
9.304609
9.433564
9.538824
9.655159
9.568108
9.397199
9.447455
9.530982
8.471374
9.210592
8.801515
8.625751
8.539904
8.480059
8.400140
8.333386
8.215926
8.080934
7.961597
7.835336
7.800642
7.803322
7.672426
7.511905
8.269283
9.389199
4.994623
8.981291
7.879933
7.957271
8.139372
8.379636
8.090654
8.714095
8.817599
9.071404
8.840834
8.419540
7.475222
6.167693
10.649446
10.961502
9.880712
6.866319
7.635799
8.961706
8.820900
8.717432
8.799000
8.821486
8.862992
8.904497
8.916505
8.917977
8.920871
8.916310
8.924636
8.935103
8.937308
8.938364
8.946206
8.955522
8.963291
8.971812
8.975115
8.976387
8.978650
8.979829
9.055392
9.162202
9.264691
9.387862
9.049473
8.523926
8.039654
7.436364
9.523958
12.705112
10.701972
7.290321
8.104375
9.507446
9.229076
8.958735
9.267954
9.649491
10.000989
10.434964
8.524447
5.651823
5.942026
6.878891
14.398500
5.201361
7.234713
6.909960
8.231837
10.338501
1.043703
8.868947
6.735552
7.180170
5.045096
6.961040
6.013245
6.350868
6.099838
5.897462
6.389879
7.138396
-0.130023
4.634019
5.718230
10.026346
6.695173
1.234614
4.892711
4.797664
5.244704
5.129196
5.023714
4.716283
4.475194
4.168758
5.707674
8.008185
7.458396
6.248110
4.971486
3.055301
4.505374
8.070292
7.527118
6.583458
5.403824
6.946057
6.588477
6.673048
6.742276
6.811003
6.928087
7.063887
7.196963
7.342769
7.471751
7.599250
7.740633
7.885447
7.868866
7.786689
7.715133
7.600268
7.485551
7.351725
7.173145
6.966584
7.150205
7.481996
7.013253
6.314635
7.048829
8.200189
7.241573
5.732376
5.717541
5.857119
7.281508
9.483178
1.175478
8.560335
6.395010
6.407020
6.289244
6.125310
5.700863
6.605457
6.360632
6.221953
6.434061
6.723458
5.471171
3.636267
8.966296
1.978382
7.446987
4.788065
5.952199
6.253379
7.388013
8.877708
1.873384
7.895208
6.154419
6.315459
6.389821
6.496546
6.463145
6.568670
6.733800
6.974556
6.245222
5.144868
9.761714
5.738257
7.013553
7.099883
7.185804
7.275467
7.281471
7.253588
7.904374
9.022212
5.083832
7.960803
6.474977
5.791158
5.962927
6.412603
0.776579
4.079984
4.031672
6.101937
5.111207
3.455914
4.023609
4.901630
4.971544
5.078424
4.826981
4.354826
6.303701
9.141346
-2.547479
8.142654
5.080823
5.116448
5.257209
5.438026
5.625159
5.844885
6.035018
6.228502
6.457050
6.698954
6.671171
6.538609
6.421806
6.234050
6.000422
5.715695
6.529293
8.632516
0.898103
7.708036
5.674028
5.650920
5.555621
5.435461
5.205062
4.908463
5.770445
7.082705
2.433267
6.808473
5.374025
5.065372
5.299210
5.676258
5.784125
5.902011
4.806846
5.818414
5.535337
5.560185
5.502608
5.417168
5.853495
6.490048
3.902136
6.188065
5.493665
5.473654
5.446479
5.416698
5.435708
5.473500
5.506433
5.551266
5.178630
4.633426
4.806843
5.160958
2.882918
1.802731
20.252573
5.037555
-0.017593
-1.644378
1.276730
8.815354
6.779576
3.315321
3.661901
3.946749
3.887106
4.055483
4.068362
4.085452
3.693655
3.113386
-1.073744
4.740585
4.070336
4.945805
3.927651
2.141461
3.275295
5.091165
0.934519
4.544437
3.110396
2.537255
3.107463
4.033490
0.161486
7.022267
3.886969
1.019833
2.507149
4.914459
4.989273
4.963828
-1.328248
3.974261
7.037600
3.141483
4.243436
3.973655
3.767947
3.475930
4.157518
5.219711
4.825230
4.092390
3.186980
1.895335
7.054481
2.431887
2.948677
6.114481
4.665180
3.037733
3.483243
4.238620
4.200679
4.189896
3.817895
3.220917
2.661323
1.973959
4.407258
8.112475
5.810686
1.879416
2.888105
4.599060
4.362495
4.149447
4.221759
4.220288
4.355883
4.545439
3.775100
2.636130
7.834269
3.464945
3.778468
2.272123
3.065478
4.480400
3.938084
3.097758
3.237514
3.447389
2.073862
2.776574
4.500330
7.463826
-4.402783
3.884416
3.626089
7.605656
1.695511
-7.341627
3.044967
6.381883
-0.226739
3.787794
3.068633
4.260323
0.925299
-3.941626
-1.043992
3.960238
2.769430
0.752014
1.244093
1.760607
1.836605
2.002344
2.232313
2.485019
2.635128
2.759039
2.911420
3.052775
3.410553
3.858267
4.285461
4.768986
3.945801
2.590839
3.188581
4.229629
3.003235
2.949297
2.521287
2.243442
2.294514
2.516298
2.685718
2.947685
3.047053
3.115059
3.285460
3.467516
3.398980
3.240122
3.104948
2.910989
2.819646
2.746926
2.609118
2.463209
2.407138
2.378605
2.337295
2.312965
2.239598
2.151970
2.083933
2.012356
1.956688
1.908204
2.681945
3.810592
0.024616
3.630702
2.752928
2.910896
3.011948
3.099352
3.204281
3.304245
3.432553
3.572450
3.706124
3.845583
3.874206
3.857721
3.851953
3.817871
3.372957
2.741102
3.156517
3.886437
2.350250
0.108118
7.639534
0.774825
2.745093
2.763318
2.069514
2.464120
2.166882
2.009914
2.251574
2.655323
0.641857
2.260453
1.659213
1.559514
1.415718
1.253131
1.091277
0.916259
0.863710
0.857181
0.831750
0.832810
0.403334
-0.198922
0.416854
1.424344
1.589182
0.904618
1.112837
1.213663
1.939953
2.976587
2.546217
1.703301
2.154550
2.807798
2.966535
3.146556
3.385329
3.606711
3.843663
4.085312
3.647835
2.925241
2.236915
1.357647
4.795727
9.984977
7.081198
2.011641
3.093440
4.920745
5.755398
4.134243
5.724144
7.424405
6.873232
5.755813
4.077741
1.657359
3.102056
5.784111
5.173270
4.150424
4.581145
5.088601
3.248307
0.598928
1.895247
4.242700
3.469357
2.278506
2.341670
2.412304
2.318723
2.291557
2.289171
2.311063
1.897540
1.312751
-0.957146
-4.070415
6.507318
3.024256
1.585204
-4.123472
1.188243
0.701438
0.737191
-0.555029
0.128805
1.086471
6.589364
-1.732063
-0.783963
1.561544
1.085409
1.045062
1.238574
1.437028
5.680019
-0.037193
1.680759
2.323142
2.266811
2.196459
2.273666
2.333102
2.366109
2.395167
2.664364
3.031091
3.383167
3.800140
2.821241
1.277263
-0.344528
-2.412040
5.052385
16.355512
2.986793
-0.572944
-0.481563
3.147492
3.025052
3.350778
1.585660
2.791583
2.298367
2.253044
2.147263
2.045725
1.948953
1.849796
1.617495
1.327930
1.041674
0.715892
1.139330
1.863389
3.062851
4.684806
-7.208647
4.163209
0.757642
0.535618
0.430922
0.303227
0.164825
0.023513
0.093413
0.250684
0.397570
0.603344
1.422603
2.529394
0.241289
-3.446691
11.917297
-4.829068
-0.314221
0.217275
2.348873
5.545997
-2.993538
1.116820
-0.175323
0.918905
0.893843
0.938743
1.054240
1.114040
1.234324
1.361720
1.253553
1.054891
0.924419
0.755611
0.423045
0.010058
1.866435
0.350428
0.418406
-0.179677
3.015129
7.679400
-1.525265
3.755442
0.586503
-0.858272
-0.205244
1.253630
1.137815
0.951739
0.823701
0.520690
1.763678
3.588636
-4.226817
2.538648
0.312246
0.071823
-0.133667
-0.345780
-0.594362
-0.857867
-1.124911
-1.404315
-2.177926
-3.167988
-0.504650
3.559437
-14.014500
1.090389
-3.184079
-2.681914
-2.291174
-1.761521
-1.384371
-1.018812
-3.203617
-0.723096
-2.561140
-0.929048
-1.045214
-0.736399
-0.509685
-0.303876
-0.043827
0.220811
0.024690
-0.359589
-0.718821
-1.204357
-1.557481
-1.910800
-2.400375
-2.933998
-2.636974
-2.021582
-1.488682
-0.753735
-0.353982
-0.010904
0.562630
1.172170
1.380675
1.459816
1.928684
1.819705
-0.116908
-3.060692
-1.608479
1.048717
0.713363
0.134847
0.635851
1.165358
1.580761
2.075280
-7.982738
5.808155
1.353510
-0.806046
-0.052403
1.084298
-5.209250
2.178928
0.029414
-0.553707
5.400250
-0.595021
0.803119
0.439776
0.522316
0.752007
0.797506
0.880803
