0.100375
0.205816
0.306239
0.433017
0.536209
0.641185
0.774419
0.918015
1.024629
1.123355
1.234627
1.343624
1.479862
1.627952
1.772614
1.924256
1.514993
0.869973
0.256335
-0.513822
-1.142420
-1.780808
-2.587075
-3.454372
-3.099133
-2.270084
-1.558258
-0.544821
0.064088
0.629797
1.524233
2.495462
2.333708
1.760666
1.318581
0.619512
0.366591
0.196945
-0.256918
-0.745449
-0.549691
-0.109112
0.263818
0.795149
1.042206
1.235371
1.604228
1.992484
0.998009
-0.557118
-2.031150
-3.879821
-2.989411
-1.100504
0.283134
2.209730
1.809352
0.619787
0.088591
-0.778697
-0.723136
-0.362689
-0.384710
-0.328877
-0.162005
0.048098
0.330966
0.676812
0.327114
-0.281319
-1.067761
-2.124843
2.683640
9.842230
-2.687444
1.489617
0.319013
2.617212
2.529724
2.486399
1.984429
1.055383
0.172869
-0.938545
-1.842179
-2.759740
-3.922841
-5.174942
-4.609109
-3.337455
-2.238267
-0.689206
0.261199
1.149431
2.527800
4.022193
3.685214
2.675263
1.868274
0.638358
0.109544
-0.297650
-1.171261
-2.112099
-2.288043
-2.219419
-2.257071
-2.144343
-2.421016
-2.804161
-3.015691
-3.245327
-2.651306
-1.697134
-0.795854
0.338909
1.016266
1.602810
4.684263
8.736301
-2.233474
6.073419
2.348570
0.946901
0.157223
-0.557416
-1.750315
-3.046744
-3.159533
-2.867844
-2.738162
-2.362534
-2.515589
-2.795499
-2.799307
-2.801061
-2.232702
-1.391561
-0.570683
0.429772
1.377160
2.383975
3.578808
4.875872
4.533949
3.562457
2.768951
1.582603
0.946618
0.379565
-0.616461
-1.704435
-2.020952
-2.097729
-2.306357
-2.377053
-2.850710
-3.445151
-3.880483
-4.347384
-4.257724
-3.929195
-3.656078
-3.235667
-2.931954
-2.614739
-2.140458
-1.605377
0.070864
2.277789
4.499699
7.097508
6.759857
5.350913
4.457773
2.971250
3.150499
3.815080
3.797686
3.893936
3.183413
2.110651
1.184894
0.066508
-0.413065
-0.695526
-1.203766
-1.648061
-2.384200
-3.238460
-4.015737
-4.846515
-4.729616
-4.226403
-3.818820
-3.170546
-2.779221
-2.394562
-1.750429
-1.026222
-0.762665
-0.630113
-0.392748
-0.220955
0.216142
0.746495
1.198364
1.688634
2.148184
2.604346
3.100960
3.609945
4.138846
4.686301
5.246026
5.821776
5.444033
4.669390
3.952544
2.973333
2.244132
1.504481
0.482917
-0.637022
-1.208724
-1.623103
-2.165197
-2.629857
-3.405049
-4.289610
-5.081639
-5.918430
-6.110058
-6.038348
-6.040057
-5.881284
-5.893186
-5.910281
-5.754475
-5.545607
-5.251883
-4.878879
-4.453231
-3.959046
-3.383371
-2.735331
-2.019439
-1.232135
-0.431061
0.416522
1.337973
2.314107
3.374558
4.504332
5.687664
6.935200
6.900049
6.354875
5.931893
5.186077
4.827888
4.496287
3.814756
3.037837
2.835287
2.795374
2.629173
2.546270
2.128797
1.594629
1.160110
0.677879
0.347850
0.070775
-0.261460
-0.576234
-0.942764
-1.328975
-1.695317
-2.067908
-2.597151
-3.193874
-3.790153
-4.434454
-5.040653
-5.653097
-6.316890
-7.001424
-6.804825
-6.248463
-5.751971
-5.019061
-4.534834
-4.051972
-3.314131
-2.494770
-2.029156
-1.648860
-1.166898
-0.719116
-0.031950
0.751820
1.490695
2.281086
2.637821
2.829424
3.092695
3.263158
3.573722
3.907997
4.140728
4.356199
4.828051
5.390151
5.922523
6.511685
6.991811
7.449006
7.969455
8.494526
8.294348
7.794442
7.331094
6.666049
6.200307
5.728722
5.040044
4.277358
3.781078
3.340483
2.810067
2.295737
1.581699
0.780712
0.004274
-0.823611
-1.286974
-1.616743
-2.015290
-2.341898
-2.797914
-3.282563
-3.687711
-4.086153
-4.710167
-5.418600
-6.109734
-6.856952
-7.519182
-8.169701
-8.881803
-9.605622
-9.471806
-8.985080
-8.547950
-7.875730
-7.441090
-7.002625
-6.310953
-5.534907
-5.086935
-4.712207
-4.233980
-3.780777
-3.092265
-2.304396
-1.551755
-0.742627
-0.358716
-0.132993
0.169257
0.384915
0.746221
1.137025
1.432519
1.716704
2.259865
2.897828
3.512160
4.188287
4.762228
5.319145
5.944247
6.579563
6.669154
6.538548
6.442587
6.200393
6.120716
6.045330
5.811838
5.530291
5.455322
5.428992
5.342754
5.275692
5.065638
4.797385
4.554671
4.280411
3.996706
3.696904
3.365055
3.011027
2.637306
2.241419
1.823167
1.382926
0.889797
0.361492
-0.187473
-0.767312
-1.361761
-1.979081
-2.627897
-3.302378
-3.677527
-3.940672
-4.243543
-4.479135
-4.820965
-5.180679
-5.466482
-5.740467
-6.161305
-6.631264
-7.082070
-7.563295
-7.975497
-8.370558
-8.799931
-9.228562
-9.238469
-9.073496
-8.926081
-8.659847
-8.504808
-8.343260
-8.054061
-7.719270
-7.533318
-7.375814
-7.163685
-6.957403
-6.633634
-6.256831
-5.890713
-5.491849
-5.112628
-4.727550
-4.307812
-3.872662
-3.405158
-2.912995
-2.405997
-1.877705
-1.287021
-0.658239
-0.009988
0.671008
1.361383
2.073155
2.818573
3.589327
3.981622
4.228319
4.517828
4.717250
5.042439
5.383458
5.626139
5.847713
6.244950
6.696627
7.118100
7.570833
7.931451
8.264325
8.633291
8.994858
8.994987
8.841679
8.696583
8.444807
8.284605
8.114245
7.829569
7.501189
7.288965
7.093579
6.847035
6.598914
6.247027
5.844833
5.445074
5.011788
4.757120
4.562999
4.326490
4.119233
3.837847
3.534138
3.263568
2.988789
2.592317
2.145601
1.700039
1.218535
0.772577
0.325021
-0.161261
-0.661007
-1.000272
-1.281663
-1.584217
-1.851663
-2.182373
-2.525789
-2.830303
-3.130918
-3.504810
-3.903934
-4.295553
-4.703563
-5.078401
-5.446012
-5.831959
-6.218809
-6.438408
-6.589206
-6.748296
-6.860963
-7.020569
-7.179271
-7.287960
-7.379914
-7.532189
-7.696991
-7.841473
-7.989567
-8.092205
-8.175043
-8.263418
-8.340056
-8.318422
-8.250058
-8.173827
-8.061945
-7.964521
-7.855710
-7.709308
-7.543106
-7.393854
-7.238556
-7.061731
-6.874708
-6.653608
-6.410949
-6.159032
-5.889465
-5.658678
-5.435141
-5.191587
-4.947019
-4.673647
-4.385423
-4.097234
-3.799049
-3.460029
-3.098953
-2.729292
-2.341318
-1.953852
-1.557112
-1.141325
-0.713141
-0.330324
0.041014
0.427293
0.809747
1.220610
1.643352
2.061028
2.485122
2.941873
3.414992
3.893306
4.384960
4.873205
5.366802
5.874395
6.390090
6.610524
6.710604
6.831912
6.874589
7.000714
7.127745
7.169950
7.185323
7.321815
7.488286
7.621085
7.766430
7.831576
7.864911
7.914423
7.947421
8.009708
8.078431
8.128924
8.177778
8.208866
8.229697
8.249452
8.262061
8.233437
8.183806
8.128548
8.056684
7.987772
7.911738
7.818343
7.714536
7.599272
7.472415
7.335136
7.186778
7.026165
6.854043
6.670896
6.476368
6.273405
6.060352
5.835793
5.600717
5.353652
5.095339
4.826564
4.546797
4.330954
4.136052
3.926932
3.728345
3.500757
3.264260
3.039804
2.813224
2.547291
2.264893
1.982089
1.687231
1.403550
1.118932
0.821350
0.518997
0.173688
-0.193508
-0.563893
-0.950441
-1.334971
-1.726554
-2.134980
-2.553664
-2.960858
-3.369754
-3.789898
-4.214409
-4.656437
-5.109157
-5.565731
-6.030810
-6.226276
-6.311415
-6.417013
-6.451067
-6.559671
-6.668635
-6.700487
-6.707591
-6.829103
-6.979532
-7.098798
-7.230469
-7.287854
-7.316145
-7.360233
-7.389543
-7.543983
-7.746414
-7.928276
-8.137126
-8.306488
-8.469516
-8.662020
-8.859917
-8.983326
-9.080689
-9.187080
-9.277219
-9.132231
-8.880538
-10.663432
-13.237137
-3.590170
-12.126469
-9.502687
-9.357202
-9.241588
-9.118311
-8.947567
-8.756198
-8.623742
-8.501662
-8.355315
-8.209742
-8.016161
-7.799946
-7.586410
-7.358324
-7.180478
-7.017474
-6.837264
-6.662007
-6.461683
-6.251193
-6.046774
-5.837521
-5.585367
-5.313337
-5.038200
-4.747884
-4.465253
-4.178450
-3.875578
-3.564728
-3.339816
-3.146031
-2.940153
-2.752816
-2.532286
-2.305039
-2.098320
-1.893674
-1.647489
-1.386773
-1.130158
-0.864079
-0.616214
-0.372099
-0.117436
0.138031
0.448201
0.783141
1.116637
1.466919
1.807871
2.152566
2.515027
2.885814
3.234864
3.580447
3.935727
4.291207
4.665150
5.048070
5.430478
5.818830
6.018761
6.141252
6.278016
6.364610
6.502337
6.639822
6.723283
6.789058
6.935517
7.102298
7.246864
7.400043
7.500723
7.580748
7.671777
7.752251
7.917735
8.115610
8.298980
8.500359
8.674508
8.843973
9.033138
9.225609
9.366584
9.489284
9.617781
9.734728
9.873212
10.016063
10.146074
10.274949
10.302522
10.285099
10.270766
10.225934
10.200728
10.169908
10.106695
10.029148
9.990890
9.959201
9.910722
9.862337
9.781167
9.684314
9.588838
9.483128
9.410663
9.347693
9.272706
9.200576
9.111168
9.014475
8.921389
8.824594
8.698527
8.558649
8.416222
8.263140
8.114754
7.963102
7.800197
7.631471
7.534511
7.464166
7.384612
7.321212
7.231537
7.137276
7.060797
6.986952
6.879276
6.760323
6.645697
6.524045
6.418439
6.316826
6.207283
6.097936
5.945118
5.773055
5.603006
5.420193
5.245715
5.069015
4.878759
4.682576
4.504901
4.330889
4.149837
3.969464
3.774938
3.573963
3.374246
3.170544
2.929898
2.671799
2.411177
2.137391
1.869193
1.596937
1.310793
1.017429
0.731310
0.443419
0.147632
-0.151577
-0.463525
-0.783333
-1.106197
-1.435394
-1.750351
-2.062541
-2.381924
-2.701564
-3.031537
-3.366789
-3.701918
-4.040563
-4.394041
-4.755467
-5.119890
-5.490884
-5.861552
-6.235477
-6.616241
-7.001407
-7.183365
-7.281646
-7.393299
-7.449912
-7.562010
-7.673340
-7.725408
-7.757777
-7.872255
-8.006164
-8.115668
-8.232589
-8.293189
-8.330717
-8.378156
-8.413036
-8.543868
-8.710691
-8.860456
-9.029989
-9.167424
-9.298659
-9.451605
-9.607485
-9.704780
-9.780822
-9.862600
-9.930654
-10.022224
-10.117976
-10.198554
-10.277126
-10.313279
-10.328837
-10.344025
-10.344914
-10.349625
-10.349224
-10.333851
-10.310117
-10.302611
-10.296506
-10.280927
-10.263692
-10.230139
-10.187864
-10.144503
-10.094864
-10.050671
-10.005739
-9.954064
-9.899752
-9.837884
-9.770852
-9.701360
-9.627602
-9.541963
-9.449011
-9.352134
-9.248902
-9.143794
-9.034495
-8.918667
-8.797898
-8.743633
-8.714659
-8.677651
-8.656118
-8.611839
-8.564283
-8.533663
-8.506305
-8.447435
-8.378479
-8.314393
-8.244315
-8.190057
-8.140237
-8.083571
-8.027749
-7.934910
-7.825991
-7.719486
-7.602553
-7.493326
-7.382745
-7.261058
-7.134825
-7.025459
-6.919964
-6.808949
-6.699185
-6.577706
-6.451243
-6.326537
-6.199003
-6.034476
-5.853068
-5.670342
-5.475227
-5.286951
-5.095641
-4.891201
-4.680477
-4.478759
-4.276538
-4.067319
-3.855840
-3.632304
-3.401838
-3.169497
-2.931834
-2.709588
-2.491209
-2.266642
-2.042886
-1.809818
-1.572513
-1.336400
-1.097822
-0.845319
-0.585862
-0.324464
-0.057507
0.208033
0.475780
0.749359
1.026302
1.171766
1.263479
1.364392
1.430109
1.532636
1.635306
1.700029
1.752570
1.858747
1.978021
2.082070
2.191457
2.264932
2.324014
2.390051
2.448499
2.570447
2.716594
2.852204
3.001393
3.130141
3.255438
3.395591
3.538284
3.643276
3.734991
3.831079
3.918813
4.022558
4.129665
4.227469
4.324585
4.486091
4.673687
4.857720
5.059283
5.241777
5.423996
5.625153
5.832221
6.016031
6.194720
6.380681
6.564873
6.765977
6.974218
7.179957
7.389767
7.564225
7.725283
7.892060
8.051246
8.222082
8.394924
8.559452
8.722617
8.906211
9.096979
9.285388
9.478318
9.662503
9.844837
10.032209
10.219931
10.288098
10.306093
10.329644
10.319389
10.339976
10.358433
10.053106
9.612279
11.425002
14.098822
3.766567
13.075886
10.335362
10.294762
10.257730
10.211485
10.220959
10.250201
10.267533
10.294960
10.301283
10.302096
10.314175
10.326231
10.301686
10.262748
10.225454
10.178240
10.143278
10.109054
10.064045
10.016091
10.020269
10.044107
10.062562
10.093460
10.105692
10.115243
10.138436
10.164200
10.168043
10.165207
10.166088
10.163098
10.171959
10.184442
10.192438
10.201477
10.177816
10.140256
10.105149
10.061110
10.024629
9.987439
9.940696
9.890356
9.855038
9.823417
9.787348
9.752709
9.708162
9.659598
9.612906
9.564079
9.501115
9.431332
9.359963
9.283228
9.208477
9.131889
9.049646
8.964346
8.880524
8.795299
8.706801
8.616409
8.521078
8.422411
8.321971
8.218690
8.121506
8.025398
7.926071
7.826525
7.722293
7.615624
7.508903
7.400523
7.285689
7.167326
7.047522
6.924768
6.802002
6.677696
6.550324
6.420925
6.291060
6.159721
6.026279
5.891203
5.753408
5.613468
5.471936
5.328434
5.182553
5.034568
4.884634
4.732631
4.578872
4.423190
4.265428
4.105693
3.942469
3.776615
3.608854
3.438679
3.266868
3.093027
2.916744
2.738297
2.558474
2.376793
2.192913
2.007080
1.818808
1.628350
1.435959
1.241463
1.112517
1.010270
0.903002
0.813051
0.704639
0.595956
0.505955
0.421820
0.310038
0.191219
0.079813
-0.034663
-0.131280
-0.220951
-0.314513
-0.404584
-0.525859
-0.659188
-0.787589
-0.922846
-1.048423
-1.172574
-1.304199
-1.437312
-1.552173
-1.660756
-1.771725
-1.878835
-1.994023
-2.111094
-2.223840
-2.336483
-2.483249
-2.644027
-2.803194
-2.971854
-3.130838
-3.289984
-3.459362
-3.632145
-3.792885
-3.951181
-4.113601
-4.275355
-4.446319
-4.621327
-4.795281
-4.971657
-5.129935
-5.281536
-5.436415
-5.587644
-5.745224
-5.904142
-6.059033
-6.213511
-6.378938
-6.548403
-6.716937
-6.888125
-7.055056
-7.221319
-7.390508
-7.560178
-7.658595
-7.727230
-7.799459
-7.851715
-7.922586
-7.992398
-8.040761
-8.081473
-8.149152
-8.222447
-8.286489
-8.352082
-8.397468
-8.434002
-8.472939
-8.506611
-8.573614
-8.652586
-8.724689
-8.803009
-8.869015
-8.931969
-9.001832
-9.071902
-9.120410
-9.160571
-9.201930
-9.237603
-9.280784
-9.324621
-9.362260
-9.398363
-9.466286
-9.546372
-9.623448
-9.708313
-9.782147
-9.854619
-9.935605
-10.018408
-10.088165
-10.154123
-10.222592
-10.288967
-10.362783
-10.439050
-10.512849
-10.587534
-10.642729
-10.689785
-10.738579
-10.782235
-10.830707
-10.879005
-10.921791
-10.962658
-11.012858
-11.065546
-11.115804
-11.167181
-11.212828
-11.256305
-11.301169
-11.344999
-11.363700
-11.371372
-11.379068
-11.378945
-11.384361
-11.388473
-11.384252
-11.376460
-11.376167
-11.376508
-11.372764
-11.368373
-11.356292
-11.340202
-11.323742
-11.304432
-11.296338
-11.291641
-11.283508
-11.276692
-11.264362
-11.249940
-11.237091
-11.223348
-11.200887
-11.174464
-11.147503
-11.117534
-11.089312
-11.060366
-11.028226
-10.994573
-10.968822
-10.945386
-10.920018
-10.895750
-10.867178
-10.837086
-10.808302
-10.778906
-10.744831
-10.708617
-10.671982
-10.633670
-10.596313
-10.558530
-10.518967
-10.478549
-10.431272
-10.380487
-10.329098
-10.275082
-10.221388
-10.166535
-10.108944
-10.049679
-9.992033
-9.934001
-9.874144
-9.813503
-9.662764
-9.473129
-9.286551
-9.073505
-9.565765
-10.346051
-11.068554
-11.976127
-8.812106
-3.996242
-6.996926
-12.118315
-10.787747
-8.533368
-8.814579
-9.058572
-8.920370
-8.870596
-8.818925
-8.767415
-8.707033
-8.642749
-8.579000
-8.512711
-8.448152
-8.383196
-8.315541
-8.246733
-8.181961
-8.118081
-8.052813
-7.987799
-7.919909
-7.850767
-7.782002
-7.712506
-7.632178
-7.546938
-7.461411
-7.372314
-7.285269
-7.197395
-7.105733
-7.012288
-6.921669
-6.831014
-6.738362
-6.645143
-6.548419
-6.449726
-6.350582
-6.249952
-6.153797
-6.058802
-5.962072
-5.865622
-5.492043
-5.000494
-6.618571
-9.049662
0.926411
-7.847462
-5.148108
-5.039613
-4.931578
-4.822957
-4.712704
-4.601530
-4.510659
-4.427823
-4.343146
-4.263600
-4.177772
-4.091482
-4.010759
-3.931524
-3.843530
-3.753096
-3.664623
-3.574913
-3.490406
-3.407741
-3.323588
-3.240214
-3.146211
-3.047892
-2.950828
-2.851150
-2.754336
-2.657648
-2.558140
-2.457796
-2.363051
-2.269997
-2.175813
-2.082533
-1.986258
-1.889012
-1.792823
-1.696311
-1.589596
-1.478500
-1.367519
-1.253453
-1.141877
-1.029926
-0.914677
-0.798111
-0.684634
-0.571505
-0.456855
-0.342048
-0.224259
-0.104966
0.014372
0.134751
0.250134
0.363885
0.478928
0.593227
0.709729
0.826957
0.943329
1.059912
1.180035
1.301673
1.423368
1.546172
1.668057
1.790077
1.913284
2.036963
2.137576
2.228721
2.077881
1.817198
3.433706
5.771856
-2.897773
5.062446
2.856083
2.951229
3.043640
3.136871
3.223771
3.308070
3.393471
3.477451
3.572616
3.671992
3.769424
3.869186
3.965231
4.060581
4.158488
4.256763
4.348292
4.437393
4.527187
4.615424
4.706415
4.797922
4.887704
4.977284
5.077703
5.182457
5.286521
5.393472
5.497085
5.600557
5.707156
5.814664
5.918158
6.020702
6.124386
6.227685
6.333757
6.440949
6.547632
6.654917
6.756073
6.854849
6.954509
7.052781
7.152952
7.253373
7.352283
7.450868
7.552846
7.655954
7.758569
7.861862
7.963571
8.064872
8.166941
8.268977
8.344165
8.407995
8.472955
8.530230
8.594217
8.657579
8.712705
8.764745
8.826679
8.890504
8.950642
9.011145
9.063862
9.113045
9.162913
9.210592
9.270433
9.334494
9.395770
9.459128
9.517683
9.574876
9.634407
9.693786
9.744913
9.792704
9.840712
9.886376
9.934604
9.982847
10.028554
10.073461
10.130163
10.191241
10.250961
10.313403
10.371467
10.428799
10.489128
10.549924
10.605568
10.659556
10.714274
10.767982
10.824284
10.881293
10.937149
10.993122
11.041533
11.086660
11.132223
11.175632
11.220637
11.265356
11.307781
11.349265
11.394047
11.439549
11.483917
11.528488
11.570682
11.611840
11.653301
11.694156
11.724350
11.749755
11.774993
11.796788
11.820688
11.843851
11.863358
11.881187
11.901989
11.922883
11.941883
11.960435
11.975584
11.988874
12.001832
12.013417
12.029431
12.046651
12.062257
12.078209
12.091696
12.104126
12.117008
12.129326
12.137848
12.144538
12.150811
12.155647
11.912449
11.562997
13.121881
15.416701
6.484023
14.531446
12.189671
12.195549
12.199419
12.202470
12.205912
12.208924
12.209752
12.209491
12.208882
12.207383
12.206127
12.204521
12.201980
12.198903
12.192735
12.184900
12.176637
12.167083
12.157493
12.147237
12.135643
12.123165
12.111204
12.098908
12.085663
12.071911
12.056797
12.040766
12.024262
12.006983
11.995901
11.987041
11.977108
11.968416
11.957349
11.945740
11.935509
11.925359
11.911737
11.896822
11.882150
11.866609
11.852402
11.838381
11.823404
11.808248
11.789535
11.769123
11.748672
11.727032
11.705799
11.684177
11.661306
11.637765
11.615496
11.593322
11.570390
11.547314
11.522922
11.497823
11.472625
11.446915
11.416848
11.384676
11.352161
11.318051
11.284487
11.250371
11.214579
11.177873
11.225881
11.309330
11.388166
11.490618
10.930333
10.098632
9.319916
8.366378
11.320405
15.860778
12.895048
7.892645
9.079170
11.149838
10.785711
10.455249
10.494218
10.448337
10.402026
10.354889
10.307691
10.260035
10.211522
10.162424
10.121257
10.083100
10.043987
10.006719
9.966718
9.926317
9.887935
9.849936
9.808202
9.765272
9.722915
9.679846
9.638651
9.597981
9.556497
9.515111
9.469255
9.421456
9.373945
9.325173
9.277333
9.229327
9.179979
9.130081
9.082210
9.034803
8.986728
8.938801
8.889460
8.839515
8.789779
8.739699
8.685293
8.628907
8.572354
8.514344
8.457122
8.399536
8.340405
8.280531
8.221688
8.162771
8.103027
8.043006
7.981569
7.919312
7.856823
7.793700
7.732374
7.671491
7.609873
7.548341
7.485707
7.422566
7.359556
7.296247
7.231297
7.165523
7.099512
7.032840
6.966323
6.899539
6.832061
6.764179
6.691005
6.615316
6.539432
6.461726
6.384714
6.307122
6.227613
6.147091
6.068072
5.989016
5.908830
5.828305
5.745883
5.662375
5.578589
5.493975
5.410849
5.327939
5.244105
5.160138
5.074946
4.989072
4.903105
4.816650
4.728367
4.639069
4.549343
4.458765
4.368141
4.277054
4.185084
4.092516
4.002132
3.912304
3.821755
3.731392
3.639670
3.547381
3.455336
3.362986
3.269054
3.174332
3.079364
2.983753
2.888312
2.792615
2.696245
2.599485
2.500710
2.400822
2.300615
2.199536
2.098378
1.996743
1.894208
1.791058
1.688199
1.585079
1.481304
1.377158
1.272092
1.166392
1.060343
0.953750
0.886250
0.835093
0.781685
0.739117
0.686452
0.634333
0.593852
0.557510
0.505639
0.450333
0.400072
0.348705
0.308507
0.273078
0.236062
0.201787
0.149992
0.091859
0.037307
-0.020546
-0.072050
-0.122020
-0.175652
-0.229452
-0.271886
-0.309949
-0.348706
-0.384505
-0.424323
-0.464538
-0.501525
-0.537750
-0.593369
-0.656541
-0.718062
-0.784475
-0.844493
-0.903909
-0.968649
-1.034696
-1.092945
-1.149051
-1.206889
-1.263633
-1.423065
-1.625861
-1.823111
-2.049197
-1.491701
-0.613719
0.200673
1.221165
-2.323658
-7.721162
-4.349608
1.401546
-0.083074
-2.602832
-2.277636
-1.993192
-2.139071
-2.185899
-2.233748
-2.281182
-2.348008
-2.422998
-2.496730
-2.575806
-2.650097
-2.724723
-2.805077
-2.887519
-2.961751
-3.034074
-3.108958
-3.183169
-3.263061
-3.345327
-3.426671
-3.509336
-3.584120
-3.656073
-3.729726
-3.801941
-3.877033
-3.952854
-4.027077
-4.101266
-4.180756
-4.262317
-4.343602
-4.426301
-4.507200
-4.587967
-4.670274
-4.752983
-4.824524
-4.891665
-4.959716
-5.024910
-5.093655
-5.162668
-5.228578
-5.293669
-5.363265
-5.434066
-5.503801
-5.574123
-5.641646
-5.708141
-5.775357
-5.842101
-5.915110
-5.990641
-6.065419
-6.141722
-6.216279
-6.290728
-6.366824
-6.443386
-6.516665
-6.588939
-6.661850
-6.734214
-6.808308
-6.882950
-6.956956
-7.031131
-7.083125
-7.125693
-7.169387
-7.206794
-7.249548
-7.291750
-7.327222
-7.360139
-7.401834
-7.445353
-7.485795
-7.526712
-7.561066
-7.592524
-7.624732
-7.655208
-7.694897
-7.737774
-7.778466
-7.820698
-7.859291
-7.896826
-7.936095
-7.975220
-8.007920
-8.038003
-8.068228
-8.096607
-8.126932
-8.157234
-8.185542
-8.213198
-8.252343
-8.295861
-8.338191
-8.383282
-8.424371
-8.464925
-8.508499
-8.552684
-8.591944
-8.629715
-8.668354
-8.706143
-8.746612
-8.787915
-8.828230
-8.868799
-8.902449
-8.933169
-8.964443
-8.993847
-9.024870
-9.055764
-9.084657
-9.112809
-9.144202
-9.176415
-9.207707
-9.239333
-9.268873
-9.297585
-9.326727
-9.355442
-9.393491
-9.435356
-9.476381
-9.519826
-9.560736
-9.601612
-9.645095
-9.689403
-9.729411
-9.768252
-9.808153
-9.847503
-9.889458
-9.932376
-9.974620
-10.017303
-10.055994
-10.093122
-10.130871
-10.167730
-10.205767
-10.243955
-10.281174
-10.318177
-10.357544
-10.397714
-10.437549
-10.477869
-10.517119
-10.556106
-10.595637
-10.635163
-10.668819
-10.700032
-10.731497
-10.761303
-10.792692
-10.824005
-10.853533
-10.882435
-10.913417
-10.944802
-10.975434
-11.006154
-11.035242
-11.063596
-11.092106
-11.120166
-11.151174
-11.183241
-11.214716
-11.246748
-11.277689
-11.308364
-11.339658
-11.370975
-11.400423
-11.429152
-11.457991
-11.486341
-11.515354
-11.544430
-11.572973
-11.601390
-11.618489
-11.630656
-11.643175
-11.652336
-11.663961
-11.675098
-11.682654
-11.688719
-11.698968
-11.709920
-11.719119
-11.728345
-11.734073
-11.738139
-11.742369
-11.745521
-11.753072
-11.762007
-11.769636
-11.777825
-11.783980
-11.789394
-11.795464
-11.801251
-11.803610
-11.804446
-11.805142
-11.804702
-11.805024
-11.805124
-11.804013
-11.802364
-11.806260
-11.812135
-11.817204
-11.823445
-11.827469
-11.831014
-11.835860
-11.840802
-11.843064
-11.844368
-11.845896
-11.846787
-11.848809
-11.851038
-12.206273
-12.711928
-10.496088
-7.230127
-19.946126
-8.498581
-11.834583
-11.829905
-11.824014
-11.817540
-11.812478
-11.807616
-11.802080
-11.796501
-11.789665
-11.782203
-11.774744
-11.766861
-11.763433
-11.761703
-11.759340
-11.757976
-11.755132
-11.752060
-11.750080
-11.748301
-11.744159
-11.739222
-11.734603
-11.729497
-11.725482
-11.721737
-11.717443
-11.713157
-11.706663
-11.699176
-11.691788
-11.683743
-11.676075
-11.668271
-11.659771
-11.650951
-11.643102
-11.635442
-11.627404
-11.619395
-11.610641
-11.601542
-11.592505
-11.583253
-11.570853
-11.557019
-11.543100
-11.528139
-11.513758
-11.499127
-11.483392
-11.467131
-11.451700
-11.436259
-11.420229
-11.404031
-11.386805
-11.369001
-11.351063
-11.332688
-11.315575
-11.298781
-11.281479
-11.264244
-11.246252
-11.227914
-11.209675
-11.191235
-11.171649
-11.151491
-11.131176
-11.110406
-11.089755
-11.068924
-11.047615
-11.026030
-11.017971
-11.015486
-11.012129
-11.012447
-11.009081
-11.005778
-11.006429
-11.008403
-11.004946
-11.000216
-10.997120
-10.993548
-10.993730
-10.995458
-10.996545
-10.998481
-10.994026
-10.987181
-10.981486
-10.974484
-10.969637
-10.965217
-10.959359
-10.953318
-10.951196
-10.950503
-10.949440
-10.949304
-10.947611
-10.945652
-10.944717
-10.943927
-10.936569
-10.926593
-10.917059
-10.905790
-10.896561
-10.887433
-10.876425
-10.864882
-10.855815
-10.847352
-10.838212
-10.829329
-10.818774
-10.807556
-10.796671
-10.785440
-10.777924
-10.771861
-10.765282
-10.759559
-10.752709
-10.745727
-10.739674
-10.733836
-10.725966
-10.717430
-10.709211
-10.700600
-10.692963
-10.685590
-10.677772
-10.669991
-10.654802
-10.636432
-10.618416
-10.598276
-10.579833
-10.561155
-10.540207
-10.518362
-10.499471
-10.481177
-10.461810
-10.442578
-10.421101
-10.398620
-10.376367
-10.353503
-10.333526
-10.314515
-10.294748
-10.275418
-10.254882
-10.233957
-10.213531
-10.193007
-10.170361
-10.146820
-10.123272
-10.099078
-10.075456
-10.051775
-10.027399
-10.002760
-9.982143
-9.963041
-9.943487
-9.924877
-9.904835
-9.884578
-9.865356
-9.846322
-9.825508
-9.804135
-9.783041
-9.761615
-9.741110
-9.720871
-9.700250
-9.679690
-9.656688
-9.632635
-9.608745
-9.584175
-9.560138
-9.536027
-9.511189
-9.486063
-9.462040
-9.438275
-9.414159
-9.390132
-9.365346
-9.340242
-9.315260
-9.290099
-9.258481
-9.224044
-9.189702
-9.153397
-9.118527
-9.083357
-9.046093
-9.007949
-8.971928
-8.936174
-8.899403
-8.862549
-8.823721
-8.783906
-8.744084
-8.703586
-8.665851
-8.628974
-8.591280
-8.553932
-8.515277
-8.476141
-8.437414
-8.398498
-8.357459
-8.315471
-8.273381
-8.230580
-8.188237
-8.145746
-8.102496
-8.058903
-8.017791
-7.977493
-7.936726
-7.896404
-7.854928
-7.813120
-7.771819
-7.730455
-7.687777
-7.644563
-7.601347
-7.557738
-7.514543
-7.471339
-7.427712
-7.383945
-7.338299
-7.291742
-7.245119
-7.197841
-7.150759
-7.103447
-7.055449
-7.007073
-6.959276
-6.911475
-6.863252
-6.814908
-6.765861
-6.716412
-6.666867
-6.617017
-6.570671
-6.525662
-6.480187
-6.435511
-6.389671
-6.343660
-6.298523
-6.253556
-6.206802
-6.159460
-6.112377
-6.064939
-6.018357
-5.972000
-5.925240
-5.878506
-5.829981
-5.780662
-5.731443
-5.681706
-5.632305
-5.582815
-5.532774
-5.482493
-5.433018
-5.383717
-5.334127
-5.284581
-5.234446
-5.184052
-5.133725
-5.083244
-5.030461
-4.976634
-4.922747
-4.868100
-4.813886
-4.759493
-4.704296
-4.648718
-4.593744
-4.538762
-4.483355
-4.427827
-4.371552
-4.314858
-4.258068
-4.200962
-4.144797
-4.088874
-4.032583
-3.976348
-3.919558
-3.862518
-3.805559
-3.748457
-3.690515
-3.632156
-3.573688
-3.514890
-3.456186
-3.397355
-3.338178
-3.278803
-3.239755
-3.209226
-3.177614
-3.151686
-3.120539
-3.089720
-3.065001
-3.042479
-3.012057
-2.979950
-2.950506
-2.920569
-2.896454
-2.874867
-2.852539
-2.831698
-2.801679
-2.768372
-2.736994
-2.703924
-2.967250
-3.356102
-1.491796
1.241014
-9.270623
0.230065
-2.514232
-2.493141
-2.469987
-2.446673
-2.425101
-2.403978
-2.373146
-2.338578
-2.304905
-2.268835
-2.236067
-2.203674
-2.168664
-2.133066
-2.101450
-2.070974
-2.039698
-2.009038
-1.976069
-1.942322
-1.909306
-1.875991
-1.848497
-1.823416
-1.797781
-1.773658
-1.748063
-1.722492
-1.698545
-1.675144
-1.648903
-1.621883
-1.595563
-1.568875
-1.543880
-1.519506
-1.494684
-1.470141
-1.435114
-1.395709
-1.357042
-1.315528
-1.276685
-1.237721
-1.195700
-1.152606
-1.114015
-1.076513
-1.037680
-0.999269
-0.957833
-0.915167
-0.873056
-0.830286
-0.791892
-0.755110
-0.717460
-0.680659
-0.642343
-0.603689
-0.565972
-0.528336
-0.487863
-0.446319
-0.404988
-0.362946
-0.321950
-0.281088
-0.239446
-0.197645
-0.161915
-0.128612
-0.094876
-0.062737
-0.028742
0.005342
0.037696
0.069552
0.103773
0.138584
0.172763
0.207201
0.240075
0.272338
0.304931
0.337212
0.372815
0.409720
0.446162
0.483368
0.519576
0.555667
0.592590
0.629706
0.664995
0.699685
0.734661
0.769284
0.804783
0.840520
0.875857
0.911227
0.946503
0.981713
1.016959
1.052179
1.087332
1.122449
1.157543
1.192602
1.227842
1.263141
1.298396
1.333680
1.368880
1.404053
1.439259
1.474457
1.509414
1.544269
1.579126
1.613910
1.648756
1.683594
1.718355
1.753085
1.787886
1.822696
1.857470
1.892241
1.926943
1.961610
1.996276
2.030918
2.066086
2.101466
2.136798
2.172265
2.207582
2.242893
2.278349
2.313849
2.349113
2.384311
2.419566
2.454790
2.490155
2.525572
2.560951
2.596353
2.631511
2.666571
2.701666
2.736704
2.771811
2.806924
2.841976
2.877012
2.912185
2.947404
2.982599
3.017819
3.052973
3.088109
3.123273
3.158434
3.192777
3.226773
3.260802
3.294594
3.328591
3.362568
3.396292
3.429922
3.463847
3.497827
3.531694
3.565570
3.599208
3.632737
3.666285
3.699764
3.733617
3.767599
3.801494
3.835452
3.869261
3.903026
3.936863
3.970693
4.004269
4.037742
4.071220
4.104624
4.138107
4.171589
4.204991
4.238368
4.272093
4.305945
4.339755
4.373643
4.407399
4.441131
4.474950
4.508781
4.542457
4.576082
4.609727
4.643339
4.677026
4.710732
4.744402
4.778073
4.811517
4.844860
4.878214
4.911503
4.944836
4.978159
5.011412
5.044634
5.077952
5.111290
5.144592
5.177897
5.211130
5.244330
5.277536
5.310723
5.337567
5.361705
5.386094
5.408651
5.432730
5.456623
5.478555
5.499728
5.523257
5.547225
5.570290
5.593425
5.614682
5.635078
5.655621
5.675624
5.698358
5.722017
5.745001
5.768420
5.790712
5.812658
5.835097
5.857464
5.877902
5.897537
5.917185
5.936258
5.955880
5.975468
5.994437
6.013185
6.034861
6.057615
6.080008
6.103063
6.125012
6.146764
6.169245
6.191826
6.213090
6.233917
6.254911
6.275631
6.296986
6.318500
6.339706
6.360922
6.380253
6.398755
6.417347
6.435389
6.453805
6.472131
6.489872
6.507362
6.525650
6.544097
6.562246
6.580426
6.598001
6.615301
6.632658
6.649846
6.670143
6.691690
6.712928
6.734950
6.756077
6.777158
6.799085
6.821257
6.841974
6.862276
6.882899
6.903312
6.924562
6.946104
6.967393
6.988800
7.008794
7.028216
7.047818
7.067079
7.086718
7.106377
7.125668
7.144852
7.164815
7.185021
7.205079
7.225271
7.245062
7.264729
7.284550
7.304337
7.322188
7.339216
7.356293
7.372800
7.389789
7.406722
7.423045
7.439133
7.455859
7.472682
7.489230
7.505773
7.521756
7.537469
7.553200
7.568753
7.585235
7.602032
7.618604
7.635327
7.651661
7.667877
7.684264
7.700626
7.716348
7.731804
7.747265
7.762534
7.777988
7.793431
7.808668
7.823833
7.842029
7.861460
7.880682
7.900716
7.919884
7.939042
7.959074
7.979383
7.998479
8.017280
8.036427
8.055453
8.075298
8.095471
8.115487
8.135678
8.154354
8.172450
8.190790
8.208803
8.227299
8.245873
8.264089
8.282240
8.301277
8.320622
8.339860
8.359289
8.378335
8.397297
8.416473
8.435660
8.453445
8.470661
8.487951
8.504857
8.522178
8.539504
8.556416
8.573198
8.590477
8.607863
8.625089
8.642351
8.659244
8.675980
8.692767
8.709463
8.726935
8.744701
8.762339
8.780143
8.797688
8.815187
8.832867
8.850576
8.867834
8.884933
8.902082
8.919130
8.936369
8.953646
8.970811
8.987967
9.003263
9.017751
9.032309
9.046321
9.060742
9.075088
9.088851
9.102376
9.116612
9.130977
9.145059
9.159156
9.172680
9.185937
9.199233
9.212359
9.226197
9.240262
9.254122
9.268076
9.281710
9.295230
9.308860
9.322449
9.335490
9.348289
9.361071
9.373675
9.386407
9.399108
9.411619
9.424047
9.437440
9.451185
9.464801
9.478631
9.492091
9.505482
9.519107
9.532759
9.545961
9.559008
9.572105
9.585103
9.598308
9.611560
9.624701
9.637839
9.650360
9.662606
9.674875
9.686958
9.699155
9.711315
9.723279
9.735155
9.747283
9.759456
9.771525
9.783598
9.795467
9.807240
9.819025
9.830749
9.839112
9.846018
9.853005
9.858988
9.865732
9.872337
9.877871
9.882964
9.889223
9.895658
9.901578
9.907485
9.912372
9.916765
9.921184
9.925274
9.930784
9.936746
9.942308
9.948061
9.953169
9.958050
9.963153
9.968177
9.972133
9.975620
9.979073
9.982178
9.985534
9.988830
9.991756
9.994523
9.998709
10.003384
10.007830
10.012559
10.016682
10.020656
10.024946
10.029237
10.032822
10.036141
10.039493
10.042660
10.046094
10.049558
10.052820
10.056037
10.058253
10.060001
10.061744
10.063161
10.064718
10.066180
10.067299
10.068241
10.069536
10.070864
10.071991
10.073085
10.073823
10.074375
10.074905
10.075302
10.077394
10.080142
10.082678
10.085610
10.087999
10.090321
10.093074
10.095922
10.097921
10.099648
10.101512
10.103219
10.105351
10.107604
10.109676
10.111773
10.113032
10.113927
10.114881
10.115603
10.116496
10.117359
10.117973
10.118486
10.119395
10.120400
10.121280
10.122194
10.122841
10.123376
10.123957
10.124477
10.123889
10.122804
10.121705
10.120250
10.119019
10.117716
10.116035
10.114183
10.112640
10.111108
10.109383
10.107614
10.105495
10.103185
10.100843
10.098361
10.096352
10.094475
10.092432
10.090430
10.088173
10.085808
10.083497
10.081130
10.078368
10.075418
10.072428
10.069292
10.066215
10.063092
10.059813
10.056452
10.054427
10.052914
10.051258
10.049923
10.048141
10.046303
10.044816
10.043405
10.041394
10.039201
10.037115
10.034926
10.033059
10.031292
10.029405
10.027549
10.024942
10.022019
10.019157
10.016094
10.013205
10.010302
10.007183
10.003984
10.001143
9.998394
9.995545
9.992735
9.989697
9.986571
9.983493
9.980370
9.976572
9.972470
9.968351
9.964011
9.959807
9.955556
9.951070
9.946476
9.942053
9.937629
9.933083
9.928503
9.923709
9.918796
9.913855
9.908824
9.904091
9.899441
9.894684
9.889951
9.885053
9.880084
9.875147
9.870174
9.864948
9.859602
9.854229
9.848760
9.843328
9.837863
9.832298
9.826680
9.820137
9.813166
9.806178
9.798884
9.791733
9.784499
9.776941
9.769221
9.761787
9.754363
9.746757
9.739109
9.731143
9.723002
9.714829
9.706528
9.698513
9.690558
9.682456
9.674349
9.666042
9.657633
9.649227
9.640752
9.631969
9.623024
9.614022
9.604886
9.595762
9.586574
9.577248
9.567834
9.558822
9.549924
9.540918
9.531962
9.522784
9.513523
9.504323
9.495087
9.485590
9.475972
9.466328
9.456588
9.446896
9.437176
9.427355
9.417483
9.407273
9.396885
9.386457
9.375894
9.365335
9.354709
9.343942
9.333085
9.322296
9.311479
9.300564
9.289601
9.278494
9.267292
9.256046
9.244723
9.236548
9.229671
9.222577
9.216333
9.209239
9.202158
9.195991
9.190130
9.182966
9.175488
9.168389
9.161166
9.154823
9.148835
9.142685
9.136725
9.129319
9.121369
9.113678
9.105689
9.098181
9.090766
9.083023
9.075236
9.068337
9.061760
9.055096
9.048639
9.041827
9.034951
9.028305
9.021689
9.013442
9.004540
8.995741
8.986507
8.977766
8.969041
8.959846
8.950509
8.941784
8.933203
8.924447
8.915748
8.906626
8.897333
8.888117
8.878808
8.870398
8.862337
8.854141
8.846147
8.837870
8.829553
8.821456
8.813403
8.804845
8.796116
8.787457
8.778694
8.770162
8.761687
8.753095
8.744504
8.734340
8.723494
8.712716
8.701482
8.690595
8.679649
8.668216
8.656585
8.645576
8.634687
8.623562
8.612459
8.600872
8.589064
8.577297
8.565394
8.554082
8.542963
8.531676
8.520472
8.509007
8.497452
8.485991
8.474501
8.462559
8.450420
8.438270
8.425976
8.413793
8.401588
8.389228
8.376804
8.365241
8.353997
8.342649
8.331496
8.320029
8.308507
8.297202
8.285931
8.274267
8.262475
8.250736
8.238918
8.227292
8.215716
8.204051
8.192391
8.180199
8.167774
8.155378
8.142827
8.130384
8.117917
8.105288
8.092589
8.080120
8.067699
8.055196
8.042704
8.030042
8.017305
8.004586
7.991822
7.977263
7.961919
7.946607
7.930750
7.915291
7.899750
7.883629
7.867265
7.851500
7.835815
7.819847
7.803861
7.787324
7.770516
7.753708
7.736716
7.720483
7.704486
7.688265
7.672140
7.655657
7.639042
7.622540
7.605986
7.588849
7.571450
7.554025
7.536403
7.518909
7.501375
7.483632
7.465796
7.448673
7.431789
7.414775
7.397893
7.380686
7.363390
7.346242
7.329082
7.311549
7.293867
7.276189
7.258403
7.240741
7.223081
7.205304
7.187492
7.169150
7.150553
7.131942
7.113149
7.094415
7.075621
7.056636
7.037547
7.018628
6.999712
6.980681
6.961619
6.942362
6.922995
6.903605
6.884132
6.865600
6.847427
6.829129
6.811045
6.792648
6.774206
6.755999
6.737837
6.719193
6.700392
6.681659
6.662832
6.644234
6.625696
6.607050
6.588410
6.569292
6.549961
6.530657
6.511213
6.491860
6.472482
6.452957
6.433367
6.413993
6.394664
6.375259
6.355865
6.336313
6.316692
6.297089
6.277444
6.257177
6.236628
6.216063
6.195292
6.174639
6.153938
6.133019
6.111998
6.091140
6.070280
6.049306
6.028299
6.007090
5.985768
5.964421
5.942988
5.921809
5.900696
5.879483
5.858286
5.836939
5.815525
5.794132
5.772701
5.751043
5.729273
5.707473
5.685584
5.663721
5.641824
5.619833
5.597789
5.582795
5.570767
5.558379
5.547974
5.535781
5.523718
5.513783
5.504624
5.492744
5.480295
5.468784
5.457117
5.447484
5.438741
5.429757
5.421304
5.409698
5.396973
5.384930
5.372321
5.360902
5.349797
5.338058
5.326322
5.316682
5.307866
5.298959
5.290622
5.281589
5.272517
5.264064
5.255782
5.244144
5.231223
5.218630
5.205220
5.192971
5.180869
5.167873
5.154689
5.142904
5.131532
5.119897
5.108492
5.096301
5.083855
5.071678
5.059414
5.049185
5.039811
5.030259
5.021248
5.011742
5.002260
4.993357
4.984660
4.974992
4.965070
4.955406
4.945630
4.936458
4.927517
4.918436
4.909467
4.896909
4.882862
4.869085
4.854344
4.840539
4.826708
4.811842
4.796623
4.782971
4.769709
4.756006
4.742465
4.727899
4.712927
4.698162
4.683187
4.669732
4.656847
4.643680
4.630821
4.617458
4.603994
4.590869
4.577788
4.563749
4.549357
4.535055
4.520525
4.506370
4.492278
4.477934
4.463552
4.451277
4.439854
4.428298
4.417309
4.405696
4.394070
4.383056
4.372230
4.360605
4.348794
4.337217
4.325567
4.314472
4.303604
4.292638
4.281797
4.269828
4.257427
4.245202
4.232730
4.220618
4.208563
4.196238
4.183863
4.172133
4.160626
4.149037
4.137586
4.125850
4.114048
4.102401
4.090758
4.075666
4.059126
4.042740
4.025376
4.008899
3.992358
3.974767
3.956794
3.940093
3.923643
3.906733
3.889880
3.872042
3.853762
3.835580
3.817128
3.800287
3.784015
3.767396
3.751065
3.734120
3.717012
3.700228
3.683439
3.665588
3.647318
3.629092
3.610576
3.592411
3.574265
3.555803
3.537253
3.520185
3.503673
3.487003
3.470682
3.453825
3.436886
3.420331
3.403845
3.386731
3.369421
3.352213
3.334890
3.317900
3.301009
3.283985
3.266986
3.249048
3.230708
3.212434
3.193899
3.175577
3.157229
3.138603
3.119871
3.101562
3.083355
3.065016
3.046713
3.028122
3.009412
2.990751
2.972024
2.955294
2.939389
2.923330
2.907804
2.891746
2.875695
2.860217
2.844930
2.828773
2.812397
2.796259
2.780029
2.764362
2.748916
2.733351
2.717899
2.701577
2.684925
2.668426
2.651746
2.635347
2.618999
2.602451
2.585873
2.569831
2.553982
2.538076
2.522292
2.506289
2.490245
2.474337
2.458444
2.441400
2.423889
2.406443
2.388685
2.371261
2.353840
2.336081
2.318215
2.300776
2.283433
2.265958
2.248516
2.230769
2.212893
2.195065
2.177164
2.159874
2.142815
2.125654
2.108624
2.091392
2.074124
2.056999
2.039896
2.022435
2.004849
1.987302
1.969674
1.952198
1.934752
1.917218
1.899675
1.888480
1.879972
1.871182
1.864204
1.855652
1.847251
1.840789
1.835057
1.826941
1.818358
1.810647
1.802837
1.796876
1.791748
1.786444
1.781651
1.774043
1.765458
1.757522
1.749107
1.741802
1.734813
1.727285
1.719793
1.714223
1.709430
1.704588
1.700293
1.695403
1.690512
1.686212
1.682099
1.675069
1.666948
1.659151
1.650673
1.643258
1.636009
1.628011
1.619885
1.613026
1.606566
1.599913
1.593499
1.586432
1.579179
1.572199
1.565180
1.559997
1.555605
1.551095
1.547101
1.542706
1.538370
1.534583
1.531015
1.526629
1.522055
1.517747
1.513378
1.509579
1.506022
1.502380
1.498874
1.492102
1.483996
1.476171
1.467495
1.459715
1.451946
1.443261
1.434285
1.426780
1.419668
1.412186
1.404886
1.396679
1.388132
1.379811
1.371330
1.364287
1.357805
1.351098
1.344710
1.337891
1.331014
1.324485
1.318031
1.310727
1.303134
1.295659
1.288007
1.280737
1.273559
1.266184
1.258808
1.253394
1.248793
1.244106
1.239971
1.235301
1.230652
1.226597
1.222749
1.218205
1.213525
1.209093
1.204630
1.200708
1.197028
1.193294
1.189707
1.185122
1.180176
1.175426
1.170484
1.165906
1.161415
1.156710
1.151994
1.147903
1.144050
1.140157
1.136424
1.132464
1.128479
1.124669
1.120898
1.114232
1.106371
1.098677
1.090187
1.082488
1.074771
1.066197
1.057333
1.049583
1.042081
1.034224
1.026450
1.017875
1.008962
1.000166
0.991176
0.983596
0.976538
0.969220
0.962185
0.954661
0.947034
0.939719
0.932436
0.924285
0.915812
0.907413
0.898803
0.890529
0.882306
0.873851
0.865356
0.858145
0.851437
0.844631
0.838156
0.831262
0.824334
0.817766
0.811290
0.804320
0.797222
0.790244
0.783204
0.776480
0.769873
0.763190
0.756564
0.749180
0.741492
0.733894
0.726111
0.718543
0.710988
0.703234
0.695425
0.688009
0.680713
0.673341
0.666034
0.658520
0.650940
0.643437
0.635912
0.630140
0.625112
0.619988
0.615357
0.610305
0.605296
0.600814
0.596531
0.591539
0.586393
0.581489
0.576541
0.572113
0.567910
0.563642
0.559506
0.554657
0.549561
0.544632
0.539583
0.534811
0.530120
0.525293
0.520475
0.516154
0.512034
0.507901
0.503910
0.499766
0.495622
0.491631
0.487689
0.482796
0.477538
0.472373
0.466975
0.461900
0.456863
0.451572
0.446226
0.441281
0.436454
0.431550
0.426712
0.421646
0.416506
0.411443
0.406354
0.390116
0.369130
0.348598
0.324854
0.303812
0.282463
0.257675
0.231567
0.209602
0.188416
0.165658
0.143034
0.117126
0.089717
0.062577
0.034499
