0.227631
0.252994
0.278716
0.302528
0.328082
0.353519
0.376909
0.399556
0.424847
0.450698
0.475651
0.500764
0.523921
0.546226
0.568774
0.590819
0.615927
0.642129
0.667680
0.693791
0.718759
0.743434
0.768733
0.794039
0.817327
0.839826
0.862424
0.884481
0.907222
0.930011
0.952211
0.974255
0.999554
1.026102
1.052345
1.079386
1.105315
1.131112
1.157783
1.184646
1.210167
1.235299
1.260694
1.285878
1.311832
1.338042
1.364001
1.390055
1.414151
1.437432
1.460893
1.483842
1.507279
1.530704
1.553578
1.576263
1.599897
1.623787
1.647437
1.671205
1.694400
1.717381
1.740507
1.763535
1.790054
1.818027
1.845748
1.874413
1.902182
1.929986
1.958804
1.987974
2.015636
2.042929
2.070660
2.098245
2.126833
2.155827
2.184629
2.213645
2.241197
2.268207
2.295500
2.322504
2.350008
2.377619
2.404912
2.432173
2.460374
2.488926
2.517402
2.546109
2.574462
2.602765
2.631322
2.659927
2.686499
2.712256
2.738152
2.763509
2.789480
2.815475
2.840886
2.866126
2.892150
2.918365
2.944364
2.970443
2.995995
3.021337
3.046783
3.072120
3.098560
3.125428
3.152137
3.179095
3.205714
3.232289
3.259135
3.286041
3.312330
3.338415
3.364589
3.390639
3.416977
3.443388
3.469660
3.495937
3.521952
3.547844
3.573751
3.599580
3.625436
3.651267
3.677016
3.702722
3.728567
3.754442
3.780265
3.806096
3.831827
3.857513
3.883210
3.908881
3.934562
3.960237
3.985884
4.011517
4.037126
4.062714
4.088289
4.113846
4.139354
4.164831
4.190291
4.215725
4.241150
4.266557
4.291937
4.317296
4.342931
4.368670
4.394375
4.420145
4.445819
4.471480
4.497210
4.522954
4.548566
4.574136
4.599725
4.625290
4.650919
4.676567
4.702186
4.727808
4.753276
4.778676
4.804087
4.829453
4.854852
4.880244
4.905589
4.930916
4.956312
4.981723
5.007112
5.032505
5.057849
5.083172
5.108502
5.133819
5.158968
5.184039
5.209105
5.234115
5.259157
5.284185
5.309154
5.334094
5.359077
5.384059
5.409009
5.433949
5.458835
5.483689
5.508536
5.533358
5.558251
5.583162
5.608045
5.632932
5.657778
5.682604
5.707437
5.732258
5.757017
5.781745
5.806464
5.831158
5.855860
5.880551
5.905217
5.929867
5.954561
5.979263
6.003948
6.028633
6.053287
6.077925
6.102566
6.127197
6.151794
6.176373
6.200943
6.225497
6.250052
6.274598
6.299128
6.323646
6.348117
6.372560
6.396993
6.421405
6.445813
6.470208
6.494581
6.518938
6.543299
6.567652
6.591988
6.616314
6.640617
6.664904
6.689180
6.713442
6.733737
6.752335
6.771090
6.788696
6.807248
6.825680
6.842885
6.859610
6.877811
6.896284
6.914190
6.932137
6.948906
6.965133
6.981451
6.997428
7.015102
7.033348
7.051169
7.069257
7.086641
7.103805
7.121273
7.138692
7.154905
7.170613
7.186326
7.201678
7.217367
7.233032
7.248307
7.263440
7.280416
7.298067
7.315490
7.333327
7.350466
7.367479
7.384949
7.402481
7.419179
7.435600
7.452125
7.468475
7.485222
7.502068
7.518717
7.535371
7.550837
7.565780
7.580778
7.595427
7.610309
7.625132
7.639586
7.653880
7.668673
7.683564
7.698266
7.712985
7.727321
7.741482
7.755677
7.769764
7.785767
7.802537
7.819113
7.836170
7.852670
7.869138
7.886125
7.903259
7.919490
7.935460
7.951626
7.967657
7.984202
8.000923
8.017484
8.034115
8.049870
8.065269
8.080776
8.096068
8.111590
8.127120
8.142419
8.157649
8.173355
8.189208
8.204965
8.220801
8.236386
8.251891
8.267488
8.283059
8.297429
8.311285
8.325167
8.338693
8.352515
8.366297
8.379698
8.392950
8.406593
8.420293
8.433818
8.447337
8.460506
8.473504
8.486509
8.499400
8.512863
8.526516
8.540027
8.553627
8.566983
8.580262
8.593643
8.607005
8.619967
8.632760
8.645553
8.658224
8.671005
8.683776
8.696416
8.709007
8.719775
8.729731
8.739713
8.749134
8.758911
8.768580
8.777651
8.786455
8.795898
8.805424
8.814641
8.823833
8.832438
8.840750
8.849059
8.857167
8.865930
8.874878
8.883589
8.892355
8.900773
8.909042
8.917382
8.925646
8.933341
8.940765
8.948136
8.955297
8.962545
8.969726
8.976686
8.983529
8.991241
8.999244
9.007087
9.015090
9.022707
9.030218
9.037910
9.045589
9.052805
9.059836
9.066875
9.073782
9.080843
9.087909
9.094831
9.101711
9.107969
9.113928
9.119868
9.125595
9.131389
9.137109
9.142605
9.147978
9.153549
9.159124
9.164561
9.169962
9.175132
9.180172
9.185183
9.190097
9.195651
9.201430
9.207080
9.212847
9.218359
9.223804
9.229381
9.234956
9.240139
9.245169
9.250214
9.255153
9.260223
9.265302
9.270265
9.275196
9.279763
9.284148
9.288516
9.292751
9.297011
9.301216
9.305285
9.309272
9.313372
9.317468
9.321474
9.325451
9.329284
9.333032
9.336756
9.340416
9.343561
9.346455
9.349304
9.351961
9.354674
9.357316
9.359758
9.362086
9.364509
9.366899
9.369165
9.371374
9.373393
9.375292
9.377137
9.378884
9.380790
9.382713
9.384526
9.386316
9.387958
9.389515
9.391055
9.392531
9.393800
9.394949
9.396042
9.397033
9.398010
9.398926
9.399737
9.400474
9.400589
9.400392
9.400145
9.399665
9.399233
9.398708
9.397939
9.397027
9.396254
9.395448
9.394486
9.393456
9.392186
9.390765
9.389283
9.387679
9.386214
9.384745
9.383143
9.381497
9.379684
9.377766
9.375809
9.373768
9.371493
9.369075
9.366580
9.363960
9.361307
9.358572
9.355710
9.352751
9.350007
9.347295
9.344474
9.341643
9.338632
9.335529
9.332423
9.329253
9.325879
9.322386
9.318837
9.315187
9.311526
9.307807
9.303984
9.300089
9.295938
9.291635
9.287266
9.282771
9.278238
9.273622
9.268877
9.264033
9.259193
9.254294
9.249292
9.244220
9.239016
9.233712
9.228340
9.222877
9.217541
9.212210
9.206779
9.201321
9.195728
9.190053
9.184356
9.178597
9.172662
9.166620
9.160522
9.154331
9.148118
9.141846
9.135478
9.129040
9.122435
9.115716
9.108930
9.102044
9.095104
9.088087
9.080969
9.073766
9.066534
9.059240
9.051858
9.044407
9.036852
9.029211
9.021502
9.013712
9.005710
8.997572
8.989359
8.981028
8.972653
8.964196
8.955619
8.946947
8.938242
8.929466
8.920593
8.911641
8.902573
8.893407
8.884165
8.874833
8.865486
8.856084
8.846588
8.837024
8.827355
8.817600
8.807779
8.797878
8.787855
8.777735
8.767538
8.757249
8.746895
8.736462
8.725937
8.715329
8.705021
8.694793
8.684465
8.674163
8.663683
8.653128
8.642608
8.632049
8.621264
8.610368
8.599442
8.588427
8.577440
8.566421
8.555308
8.544143
8.532723
8.521159
8.509551
8.497831
8.486096
8.474297
8.462381
8.450385
8.438422
8.426424
8.414339
8.402205
8.389951
8.377613
8.365229
8.352772
8.340061
8.327203
8.314281
8.301236
8.288172
8.275034
8.261769
8.248414
8.235051
8.221628
8.208111
8.194525
8.180818
8.167017
8.153149
8.139197
8.125270
8.111307
8.097255
8.083150
8.068939
8.054648
8.040307
8.025896
8.011354
7.996718
7.982015
7.967226
7.952388
7.937481
7.922486
7.907416
7.892058
7.876532
7.860941
7.845213
7.829458
7.813621
7.797643
7.781563
7.765492
7.749363
7.733127
7.716820
7.700372
7.683819
7.667198
7.650483
7.633776
7.617021
7.600169
7.583253
7.566228
7.549115
7.531941
7.514689
7.497299
7.479808
7.462242
7.444581
7.426861
7.409063
7.391170
7.373194
7.355257
7.337287
7.319229
7.301122
7.282898
7.264593
7.246241
7.227819
7.209271
7.190631
7.171922
7.153129
7.134287
7.115376
7.096378
7.077307
7.058090
7.038767
7.019373
6.999884
6.980335
6.960707
6.940983
6.921175
6.901323
6.881403
6.861397
6.841317
6.821140
6.800879
6.780545
6.760130
6.739916
6.719741
6.699474
6.679206
6.658793
6.638307
6.617828
6.597301
6.576586
6.555770
6.534913
6.513971
6.493033
6.472053
6.450984
6.429858
6.408537
6.387096
6.365604
6.344014
6.322391
6.300702
6.278912
6.257045
6.235181
6.213271
6.191280
6.169233
6.147083
6.124855
6.102572
6.080219
6.057645
6.034937
6.012165
5.989280
5.966366
5.943380
5.920277
5.897089
5.873882
5.850616
5.827259
5.803835
5.780299
5.756673
5.732981
5.709207
5.685440
5.661632
5.637737
5.613787
5.589739
5.565613
5.541433
5.517183
5.492815
5.468357
5.443833
5.419225
5.394564
5.369836
5.345023
5.320136
5.295050
5.269836
5.244554
5.219161
5.193723
5.168206
5.142576
5.116857
5.091115
5.065308
5.039409
5.013438
4.987354
4.961179
4.934934
4.908605
4.882248
4.855832
4.829330
4.802760
4.776096
4.749351
4.722540
4.695653
4.668656
4.641570
4.614409
4.587163
4.559852
4.532466
4.504993
4.477442
4.449887
4.422285
4.394600
4.366858
4.339017
4.311098
4.283122
4.255076
4.226924
4.198688
4.170383
4.141998
4.113555
4.085042
4.056449
4.027782
3.998999
3.970123
3.941176
3.912142
3.883044
3.853870
3.824610
3.795270
3.765875
3.736411
3.706866
3.677248
3.647544
3.617759
3.587902
3.557968
3.530848
3.504880
3.478710
3.453293
3.427099
3.400905
3.375523
3.350403
3.324115
3.297540
3.271293
3.244928
3.219338
3.194058
3.168623
3.143351
3.116756
3.089658
3.062783
3.035628
3.008899
2.982243
2.955280
2.928266
2.902045
2.876104
2.850074
2.824221
2.798035
2.771781
2.745724
2.719684
2.692201
2.664133
2.636146
2.607767
2.579812
2.551864
2.523491
2.494985
2.467006
2.439143
2.411116
2.383130
2.354764
2.326238
2.297770
2.269210
2.241435
2.213957
2.186352
2.158916
2.106828
2.044316
1.983040
1.914796
2.038385
2.240463
2.427066
2.664179
1.765471
0.405505
1.228173
2.643124
2.256314
1.611528
1.674885
1.727876
1.673233
1.642920
1.612145
1.581177
1.550776
1.520477
1.489951
1.459436
1.428463
1.397275
1.366118
1.334824
1.304074
1.273496
1.242754
1.212079
1.181153
1.150134
1.119195
1.088221
1.056815
1.025219
0.993604
0.961846
0.930182
0.898490
0.866646
0.834733
0.803604
0.772761
0.741812
0.711035
0.679957
0.648822
0.617876
0.586952
0.555657
0.524235
0.492853
0.461389
0.430093
0.398834
0.367483
0.336128
0.304273
0.272193
0.240130
0.207916
0.175793
0.143638
0.111324
0.078936
0.046752
0.014603
-0.017631
-0.049864
-0.082263
-0.114740
-0.147210
-0.179731
-0.207588
-0.233485
-0.259635
-0.284481
-0.310503
-0.336441
-0.360980
-0.385008
-0.410879
-0.437145
-0.462794
-0.488559
-0.512976
-0.536809
-0.560817
-0.584482
-0.610190
-0.636626
-0.662621
-0.688985
-0.714585
-0.739985
-0.765798
-0.791612
-0.816067
-0.839988
-0.863972
-0.887588
-0.911660
-0.935759
-0.959459
-0.983051
-1.008972
-1.035790
-1.062393
-1.089571
-1.115961
-1.142264
-1.169194
-1.196267
-1.222378
-1.248214
-1.274243
-1.300124
-1.326562
-1.353187
-1.379636
-1.406157
-1.431295
-1.455859
-1.480557
-1.504896
-1.529584
-1.554268
-1.578566
-1.602735
-1.627580
-1.652613
-1.677479
-1.702434
-1.726986
-1.751392
-1.775905
-1.800352
-1.828541
-1.858303
-1.887837
-1.918406
-1.948039
-1.977734
-2.008540
-2.039749
-2.069418
-2.098737
-2.128549
-2.158243
-2.189025
-2.220267
-2.251345
-2.282683
-2.312443
-2.341635
-2.371164
-2.400403
-2.430221
-2.460185
-2.489827
-2.519462
-2.550148
-2.581244
-2.612284
-2.643605
-2.674566
-2.705500
-2.736738
-2.768055
-2.797342
-2.825834
-2.854497
-2.882646
-2.911453
-2.940318
-2.968622
-2.996785
-3.025771
-3.054981
-3.084004
-3.113140
-3.141775
-3.170229
-3.198821
-3.227333
-3.257007
-3.287152
-3.317167
-3.347469
-3.377457
-3.407432
-3.437718
-3.468096
-3.497879
-3.527484
-3.557213
-3.586849
-3.616811
-3.646881
-3.676842
-3.706840
-3.735838
-3.764415
-3.793075
-3.821466
-3.850104
-3.878730
-3.907068
-3.935305
-3.964006
-3.992827
-4.021520
-4.050264
-4.078712
-4.107046
-4.135443
-4.163783
-4.192499
-4.221353
-4.250132
-4.278984
-4.307710
-4.336408
-4.365187
-4.393973
-4.422511
-4.450955
-4.479418
-4.507820
-4.536313
-4.564819
-4.593257
-4.621681
-4.625556
-4.618971
-4.613431
-4.600834
-4.594157
-4.586803
-4.571897
-4.554088
-4.545527
-4.538741
-4.528490
-4.518576
-4.501410
-4.480948
-4.461121
-4.439251
-4.475287
-4.535071
-4.590250
-4.660729
-4.715435
-4.770113
-4.841272
-4.917761
-4.968999
-5.013736
-5.065210
-5.113829
-5.178557
-5.249516
-5.316878
-5.387336
-5.380395
-5.341591
-5.309300
-5.256653
-5.251418
-5.257509
-5.240535
-5.224074
-5.560129
-6.043975
-6.512971
-7.082234
-8.750202
-10.931081
-10.880073
-10.236101
-10.688228
-11.092539
-10.818035
-10.348356
-10.316719
-10.308127
-10.073214
-9.799186
-9.913121
-10.149840
-10.327541
-10.578749
-10.630817
-10.626350
-10.706092
-10.774084
-10.809867
-10.835355
-10.850738
-10.853588
-10.878586
-10.906065
-10.919533
-10.930548
-10.915661
-10.887120
-10.857044
-10.817174
-10.777051
-10.732069
-10.676948
-10.615207
-10.654595
-10.732838
-10.799789
-10.890851
-10.948104
-11.001073
-11.080370
-11.165282
-11.203760
-11.227900
-11.260063
-11.284005
-11.332431
-11.388270
-11.434607
-11.482968
-11.504703
-11.515050
-11.528565
-11.535273
-11.547475
-11.559161
-11.563588
-11.565267
-11.582395
-11.604040
-11.622116
-11.642426
-11.654213
-11.663043
-11.674525
-11.684847
-11.700810
-11.718910
-11.735587
-11.753258
-11.769269
-11.784888
-11.801597
-11.818409
-11.830629
-11.841059
-11.851803
-11.861356
-11.872449
-11.883672
-11.893598
-11.903197
-11.921180
-11.942442
-11.962991
-11.985662
-12.005600
-12.025293
-12.047294
-12.069873
-12.089061
-12.107320
-12.126343
-12.144896
-12.165512
-12.186865
-12.207651
-12.228758
-12.245037
-12.259351
-12.274203
-12.287852
-12.302804
-12.317804
-12.331506
-12.344817
-12.360595
-12.377103
-12.393088
-12.409453
-12.424461
-12.439014
-12.454015
-12.468851
-12.485145
-12.502029
-12.518682
-12.535668
-12.552279
-12.568862
-12.585804
-12.602845
-12.618968
-12.634785
-12.650748
-12.666532
-12.682741
-12.699062
-12.715181
-12.731312
-12.747042
-12.762585
-12.778157
-12.793610
-12.809110
-12.824579
-12.839923
-12.855204
-12.870702
-12.886248
-12.901719
-12.917205
-12.932541
-12.947812
-12.963104
-12.978358
-12.992070
-13.005111
-13.018180
-13.030782
-13.043730
-13.056608
-13.068989
-13.081163
-13.093853
-13.106614
-13.119133
-13.131637
-13.143672
-13.155473
-13.167278
-13.178924
-13.191228
-13.203736
-13.216054
-13.228455
-13.240550
-13.252534
-13.264618
-13.276658
-13.288198
-13.299515
-13.310811
-13.321941
-13.333181
-13.344389
-13.355420
-13.366372
-13.379235
-13.392855
-13.406310
-13.420252
-13.433602
-13.446912
-13.460750
-13.474730
-13.487904
-13.500857
-13.513997
-13.527028
-13.540548
-13.554245
-13.567810
-13.581452
-13.594081
-13.606302
-13.618646
-13.630744
-13.643121
-13.655515
-13.667643
-13.679695
-13.692285
-13.705041
-13.717692
-13.730434
-13.742894
-13.755265
-13.767741
-13.780190
-13.791721
-13.802859
-13.814010
-13.824886
-13.835991
-13.847065
-13.857844
-13.868507
-13.879450
-13.890426
-13.901268
-13.912098
-13.922663
-13.933095
-13.943525
-13.953865
-13.964662
-13.975612
-13.986447
-13.997354
-14.008064
-14.018711
-14.029439
-14.040152
-14.050546
-14.060806
-14.071064
-14.081225
-14.091473
-14.101712
-14.111846
-14.121942
-14.126910
-14.129668
-14.132605
-14.134040
-14.136649
-14.139073
-14.139892
-14.140066
-14.142134
-14.144534
-14.146173
-14.147843
-14.147964
-14.147359
-14.146849
-14.145875
-14.147010
-14.148834
-14.150089
-14.151647
-14.152286
-14.152615
-14.153295
-14.153881
-14.152906
-14.151260
-14.149587
-14.147424
-14.145656
-14.143824
-14.141467
-14.138898
-14.138748
-14.139474
-14.139871
-14.140796
-14.140775
-14.140565
-14.140938
-14.141371
-14.140670
-14.139578
-14.138600
-14.137367
-14.136641
-14.136022
-14.135119
-14.134199
-14.131691
-14.128470
-14.125297
-14.121643
-14.118271
-14.114800
-14.110818
-14.106602
-14.103022
-14.099549
-14.095802
-14.092056
-14.087781
-14.083253
-14.078746
-14.074074
-14.073770
-14.075249
-14.076369
-14.078634
-14.079690
-14.080731
-14.083006
-14.085672
-14.086420
-14.086666
-14.087408
-14.087923
-14.089642
-14.091820
-14.093714
-14.095831
-14.095965
-14.095330
-14.095007
-14.094248
-14.094092
-14.094022
-14.093475
-14.092830
-14.093352
-14.094275
-14.095041
-14.096052
-14.096543
-14.096912
-14.097554
-14.098201
-14.096362
-14.093496
-14.090744
-14.087296
-14.084537
-14.081757
-14.078229
-14.074444
-14.071541
-14.068813
-14.065777
-14.062785
-14.059114
-14.055140
-14.051240
-14.047158
-14.044361
-14.042033
-14.039462
-14.037143
-14.034363
-14.031479
-14.028874
-14.026291
-14.022914
-14.019240
-14.015623
-14.011808
-14.008290
-14.004811
-14.001114
-13.997374
-13.991660
-13.985062
-13.978503
-13.971337
-13.964544
-13.957630
-13.950072
-13.942223
-13.935098
-13.928078
-13.920720
-13.913343
-13.905323
-13.896983
-13.888651
-13.880103
-13.872213
-13.864504
-13.856544
-13.848632
-13.840360
-13.831930
-13.823563
-13.815110
-13.806063
-13.796730
-13.787335
-13.777717
-13.768181
-13.758569
-13.748722
-13.738747
-13.729813
-13.721238
-13.712484
-13.703932
-13.694937
-13.685830
-13.676950
-13.668067
-13.658641
-13.649007
-13.639395
-13.629637
-13.620077
-13.610535
-13.600833
-13.591093
-13.580639
-13.569847
-13.559045
-13.548004
-13.537051
-13.526024
-13.514746
-13.503336
-13.492169
-13.481017
-13.469716
-13.458383
-13.446792
-13.435059
-13.423305
-13.411448
-13.400388
-13.389616
-13.378703
-13.367950
-13.356901
-13.345785
-13.334847
-13.323921
-13.312535
-13.300978
-13.289455
-13.277818
-13.266358
-13.254924
-13.243364
-13.231782
-13.219769
-13.207550
-13.195324
-13.182954
-13.170629
-13.158254
-13.145727
-13.133117
-13.120661
-13.108215
-13.095676
-13.083118
-13.070399
-13.057592
-13.044772
-13.031888
-13.018398
-13.004618
-12.990799
-12.976763
-12.962811
-12.948787
-12.934536
-12.920164
-12.905920
-12.891651
-12.877249
-12.862792
-12.848121
-12.833318
-12.818467
-12.803511
-12.788764
-12.774052
-12.759222
-12.744380
-12.729374
-12.714281
-12.699181
-12.684020
-12.668623
-12.653096
-12.637517
-12.621828
-12.606138
-12.590391
-12.574531
-12.558596
-12.542291
-12.525782
-12.509211
-12.492478
-12.475730
-12.458893
-12.441890
-12.424772
-12.407699
-12.390574
-12.373328
-12.356010
-12.338523
-12.320919
-12.303246
-12.285472
-12.267722
-12.249927
-12.232025
-12.214058
-12.195970
-12.177789
-12.159545
-12.141219
-12.122735
-12.104139
-12.085463
-12.066685
-12.047847
-12.028928
-12.009905
-11.990792
-11.971780
-11.952758
-11.933639
-11.914484
-11.895190
-11.875809
-11.856396
-11.836915
-11.817277
-11.797536
-11.777731
-11.757833
-11.737900
-11.717901
-11.697808
-11.677641
-11.657290
-11.636816
-11.616273
-11.595622
-11.574918
-11.554132
-11.533239
-11.512255
-11.491242
-11.470164
-11.448993
-11.427748
-11.406393
-11.384948
-11.363430
-11.341828
-11.321316
-11.301222
-11.280991
-11.261014
-11.240671
-11.220276
-11.200158
-11.180095
-11.159501
-11.138736
-11.118053
-11.097268
-11.076747
-11.056299
-11.035736
-11.015186
-10.994052
-10.972665
-10.951315
-10.929800
-10.908404
-10.886985
-10.865391
-10.843725
-10.822325
-10.800986
-10.779559
-10.758152
-10.736558
-10.714885
-10.693239
-10.671548
-10.649206
-10.626568
-10.603911
-10.581039
-10.558291
-10.535492
-10.512465
-10.489331
-10.466363
-10.443391
-10.420298
-10.397171
-10.373833
-10.350375
-10.326890
-10.303314
-10.280010
-10.256776
-10.233437
-10.210115
-10.186634
-10.163081
-10.139552
-10.115984
-10.092174
-10.068246
-10.044287
-10.020233
-9.996208
-9.972146
-9.947986
-9.923769
-9.898924
-9.873775
-9.848594
-9.823191
-9.797857
-9.772446
-9.746801
-9.721027
-9.695424
-9.669808
-9.644049
-9.618242
-9.592203
-9.566026
-9.539809
-9.513485
-9.487320
-9.461169
-9.434900
-9.408605
-9.382158
-9.355623
-9.329065
-9.302441
-9.275595
-9.248621
-9.221587
-9.194445
-9.167286
-9.140062
-9.112726
-9.085311
-9.058152
-9.031053
-9.003859
-8.976681
-8.949331
-8.921905
-8.894502
-8.867054
-8.839407
-8.811657
-8.783871
-8.755999
-8.728140
-8.700243
-8.672257
-8.644217
-8.615927
-8.587496
-8.559018
-8.530429
-8.501821
-8.473149
-8.444362
-8.415492
-8.386650
-8.357769
-8.328802
-8.299782
-8.270644
-8.241422
-8.212151
-8.182806
-8.156881
-8.132370
-8.107636
-8.083832
-8.059116
-8.034424
-8.010732
-7.987380
-7.962634
-7.937559
-7.912906
-7.888129
-7.864313
-7.840892
-7.817306
-7.793938
-7.769005
-7.743491
-7.718268
-7.692731
-7.667728
-7.642834
-7.617595
-7.592317
-7.568014
-7.544071
-7.520043
-7.496251
-7.472081
-7.447852
-7.423883
-7.399957
-7.374290
-7.347932
-7.321694
-7.294999
-7.268845
-7.242720
-7.216098
-7.189337
-7.163241
-7.137310
-7.111201
-7.085164
-7.058684
-7.032031
-7.005470
-6.978820
-6.953148
-6.927861
-6.902439
-6.877245
-6.851757
-6.826237
-6.800963
-6.775748
-6.750001
-6.724081
-6.698246
-6.672310
-6.646632
-6.621027
-6.595306
-6.569597
-6.542168
-6.514001
-6.485919
-6.457346
-6.429166
-6.400932
-6.372174
-6.343208
-6.314936
-6.286806
-6.258429
-6.230085
-6.201221
-6.172124
-6.143084
-6.113903
-6.085387
-6.057093
-6.028626
-6.000261
-5.971619
-5.942889
-5.914275
-5.885639
-5.856515
-5.827185
-5.797856
-5.768378
-5.739033
-5.709675
-5.680158
-5.650581
-5.621958
-5.593696
-5.565329
-5.537189
-5.508713
-5.480189
-5.451913
-5.423684
-5.395035
-5.366257
-5.337548
-5.308763
-5.280199
-5.251700
-5.223114
-5.194544
-5.165402
-5.136014
-5.106668
-5.077164
-5.047789
-5.018398
-4.988839
-4.959215
-4.929854
-4.900556
-4.871178
-4.841824
-4.812293
-4.782691
-4.753119
-4.723509
-4.695150
-4.667308
-4.639372
-4.611771
-4.583839
-4.555913
-4.528347
-4.500902
-4.472916
-4.444794
-4.416823
-4.388796
-4.361123
-4.333590
-4.305984
-4.278451
-4.250374
-4.222093
-4.193909
-4.165613
-4.137495
-4.109411
-4.081204
-4.052979
-4.025092
-3.997327
-3.969528
-3.941807
-3.913951
-3.886071
-3.858278
-3.830496
-3.801997
-3.773207
-3.744461
-3.715521
-3.686791
-3.658065
-3.629130
-3.600130
-3.571398
-3.542728
-3.513977
-3.485249
-3.456331
-3.427335
-3.398371
-3.369362
-3.340738
-3.312259
-3.283719
-3.255262
-3.226680
-3.198078
-3.169567
-3.141071
-3.112354
-3.083560
-3.054792
-3.025977
-2.997257
-2.968558
-2.939805
-2.911049
-2.881775
-2.852274
-2.822791
-2.793156
-2.763626
-2.734073
-2.704355
-2.674569
-2.644985
-2.615437
-2.585807
-2.556181
-2.526391
-2.496524
-2.466667
-2.436761
-2.407036
-2.377365
-2.347637
-2.317928
-2.288132
-2.258303
-2.228497
-2.198677
-2.168707
-2.138670
-2.108623
-2.078526
-2.048458
-2.018377
-1.988242
-1.958081
-1.928210
-1.898445
-1.868640
-1.838898
-1.809045
-1.779171
-1.749366
-1.719569
-1.689633
-1.659650
-1.629681
-1.599681
-1.569743
-1.539819
-1.509860
-1.479899
-1.449754
-1.419526
-1.389304
-1.359026
-1.328781
-1.298523
-1.268207
-1.237863
-1.207594
-1.177337
-1.147048
-1.116760
-1.086410
-1.056030
-1.025653
-0.995257
-0.968869
-0.944178
-0.919293
-0.895547
-0.870811
-0.846166
-0.822740
-0.799771
-0.775260
-0.750436
-0.726160
-0.701808
-0.678627
-0.655967
-0.633182
-0.610711
-0.586498
-0.561678
-0.537257
-0.512537
-0.488499
-0.464652
-0.440470
-0.416307
-0.393334
-0.370842
-0.348315
-0.326125
-0.303564
-0.280998
-0.258796
-0.236708
-0.212683
-0.187926
-0.163373
-0.138359
-0.114031
-0.089801
-0.065065
-0.040232
-0.016228
0.007521
0.031410
0.055152
0.079339
0.103660
0.127811
0.152000
0.174999
0.197492
0.220073
0.242329
0.264857
0.287359
0.309512
0.331534
0.354103
0.376807
0.399348
0.421941
0.444172
0.466256
0.488408
0.510481
0.534484
0.559279
0.583910
0.609047
0.633663
0.658276
0.683434
0.708768
0.733232
0.757467
0.781926
0.806280
0.831174
0.856272
0.881241
0.906307
0.930538
0.954447
0.978491
1.002354
1.026472
1.050628
1.074585
1.098503
1.122923
1.147516
1.172044
1.196680
1.221098
1.245466
1.269954
1.294446
1.317769
1.340610
1.363507
1.386078
1.408973
1.431859
1.454394
1.476810
1.499647
1.522570
1.545348
1.568149
1.590631
1.612972
1.635350
1.657644
1.680537
1.703650
1.726650
1.749769
1.772675
1.795533
1.818522
1.841522
1.864153
1.886646
1.909168
1.931597
1.954166
1.976755
1.999242
2.021711
2.041493
2.060112
2.078827
2.096752
2.115282
2.133708
2.151292
2.168534
2.186781
2.205206
2.223227
2.241265
2.258484
2.275319
2.292204
2.308844
2.326556
2.344615
2.362373
2.380281
2.397713
2.414981
2.432420
2.449805
2.466382
2.482607
2.498813
2.514759
2.530903
2.547007
2.562834
2.578546
2.595576
2.613083
2.630412
2.648028
2.665133
2.682136
2.699457
2.716811
2.733546
2.750068
2.766653
2.783099
2.799823
2.816607
2.833236
2.849856
2.865620
2.880998
2.896403
2.911548
2.926847
2.942091
2.957061
2.971904
2.987092
3.002339
3.017437
3.032537
3.047352
3.062030
3.076721
3.091322
3.107029
3.123165
3.139162
3.155417
3.171325
3.187191
3.203340
3.219552
3.235201
3.250672
3.266235
3.281693
3.297433
3.313253
3.328954
3.344672
3.359862
3.374822
3.389822
3.404675
3.419636
3.434578
3.449363
3.464085
3.479060
3.494097
3.509055
3.524035
3.538847
3.553589
3.568361
3.583094
3.597077
3.610725
3.624366
3.637768
3.651326
3.664837
3.678094
3.691238
3.704597
3.717968
3.731211
3.744426
3.757406
3.770260
3.783095
3.795839
3.808904
3.822061
3.835109
3.848187
3.861096
3.873935
3.886812
3.899655
3.912233
3.924686
3.937116
3.949448
3.961825
3.974172
3.986417
3.998609
4.009154
4.018963
4.028787
4.038099
4.047730
4.057258
4.066242
4.074980
4.084278
4.093640
4.102720
4.111769
4.120287
4.128534
4.136770
4.144819
4.153466
4.162279
4.170872
4.179512
4.187827
4.196002
4.204239
4.212402
4.220040
4.227428
4.234762
4.241900
4.249115
4.256264
4.263207
4.270040
4.277620
4.285444
4.293121
4.300928
4.308388
4.315746
4.323253
4.330738
4.337813
4.344718
4.351619
4.358397
4.365300
4.372197
4.378960
4.385677
4.391840
4.397731
4.403598
4.409267
4.414987
4.420634
4.426075
4.431399
4.436888
4.442371
4.447725
4.453038
4.458139
4.463117
4.468061
4.472911
4.478379
4.484062
4.489620
4.495292
4.500714
4.506071
4.511554
4.517035
4.522138
4.527093
4.532062
4.536927
4.541919
4.546917
4.551803
4.556658
4.561156
4.565476
4.569779
4.573952
4.578148
4.582292
4.586301
4.590231
4.594271
4.598306
4.602252
4.606171
4.609948
4.613642
4.617312
4.620919
4.624035
4.626910
4.629741
4.632387
4.635085
4.637713
4.640149
4.642476
4.644890
4.647269
4.649531
4.651735
4.653758
4.655663
4.657516
4.659274
4.661181
4.663103
4.664918
4.666710
4.668359
4.669925
4.671473
4.672958
4.674245
4.675416
4.676531
4.677547
4.678548
4.679490
4.680330
4.681097
4.680828
4.680073
4.679287
4.678151
4.677166
4.676078
4.674621
4.672974
4.671624
4.670272
4.668709
4.667086
4.665102
4.662913
4.660676
4.658285
4.656216
4.654205
4.652021
4.649824
4.647390
4.644830
4.642267
4.639619
4.636612
4.633413
4.630141
4.626710
4.623283
4.619777
4.616105
4.612326
4.608956
4.605694
4.602301
4.598946
4.595340
4.591632
4.587972
4.584259
4.580257
4.576112
4.571923
4.567619
4.563349
4.559036
4.554600
4.550095
4.545215
4.540130
4.534989
4.529688
4.524377
4.518981
4.513419
4.507746
4.502132
4.496473
4.490694
4.484851
4.478838
4.472710
4.466521
4.460234
4.454280
4.448416
4.442435
4.436482
4.430337
4.424112
4.417923
4.411690
4.405189
4.398558
4.391893
4.385126
4.378394
4.371625
4.364748
4.357810
4.350616
4.343274
4.335880
4.328367
4.320827
4.313214
4.305480
4.297656
4.289858
4.282016
4.274080
4.266087
4.257966
4.249755
4.241489
4.233143
4.224459
4.215590
4.206652
4.197562
4.188462
4.179279
4.169939
4.160493
4.151058
4.141561
4.131953
4.122269
4.112434
4.102487
4.092468
4.082350
4.072282
4.062182
4.051976
4.041716
4.031328
4.020850
4.010319
3.999710
3.988940
3.978059
3.967104
3.956047
3.944941
3.933758
3.922472
3.911102
3.900509
3.890195
3.879759
3.869485
3.858911
3.848273
3.837814
3.827369
3.816519
3.805522
3.794558
3.783497
3.772602
3.761735
3.750760
3.739771
3.728311
3.716632
3.704957
3.693131
3.681373
3.669574
3.657615
3.645577
3.633717
3.621878
3.609948
3.598007
3.585900
3.573709
3.561513
3.549258
3.536530
3.523574
3.510576
3.497403
3.484288
3.471112
3.457751
3.444290
3.430913
3.417504
3.403986
3.390416
3.376674
3.362824
3.348926
3.334939
3.321113
3.307309
3.293405
3.279486
3.265429
3.251296
3.237153
3.222954
3.208562
3.194061
3.179512
3.164870
3.150220
3.135519
3.120722
3.105860
3.089977
3.073620
3.057239
3.040516
3.023950
3.007288
2.990266
2.973062
2.956159
2.939262
2.922160
2.905006
2.887499
2.869797
2.852053
2.834163
2.816597
2.799096
2.781428
2.763755
2.745853
2.727833
2.709815
2.691719
2.673275
2.654647
2.635952
2.617106
2.598271
2.579364
2.560298
2.541132
2.522379
2.503738
2.484974
2.466254
2.447292
2.428235
2.409232
2.390183
2.370853
2.351388
2.331886
2.312276
2.292707
2.273100
2.253378
2.233595
2.213445
2.193099
2.172704
2.152157
2.131605
2.110976
2.090189
2.069298
2.048471
2.027607
2.006630
1.985596
1.964400
1.943096
1.921738
1.900289
1.880169
1.860566
1.840812
1.821376
1.801516
1.781609
1.762049
1.742569
1.722455
1.702145
1.681949
1.661643
1.641670
1.621800
1.601803
1.581834
1.561188
1.540255
1.519380
1.498323
1.477419
1.456500
1.435388
1.414202
1.393347
1.372579
1.351718
1.330894
1.309863
1.288750
1.267683
1.246576
1.224674
1.202419
1.180158
1.157643
1.135298
1.112905
1.090244
1.067464
1.044908
1.022364
0.999686
0.976979
0.954025
0.930939
0.907833
0.884631
0.861780
0.839031
0.816167
0.793339
0.770329
0.747246
0.724207
0.701134
0.677778
0.654290
0.630779
0.607167
0.583603
0.560011
0.536311
0.512557
0.484124
0.453662
0.423346
0.391645
0.360996
0.330161
0.297849
0.264933
0.233718
0.202788
0.171147
0.139518
0.106462
0.072729
0.039063
0.004957
-0.027244
-0.058835
-0.090962
-0.122830
-0.155553
-0.188574
-0.221295
-0.254117
-0.288379
-0.323268
-0.358199
-0.393595
-0.428647
-0.463775
-0.499399
-0.535233
-0.547368
-0.549569
-0.553014
-0.549823
-0.552727
-0.555247
-0.550645
-0.543479
-0.545470
-0.549403
-0.550229
-0.551612
-0.546214
-0.537861
-0.530354
-0.521104
-0.566457
-0.634316
-0.698024
-0.776294
-0.839938
-0.903741
-0.983217
-1.067888
-1.128985
-1.184146
-1.245825
-1.305000
-1.348765
-1.385489
-1.420338
-1.449456
-1.261800
-0.979024
-0.699647
-0.354189
1.309653
3.565070
3.208810
2.158112
2.707780
3.336427
3.156457
2.838894
2.910364
2.997263
2.918532
2.817751
2.911085
3.059145
3.174693
3.322606
3.352750
3.344508
3.374590
3.390519
3.335626
3.248024
3.149131
3.022606
2.911496
2.792800
2.644747
2.482280
2.476943
2.528601
2.558330
2.622076
2.625300
2.616390
2.645129
2.677792
2.634780
2.565393
2.503631
2.424741
2.379248
2.340747
2.283136
2.224207
2.266785
2.349912
1.887595
1.222944
3.734484
1.418954
2.062576
2.039605
2.007227
1.971816
1.937180
1.900456
1.868655
1.838051
1.805080
1.772184
1.743911
1.717388
1.690725
1.665313
1.638137
1.610782
1.584796
1.559122
1.532365
1.505440
1.478895
1.452318
1.426709
1.401538
1.376295
1.351330
1.322618
1.292436
1.262700
1.232070
1.202586
1.173218
1.142878
1.112299
1.083592
1.055468
1.027009
0.998878
0.969775
0.940378
0.911359
0.882261
0.857426
0.834407
0.811125
0.789033
0.765947
0.742968
0.721262
0.700043
0.677002
0.653549
0.630688
0.607694
0.585983
0.564818
0.543463
0.522420
0.499770
0.476562
0.453743
0.430660
0.408201
0.385925
0.363351
0.340801
0.319400
0.298467
0.277508
0.256879
0.235905
0.214935
0.194322
0.173827
0.144133
0.110617
0.077623
0.042086
0.008997
-0.024186
-0.060103
-0.096969
-0.130260
-0.162764
-0.196425
-0.229831
-0.265822
-0.302914
-0.339641
-0.377002
-0.410040
-0.441496
-0.473792
-0.505248
-0.538238
-0.571577
-0.603985
-0.636323
-0.671392
-0.707493
-0.743395
-0.779986
-0.815568
-0.851021
-0.887229
-0.923592
-0.955689
-0.986124
-1.016908
-1.046610
-1.077719
-1.108957
-1.139017
-1.168785
-1.200236
-1.232141
-1.263663
-1.295412
-1.326123
-1.356459
-1.387072
-1.417517
-1.450482
-1.484469
-1.518176
-1.552510
-1.586159
-1.619780
-1.654078
-1.688578
-1.721795
-1.754633
-1.787741
-1.820651
-1.854266
-1.888116
-1.921732
-1.955434
-1.982819
-2.007531
-2.032603
-2.055905
-2.080750
-2.105460
-2.128276
-2.150386
-2.175068
-2.200312
-2.224701
-2.249261
-2.271961
-2.293861
-2.316011
-2.337696
-2.361990
-2.387203
-2.411823
-2.436898
-2.460977
-2.484784
-2.509099
-2.533398
-2.555909
-2.577705
-2.599565
-2.620927
-2.642861
-2.664812
-2.686223
-2.707474
-2.732142
-2.758132
-2.783803
-2.810320
-2.835695
-2.860946
-2.887119
-2.913506
-2.938469
-2.963024
-2.987870
-3.012496
-3.037947
-3.063676
-3.089146
-3.114724
-3.138307
-3.161066
-3.184019
-3.206458
-3.229403
-3.252343
-3.274729
-3.296932
-3.320118
-3.343577
-3.366799
-3.390152
-3.412927
-3.435492
-3.458215
-3.480847
-3.507179
-3.535058
-3.562684
-3.591319
-3.619019
-3.646766
-3.675597
-3.704812
-3.732448
-3.759707
-3.787441
-3.815033
-3.843696
-3.872799
-3.901712
-3.930864
-3.958476
-3.985525
-4.012887
-4.039954
-4.067562
-4.095295
-4.122704
-4.150089
-4.178482
-4.207258
-4.235964
-4.264928
-4.293528
-4.322087
-4.350926
-4.379828
-4.406603
-4.432532
-4.458618
-4.484151
-4.510341
-4.536568
-4.562195
-4.587652
-4.613946
-4.640453
-4.666745
-4.693133
-4.718978
-4.744615
-4.770374
-4.796029
-4.822858
-4.850150
-4.877286
-4.904697
-4.931763
-4.958795
-4.986124
-5.013528
-5.040296
-5.066859
-5.093529
-5.120081
-5.146948
-5.173904
-5.200725
-5.227564
-5.252998
-5.277827
-5.302734
-5.327243
-5.352069
-5.376852
-5.401209
-5.425398
-5.450176
-5.475082
-5.499785
-5.524524
-5.548833
-5.572955
-5.597131
-5.621196
-5.645779
-5.670536
-5.695157
-5.719857
-5.744343
-5.768761
-5.793268
-5.817759
-5.841866
-5.865810
-5.889755
-5.913583
-5.937516
-5.961439
-5.985236
-6.008987
-6.033578
-6.058491
-6.083319
-6.108349
-6.133095
-6.157805
-6.182737
-6.207717
-6.232334
-6.256842
-6.281417
-6.305931
-6.330646
-6.355424
-6.380131
-6.404858
-6.429096
-6.453128
-6.477202
-6.501146
-6.525206
-6.549259
-6.573173
-6.597036
-6.621133
-6.645291
-6.669386
-6.693508
-6.717483
-6.741401
-6.765353
-6.789277
-6.809617
-6.828422
-6.847353
-6.865239
-6.883978
-6.902604
-6.920112
-6.937182
-6.955550
-6.974147
-6.992226
-7.010329
-7.027367
-7.043909
-7.060517
-7.076809
-7.094655
-7.113022
-7.130994
-7.149206
-7.166763
-7.184112
-7.201735
-7.219308
-7.235771
-7.251767
-7.267761
-7.283418
-7.299379
-7.315312
-7.330882
-7.346318
-7.363338
-7.380932
-7.398314
-7.416043
-7.433150
-7.450134
-7.467501
-7.484908
-7.501582
-7.518004
-7.534501
-7.550834
-7.567498
-7.584233
-7.600785
-7.617327
-7.632819
-7.647839
-7.662894
-7.677631
-7.692559
-7.707423
-7.721950
-7.736325
-7.751122
-7.765992
-7.780682
-7.795376
-7.809721
-7.823900
-7.838095
-7.852183
-7.868099
-7.884744
-7.901200
-7.918109
-7.934479
-7.950812
-7.967637
-7.984597
-8.000691
-8.016532
-8.032554
-8.048443
-8.064817
-8.081354
-8.097734
-8.114175
-8.129766
-8.145007
-8.160346
-8.175473
-8.190816
-8.206162
-8.221280
-8.236326
-8.251825
-8.267459
-8.282997
-8.298604
-8.313965
-8.329242
-8.344603
-8.359933
-8.374121
-8.387818
-8.401534
-8.414907
-8.428553
-8.442158
-8.455395
-8.468486
-8.481941
-8.495443
-8.508774
-8.522093
-8.535076
-8.547891
-8.560707
-8.573410
-8.586648
-8.600062
-8.613335
-8.626687
-8.639802
-8.652838
-8.665965
-8.679069
-8.691788
-8.704342
-8.716890
-8.729316
-8.741841
-8.754351
-8.766731
-8.779059
-8.790146
-8.800666
-8.811185
-8.821307
-8.831642
-8.841881
-8.851700
-8.861318
-8.871349
-8.881419
-8.891259
-8.901063
-8.910450
-8.919618
-8.928766
-8.937757
-8.947152
-8.956644
-8.965956
-8.975281
-8.984355
-8.993309
-9.002284
-9.011186
-9.019692
-9.027996
-9.036241
-9.044325
-9.052443
-9.060493
-9.068374
-9.076156
-9.084522
-9.093074
-9.101495
-9.110009
-9.118236
-9.126371
-9.134614
-9.142829
-9.150701
-9.158426
-9.166138
-9.173739
-9.181429
-9.189104
-9.196660
-9.204168
-9.211227
-9.218061
-9.224862
-9.231497
-9.238160
-9.244753
-9.251171
-9.257486
-9.263919
-9.270336
-9.276639
-9.282898
-9.288978
-9.294949
-9.300881
-9.306728
-9.312937
-9.319256
-9.325469
-9.331728
-9.337806
-9.343817
-9.349882
-9.355919
-9.361689
-9.367339
-9.372972
-9.378513
-9.384109
-9.389683
-9.395160
-9.400591
-9.405778
-9.410829
-9.415842
-9.420750
-9.425645
-9.430481
-9.435207
-9.439858
-9.444550
-9.449213
-9.453794
-9.458332
-9.462756
-9.467102
-9.471408
-9.475647
-9.479541
-9.483253
-9.486912
-9.490426
-9.493949
-9.497402
-9.500705
-9.503912
-9.507153
-9.510348
-9.513441
-9.516472
-9.519360
-9.522147
-9.524876
-9.527517
-9.530232
-9.532932
-9.535538
-9.538104
-9.540552
-9.542923
-9.545256
-9.547525
-9.549640
-9.551654
-9.553608
-9.555473
-9.557304
-9.559071
-9.560748
-9.562353
-9.561899
-9.560527
-9.559168
-9.557167
-9.555569
-9.553844
-9.551436
-9.548720
-9.546685
-9.544724
-9.542410
-9.540052
-9.537034
-9.533676
-9.530299
-9.526684
-9.523842
-9.521214
-9.518308
-9.515465
-9.512206
-9.508771
-9.505417
-9.501972
-9.497859
-9.493428
-9.488931
-9.484186
-9.479541
-9.474816
-9.469829
-9.464704
-9.460461
-9.456500
-9.452357
-9.448361
-9.443942
-9.439394
-9.435015
-9.430602
-9.425695
-9.420579
-9.415451
-9.410168
-9.405025
-9.399867
-9.394542
-9.389155
-9.383095
-9.376701
-9.370270
-9.363596
-9.356975
-9.350259
-9.343288
-9.336170
-9.329243
-9.322301
-9.315196
-9.308035
-9.300613
-9.293035
-9.285410
-9.277665
-9.270771
-9.264179
-9.257426
-9.250834
-9.243908
-9.236898
-9.230070
-9.223244
-9.215914
-9.208390
-9.200892
-9.193261
-9.185809
-9.178374
-9.170793
-9.163177
-9.155075
-9.146734
-9.138377
-9.129850
-9.121363
-9.112812
-9.104083
-9.095252
-9.086581
-9.077912
-9.069130
-9.060316
-9.051315
-9.042207
-9.033075
-9.023863
-9.013999
-9.003818
-8.993583
-8.983106
-8.972704
-8.962215
-8.951474
-8.940591
-8.929831
-8.919031
-8.908077
-8.897053
-8.885790
-8.874377
-8.862899
-8.851297
-8.839905
-8.828536
-8.817031
-8.805501
-8.793784
-8.781962
-8.770121
-8.758203
-8.746023
-8.733693
-8.721295
-8.708770
-8.696230
-8.683616
-8.670872
-8.658035
-8.646178
-8.634681
-8.623045
-8.611623
-8.599837
-8.587982
-8.576363
-8.564773
-8.552696
-8.540452
-8.528260
-8.515960
-8.503877
-8.491842
-8.479686
-8.467523
-8.454776
-8.441765
-8.428771
-8.415600
-8.402527
-8.389416
-8.376116
-8.362728
-8.349578
-8.336467
-8.323254
-8.310041
-8.296630
-8.283125
-8.269627
-8.256068
-8.241951
-8.227570
-8.213149
-8.198527
-8.183985
-8.169377
-8.154559
-8.139630
-8.124808
-8.109958
-8.094986
-8.079961
-8.064740
-8.049399
-8.034009
-8.018521
-8.003238
-7.987991
-7.972634
-7.957268
-7.941746
-7.926142
-7.910534
-7.894871
-7.878984
-7.862976
-7.846919
-7.830760
-7.814602
-7.798392
-7.782076
-7.765691
-7.748609
-7.731189
-7.713725
-7.696011
-7.678368
-7.660634
-7.642636
-7.624491
-7.606521
-7.588528
-7.570373
-7.552158
-7.533681
-7.515048
-7.496362
-7.477552
-7.458916
-7.440291
-7.421529
-7.402733
-7.383763
-7.364687
-7.345583
-7.326398
-7.306961
-7.287377
-7.267720
-7.247937
-7.228130
-7.208247
-7.188233
-7.168125
-7.148278
-7.128484
-7.108581
-7.088683
-7.068595
-7.048416
-7.028250
-7.008028
-6.987586
-6.967025
-6.946415
-6.925706
-6.905000
-6.884244
-6.863384
-6.842457
-6.821254
-6.799892
-6.778471
-6.756921
-6.735343
-6.713687
-6.691897
-6.670012
-6.648146
-6.626228
-6.604210
-6.582126
-6.559907
-6.537589
-6.515209
-6.492742
-6.473656
-6.455960
-6.438028
-6.421004
-6.403061
-6.385127
-6.368171
-6.351539
-6.333507
-6.315135
-6.297166
-6.279060
-6.261893
-6.245105
-6.228138
-6.211372
-6.193040
-6.174117
-6.155467
-6.136491
-6.118030
-6.099665
-6.080941
-6.062164
-6.044341
-6.026861
-6.009281
-5.991922
-5.974173
-5.956351
-5.938772
-5.921221
-5.901927
-5.881929
-5.862037
-5.841676
-5.821838
-5.802013
-5.781682
-5.761196
-5.741357
-5.721668
-5.701788
-5.681964
-5.661686
-5.641221
-5.620833
-5.600342
-5.580808
-5.561642
-5.542328
-5.523225
-5.503816
-5.484361
-5.465136
-5.445954
-5.426229
-5.406317
-5.386476
-5.366520
-5.346806
-5.327149
-5.307362
-5.287574
-5.266065
-5.243810
-5.221626
-5.198939
-5.176628
-5.154249
-5.131335
-5.108201
-5.085741
-5.063407
-5.040812
-5.018238
-4.995131
-4.971780
-4.948471
-4.925008
-4.902188
-4.879574
-4.856775
-4.834061
-4.811059
-4.787955
-4.764950
-4.741910
-4.718372
-4.694615
-4.670844
-4.646911
-4.623095
-4.599251
-4.575236
-4.551146
-4.527988
-4.505173
-4.482241
-4.459517
-4.436447
-4.413314
-4.390413
-4.367543
-4.344244
-4.320801
-4.297412
-4.273933
-4.250658
-4.227434
-4.204109
-4.180785
-4.156879
-4.132716
-4.108579
-4.084271
-4.060076
-4.035851
-4.011444
-3.986959
-3.962719
-3.938528
-3.914243
-3.889967
-3.865502
-3.840950
-3.816415
-3.791827
-3.765345
-3.738035
-3.710751
-3.682889
-3.655441
-3.627901
-3.599746
-3.571330
-3.543537
-3.515823
-3.487807
-3.459765
-3.431140
-3.402223
-3.373302
-3.344180
-3.315853
-3.287770
-3.259446
-3.231217
-3.202605
-3.173850
-3.145208
-3.116507
-3.087186
-3.057585
-3.027951
-2.998105
-2.968388
-2.938623
-2.908633
-2.878540
-2.849189
-2.820082
-2.790834
-2.761717
-2.732255
-2.702693
-2.673281
-2.643851
-2.614024
-2.584035
-2.554045
-2.523936
-2.493950
-2.463962
-2.433845
-2.403686
-2.372965
-2.341971
-2.310956
-2.279745
-2.248591
-2.217368
-2.185938
-2.154395
-2.123023
-2.091650
-2.060149
-2.028611
-1.996862
-1.964992
-1.933093
-1.901101
-1.870097
-1.839467
-1.808700
-1.778153
-1.747272
-1.716337
-1.685645
-1.654995
-1.623833
-1.592498
-1.561231
-1.529858
-1.498723
-1.467646
-1.436450
-1.405255
-1.373549
-1.341614
-1.309702
-1.277638
-1.245663
-1.213658
-1.181492
-1.149253
-1.117236
-1.085262
-1.053202
-1.021149
-0.988924
-0.956620
-0.924331
-0.891992
-0.858992
-0.825689
-0.792364
-0.758817
-0.725389
-0.691904
-0.658186
-0.624353
-0.590688
-0.557016
-0.523218
-0.489380
-0.455324
-0.421143
-0.386931
-0.352623
-0.318578
-0.284597
-0.250505
-0.216425
-0.182182
-0.147862
-0.113560
-0.079213
-0.044621
-0.009905
0.024847
0.059698
0.094528
0.129398
0.164373
0.199408
