0.224628
0.375067
-0.069881
0.155844
0.867314
0.114470
0.545780
-0.003448
0.488340
0.406938
0.358999
0.851417
0.454421
-0.289002
1.367922
1.613037
0.292571
-0.164796
0.335046
-0.219248
0.005630
0.260686
1.453917
1.400077
0.059598
0.532483
0.926944
1.074350
0.592031
1.344741
1.235384
0.641275
0.515405
1.305049
0.751197
0.904476
1.566166
0.976015
1.011351
1.129967
1.263474
0.895395
1.191570
0.634673
1.850342
1.423758
1.342462
0.436369
0.830259
1.459392
1.993276
2.169565
1.797031
2.546690
1.327418
1.454706
0.970300
1.951822
1.521666
2.400481
1.347537
1.982293
1.859880
1.604757
1.803306
0.810708
1.797379
2.239117
2.097686
2.559412
1.781377
1.909402
0.778167
2.140932
2.946733
3.100479
2.643790
2.539678
1.494504
2.436518
2.466543
2.276196
2.404621
1.871703
2.389116
3.062488
2.811204
2.239812
2.485798
3.249545
2.146754
2.955885
1.777259
2.980772
3.552199
2.840976
2.846961
3.005030
2.987415
3.228071
2.149861
3.107677
2.229979
3.255496
3.214351
3.272818
3.524186
3.934580
3.137757
2.629853
3.654046
2.666012
3.801403
2.937561
2.942081
3.026050
3.611876
4.018338
3.452568
3.714497
3.300732
3.646647
3.243675
2.996945
2.516461
3.349459
3.962062
3.400181
3.460582
3.855484
3.063698
4.312488
3.807374
3.595772
3.627613
3.636694
4.626090
3.982568
4.887842
3.729613
3.441785
3.723883
4.323741
3.736706
4.731558
3.806656
3.627698
4.281558
4.945882
4.248233
3.983421
3.912160
5.181136
3.705513
4.313519
4.259948
4.378258
3.859010
4.456405
4.695779
4.592827
4.695981
4.597208
5.061762
4.865967
4.592989
4.281555
5.803797
4.271762
5.131335
5.251427
4.246941
4.648389
3.978829
4.702029
4.861217
5.349542
4.074362
4.116544
4.772049
5.634691
4.542772
4.956200
4.777441
5.452209
5.802318
4.247867
4.809614
4.952563
5.047577
6.161251
4.986814
6.057526
4.751943
5.222079
5.553477
5.656925
6.132398
5.479887
5.069249
5.609091
5.923565
5.489394
4.500067
6.076650
5.045284
5.528945
6.166443
6.015640
5.824788
5.716861
5.688723
5.569207
6.378697
5.781523
6.360698
5.165505
5.996825
4.365806
6.428823
5.530823
6.135495
6.039822
6.034567
5.463389
6.199972
5.947695
6.575328
5.905008
5.842672
6.086973
5.666259
6.423203
6.403844
5.536680
6.008380
6.251886
6.206789
5.646536
5.689688
6.827012
6.022144
5.531715
6.313608
6.616644
6.797048
6.029420
6.082598
5.547303
5.965479
6.042755
5.382294
7.399799
5.673250
7.281164
6.693098
6.672306
6.318404
6.503069
7.007963
6.589978
7.607514
7.347606
7.021339
6.695642
6.969979
6.365664
6.904982
7.159373
7.114185
7.117716
7.440460
6.569105
6.141684
6.896252
7.249720
7.240802
7.329348
7.085476
6.930192
7.721127
8.384925
8.054452
7.557949
7.394557
6.062971
7.250807
6.984485
7.196852
7.726857
6.704477
6.860955
7.676325
7.170227
7.382932
7.876546
7.164952
6.942909
7.215765
7.150321
7.678393
7.026126
6.756426
7.272040
7.053755
7.583476
7.868043
7.383982
7.877228
8.505715
7.834051
7.703357
6.678607
7.639305
8.533634
7.752610
7.877854
7.071697
7.218629
7.853416
7.767722
7.737472
7.782228
8.336365
8.796508
7.789453
8.386130
7.578034
8.019308
8.613066
8.227108
7.708967
8.488135
7.594664
8.161864
8.571759
7.611151
8.426235
8.336070
7.922083
8.538157
7.809286
8.734108
8.147103
7.540474
8.018736
8.324555
8.465407
8.207463
8.159688
7.963402
8.314796
8.463601
7.861905
7.825221
8.664435
8.678874
8.713456
8.656457
9.138326
7.475322
8.272633
8.541253
7.919846
8.346920
8.312083
9.392618
9.020232
8.373474
8.419516
8.944382
7.909910
8.400434
9.372054
9.118551
8.189146
9.445951
8.728509
8.588791
7.853322
8.423823
8.932534
8.095935
8.737365
8.813500
9.672208
9.101012
8.079156
8.482271
9.223055
8.566520
8.746094
8.287201
9.333651
6.782160
8.589579
8.557045
8.388083
9.382267
9.821625
8.637109
9.736001
9.356091
8.442065
9.380630
8.463077
8.359508
7.919140
9.137880
9.392054
9.080575
9.134250
9.468395
8.089456
9.042634
8.885981
9.320962
9.356124
8.875733
9.436809
8.943668
8.546020
9.569409
9.199017
8.531161
8.867908
8.812716
9.024786
9.107936
9.412733
9.383639
8.657061
8.430229
9.086886
9.203413
8.115799
8.835655
9.555788
9.395322
9.802707
8.537395
9.209862
9.434511
9.103822
9.438029
9.832883
8.912628
8.816166
9.129410
9.345471
9.617669
9.302496
9.542802
9.041891
9.057788
9.729167
9.409443
9.993093
8.484719
9.662266
9.099574
9.083978
9.347078
8.907905
8.926688
9.528530
9.052864
9.060242
8.604797
9.517084
8.420849
9.231728
9.248255
9.379785
9.690423
9.163274
8.613183
8.155256
9.432819
9.642249
8.934000
9.237610
9.066000
9.443373
10.308155
9.041082
9.880476
9.703177
9.358295
8.866224
9.383148
9.070772
10.145804
9.740728
8.086181
9.325137
9.761363
9.329289
9.433670
9.951571
10.133053
9.424743
9.926534
9.647920
8.712225
8.812387
10.071627
10.072977
9.975201
10.085853
9.736474
9.655318
9.392926
10.239019
8.818062
10.139197
10.003046
10.012656
9.503610
9.812578
8.699660
10.744723
9.626956
9.314391
9.213666
9.378888
9.906498
8.709739
10.065476
9.240710
10.058980
9.741048
9.944908
9.381500
8.952452
9.053235
8.316588
9.941566
10.078456
9.130481
9.368913
9.734063
9.144167
8.877590
9.379286
9.521315
8.388029
9.306818
9.792757
9.667759
9.771844
8.936594
8.976243
9.959956
9.203686
9.348062
9.175593
9.120329
8.839536
9.109312
9.304399
10.147698
10.180398
9.553519
10.378882
9.516668
9.635353
9.138856
9.483066
8.850557
9.008117
8.524418
9.329717
9.311908
9.182078
9.618249
9.642480
9.335881
9.436107
9.381759
9.453116
9.647395
8.941094
9.097488
9.049397
9.386371
9.229262
9.858397
9.987560
9.216206
8.941898
8.921191
9.015578
8.340890
10.131555
8.828406
9.279426
8.994953
8.290002
9.378612
9.066899
9.925431
8.702963
9.103574
8.454392
9.579777
9.114724
8.468783
8.933527
8.978545
9.030533
8.171873
9.169740
8.794937
8.789814
9.020697
9.140032
8.168746
8.899422
9.516438
8.574189
7.666272
9.799217
9.221242
9.902800
9.426140
9.139900
9.821369
9.167873
8.883331
9.181263
8.976716
8.720138
8.401243
7.668570
8.273947
8.877886
8.999035
8.369724
8.718946
8.281589
9.651160
8.408960
9.465273
9.015428
8.496477
8.378492
8.838256
8.070405
8.911904
8.600044
8.281219
9.992808
9.588677
8.683828
8.609092
8.073534
8.693393
8.985746
7.933646
8.598018
8.093854
8.944992
8.975506
8.246838
8.122670
8.484728
7.575616
8.940336
8.421865
8.127054
8.820731
8.119257
8.094072
7.171807
8.285868
7.879013
8.388806
8.354142
6.792568
8.052968
8.362949
7.744751
8.466769
8.104734
8.190370
7.882093
8.746064
7.632571
7.765666
8.366449
7.384895
7.932134
7.848374
7.287563
7.765958
7.406035
7.849812
8.861702
9.831006
8.183579
7.958597
7.664351
8.621563
6.909780
7.982481
8.923036
7.327318
7.864062
7.693266
7.648734
8.125830
7.910329
6.735555
7.689600
7.499583
8.381671
7.968839
7.217122
7.511152
7.077930
7.805753
7.577747
7.703386
7.811616
7.165172
8.168463
7.495543
7.755143
6.947964
7.585917
7.338011
7.162842
6.823466
8.390112
7.467435
8.633695
7.441474
7.351690
7.087481
7.257424
6.542631
7.042506
7.134546
6.796641
7.652786
6.954702
6.800674
6.330670
8.213120
7.387947
6.598793
6.822072
7.193840
6.690258
6.852758
7.301791
6.295921
7.489221
6.294056
7.235067
6.471593
6.442873
6.500337
7.874856
7.015681
6.764362
6.003329
6.577348
6.582758
5.822825
7.178199
6.836490
6.160121
6.207562
6.685858
6.326889
6.684819
6.177239
6.583345
6.090866
6.624327
6.513767
6.049413
6.646231
5.322633
6.117851
6.872474
5.897345
5.935442
6.604827
5.863868
6.836576
6.826141
5.801629
5.903789
5.884466
5.707626
5.386675
4.947653
6.354963
5.979513
6.320106
5.413997
6.091281
6.362981
6.183202
5.465256
6.120697
6.130514
5.354313
4.952829
5.199577
5.555083
5.376317
6.521554
5.506544
5.672603
5.731984
5.180458
5.844641
5.469008
5.472831
5.353617
5.419420
5.818325
4.985827
5.083343
5.323121
5.026441
5.597421
5.392878
5.388652
5.516808
5.047633
5.029289
4.976931
5.776163
5.084448
4.851712
5.127646
5.131408
4.270659
5.050506
4.935212
4.740794
4.820290
4.896863
6.206036
4.647986
4.499042
3.959849
4.817568
4.941693
5.273462
5.533678
5.568911
3.997455
4.121780
5.352778
4.445742
3.356266
4.843385
5.181022
4.892810
4.617691
4.513596
3.852860
5.082519
3.960575
5.083235
4.444593
4.095221
3.702813
4.497529
4.860948
3.958026
3.660844
2.963802
4.162208
3.929663
3.498422
4.156488
4.586393
4.374735
4.655860
2.828746
3.445726
3.964697
3.435472
3.565625
4.695759
3.401720
4.261632
3.246034
3.562921
3.667753
3.504649
2.983238
3.858246
2.574109
2.812700
3.173098
3.722909
3.807172
2.538538
2.887564
3.516211
2.948754
2.672921
2.668255
3.557322
3.081965
2.529951
3.368240
2.742191
3.463873
2.879717
2.616649
3.059900
3.028904
3.413914
2.979656
2.953794
2.285359
2.271381
3.299226
2.843860
2.525887
2.532402
2.161200
2.251992
2.832125
3.368837
2.751682
3.343453
2.717526
2.912239
2.543822
2.215535
2.029517
0.913493
2.338017
1.992919
1.992828
1.881595
1.116713
2.651794
1.626717
1.628497
2.472040
0.919887
1.932644
2.563472
1.799418
1.155752
1.289739
2.956619
1.966895
2.229198
1.287501
1.226378
1.924964
1.505121
1.613098
2.506821
0.678650
1.394673
1.638857
1.571852
0.767633
1.546497
2.090029
1.938575
1.407243
1.455407
1.299001
0.940606
1.319129
1.538930
0.577809
1.763158
0.932810
1.307431
1.443636
0.243568
1.634569
-0.096682
0.450064
0.990104
0.364539
1.326458
0.543208
0.964344
1.567464
1.164178
1.165397
1.111179
0.477034
1.107525
0.520128
0.511555
-0.236994
-0.323132
1.076577
0.904551
0.700437
-0.334079
0.831143
1.030308
0.131540
-0.016951
-0.246481
1.179918
-0.174146
-0.387977
0.642734
0.375193
0.551989
-0.145481
0.405989
-0.037790
0.235314
0.589503
0.497278
-0.365594
-0.040249
1.142198
-0.054459
0.574560
-0.744795
-0.087111
-0.035019
-1.852759
-0.978062
-1.026344
-0.321384
-0.459043
-1.364485
-0.411260
-0.457439
-0.584999
-0.169435
-0.619783
-1.223461
-1.254089
-0.406378
-1.571922
0.068401
-1.767533
-0.504481
-0.692193
-1.326227
-0.576034
-1.488995
-0.869640
-1.371502
-1.461684
-0.839539
-1.631460
-1.109474
-1.518076
-1.339916
-0.706980
-0.693905
-1.376542
-2.048410
-0.827244
-1.629859
-0.053628
-1.803890
-1.030279
-1.922999
-0.532112
-1.667360
-0.889681
-1.148005
-1.426144
-1.943935
-1.488927
-1.802414
-0.910182
-1.367084
-1.477483
-0.749091
-1.451740
-1.625319
-1.396979
-2.314501
-1.780128
-1.886831
-2.395406
-1.957786
-1.630215
-2.157158
-2.452081
-2.291256
-2.217553
-2.309106
-2.183786
-2.086487
-2.437090
-2.768193
-2.542423
-1.899610
-2.216632
-2.398146
-2.639129
-3.250888
-3.066489
-2.782069
-1.939348
-1.851306
-2.486883
-2.141341
-3.270043
-2.807726
-2.109286
-2.197057
-2.898283
-2.811193
-2.764657
-2.261764
-2.988885
-3.402946
-2.061500
-3.015255
-3.250254
-2.950670
-2.769601
-3.261636
-2.954681
-3.270448
-3.511588
-2.726809
-3.245406
-2.510852
-3.133144
-3.292575
-3.256817
-2.235004
-1.676157
-3.309931
-2.477926
-4.067009
-3.709225
-4.041322
-3.257349
-2.383395
-3.547023
-2.876647
-4.124512
-3.324531
-4.123819
-3.343628
-3.373645
-3.246684
-3.201273
-4.566722
-3.653816
-2.668353
-3.348074
-2.940122
-4.719281
-4.317943
-4.914311
-4.038118
-4.260529
-3.773350
-3.906054
-4.286100
-4.042468
-4.375511
-4.046305
-4.194037
-3.766599
-4.902443
-3.979484
-4.326225
-3.568831
-4.672919
-3.560173
-4.133651
-4.488298
-4.446170
-4.486561
-5.313736
-4.455844
-4.639700
-5.312691
-4.649000
-4.047870
-4.899329
-3.940758
-5.452930
-5.847086
-4.336393
-5.014981
-5.129070
-4.684165
-4.787616
-4.111204
-4.783401
-5.145080
-4.800147
-5.435835
-4.826991
-4.665802
-4.404180
-4.739893
-5.003744
-5.478227
-4.928973
-6.337160
-5.491440
-4.879305
-4.171423
-5.497248
-4.865512
-4.735029
-4.592148
-5.031649
-5.065372
-6.451873
-6.179606
-5.235852
-6.031450
-5.584444
-10.490292
-10.529153
-10.936195
-9.948715
-10.337909
-9.618732
-9.704721
-10.689475
-9.507872
-10.480553
-10.427726
-10.558246
-9.830452
-11.460658
-10.222252
-10.229980
-10.996313
-11.495188
-10.439507
-10.045754
-9.829984
-10.630166
-9.848741
-11.041752
-10.980719
-11.270427
-10.062820
-11.049897
-10.481721
-10.878231
-11.671300
-10.781049
-10.359425
-10.632057
-10.814419
-10.932730
-9.927649
-10.741195
-11.182593
-11.832245
-10.679355
-11.332558
-10.459423
-11.186430
-10.212448
-10.312899
-10.498611
-11.214360
-11.028341
-11.218118
-10.972134
-11.727064
-11.266358
-11.703431
-12.414155
-11.254898
-11.181217
-10.884979
-10.934936
-11.184291
-11.290080
-11.531814
-11.942394
-10.895504
-12.014090
-11.827147
-12.390244
-12.263339
-11.847067
-11.255174
-12.170762
-12.025221
-11.877263
-11.855987
-10.745418
-11.523503
-12.154386
-12.156006
-12.827380
-12.222330
-12.302047
-12.126152
-11.979128
-11.267741
-12.141186
-12.437483
-11.846732
-12.588343
-11.863079
-12.027854
-11.249727
-11.944299
-12.012334
-11.723418
-12.476242
-12.092783
-12.704039
-11.437189
-13.003701
-11.473770
-12.199275
-12.883756
-12.723789
-12.292638
-11.849771
-11.641884
-12.809622
-12.784859
-12.325865
-12.601378
-12.579463
-12.186130
-13.154873
-12.711812
-12.090030
-12.376788
-12.739446
-13.000547
-13.136574
-12.530366
-12.961524
-13.690058
-12.743961
-12.622441
-12.763420
-13.758735
-12.808065
-13.067553
-11.661207
-12.674170
-14.043605
-12.570939
-12.896150
-13.045903
-12.437646
-13.247738
-12.987777
-13.011400
-13.253672
-12.342758
-13.076289
-13.124459
-13.970909
-12.448276
-12.322851
-13.604141
-13.319566
-13.040734
-12.818018
-13.261739
-12.545302
-12.689294
-12.621928
-13.001598
-13.205378
-13.614696
-12.636945
-13.505165
-13.316793
-12.021376
-12.736784
-13.115176
-14.087596
-12.663373
-13.775355
-14.592187
-13.260394
-13.111356
-13.017907
-13.573555
-12.938244
-12.381986
-12.187396
-12.829920
-11.841492
-13.467217
-13.555004
-13.119970
-13.464193
-13.309686
-13.057434
-13.424571
-13.841772
-13.824633
-13.345546
-13.691357
-13.255629
-13.350438
-13.422708
-13.965732
-12.822035
-13.783522
-13.259176
-13.782767
-13.139466
-13.390533
-13.396382
-13.620036
-13.174000
-13.498156
-13.524758
-12.996626
-12.863346
-13.302650
-13.471158
-13.200984
-14.362550
-13.714985
-13.909594
-13.354054
-14.029007
-13.152708
-13.768683
-13.406268
-12.912568
-14.064502
-14.040754
-13.798510
-13.572364
-13.591194
-13.745111
-14.114290
-13.422808
-14.702115
-14.848685
-14.116280
-14.213142
-13.807875
-13.739049
-13.521464
-13.570424
-14.598866
-13.325199
-14.508429
-13.280981
-13.200168
-13.816719
-13.822267
-13.899256
-13.515685
-13.592987
-14.870630
-13.674202
-13.394048
-14.057386
-13.742807
-14.585395
-13.678834
-14.253966
-13.343438
-14.380256
-14.012870
-14.037270
-13.040049
-14.623679
-14.071332
-14.570957
-13.830894
-13.459323
-13.779083
-14.732320
-13.701468
-14.622494
-13.320341
-14.385268
-15.425765
-13.787782
-14.989103
-13.268321
-13.982223
-13.339432
-14.681310
-15.310140
-14.781526
-14.480656
-13.812867
-13.755950
-14.572312
-14.328285
-15.139199
-13.858207
-15.556904
-13.686999
-14.066026
-14.230951
-13.583329
-13.961857
-14.595756
-14.301829
-14.438203
-14.655014
-13.178102
-14.386792
-14.038915
-15.005041
-13.806821
-14.510202
-13.849804
-13.372171
-13.943738
-13.821207
-13.714765
-13.614420
-13.929055
-13.503808
-14.355635
-14.460600
-15.147022
-14.376732
-14.721348
-14.064991
-13.915429
-13.716599
-13.283220
-13.946200
-14.337525
-13.746626
-14.484316
-13.798575
-14.634927
-13.192009
-14.326726
-14.222232
-13.840217
-14.568579
-14.254683
-14.831743
-13.615103
-14.402375
-13.654834
-13.636245
-14.760588
-13.610553
-14.206739
-13.530219
-13.380512
-14.600828
-14.460009
-14.481638
-13.715338
-14.173770
-15.102651
-13.996299
-13.715175
-14.072135
-14.043619
-14.084933
-14.632472
-14.536931
-14.157590
-14.214605
-13.774987
-13.830152
-14.683451
-14.369894
-14.058381
-14.124218
-13.864116
-14.123010
-13.565161
-13.816216
-14.077092
-14.331327
-14.716005
-13.529463
-14.229636
-14.039803
-13.634261
-14.590107
-14.338643
-14.523133
-13.376695
-13.624164
-13.508126
-13.760285
-13.960007
-14.365823
-14.564157
-14.530382
-12.507392
-13.931122
-13.825982
-14.762890
-14.044452
-13.639193
-14.197830
-14.461086
-13.525328
-14.342361
-12.823971
-14.078086
-13.953392
-13.712522
-14.803091
-14.088296
-14.359284
-13.891536
-13.512304
-13.726185
-14.341645
-13.939953
-13.618194
-14.183198
-13.434034
-13.632120
-14.023377
-14.354200
-14.869377
-13.213578
-14.009276
-14.122822
-13.402284
-13.764768
-12.904250
-13.393086
-13.693924
-13.780319
-12.919803
-12.787623
-12.932074
-13.839806
-12.291660
-13.527064
-13.469201
-14.106716
-13.118623
-13.892994
-13.803855
-12.938821
-13.324799
-12.818240
-12.646184
-12.828611
-12.954314
-12.875452
-12.322854
-12.547902
-13.428142
-13.451492
-12.267546
-13.814624
-13.327727
-14.011404
-13.134290
-13.722038
-12.684635
-13.641251
-12.742290
-13.131747
-13.298370
-12.221933
-13.173453
-12.262671
-13.753415
-13.827246
-12.161712
-13.473488
-13.927489
-13.749978
-13.386278
-14.077119
-12.856300
-14.078870
-13.162061
-13.085023
-12.920184
-12.057487
-12.714215
-12.739966
-12.882406
-12.460104
-12.786442
-12.869708
-13.067843
-13.203483
-13.062522
-13.551741
-12.648800
-13.293570
-12.542088
-12.496559
-14.061556
-12.394140
-13.372550
-12.798678
-12.625290
-12.384188
-12.901254
-13.367263
-12.552331
-12.944000
-13.349098
-11.577878
-12.805310
-12.529516
-12.300091
-12.659011
-12.622300
-12.057385
-10.778035
-13.030429
-12.099291
-13.598325
-12.486744
-11.321879
-12.439894
-11.769552
-12.514055
-12.105136
-12.455711
-12.699454
-11.325854
-12.687121
-12.061383
-12.990251
-12.703043
-13.026783
-12.369703
-12.015516
-11.938068
-12.388121
-11.866243
-11.880626
-12.172843
-12.516603
-12.186022
-11.930268
-11.386547
-13.247337
-11.705798
-11.313799
-11.662922
-11.713720
-12.124584
-11.768713
-12.341889
-12.395312
-12.621795
-12.035432
-10.949302
-11.964985
-12.014046
-11.857612
-11.801901
-11.722579
-11.611365
-11.426426
-12.347324
-11.277127
-11.552280
-10.882679
-12.029556
-12.347590
-11.378501
-10.352163
-11.207588
-12.264485
-12.083393
-11.516333
-11.725022
-11.219493
-11.788514
-11.292165
-11.387992
-11.896953
-11.363353
-11.618416
-11.599967
-11.511423
-10.539672
-10.174083
-10.559880
-11.412897
-10.873426
-11.395004
-10.994639
-10.713141
-11.300054
-11.114487
-10.764345
-10.688299
-11.029881
-10.969560
-9.453352
-10.466455
-10.711621
-10.857165
-11.288308
-9.624254
-11.866879
-9.942950
-10.724721
-10.860770
-10.587633
-10.421769
-11.109831
-11.182384
-9.985620
-10.535821
-10.718561
-11.396702
-10.838220
-10.930959
-10.752162
-9.775341
-10.554536
-10.524680
-10.681673
-10.929253
-10.536173
-10.093803
-10.223960
-9.981448
-10.311993
-10.870049
-10.696977
-10.475511
-10.915479
-10.916206
-10.556869
-9.444050
-11.166907
-9.915127
-10.336439
-9.675140
-9.948003
-9.406780
-10.210014
-9.272799
-9.979495
-10.735381
-9.342781
-9.166917
-10.452113
-10.323473
-10.129200
-10.904686
-10.253454
-10.568670
-10.952982
-9.543074
-9.198132
-9.560667
-9.145975
-9.244836
-9.933639
-9.920115
-9.717910
-9.693568
-9.394827
-9.318510
-9.065996
-9.313715
-9.207844
-10.068530
-9.060266
-9.238532
-9.907780
-9.337877
-9.552699
-9.025482
-9.327371
-9.519658
-8.408547
-9.398747
-8.865770
-9.041242
-9.013244
-8.704098
-9.316592
-8.202035
-9.000998
-8.582143
-8.045833
-9.149787
-9.468542
-8.086671
-8.474901
-8.826772
-8.739436
-8.584148
-9.329414
-9.527460
-8.869471
-8.566189
-9.159921
-8.310561
-8.217639
-8.714638
-7.956940
-8.591207
-7.754783
-8.760760
-8.620193
-8.107711
-7.580420
-7.923686
-8.269588
-8.880057
-8.084466
-8.392057
-8.242924
-8.980683
-7.911740
-8.031506
-8.189781
-7.892742
-8.449251
-8.071479
-8.011631
-7.200565
-7.546774
-7.504616
-7.795839
-7.560240
-7.014704
-7.328232
-8.076597
-7.984359
-8.100870
-7.206031
-7.485971
-7.260287
-6.377764
-7.730274
-7.925738
-7.032483
-7.952481
-7.814531
-6.859197
-8.087235
-6.187709
-7.190983
-7.506886
-6.473333
-7.183593
-7.045408
-7.104216
-6.866007
-7.001525
-7.042428
-6.693869
-7.332338
-7.460356
-7.020423
-6.721224
-6.772334
-6.316666
-6.399813
-7.197761
-6.818628
-7.194906
-5.432547
-6.722644
-6.260907
-7.479662
-6.103066
-5.248374
-7.158466
-5.908013
-6.843069
-7.111289
-6.680962
-5.985985
-5.962058
-6.338282
-5.978368
-6.052663
-5.444884
-5.939131
-6.352897
-5.736358
-6.793334
-6.118404
-6.434437
-6.147413
-5.727807
-6.155617
-6.162191
-6.463251
-4.974432
-4.927846
-4.732412
-5.054298
-5.205412
-6.542066
-6.601577
-5.771239
-5.191764
-5.354262
-5.191551
-5.609928
-5.842186
-5.579925
-5.991756
-4.701654
-4.390630
-4.900108
-5.277075
-5.890085
-5.738828
-5.277616
-4.947826
-4.761332
-5.180345
-4.861489
-5.246643
-4.810849
-5.562339
-5.042525
-4.707216
-5.298382
-5.562444
-5.290609
-5.141762
-5.324308
-4.441325
-5.159557
-4.618396
-4.279809
-4.881883
-4.484571
-3.595061
-4.371235
-4.710492
-4.843919
-5.124693
-4.743146
-4.146734
-4.119845
-4.101992
-4.692849
-4.664584
-4.015574
-3.656005
-3.982094
-3.771014
-4.710707
-3.923429
-3.741631
-4.334620
-4.718959
-4.497888
-3.743322
-3.860337
-4.283085
-3.414050
-4.155944
-3.630040
-4.474520
-3.800021
-2.922446
-4.446334
-3.603822
-4.218052
-4.651505
-3.536966
-3.642617
-3.604597
-2.654138
-3.211807
-3.319240
-2.823235
-3.874293
-2.718078
-3.927420
-3.483013
-2.655634
-3.265865
-3.439019
-3.400484
-2.535691
-3.242284
-2.456331
-2.693236
-2.070873
-3.507809
-3.109981
-2.004042
-2.758499
-2.661981
-2.999221
-2.812132
-2.991496
-2.951320
-2.720552
-3.658907
-2.688665
-3.367262
-2.818256
-2.776718
-2.990436
-3.264204
-3.389484
-2.468787
-2.188977
-2.334334
-2.491960
-1.878583
-2.317005
-1.910830
-1.167941
-3.055870
-2.732962
-2.416763
-1.418433
-1.800148
-1.661304
-1.604749
-2.427593
-1.614486
-1.325320
-2.707293
-1.870882
-2.350069
-1.681667
-1.812652
-2.327955
-1.108369
-0.946317
-1.643128
-2.001796
-1.488896
-1.970143
-2.028620
-2.304245
-2.185793
-1.023381
-1.575907
-1.348173
-2.103290
-2.053426
-0.665586
-0.994176
-1.436757
-2.228463
-1.317240
-1.027822
-1.388675
-2.195992
-1.536133
-1.240681
-1.858933
-1.376841
-1.107747
-1.053802
-1.849352
-0.708255
-1.161724
-1.122294
-0.934046
-1.169288
-1.348581
-0.759516
-0.539259
-0.729246
-0.382571
-0.575523
-0.010775
-1.155552
-1.279264
-0.967465
-0.549264
-0.836059
-1.256198
-0.502999
-1.035795
0.261011
-0.225024
0.121400
-0.827504
-0.014704
-0.684551
-0.444964
-0.977403
-0.251501
-1.039110
-0.483464
0.057056
0.151057
0.036313
-0.098132
-0.954575
0.324469
-0.058875
-0.161968
-0.175274
-0.020790
0.428989
0.601416
-0.901042
-0.586229
-0.819535
-0.146583
0.219400
0.443214
0.134279
0.293854
0.068755
1.100657
0.475267
0.010944
0.854864
0.491260
-0.455878
1.772447
0.774878
1.034767
0.018627
0.240359
0.552955
0.287984
0.335754
1.764781
0.121403
0.836953
0.588744
0.785007
0.168910
0.608051
0.573171
0.438529
0.584753
0.994510
0.371258
0.497114
0.911306
0.766693
0.928869
0.521579
1.462997
1.671675
1.203063
1.337095
0.573111
1.330485
1.752926
1.770400
0.064122
0.889035
1.272393
1.455244
1.826345
1.214744
1.491902
2.237662
2.102665
0.693854
1.408962
1.059358
1.682691
1.406457
0.960380
1.674594
0.506541
1.464864
1.411587
1.463198
1.823912
1.652773
2.838156
1.371803
1.699689
1.569179
1.864367
1.975802
1.495952
1.966355
2.303545
2.279191
1.725617
2.549783
2.355266
2.254755
2.170328
0.887669
1.269805
0.880094
1.924438
2.353084
2.260875
1.673044
1.835123
1.903040
3.205687
2.030968
1.980991
2.203515
1.040212
2.647965
1.575410
2.012293
2.435189
3.597022
1.884490
2.197732
2.340396
1.794827
1.640540
2.763977
2.063616
3.605540
2.995445
2.403550
3.075784
2.267624
3.328194
2.026078
3.333173
2.903428
3.345060
2.842156
1.617096
2.355827
3.130458
2.980062
2.557670
2.919252
2.432792
2.427589
2.003817
3.139130
2.430806
2.454523
3.618853
3.058046
2.921877
2.584974
4.037928
3.513283
4.274885
2.707765
2.480949
3.771903
3.633723
3.556044
2.079184
3.410922
3.716017
3.735516
2.147707
3.306386
3.405935
3.356183
3.012445
3.725004
2.693462
2.709614
2.345011
3.822206
3.494641
3.455637
3.932788
3.406808
3.251937
3.990170
2.698111
3.552411
2.518106
3.685720
3.797301
3.987328
3.020877
2.995673
3.903619
3.621741
3.875500
3.124919
3.937736
3.318763
4.346044
3.731762
3.946397
3.644412
3.463911
2.967873
3.213407
3.710664
3.277224
3.472744
2.557429
3.289741
4.235655
3.555844
2.945030
3.615047
3.040618
4.060945
3.861018
4.288736
3.298893
4.549504
2.194329
3.690150
3.948391
3.741889
4.785084
3.611162
3.944650
4.924817
3.680654
3.358133
3.381618
3.726464
3.757592
3.252211
5.127297
3.852604
4.220238
3.282295
5.078307
3.748391
3.951945
3.388033
4.242672
4.408472
4.299215
4.286146
5.311606
4.583136
3.778249
4.699145
3.916624
4.739711
3.881280
3.684744
3.803660
4.828713
4.040297
4.390995
4.840994
5.234180
4.410802
4.301174
4.628970
4.344816
4.224606
3.813190
4.538672
4.268531
4.546862
4.034241
5.775439
4.706296
4.678427
4.400752
5.088571
4.397366
4.287205
4.056098
5.520167
4.926324
4.161951
3.637444
4.571745
4.405763
4.616019
3.804079
3.461300
4.268288
4.813905
4.530067
4.318346
4.098353
2.964757
5.213024
5.171923
4.822095
5.306979
3.677079
5.005251
4.659157
4.724922
3.991538
4.379321
5.083518
5.609637
4.841651
4.405267
4.869327
5.132406
4.151243
4.657742
4.952856
4.526109
4.630668
4.703101
5.182322
4.451297
4.560248
4.812225
4.326691
4.659290
4.764004
4.899848
4.787744
5.716475
4.788696
4.733148
4.456584
5.073884
4.368081
4.117388
4.232036
4.321624
4.589074
4.577975
4.636934
4.816087
4.605409
4.581462
4.837896
5.304516
4.361907
5.285736
4.627477
3.509697
5.203068
5.010493
4.688943
4.351461
5.551134
4.407082
4.073631
4.771091
4.112609
4.704453
4.479031
4.709788
3.782371
4.546153
4.357092
4.874169
3.954222
4.655243
4.326970
5.028402
5.362248
4.903947
5.045802
5.071399
4.152693
3.951728
4.525343
4.802243
4.449335
5.149069
3.882942
5.093787
3.889578
4.644459
4.665931
4.616603
5.898907
4.627548
4.937543
3.909887
4.372488
4.570681
4.568715
4.181733
5.261075
3.538469
5.788873
4.030378
4.675948
5.024193
4.250559
5.325349
4.904841
4.744898
4.837834
5.220352
3.870940
5.540429
5.187723
4.767961
4.709321
5.062006
4.595767
4.508557
4.962292
5.139880
4.550066
4.917572
3.387679
5.258334
4.493700
4.199359
4.035749
3.905335
4.978070
5.437847
4.881347
5.198836
4.464546
4.362505
4.752245
4.280634
3.462427
4.226582
4.671058
4.494059
4.531253
4.881929
3.864812
4.538963
4.077854
4.331390
5.292862
5.255283
4.402514
3.829933
5.408478
3.591585
4.176094
5.114483
5.353725
4.548080
4.637566
5.045074
4.212045
4.497698
3.907046
4.174312
4.359301
4.652080
4.645511
3.780870
5.455328
4.229059
5.011221
4.623444
3.989247
3.775419
4.362798
5.208843
4.202256
5.343711
4.476217
4.363831
4.017242
3.810151
4.770210
3.502782
3.694856
3.588081
4.428036
4.037715
4.486786
4.227977
4.217947
3.560022
4.281911
4.715691
4.689622
4.503961
3.276487
4.362078
4.134705
4.163555
3.818650
4.399280
3.593632
3.933604
3.763696
4.037827
3.643434
3.583232
3.614918
4.523575
3.855077
4.738126
3.964411
4.060907
3.747112
3.680037
4.772544
4.125079
3.904817
3.351923
3.525661
3.839143
3.407245
3.320061
3.862392
3.573692
3.745762
2.836177
3.777497
3.571950
4.257247
3.676749
3.819961
3.448251
3.617975
3.250850
3.454314
3.773975
3.442177
3.551892
3.277184
3.003424
3.501649
3.195760
3.192426
2.544668
2.604038
3.683059
4.162941
3.507837
2.851223
2.860608
2.460886
3.069113
2.711336
3.124541
4.177130
2.617870
3.631123
3.114794
3.141675
2.368997
4.789841
2.958009
3.056304
2.985244
3.080950
2.520188
1.947756
3.043783
2.634687
2.354927
3.357632
3.182593
3.252884
2.848993
2.807584
2.678424
1.954305
3.041570
2.684087
3.131429
2.529994
3.460101
2.671789
2.381208
2.999113
2.778786
3.570348
2.789613
1.943901
2.365532
1.902825
2.978312
1.116611
1.659075
2.358449
3.277397
2.165292
2.455663
2.280112
2.202343
2.424477
1.990948
2.588640
2.363223
2.055950
2.111079
2.439095
2.162203
2.296435
2.802891
2.570265
1.801565
0.974620
2.333923
2.239648
1.715361
1.652346
1.711868
2.157991
2.935588
1.704110
2.134726
2.063383
1.990146
1.770771
2.215673
2.178137
1.651792
2.865492
2.218744
2.193751
1.782601
2.461661
1.555592
2.061492
1.417588
1.071445
0.832126
2.728135
1.619990
0.800716
2.045477
1.889876
2.320875
1.657732
1.541643
1.790415
1.757726
1.283986
1.549605
1.461786
0.959153
1.730467
0.489679
1.683252
1.147739
1.638173
1.467976
1.412033
-0.138325
1.819811
1.928238
0.243149
1.586033
0.744846
2.182823
0.017747
1.048134
0.894274
-0.201547
0.431064
0.752011
1.120034
0.883437
1.493351
1.088860
1.010356
0.419051
1.079224
1.012191
1.198329
0.099130
1.031205
-0.118295
0.798704
1.849815
1.016757
-0.261060
0.475736
0.269618
0.291011
1.436077
0.076762
-0.574928
0.118558
0.365900
0.085431
0.029827
0.240332
0.002988
-0.526273
-0.056469
0.809166
-0.474208
-0.577845
-1.043689
0.127217
0.060982
-0.565627
-0.300947
-0.203494
2.079747
0.308738
-0.043694
0.541714
-0.622864
-0.179072
-0.063933
-0.291221
-0.299197
-0.614067
0.207689
-0.753412
0.182861
-1.287946
-0.547999
-0.149451
-0.737660
-0.212087
-1.263568
-0.785052
-0.499532
-1.694737
-1.289255
-0.076310
-0.417417
-1.015095
-0.384417
-0.604720
-0.788901
-0.943124
-1.639374
-0.934305
0.176845
-0.720266
-0.374347
-0.758211
-1.297722
-1.740912
0.124325
-0.498147
-1.462064
-0.064855
-1.629653
-1.403250
-1.541431
-1.123431
-1.548338
2.766338
3.553901
3.225950
2.495291
3.834486
3.726336
3.785980
3.344672
3.533685
3.284472
2.907933
2.977626
2.755748
3.317849
3.048286
2.437773
3.366363
2.651639
2.986761
2.539133
3.258981
2.899733
2.101750
2.033856
2.483874
3.029465
3.058445
2.592104
3.096175
2.960435
2.467352
2.777082
1.915515
1.850705
2.090705
2.458065
2.028184
2.156657
2.109398
2.163373
2.247795
2.417019
2.409921
3.080796
2.038106
1.758307
2.069601
1.947820
2.214911
1.788632
2.085367
1.773497
1.778379
2.121334
1.573392
2.692486
1.608317
2.077985
1.238953
2.345897
1.797420
1.330616
2.391384
2.395621
1.885942
1.222188
2.182886
0.655676
0.982548
1.606595
1.259777
2.059467
1.021315
1.403943
1.443072
1.073299
1.648767
1.204328
1.781923
0.785170
1.096173
0.964445
1.204864
1.079812
0.835422
1.491363
1.358935
1.199971
0.845505
0.930417
1.413139
1.012887
1.301698
0.436897
1.093309
0.842630
0.761890
0.544654
1.060080
0.517621
0.802041
0.127899
-0.116347
-0.251314
-0.220419
0.786459
0.525083
0.997601
1.333413
1.001691
-0.858357
0.700621
-0.207710
-1.218249
0.346228
0.853522
0.326931
0.325013
0.095153
-0.075014
0.479192
-0.447061
0.523279
0.472976
-0.794695
-0.106193
-0.350563
-0.165444
-0.286115
0.303832
-0.387585
0.259771
0.432690
-0.323950
-0.657614
-0.163845
-0.703646
0.197463
-0.089984
-0.240684
-0.702916
-0.919436
-0.956203
-0.439051
-0.119505
-0.729498
-0.833542
-0.948488
-0.508266
-1.090118
-0.712374
-1.776203
-1.618574
-1.577263
-0.562694
-0.601604
-1.066393
-0.673985
-0.384974
-1.498937
-1.047891
-0.751911
-1.363557
-1.289912
-1.357021
-1.160746
-1.464813
-1.505513
-1.685751
-1.793727
-1.766664
-2.045470
-1.507113
-0.949885
-2.162597
-1.727709
-0.984980
-1.900999
-1.506350
-1.013973
-1.353714
-1.642068
-2.002057
-1.525556
-1.851436
-2.223910
-1.932303
-2.490953
-2.092986
-1.550130
-3.163125
-2.064345
-1.640498
-2.147820
-1.628170
-3.183289
-2.843056
-2.300223
-2.744111
-2.641148
-2.540791
-1.739236
-1.823010
-2.875877
-2.291942
-2.705756
-2.790862
-3.191908
-2.148465
-2.250095
-2.069221
-2.119131
-3.215183
-3.192815
-2.861855
-3.042806
-3.408795
-2.718281
-2.647214
-3.422283
-2.452560
-2.853663
-2.250072
-3.311115
-3.729469
-3.717939
-2.248133
-2.913430
-2.631088
-3.065966
-2.791390
-3.360033
-3.484415
-3.523508
-2.638560
-3.018092
-3.313620
-3.718963
-3.034983
-3.602832
-2.812248
-3.830828
-3.167057
-3.040227
-4.302046
-3.462987
-2.654134
-3.568710
-3.531955
-3.810842
-2.642042
-4.080465
-4.779067
-3.290686
-3.406781
-3.868612
-3.889510
-3.304161
-4.211439
-2.824536
-3.534533
-3.114318
-3.300524
-4.449420
-3.952585
-2.957813
-4.366093
-3.732104
-3.117096
-4.350582
-4.013505
-4.069319
-4.849479
-4.151610
-3.820855
-4.193064
-3.940445
-4.959529
-5.212372
-3.619900
-5.162996
-3.442264
-4.454805
-3.375613
-4.319460
-4.273598
-4.605694
-4.303943
-4.969940
-4.808321
-5.103164
-5.096707
-4.734016
-4.868645
-5.749392
-5.279665
-4.417000
-4.545812
-3.993463
-5.073962
-4.288240
-4.786792
-5.389765
-5.560645
-4.503289
-4.722808
-5.258489
-5.115107
-5.573857
-5.099152
-5.078600
-4.029372
-5.350493
-5.185282
-4.885554
-5.598110
-5.517103
-5.040897
-4.855889
-4.706676
-5.560067
-6.048843
-5.846061
-5.758737
-5.196562
-6.428365
-5.561774
-5.932691
-5.114854
-5.483846
-4.960319
-4.960467
-5.500242
-5.557884
-6.726262
-5.887885
-6.135285
-5.491926
-5.462482
-5.977731
-5.907542
-5.901261
-5.546306
-6.391368
-5.233222
-6.353288
-5.250895
-6.360692
-5.999680
-5.955340
-5.579165
-5.596892
-5.723321
-6.377312
-6.019804
-5.776896
-6.651218
-6.569155
-7.039468
-6.620216
-5.408999
-5.827230
-6.841903
-6.067791
-6.051393
-6.594244
-6.213409
-5.646833
-6.425964
-6.665600
-6.637508
-5.322822
-6.502394
-5.240445
-5.762786
-6.161993
-6.817223
-6.397923
-6.913135
-6.203651
-5.504516
-7.081906
-7.348252
-6.977468
-6.669356
-5.984618
-6.839183
-7.149734
-7.277815
-7.017128
-7.241653
-6.925771
-6.550607
-6.599608
-5.674280
-7.093076
-7.413156
-6.662056
-6.194206
-6.780246
-7.338825
-7.016980
-6.888661
-7.309839
-7.195345
-6.458599
-7.257943
-7.926035
-6.999757
-8.037723
-7.628873
-6.933738
-7.463578
-7.453392
-6.905858
-7.605033
-7.323378
-7.641579
-7.676220
-7.273361
-6.966388
-7.927605
-7.348939
-6.865416
-8.560688
-7.006852
-7.674158
-7.213325
-7.392590
-7.476530
-7.328506
-6.665433
-8.074554
-6.483758
-7.933726
-7.355981
-7.501578
-7.836741
-7.971223
-7.144012
-7.903035
-7.810815
-8.204796
-8.016736
-7.947702
-7.872135
-8.077895
-7.343330
-8.108419
-8.610057
-9.117025
-8.028472
-8.293910
-8.129297
-8.985752
-8.364115
-7.961833
-7.863568
-8.168453
-7.783603
-8.091615
-8.487193
-8.560533
-8.038739
-7.778088
-8.513408
-8.795072
-7.882095
-8.572492
-9.080502
-7.704528
-8.111660
-8.626165
-7.710005
-8.530575
-8.217142
-8.340861
-7.670131
-8.849843
-8.972651
-8.235256
-7.819736
-8.169517
-7.907596
-8.269705
-7.618873
-8.158438
-8.986680
-8.424293
-8.321688
-7.848927
-8.728610
-8.668475
-8.751773
-8.529258
-9.042463
-8.673041
-8.611967
-8.926631
-7.863963
-8.139825
-8.887414
-9.210604
-8.792838
-7.936174
-8.385560
-8.268597
-8.475691
-9.475383
-8.151662
-9.699882
-9.417517
-9.564485
-8.156271
-8.857741
-9.593690
-9.134207
-8.567944
-8.963817
-8.457732
-9.202558
-9.143101
-9.064216
-8.897965
-9.418921
-8.329307
-8.492370
-9.482860
-9.043890
-8.075318
-8.595081
-8.978742
-8.811272
-8.679643
-8.378201
-8.815297
-8.929821
-8.249388
-8.788809
-9.021493
-9.013460
-8.923314
-8.858697
-9.265083
-9.714129
-9.362577
-9.134887
-9.331425
-9.296294
-9.170384
-8.943133
-8.913238
-9.615266
-9.315071
-9.360230
-9.260194
-8.602481
-8.614804
-9.172941
-8.948346
-9.630546
-9.436797
-9.493317
-10.056222
-10.255602
-8.736481
-7.947848
-9.012973
-9.430084
-9.531974
-9.030687
-9.365965
-9.387088
-10.106518
-9.080468
-9.702890
-8.819133
-9.691884
-9.113023
-9.431116
-9.956530
-9.231349
-9.767774
-10.101313
-10.095083
-9.145454
-9.360058
-9.576112
-9.626420
-9.263798
-9.012589
-9.785865
-9.796663
-9.872774
-9.615819
-8.974963
-10.198346
-8.839268
-9.510109
-8.163032
-8.240726
-9.780575
-9.970706
-9.839322
-8.527654
-8.799434
-9.180415
-9.701473
-8.022062
-9.113471
-10.256460
-9.567946
-9.521992
-9.840517
-11.072765
-9.528044
-9.127061
-8.918192
-8.470003
-9.033935
-8.441999
-9.993331
-8.831532
-9.411791
-9.694021
-8.695341
-9.651248
-9.145699
-10.461197
-8.763510
-10.646498
-9.389513
-9.449267
-8.844047
-8.389788
-9.485429
-8.857406
-8.895184
-9.094190
-8.947458
-9.428888
-9.164575
-9.199021
-9.983190
-9.526048
-8.909516
-10.042564
-9.642529
-9.201006
-9.168404
-9.912854
-9.119566
-9.475764
-9.165839
-9.660630
-8.682351
-9.466013
-8.885418
-10.383127
-9.245554
-9.172414
-9.188536
-9.363286
-9.293249
-8.701012
-9.093889
-9.938922
-9.507121
-8.733845
-9.659355
-8.387697
-8.785344
-9.678810
-9.676559
-8.941650
-10.186477
-9.756822
-8.943502
-9.669711
-9.376667
-9.589870
-9.118265
-9.484087
-9.551321
-9.192963
-8.438281
-9.948749
-9.697873
-9.790589
-9.117812
-10.191109
-8.281570
-8.351157
-8.954053
-8.743784
-9.603966
-9.810008
-9.299124
-9.950955
-8.871986
-9.337410
-8.846219
-9.520723
-10.083432
-9.196255
-8.855663
-10.320016
-9.501354
-9.393507
-8.979020
-8.586854
-8.589463
-8.363688
-9.701185
-9.124740
-10.111088
-10.319961
-9.082262
-8.677643
-8.537136
-9.420393
-9.334351
-9.275252
-9.415831
-9.104896
-9.056595
-9.707310
-9.632386
-8.976391
-9.800178
-10.288483
-9.092824
-8.178247
-10.004532
-9.386379
-9.754152
-8.753903
-8.576475
-8.647904
-8.573613
-9.246765
-9.330751
-8.186360
-9.552333
-8.939289
-8.853988
-9.001268
-9.115929
-9.211287
-8.978076
-8.790177
-8.833890
-7.987219
-9.295798
-9.721496
-9.078786
-8.324885
-9.076444
-8.448805
-8.264962
-9.089698
-7.770747
-7.870624
-9.078498
-8.441808
-8.458024
-8.448599
-8.441930
-8.755031
-8.879232
-8.607675
-8.105823
-8.007686
-9.765646
-7.954288
-8.667243
-8.828354
-8.622269
-7.701436
-8.612129
-8.001245
-7.931615
-8.573395
-8.694827
-9.341629
-7.866984
-8.474495
-7.947093
-8.494132
-8.001863
-8.747970
-8.334733
-9.247984
-7.943918
-8.402711
-8.206807
-8.932681
-6.905757
-9.272231
-7.947174
-8.847314
-8.271445
-7.258908
-8.268257
-8.425016
-8.136854
-8.283046
-8.554269
-8.006603
-7.821878
-7.682906
-8.216133
-7.228663
-8.006110
-7.917620
-7.856499
-8.265077
-7.790397
-8.760720
-8.265505
-8.192124
-7.214468
-8.516264
-7.562004
-7.739554
-7.342738
-7.832075
-7.016873
-7.105451
-7.392350
-7.805728
-7.697505
-6.912571
-7.150500
-7.505590
-8.668954
-7.004965
-7.713837
-7.090179
-7.333442
-8.239515
-7.919754
-7.636999
-7.995567
-8.137910
-7.637635
-6.488338
-8.240973
-7.022987
-6.841296
-7.538763
-7.230753
-7.677275
-7.612919
-8.125293
-7.366001
-7.309825
-7.748631
-7.495322
-7.216279
-7.473549
-6.987526
-7.212137
-6.576072
-7.190522
-6.747455
-7.362658
-6.416174
-7.582998
-7.282096
-6.357962
-6.926375
-7.053740
-7.414586
-6.397988
-7.367840
-7.291988
-7.657444
-6.237572
-6.717171
-7.034458
-7.325764
-7.480198
-6.446600
-7.002314
-7.124272
-7.630245
-6.875648
-6.387144
-7.168909
-6.177106
-6.709990
-6.596080
-6.839618
-6.292845
-6.790089
-6.133885
-6.079919
-6.292988
-6.009782
-6.054237
-6.031201
-5.994952
-7.234677
-6.842993
-6.068107
-6.514691
-6.537875
-5.950916
-6.432212
-6.778510
-5.125844
-5.841012
-6.496164
-6.395167
-6.462301
-6.220717
-5.730161
-5.072361
-5.984316
-6.829398
-5.264692
-5.157325
-6.036599
-5.872728
-6.282682
-6.398261
-5.360345
-5.428404
-6.094449
-6.345812
-6.066827
-5.313674
-5.589952
-5.646275
-5.790322
-6.318636
-5.721209
-5.415827
-7.021282
-6.015339
-5.410759
-6.852550
-5.196867
-5.211076
-5.477483
-6.230282
-4.979973
-5.078145
-5.807505
-5.084132
-5.598334
-5.384305
-5.380233
-5.872465
-4.686011
-4.941417
-5.595343
-5.247255
-5.816197
-4.697552
-5.082540
-5.290025
-4.513041
-4.764897
-4.398317
-4.482549
-5.237788
-5.110915
-5.127612
-5.247529
-5.150335
-4.163257
-5.490744
-4.458195
-4.789593
-4.454312
-5.745612
-4.561695
-5.287370
-3.771399
-4.513791
-4.791887
-4.580347
-4.002169
-4.872902
-4.533787
-5.044320
-5.100123
-5.214033
-3.370342
-4.105954
-4.425968
-5.037598
-4.358670
-4.993109
-4.479601
-4.518742
-4.209236
-3.698742
-5.131871
-4.352930
-4.222150
-3.980885
-3.260200
-4.667996
-2.820685
-4.509541
-3.441590
-3.400012
-3.661764
-3.581835
-4.942014
-3.813686
-3.994348
-4.217980
-3.554339
-3.106557
-2.764549
-2.069380
-3.536673
-4.167791
-3.862147
-2.684744
-3.370652
-3.242361
-3.288640
-2.522100
-3.233874
-3.861613
-2.266356
-3.641125
-3.170133
-2.760939
-2.629324
-3.311655
-2.904155
-3.363082
-3.710161
-2.571375
-3.659704
-2.848095
-3.543499
-2.356504
-3.065628
-3.718765
-3.269839
-3.127776
-3.367836
-3.487639
-2.387891
-2.420288
-3.248531
-3.549542
-2.990610
-1.922350
-3.148392
-1.698769
-2.245900
-2.737695
-2.873469
-2.107756
-2.990193
-2.840479
-2.019667
-2.136506
-3.130431
-1.440658
-1.819286
-1.255936
-1.776835
-2.708916
-2.023244
-2.705184
-2.562984
-1.827745
-3.109539
-2.656451
-2.076377
-1.611418
-2.909194
-1.183528
-2.157881
-2.191911
-1.777768
-2.028117
-2.487493
-2.193479
-0.969083
-1.256651
-1.003250
-1.564893
-1.334324
-0.768577
-2.422117
-1.051776
-2.095800
-2.417517
-2.294715
-1.155252
-1.922194
-1.478897
-3.014115
-1.712294
-1.173205
-0.843669
-1.696344
-1.820988
-1.222280
0.174671
-0.979529
-0.942056
-0.095514
-0.625927
-0.384594
-0.608881
-0.922510
0.118424
-0.670298
-0.399759
-1.521780
-0.333144
-0.512820
-0.451284
-0.698033
-0.353926
-0.158975
-1.330010
-0.947650
-0.203491
-0.923956
-0.190260
-0.346645
0.215497
-0.681701
-0.244184
-1.319381
-0.388009
-0.903035
-0.604880
-0.004331
-0.088433
-0.218575
0.450181
-0.066761
-0.403711
0.637142
