0.073737
0.100772
0.127991
0.154347
0.181504
0.208617
0.234805
0.260662
0.287769
0.315155
0.342139
0.369214
0.395397
0.421201
0.447135
0.472852
0.499949
0.527545
0.554859
0.582432
0.609506
0.636459
0.663700
0.690954
0.717311
0.743322
0.769388
0.795220
0.821369
0.847549
0.873475
0.899339
0.926784
0.954846
0.982775
1.011105
1.038917
1.066683
1.094884
1.123193
1.150869
1.178371
1.206017
1.233575
1.261521
1.289606
1.317585
1.345626
1.372749
1.399499
1.426352
1.452976
1.479848
1.506730
1.533365
1.559926
1.586955
1.614122
1.641190
1.668331
1.695214
1.722011
1.748893
1.775743
1.804084
1.833054
1.861927
1.891211
1.920130
1.949077
1.978464
2.008012
2.036930
2.065700
2.094669
2.123587
2.152943
2.182482
2.211951
2.241522
2.270493
2.299249
2.328137
2.356916
2.385916
2.414973
2.443909
2.472844
2.502186
2.531688
2.561170
2.590761
2.620216
2.649662
2.679228
2.708826
2.737560
2.765954
2.794420
2.822665
2.851186
2.879729
2.908032
2.936273
2.964864
2.993549
3.022153
3.050803
3.079237
3.107592
3.136004
3.164381
3.193243
3.222300
3.251301
3.280420
3.309405
3.338382
3.367488
3.396631
3.425520
3.454333
3.483196
3.512018
3.540974
3.569974
3.598925
3.627890
3.654486
3.680077
3.705783
3.730816
3.756423
3.781970
3.806797
3.831350
3.856829
3.882498
3.907838
3.933225
3.957913
3.982290
4.006743
4.031010
4.056272
4.081879
4.107249
4.132786
4.157928
4.182955
4.208170
4.233368
4.257874
4.282097
4.306335
4.330373
4.354621
4.378866
4.402896
4.426855
4.452011
4.477621
4.503105
4.528873
4.554220
4.579508
4.605108
4.630769
4.655915
4.680902
4.705977
4.730960
4.756220
4.781564
4.806802
4.832063
4.856596
4.880819
4.905097
4.929176
4.953422
4.977652
5.001668
5.025604
5.049877
5.074233
5.098489
5.122778
5.146844
5.170821
5.194840
5.218811
5.243823
5.269260
5.294603
5.320215
5.345542
5.370865
5.396478
5.422183
5.447409
5.472505
5.497718
5.522870
5.548311
5.573858
5.599330
5.624851
5.649922
5.674817
5.699780
5.724643
5.749637
5.774648
5.799549
5.824425
5.849566
5.874795
5.899987
5.925232
5.950356
5.975449
6.000603
6.025756
6.050259
6.074492
6.098752
6.122828
6.147079
6.171320
6.195364
6.219337
6.243539
6.267785
6.291947
6.316118
6.340108
6.364016
6.387941
6.411815
6.436015
6.460331
6.484581
6.508891
6.533081
6.557240
6.581467
6.605696
6.629717
6.653659
6.677612
6.701510
6.725480
6.749457
6.773375
6.797277
6.817376
6.835843
6.854458
6.871969
6.890371
6.908650
6.925748
6.942381
6.960438
6.978758
6.996525
7.014331
7.030997
7.047139
7.063365
7.079261
7.096745
7.114758
7.132362
7.150208
7.167383
7.184343
7.201579
7.218760
7.234793
7.250341
7.265884
7.281076
7.296579
7.312049
7.327143
7.342094
7.358858
7.376287
7.393488
7.411095
7.428014
7.444806
7.462047
7.479346
7.495819
7.512015
7.528310
7.544431
7.560943
7.577550
7.593960
7.610372
7.625619
7.640349
7.655130
7.669568
7.684231
7.698834
7.713073
7.727152
7.741718
7.756379
7.770851
7.785339
7.799448
7.813383
7.827349
7.841206
7.856796
7.873074
7.889166
7.905685
7.921691
7.937660
7.954091
7.970646
7.986368
8.001843
8.017487
8.032998
8.048968
8.065090
8.081056
8.097075
8.112297
8.127188
8.142167
8.156944
8.171918
8.186891
8.201647
8.216330
8.231436
8.246664
8.261797
8.276992
8.291952
8.306831
8.321783
8.336703
8.350510
8.363837
8.377180
8.390186
8.403454
8.416678
8.429542
8.442261
8.455331
8.468445
8.481389
8.494319
8.506918
8.519352
8.531783
8.544101
8.556935
8.569934
8.582793
8.595726
8.608426
8.621046
8.633751
8.646430
8.658732
8.670872
8.683002
8.695011
8.707112
8.719195
8.731149
8.743049
8.753727
8.763847
8.773962
8.783684
8.793614
8.803447
8.812864
8.822081
8.831702
8.841357
8.850785
8.860174
8.869151
8.877911
8.886647
8.895228
8.904203
8.913271
8.922160
8.931058
8.939708
8.948237
8.956785
8.965258
8.973338
8.981219
8.989039
8.996697
9.004387
9.012008
9.019460
9.026811
9.034734
9.042834
9.050804
9.058863
9.066638
9.074319
9.082103
9.089857
9.097273
9.104541
9.111794
9.118935
9.126161
9.133369
9.140458
9.147497
9.154093
9.160465
9.166803
9.172975
9.179171
9.185296
9.191247
9.197093
9.203054
9.208995
9.214821
9.220602
9.226205
9.231698
9.237150
9.242515
9.248236
9.254064
9.259785
9.265548
9.271131
9.276645
9.282210
9.287745
9.293016
9.298164
9.303295
9.308332
9.313421
9.318486
9.323453
9.328372
9.333048
9.337588
9.342089
9.346483
9.350861
9.355179
9.359388
9.363519
9.367689
9.371827
9.375883
9.379894
9.383790
9.387607
9.391382
9.395089
9.398454
9.401636
9.404764
9.407746
9.410736
9.413654
9.416422
9.419093
9.421795
9.424449
9.427000
9.429488
9.431833
9.434076
9.436259
9.438354
9.440519
9.442666
9.444719
9.446730
9.448623
9.450436
9.452211
9.453920
9.455474
9.456928
9.458319
9.459621
9.460886
9.462087
9.463195
9.464231
9.463778
9.462648
9.461506
9.459883
9.458525
9.457053
9.455073
9.452850
9.451093
9.449366
9.447364
9.445309
9.442761
9.439949
9.437100
9.434061
9.431545
9.429159
9.426551
9.423966
9.421063
9.418012
9.414995
9.411891
9.408290
9.404440
9.400520
9.396402
9.392331
9.388180
9.383821
9.379340
9.375472
9.371784
9.367943
9.364187
9.360105
9.355908
9.351812
9.347669
9.343149
9.338458
9.333736
9.328881
9.324105
9.319297
9.314347
9.309330
9.303809
9.298027
9.292196
9.286170
9.280159
9.274059
9.267754
9.261322
9.255004
9.248654
9.242166
9.235616
9.228856
9.221964
9.215015
9.207958
9.201475
9.195180
9.188748
9.182406
9.175806
9.169124
9.162545
9.155945
9.148967
9.141829
9.134686
9.127425
9.120267
9.113097
9.105801
9.098457
9.090749
9.082851
9.074917
9.066840
9.058768
9.050628
9.042339
9.033955
9.025660
9.017342
9.008921
9.000455
8.991833
8.983113
8.974353
8.965512
8.956190
8.946622
8.936991
8.927168
8.917373
8.907494
8.897414
8.887211
8.877071
8.866879
8.856556
8.846160
8.835573
8.824856
8.814071
8.803175
8.792402
8.781624
8.770725
8.759785
8.748691
8.737499
8.726271
8.714965
8.703451
8.691809
8.680094
8.668267
8.656406
8.644471
8.632419
8.620279
8.608833
8.597628
8.586301
8.575109
8.563631
8.552082
8.540683
8.529285
8.517511
8.505592
8.493692
8.481692
8.469829
8.457980
8.446022
8.434038
8.421608
8.408964
8.396311
8.383509
8.370757
8.357957
8.344997
8.331953
8.319061
8.306177
8.293197
8.280196
8.267030
8.253774
8.240503
8.227166
8.213401
8.199421
8.185391
8.171193
8.178465
8.194789
8.210013
8.231284
8.083661
7.866891
7.663654
7.415889
8.166114
9.321547
8.559066
7.276079
7.575036
8.100104
8.002913
7.914421
7.920643
7.905352
7.890038
7.874662
7.859102
7.843432
7.827705
7.811884
7.796042
7.780141
7.764142
7.748071
7.731474
7.714610
7.697693
7.680572
7.663482
7.646305
7.628915
7.611397
7.593985
7.576535
7.558947
7.541292
7.523428
7.505428
7.487369
7.469198
7.451133
7.433054
7.414855
7.396609
7.378216
7.359725
7.341192
7.322580
7.303763
7.284818
7.265799
7.246667
7.227497
7.208250
7.188887
7.169434
7.150150
7.130884
7.111516
7.092132
7.072587
7.052956
7.033314
7.013609
6.993723
6.973730
6.953680
6.933536
6.913374
6.893154
6.872837
6.852451
6.831843
6.811098
6.790289
6.769365
6.748400
6.727356
6.706195
6.684943
6.663684
6.642366
6.620954
6.599473
6.577872
6.556179
6.534419
6.512575
6.493413
6.475346
6.457075
6.439514
6.421203
6.402885
6.385333
6.368023
6.349582
6.330854
6.312433
6.293888
6.276077
6.258553
6.240871
6.223334
6.204532
6.185242
6.166155
6.146793
6.127827
6.108922
6.089715
6.070452
6.051934
6.033675
6.015321
5.997128
5.978609
5.960016
5.941603
5.923196
5.903385
5.882998
5.862681
5.841975
5.801034
5.751308
5.702052
5.646738
5.754602
5.929109
6.090312
6.294362
5.536949
4.389107
5.087947
6.287776
5.965281
5.425355
5.484350
5.535095
5.494254
5.473998
5.453910
5.433841
5.413325
5.392644
5.372005
5.351258
5.330690
5.310152
5.289496
5.268823
5.246759
5.224083
5.201448
5.178396
5.155630
5.132795
5.109516
5.086047
5.063101
5.040241
5.017157
4.994075
4.970552
4.946818
4.923102
4.899249
4.875895
4.852691
4.829324
4.806009
4.782450
4.758793
4.735202
4.711566
4.687517
4.663279
4.639013
4.614603
4.590272
4.565904
4.541382
4.516787
4.492922
4.469315
4.445600
4.422036
4.398181
4.374260
4.350509
4.326768
4.302669
4.278440
4.254239
4.229951
4.205811
4.181696
4.157486
4.133262
4.108557
4.083631
4.058711
4.033639
4.008643
3.983608
3.958412
3.933138
3.908046
3.882977
3.857818
3.832651
3.807318
3.781901
3.756481
3.731005
3.704320
3.677095
3.649862
3.622244
3.594864
3.567404
3.539535
3.511481
3.483789
3.456121
3.428241
3.400322
3.372015
3.343504
3.314965
3.286278
3.258071
3.229998
3.201749
3.173539
3.145064
3.116476
3.087938
3.059340
3.030328
3.001117
2.971863
2.942453
2.913102
2.883698
2.854131
2.824476
2.795248
2.766144
2.736929
2.707769
2.678374
2.648893
2.619479
2.590028
2.560312
2.530473
2.500608
2.470647
2.440735
2.410797
2.380756
2.350664
2.320204
2.289552
2.258862
2.228028
2.197204
2.166313
2.135271
2.104135
2.073079
2.041998
2.010814
1.979582
1.948197
1.916714
1.885187
1.853579
1.822590
1.791822
1.760943
1.730186
1.699189
1.668137
1.637220
1.606309
1.575045
1.543648
1.512274
1.480810
1.449477
1.418161
1.386746
1.355311
1.323521
1.291561
1.259595
1.227507
1.195457
1.163366
1.131148
1.098861
1.066697
1.034540
1.002305
0.970053
0.937668
0.905210
0.872740
0.840216
0.807245
0.774057
0.740833
0.707445
0.674111
0.640719
0.607154
0.573495
0.539921
0.506321
0.472618
0.438867
0.404955
0.370941
0.336883
0.302743
0.268751
0.234778
0.200712
0.166632
0.132425
0.098147
0.063858
0.029519
-0.005000
-0.039620
-0.074285
-0.109036
-0.143795
-0.178602
-0.213498
-0.248455
-0.276232
-0.300992
-0.326126
-0.349244
-0.374188
-0.399005
-0.421659
-0.443527
-0.468180
-0.493420
-0.517708
-0.542162
-0.564549
-0.586032
-0.607769
-0.628971
-0.653384
-0.678939
-0.703804
-0.729251
-0.753493
-0.777421
-0.801999
-0.826578
-0.849031
-0.870650
-0.892367
-0.913509
-0.935364
-0.957264
-0.978539
-0.999645
-1.024193
-1.050060
-1.075598
-1.101979
-1.127177
-1.152232
-1.178208
-1.204384
-1.229132
-1.253464
-1.278072
-1.302450
-1.327640
-1.353097
-1.378284
-1.403568
-1.426776
-1.449117
-1.471645
-1.493626
-1.516120
-1.538596
-1.560486
-1.582172
-1.604857
-1.627809
-1.650503
-1.673317
-1.695522
-1.717495
-1.739618
-1.761633
-1.788730
-1.817955
-1.846849
-1.877137
-1.906136
-1.935204
-1.965768
-1.996866
-2.025838
-2.054313
-2.083444
-2.112396
-2.142816
-2.173846
-2.204633
-2.235758
-2.264727
-2.292911
-2.321536
-2.349753
-2.378737
-2.407903
-2.436616
-2.465303
-2.495401
-2.526039
-2.556585
-2.587495
-2.617902
-2.648255
-2.679006
-2.709848
-2.737879
-2.764800
-2.791938
-2.818352
-2.845652
-2.873012
-2.899586
-2.925946
-2.953421
-2.981187
-3.008679
-3.036308
-3.063229
-3.089884
-3.116711
-3.143410
-3.171686
-3.200592
-3.229300
-3.258386
-3.287022
-3.315622
-3.344631
-3.373750
-3.402032
-3.430052
-3.458225
-3.486252
-3.514709
-3.543296
-3.571715
-3.600169
-3.629080
-3.658185
-3.687305
-3.716570
-3.745706
-3.774858
-3.804165
-3.833533
-3.862822
-3.892123
-3.921490
-3.950882
-3.980397
-4.009983
-4.039590
-4.069253
-4.098613
-4.127873
-4.157203
-4.186485
-4.215898
-4.245352
-4.274749
-4.304156
-4.333761
-4.363449
-4.393137
-4.422885
-4.452577
-4.482273
-4.512034
-4.541817
-4.547924
-4.543974
-4.541069
-4.531389
-4.527493
-4.522994
-4.511240
-4.496729
-4.491166
-4.487352
-4.480239
-4.473491
-4.459790
-4.442952
-4.426764
-4.408647
-4.446288
-4.506820
-4.562955
-4.633850
-4.689603
-4.745364
-4.817023
-4.893846
-4.946405
-4.992743
-5.045600
-5.095746
-5.161430
-5.233146
-5.301437
-5.372743
-5.367263
-5.330160
-5.299462
-5.248539
-5.260008
-5.289225
-5.294867
-5.305402
-5.527451
-5.839296
-6.146899
-6.517173
-8.697085
-11.675912
-11.060454
-9.481643
-10.156768
-10.958900
-10.638053
-10.137566
-10.128237
-10.124802
-9.905308
-9.648652
-9.762536
-9.993792
-10.168885
-10.414319
-10.469772
-10.471405
-10.553597
-10.624730
-10.673037
-10.714981
-10.747099
-10.769638
-10.811598
-10.856292
-10.890155
-10.922746
-10.927835
-10.919479
-10.910908
-10.893032
-10.877362
-10.858249
-10.829407
-10.795045
-10.835564
-10.904328
-10.964072
-11.041143
-11.091927
-11.138691
-11.204453
-11.273631
-11.307940
-11.331024
-11.359299
-11.380830
-11.419761
-11.463485
-11.499520
-11.536371
-11.558235
-11.573292
-11.589779
-11.602097
-11.616498
-11.629985
-11.639078
-11.646092
-11.661819
-11.679814
-11.695247
-11.711576
-11.722512
-11.731302
-11.741230
-11.750067
-11.760083
-11.770209
-11.779163
-11.787794
-11.795456
-11.802429
-11.809102
-11.815221
-11.818884
-11.821210
-11.823067
-11.823838
-11.824594
-11.824784
-11.823848
-11.822165
-11.841032
-11.868175
-11.893651
-11.924471
-11.949266
-11.973824
-12.004162
-12.036209
-12.059569
-12.080646
-12.103914
-12.126125
-12.153794
-12.183522
-12.211938
-12.241338
-12.260501
-12.275630
-12.292210
-12.306432
-12.323667
-12.341233
-12.356241
-12.370634
-12.390765
-12.412779
-12.433889
-12.456104
-12.475578
-12.494308
-12.514293
-12.534173
-12.550459
-12.565300
-12.580198
-12.594061
-12.609076
-12.624102
-12.638009
-12.651567
-12.666025
-12.680583
-12.694733
-12.708851
-12.722085
-12.734884
-12.747686
-12.760192
-12.775133
-12.790973
-12.806401
-12.822332
-12.837395
-12.852280
-12.867721
-12.883223
-12.897331
-12.910933
-12.924664
-12.938064
-12.952027
-12.966089
-12.979786
-12.993433
-13.007266
-13.021116
-13.034904
-13.048692
-13.062280
-13.075775
-13.089280
-13.102724
-13.116102
-13.129425
-13.142689
-13.155893
-13.169060
-13.182178
-13.195236
-13.208241
-13.220856
-13.233273
-13.245653
-13.257882
-13.270139
-13.282334
-13.294372
-13.306316
-13.318337
-13.330331
-13.342223
-13.354068
-13.365759
-13.377352
-13.388901
-13.400369
-13.413098
-13.426322
-13.439406
-13.452797
-13.465793
-13.478749
-13.492038
-13.505409
-13.518184
-13.530779
-13.543487
-13.556095
-13.569024
-13.582056
-13.594971
-13.607919
-13.620234
-13.632284
-13.644393
-13.656336
-13.668428
-13.680512
-13.692418
-13.704260
-13.716419
-13.728664
-13.740828
-13.753032
-13.765045
-13.776987
-13.788977
-13.800934
-13.812142
-13.823020
-13.833897
-13.844540
-13.855348
-13.866116
-13.876635
-13.887046
-13.897676
-13.908323
-13.918847
-13.929350
-13.939623
-13.949776
-13.959916
-13.969970
-13.980362
-13.990856
-14.001246
-14.011676
-14.021938
-14.032137
-14.042383
-14.052601
-14.062556
-14.072392
-14.082210
-14.091938
-14.101718
-14.111475
-14.121136
-14.130751
-14.135299
-14.137659
-14.140190
-14.141231
-14.143428
-14.145437
-14.145856
-14.145633
-14.147268
-14.149224
-14.150423
-14.151646
-14.151335
-14.150302
-14.149356
-14.147945
-14.148619
-14.149972
-14.150755
-14.151834
-14.151997
-14.151849
-14.152043
-14.152140
-14.150686
-14.148563
-14.146409
-14.143764
-14.141506
-14.139180
-14.136329
-14.133263
-14.132564
-14.132717
-14.132541
-14.132876
-14.132276
-14.131482
-14.131254
-14.131077
-14.129782
-14.128096
-14.126516
-14.124678
-14.123330
-14.122081
-14.120546
-14.118987
-14.115862
-14.112029
-14.108238
-14.103965
-14.099965
-14.095859
-14.091244
-14.086393
-14.082160
-14.078024
-14.073613
-14.069196
-14.064252
-14.059053
-14.053868
-14.048514
-14.048175
-14.049893
-14.051220
-14.053875
-14.055157
-14.056438
-14.059149
-14.062322
-14.063329
-14.063783
-14.064820
-14.065616
-14.067804
-14.070534
-14.072959
-14.075655
-14.076082
-14.075637
-14.075568
-14.075012
-14.075169
-14.075442
-14.075181
-14.074822
-14.075825
-14.077304
-14.078620
-14.080233
-14.081264
-14.082170
-14.083407
-14.084666
-14.083131
-14.080452
-14.077918
-14.074614
-14.072107
-14.069594
-14.066250
-14.062634
-14.060029
-14.057638
-14.054916
-14.052260
-14.048853
-14.045122
-14.041490
-14.037668
-14.035320
-14.033520
-14.031461
-14.029706
-14.027445
-14.025083
-14.023054
-14.021067
-14.018198
-14.015009
-14.011902
-14.008588
-14.005627
-14.002727
-13.999597
-13.996436
-13.990972
-13.984490
-13.978072
-13.970961
-13.964308
-13.957533
-13.950021
-13.942185
-13.935220
-13.928395
-13.921192
-13.913987
-13.906045
-13.897749
-13.889478
-13.880974
-13.873269
-13.865798
-13.858050
-13.850380
-13.842304
-13.834062
-13.825915
-13.817688
-13.808780
-13.799554
-13.790275
-13.780753
-13.771349
-13.761876
-13.752145
-13.742285
-13.733659
-13.725470
-13.717091
-13.708968
-13.700346
-13.691611
-13.683160
-13.674724
-13.665674
-13.656399
-13.647168
-13.637787
-13.628654
-13.619561
-13.610301
-13.601014
-13.590912
-13.580433
-13.569960
-13.559227
-13.548617
-13.537939
-13.526985
-13.515896
-13.505110
-13.494361
-13.483455
-13.472533
-13.461325
-13.449972
-13.438612
-13.427151
-13.416633
-13.406468
-13.396158
-13.386050
-13.375617
-13.365125
-13.354856
-13.344620
-13.333868
-13.322935
-13.312060
-13.301071
-13.290305
-13.279586
-13.268740
-13.257886
-13.246551
-13.234993
-13.223447
-13.211751
-13.200125
-13.188459
-13.176635
-13.164732
-13.153026
-13.141351
-13.129584
-13.117814
-13.105874
-13.093851
-13.081831
-13.069754
-13.056991
-13.043910
-13.030801
-13.017457
-13.004229
-12.990937
-12.977398
-12.963735
-12.950242
-12.936736
-12.923094
-12.909407
-12.895488
-12.881435
-12.867343
-12.853148
-12.839213
-12.825338
-12.811343
-12.797353
-12.783190
-12.768943
-12.754707
-12.740418
-12.725873
-12.711196
-12.696475
-12.681645
-12.666832
-12.651970
-12.636995
-12.621952
-12.606498
-12.590826
-12.575099
-12.559203
-12.543308
-12.527327
-12.511172
-12.494901
-12.478701
-12.462457
-12.446091
-12.429660
-12.413051
-12.396324
-12.379536
-12.362647
-12.345804
-12.328927
-12.311943
-12.294903
-12.277740
-12.260486
-12.243178
-12.225792
-12.283148
-12.372264
-11.885751
-11.177108
-13.852913
-11.411750
-12.101081
-12.082927
-12.064907
-12.046894
-12.028785
-12.010653
-11.992377
-11.974019
-11.955642
-11.937204
-11.918601
-11.899897
-11.881136
-11.862287
-11.843413
-11.824482
-11.805459
-11.786367
-11.767082
-11.747671
-11.728198
-11.708618
-11.688994
-11.669294
-11.649486
-11.629592
-11.609682
-11.589713
-11.569655
-11.549530
-11.529295
-11.508972
-11.488584
-11.468116
-11.447612
-11.427050
-11.406405
-11.385693
-11.364894
-11.344018
-11.323077
-11.302062
-11.280945
-11.259745
-11.238472
-11.217118
-11.195700
-11.174209
-11.152636
-11.130988
-11.109251
-11.087432
-11.065537
-11.043563
-11.021515
-10.999389
-10.977184
-10.954900
-10.932548
-10.910120
-10.887615
-10.865033
-10.842371
-10.819631
-10.796816
-10.773923
-10.750913
-10.727810
-10.704630
-10.681362
-10.658027
-10.634615
-10.611112
-10.587528
-10.563882
-10.540161
-10.516357
-10.492477
-10.468508
-10.444457
-10.420330
-10.396122
-10.371856
-10.347519
-10.323101
-10.298609
-10.274032
-10.249377
-10.224647
-10.199841
-10.174945
-10.149967
-10.124912
-10.099776
-10.074568
-10.049282
-10.023915
-9.998470
-9.972954
-9.947363
-9.921692
-9.895946
-9.870119
-9.844213
-9.818231
-9.792171
-9.766031
-9.739812
-9.713515
-9.687140
-9.660688
-9.634159
-9.607551
-9.580866
-9.554097
-9.527247
-9.500321
-9.473314
-9.446231
-9.419070
-9.391829
-9.364509
-9.337114
-9.309642
-9.282090
-9.254461
-9.226752
-9.198965
-9.171100
-9.143156
-9.115134
-9.087033
-9.058853
-9.030595
-9.002259
-8.973844
-8.945352
-8.916780
-8.888131
-8.859403
-8.830596
-8.801712
-8.772749
-8.743707
-8.714587
-8.685389
-8.656113
-8.626759
-8.597327
-8.567816
-8.538227
-8.508560
-8.478814
-8.448990
-8.419088
-8.389107
-8.359048
-8.328910
-8.298694
-8.268400
-8.238028
-8.207577
-8.181427
-8.157062
-8.132431
-8.108977
-8.084383
-8.059828
-8.036540
-8.013688
-7.989107
-7.964128
-7.939686
-7.915103
-7.891732
-7.868867
-7.845809
-7.823033
-7.798287
-7.772814
-7.747719
-7.722234
-7.697435
-7.672785
-7.647707
-7.622588
-7.598711
-7.575298
-7.551787
-7.528582
-7.504910
-7.481172
-7.457772
-7.434435
-7.408957
-7.382635
-7.356473
-7.329757
-7.303721
-7.277732
-7.251140
-7.224387
-7.198464
-7.172756
-7.146839
-7.121021
-7.094667
-7.068111
-7.041678
-7.015147
-6.989838
-6.965017
-6.940042
-6.915359
-6.890323
-6.865258
-6.840510
-6.815845
-6.790531
-6.765015
-6.739615
-6.714101
-6.688918
-6.663835
-6.638621
-6.613432
-6.586038
-6.557702
-6.529488
-6.500650
-6.472333
-6.443957
-6.414915
-6.385618
-6.357224
-6.329023
-6.300514
-6.272060
-6.242946
-6.213543
-6.184224
-6.154735
-6.126117
-6.097799
-6.069268
-6.040880
-6.012146
-5.983309
-5.954633
-5.925940
-5.896628
-5.867063
-5.837507
-5.807772
-5.778220
-5.748663
-5.718912
-5.689095
-5.660511
-5.632400
-5.604167
-5.576234
-5.547881
-5.519478
-5.491402
-5.463398
-5.434868
-5.406182
-5.377595
-5.348921
-5.320541
-5.292256
-5.263869
-5.235515
-5.206436
-5.177054
-5.147735
-5.118224
-5.088889
-5.059546
-5.029997
-5.000375
-4.971101
-4.941919
-4.912645
-4.883412
-4.853964
-4.824434
-4.794955
-4.765436
-4.736813
-4.708559
-4.680226
-4.652126
-4.623787
-4.595448
-4.567360
-4.539353
-4.510934
-4.482403
-4.453977
-4.425499
-4.397274
-4.369143
-4.340949
-4.312799
-4.284274
-4.255603
-4.226993
-4.198301
-4.169723
-4.141161
-4.112510
-4.083840
-4.055398
-4.027033
-3.998639
-3.970294
-3.941849
-3.913381
-3.884968
-3.856556
-3.827574
-3.798357
-3.769166
-3.739815
-3.710621
-3.681421
-3.652050
-3.622619
-3.593395
-3.564211
-3.534957
-3.505713
-3.476312
-3.446842
-3.417390
-3.387896
-3.358690
-3.329589
-3.300433
-3.271334
-3.242130
-3.212902
-3.183737
-3.154576
-3.125236
-3.095828
-3.066432
-3.036991
-3.007617
-2.978251
-2.948835
-2.919409
-2.889679
-2.859809
-2.829942
-2.799978
-2.770063
-2.740124
-2.710083
-2.679992
-2.650011
-2.620042
-2.590017
-2.559985
-2.529849
-2.499659
-2.469467
-2.439237
-2.409094
-2.378970
-2.348804
-2.318638
-2.288415
-2.258163
-2.227914
-2.197646
-2.167286
-2.136879
-2.106456
-2.075995
-2.045540
-2.015067
-1.984555
-1.954017
-1.923647
-1.893332
-1.862985
-1.832667
-1.802273
-1.771858
-1.741476
-1.711090
-1.680610
-1.650093
-1.619576
-1.589031
-1.558516
-1.528000
-1.497454
-1.466898
-1.436223
-1.405489
-1.374750
-1.343969
-1.313198
-1.282412
-1.251581
-1.220725
-1.189905
-1.159083
-1.128234
-1.097376
-1.066473
-1.035543
-1.004605
-0.973648
-0.947590
-0.923606
-0.899390
-0.876566
-0.852533
-0.828613
-0.806184
-0.784314
-0.760567
-0.736440
-0.712986
-0.689441
-0.667328
-0.645852
-0.624227
-0.602988
-0.579613
-0.555495
-0.531868
-0.507875
-0.484719
-0.461799
-0.438469
-0.415163
-0.393318
-0.372061
-0.350764
-0.329881
-0.308543
-0.287201
-0.266306
-0.245551
-0.222448
-0.198458
-0.174718
-0.150420
-0.126959
-0.103618
-0.079667
-0.055600
-0.032543
-0.009796
0.013118
0.035851
0.059121
0.082552
0.105774
0.129039
0.150855
0.172052
0.193355
0.214260
0.235493
0.256691
0.277464
0.298074
0.319347
0.340781
0.362015
0.383308
0.404160
0.424830
0.445580
0.466232
0.489267
0.513279
0.537087
0.561519
0.585305
0.609087
0.633540
0.658209
0.681804
0.705115
0.728700
0.752155
0.776275
0.800647
0.824858
0.849188
0.872483
0.895377
0.918438
0.941273
0.964423
0.987618
1.010566
1.033464
1.056980
1.080711
1.104360
1.128141
1.151649
1.175095
1.198688
1.222286
1.244441
1.266000
1.287627
1.308850
1.330472
1.352082
1.373257
1.394284
1.415829
1.437478
1.458948
1.480445
1.501546
1.522473
1.543444
1.564311
1.585914
1.607788
1.629521
1.651399
1.673013
1.694567
1.716281
1.738008
1.759278
1.780377
1.801509
1.822527
1.843716
1.864927
1.886012
1.907073
1.927023
1.946476
1.965950
1.985083
2.004424
2.023695
2.042604
2.061348
2.080500
2.099709
2.118728
2.137736
2.156380
2.174845
2.193313
2.211659
2.230373
2.249186
2.267858
2.286556
2.305050
2.323456
2.341895
2.360285
2.378341
2.396236
2.414095
2.431827
2.449605
2.467338
2.484939
2.502468
2.520583
2.538899
2.557114
2.575443
2.593521
2.611535
2.629677
2.647816
2.665648
2.683363
2.701089
2.718732
2.736486
2.754250
2.771923
2.789574
2.806822
2.823878
2.840928
2.857843
2.874807
2.891728
2.908508
2.925211
2.942052
2.958901
2.975664
2.992410
3.009008
3.025527
3.042033
3.058480
3.075218
3.092051
3.108810
3.125614
3.142288
3.158920
3.175602
3.192273
3.208743
3.225127
3.241508
3.257827
3.274198
3.290561
3.306858
3.323128
3.339223
3.355224
3.371205
3.387114
3.403021
3.418891
3.434687
3.450435
3.466221
3.481993
3.497712
3.513406
3.529022
3.544588
3.560131
3.575632
3.590865
3.605963
3.621028
3.635987
3.650966
3.665900
3.680723
3.695480
3.740435
3.798196
3.854586
3.919591
3.746755
3.476611
3.225628
2.912015
4.002987
5.664286
4.626875
2.857164
3.313164
4.087267
3.985905
3.896781
3.941008
3.955008
3.968970
3.982872
3.996758
4.010604
4.024387
4.038124
4.049082
4.058827
4.068644
4.077629
4.087226
4.096701
4.105289
4.113507
4.122712
4.132070
4.140996
4.149914
4.157977
4.165627
4.173303
4.180705
4.189230
4.198106
4.206652
4.215341
4.223508
4.231485
4.239629
4.247701
4.254906
4.261725
4.268507
4.275001
4.281687
4.288317
4.294639
4.300825
4.308266
4.316145
4.323825
4.331759
4.339167
4.346449
4.354015
4.361587
4.368536
4.375253
4.382004
4.388596
4.395431
4.402297
4.408988
4.415645
4.396388
4.366070
4.336834
4.300129
4.460989
4.702526
4.927823
5.204937
4.315924
2.953290
3.831690
5.318217
4.955934
4.329266
4.429637
4.519696
4.500163
4.506154
4.511973
4.518076
4.523765
4.529393
4.535331
4.541328
4.546676
4.551808
4.557032
4.562126
4.567525
4.573004
4.578335
4.583672
4.588384
4.592817
4.597282
4.601564
4.605960
4.610321
4.614488
4.618569
4.622929
4.627348
4.631663
4.635991
4.640112
4.644139
4.648187
4.652179
4.655318
4.658070
4.660801
4.663250
4.665860
4.668403
4.670649
4.672754
4.675085
4.677414
4.679586
4.681714
4.683565
4.685260
4.686921
4.688466
4.690357
4.692337
4.694180
4.696045
4.697705
4.699273
4.700870
4.702415
4.703650
4.704731
4.705772
4.706691
4.707644
4.708551
4.709330
4.710036
4.709948
4.709474
4.708958
4.708160
4.707447
4.706634
4.705524
4.704249
4.703187
4.702107
4.700845
4.699519
4.697898
4.696103
4.694253
4.692267
4.690479
4.688704
4.686779
4.684818
4.682665
4.680398
4.678099
4.675714
4.673048
4.670219
4.667312
4.664265
4.661195
4.658042
4.654745
4.651344
4.648266
4.645261
4.642135
4.639025
4.635698
4.632272
4.628872
4.625415
4.621703
4.617860
4.538187
4.426160
4.896419
5.591248
2.861968
5.309219
4.589024
4.584302
4.579521
4.574595
4.569646
4.564612
4.559430
4.554142
4.548888
4.543581
4.538164
4.532679
4.527042
4.521297
4.515487
4.509583
4.503840
4.498115
4.492285
4.486435
4.480439
4.474359
4.468265
4.462110
4.455758
4.449292
4.442772
4.436154
4.429523
4.422835
4.416046
4.409186
4.402144
4.394980
4.387750
4.380415
4.373027
4.365561
4.357988
4.350328
4.342645
4.334900
4.327065
4.319160
4.311145
4.303042
4.294870
4.286615
4.278117
4.269470
4.260747
4.251896
4.243006
4.234032
4.224926
4.215721
4.206491
4.197190
4.187786
4.178302
4.168691
4.158977
4.149186
4.139299
4.129411
4.119470
4.109429
4.099322
4.089102
4.078793
4.068419
4.057962
4.047373
4.036681
4.025910
4.015043
4.004112
3.993100
3.981991
3.970797
3.960520
3.950584
3.940518
3.930655
3.920458
3.910201
3.900166
3.890162
3.879696
3.869071
3.858500
3.847829
3.837365
3.826949
3.816420
3.805887
3.794827
3.783528
3.772247
3.760806
3.749455
3.738071
3.726516
3.714884
3.703470
3.692094
3.680626
3.669159
3.657515
3.645786
3.634066
3.622291
3.609969
3.597389
3.584776
3.571971
3.559249
3.546469
3.533486
3.520398
3.507426
3.494434
3.481326
3.468171
3.454828
3.441371
3.427873
3.414284
3.400902
3.387560
3.374116
3.360668
3.347072
3.333401
3.319732
3.306014
3.292081
3.278034
3.263945
3.249761
3.306312
3.392912
2.935956
2.269290
4.797194
2.493018
3.144840
3.128324
3.112008
3.095593
3.078769
3.061746
3.045092
3.028457
3.011598
2.994691
2.977384
2.959861
2.942304
2.924590
2.907271
2.890042
2.872632
2.855230
2.837573
2.819792
2.802029
2.784187
2.765951
2.747512
2.729010
2.710345
2.691707
2.672997
2.654116
2.635132
2.616648
2.598311
2.579843
2.561442
2.542771
2.524002
2.505312
2.486581
2.467535
2.448343
2.429124
2.409792
2.390521
2.371221
2.351801
2.332322
2.312428
2.292316
2.272161
2.251842
2.231533
2.211146
2.190588
2.169922
2.149347
2.128741
2.108019
2.087242
2.066290
2.045225
2.024111
2.002905
1.982345
1.962011
1.941554
1.921218
1.900624
1.879964
1.859440
1.838915
1.818011
1.796958
1.775923
1.754786
1.733782
1.712788
1.691684
1.670550
1.649038
1.627340
1.605627
1.583782
1.561968
1.540103
1.518099
1.496016
1.474055
1.452094
1.430045
1.407970
1.385749
1.363445
1.341120
1.318732
1.295862
1.272755
1.249604
1.226271
1.202990
1.179641
1.156102
1.132455
1.108894
1.085299
1.061587
1.037819
1.013873
0.989811
0.965698
0.941490
0.917433
0.893391
0.869243
0.845073
0.820763
0.796370
0.771960
0.747490
0.722822
0.698041
0.673205
0.648272
0.623324
0.598318
0.573212
0.548035
0.515839
0.480613
0.445614
0.408550
0.373089
0.337368
0.299440
0.260621
0.224356
0.188526
0.151646
0.114793
0.075817
0.035839
-0.004027
-0.044540
-0.082145
-0.118804
-0.156257
-0.193297
-0.231617
-0.270372
-0.308650
-0.347064
-0.387639
-0.429145
-0.470697
-0.512932
-0.554629
-0.596422
-0.638947
-0.681771
-0.693559
-0.692358
-0.692812
-0.684596
-0.684410
-0.683753
-0.673789
-0.660494
-0.659213
-0.660498
-0.657743
-0.655744
-0.644891
-0.630197
-0.616634
-0.600816
-0.644370
-0.712251
-0.775245
-0.853846
-0.916267
-0.978600
-1.057748
-1.142296
-1.106607
-1.024068
-0.952437
-0.850761
-0.761050
-0.663506
-0.534431
-0.389536
-0.659478
-1.095179
-1.496367
-2.004474
-0.123775
2.726905
3.030716
2.958337
3.339499
3.467666
3.166618
2.612409
2.799347
3.137557
3.178336
3.241927
3.295980
3.325170
3.376021
3.423428
3.404922
3.359050
3.312626
3.246164
3.171524
3.083954
2.975990
2.852424
2.711819
2.554494
2.381590
2.192417
2.197570
2.276133
2.329354
2.426770
2.457054
2.476802
2.544991
2.621747
2.602689
2.552007
2.514707
2.458137
2.447471
2.448722
2.428153
2.408744
2.391325
2.372987
2.355591
2.338376
2.315190
2.289649
2.264559
2.237925
2.217377
2.198741
2.178249
2.158507
2.135974
2.112407
2.089724
2.066636
2.036540
2.003365
1.970081
1.934566
1.900636
1.866325
1.829635
1.791921
1.756001
1.720111
1.683066
1.645734
1.606287
1.565683
1.524864
1.483187
1.444938
1.407723
1.369470
1.331623
1.292074
1.251880
1.212171
1.172187
1.129583
1.085787
1.041823
0.996950
0.952600
0.908028
0.862493
0.816500
0.787283
0.764887
0.741285
0.722144
0.698213
0.674205
0.655012
0.637324
0.612796
0.586573
0.562241
0.537196
0.516678
0.497952
0.478307
0.459590
0.432584
0.402389
0.373506
0.342808
0.314716
0.287021
0.257346
0.227292
0.202060
0.178493
0.154309
0.131152
0.105871
0.080102
0.055485
0.030903
0.001857
-0.028950
-0.059518
-0.091282
-0.121582
-0.151794
-0.183306
-0.215175
-0.245564
-0.275630
-0.306139
-0.336528
-0.368003
-0.399931
-0.431692
-0.463708
-0.492897
-0.520985
-0.549459
-0.577281
-0.605979
-0.634786
-0.662883
-0.690823
-0.720278
-0.750228
-0.779944
-0.809953
-0.865545
-0.932135
-0.997923
-1.071234
-0.936066
-0.715633
-0.511967
-0.253404
-1.220643
-2.685506
-1.795410
-0.266278
-0.679477
-1.370308
-1.297168
-1.234735
-1.288489
-1.315801
-1.343116
-1.370344
-1.398257
-1.426423
-1.454468
-1.482653
-1.510591
-1.538476
-1.566515
-1.594569
-1.622224
-1.649733
-1.677276
-1.704722
-1.732326
-1.759954
-1.787476
-1.814982
-1.842469
-1.869930
-1.897374
-1.924795
-1.952174
-1.979521
-2.006848
-2.034146
-2.061449
-2.088738
-2.115998
-2.143240
-2.170448
-2.197630
-2.224795
-2.251936
-2.278993
-2.306001
-2.332988
-2.359935
-2.386876
-2.413792
-2.440666
-2.467510
-2.494354
-2.521178
-2.547971
-2.574742
-2.601472
-2.628172
-2.654850
-2.681500
-2.708222
-2.734961
-2.761667
-2.788374
-2.815031
-2.841663
-2.868299
-2.894920
-2.921473
-2.947991
-2.974496
-3.000971
-3.027450
-3.053914
-3.080348
-3.106763
-3.133112
-3.159420
-3.185710
-3.211968
-3.238214
-3.264438
-3.290628
-3.316792
-3.342957
-3.369106
-3.395229
-3.421332
-3.447401
-3.473443
-3.499466
-3.525466
-3.551817
-3.578304
-3.604750
-3.631281
-3.657698
-3.684103
-3.710599
-3.737116
-3.763466
-3.789766
-3.816094
-3.842394
-3.868781
-3.895194
-3.921574
-3.947962
-3.974168
-4.000297
-4.026441
-4.052536
-4.078673
-4.104805
-4.130885
-4.156945
-4.183093
-4.209264
-4.235410
-4.261565
-4.287665
-4.313743
-4.339833
-4.365912
-4.391785
-4.417567
-4.443346
-4.469059
-4.494815
-4.520559
-4.546232
-4.571875
-4.597574
-4.623276
-4.648943
-4.674602
-4.700196
-4.725756
-4.751310
-4.776839
-4.802458
-4.828103
-4.853718
-4.879342
-4.904918
-4.930475
-4.956043
-4.981601
-5.007086
-5.032535
-5.057979
-5.083395
-5.108824
-5.134245
-5.159638
-5.185016
-5.210200
-5.235292
-5.260378
-5.285396
-5.310440
-5.335462
-5.360414
-5.385329
-5.410299
-5.435269
-5.460198
-5.485114
-5.509960
-5.534767
-5.559563
-5.584330
-5.609149
-5.633974
-5.658766
-5.683553
-5.708295
-5.733013
-5.757726
-5.782422
-5.807051
-5.831643
-5.856220
-5.880765
-5.905308
-5.929834
-5.954327
-5.978799
-6.003354
-6.027931
-6.052482
-6.077040
-6.101547
-6.126034
-6.150530
-6.175016
-6.199442
-6.223839
-6.248228
-6.272592
-6.296964
-6.321327
-6.345665
-6.369989
-6.394238
-6.418445
-6.442641
-6.466805
-6.490966
-6.515110
-6.539221
-6.563309
-6.587409
-6.611499
-6.635565
-6.659618
-6.683637
-6.707633
-6.731616
-6.755579
-6.775504
-6.793700
-6.812049
-6.829225
-6.847359
-6.865366
-6.882120
-6.898382
-6.916138
-6.934166
-6.951611
-6.969094
-6.985375
-7.001100
-7.016911
-7.032371
-7.049553
-7.067313
-7.084635
-7.102225
-7.119093
-7.135732
-7.152676
-7.169565
-7.185222
-7.200362
-7.215502
-7.230268
-7.245375
-7.260450
-7.275125
-7.289651
-7.306042
-7.323113
-7.339947
-7.357197
-7.373733
-7.390136
-7.406997
-7.423916
-7.439984
-7.455766
-7.471647
-7.487346
-7.503443
-7.519636
-7.535623
-7.551610
-7.566386
-7.580625
-7.594915
-7.608846
-7.623008
-7.637106
-7.650823
-7.664372
-7.678424
-7.692570
-7.706518
-7.720479
-7.734046
-7.747430
-7.760843
-7.774142
-7.789388
-7.805413
-7.821235
-7.837541
-7.853276
-7.868973
-7.885195
-7.901562
-7.917004
-7.932175
-7.947540
-7.962764
-7.978507
-7.994424
-8.010174
-8.025990
-8.040908
-8.055458
-8.070114
-8.084546
-8.099207
-8.113871
-8.128296
-8.142645
-8.157476
-8.172450
-8.187323
-8.202272
-8.216959
-8.231561
-8.246251
-8.260910
-8.274340
-8.287242
-8.300167
-8.312723
-8.325576
-8.338384
-8.350798
-8.363056
-8.375708
-8.388413
-8.400935
-8.413446
-8.425595
-8.437566
-8.449539
-8.461391
-8.473821
-8.486440
-8.498910
-8.511465
-8.523767
-8.535986
-8.548304
-8.560598
-8.572480
-8.584185
-8.595884
-8.607455
-8.619133
-8.630796
-8.642321
-8.653791
-8.664794
-8.675559
-8.686286
-8.696836
-8.707406
-8.717898
-8.728205
-8.738399
-8.748713
-8.759005
-8.769174
-8.779293
-8.789220
-8.799030
-8.808795
-8.818465
-8.828196
-8.837903
-8.847510
-8.857069
-8.866511
-8.875871
-8.885186
-8.894430
-8.903511
-8.912484
-8.921391
-8.930202
-8.938973
-8.947676
-8.956280
-8.964807
-8.973556
-8.982353
-8.991058
-8.999771
-9.008326
-9.016809
-9.025304
-9.033755
-9.042019
-9.050183
-9.058308
-9.066351
-9.074401
-9.082410
-9.090333
-9.098202
-9.105847
-9.113363
-9.120831
-9.128194
-9.135534
-9.142809
-9.149977
-9.157067
-9.164172
-9.171236
-9.178217
-9.185146
-9.191964
-9.198702
-9.205389
-9.212006
-9.292518
-9.404434
-8.948257
-8.272899
-10.937662
-8.552448
-9.256794
-9.262937
-9.268988
-9.274965
-9.280879
-9.286722
-9.292510
-9.298235
-9.303888
-9.309475
-9.314989
-9.320433
-9.325811
-9.331121
-9.336365
-9.341541
-9.346650
-9.351690
-9.356669
-9.361582
-9.366427
-9.371206
-9.375916
-9.380559
-9.385135
-9.389645
-9.394044
-9.398358
-9.402606
-9.406776
-9.410889
-9.414934
-9.418898
-9.422791
-9.426633
-9.430410
-9.434115
-9.437753
-9.441312
-9.444798
-9.448218
-9.451568
-9.454870
-9.458112
-9.461282
-9.464389
-9.467420
-9.470383
-9.473282
-9.476115
-9.478866
-9.481546
-9.484159
-9.486700
-9.489180
-9.491592
-9.493932
-9.496205
-9.496225
-9.495247
-9.494294
-9.492647
-9.491460
-9.490145
-9.488092
-9.485713
-9.484090
-9.482557
-9.480650
-9.478705
-9.476048
-9.473031
-9.470003
-9.466726
-9.464322
-9.462173
-9.459728
-9.457369
-9.454561
-9.451570
-9.448686
-9.445713
-9.442015
-9.437978
-9.433881
-9.429525
-9.425293
-9.420986
-9.416404
-9.411682
-9.407923
-9.404479
-9.400847
-9.397385
-9.393476
-9.389435
-9.385588
-9.381715
-9.377318
-9.372706
-9.368091
-9.363319
-9.358707
-9.354090
-9.349302
-9.344457
-9.338892
-9.332976
-9.327030
-9.320830
-9.314699
-9.308475
-9.301985
-9.295345
-9.288923
-9.282494
-9.275900
-9.269255
-9.262336
-9.255261
-9.248143
-9.240905
-9.234654
-9.228762
-9.222703
-9.216845
-9.210621
-9.204319
-9.198240
-9.192180
-9.185564
-9.178744
-9.171969
-9.165060
-9.158371
-9.151717
-9.144914
-9.138088
-9.130723
-9.123101
-9.115477
-9.107674
-9.099936
-9.092141
-9.084159
-9.076077
-9.068195
-9.060331
-9.052354
-9.044359
-9.036166
-9.027868
-9.019558
-9.011173
-9.002068
-8.992621
-8.983127
-8.973376
-8.963725
-8.953993
-8.943989
-8.933843
-8.923850
-8.913828
-8.903648
-8.893404
-8.882906
-8.872253
-8.861543
-8.850710
-8.840129
-8.829591
-8.818913
-8.808223
-8.797339
-8.786351
-8.775357
-8.764292
-8.752947
-8.741448
-8.729887
-8.718198
-8.706509
-8.694752
-8.682863
-8.670885
-8.659935
-8.649366
-8.638660
-8.628184
-8.617336
-8.606423
-8.595763
-8.585140
-8.574019
-8.562731
-8.551505
-8.540174
-8.529076
-8.518034
-8.506874
-8.495715
-8.483952
-8.471920
-8.459914
-8.447729
-8.435656
-8.423549
-8.411253
-8.398871
-8.386746
-8.374669
-8.362493
-8.350324
-8.337955
-8.325495
-8.313051
-8.300549
-8.287479
-8.274142
-8.260770
-8.247198
-8.233714
-8.220171
-8.206416
-8.192552
-8.178807
-8.165039
-8.151152
-8.137216
-8.123085
-8.108836
-8.094544
-8.080157
-8.065989
-8.051865
-8.037633
-8.023400
-8.009011
-7.994545
-7.980082
-7.965568
-7.950830
-7.935972
-7.921071
-7.906072
-7.891081
-7.876041
-7.860900
-7.845694
-7.829763
-7.813483
-7.797167
-7.780594
-7.764105
-7.747527
-7.730681
-7.713688
-7.696886
-7.680069
-7.663089
-7.646054
-7.628752
-7.611293
-7.593787
-7.576159
-7.558722
-7.541304
-7.523751
-7.506171
-7.488414
-7.470556
-7.452674
-7.434717
-7.416502
-7.398141
-7.379711
-7.361156
-7.342584
-7.323940
-7.305167
-7.286303
-7.267721
-7.249203
-7.230577
-7.211966
-7.193161
-7.174270
-7.155401
-7.136480
-7.117337
-7.098077
-7.078773
-7.059372
-7.039983
-7.020549
-7.001014
-6.981416
-6.961537
-6.941498
-6.921405
-6.901185
-6.880943
-6.860627
-6.840179
-6.819638
-6.799126
-6.778567
-6.757910
-6.737193
-6.716341
-6.695394
-6.674389
-6.653301
-6.633327
-6.613782
-6.594102
-6.574684
-6.554900
-6.535068
-6.515521
-6.496035
-6.476008
-6.455809
-6.435698
-6.415487
-6.395550
-6.375692
-6.355719
-6.335763
-6.315226
-6.294437
-6.273691
-6.252782
-6.231996
-6.211191
-6.190214
-6.169167
-6.148394
-6.127686
-6.106892
-6.086123
-6.065170
-6.044141
-6.023143
-6.002104
-5.980391
-5.958376
-5.936347
-5.914098
-5.891984
-5.869822
-5.847427
-5.824925
-5.802604
-5.780284
-5.757843
-5.735372
-5.712686
-5.689881
-5.667052
-5.644135
-5.621505
-5.598952
-5.576296
-5.553662
-5.530867
-5.508004
-5.485171
-5.462301
-5.439186
-5.415953
-5.392693
-5.369340
-5.346020
-5.322669
-5.299220
-5.275718
-5.251606
-5.227198
-5.202760
-5.178108
-5.153524
-5.128865
-5.103980
-5.078971
-5.054130
-5.029277
-5.004288
-4.979252
-4.953991
-4.928598
-4.903166
-4.877632
-4.852252
-4.826886
-4.801406
-4.775902
-4.750252
-4.724516
-4.698760
-4.672939
-4.646905
-4.620747
-4.594533
-4.568213
-4.541878
-4.515482
-4.488977
-4.462396
-4.436068
-4.409802
-4.383444
-4.357103
-4.330596
-4.304016
-4.277460
-4.250862
-4.224070
-4.197179
-4.170253
-4.143245
-4.116253
-4.089224
-4.062111
-4.034945
-4.007536
-3.979990
-4.024375
-4.099275
-3.621137
-2.929600
-5.489956
-3.133655
-3.785426
-3.757453
-3.729397
-3.701291
-3.673071
-3.644771
-3.616424
-3.588006
-3.561747
-3.536367
-3.510822
-3.485847
-3.460270
-3.434685
-3.409716
-3.384941
-3.359252
-3.333330
-3.307654
-3.281877
-3.256690
-3.231733
-3.206648
-3.181678
-3.155694
-3.129318
-3.103105
-3.076671
-3.050552
-3.024482
-2.998169
-2.971810
-2.946048
-2.920493
-2.894861
-2.869357
-2.843591
-2.817765
-2.792082
-2.766404
-2.739585
-2.712298
-2.685066
-2.657518
-2.630295
-2.603067
-2.575497
-2.547815
-2.520539
-2.493346
-2.466016
-2.438710
-2.411096
-2.383348
-2.355637
-2.327847
-2.300661
-2.273699
-2.246628
-2.219680
-2.192522
-2.165320
-2.138254
-2.111202
-2.083786
-2.056237
-2.028719
-2.001114
-1.973652
-1.946214
-1.918679
-1.891128
-1.862475
-1.833334
-1.804225
-1.774784
-1.745568
-1.716294
-1.686669
-1.656890
-1.627525
-1.598227
-1.568751
-1.539273
-1.509445
-1.479449
-1.449465
-1.419371
-1.389670
-1.360086
-1.330370
-1.300695
-1.270824
-1.240876
-1.210976
-1.181040
-1.150776
-1.120360
-1.089920
-1.059365
-1.028871
-0.998345
-0.967697
-0.936989
-0.906859
-0.876934
-0.846921
-0.817027
-0.786899
-0.756719
-0.726672
-0.696632
-0.666306
-0.635875
-0.605464
-0.574983
-0.544619
-0.514274
-0.483850
-0.453415
-0.422596
-0.391600
-0.360608
-0.329493
-0.298437
-0.267349
-0.236131
-0.204851
-0.173713
-0.142593
-0.111399
-0.080198
-0.048863
-0.017460
0.013946
0.045399
