0.013164
0.037294
0.061702
0.084624
0.108920
0.133132
0.155749
0.177794
0.201881
0.226400
0.250226
0.274176
0.296611
0.318386
0.340349
0.361922
0.385928
0.410806
0.435177
0.459999
0.483921
0.507618
0.531816
0.556026
0.578652
0.600661
0.622756
0.644431
0.666654
0.688921
0.710730
0.732424
0.756588
0.781700
0.806582
0.832073
0.856717
0.881262
0.906471
0.931827
0.956170
0.980221
1.004473
1.028566
1.053243
1.078115
1.102799
1.127557
1.150821
1.173466
1.196249
1.218642
1.241409
1.264168
1.286508
1.308706
1.331627
1.354745
1.377680
1.400707
1.423298
1.445727
1.468268
1.490735
1.516052
1.542558
1.568866
1.595948
1.622303
1.648690
1.675909
1.703419
1.729711
1.755708
1.782067
1.808313
1.835380
1.862782
1.890034
1.917466
1.943702
1.969497
1.995530
2.021330
2.047544
2.073851
2.099902
2.125931
2.152734
2.179829
2.206866
2.234098
2.261043
2.287952
2.315074
2.342239
2.367768
2.392643
2.417635
2.442197
2.467261
2.492349
2.516972
2.541461
2.566588
2.591874
2.616991
2.642177
2.666943
2.691545
2.716237
2.740845
2.766350
2.792208
2.817942
2.843883
2.869554
2.895196
2.921062
2.946981
2.972407
2.997673
3.023016
3.048265
3.073752
3.099303
3.124746
3.150200
3.178039
3.206887
3.235641
3.265081
3.293919
3.322812
3.352439
3.382342
3.411385
3.440270
3.469482
3.498667
3.528541
3.558731
3.588866
3.619198
3.648425
3.677269
3.706364
3.735269
3.764612
3.794079
3.823333
3.852600
3.882614
3.912929
3.943225
3.973732
4.004007
4.034280
4.064783
4.095357
4.124940
4.154158
4.183496
4.212609
4.242099
4.271658
4.300968
4.330244
4.359958
4.389816
4.419618
4.449511
4.479190
4.508815
4.538543
4.568265
4.598639
4.629299
4.659927
4.690744
4.721430
4.752145
4.783062
4.814063
4.844789
4.875459
4.906231
4.936991
4.967959
4.999021
5.030062
5.061160
5.090867
5.120006
5.149265
5.178161
5.207441
5.236729
5.265625
5.294399
5.323793
5.353354
5.382757
5.412237
5.441333
5.470285
5.499331
5.528310
5.557912
5.587758
5.617508
5.647397
5.677099
5.706776
5.736605
5.766468
5.795964
5.825337
5.854761
5.884109
5.913624
5.943179
5.972650
6.002121
6.032409
6.063036
6.093627
6.124449
6.155048
6.185656
6.216512
6.247454
6.278109
6.308708
6.339411
6.370102
6.401017
6.432034
6.463030
6.494087
6.524728
6.555218
6.585790
6.616283
6.646929
6.677610
6.708203
6.738792
6.769643
6.800593
6.831526
6.862527
6.893433
6.924330
6.955300
6.986286
7.006411
7.021931
7.037936
7.050840
7.066415
7.081726
7.093714
7.104447
7.119285
7.134929
7.149071
7.163385
7.174522
7.184229
7.194241
7.203375
7.217269
7.232809
7.247239
7.262471
7.275816
7.288616
7.302320
7.315953
7.326315
7.335347
7.344455
7.352625
7.361795
7.370959
7.379110
7.386933
7.399836
7.414640
7.428877
7.444302
7.457881
7.471171
7.485765
7.500584
7.513192
7.525102
7.537350
7.549181
7.562152
7.575449
7.588267
7.601155
7.610858
7.619188
7.627723
7.635365
7.643701
7.651936
7.659217
7.666119
7.674442
7.683091
7.691279
7.699573
7.706878
7.713763
7.720798
7.727595
7.739814
7.754244
7.768195
7.783553
7.797418
7.811255
7.826610
7.842439
7.855808
7.868513
7.881828
7.894831
7.909334
7.924393
7.939070
7.954004
7.966549
7.978157
7.990131
8.001569
8.013712
8.025943
8.037591
8.049107
8.062023
8.075411
8.088597
8.102067
8.114897
8.127566
8.140556
8.153538
8.163233
8.171560
8.180024
8.187557
8.195977
8.204352
8.211727
8.218749
8.226926
8.235324
8.243298
8.251319
8.258425
8.265119
8.271897
8.278420
8.286601
8.295377
8.303819
8.312573
8.320711
8.328697
8.337031
8.345376
8.352668
8.359555
8.366502
8.373172
8.380214
8.387290
8.394065
8.400767
8.412702
8.426798
8.440591
8.455822
8.469624
8.483460
8.498844
8.514751
8.528637
8.542072
8.556148
8.570071
8.585443
8.601428
8.617198
8.633317
8.646897
8.659537
8.672647
8.685247
8.698726
8.712390
8.725492
8.738536
8.753145
8.768334
8.783389
8.798825
8.813656
8.828394
8.843551
8.858779
8.871663
8.883628
8.895770
8.907309
8.919609
8.931968
8.943672
8.955204
8.967638
8.980306
8.992753
9.005311
9.017293
9.029057
9.040960
9.052759
9.065936
9.079665
9.093229
9.107126
9.120634
9.134114
9.147956
9.161898
9.175122
9.188126
9.201266
9.214286
9.227683
9.241199
9.254573
9.267984
9.278263
9.287211
9.296330
9.304566
9.313553
9.322464
9.330431
9.338039
9.346917
9.356068
9.364786
9.373581
9.381447
9.388908
9.396487
9.403827
9.412437
9.421489
9.430240
9.439205
9.447673
9.455998
9.464562
9.473109
9.480768
9.488067
9.495387
9.502454
9.509792
9.517128
9.524191
9.531165
9.539840
9.549169
9.558331
9.567908
9.576907
9.585836
9.595219
9.604701
9.613462
9.622011
9.630697
9.639266
9.648240
9.657346
9.666314
9.675328
9.683339
9.690931
9.698612
9.706028
9.713690
9.721341
9.728708
9.735976
9.743727
9.751607
9.759361
9.767172
9.774687
9.782090
9.789564
9.796985
9.797495
9.795048
9.792843
9.788625
9.786053
9.783264
9.778320
9.772533
9.769248
9.766404
9.762561
9.758765
9.752919
9.746115
9.739441
9.732156
9.727875
9.724600
9.720564
9.716994
9.712160
9.706925
9.702221
9.697422
9.690481
9.682640
9.674797
9.666304
9.658401
9.650444
9.641789
9.632874
9.627009
9.622246
9.617077
9.612574
9.606877
9.600942
9.595744
9.590623
9.584094
9.577080
9.570211
9.563027
9.556479
9.550069
9.543307
9.536527
9.527724
9.518016
9.508374
9.498121
9.488235
9.478227
9.467572
9.456622
9.446487
9.436491
9.426151
9.415816
9.404812
9.393488
9.382196
9.370698
9.362740
9.356197
9.349286
9.343257
9.336183
9.329040
9.322850
9.316924
9.309323
9.301234
9.293497
9.285503
9.278450
9.271715
9.264676
9.257757
9.249192
9.239952
9.230903
9.221445
9.212407
9.203376
9.193905
9.184294
9.175564
9.167097
9.158444
9.149928
9.140935
9.131782
9.122792
9.113744
9.102489
9.090285
9.078118
9.065290
9.052993
9.040615
9.027529
9.014161
9.001498
8.988928
8.976029
8.963108
8.949537
8.935643
8.921753
8.907645
8.894575
8.881845
8.868844
8.855998
8.842694
8.829240
8.815963
8.802643
8.788579
8.774198
8.759804
8.745179
8.730745
8.716284
8.701573
8.686763
8.674891
8.664196
8.653270
8.643109
8.632067
8.620984
8.610729
8.600713
8.589488
8.577948
8.566714
8.555336
8.544726
8.534408
8.523909
8.513550
8.501667
8.489181
8.476906
8.464277
8.452096
8.439961
8.427443
8.414830
8.403060
8.391563
8.379930
8.368456
8.356573
8.344577
8.332762
8.320928
8.307714
8.293924
8.280175
8.266027
8.252249
8.238447
8.224217
8.209831
8.195894
8.182028
8.167980
8.153936
8.139508
8.124899
8.110309
8.095602
8.081615
8.067882
8.053997
8.040242
8.026208
8.012099
7.998137
7.984172
7.969743
7.955130
7.940537
7.925816
7.911250
7.896693
7.881997
7.867263
7.850638
7.833176
7.815755
7.797758
7.780142
7.762423
7.744093
7.725494
7.707577
7.689760
7.671632
7.653489
7.634744
7.615704
7.596673
7.577443
7.558900
7.540556
7.521978
7.503466
7.484603
7.465598
7.446675
7.427683
7.408111
7.388270
7.368382
7.348287
7.328292
7.308238
7.287964
7.267580
7.248127
7.228997
7.209709
7.190605
7.171104
7.151504
7.132109
7.112712
7.092836
7.072778
7.052741
7.032576
7.012588
6.992617
6.972507
6.952365
6.931579
6.910489
6.889392
6.868082
6.846855
6.825564
6.804047
6.782414
6.761003
6.739608
6.718080
6.696527
6.674742
6.652832
6.630905
6.608887
6.589396
6.570935
6.552272
6.534273
6.515571
6.496860
6.478866
6.461097
6.442235
6.423089
6.404231
6.385245
6.366954
6.348929
6.330745
6.312692
6.293473
6.273803
6.254317
6.234575
6.215191
6.195858
6.176246
6.156577
6.137593
6.118844
6.100005
6.081310
6.062312
6.043241
6.024333
6.005428
5.985128
5.964253
5.943443
5.922243
5.901434
5.880614
5.859376
5.837995
5.817109
5.796321
5.775363
5.754430
5.733118
5.711638
5.690200
5.668662
5.647851
5.627306
5.606626
5.586091
5.565297
5.544446
5.523755
5.503077
5.481954
5.460664
5.439410
5.418045
5.396849
5.375677
5.354384
5.333069
5.310546
5.287485
5.264453
5.241052
5.217887
5.194653
5.171028
5.147229
5.123877
5.100593
5.077106
5.053613
5.029729
5.005656
4.981589
4.957396
4.933617
4.909957
4.886146
4.862371
4.838378
4.814293
4.790253
4.766166
4.741717
4.717096
4.692442
4.667656
4.642927
4.618156
4.593246
4.568262
4.543913
4.519784
4.495551
4.471445
4.447074
4.422639
4.398345
4.374053
4.349437
4.324699
4.299978
4.275173
4.250491
4.225824
4.201064
4.176285
4.151077
4.125667
4.100255
4.074702
4.049208
4.023671
3.997987
3.972225
3.946616
3.921020
3.895337
3.869639
3.843788
3.817855
3.791913
3.765913
3.738279
3.709921
3.681574
3.652718
3.624201
3.595591
3.566441
3.537054
3.508191
3.479382
3.450300
3.421184
3.391554
3.361660
3.331750
3.301655
3.272220
3.242977
3.213514
3.184117
3.154382
3.124510
3.094719
3.064864
3.034467
3.003817
2.973124
2.942237
2.911445
2.880598
2.849545
2.818389
2.787867
2.757546
2.727088
2.696734
2.666066
2.635300
2.604652
2.573975
2.542941
2.511753
2.480551
2.449234
2.418013
2.386776
2.355416
2.324006
2.292096
2.259938
2.227749
2.195377
2.163042
2.130634
2.098036
2.065326
2.032752
2.000165
1.967454
1.934700
1.901749
1.868682
1.835575
1.802377
1.769989
1.737899
1.705678
1.673627
1.641281
1.608876
1.576658
1.544460
1.511819
1.479017
1.446258
1.413394
1.380714
1.348068
1.315307
1.282532
1.249315
1.215893
1.182474
1.148914
1.115412
1.081870
1.048179
1.014411
0.980814
0.947238
0.913575
0.879901
0.846070
0.812158
0.778242
0.744270
0.709728
0.674917
0.640072
0.605026
0.570065
0.535041
0.499806
0.464461
0.429241
0.394000
0.358639
0.323229
0.287621
0.251894
0.216125
0.180261
0.144602
0.108983
0.073255
0.037522
0.001637
-0.034326
-0.070290
-0.106307
-0.142545
-0.178901
-0.215302
-0.251802
-0.288298
-0.324844
-0.361492
-0.398207
-0.425481
-0.448781
-0.472558
-0.493675
-0.517175
-0.540492
-0.560958
-0.580377
-0.603437
-0.627255
-0.649810
-0.672568
-0.692598
-0.711429
-0.730577
-0.749010
-0.771644
-0.795763
-0.818963
-0.842912
-0.865265
-0.887193
-0.909959
-0.932713
-0.952662
-0.971501
-0.990456
-1.008642
-1.027750
-1.046903
-1.065221
-1.083303
-1.105890
-1.130195
-1.154055
-1.179006
-1.202392
-1.225575
-1.249954
-1.274580
-1.297318
-1.319496
-1.342022
-1.364232
-1.387495
-1.411093
-1.434324
-1.457667
-1.478271
-1.497723
-1.517406
-1.536358
-1.555969
-1.575542
-1.594332
-1.612840
-1.632646
-1.652788
-1.672577
-1.692510
-1.711628
-1.730430
-1.749414
-1.768241
-1.793477
-1.821387
-1.848858
-1.878075
-1.905645
-1.933285
-1.962799
-1.992969
-2.020430
-2.047243
-2.074867
-2.102246
-2.131464
-2.161436
-2.191081
-2.221135
-2.248453
-2.274764
-2.301614
-2.327931
-2.355198
-2.382676
-2.409567
-2.436407
-2.465010
-2.494276
-2.523410
-2.552985
-2.581908
-2.610746
-2.640068
-2.669487
-2.695320
-2.719725
-2.744388
-2.768113
-2.792944
-2.817834
-2.841705
-2.865289
-2.890269
-2.915601
-2.940566
-2.965687
-2.989892
-3.013740
-3.037787
-3.061655
-3.087505
-3.114135
-3.140495
-3.167317
-3.193549
-3.219717
-3.246386
-3.273176
-3.298886
-3.324245
-3.349780
-3.375111
-3.400969
-3.426974
-3.452747
-3.478545
-3.511948
-3.548573
-3.584895
-3.623405
-3.660024
-3.696832
-3.735983
-3.776018
-3.813282
-3.850029
-3.887830
-3.925545
-3.965470
-4.006408
-4.047168
-4.088562
-4.126511
-4.163272
-4.200836
-4.237820
-4.276181
-4.314942
-4.353049
-4.391212
-4.431729
-4.473204
-4.514630
-4.556733
-4.598119
-4.639513
-4.681639
-4.724004
-4.763084
-4.800955
-4.839222
-4.876742
-4.915505
-4.954488
-4.992648
-5.030694
-5.070194
-5.110172
-5.149962
-5.190050
-5.229428
-5.268624
-5.308158
-5.347675
-5.389327
-5.431916
-5.474399
-5.517500
-5.560170
-5.602935
-5.646359
-5.690062
-5.732857
-5.775465
-5.818407
-5.861307
-5.904889
-5.948777
-5.992596
-6.036600
-6.149624
-6.292095
-6.431783
-6.591393
-6.734420
-6.879432
-7.045761
-7.220334
-7.369203
-7.513256
-7.667121
-7.820182
-7.993662
-8.176493
-8.357690
-8.544735
-8.702033
-8.849241
-9.003772
-9.153542
-9.315536
-9.481276
-9.641617
-9.802712
-9.984778
-10.175550
-10.366154
-10.562986
-10.753812
-10.944984
-11.142861
-11.343118
-11.370703
-11.326642
-11.292542
-11.210822
-11.175237
-11.138021
-11.049601
-10.943515
-10.904810
-10.881076
-10.835743
-10.795369
-10.706590
-10.597251
-10.494962
-10.380913
-10.348161
-10.345235
-10.326687
-10.324076
-10.292810
-10.255166
-10.235132
-10.216568
-10.146877
-10.057985
-9.972959
-9.875167
-9.796467
-9.720317
-9.630159
-9.537257
-9.576854
-9.670059
-9.754599
-9.874605
-9.955673
-10.035875
-10.154400
-10.284701
-10.363844
-10.430795
-10.512448
-10.589227
-10.701050
-10.827057
-10.946624
-11.073809
-11.131257
-11.161921
-11.203426
-11.229608
-11.277927
-11.329632
-11.364607
-11.396394
-11.468162
-11.553675
-11.634033
-11.722871
-11.793969
-11.860947
-11.937429
-12.014144
-12.035651
-12.034782
-12.036613
-12.023260
-12.026382
-12.029684
-12.016581
-11.998326
-11.999095
-12.003806
-12.002234
-12.001850
-11.987059
-11.966029
-11.946801
-11.923890
-11.932212
-11.952288
-11.967221
-11.988780
-11.999842
-12.008999
-12.025428
-12.042946
-12.042369
-12.035374
-12.030345
-12.021228
-12.019717
-12.019736
-12.015210
-12.010274
-12.032157
-12.064777
-12.095780
-12.133965
-12.163889
-12.193494
-12.230877
-12.270545
-12.300479
-12.328165
-12.358697
-12.388358
-12.424875
-12.464202
-12.502353
-12.542046
-12.566423
-12.584880
-12.605585
-12.622851
-12.644928
-12.667678
-12.686678
-12.704908
-12.731656
-12.761269
-12.789688
-12.819843
-12.846077
-12.871329
-12.898539
-12.925707
-12.943753
-12.958104
-12.972821
-12.984995
-12.999933
-13.014894
-13.027107
-13.038455
-13.052728
-13.067550
-13.081327
-13.095226
-13.106774
-13.117267
-13.127980
-13.138044
-13.153508
-13.170988
-13.187566
-13.205276
-13.221131
-13.236632
-13.253379
-13.270293
-13.284079
-13.296744
-13.309727
-13.321989
-13.335543
-13.349342
-13.362342
-13.375253
-13.389044
-13.403083
-13.416986
-13.431041
-13.444559
-13.457904
-13.471428
-13.484891
-13.498063
-13.511101
-13.524089
-13.536963
-13.549903
-13.562813
-13.575602
-13.588331
-13.600013
-13.611209
-13.622388
-13.633221
-13.644215
-13.655115
-13.665649
-13.676001
-13.686680
-13.697374
-13.707862
-13.718304
-13.728384
-13.738267
-13.748116
-13.757821
-13.767687
-13.777552
-13.787259
-13.796916
-13.806386
-13.815736
-13.825041
-13.834250
-13.843173
-13.851924
-13.860589
-13.869106
-13.877589
-13.885979
-13.894217
-13.902344
-13.910277
-13.918059
-13.925733
-13.933270
-13.940702
-13.948014
-13.955188
-13.962235
-13.969211
-13.976082
-13.982825
-13.989456
-13.995944
-14.002306
-14.008557
-14.014687
-14.018761
-14.021893
-14.024986
-14.027404
-14.030173
-14.032770
-14.034653
-14.036188
-14.038329
-14.040488
-14.042256
-14.043931
-14.044917
-14.045524
-14.046061
-14.046318
-14.047298
-14.048446
-14.049273
-14.050119
-14.050504
-14.050669
-14.050870
-14.050934
-14.050293
-14.049290
-14.048177
-14.046773
-14.045423
-14.043947
-14.042168
-14.040205
-14.039021
-14.038050
-14.036854
-14.035744
-14.034183
-14.032446
-14.030816
-14.029102
-14.026871
-14.024392
-14.021849
-14.019107
-14.016444
-14.013714
-14.010775
-14.007724
-14.003983
-13.999874
-13.995678
-13.991198
-13.986717
-13.982094
-13.977178
-13.972069
-13.967089
-13.962043
-13.956790
-13.951432
-13.945775
-13.939918
-13.933963
-13.927843
-13.929383
-13.934096
-13.938305
-13.944598
-13.948846
-13.953148
-13.959690
-13.966994
-13.971165
-13.974597
-13.978971
-13.983067
-13.989316
-13.996450
-14.003212
-14.010459
-14.014209
-14.016659
-14.019758
-14.022154
-14.025742
-14.029575
-14.032635
-14.035606
-14.040758
-14.046715
-14.052480
-14.058772
-14.064219
-14.069533
-14.075428
-14.081417
-14.083486
-14.083994
-14.084773
-14.084521
-14.085484
-14.086509
-14.086417
-14.086007
-14.087095
-14.088553
-14.089609
-14.090826
-14.091043
-14.090868
-14.090900
-14.090730
-14.092757
-14.095648
-14.098236
-14.101333
-14.103769
-14.106130
-14.109044
-14.112088
-14.113932
-14.115385
-14.117028
-14.118443
-14.120437
-14.122591
-14.124484
-14.126402
-14.124496
-14.120945
-14.117584
-14.113128
-14.109545
-14.105840
-14.100966
-14.095630
-14.091835
-14.088357
-14.084324
-14.080366
-14.075247
-14.069611
-14.064098
-14.058272
-14.053918
-14.050057
-14.045809
-14.041783
-14.037144
-14.032306
-14.027722
-14.023089
-14.017370
-14.011193
-14.005013
-13.998502
-13.992284
-13.986035
-13.979431
-13.972692
-13.968075
-13.964261
-13.960212
-13.956665
-13.952370
-13.947967
-13.944112
-13.940362
-13.935676
-13.930700
-13.925875
-13.920880
-13.916375
-13.912014
-13.907457
-13.902936
-13.897137
-13.890792
-13.884537
-13.877929
-13.871605
-13.865246
-13.858510
-13.851628
-13.845330
-13.839171
-13.832832
-13.826544
-13.819863
-13.813019
-13.806243
-13.799378
-13.788228
-13.775219
-13.762303
-13.748102
-13.734878
-13.721477
-13.706704
-13.691369
-13.677491
-13.663824
-13.649500
-13.635150
-13.619504
-13.603224
-13.586967
-13.570287
-13.555450
-13.541201
-13.526434
-13.511918
-13.496562
-13.480912
-13.465553
-13.450091
-13.433247
-13.415799
-13.398306
-13.380364
-13.362748
-13.345055
-13.326884
-13.308507
-13.291861
-13.275804
-13.259457
-13.243446
-13.226677
-13.209713
-13.193127
-13.176529
-13.159059
-13.141253
-13.123476
-13.105461
-13.087762
-13.070088
-13.052155
-13.034158
-13.014910
-12.995073
-12.975221
-12.954953
-12.934849
-12.914619
-12.893952
-12.873057
-12.852589
-12.832148
-12.811450
-12.790701
-12.769502
-12.748061
-12.726583
-12.704930
-12.685557
-12.667068
-12.648298
-12.630064
-12.611100
-12.592047
-12.573578
-12.555239
-12.535764
-12.515930
-12.496283
-12.476426
-12.457143
-12.438026
-12.418669
-12.399348
-12.378897
-12.357955
-12.337098
-12.315928
-12.294994
-12.274022
-12.252717
-12.231277
-12.210377
-12.189608
-12.168673
-12.147787
-12.126543
-12.105151
-12.083824
-12.062417
-12.039537
-12.015999
-11.992444
-11.968416
-11.944690
-11.920870
-11.896547
-11.871999
-11.847864
-11.823746
-11.799372
-11.774940
-11.750045
-11.724899
-11.699711
-11.674339
-11.649599
-11.625036
-11.600255
-11.575531
-11.550469
-11.525265
-11.500134
-11.474932
-11.449205
-11.423229
-11.397203
-11.370983
-11.344846
-11.318647
-11.292244
-11.265734
-11.245718
-11.228393
-11.210676
-11.194741
-11.177069
-11.159451
-11.143750
-11.128705
-11.111088
-11.092887
-11.075491
-11.057893
-11.042115
-11.027101
-11.011806
-10.996941
-10.979043
-10.960027
-10.941586
-10.922543
-10.904557
-10.886799
-10.868379
-10.849895
-10.833311
-10.817434
-10.801406
-10.785845
-10.769565
-10.753182
-10.737313
-10.721538
-10.702647
-10.682527
-10.662644
-10.641957
-10.622269
-10.602654
-10.582165
-10.561444
-10.541932
-10.522734
-10.503237
-10.483887
-10.463762
-10.443345
-10.423112
-10.402738
-10.384165
-10.366312
-10.348238
-10.330596
-10.312441
-10.294247
-10.276522
-10.258925
-10.240380
-10.221542
-10.202879
-10.184054
-10.165720
-10.147536
-10.129164
-10.110835
-10.088986
-10.065640
-10.042488
-10.018345
-9.995038
-9.971644
-9.947188
-9.922327
-9.898905
-9.875793
-9.852192
-9.828680
-9.804119
-9.779102
-9.754220
-9.729069
-9.705324
-9.682066
-9.658471
-9.635110
-9.611197
-9.587122
-9.563310
-9.539476
-9.514652
-9.489424
-9.464218
-9.438727
-9.413534
-9.388338
-9.362834
-9.337229
-9.313572
-9.290665
-9.267566
-9.244944
-9.221661
-9.198300
-9.175459
-9.152733
-9.129179
-9.105383
-9.081745
-9.057972
-9.034665
-9.011510
-8.988197
-8.964938
-8.940535
-8.915654
-8.890876
-8.865796
-8.840997
-8.816187
-8.791053
-8.765807
-8.741113
-8.716567
-8.691878
-8.667255
-8.642295
-8.617207
-8.592202
-8.567136
-8.539007
-8.509555
-8.480173
-8.449876
-8.420290
-8.390586
-8.359905
-8.328828
-8.298790
-8.268905
-8.238558
-8.208195
-8.176914
-8.145186
-8.113478
-8.081472
-8.050812
-8.020587
-7.989996
-7.959595
-7.928593
-7.897386
-7.866400
-7.835347
-7.803304
-7.770832
-7.738336
-7.705523
-7.672956
-7.640341
-7.607389
-7.574297
-7.542416
-7.510949
-7.479282
-7.447853
-7.415896
-7.383805
-7.351981
-7.320152
-7.287719
-7.255055
-7.222414
-7.189610
-7.157028
-7.124467
-7.091728
-7.058947
-7.025292
-6.991226
-6.957152
-6.922791
-6.888548
-6.854219
-6.819587
-6.784798
-6.750312
-6.715848
-6.681207
-6.646533
-6.611546
-6.576393
-6.541218
-6.505922
-6.472326
-6.439394
-6.406264
-6.373541
-6.340286
-6.306974
-6.274104
-6.241340
-6.207746
-6.173896
-6.140194
-6.106347
-6.072934
-6.039653
-6.006205
-5.972793
-5.938549
-5.903950
-5.869424
-5.834675
-5.800111
-5.765529
-5.730708
-5.695797
-5.661296
-5.626903
-5.592396
-5.557935
-5.523218
-5.488400
-5.453640
-5.418830
-5.382944
-5.346584
-5.310219
-5.273516
-5.237044
-5.200512
-5.163620
-5.126570
-5.089833
-5.053117
-5.016223
-4.979295
-4.942035
-4.904600
-4.867142
-4.829559
-4.792450
-4.755481
-4.718361
-4.681292
-4.643983
-4.606579
-4.569238
-4.531853
-4.494091
-4.456155
-4.418191
-4.380094
-4.342066
-4.304003
-4.265798
-4.227523
-4.199388
-4.175518
-4.151138
-4.129614
-4.105523
-4.081624
-4.060788
-4.041073
-4.017457
-3.993031
-3.969958
-3.946669
-3.926304
-3.907225
-3.887807
-3.869156
-3.845971
-3.821180
-3.797377
-3.772762
-3.749866
-3.727426
-3.704078
-3.680741
-3.660422
-3.641296
-3.622043
-3.603615
-3.584189
-3.564713
-3.546132
-3.527802
-3.504670
-3.479706
-3.455217
-3.429563
-3.405580
-3.381813
-3.356773
-3.331468
-3.308173
-3.285475
-3.262407
-3.239674
-3.215821
-3.191609
-3.167789
-3.143849
-3.122835
-3.103050
-3.083017
-3.063766
-3.043811
-3.023896
-3.004818
-2.986040
-2.965878
-2.945356
-2.925212
-2.904913
-2.885484
-2.866394
-2.847109
-2.827991
-2.803693
-2.777249
-2.751201
-2.723766
-2.697687
-2.671577
-2.643977
-2.615872
-2.590033
-2.564764
-2.538864
-2.513201
-2.486064
-2.458344
-2.430929
-2.403215
-2.377704
-2.353023
-2.327938
-2.303305
-2.277948
-2.252451
-2.227448
-2.202515
-2.176200
-2.149383
-2.122700
-2.095692
-2.069233
-2.042869
-2.016146
-1.989373
-1.965646
-1.943153
-1.920475
-1.898618
-1.875868
-1.853103
-1.831225
-1.809624
-1.786877
-1.763865
-1.741196
-1.718427
-1.696464
-1.674833
-1.653067
-1.631485
-1.608280
-1.584458
-1.560894
-1.536979
-1.513590
-1.490286
-1.466599
-1.442843
-1.420025
-1.397533
-1.374928
-1.352527
-1.329719
-1.306822
-1.284153
-1.261495
-1.233933
-1.204314
-1.174921
-1.144141
-1.114630
-1.085032
-1.053946
-1.022320
-0.992510
-0.963063
-0.932966
-0.902956
-0.871549
-0.839519
-0.807633
-0.775369
-0.745405
-0.716257
-0.686620
-0.657400
-0.627310
-0.596993
-0.567143
-0.537292
-0.505935
-0.473985
-0.442105
-0.409816
-0.378034
-0.346283
-0.314089
-0.281774
-0.251572
-0.222164
-0.192537
-0.163414
-0.133531
-0.103539
-0.074097
-0.044759
-0.014532
0.015965
0.046314
0.076821
0.106849
0.136733
0.166798
0.196823
0.228178
0.260099
0.291922
0.324109
0.355990
0.387901
0.420202
0.452650
0.484489
0.516180
0.548052
0.579868
0.612088
0.644472
0.676781
0.709179
0.738722
0.767083
0.795658
0.823468
0.852031
0.880578
0.908303
0.935750
0.964431
0.993421
1.022063
1.050833
1.078794
1.106434
1.134238
1.161876
1.190749
1.220087
1.249202
1.278570
1.307531
1.336414
1.365575
1.394775
1.423205
1.451354
1.479579
1.507624
1.535975
1.564380
1.592586
1.620765
1.650578
1.681054
1.711429
1.742245
1.772578
1.802903
1.833703
1.864651
1.894984
1.925175
1.955549
1.985868
2.016619
2.047547
2.078403
2.109356
2.139432
2.169174
2.199054
2.228743
2.258715
2.288732
2.318541
2.348312
2.378587
2.409036
2.439424
2.469920
2.500195
2.530422
2.560770
2.591123
2.610961
2.626340
2.642179
2.655011
2.670434
2.685599
2.697544
2.708271
2.722943
2.738382
2.752365
2.766506
2.777575
2.787255
2.797220
2.806330
2.820079
2.835431
2.849701
2.864752
2.877961
2.890636
2.904192
2.917678
2.927978
2.936984
2.946061
2.954224
2.963360
2.972488
2.980629
2.988450
3.001112
3.015580
3.029500
3.044545
3.057816
3.070803
3.085027
3.099455
3.111770
3.123411
3.135366
3.146915
3.159542
3.172472
3.184937
3.197461
3.206927
3.215071
3.223403
3.230871
3.238996
3.247016
3.254114
3.260842
3.268920
3.277303
3.285235
3.293261
3.300332
3.306993
3.313788
3.320348
3.332269
3.346374
3.360006
3.375027
3.388567
3.402077
3.417086
3.432562
3.445608
3.457997
3.470985
3.483665
3.497825
3.512533
3.526862
3.541444
3.553652
3.564929
3.576567
3.587670
3.599471
3.611357
3.622663
3.633835
3.646394
3.659418
3.672240
3.685340
3.697805
3.710107
3.722724
3.735332
3.744701
3.752720
3.760872
3.768105
3.776209
3.784268
3.791339
3.798061
3.805918
3.813988
3.821641
3.829336
3.836129
3.842514
3.848979
3.855191
3.863035
3.871464
3.879561
3.887964
3.895758
3.903400
3.911382
3.919374
3.926326
3.932877
3.939484
3.945818
3.952515
3.959244
3.965674
3.972030
3.983234
3.996434
4.009347
4.023586
4.036490
4.049418
4.063773
4.078606
4.091562
4.104094
4.117212
4.130182
4.144487
4.159353
4.174013
4.188989
4.201595
4.213318
4.225469
4.237138
4.249618
4.262262
4.274375
4.286426
4.299924
4.313954
4.327851
4.342095
4.355767
4.369345
4.383305
4.397322
4.409173
4.420170
4.431323
4.441913
4.453197
4.464529
4.475250
4.485806
4.497184
4.508770
4.520146
4.531617
4.542549
4.553275
4.564121
4.574863
4.586870
4.599380
4.611730
4.624381
4.636665
4.648916
4.661494
4.674157
4.686151
4.697934
4.709837
4.721621
4.733746
4.745973
4.758063
4.770180
4.779357
4.787282
4.795359
4.802602
4.810542
4.818402
4.825372
4.831999
4.839806
4.847861
4.855503
4.863210
4.870041
4.876485
4.883031
4.889347
4.896846
4.904751
4.912368
4.920177
4.927514
4.934709
4.942122
4.949511
4.956061
4.962266
4.968484
4.974458
4.980678
4.986890
4.992838
4.998696
5.006136
5.014180
5.022060
5.030320
5.038033
5.045673
5.053729
5.061871
5.069332
5.076587
5.083963
5.091222
5.098852
5.106597
5.114207
5.121852
5.128552
5.134852
5.141229
5.147351
5.153694
5.160021
5.166074
5.172027
5.178425
5.184935
5.191320
5.197751
5.203898
5.209932
5.216026
5.222063
5.220888
5.216624
5.212611
5.206495
5.202091
5.197457
5.190573
5.182805
5.177649
5.172953
5.167210
5.161515
5.153676
5.144836
5.136129
5.126782
5.120557
5.115375
5.109397
5.103900
5.097084
5.089848
5.083160
5.076368
5.067343
5.057377
5.047405
5.036752
5.026710
5.016607
5.005774
4.994667
4.986753
4.979993
4.972804
4.966313
4.958568
4.950572
4.943347
4.936201
4.927576
4.918441
4.909456
4.900139
4.891487
4.882977
4.874096
4.865195
4.854175
4.842204
4.830301
4.817756
4.805594
4.793301
4.780329
4.767047
4.754615
4.742328
4.729678
4.717031
4.703682
4.689997
4.676343
4.662470
4.652262
4.643515
4.634383
4.626160
4.616852
4.607467
4.599067
4.590936
4.581065
4.570684
4.560663
4.550372
4.541053
4.532058
4.522745
4.513552
4.502652
4.491048
4.479639
4.467803
4.456397
4.444994
4.433131
4.421121
4.410018
4.399183
4.388152
4.377259
4.365867
4.354308
4.342911
4.331452
4.317698
4.302957
4.288251
4.272854
4.258004
4.243067
4.227391
4.211419
4.196174
4.181022
4.165525
4.150002
4.133799
4.117260
4.100719
4.083948
4.068250
4.052901
4.037267
4.021789
4.005833
3.989718
3.973781
3.957796
3.941036
3.923943
3.906834
3.889480
3.872321
3.855129
3.837674
3.820113
3.806309
3.794027
3.781469
3.769906
3.757252
3.744571
3.732964
3.721685
3.708878
3.695689
3.682915
3.669976
3.658041
3.646499
3.634747
3.623196
3.609751
3.595572
3.581682
3.567369
3.553642
3.539997
3.525892
3.511693
3.498578
3.485831
3.472936
3.460264
3.447102
3.433819
3.420789
3.407757
3.392956
3.377427
3.361975
3.346029
3.330586
3.315135
3.299150
3.282987
3.267432
3.251996
3.236345
3.220724
3.204626
3.188316
3.172055
3.155665
3.140231
3.125148
3.109891
3.094825
3.079421
3.063945
3.048680
3.033435
3.017612
3.001575
2.985585
2.969453
2.953545
2.937670
2.921640
2.905583
2.887214
2.867833
2.848522
2.828522
2.809010
2.789391
2.769037
2.748373
2.728572
2.708916
2.688894
2.668876
2.648135
2.627049
2.605994
2.584716
2.564299
2.544148
2.523727
2.503408
2.482677
2.461791
2.441024
2.420193
2.398668
2.376830
2.354956
2.332846
2.310878
2.288857
2.266585
2.244197
2.222986
2.202194
2.181228
2.160510
2.139322
2.118030
2.097014
2.076017
2.054446
2.032669
2.010939
1.989071
1.967444
1.945859
1.924122
1.902365
1.879831
1.856942
1.834065
1.810943
1.787947
1.764890
1.741575
1.718136
1.694993
1.671891
1.648645
1.625388
1.601865
1.578207
1.554549
1.530799
1.518584
1.511234
1.503292
1.498600
1.491024
1.483682
1.479822
1.477249
1.470181
1.462172
1.455716
1.449004
1.445642
1.443750
1.441461
1.440046
1.433586
1.425346
1.418227
1.410216
1.404131
1.398567
1.392006
1.385469
1.382328
1.380538
1.378618
1.377635
1.375550
1.373422
1.372310
1.371494
1.365024
1.356395
1.348323
1.338878
1.331389
1.324147
1.315405
1.306346
1.299661
1.293680
1.287258
1.281229
1.273874
1.266093
1.258773
1.251308
1.247258
1.244641
1.241732
1.239732
1.236907
1.234126
1.232319
1.230860
1.227777
1.224270
1.221201
1.217947
1.215708
1.213860
1.211781
1.209895
1.195555
1.175982
1.157144
1.134847
1.115681
1.096305
1.073220
1.048789
1.029415
1.011168
0.991282
0.971761
0.948630
0.923961
0.899813
0.874784
0.855088
0.837305
0.818383
0.800438
0.780528
0.760118
0.740795
0.721491
0.698644
0.674414
0.650366
0.625372
0.601584
0.577886
0.553157
0.528160
0.478377
0.417813
0.358032
0.290906
0.229228
0.166510
0.095960
0.022168
-0.042477
-0.105579
-0.172495
-0.239341
-0.313819
-0.391914
-0.469640
-0.549711
-0.620038
-0.687277
-0.757363
-0.826181
-0.899459
-0.974341
-1.047742
-1.121737
-1.203255
-1.288095
-1.373215
-1.460806
-1.546685
-1.633023
-1.721996
-1.812124
-1.611509
-1.288002
-0.978249
-0.585972
-0.266084
0.060216
0.474954
0.922662
1.259514
1.574012
1.928122
2.276873
2.710199
3.181195
3.643312
4.128259
4.134656
3.947191
3.803921
3.537936
3.406808
3.280236
3.021169
2.722142
2.642176
2.622664
2.551287
2.509369
2.336769
2.116878
1.932703
1.727726
1.755335
1.875943
1.965273
2.109503
2.188524
2.262215
2.395299
2.544252
2.564004
2.542507
2.543479
2.521001
2.562698
2.623091
2.656621
2.694278
2.644612
2.556880
2.476971
2.373306
2.286600
2.196806
2.081751
1.956296
1.876503
1.808591
1.727744
1.651795
1.547370
1.431754
1.322335
1.207292
1.192904
1.219366
1.235716
1.277565
1.291581
1.304633
1.345200
1.394076
1.394571
1.381288
1.378909
1.369592
1.388121
1.416403
1.436387
1.460359
1.441774
1.406071
1.376265
1.336441
1.308187
1.280786
1.242562
1.201358
1.184487
1.175428
1.162148
1.153310
1.132503
1.108237
1.089051
1.069139
1.020581
0.960031
0.900005
0.831549
0.770889
0.709650
0.639353
0.565756
0.500635
0.436614
0.368740
0.300640
0.224648
0.144784
0.064995
-0.017412
-0.084069
-0.145244
-0.209808
-0.271576
-0.339605
-0.409346
-0.475951
-0.542687
-0.619579
-0.700521
-0.781136
-0.864585
-0.944749
-1.024809
-1.107941
-1.191985
-1.211786
-1.205004
-1.201959
-1.181245
-1.177894
-1.174047
-1.151189
-1.121849
-1.117488
-1.118705
-1.111982
-1.107141
-1.084409
-1.054106
-1.026459
-0.994498
-0.993241
-1.003309
-1.007609
-1.018013
-1.017714
-1.015111
-1.019242
-1.024026
-1.009709
-0.988283
-0.968410
-0.943844
-0.926554
-0.910325
-0.888937
-0.866621
-0.873736
-0.892392
-0.908778
-0.932723
-0.947103
-0.960714
-0.982544
-1.006498
-1.019045
-1.028604
-1.040919
-1.051798
-1.069922
-1.090746
-1.109795
-1.130120
-1.133185
-1.129317
-1.127500
-1.121480
-1.120311
-1.119454
-1.114053
-1.107378
-1.109664
-1.114685
-1.117964
-1.122733
-1.122760
-1.121283
-1.121538
-1.121324
-1.144622
-1.177889
-1.209669
-1.247978
-1.280665
-1.313861
-1.354047
-1.396850
-1.429640
-1.460137
-1.493830
-1.526749
-1.566666
-1.609536
-1.651327
-1.694785
-1.729084
-1.760154
-1.793335
-1.824931
-1.859990
-1.896003
-1.930242
-1.964542
-2.005212
-2.048434
-2.091428
-2.136196
-2.178940
-2.221629
-2.266240
-2.311428
-2.342669
-2.368448
-2.395443
-2.418918
-2.446899
-2.475277
-2.499827
-2.523412
-2.552744
-2.583663
-2.613305
-2.643756
-2.670750
-2.696517
-2.723261
-2.749479
-2.783571
-2.820871
-2.857295
-2.895684
-2.931963
-2.968171
-3.006498
-3.045469
-3.080405
-3.114151
-3.148756
-3.182740
-3.218948
-3.255903
-3.292127
-3.328625
-3.355823
-3.379115
-3.403086
-3.424531
-3.448269
-3.471871
-3.492765
-3.512685
-3.536718
-3.561757
-3.585591
-3.609818
-3.631315
-3.651708
-3.672616
-3.692938
-3.716906
-3.742206
-3.766745
-3.791970
-3.815914
-3.839553
-3.863952
-3.888396
-3.910405
-3.931479
-3.952711
-3.973314
-3.994779
-4.016333
-4.037200
-4.057908
-4.084396
-4.113196
-4.141577
-4.171475
-4.199613
-4.227670
-4.257370
-4.287544
-4.315440
-4.342763
-4.370688
-4.398359
-4.427525
-4.457272
-4.486696
-4.516414
-4.543005
-4.568370
-4.594170
-4.619250
-4.645267
-4.671392
-4.696733
-4.721891
-4.748772
-4.776216
-4.803391
-4.830896
-4.857576
-4.884030
-4.910861
-4.937660
-4.967269
-4.998099
-5.028778
-5.060261
-5.091146
-5.122136
-5.153985
-5.186186
-5.217188
-5.247937
-5.279108
-5.310212
-5.342197
-5.374569
-5.406839
-5.439339
-5.470890
-5.502134
-5.533657
-5.565055
-5.596869
-5.628832
-5.660649
-5.692518
-5.725139
-5.758089
-5.791059
-5.824272
-5.857306
-5.890380
-5.923713
-5.957156
-5.988821
-6.019808
-6.050988
-6.081744
-6.113112
-6.144563
-6.175550
-6.206443
-6.238124
-6.270047
-6.301836
-6.333764
-6.365272
-6.396654
-6.428197
-6.459704
-6.492250
-6.525239
-6.558148
-6.591340
-6.624295
-6.657274
-6.690556
-6.723953
-6.756865
-6.789656
-6.822590
-6.855476
-6.888679
-6.922011
-6.955280
-6.988617
-7.008674
-7.023106
-7.038180
-7.049484
-7.064054
-7.078315
-7.088538
-7.097244
-7.111078
-7.125956
-7.139010
-7.152320
-7.161742
-7.169436
-7.177548
-7.184617
-7.197422
-7.212223
-7.225699
-7.240156
-7.252365
-7.263937
-7.276610
-7.289214
-7.297885
-7.304969
-7.312159
-7.318235
-7.325532
-7.332836
-7.338935
-7.344654
-7.356851
-7.371498
-7.385463
-7.400972
-7.414189
-7.427082
-7.441666
-7.456576
-7.468709
-7.479991
-7.491744
-7.503004
-7.515754
-7.528956
-7.541588
-7.554348
-7.563137
-7.570235
-7.577632
-7.583943
-7.591165
-7.598297
-7.604269
-7.609801
-7.617164
-7.624978
-7.632249
-7.639693
-7.645930
-7.651677
-7.657652
-7.663366
-7.675362
-7.689932
-7.703963
-7.719636
-7.733610
-7.747574
-7.763306
-7.779607
-7.793069
-7.805778
-7.819210
-7.832297
-7.847140
-7.862645
-7.877722
-7.893113
-7.905789
-7.917410
-7.929471
-7.940937
-7.953228
-7.965637
-7.977400
-7.989030
-8.002285
-8.016100
-8.029704
-8.043652
-8.056886
-8.069955
-8.083410
-8.096876
-8.106518
-8.114578
-8.122817
-8.129987
-8.138211
-8.146402
-8.153442
-8.160088
-8.168105
-8.176401
-8.184220
-8.192111
-8.198953
-8.205330
-8.211825
-8.218041
-8.226210
-8.235092
-8.243603
-8.252496
-8.260688
-8.268722
-8.277180
-8.285669
-8.292949
-8.299773
-8.306685
-8.313294
-8.320354
-8.327472
-8.334258
-8.340977
-8.354825
-8.371640
-8.388077
-8.406497
-8.423026
-8.439639
-8.458385
-8.477878
-8.494652
-8.510846
-8.527947
-8.544874
-8.563805
-8.583604
-8.603144
-8.623192
-8.639863
-8.655307
-8.671420
-8.686887
-8.703573
-8.720545
-8.736800
-8.753013
-8.771375
-8.790555
-8.809593
-8.829182
-8.847995
-8.866720
-8.886047
-8.905508
-8.921781
-8.936823
-8.952145
-8.966672
-8.982280
-8.998004
-9.012861
-9.027518
-9.043453
-9.059747
-9.075772
-9.091985
-9.107439
-9.122630
-9.138046
-9.153356
-9.170590
-9.188616
-9.206450
-9.224777
-9.242605
-9.260430
-9.278787
-9.297315
-9.314893
-9.332204
-9.349738
-9.367142
-9.385097
-9.403250
-9.421245
-9.439324
-9.453279
-9.465502
-9.477988
-9.489338
-9.501719
-9.514035
-9.525132
-9.535789
-9.548171
-9.560952
-9.573193
-9.585574
-9.596755
-9.607434
-9.618306
-9.628896
-9.641205
-9.654135
-9.666701
-9.679585
-9.691846
-9.703954
-9.716414
-9.728886
-9.740217
-9.751105
-9.762057
-9.772708
-9.783754
-9.794833
-9.805585
-9.816255
-9.829229
-9.843110
-9.856805
-9.871090
-9.884639
-9.898132
-9.912267
-9.926569
-9.939946
-9.953076
-9.966425
-9.979654
-9.993460
-10.007477
-10.021346
-10.035313
-10.047980
-10.060123
-10.072423
-10.084406
-10.096751
-10.109119
-10.121145
-10.133074
-10.145683
-10.158500
-10.171185
-10.183983
-10.196422
-10.208748
-10.221205
-10.233627
-10.233506
-10.228045
-10.223089
-10.214519
-10.208996
-10.203130
-10.193394
-10.182173
-10.175593
-10.169883
-10.162406
-10.155074
-10.144053
-10.131344
-10.118931
-10.105462
-10.097489
-10.091391
-10.083966
-10.077436
-10.068670
-10.059232
-10.050806
-10.042260
-10.029880
-10.015920
-10.002008
-9.986970
-9.973054
-9.959092
-9.943916
-9.928322
-9.918414
-9.910601
-9.902099
-9.894889
-9.885539
-9.875811
-9.867505
-9.859402
-9.848759
-9.837281
-9.826133
-9.814465
-9.804031
-9.793914
-9.783208
-9.772530
-9.758192
-9.742247
-9.726485
-9.709660
-9.693572
-9.677319
-9.659935
-9.642071
-9.625767
-9.609782
-9.593223
-9.576735
-9.559076
-9.540891
-9.522824
-9.504438
-9.492446
-9.483036
-9.473020
-9.464634
-9.454432
-9.444158
-9.435644
-9.427652
-9.416711
-9.404945
-9.393861
-9.382369
-9.372614
-9.363481
-9.353855
-9.344495
-9.332248
-9.318845
-9.305837
-9.292150
-9.279264
-9.266443
-9.252887
-9.239134
-9.227007
-9.215402
-9.203516
-9.191928
-9.179538
-9.166916
-9.154635
-9.142305
-9.126059
-9.108160
-9.090383
-9.071467
-9.053559
-9.035558
-9.016337
-8.996660
-8.978304
-8.960167
-8.941492
-8.922830
-8.903051
-8.882747
-8.862500
-8.841913
-8.823243
-8.805237
-8.786796
-8.768684
-8.749804
-8.730706
-8.711977
-8.693223
-8.673186
-8.652631
-8.632107
-8.611217
-8.590725
-8.570234
-8.549348
-8.528336
-8.512951
-8.499859
-8.486392
-8.474435
-8.460876
-8.447304
-8.435362
-8.423937
-8.410280
-8.396088
-8.382541
-8.368782
-8.356543
-8.344919
-8.333014
-8.321440
-8.307049
-8.291586
-8.276584
-8.260976
-8.246277
-8.231731
-8.216522
-8.201200
-8.187532
-8.174445
-8.161163
-8.148246
-8.134620
-8.120844
-8.107473
-8.094130
-8.078221
-8.061277
-8.044475
-8.026976
-8.010247
-7.993534
-7.976068
-7.958371
-7.941591
-7.925014
-7.908151
-7.891360
-7.873900
-7.856160
-7.838520
-7.820719
-7.804354
-7.788535
-7.772489
-7.756755
-7.740553
-7.724272
-7.708333
-7.692453
-7.675753
-7.658767
-7.641881
-7.624816
-7.608109
-7.591481
-7.574653
-7.557816
-7.537491
-7.515656
-7.493959
-7.471244
-7.449306
-7.427237
-7.404081
-7.380483
-7.358230
-7.336226
-7.313699
-7.291209
-7.267649
-7.243597
-7.219624
-7.195340
-7.172406
-7.149909
-7.127033
-7.104343
-7.081058
-7.057568
-7.034292
-7.010950
-6.986582
-6.961769
-6.936932
-6.911768
-6.886854
-6.861890
-6.836576
-6.811116
-6.787472
-6.764495
-6.741286
-6.718484
-6.694999
-6.671389
-6.648227
-6.625125
-6.601184
-6.576962
-6.552842
-6.528545
-6.504642
-6.480836
-6.456829
-6.432824
-6.407671
-6.382009
-6.356397
-6.330446
-6.304714
-6.278923
-6.252771
-6.226462
-6.200633
-6.174897
-6.148974
-6.123065
-6.096783
-6.070328
-6.043904
-6.017371
-5.998101
-5.981873
-5.965221
-5.950583
-5.934092
-5.917711
-5.903492
-5.890048
-5.873687
-5.856677
-5.840613
-5.824338
-5.810152
-5.796856
-5.783260
-5.770174
-5.753900
-5.736479
-5.719720
-5.702368
-5.686178
-5.670276
-5.653714
-5.637129
-5.622633
-5.608945
-5.595138
-5.581880
-5.567895
-5.553846
-5.540396
-5.527093
-5.510077
-5.491615
-5.473469
-5.454388
-5.436527
-5.418779
-5.400013
-5.380995
-5.363477
-5.346373
-5.328935
-5.311708
-5.293574
-5.275117
-5.256915
-5.238574
-5.222391
-5.207089
-5.191552
-5.176556
-5.160983
-5.145393
-5.130386
-5.115558
-5.099635
-5.083393
-5.067387
-5.051217
-5.035656
-5.020303
-5.004754
-4.989284
-4.970416
-4.950117
-4.930044
-4.909038
-4.888872
-4.868648
-4.847424
-4.825837
-4.805701
-4.785908
-4.765667
-4.745550
-4.724437
-4.702911
-4.681552
-4.659966
-4.639752
-4.620034
-4.600022
-4.580263
-4.560007
-4.539626
-4.519526
-4.499435
-4.478422
-4.457051
-4.435730
-4.414166
-4.392918
-4.371695
-4.350207
-4.328651
-4.309083
-4.290301
-4.271361
-4.252933
-4.233879
-4.214781
-4.196240
-4.177848
-4.158658
-4.139259
-4.120053
-4.100747
-4.081943
-4.063325
-4.044584
-4.025930
-4.006171
-3.985968
-3.965904
-3.945573
-3.925557
-3.905563
-3.885282
-3.864923
-3.845150
-3.825559
-3.805860
-3.786262
-3.766362
-3.746369
-3.726493
-3.706591
-3.682463
-3.656537
-3.630767
-3.603774
-3.577817
-3.551744
-3.524361
-3.496476
-3.470117
-3.444033
-3.417353
-3.390709
-3.362829
-3.334376
-3.306010
-3.277282
-3.250452
-3.224269
-3.197630
-3.171300
-3.144196
-3.116860
-3.089873
-3.062846
-3.034501
-3.005614
-2.976743
-2.947486
-2.918614
-2.889726
-2.860422
-2.830974
-2.803336
-2.776356
-2.749146
-2.722339
-2.694831
-2.667190
-2.639994
-2.612850
-2.584889
-2.556651
-2.528506
-2.500184
-2.472245
-2.444395
-2.416347
-2.388297
-2.359051
-2.329275
-2.299547
-2.269464
-2.239609
-2.209690
-2.179394
-2.148933
-2.118963
-2.089086
-2.059013
-2.028951
-1.998500
-1.967867
-1.937263
-1.906543
-1.878140
-1.850671
-1.822985
-1.795889
-1.768131
-1.740346
-1.713200
-1.686241
-1.658220
-1.629902
-1.601831
-1.573612
-1.546021
-1.518655
-1.491111
-1.463664
-1.435160
-1.406233
-1.377449
-1.348417
-1.319677
-1.290962
-1.261977
-1.232919
-1.204454
-1.176180
-1.147802
-1.119533
-1.090970
-1.062322
-1.033797
-1.005255
-0.975313
-0.944780
-0.914289
-0.883392
-0.852853
-0.822282
-0.791273
-0.760102
-0.729400
-0.698776
-0.667959
-0.637145
-0.605933
-0.574532
-0.543150
-0.511647
-0.480829
-0.450249
-0.419512
-0.388893
-0.357999
-0.327025
-0.296184
-0.265333
-0.234022
-0.202525
-0.171039
-0.139422
-0.107946
-0.076471
-0.044853
-0.013190
