0.027219
0.057378
0.087326
0.118296
0.148041
0.177722
0.208511
0.239612
0.269413
0.298924
0.328823
0.358614
0.389347
0.420472
0.451447
0.482642
0.511499
0.539449
0.567726
0.595468
0.623940
0.652505
0.680489
0.708347
0.737473
0.767018
0.796372
0.825977
0.854980
0.883825
0.912952
0.942061
0.970101
0.997707
1.025342
1.052674
1.080334
1.107995
1.135327
1.162554
1.190092
1.217679
1.245140
1.272604
1.299796
1.326859
1.353936
1.380929
1.408588
1.436492
1.464282
1.492209
1.519899
1.547542
1.575335
1.603145
1.630567
1.657848
1.685164
1.712388
1.739767
1.767172
1.794476
1.821765
1.852352
1.884325
1.916140
1.948887
1.980789
2.012752
2.045714
2.079040
2.111122
2.142952
2.175221
2.207426
2.240576
2.274146
2.307612
2.341331
2.373538
2.405209
2.437205
2.468929
2.501227
2.533675
2.565819
2.597964
2.631109
2.664648
2.698142
2.731909
2.765343
2.798759
2.832470
2.866262
2.892746
2.916188
2.940033
2.961849
2.985605
3.009277
3.030770
3.051502
3.075054
3.099217
3.122455
3.145883
3.167254
3.187742
3.208509
3.228763
3.256674
3.287633
3.317733
3.349706
3.379423
3.408968
3.440542
3.472660
3.501004
3.528212
3.556162
3.583496
3.612868
3.642898
3.672208
3.701735
3.725056
3.745762
3.766955
3.786472
3.807482
3.828394
3.847511
3.865976
3.887294
3.909330
3.930554
3.952072
3.971743
3.990680
4.009994
4.028928
4.046260
4.062772
4.078964
4.094465
4.110112
4.125463
4.140090
4.154287
4.168394
4.182184
4.195525
4.208519
4.220910
4.232835
4.244421
4.255580
4.285144
4.322302
4.358223
4.399125
4.435061
4.471087
4.512473
4.555657
4.591295
4.625133
4.661200
4.696572
4.737081
4.779687
4.821370
4.864187
4.889043
4.906692
4.926281
4.941416
4.961696
4.982282
4.998052
5.012460
5.035669
5.061474
5.085453
5.110804
5.131287
5.150148
5.170625
5.190513
5.217064
5.246345
5.274743
5.304750
5.333075
5.361345
5.391346
5.421879
5.448590
5.474106
5.500352
5.525944
5.553487
5.581630
5.609019
5.636574
5.662084
5.686720
5.711612
5.735986
5.760786
5.785552
5.809766
5.833775
5.858994
5.884575
5.909885
5.935379
5.960218
5.984837
6.009670
6.034423
6.053222
6.069473
6.085897
6.100572
6.116678
6.132592
6.146634
6.159940
6.175311
6.191018
6.205859
6.220708
6.233801
6.246057
6.258391
6.270179
6.300192
6.337711
6.373882
6.414925
6.451060
6.487247
6.528680
6.571850
6.607258
6.640732
6.676381
6.711227
6.751172
6.793139
6.834074
6.876056
6.895982
6.906904
6.919854
6.927112
6.940394
6.953787
6.961044
6.966380
6.981949
7.000321
7.016216
7.033453
7.044551
7.053404
7.063891
7.073373
7.092302
7.114954
7.136169
7.159518
7.180122
7.200405
7.223003
7.246146
7.263738
7.279470
7.296023
7.311466
7.329464
7.348117
7.365517
7.382961
7.396800
7.408994
7.421378
7.432690
7.444541
7.456138
7.466604
7.476527
7.488166
7.500160
7.511509
7.522932
7.533087
7.542668
7.552376
7.561735
7.580871
7.604017
7.626381
7.651327
7.673611
7.695889
7.720949
7.746907
7.768590
7.789170
7.810886
7.832117
7.856069
7.881071
7.905462
7.930374
7.941271
7.946384
7.952636
7.955177
7.961422
7.967625
7.969837
7.970722
7.977865
7.986627
7.993714
8.001510
8.005338
8.007632
8.010817
8.013242
8.021608
8.032239
8.041834
8.052680
8.061639
8.070272
8.080272
8.090501
8.097069
8.102331
8.107999
8.112840
8.119196
8.125853
8.131592
8.137241
8.162238
8.195327
8.227483
8.265082
8.297629
8.330477
8.369171
8.409959
8.443520
8.475605
8.510215
8.544444
8.584159
8.626296
8.667821
8.710802
8.718892
8.712754
8.709622
8.697407
8.694839
8.692437
8.680241
8.664977
8.665341
8.669881
8.670493
8.673045
8.665967
8.655284
8.646994
8.637013
8.651405
8.675630
8.697072
8.724519
8.745186
8.765486
8.792273
8.820929
8.837139
8.849616
8.864618
8.877626
8.897368
8.919309
8.938916
8.959274
8.969783
8.976207
8.983813
8.988965
8.996508
9.004043
9.008944
9.012974
9.022453
9.033563
9.043515
9.054315
9.062181
9.069072
9.076959
9.084503
9.092972
9.101779
9.110198
9.118709
9.126973
9.135133
9.143396
9.151628
9.158732
9.165354
9.171993
9.178293
9.184869
9.191404
9.197578
9.203608
9.209764
9.215869
9.221817
9.227687
9.233282
9.238708
9.244063
9.249280
9.254301
9.259167
9.263897
9.268476
9.272952
9.277297
9.281490
9.285546
9.282523
9.276407
9.270454
9.262371
9.255830
9.248964
9.239829
9.229738
9.222132
9.214895
9.206545
9.198156
9.187583
9.175944
9.164352
9.152048
9.162303
9.181828
9.199644
9.223466
9.241163
9.258887
9.283079
9.309387
9.326039
9.340260
9.357139
9.372988
9.395119
9.419722
9.443008
9.467557
9.470975
9.465855
9.462942
9.454731
9.452435
9.450407
9.442657
9.433222
9.434081
9.437926
9.439538
9.442689
9.440035
9.435395
9.432581
9.428998
9.434394
9.443442
9.451323
9.461369
9.469066
9.476654
9.486577
9.497192
9.502774
9.506787
9.511753
9.515856
9.522536
9.530009
9.536485
9.543182
9.542117
9.537747
9.533932
9.527982
9.523822
9.519481
9.512859
9.505370
9.501387
9.498250
9.494046
9.490156
9.483912
9.476701
9.469908
9.462590
9.452643
9.441376
9.429683
9.416911
9.404409
9.391471
9.377401
9.362674
9.348001
9.332922
9.317152
9.300904
9.283683
9.265750
9.247359
9.228337
9.226266
9.231063
9.234472
9.242304
9.245292
9.248145
9.255775
9.264860
9.266646
9.266515
9.268243
9.269092
9.274520
9.281682
9.287751
9.294651
9.293454
9.289086
9.285920
9.280922
9.278340
9.276055
9.271778
9.267050
9.266958
9.268416
9.269190
9.270891
9.270441
9.269437
9.269480
9.269482
9.261577
9.250399
9.239527
9.226415
9.215496
9.204493
9.191078
9.176829
9.165256
9.154174
9.142096
9.130107
9.115957
9.100825
9.085872
9.070304
9.070293
9.076632
9.081667
9.090770
9.095576
9.100323
9.109456
9.119973
9.123600
9.125408
9.128980
9.131721
9.138756
9.147417
9.155046
9.163452
9.154925
9.139449
9.125499
9.107149
9.093325
9.079527
9.060991
9.040931
9.028735
9.018671
9.006651
8.995630
8.979839
8.962279
8.945943
8.928795
8.909343
8.888660
8.867244
8.844695
8.822310
8.799385
8.775275
8.750426
8.724861
8.698520
8.671434
8.643592
8.614870
8.585341
8.555060
8.523989
8.513960
8.512435
8.509177
8.511395
8.507540
8.503482
8.505342
8.508981
8.503589
8.495815
8.490319
8.483721
8.482771
8.483950
8.483762
8.484587
8.475218
8.461842
8.449944
8.435718
8.424506
8.413641
8.400247
8.386260
8.378054
8.371762
8.364585
8.358542
8.349775
8.340287
8.332082
8.323796
8.308926
8.291352
8.273989
8.254751
8.237422
8.220048
8.200653
8.180580
8.162567
8.144899
8.126423
8.107984
8.087797
8.066798
8.045905
8.024492
8.010938
8.000494
7.989174
7.979771
7.968005
7.956038
7.946151
7.936805
7.923637
7.909316
7.895737
7.881528
7.869382
7.857896
7.845677
7.833673
7.817360
7.799238
7.781519
7.762667
7.744841
7.726964
7.707873
7.688350
7.670964
7.654158
7.636802
7.619711
7.601329
7.582463
7.563921
7.545155
7.527836
7.511062
7.493996
7.477213
7.459965
7.442621
7.425589
7.408596
7.390621
7.372279
7.354023
7.335526
7.317398
7.299323
7.280985
7.262598
7.243544
7.224155
7.204744
7.185095
7.165483
7.145773
7.125816
7.105712
7.085843
7.065978
7.045949
7.025876
7.005534
6.985040
6.964511
6.943868
6.923281
6.902660
6.881919
6.861116
6.840181
6.819149
6.798058
6.776882
6.755510
6.734007
6.712425
6.690727
6.668980
6.647149
6.625200
6.603156
6.584038
6.566107
6.547951
6.530565
6.512345
6.494108
6.476702
6.459554
6.441178
6.422488
6.404125
6.385622
6.367911
6.350506
6.332926
6.315498
6.296654
6.277260
6.258084
6.238592
6.219536
6.200540
6.181200
6.161790
6.143198
6.124885
6.106460
6.088205
6.069580
6.050866
6.032342
6.013818
5.991063
5.966527
5.942174
5.916618
5.892146
5.867590
5.841742
5.815419
5.790649
5.766180
5.741143
5.716170
5.689985
5.663254
5.636637
5.609685
5.589969
5.573186
5.555746
5.540166
5.522549
5.504869
5.489197
5.474134
5.455779
5.436521
5.418051
5.399145
5.382216
5.366008
5.349269
5.332851
5.308458
5.280765
5.253745
5.224620
5.197571
5.170491
5.141148
5.111047
5.084589
5.059087
5.032625
5.006588
4.978273
4.949085
4.920429
4.891348
4.865525
4.840947
4.815793
4.791322
4.765822
4.740144
4.715212
4.690406
4.663569
4.636007
4.608668
4.580868
4.553904
4.527103
4.499792
4.472428
4.447457
4.423426
4.399233
4.375666
4.351315
4.326906
4.303177
4.279627
4.255208
4.230574
4.206169
4.181668
4.157752
4.134064
4.110255
4.086562
4.061412
4.035683
4.010138
3.984245
3.958779
3.933351
3.907546
3.881645
3.856508
3.831611
3.806577
3.781679
3.756390
3.730984
3.705734
3.680454
3.654620
3.628552
3.602478
3.576234
3.546278
3.514662
3.483029
3.450218
3.441284
3.441956
3.397209
3.340166
3.320161
3.305344
3.275841
3.246442
3.219838
3.192917
3.165867
3.138909
3.111721
3.084464
3.057311
3.030146
3.002609
2.974918
2.947232
2.919436
2.891750
2.864061
2.836254
2.808407
2.776467
2.742755
2.709176
2.674390
2.640524
2.606496
2.571181
2.535340
2.501003
2.466925
2.432226
2.397544
2.361614
2.325094
2.288641
2.251807
2.224661
2.201465
2.177459
2.155986
2.131825
2.107621
2.086148
2.065533
2.040640
2.014618
1.989690
1.964246
1.941469
1.919700
1.897291
1.875364
1.846347
1.814471
1.783395
1.750569
1.719723
1.688984
1.656354
1.623180
1.594809
1.568025
1.540456
1.513806
1.484908
1.455401
1.426935
1.398390
1.363045
1.324881
1.286935
1.247040
1.209033
1.170938
1.130747
1.089823
1.104811
1.143023
1.178049
1.228523
1.160888
1.049900
0.959971
0.846179
0.825770
0.836142
0.817954
0.811926
0.767150
0.708560
0.664003
0.614840
0.574668
0.537650
0.495588
0.453810
0.409749
0.364316
0.319235
0.273418
0.247057
0.228666
0.208679
0.193807
0.173632
0.153428
0.138737
0.125815
0.104300
0.080541
0.059029
0.036512
0.019408
0.004372
-0.011919
-0.027202
-0.058249
-0.095664
-0.131366
-0.170991
-0.206224
-0.241245
-0.280504
-0.321001
-0.353652
-0.383992
-0.415988
-0.446773
-0.481906
-0.518496
-0.553661
-0.589362
-0.618529
-0.645016
-0.672330
-0.698047
-0.725424
-0.752846
-0.778551
-0.803722
-0.832543
-0.862485
-0.891703
-0.921525
-0.949443
-0.976756
-1.004770
-1.032598
-1.059475
-1.085934
-1.112247
-1.138200
-1.164421
-1.190572
-1.216338
-1.241937
-1.267435
-1.292771
-1.317935
-1.342939
-1.367693
-1.392247
-1.416645
-1.440857
-1.465888
-1.491164
-1.516210
-1.541360
-1.566088
-1.590662
-1.615359
-1.639992
-1.664053
-1.687853
-1.711612
-1.735170
-1.758844
-1.782469
-1.805881
-1.829192
-1.857551
-1.887988
-1.918100
-1.949583
-1.979682
-2.009801
-2.041395
-2.073479
-2.103546
-2.133142
-2.163343
-2.193368
-2.224788
-2.256783
-2.288539
-2.320612
-2.350273
-2.379032
-2.408220
-2.436912
-2.466413
-2.496073
-2.525187
-2.554229
-2.584742
-2.615787
-2.646691
-2.677940
-2.708600
-2.739156
-2.770094
-2.801083
-2.828278
-2.853923
-2.879788
-2.904619
-2.930533
-2.956446
-2.981244
-3.005681
-3.031545
-3.057727
-3.083467
-3.109319
-3.134149
-3.158551
-3.183109
-3.207424
-3.227304
-3.245199
-3.263036
-3.279448
-3.296754
-3.313768
-3.329268
-3.344082
-3.360142
-3.376251
-3.391584
-3.406741
-3.420493
-3.433483
-3.446345
-3.458647
-3.483049
-3.512322
-3.540493
-3.571759
-3.649168
-3.747544
-3.847126
-3.961932
-3.766267
-3.445760
-3.708841
-4.128857
-4.074509
-3.953657
-4.020352
-4.085453
-4.113292
-4.144389
-4.176933
-4.207673
-4.241146
-4.275090
-4.307061
-4.338703
-4.375481
-4.414081
-4.452102
-4.491276
-4.528299
-4.564885
-4.602752
-4.640731
-4.653001
-4.654520
-4.657274
-4.652793
-4.655039
-4.656887
-4.650966
-4.642266
-4.643145
-4.645976
-4.645454
-4.645434
-4.638133
-4.627614
-4.617901
-4.606254
-4.642548
-4.698419
-4.750227
-4.814556
-4.865681
-4.916624
-4.981067
-5.049770
-5.097111
-5.138787
-5.185902
-5.230416
-5.288190
-5.350962
-5.410513
-5.472440
-5.501370
-5.517033
-5.536553
-5.548002
-5.586539
-5.633229
-5.670427
-5.710275
-6.025468
-6.458056
-6.857552
-7.327135
-8.662987
-10.129974
-10.257586
-9.968478
-10.330384
-10.632187
-10.493429
-10.207983
-10.243038
-10.299074
-10.185945
-10.044606
-10.118799
-10.253567
-10.348497
-10.477685
-10.477047
-10.433004
-10.429705
-10.409655
-10.482039
-10.590219
-10.677396
-10.782200
-10.861111
-10.935042
-11.028167
-11.124384
-11.149589
-11.148060
-11.152946
-11.140514
-11.154000
-11.171078
-11.169162
-11.163593
-11.184908
-11.213938
-11.237876
-11.266110
-11.278658
-11.286006
-11.298436
-11.308931
-11.307756
-11.301245
-11.293275
-11.280948
-11.271163
-11.260263
-11.244732
-11.226977
-11.256240
-11.303976
-11.347346
-11.402494
-11.442751
-11.481728
-11.533504
-11.588551
-11.623359
-11.652444
-11.685889
-11.716362
-11.758680
-11.805108
-11.847984
-11.892530
-11.911747
-11.920594
-11.932232
-11.937516
-11.949442
-11.961513
-11.966741
-11.969829
-11.985953
-12.005896
-12.023006
-12.042082
-12.053920
-12.063298
-12.075000
-12.085773
-12.103526
-12.124060
-12.143348
-12.164149
-12.183083
-12.201799
-12.222151
-12.242900
-12.258995
-12.273468
-12.288566
-12.302677
-12.318783
-12.335342
-12.350798
-12.366208
-12.379743
-12.392342
-12.404965
-12.416962
-12.429038
-12.440856
-12.452023
-12.462799
-12.474460
-12.486246
-12.497585
-12.508886
-12.519409
-12.529536
-12.539654
-12.549500
-12.560512
-12.571893
-12.582941
-12.594144
-12.604806
-12.615275
-12.625924
-12.636503
-12.646207
-12.655526
-12.664810
-12.673807
-12.683003
-12.692146
-12.700981
-12.709683
-12.733016
-12.762479
-12.791170
-12.823955
-12.852972
-12.882222
-12.915866
-12.951089
-12.980651
-13.009009
-13.039282
-13.069206
-13.103314
-13.139242
-13.174644
-13.211118
-13.222336
-13.223255
-13.226368
-13.222914
-13.226435
-13.230078
-13.226640
-13.220984
-13.226690
-13.235440
-13.241349
-13.248680
-13.249033
-13.246784
-13.246283
-13.244568
-13.254085
-13.267996
-13.280181
-13.294879
-13.306238
-13.317171
-13.330837
-13.345113
-13.373762
-13.409103
-13.284363
-13.096166
-13.857813
-13.188700
-13.393894
-13.401210
-13.413160
-13.426935
-13.440522
-13.455374
-13.468668
-13.481873
-13.496454
-13.511413
-13.525006
-13.538341
-13.552138
-13.565865
-13.580694
-13.596009
-13.611208
-13.626702
-13.639062
-13.650213
-13.661804
-13.672684
-13.684567
-13.696590
-13.707838
-13.718927
-13.731698
-13.745029
-13.758116
-13.771541
-13.784176
-13.796606
-13.809417
-13.822211
-13.828660
-13.832440
-13.836480
-13.838708
-13.842573
-13.846313
-13.848109
-13.849193
-13.852554
-13.856344
-13.859284
-13.862303
-13.863514
-13.863903
-13.864445
-13.864477
-13.872027
-13.882552
-13.892226
-13.903728
-13.912971
-13.922021
-13.933053
-13.944600
-13.952456
-13.959193
-13.966636
-13.973465
-13.982270
-13.991703
-14.000419
-14.009335
-14.009199
-14.005229
-14.001850
-13.995966
-13.992249
-13.988342
-13.981755
-13.974168
-13.970475
-13.967687
-13.963675
-13.959977
-13.953587
-13.946068
-13.938982
-13.931266
-13.927051
-13.924076
-13.920301
-13.917138
-13.912664
-13.907835
-13.903689
-13.899528
-13.892939
-13.885381
-13.877919
-13.869786
-13.862434
-13.855111
-13.847061
-13.838797
-13.844458
-13.855868
-13.866450
-13.880848
-13.891450
-13.902136
-13.916931
-13.933111
-13.943865
-13.953394
-13.964625
-13.975431
-13.990095
-14.006382
-14.022077
-14.038689
-14.048589
-14.056000
-14.064645
-14.071938
-14.081543
-14.091628
-14.100225
-14.108657
-14.121227
-14.135322
-14.149058
-14.163793
-14.176923
-14.189799
-14.203777
-14.217935
-14.221191
-14.220008
-14.219491
-14.216022
-14.215700
-14.215403
-14.211921
-14.207429
-14.207085
-14.207695
-14.207056
-14.206772
-14.203570
-14.199161
-14.195236
-14.190641
-14.191715
-14.194939
-14.197230
-14.200731
-14.202374
-14.203694
-14.206340
-14.209202
-14.208744
-14.207114
-14.205862
-14.203871
-14.203287
-14.202997
-14.201883
-14.200705
-14.194748
-14.186641
-14.178666
-14.169235
-14.160654
-14.151766
-14.141334
-14.130191
-14.120935
-14.111984
-14.102204
-14.092414
-14.081032
-14.068881
-14.056782
-14.044175
-14.032964
-14.022114
-14.010680
-13.999314
-13.987148
-13.974612
-13.962177
-13.949526
-13.935523
-13.920855
-13.906023
-13.890666
-13.875465
-13.860067
-13.844117
-13.827858
-13.830564
-13.841135
-13.850564
-13.865200
-13.874779
-13.884525
-13.899871
-13.917143
-13.926893
-13.934937
-13.945344
-13.955160
-13.970301
-13.987681
-14.004239
-14.022060
-14.012868
-13.992687
-13.974971
-13.950295
-13.933111
-13.916113
-13.891607
-13.864786
-13.850364
-13.839337
-13.825320
-13.812935
-13.793102
-13.770548
-13.749980
-13.728194
-13.721281
-13.720336
-13.717505
-13.718242
-13.714824
-13.711112
-13.711258
-13.712467
-13.705661
-13.696352
-13.688520
-13.679294
-13.674177
-13.670311
-13.664837
-13.659700
-13.651854
-13.642843
-13.634285
-13.625087
-13.616379
-13.607627
-13.598195
-13.588506
-13.580745
-13.573612
-13.566124
-13.558983
-13.550926
-13.542605
-13.534680
-13.526702
-13.515531
-13.503019
-13.490593
-13.477238
-13.464727
-13.452149
-13.438572
-13.424629
-13.411715
-13.398962
-13.385777
-13.372592
-13.358511
-13.344003
-13.329531
-13.314779
-13.301673
-13.289139
-13.276246
-13.263642
-13.250386
-13.236950
-13.223840
-13.210714
-13.196511
-13.181877
-13.167276
-13.152374
-13.137817
-13.123268
-13.108393
-13.093419
-13.078817
-13.064293
-13.049649
-13.035029
-13.020128
-13.005105
-12.990119
-12.975062
-12.959782
-12.944376
-12.928908
-12.913330
-12.897750
-12.882112
-12.866361
-12.850534
-12.834231
-12.817678
-12.801067
-12.784263
-12.767469
-12.750582
-12.733495
-12.716281
-12.701742
-12.688260
-12.654729
-12.613445
-12.689055
-12.587502
-12.594193
-12.576299
-12.559100
-12.542138
-12.525030
-12.508045
-12.490766
-12.473405
-12.456181
-12.438947
-12.421287
-12.403454
-12.385630
-12.367684
-12.349872
-12.332061
-12.314118
-12.296133
-12.277722
-12.259098
-12.240447
-12.221640
-12.202857
-12.184008
-12.164996
-12.145886
-12.126900
-12.107903
-12.088799
-12.069657
-12.050343
-12.030928
-12.011480
-11.991953
-11.969079
-11.944742
-11.920466
-11.895176
-11.870612
-11.845889
-11.820085
-11.793823
-11.768702
-11.743737
-11.718240
-11.692711
-11.666149
-11.639076
-11.612010
-11.584598
-11.563951
-11.546020
-11.527440
-11.510572
-11.491741
-11.472808
-11.455728
-11.439181
-11.419527
-11.398997
-11.379168
-11.358896
-11.340438
-11.322619
-11.304271
-11.286188
-11.266434
-11.246038
-11.225985
-11.205600
-11.185711
-11.165914
-11.145754
-11.125536
-11.106495
-11.087889
-11.069169
-11.050729
-11.031839
-11.012876
-10.994222
-10.975617
-10.957510
-10.939672
-10.921865
-10.904251
-10.886655
-10.869161
-10.851865
-10.834703
-10.817362
-10.800029
-10.782844
-10.765707
-10.748798
-10.732025
-10.715293
-10.698666
-10.677377
-10.654158
-10.631249
-10.607074
-10.584140
-10.561175
-10.536847
-10.512057
-10.489183
-10.466763
-10.443771
-10.420950
-10.396819
-10.372149
-10.349632
-10.327640
-10.292994
-10.253438
-10.300337
-10.216361
-10.211997
-10.189334
-10.167138
-10.144997
-10.121536
-10.097588
-10.073756
-10.049606
-10.025968
-10.002411
-9.978504
-9.954539
-9.938779
-9.926445
-9.913697
-9.903246
-9.890645
-9.878164
-9.868150
-9.859015
-9.846775
-9.833887
-9.822061
-9.810055
-9.800373
-9.791707
-9.782762
-9.774421
-9.739153
-9.692681
-9.647992
-9.595961
-9.550945
-9.505661
-9.452488
-9.396576
-9.351847
-9.309757
-9.264288
-9.219800
-9.167644
-9.112328
-9.058333
-9.002607
-8.980509
-8.972049
-8.960357
-8.957242
-8.944742
-8.931925
-8.928366
-8.927603
-8.911084
-8.890152
-8.872869
-8.853401
-8.843177
-8.836249
-8.826691
-8.818536
-8.795694
-8.766981
-8.740334
-8.710260
-8.684276
-8.658645
-8.629306
-8.598988
-8.577060
-8.557850
-8.537236
-8.518186
-8.495062
-8.470790
-8.448301
-8.425602
-8.399818
-8.372811
-8.345734
-8.317727
-8.290808
-8.263908
-8.235999
-8.207785
-8.179988
-8.152120
-8.123910
-8.095564
-8.066526
-8.037093
-8.007547
-7.977696
-7.950391
-7.924015
-7.897211
-7.870930
-7.843710
-7.816289
-7.789447
-7.762657
-7.734442
-7.705706
-7.677090
-7.648131
-7.619742
-7.591447
-7.562773
-7.534042
-7.504105
-7.473588
-7.443062
-7.412132
-7.381326
-7.350383
-7.319016
-7.287419
-7.256271
-7.225161
-7.193789
-7.162372
-7.130499
-7.098385
-7.066240
-7.033920
-7.006921
-6.982099
-6.956868
-6.933046
-6.907761
-6.882469
-6.858697
-6.835414
-6.809852
-6.783710
-6.758184
-6.732408
-6.708102
-6.684370
-6.660319
-6.636558
-6.604783
-6.569700
-6.535259
-6.498693
-6.464246
-6.429773
-6.393014
-6.355494
-6.321531
-6.288483
-6.254477
-6.220867
-6.184990
-6.148232
-6.111976
-6.075281
-6.042000
-6.010020
-5.977442
-5.945580
-5.912628
-5.879484
-5.847125
-5.814894
-5.780556
-5.745465
-5.710604
-5.675265
-5.640794
-5.606493
-5.571661
-5.536775
-5.496822
-5.454633
-5.412602
-5.369053
-5.326522
-5.283729
-5.239322
-5.194214
-5.151050
-5.108212
-5.064552
-5.020902
-4.975633
-4.929593
-4.883626
-4.837158
-4.813964
-4.800447
-4.785407
-4.776718
-4.761935
-4.747373
-4.739637
-4.734263
-4.719294
-4.702071
-4.687762
-4.672621
-4.664088
-4.658286
-4.651360
-4.645936
-4.616382
-4.577146
-4.540496
-4.497853
-4.462136
-4.426832
-4.385046
-4.341430
-4.309575
-4.281181
-4.250332
-4.221307
-4.185752
-4.148012
-4.112422
-4.076031
-4.050221
-4.028765
-4.006041
-3.985939
-3.963166
-3.940350
-3.920353
-3.901253
-3.876390
-3.849793
-3.824396
-3.798086
-3.774868
-3.752664
-3.729393
-3.706469
-3.681519
-3.655756
-3.630432
-3.604700
-3.579466
-3.554298
-3.528689
-3.502977
-3.478832
-3.455259
-3.431507
-3.408112
-3.384108
-3.359993
-3.336273
-3.312605
-3.289235
-3.266058
-3.242924
-3.219932
-3.197034
-3.174248
-3.151604
-3.129083
-3.106441
-3.083821
-3.061335
-3.038902
-3.016657
-2.994530
-2.972453
-2.950472
-2.922945
-2.893109
-2.863613
-2.832591
-2.803020
-2.773387
-2.742116
-2.710273
-2.680663
-2.651563
-2.621760
-2.592134
-2.560933
-2.529071
-2.497453
-2.465463
-2.435971
-2.407393
-2.378324
-2.349738
-2.320270
-2.290602
-2.261468
-2.232374
-2.201685
-2.170392
-2.139214
-2.107633
-2.076638
-2.045716
-2.014352
-1.982896
-1.954239
-1.926684
-1.898910
-1.871855
-1.843902
-1.815880
-1.788640
-1.761605
-1.733468
-1.705041
-1.676881
-1.648581
-1.620977
-1.593633
-1.566116
-1.538722
-1.509721
-1.480075
-1.450623
-1.420782
-1.391393
-1.362035
-1.332255
-1.302358
-1.273302
-1.244504
-1.215546
-1.186729
-1.157471
-1.128074
-1.098842
-1.069569
-1.043784
-1.019481
-0.994986
-0.971474
-0.947125
-0.922861
-0.899649
-0.876835
-0.852601
-0.828062
-0.804005
-0.779859
-0.756749
-0.734089
-0.711297
-0.688770
-0.664832
-0.640404
-0.616309
-0.591977
-0.568196
-0.544574
-0.520685
-0.496815
-0.473931
-0.451448
-0.428939
-0.406713
-0.384184
-0.361657
-0.339434
-0.317309
-0.291895
-0.265159
-0.238668
-0.211315
-0.184943
-0.158611
-0.131344
-0.103803
-0.077590
-0.051713
-0.025488
0.000587
0.027525
0.054797
0.081878
0.109127
0.134657
0.159515
0.184618
0.209328
0.234554
0.259842
0.284704
0.309467
0.335189
0.361227
0.387120
0.413200
0.438827
0.464333
0.490051
0.515756
0.540807
0.565597
0.590401
0.615021
0.649589
0.688306
0.651983
0.586728
0.961732
0.671416
0.788096
0.812792
0.837328
0.861786
0.886251
0.910664
0.935512
0.960522
0.985461
1.010491
1.035370
1.060220
1.085170
1.110134
1.134851
1.159481
1.184135
1.208733
1.233433
1.258154
1.282811
1.307462
1.332174
1.356903
1.381622
1.406351
1.431040
1.455715
1.480402
1.505084
1.529747
1.554399
1.579047
1.603687
1.628330
1.652969
1.677600
1.702225
1.726772
1.751282
1.775790
1.800271
1.824765
1.849250
1.873708
1.898152
1.922619
1.947088
1.971540
1.995988
2.020409
2.044814
2.069217
2.093608
2.117194
2.140432
2.137736
2.123756
2.264285
2.172619
2.221641
2.238077
2.256079
2.274375
2.292072
2.309818
2.326319
2.342250
2.358281
2.373955
2.391435
2.409526
2.427171
2.445104
2.462294
2.479254
2.496542
2.513782
2.529747
2.545182
2.560625
2.575689
2.591117
2.606523
2.621519
2.636370
2.653174
2.670698
2.687983
2.705711
2.722704
2.739568
2.756919
2.774339
2.790882
2.807136
2.823503
2.839689
2.856300
2.873019
2.889534
2.906057
2.921328
2.936049
2.950831
2.965249
2.979917
2.994528
3.008751
3.022809
3.037399
3.052097
3.066598
3.081122
3.095245
3.109186
3.123168
3.137038
3.153919
3.172034
3.189904
3.208567
3.226409
3.244246
3.262938
3.281904
3.299549
3.316852
3.334502
3.352000
3.370334
3.388989
3.407454
3.426076
3.443353
3.460112
3.477091
3.493778
3.510881
3.528049
3.544898
3.561686
3.579278
3.597149
3.614919
3.632863
3.650458
3.667975
3.685686
3.703406
3.717646
3.730431
3.743377
3.755340
3.768214
3.781033
3.792796
3.804181
3.816849
3.829772
3.842240
3.854770
3.866315
3.877422
3.888632
3.899576
3.912177
3.925368
3.938214
3.951365
3.963896
3.976269
3.988981
4.001699
4.013343
4.024568
4.035847
4.046839
4.058199
4.069587
4.080662
4.091657
4.101846
4.111621
4.121344
4.130767
4.140214
4.149526
4.158524
4.167328
4.176377
4.185406
4.194221
4.202961
4.211364
4.219567
4.227705
4.235686
4.243723
4.251704
4.259519
4.267243
4.274785
4.282191
4.289509
4.296706
4.303645
4.310407
4.317055
4.323544
4.329955
4.336248
4.342378
4.348376
4.354104
4.359638
4.365044
4.370277
4.375401
4.380384
4.385192
4.389846
4.394426
4.398883
4.403185
4.407354
4.411346
4.415183
4.418891
4.422452
4.429837
4.438767
4.447380
4.456987
4.465489
4.473954
4.483492
4.493353
4.501568
4.509346
4.517537
4.525526
4.534541
4.543941
4.553090
4.562423
4.573441
4.585237
4.597147
4.609648
4.621836
4.634180
4.647151
4.660428
4.673419
4.686499
4.699913
4.713481
4.727595
4.742049
4.756641
4.771509
4.770704
4.763375
4.757008
4.746333
4.739760
4.733016
4.721643
4.708656
4.701987
4.696761
4.689553
4.682847
4.671693
4.658671
4.646345
4.632969
4.637111
4.648289
4.657630
4.671341
4.680025
4.688424
4.701549
4.716019
4.722042
4.725600
4.730953
4.735020
4.743826
4.754237
4.763126
4.772622
4.774372
4.772949
4.772476
4.770100
4.769714
4.769384
4.767006
4.763993
4.765219
4.767736
4.769396
4.771746
4.771852
4.771237
4.771424
4.771378
4.770892
4.770196
4.769282
4.768131
4.767108
4.766004
4.764648
4.763160
4.761278
4.759141
4.756882
4.754410
4.751832
4.749098
4.746146
4.743017
4.740531
4.738212
4.735680
4.733204
4.730340
4.727314
4.724361
4.721322
4.717806
4.714055
4.710235
4.706226
4.702274
4.698251
4.694027
4.689692
4.686027
4.682575
4.678976
4.675484
4.671664
4.667738
4.663938
4.660106
4.655887
4.651501
4.647100
4.642575
4.638152
4.633712
4.629138
4.624511
4.619366
4.613962
4.608523
4.602893
4.597297
4.591622
4.585748
4.579756
4.573903
4.568032
4.562031
4.555982
4.549728
4.543349
4.536929
4.530410
4.524842
4.519627
4.514270
4.509119
4.503633
4.498085
4.492764
4.487474
4.481679
4.475708
4.469794
4.463768
4.457962
4.452205
4.446322
4.440432
4.436199
4.432654
4.429029
4.425868
4.422260
4.418671
4.415581
4.412664
4.409140
4.405491
4.402053
4.398581
4.395571
4.392763
4.389903
4.387164
4.376712
4.363030
4.349806
4.334446
4.321055
4.307550
4.291752
4.275134
4.261631
4.248826
4.235019
4.221442
4.205647
4.188911
4.172500
4.155552
4.146667
4.140996
4.134423
4.129826
4.122867
4.115733
4.110739
4.106324
4.097933
4.088347
4.079549
4.070106
4.062816
4.056225
4.048878
4.041765
4.009042
3.965453
3.923204
3.873720
3.830440
3.786551
3.734916
3.680358
3.688367
3.720808
3.747463
3.789731
3.811738
3.831828
3.868908
3.910172
3.891298
3.850596
3.816954
3.769719
3.746129
3.726978
3.692792
3.656793
3.646310
3.644242
3.639077
3.639239
3.626974
3.611590
3.602231
3.592660
3.577866
3.561389
3.544964
3.527220
3.512357
3.498109
3.482370
3.466590
3.451062
3.435465
3.419802
3.404106
3.387860
3.371357
3.354843
3.338145
3.322344
3.306838
3.291103
3.275504
3.259511
3.243391
3.227425
3.211425
3.194794
3.177895
3.160988
3.143885
3.126948
3.109989
3.092821
3.075570
3.055380
3.033879
3.012418
2.990049
3.003208
3.031064
3.056448
3.091429
2.912632
2.647109
2.791135
3.046145
2.963885
2.833492
2.835783
2.836261
2.815570
2.799073
2.782666
2.766022
2.749610
2.733195
2.716525
2.699769
2.683471
2.667301
2.651021
2.634802
2.618314
2.601730
2.585220
2.568667
2.550855
2.532496
2.514148
2.495414
2.476968
2.458466
2.439552
2.420467
2.401772
2.383119
2.364269
2.345395
2.326143
2.306697
2.287242
2.267653
2.248636
2.229799
2.210797
2.191870
2.172676
2.153385
2.134182
2.114943
2.095274
2.075415
2.055538
2.035519
2.015596
1.995645
1.975543
1.955374
1.935243
1.915082
1.894848
1.874573
1.854180
1.833709
1.813200
1.792626
1.771964
1.751230
1.730432
1.709563
1.688644
1.667663
1.646611
1.625494
1.604201
1.582793
1.561327
1.539763
1.518160
1.496488
1.474717
1.452868
1.430998
1.409072
1.387065
1.364995
1.342826
1.320577
1.298266
1.275882
1.253363
1.230747
1.208059
1.185281
1.162447
1.139538
1.116538
1.093459
1.070324
1.047119
1.023833
1.000474
0.977026
0.953497
0.929895
0.906215
0.882496
0.858716
0.834856
0.810929
0.786917
0.762828
0.738673
0.714445
0.690123
0.665720
0.641245
0.616691
0.592071
0.567379
0.542608
0.517762
0.495908
0.475284
0.454453
0.434426
0.413581
0.392742
0.372770
0.353083
0.332166
0.310952
0.290094
0.269116
0.248967
0.229152
0.209181
0.189389
0.168194
0.146468
0.124987
0.103212
0.081898
0.060669
0.039118
0.017519
-0.003230
-0.023674
-0.044207
-0.064545
-0.085232
-0.105985
-0.126522
-0.147035
-0.169726
-0.193309
-0.216773
-0.240833
-0.264278
-0.287728
-0.311823
-0.336129
-0.359624
-0.382942
-0.406519
-0.430038
-0.454145
-0.478504
-0.502778
-0.527197
-0.573477
-0.629117
-0.683963
-0.745172
-0.801190
-0.857897
-0.921409
-0.987589
-1.032942
-1.071405
-1.113582
-1.151905
-1.190114
-1.226863
-1.259656
-1.290069
-1.103534
-0.823154
-0.549633
-0.212081
0.651587
1.768396
2.098672
2.268615
2.536498
2.687634
2.662326
2.517603
2.662977
2.857143
2.913784
2.965492
3.032059
3.088073
3.137246
3.180138
3.173313
3.141666
3.105605
3.050769
2.997886
2.936568
2.855696
2.762758
2.650349
2.521931
2.381706
2.226894
2.226757
2.284347
2.320074
2.389929
2.404987
2.410407
2.453343
2.501923
2.471475
2.414018
2.366109
2.301238
2.272156
2.251365
2.211547
2.171309
2.144603
2.121442
2.097111
2.075377
2.044228
2.010166
1.979188
1.947161
1.913693
1.879447
1.844200
1.808011
1.772114
1.735794
1.698477
1.660569
1.638056
1.621711
1.604083
1.590428
1.572183
1.553712
1.539542
1.526610
1.507152
1.485953
1.466352
1.445923
1.429538
1.414656
1.398756
1.383555
1.360548
1.334439
1.309382
1.282493
1.257848
1.233410
1.206987
1.180054
1.157418
1.136161
1.114175
1.092980
1.069665
1.045742
1.022722
0.999578
0.969626
0.936815
0.904175
0.869547
0.836725
0.803758
0.768657
0.732772
0.699046
0.665645
0.631322
0.596988
0.560748
0.523594
0.486502
0.448808
0.414659
0.381742
0.348048
0.314977
0.280497
0.245627
0.211457
0.177251
0.140727
0.103274
0.065891
0.027857
-0.009437
-0.046713
-0.084695
-0.122890
-0.150364
-0.173451
-0.197227
-0.218105
-0.241996
-0.265885
-0.286650
-0.306402
-0.330379
-0.355347
-0.379062
-0.403155
-0.424330
-0.444308
-0.464794
-0.484625
-0.509768
-0.536919
-0.563168
-0.590536
-0.616154
-0.641456
-0.667985
-0.694703
-0.718253
-0.740675
-0.763437
-0.785481
-0.808841
-0.832459
-0.855279
-0.878020
-0.904288
-0.931934
-0.959340
-0.987663
-1.014816
-1.041875
-1.069932
-1.098247
-1.125287
-1.152011
-1.179064
-1.205974
-1.233736
-1.261827
-1.289737
-1.317814
-1.343707
-1.368731
-1.394020
-1.418784
-1.444180
-1.469626
-1.494504
-1.519229
-1.545088
-1.571298
-1.597297
-1.623492
-1.649097
-1.674521
-1.700170
-1.725768
-1.753607
-1.782398
-1.811041
-1.840305
-1.869045
-1.897838
-1.927294
-1.957002
-1.985732
-2.014233
-2.043043
-2.071773
-2.101177
-2.130864
-2.160441
-2.190176
-2.219080
-2.247693
-2.276503
-2.305173
-2.334160
-2.363236
-2.392155
-2.421083
-2.450602
-2.480359
-2.510098
-2.540005
-2.569729
-2.599451
-2.629354
-2.659314
-2.687703
-2.715468
-2.743362
-2.770851
-2.801928
-2.834354
-2.842543
-2.841432
-2.980912
-2.908980
-2.966343
-2.994538
-3.022332
-3.049978
-3.077725
-3.105404
-3.133937
-3.162812
-3.191579
-3.220552
-3.249283
-3.277997
-3.297080
-3.312031
-3.402229
-3.521489
-3.195671
-3.542796
-3.478390
-3.507099
-3.535717
-3.564354
-3.593868
-3.623754
-3.653622
-3.683750
-3.713656
-3.743587
-3.773796
-3.804112
-3.834150
-3.864148
-3.894271
-3.924400
-3.954781
-3.985284
-4.015783
-4.046364
-4.076510
-4.106510
-4.136613
-4.166646
-4.196860
-4.227130
-4.257319
-4.287520
-4.318017
-4.348638
-4.379256
-4.409963
-4.440584
-4.471210
-4.501930
-4.532684
-4.553286
-4.569593
-4.586373
-4.600267
-4.616684
-4.632872
-4.645967
-4.657905
-4.673704
-4.690275
-4.705458
-4.720822
-4.733230
-4.744317
-4.755707
-4.766294
-4.795510
-4.832308
-4.867475
-4.907472
-4.942288
-4.976991
-5.016905
-5.058435
-5.091585
-5.122479
-5.155448
-5.187355
-5.224386
-5.263320
-5.300950
-5.339460
-5.361650
-5.377171
-5.394296
-5.407249
-5.424594
-5.442023
-5.454958
-5.466485
-5.485872
-5.507468
-5.527231
-5.548083
-5.564348
-5.578977
-5.594916
-5.610160
-5.632054
-5.656591
-5.680133
-5.705193
-5.728382
-5.751380
-5.776023
-5.801079
-5.822214
-5.842048
-5.862491
-5.882169
-5.903683
-5.925683
-5.946816
-5.968003
-5.987819
-6.006986
-6.026261
-6.045132
-6.064124
-6.082990
-6.101434
-6.119652
-6.138670
-6.157878
-6.176814
-6.195808
-6.214269
-6.232500
-6.250813
-6.268996
-6.288210
-6.307811
-6.327235
-6.346874
-6.366165
-6.385390
-6.404851
-6.424345
-6.443224
-6.461882
-6.480602
-6.499180
-6.518009
-6.536885
-6.555603
-6.574303
-6.595340
-6.617347
-6.639233
-6.661769
-6.683672
-6.705599
-6.728225
-6.751093
-6.773085
-6.794892
-6.816993
-6.839038
-6.861734
-6.884712
-6.907608
-6.930670
-6.952589
-6.974091
-6.995814
-7.017315
-7.039224
-7.061225
-7.082981
-7.104718
-7.127171
-7.149894
-7.172566
-7.195418
-7.218006
-7.240560
-7.263311
-7.286103
-7.302972
-7.317361
-7.332048
-7.345073
-7.359632
-7.374096
-7.386775
-7.398814
-7.413105
-7.427865
-7.441849
-7.455963
-7.468388
-7.480073
-7.491958
-7.503403
-7.517584
-7.532744
-7.547331
-7.562424
-7.576498
-7.590316
-7.604695
-7.619086
-7.631692
-7.643603
-7.655608
-7.667137
-7.679279
-7.691468
-7.703140
-7.714680
-7.729073
-7.744564
-7.759790
-7.775720
-7.790676
-7.805521
-7.821134
-7.836918
-7.851530
-7.865807
-7.880317
-7.894644
-7.909649
-7.924881
-7.939897
-7.954999
-7.968386
-7.981060
-7.993896
-8.006285
-8.019106
-8.031919
-8.044252
-8.056423
-8.068490
-8.080386
-8.092114
-8.103680
-8.114974
-8.126058
-8.136985
-8.147717
-8.158515
-8.169233
-8.179746
-8.190142
-8.200291
-8.210258
-8.220113
-8.229808
-8.197540
-8.147329
-8.098762
-8.038043
-8.067385
-8.129527
-8.175219
-8.238819
-8.246227
-8.236376
-8.247354
-8.253157
-8.284477
-8.326435
-8.362102
-8.402778
-8.429421
-8.451773
-8.479868
-8.506908
-8.540169
-8.576191
-8.610899
-8.647002
-8.658646
-8.660397
-8.664635
-8.662705
-8.667622
-8.672826
-8.671369
-8.667938
-8.676263
-8.687960
-8.697053
-8.707863
-8.711955
-8.713719
-8.717528
-8.720405
-8.738745
-8.763444
-8.786528
-8.813542
-8.836546
-8.859514
-8.886710
-8.915264
-8.936027
-8.954559
-8.974866
-8.994057
-9.017691
-9.042880
-9.066737
-9.091227
-9.094855
-9.089762
-9.086212
-9.077023
-9.073087
-9.068907
-9.058675
-9.046310
-9.043128
-9.042213
-9.038646
-9.035985
-9.027265
-9.016111
-9.006135
-8.994878
-8.997316
-9.005107
-9.010991
-9.020021
-9.024880
-9.029237
-9.037015
-9.045573
-9.046644
-9.045256
-9.045025
-9.043341
-9.045237
-9.048099
-9.049312
-9.050654
-9.057213
-9.065876
-9.074436
-9.084491
-9.092906
-9.101313
-9.111337
-9.121871
-9.131024
-9.139999
-9.149575
-9.159177
-9.170083
-9.181619
-9.193130
-9.205065
-9.213581
-9.220837
-9.228678
-9.235816
-9.244175
-9.252784
-9.260618
-9.268369
-9.278094
-9.288537
-9.298803
-9.309540
-9.319485
-9.329296
-9.339627
-9.350032
-9.355182
-9.358188
-9.361500
-9.363382
-9.366764
-9.370147
-9.371986
-9.373328
-9.376650
-9.380420
-9.383576
-9.386890
-9.388790
-9.390098
-9.391625
-9.392819
-9.396727
-9.401657
-9.406127
-9.411166
-9.415300
-9.419266
-9.423858
-9.428541
-9.431616
-9.434115
-9.436783
-9.439084
-9.442050
-9.445145
-9.447832
-9.450475
-9.449305
-9.446448
-9.443709
-9.439825
-9.436702
-9.433379
-9.428840
-9.423771
-9.420163
-9.416799
-9.412814
-9.408834
-9.403632
-9.397848
-9.392116
-9.386004
-9.381201
-9.376783
-9.371914
-9.367174
-9.361774
-9.356105
-9.350593
-9.344953
-9.338197
-9.330923
-9.323564
-9.315809
-9.308251
-9.300581
-9.292491
-9.284192
-9.290737
-9.303455
-9.315313
-9.331270
-9.343303
-9.355495
-9.372092
-9.390224
-9.402518
-9.413513
-9.426382
-9.438823
-9.455451
-9.473858
-9.491654
-9.510469
-9.501342
-9.480737
-9.462386
-9.436656
-9.418477
-9.400291
-9.374159
-9.345443
-9.329033
-9.315806
-9.299310
-9.284218
-9.261314
-9.235398
-9.211246
-9.185606
-9.173662
-9.167034
-9.158290
-9.152587
-9.142694
-9.132219
-9.125057
-9.118587
-9.104164
-9.087032
-9.070987
-9.053293
-9.039179
-9.025929
-9.010827
-8.995721
-8.994994
-9.000187
-9.004742
-9.013322
-9.017852
-9.022478
-9.031440
-9.041863
-9.047282
-9.051715
-9.057911
-9.063865
-9.073715
-9.085296
-9.096473
-9.108702
-9.097209
-9.076074
-9.057047
-9.031886
-9.013346
-8.994971
-8.969979
-8.942949
-8.926641
-8.913241
-8.897216
-8.882573
-8.861417
-8.837859
-8.815990
-8.793026
-8.780709
-8.772589
-8.762888
-8.755609
-8.745225
-8.734487
-8.726378
-8.718892
-8.705248
-8.689554
-8.674793
-8.658815
-8.645710
-8.633356
-8.619627
-8.605969
-8.594881
-8.584775
-8.574620
-8.565177
-8.554762
-8.544263
-8.534542
-8.525009
-8.514934
-8.504800
-8.494890
-8.484991
-8.475635
-8.466538
-8.457431
-8.448498
-8.437457
-8.425599
-8.413998
-8.401899
-8.390593
-8.379418
-8.367003
-8.355538
-8.344498
-8.333953
-8.323236
-8.312724
-8.301680
-8.290486
-8.279526
-8.268538
-8.260277
-8.253188
-8.245955
-8.239499
-8.232427
-8.225441
-8.219284
-8.213456
-8.206503
-8.199314
-8.192520
-8.185664
-8.179639
-8.173981
-8.168226
-8.162690
-8.147289
-8.127783
-8.108928
-8.087381
-8.068404
-8.049327
-8.027358
-8.004385
-7.985503
-7.967585
-7.948428
-7.929628
-7.908018
-7.885250
-7.862962
-7.840039
-7.824908
-7.812847
-7.799795
-7.788585
-7.775031
-7.761239
-7.749447
-7.738146
-7.722776
-7.706118
-7.690159
-7.673463
-7.658818
-7.644775
-7.629886
-7.615135
-7.596957
-7.577295
-7.557918
-7.537605
-7.517999
-7.498284
-7.477572
-7.456460
-7.437056
-7.418086
-7.398619
-7.379326
-7.358941
-7.338120
-7.317521
-7.296697
-7.279584
-7.263969
-7.247961
-7.232882
-7.216757
-7.200581
-7.185408
-7.170527
-7.153834
-7.136613
-7.119781
-7.102675
-7.086585
-7.070840
-7.054771
-7.038833
-7.021310
-7.003139
-6.985169
-6.966814
-6.948870
-6.930941
-6.912596
-6.894126
-6.876538
-6.859223
-6.841736
-6.824396
-6.806599
-6.788659
-6.770890
-6.753078
-6.731900
-6.709288
-6.686777
-6.663282
-6.640614
-6.617849
-6.594028
-6.569800
-6.546734
-6.523859
-6.500504
-6.477158
-6.452829
-6.428034
-6.403288
-6.378239
-6.354747
-6.331780
-6.308434
-6.285338
-6.261595
-6.237654
-6.213996
-6.190297
-6.165516
-6.140286
-6.115062
-6.089516
-6.064280
-6.039024
-6.013422
-5.987696
-5.963236
-5.939219
-5.915017
-5.891078
-5.866611
-5.842024
-5.817729
-5.793448
-5.768569
-5.743474
-5.718420
-5.693218
-5.668262
-5.643344
-5.618264
-5.593159
-5.567160
-5.540752
-5.514356
-5.487678
-5.461144
-5.434541
-5.407641
-5.380597
-5.353886
-5.327219
-5.300387
-5.273539
-5.246386
-5.219077
-5.191766
-5.164348
-5.142669
-5.123382
-5.103738
-5.085670
-5.066109
-5.046613
-5.028811
-5.011603
-4.992060
-4.971982
-4.952633
-4.933095
-4.919975
-4.909577
-4.898712
-4.889603
-4.840226
-4.774488
-4.712300
-4.639693
-4.790802
-5.032595
-4.845724
-4.542643
-4.594303
-4.697056
-4.660809
-4.626925
-4.613615
-4.595447
-4.577732
-4.560113
-4.532461
-4.500633
-4.469339
-4.435253
-4.403827
-4.372281
-4.337734
-4.302136
-4.270370
-4.239423
-4.207200
-4.175222
-4.140422
-4.104400
-4.068745
-4.032375
-4.004442
-3.979803
-3.954063
-3.930290
-3.903910
-3.877225
-3.852682
-3.828631
-3.800168
-3.770286
-3.741120
-3.711127
-3.683314
-3.656115
-3.627971
-3.599945
-3.569540
-3.538078
-3.506832
-3.474931
-3.443432
-3.411819
-3.379513
-3.346901
-3.315589
-3.284613
-3.253260
-3.222040
-3.190009
-3.157655
-3.125472
-3.093125
-3.061166
-3.029313
-2.997275
-2.965249
-2.933025
-2.900704
-2.868402
-2.836042
-2.803232
-2.770207
-2.737140
-2.703906
-2.670733
-2.637502
-2.604096
-2.570596
-2.547246
-2.528153
-2.508523
-2.491733
-2.472340
-2.453112
-2.436934
-2.421855
-2.402837
-2.382981
-2.364458
-2.345691
-2.329833
-2.315241
-2.300282
-2.286069
-2.267272
-2.246836
-2.227366
-2.207053
-2.188442
-2.170263
-2.151145
-2.132011
-2.115884
-2.100929
-2.085820
-2.071512
-2.056177
-2.040764
-2.026225
-2.011911
-1.981501
-1.944441
-1.908315
-1.867767
-1.831599
-1.795320
-1.754281
-1.711630
-1.675210
-1.640183
-1.603178
-1.566646
-1.525648
-1.482762
-1.440541
-1.397245
-1.361719
-1.329066
-1.294971
-1.262431
-1.227196
-1.191390
-1.157299
-1.123385
-1.084665
-1.044165
-1.004069
-0.962801
-0.923382
-0.884244
-0.843817
-0.803168
-0.774431
-0.750522
-0.725859
-0.704401
-0.679457
-0.654451
-0.632905
-0.612434
-0.587412
-0.561323
-0.536569
-0.511403
-0.489394
-0.468678
-0.447407
-0.426841
-0.400000
-0.370761
-0.342517
-0.312908
-0.285317
-0.258049
-0.229290
-0.200261
-0.174854
-0.150703
-0.126105
-0.102290
-0.076894
-0.051143
-0.026267
-0.001430
