0.526906
-0.324129
-0.252320
-0.864634
0.725497
-0.175625
-2.040251
3.343793
-2.531220
0.893782
1.619790
2.758112
1.899133
2.738100
0.999351
-0.870757
-1.116918
-0.890878
-0.668999
-2.133117
1.150557
1.378840
-0.075354
2.018688
-0.599796
0.809600
3.349214
0.789534
2.434523
-2.358008
0.770896
0.988784
1.821618
1.827038
-0.799355
1.935246
0.288620
-0.866919
1.998323
0.213571
0.005147
0.701932
0.718712
4.129694
-0.733215
0.446212
4.114388
3.447677
4.078209
0.852656
1.610628
1.954835
-0.824840
2.128091
4.056256
1.761421
0.632611
7.258947
0.238233
-0.524132
0.600299
1.497947
3.258515
5.252050
-0.717519
0.886496
2.862028
-0.920620
4.682060
0.639296
2.689335
1.771990
0.789441
5.418462
2.592879
5.928196
1.399375
3.551299
3.893905
0.488642
-1.944361
3.759669
3.600329
1.959447
2.431910
2.597617
3.310822
4.160380
3.098022
4.541877
0.834392
5.357282
1.966218
2.798248
5.155273
4.698639
4.128395
3.450224
2.174288
0.108773
1.579300
3.972161
2.171836
-0.660729
6.392282
2.021477
1.630125
2.122043
-0.411316
4.088893
0.824204
4.357525
-0.696054
1.301783
1.597053
4.414860
5.811514
4.721067
7.233697
3.384839
5.564039
2.341894
3.935825
3.179405
3.761082
6.375190
2.623172
-0.411416
1.426485
-2.488493
5.711049
1.019889
3.156388
0.470709
2.246196
-1.602924
3.843635
3.397244
5.505672
8.083420
-0.266927
0.334001
2.591934
6.114975
7.414229
1.563863
1.728685
3.017244
4.568662
5.464062
5.085166
5.384569
6.073244
5.756353
5.953667
5.230437
4.607936
4.199441
6.584420
8.500761
5.140900
2.751170
8.176237
8.522475
5.777541
1.839659
2.508886
5.802448
3.958500
4.527591
4.118608
3.232960
8.768817
3.386606
5.410490
6.773466
4.789180
6.441467
4.484741
2.024730
3.297623
1.813752
4.624087
6.269712
7.735320
8.082812
5.874514
6.660585
3.465633
10.133888
7.334468
5.789210
3.665155
5.092970
3.198344
4.099651
2.671882
10.972501
2.682595
6.479841
5.905997
7.117958
7.372270
2.692582
5.908467
7.141439
2.403885
6.321741
6.404882
10.607879
6.701950
8.460046
9.327085
5.795620
5.811965
3.571742
6.272333
5.678872
5.406845
5.502667
5.998456
4.297943
8.355241
7.541671
2.757213
5.013609
4.569355
6.290445
5.895699
4.098103
6.956568
8.580027
3.358263
6.444815
5.399209
7.633701
6.661004
5.438924
7.889822
8.131636
2.800500
9.358488
7.394743
5.239395
7.124762
8.519201
7.586839
7.160839
8.297845
4.928433
6.454491
5.586387
4.730022
3.461694
3.629524
8.425471
6.293026
2.805342
7.980688
8.950314
6.661194
10.041998
8.129516
4.603065
6.979696
5.297320
3.457568
6.695466
9.878662
6.754268
6.619792
8.028238
4.213128
1.773554
11.011671
6.510444
6.663580
7.854496
11.398131
2.458810
6.874590
9.090972
9.915853
9.506679
7.209854
6.421940
5.515378
6.923425
8.672710
6.412457
9.017532
11.179858
8.655474
7.975821
10.785871
9.353119
7.209660
10.598723
10.288058
5.508139
3.492301
5.541595
6.284199
7.385494
7.214574
5.089943
8.976942
9.386825
8.874324
5.307888
8.495033
7.894971
7.726678
9.942852
4.438664
11.725344
6.666584
8.340938
9.085046
5.222361
6.217470
6.602093
10.508835
6.347409
7.743441
7.921651
10.555484
10.617036
8.663144
8.526748
11.042845
6.901098
7.702818
8.088254
6.945900
8.802999
6.907620
9.456048
6.224001
5.788047
9.665786
7.137340
8.187732
5.667155
4.471670
10.350582
8.425131
8.208061
7.170979
7.514258
7.226422
9.338435
7.042519
14.376512
5.119919
7.362685
12.712411
7.469908
8.281229
6.662102
11.206666
9.591962
8.589913
13.585805
10.771068
10.795812
7.606567
5.846969
7.519790
10.173159
6.334800
9.620407
4.473894
8.862791
10.329775
8.805075
12.455523
6.361404
8.560567
12.991158
9.104952
7.289505
8.635094
7.005098
8.171751
10.929512
9.040099
8.316917
10.264664
8.548235
9.021403
6.692636
7.702668
7.969661
8.040943
8.931212
7.214462
8.837630
1.451546
7.370343
7.337433
4.906077
10.258206
10.896619
7.656215
11.516965
8.289625
12.443413
7.378259
6.457289
8.080418
10.023819
8.833282
8.981101
12.970472
7.166826
10.140555
9.575622
9.512574
7.286664
10.676651
9.643106
7.652861
6.976839
7.615415
8.098546
8.423679
9.939208
9.786344
9.677023
9.657242
11.213927
13.337626
8.631417
6.928740
10.829911
5.339393
9.709011
6.634753
8.638076
7.690421
7.954120
9.509446
7.256613
8.606810
7.722450
9.981265
8.660340
7.870623
8.480104
6.149345
11.676000
9.227868
4.424557
10.555016
9.579283
10.993954
9.625292
11.229326
7.798047
6.935932
8.742560
9.301901
7.416732
8.629146
4.521085
9.918245
11.350875
12.567685
10.420224
9.645666
9.519986
8.112734
8.268483
7.899085
9.776898
10.673167
9.619036
6.523924
9.785690
7.943433
10.301506
8.049202
14.836113
6.633481
9.063456
10.331711
7.304219
6.136068
10.412998
5.687740
11.080068
9.746061
13.874607
8.487850
11.477842
8.038805
7.361908
8.906539
6.745335
9.120287
6.303353
8.067547
11.501941
9.045919
8.560988
7.432580
8.839798
10.614808
8.085283
11.185035
11.885902
11.393753
10.313812
8.778686
7.780113
8.670690
8.719372
8.976349
7.420276
7.399421
7.305722
7.395691
12.109680
9.545435
9.072160
10.172611
10.769708
11.124710
8.676262
10.727072
8.391640
5.975567
9.387770
7.836704
6.184222
7.818707
12.433261
11.681485
10.675943
6.440860
9.152129
11.547713
9.364671
9.655269
12.509932
8.054364
12.164789
9.938692
8.584974
8.935810
8.520775
10.552301
9.758955
12.736040
9.485998
8.107513
7.088607
7.202781
6.800429
8.337711
8.406537
12.378533
12.121843
11.393781
7.263741
7.472756
8.778200
8.402661
9.916941
8.519535
8.576507
4.338951
10.086710
9.875378
9.105383
8.419997
11.599159
8.084527
3.004249
9.589602
7.449984
12.370857
7.940685
9.360676
10.210702
10.273958
11.764550
9.908514
6.560819
3.688869
9.600285
12.148689
11.028010
12.885137
5.860327
14.125663
9.523081
9.642939
8.076698
11.202989
11.343467
9.748620
6.035142
8.849783
7.639971
12.987894
11.251594
9.532584
10.862798
10.713989
11.359752
12.471857
8.166200
4.969600
10.597096
13.625056
11.463652
7.756921
5.470502
9.408277
6.177802
9.335634
8.901770
10.724776
6.791137
8.071254
13.000707
8.995276
7.123082
7.253732
7.647575
9.087415
13.489199
9.653391
9.848314
8.025503
9.922945
6.608798
8.763786
13.865918
8.142114
9.984725
8.936648
10.718368
9.495678
8.992919
7.531461
10.443336
9.057773
8.604931
6.168421
6.543042
6.713064
10.158345
8.887392
9.629334
6.937743
8.340931
9.400217
3.675375
4.564030
8.173571
7.899135
5.441399
9.298951
5.535587
9.842569
5.933043
7.686238
4.000729
7.521283
9.553614
6.914927
8.260591
9.927933
7.201354
7.480529
9.077456
7.369784
7.942367
5.525706
7.405081
3.881656
6.710124
8.206148
5.796454
8.381465
8.894016
6.750548
7.243870
5.888682
8.245693
12.056341
9.263742
8.778877
6.769603
7.845956
4.097309
8.040981
6.445908
11.012081
10.775376
9.123261
5.049641
8.888141
11.330525
8.945098
6.343459
5.661229
4.463750
6.464551
9.619534
12.362790
8.447722
7.842619
8.227492
8.946942
7.495617
7.496422
7.563538
9.190435
8.214411
6.031105
5.558969
8.066066
9.806304
5.732949
6.760126
7.598882
6.780355
6.551158
9.797603
7.265284
5.018520
4.676936
8.961840
7.274343
6.972149
9.097030
6.519908
7.959251
6.589946
4.544309
4.547492
8.417510
5.932995
8.691511
5.185292
8.292839
7.340304
8.203075
7.145804
6.500242
4.207275
11.258362
9.633970
3.861848
7.835855
8.907051
9.303521
6.502972
3.060813
7.415462
9.645352
5.658451
5.835213
6.619217
4.085707
4.017675
6.299150
7.418080
4.540036
8.083678
8.568893
10.056931
8.183469
7.092614
8.914967
9.969907
7.634207
7.608219
5.520198
7.618253
2.875984
8.307118
5.797097
9.810247
7.748038
7.629656
6.020221
8.667837
4.863824
8.324669
8.159780
4.342234
7.047661
7.608500
7.887137
11.629190
4.716864
7.051936
7.992802
6.629610
6.861209
6.958409
4.910158
5.279380
2.086737
7.012729
4.366946
3.496949
4.043032
3.808818
5.344745
4.323530
7.331985
7.216692
3.982755
3.405479
4.955855
5.026187
7.852804
2.274261
7.518151
6.613891
3.658342
4.691044
6.206155
5.319466
6.171412
4.400305
5.154632
1.454464
7.234889
3.355255
5.132818
6.342747
2.497460
6.444121
1.719531
6.354039
3.021651
1.225719
8.551284
5.810983
5.410120
3.896688
5.000844
5.033228
6.164777
4.011213
7.306822
3.917811
5.379843
1.743123
1.706055
5.354671
7.575721
1.315512
1.860436
7.750190
6.175120
5.689952
6.954509
6.557017
8.251285
3.988239
4.657865
0.093395
4.998338
3.331720
6.417268
4.254785
3.949000
3.947524
3.474775
7.902681
3.444321
4.400042
5.424004
8.786844
-0.837162
6.078432
0.173333
0.466991
7.393027
4.510489
2.670248
3.907450
1.208561
6.053968
5.919483
2.035096
0.794244
6.492858
2.479917
2.655894
4.056633
4.777901
2.598680
3.549587
6.537470
5.414617
2.697640
-0.692218
2.612380
4.262140
4.871249
5.191509
1.701485
1.771769
2.908990
3.597522
-0.041789
4.604872
5.220330
1.976392
3.234086
2.488279
4.233783
2.893451
0.072370
5.230291
6.302137
3.726728
4.420342
3.028966
3.592327
4.210531
5.474236
2.751883
1.018880
4.978907
1.728415
4.809417
4.281308
4.312137
2.926778
4.430238
2.644528
4.241474
0.994577
0.231343
4.964852
-0.105443
-1.209354
3.834082
-1.073207
4.033547
2.300731
2.080827
-2.966664
0.006391
2.520737
6.107154
-0.817429
2.528302
1.052862
1.980085
-0.166208
-2.225280
1.367061
2.334297
1.041196
3.784939
-1.963824
0.344173
-0.511496
-0.150794
-0.944298
6.347829
4.023933
5.517985
0.366034
2.134893
3.021042
1.543349
1.087087
6.809615
-1.391852
2.777884
0.436878
1.269409
2.019712
1.858501
-5.099183
0.809420
1.168796
0.234370
2.296043
-2.168859
-3.099116
2.406509
-2.603081
2.285742
-0.342144
2.729561
2.611831
1.006354
-0.331792
-1.307240
-0.992013
0.621496
0.383587
2.625130
-2.026305
2.555556
3.842336
0.470667
-0.526271
3.700067
-0.523454
-1.863043
-2.519781
-0.665402
-2.275652
-2.287556
-0.996993
2.666250
1.528109
-1.820282
2.837680
-3.413208
-1.675507
-1.815738
3.078489
-3.384871
-0.426132
-0.011508
3.659361
-0.257923
1.579073
0.693879
-0.302957
-2.887339
-1.457062
-3.818965
0.374064
0.855795
-1.211845
-1.275280
-3.254100
1.838514
1.384119
-0.023235
-1.950371
-3.900512
1.003088
2.521870
-3.041814
-1.573755
-0.349181
-0.974858
-1.766705
-3.029744
1.441819
1.633849
-2.312887
-3.882998
-5.646155
-0.189867
-1.361309
0.888808
0.753818
2.764948
0.704999
-1.666477
-0.822488
-3.151361
-2.819582
1.646482
1.518311
-1.987616
-2.994096
-2.070676
-2.852510
-0.747260
-2.584270
2.315147
-3.998170
-3.208908
-2.783073
-1.652555
-0.165173
-1.009671
-3.497857
-3.253233
-0.678512
-4.367223
-4.115645
-1.735009
-2.426207
0.138199
-0.828591
-2.503655
-2.162501
-0.641068
-3.901324
-5.222461
-3.243245
-5.627793
-0.667089
-0.185051
-0.878347
-2.629119
-3.906859
-2.081258
0.312207
-3.291593
-6.217041
2.042255
-1.884464
-0.495889
-0.932179
-1.878168
-2.671458
-5.686616
0.163926
-1.990539
-3.511512
1.840314
-5.489526
-1.813485
-1.633495
-2.277361
-3.737921
-1.083984
-1.131343
-4.395818
-3.147605
-4.162816
-0.677318
-3.400037
0.083428
-2.654960
0.613395
-2.657360
-2.479912
0.037592
-4.078000
-3.902217
-5.569376
-1.897500
-2.012575
-2.763954
-6.308620
-4.782456
-7.146107
0.416212
-6.632272
-2.998240
-2.987982
-5.800386
-4.969948
-6.716230
-2.037955
-3.683378
-3.650145
-2.159756
-5.296511
-5.339321
-4.710399
-5.377004
-5.601357
-2.841093
-2.059878
-4.910797
-4.042036
0.552335
-4.912612
-5.967633
-6.510868
-3.979503
-3.074639
-1.428560
-6.021258
-4.121009
-6.743906
-3.476793
-1.806536
-5.493932
-0.762501
-5.742985
-6.422302
-1.400609
-6.209240
-5.046775
-4.586668
-3.946346
-4.739171
-2.792982
-4.507442
-6.026142
-6.084971
-3.059655
-8.620129
-2.260973
-6.454661
-3.225874
-4.124158
-5.054418
-9.209083
-4.719872
-0.934498
-5.968699
-1.953395
-2.610721
-7.686075
-2.916152
-4.840524
-8.372198
-4.827353
-4.030143
-7.406144
-8.605319
-6.654875
-3.740557
-8.762273
-3.539364
-4.872217
-7.677705
-4.667206
-5.583152
-6.536268
-2.876589
-6.093095
-4.062734
-7.078019
-12.811368
-9.974661
-11.369328
-13.849787
-12.421483
-10.190194
-12.635259
-7.836238
-10.804419
-13.036312
-9.307592
-11.236182
-9.906636
-13.111225
-10.472582
-13.271284
-14.154458
-11.928885
-11.625099
-8.742305
-11.713816
-13.716827
-9.010488
-9.924357
-10.118569
-11.644120
-9.009397
-11.567605
-13.088647
-8.784537
-13.162706
-15.075679
-10.578464
-11.165829
-9.281816
-12.267149
-10.477978
-9.996307
-13.170834
-10.109797
-8.199913
-13.784391
-12.560833
-9.705756
-10.901231
-12.062335
-8.298212
-9.632071
-12.045153
-11.263061
-9.067058
-9.088047
-9.289164
-11.285033
-6.810159
-6.082005
-16.204841
-13.101288
-11.333708
-13.561236
-9.754598
-14.030141
-11.765553
-11.187827
-10.962781
-11.972160
-10.008642
-12.707835
-14.733361
-7.391433
-11.161980
-14.917722
-12.341869
-13.735404
-9.479571
-11.275805
-15.756282
-13.209889
-13.184789
-8.118362
-12.563822
-9.548804
-12.277139
-12.389484
-10.553350
-14.512437
-11.222824
-10.881371
-12.122402
-13.463900
-11.833288
-14.379030
-15.258269
-10.328975
-14.192192
-10.351044
-13.003635
-10.925337
-14.292141
-12.332804
-11.028451
-17.175376
-12.416431
-13.056665
-12.188457
-9.183558
-12.668897
-15.951216
-8.296217
-14.191535
-11.717347
-12.495281
-8.837622
-9.030059
-9.467467
-11.488090
-12.794074
-15.388191
-10.433876
-10.729959
-12.714368
-8.419673
-12.372659
-11.314654
-11.398475
-13.190226
-13.023557
-9.786265
-16.768848
-16.000023
-12.117387
-13.562975
-12.487790
-10.255406
-15.438009
-11.244756
-16.021170
-11.758250
-14.291808
-13.036801
-12.822595
-12.713290
-11.404829
-11.356083
-14.165678
-10.111903
-12.123160
-9.887533
-16.125203
-13.070339
-15.368030
-14.288002
-17.511206
-12.742430
-13.551472
-14.225919
-13.535741
-13.506997
-12.375112
-13.146297
-9.570652
-12.452747
-13.519984
-15.595837
-8.708572
-13.700215
-15.323519
-15.023147
-17.261120
-13.102509
-13.890503
-13.894409
-12.500812
-12.035765
-14.577322
-9.397828
-11.789743
-11.347201
-11.727534
-14.599210
-11.001887
-9.606679
-14.913752
-15.391827
-17.797441
-10.658283
-12.118383
-12.817446
-14.895748
-16.303341
-15.690876
-14.133628
-7.319649
-13.665512
-17.347436
-10.608797
-13.155407
-14.991512
-11.640566
-12.401695
-12.700735
-15.503166
-9.652292
-13.769465
-11.828395
-14.997907
-13.919020
-14.367700
-15.631832
-14.372390
-13.951188
-12.736470
-15.585635
-14.991285
-11.719838
-16.132092
-14.384688
-11.297474
-12.906285
-11.225048
-12.251875
-14.197970
-13.798442
-14.025347
-13.775233
-14.503129
-11.078459
-16.966629
-11.994063
-15.965465
-15.545575
-15.883777
-15.404750
-11.912039
-12.990011
-9.877469
-17.666280
-14.734383
-16.732221
-13.286615
-16.179248
-17.901287
-17.442351
-14.629449
-14.147419
-12.215099
-14.633498
-16.818370
-13.027012
-10.970958
-13.631662
-14.577781
-11.171618
-13.881485
-13.503726
-13.895647
-13.573120
-13.200282
-13.672417
-13.865233
-12.492851
-14.861431
-16.225061
-14.721557
-11.878402
-10.995015
-12.414748
-15.925566
-12.557770
-15.200092
-15.796758
-14.517511
-18.282283
-17.446416
-14.198452
-12.463107
-13.224114
-14.240652
-14.546401
-10.009473
-13.457028
-12.547854
-14.845321
-13.655620
-14.661558
-15.474754
-16.431043
-11.990956
-13.148614
-11.399434
-12.210975
-15.222867
-13.309054
-12.181323
-13.102118
-13.026050
-13.402229
-12.465886
-16.084435
-17.577602
-11.225426
-16.810098
-14.888861
-10.921030
-11.815833
-13.238010
-17.975575
-9.622926
-11.402486
-12.298672
-13.660389
-12.890031
-12.706382
-12.992267
-14.057990
-12.897901
-16.475339
-12.303792
-14.539358
-15.819635
-16.697211
-7.875833
-10.983398
-13.436519
-13.547678
-12.674239
-12.836784
-15.056062
-14.342632
-14.331990
-12.737197
-19.205068
-13.973237
-15.031110
-11.615808
-13.595826
-15.519833
-14.828144
-15.016443
-10.787852
-13.841000
-16.414053
-13.707560
-15.473093
-10.807713
-15.650298
-12.288542
-16.489305
-12.962346
-12.975779
-13.634218
-17.672945
-14.805884
-10.624476
-13.201464
-12.403862
-15.104922
-10.511331
-13.557836
-15.459894
-14.392484
-14.553030
-11.737383
-12.050047
-14.148386
-14.925896
-16.435335
-18.083359
-13.009618
-14.345309
-16.155333
-14.960344
-12.617976
-13.527815
-10.596006
-9.400647
-18.016925
-15.007407
-12.368949
-10.722684
-15.364003
-11.886764
-13.927581
-12.885985
-12.614505
-14.505261
-16.120916
-12.828014
-11.713754
-11.993957
-12.379555
-11.670986
-13.625407
-10.859833
-14.146931
-10.367476
-14.370773
-15.390031
-14.936446
-13.165341
-12.967224
-15.055145
-14.168523
-12.589821
-17.288766
-9.792684
-11.430580
-15.777734
-11.322350
-13.063707
-13.469891
-15.271662
-12.714668
-16.446918
-14.437535
-11.327375
-13.363556
-15.582611
-14.830747
-12.885605
-14.373834
-16.354151
-12.143584
-14.756685
-7.716288
-17.433122
-16.045229
-10.919864
-12.618727
-13.397313
-14.941464
-12.847362
-12.234346
-12.704637
-12.956123
-13.887605
-17.352430
-13.797541
-11.008576
-17.778585
-9.851207
-14.688992
-13.553025
-13.736456
-14.810058
-11.065861
-12.007434
-10.806412
-14.225185
-13.337411
-12.744408
-11.532365
-12.825143
-11.826784
-12.257029
-12.808460
-13.106593
-14.976625
-14.217280
-10.940036
-9.855812
-11.115757
-12.450636
-12.719748
-14.193393
-10.367803
-11.715717
-13.617917
-10.955195
-9.843352
-16.287043
-9.483042
-12.432138
-13.330695
-12.221180
-12.507370
-14.915746
-14.230098
-14.730286
-12.503642
-8.882506
-15.541373
-11.118539
-12.577917
-13.520932
-13.118949
-10.369771
-13.083936
-14.078813
-12.985486
-11.594825
-14.566735
-14.877857
-15.299372
-13.301628
-12.866723
-14.476233
-12.777949
-13.115509
-13.869157
-10.671592
-11.861082
-13.967063
-11.593514
-14.040567
-10.516980
-13.535134
-13.101207
-13.759719
-12.281072
-12.153373
-12.132421
-10.654148
-12.888056
-12.619849
-9.836857
-12.563858
-13.825785
-11.887230
-13.723861
-12.593570
-13.119608
-11.062308
-10.651787
-14.045635
-9.478606
-12.224458
-11.025058
-14.192495
-11.943194
-10.908598
-8.681890
-8.595313
-17.199811
-9.201191
-11.359302
-13.981899
-9.536223
-11.357317
-10.765424
-12.189150
-9.463790
-12.452028
-13.803531
-10.330355
-10.369374
-10.383801
-8.692119
-11.918735
-11.635156
-14.071429
-11.643727
-11.476731
-15.309106
-7.053634
-14.061457
-10.078465
-11.272583
-11.922010
-10.024658
-10.306600
-8.987371
-10.216800
-11.733424
-11.371006
-9.580598
-9.614873
-11.171995
-11.799446
-12.787229
-10.596774
-14.389305
-11.682050
-6.347764
-11.357896
-11.578076
-11.124303
-9.996349
-10.178492
-10.593675
-11.987870
-7.421280
-12.150489
-10.387284
-12.722709
-10.054010
-9.920523
-9.575135
-12.059548
-12.173370
-7.408224
-8.077916
-15.345048
-10.962992
-9.346163
-9.321832
-8.395321
-11.048558
-9.793472
-11.313675
-14.429871
-11.154417
-12.848564
-10.795751
-8.844225
-9.578190
-8.517572
-9.442717
-10.217116
-8.853910
-8.100117
-10.685856
-10.174297
-9.098398
-9.241884
-9.795020
-11.048256
-11.325689
-8.812679
-12.210045
-7.235205
-5.314892
-10.407712
-10.428353
-9.825695
-8.133469
-9.968884
-12.079948
-8.842572
-8.417504
-10.708848
-9.989232
-9.298020
-8.991726
-6.730746
-9.454534
-6.124603
-9.800925
-6.323316
-5.704802
-13.024431
-8.948045
-8.746101
-10.024840
-9.639922
-11.079774
-9.773135
-8.380904
-11.223345
-12.043441
-7.386712
-9.436758
-10.295170
-10.441646
-10.293036
-6.929414
-9.610739
-9.795814
-8.689379
-11.278774
-7.163188
-10.076403
-6.853136
-11.058409
-8.854122
-4.878534
-4.081780
-7.793846
-10.835631
-6.675146
-7.657640
-9.552460
-7.864833
-9.288043
-10.153134
-9.404605
-10.343850
-6.518945
-6.333235
-10.209499
-10.558556
-9.555649
-10.461371
-7.424323
-7.371545
-7.614652
-11.958598
-10.439393
-8.307522
-8.597798
-12.279380
-7.172265
-9.854749
-11.878142
-7.991260
-7.861913
-7.586412
-4.814249
-11.145304
-8.090641
-8.716973
-8.515794
-10.198294
-8.830119
-12.390584
-7.342699
-8.952948
-9.320246
-8.039989
-4.018054
-8.644775
-8.128211
-8.754428
-12.057596
-5.828087
-9.166042
-6.534821
-6.268008
-6.968899
-3.989573
-6.823832
-8.445299
-10.959192
-6.576672
-8.558788
-7.626653
-6.639358
-8.064298
-4.878463
-6.457102
-9.298418
-7.408337
-5.856453
-4.791116
-9.213055
-6.026302
-5.560653
-7.554854
-7.585083
-6.974599
-8.092341
-10.217772
-10.160489
-10.979883
-6.635980
-7.710077
-5.361069
-4.883186
-4.892476
-6.248754
-7.925917
-4.753635
-5.240517
-3.910135
-8.129793
-5.752531
-4.695614
-6.588415
-6.776703
-4.824424
-9.084679
-7.852664
-4.918251
-7.740927
-4.178437
-8.203083
-3.376318
-3.230653
-4.909056
-6.724982
-5.316120
-4.228518
-6.483412
-1.875016
-5.547064
-5.681883
-1.776913
-5.910066
-5.422416
-7.722218
-7.940847
-6.001431
-3.691595
-6.138459
-1.567676
-8.021106
-7.546374
-6.690803
-3.259747
-5.279442
-2.933287
-1.874043
-5.205647
-9.457324
-4.762697
-5.235991
-2.297221
-7.955679
-6.417597
-2.231392
-4.596565
-5.557191
-5.396162
-3.310960
-3.664920
-4.685841
-4.072656
-5.157041
-6.919719
-2.498416
-6.139188
-2.241780
-5.886818
-6.228494
-8.624029
-3.502376
-3.772158
-2.889649
-5.633798
1.203494
-4.418527
-6.158935
-2.167301
-2.435215
-3.373324
-1.044792
-3.728340
-4.211363
-4.090438
-6.395586
-3.778374
-5.542671
-1.701203
-5.833581
-3.866572
-5.141753
-4.171977
-4.326813
-6.213445
-5.693210
-6.485362
-0.590925
-2.701065
-4.346635
-3.508689
-2.896244
-1.461429
-2.524137
-4.549217
-1.778647
-5.537685
-3.931788
-1.661533
-0.181341
-5.171518
-3.339428
-4.491652
-4.916626
-7.442772
-2.872166
-0.752643
-1.267252
-2.311602
-6.852001
-6.775003
-2.833992
-4.758185
-2.942592
-3.060388
-4.872998
-3.255803
-5.383450
-5.334139
-4.136473
-3.226544
-2.970550
-1.723983
-6.585254
-2.391866
-3.920695
-1.272025
-5.732572
-3.715691
-5.185274
-3.547425
-0.933101
-3.134263
-3.702136
-2.700193
-4.052439
-2.341894
-3.138209
-3.284054
0.858257
-3.058770
-6.984358
-1.283236
-1.752760
-1.387111
-0.566753
-1.200809
-2.116156
-1.927688
0.065544
-2.986415
-0.990700
-4.143140
-1.415600
-1.763748
-3.433795
-2.833375
-2.421807
-3.636746
-1.379347
-1.340328
-4.185725
-5.260099
-3.945676
-5.987170
-2.047912
-5.055051
-2.766755
-2.077294
-5.332537
-1.234428
1.601894
-3.297942
0.886211
-2.951921
-0.825122
1.245801
-0.647362
2.911817
-3.052414
0.013611
-3.514129
0.994685
-2.530645
-4.151513
0.672399
1.648998
-1.988917
-3.427621
-2.582264
-1.801309
-4.818751
-0.275960
-1.308371
-4.396586
-0.764082
-0.660427
0.710656
0.470429
-0.506622
0.487340
0.453702
-1.428513
-0.261743
0.358616
-0.439388
2.766574
0.938585
0.212390
3.619102
-0.017012
-1.003839
-3.209137
1.047048
-0.989068
-0.311314
-3.139257
-2.694423
1.310609
0.764510
1.636530
-2.371035
-3.006326
-1.199707
0.572291
-0.414588
0.157085
0.452503
2.182765
2.400305
-0.921991
-3.765665
-3.898760
0.026150
-3.238993
0.236465
-1.648614
3.603737
1.610815
1.723217
-1.558117
-4.959498
0.399284
4.093175
-1.614149
1.007152
2.501635
-2.209892
-0.077066
-2.007812
-1.967922
0.277823
1.258126
2.474277
0.825217
0.444474
3.385842
0.503046
2.722524
0.559063
1.252102
-3.423140
1.132477
-0.447083
0.481118
1.372673
3.684647
1.368960
0.022637
1.069699
1.257156
-0.599873
0.119435
-4.938372
-0.817587
-0.974368
1.911245
-1.735709
1.435853
0.097826
5.546137
3.022141
4.193507
1.241366
3.690999
0.661782
0.463379
0.888159
1.873284
2.382333
0.983074
0.844627
0.638591
-0.470252
-1.948810
0.610799
1.581165
1.838974
0.365090
0.832760
-1.388371
2.076850
-2.408036
2.268860
1.456082
0.714140
2.639735
3.398955
1.328197
1.491345
2.080304
3.838481
2.250846
-1.183354
3.999385
0.296965
-1.234858
1.821108
2.092842
2.053341
4.320589
2.742849
1.018855
1.802881
2.459112
4.838454
0.001990
0.632044
-0.485862
4.589157
2.991693
1.549771
0.600072
3.455537
0.775943
4.520851
0.270617
3.316468
2.221442
1.800826
5.860090
3.446839
0.473885
0.640789
2.322274
3.387692
4.790087
3.091574
0.612663
-1.319038
3.637005
0.104452
0.263689
3.645056
4.210734
3.248504
2.378640
1.015278
2.376743
4.593584
0.852759
3.469744
2.820072
0.720900
-2.953966
-0.405881
0.326865
4.832873
4.460329
2.070156
5.318149
0.872104
0.168859
5.145745
1.190760
-0.244416
2.530423
2.840698
2.610582
0.528453
5.350759
1.476346
-2.482674
2.567523
1.846032
3.014989
2.591152
5.577896
0.331065
0.404456
4.722038
3.532403
4.273249
3.305754
4.704570
6.095002
2.605123
5.890036
4.273204
1.919204
6.385275
0.031476
0.215490
4.997314
1.802832
0.011021
1.528979
2.936130
8.533147
2.283866
3.849971
7.117727
1.709842
2.216895
3.707580
3.888773
0.820232
3.170908
4.910816
3.480094
4.664236
1.472367
5.372457
2.981138
2.073985
7.509830
8.797661
3.908176
2.185096
2.549417
5.454034
5.578053
3.171714
-0.783536
2.479576
2.074142
2.929381
5.850953
1.619629
4.031302
1.414954
4.525702
4.061077
2.519151
4.716203
2.323778
2.973327
3.788450
2.084948
3.760317
7.514812
3.679172
4.963719
-0.291882
3.693121
7.244408
2.747963
3.731246
2.890327
1.257888
3.153675
6.884578
4.687512
5.287877
-0.812751
4.444402
7.104262
7.223592
7.511085
6.003157
5.650336
8.048889
5.825130
4.039252
2.974824
3.250504
8.515409
4.575180
5.073111
6.651538
3.747054
5.836069
6.959644
2.505097
3.773237
6.479787
4.324227
5.424277
5.288650
2.742043
3.606315
7.672352
2.694402
5.840434
2.985644
1.592738
7.877229
6.220290
7.243942
5.187601
4.724448
3.633253
4.599456
5.105218
0.510872
2.260914
1.914114
7.576432
-0.703702
1.650436
2.596676
0.343079
4.390138
4.829597
4.775622
2.086149
4.635123
4.988346
2.030903
8.872907
4.079280
2.879116
3.431018
2.558692
5.692424
6.376652
5.128967
3.800060
2.737707
3.972856
4.653883
4.814389
2.403001
3.007841
4.283213
7.264605
0.376597
4.772851
7.779052
3.312365
7.454722
8.036770
6.491961
3.587580
6.429885
1.881507
4.923131
6.531166
5.934074
3.737435
6.853358
5.411523
1.840458
6.216237
4.850934
4.585436
2.886947
2.363488
5.599877
2.191041
8.522252
3.183350
3.071279
6.489365
7.082958
2.487926
6.053375
2.560153
4.344165
9.373742
4.138660
2.646219
4.716053
-1.207927
7.457611
8.564898
6.263052
4.345680
9.403780
6.779690
5.787158
5.206576
0.681075
6.262575
6.232752
2.291870
2.979746
4.002928
7.726210
5.582709
3.732919
0.240932
3.388069
1.504937
6.822665
5.820946
7.046961
9.212123
4.110238
7.754746
3.597063
4.931729
5.093629
5.048194
3.530157
4.288738
5.075395
2.733145
6.757401
3.670213
2.192095
2.447285
4.048128
1.872430
4.893981
4.579939
6.834058
1.686888
3.415679
4.710048
5.799382
5.066270
2.919524
0.579178
2.822420
1.968198
3.333776
8.313875
5.987611
3.339204
6.975853
5.688985
5.642714
4.736514
1.877828
6.249192
5.249217
2.200463
4.076774
4.301282
3.419725
2.798820
3.895742
4.285491
2.546262
7.680129
5.867374
9.135681
2.497315
4.526044
5.962138
6.167810
7.839643
4.882970
4.541850
3.592383
1.600974
0.996593
6.231384
3.428879
2.334983
4.340957
5.606568
4.314358
4.335672
3.323117
4.831832
1.391671
2.311438
3.477455
3.916820
3.626472
4.979573
4.795729
3.879399
3.453550
2.449643
1.995120
5.625318
7.527622
3.301724
4.838264
4.105747
4.024176
6.089611
0.574192
3.295876
1.763852
4.264415
6.104141
5.678249
7.331594
3.010891
5.087522
1.201586
7.564217
5.254121
5.981276
2.999578
6.087951
5.317786
6.816785
4.488014
2.079304
4.420834
3.959133
8.796287
3.546845
6.406787
3.391069
3.811663
2.890015
3.535152
4.495888
3.551992
2.345245
4.181085
7.771974
2.546995
1.655339
0.676486
4.896647
3.147834
4.414535
3.725966
2.113415
3.385463
3.826503
5.432101
3.406291
0.683295
8.925133
1.778521
4.937792
3.217603
5.987654
7.719192
5.118557
4.766531
2.995376
5.941411
2.143999
7.232795
6.381863
4.856939
5.012068
1.324483
3.149870
0.706108
6.384182
2.621931
1.553353
3.172157
3.867182
-0.549967
5.042071
4.929208
4.128622
2.871675
4.329722
3.687768
3.565960
2.133753
1.649864
6.319422
3.853606
2.265947
2.391838
2.540860
3.539076
1.772107
6.898103
6.478503
1.917689
4.415050
-0.145636
0.712747
1.526823
2.445448
2.947344
3.285897
0.983044
3.073027
5.172576
3.217738
2.549210
5.330362
1.575857
4.165981
1.999653
5.574735
2.395730
3.143693
3.070035
1.178468
1.098414
0.944563
2.827231
1.327153
2.478346
2.303528
1.074685
4.101020
0.992744
-1.706875
-1.026627
6.276241
1.113412
4.384825
2.349002
2.253937
4.392284
3.227058
4.753725
1.369644
-0.480685
4.597474
1.904028
-3.420725
3.517146
1.442183
1.506080
2.910836
4.312983
0.402971
0.014837
2.022716
-0.191333
0.694454
4.193497
2.185463
-1.081268
1.786970
2.259616
4.007492
3.258366
-3.546078
2.771444
1.694906
-0.296259
3.312130
0.790329
0.503247
1.522499
5.420551
-1.885008
-0.345746
1.237710
1.385923
-0.465035
-0.345155
1.086110
-1.281636
1.870241
3.088408
1.104812
-0.008944
-0.575630
-0.043414
0.379799
1.537300
1.401941
2.683976
4.180295
-0.831035
-1.881359
-0.124225
3.412745
-1.069704
-3.788892
4.157004
0.051278
1.277080
2.885176
-2.310846
2.407542
0.937621
0.903680
1.649064
0.805291
-0.744394
-0.021313
2.267032
-1.897103
-0.971329
1.128925
1.087332
-0.412317
2.139679
1.523705
0.433895
-2.358830
0.100860
2.359232
-2.825565
-2.674288
-2.235545
1.396924
1.733415
0.389596
-0.581065
-2.752633
0.296743
0.691567
2.555400
-2.100320
-2.974406
-2.565029
0.570241
5.289492
3.029292
1.813926
0.207820
1.849203
0.384730
-2.908662
-1.663950
0.631183
-2.836871
-1.333452
-2.309485
-1.048405
0.479305
-1.327953
2.559526
1.191065
0.433790
-0.630184
0.446130
1.102170
-0.421117
0.697324
-4.144282
0.575998
-1.705724
0.067143
-2.533761
0.531060
-1.670603
-2.573219
-4.306317
-1.455955
0.335261
-3.865090
-0.124681
2.068197
2.421850
1.106273
-2.259658
-0.861217
-3.370028
-2.411226
-0.237890
-0.327981
-2.793249
-2.097408
-2.684237
0.088647
-2.924131
-2.722025
-3.291437
-3.717389
2.201982
1.158861
-2.364132
0.096907
7.042599
0.792679
4.127768
0.368460
6.436323
4.166316
4.636681
1.240803
4.600348
1.606989
3.818860
4.452527
5.723128
5.698149
4.943194
4.040428
4.773451
3.729876
3.842722
7.046328
5.549632
1.364024
1.450668
5.795064
4.501411
1.073281
2.771375
3.128670
2.894460
4.611525
2.817224
1.804677
6.088633
3.486155
4.136338
2.832092
1.894659
2.352415
3.403001
3.157144
-2.637089
0.305024
2.683563
3.096018
3.348174
2.317377
0.866675
4.458817
0.022171
4.880355
2.840052
-0.971270
3.638020
2.858512
2.495145
1.504689
2.190252
0.201634
3.779063
1.784841
2.849020
-2.566189
3.851299
-1.477404
3.478671
3.389930
-0.771836
4.434960
2.016458
3.128644
4.090261
2.521039
1.670790
-1.688507
-0.660492
2.345251
1.893415
1.395156
3.997543
1.076050
0.019831
0.510177
3.545769
0.244278
1.428455
5.630892
-1.257177
2.180563
-1.274061
3.579386
4.258506
2.907490
-2.913527
-0.486631
2.664641
-0.062258
0.452048
1.703731
-2.210320
-1.778518
-0.466696
-1.024470
0.746051
2.005293
-3.576117
-0.109939
1.768060
2.140687
1.834190
2.638172
-0.609155
0.565783
-1.687562
-1.177682
-0.580118
-2.663834
-2.012101
1.008473
2.709280
1.289442
-0.137263
0.707339
-0.240238
-0.628669
-1.459995
-1.131701
-1.532256
-1.668367
-0.589989
0.508080
-0.365439
-1.253259
-1.891169
0.228207
0.484404
-1.825116
-4.640144
1.418845
0.951593
-3.930769
-1.654608
-0.164383
-4.922370
-3.487553
-1.781756
1.945547
-1.338632
0.574631
1.611100
0.679107
-0.986873
1.847255
-0.291047
-1.323294
-0.373470
-4.336436
-5.420341
-4.001021
-2.591999
-1.273418
0.125934
-0.169462
-3.162285
-4.872536
0.884192
0.199233
-0.285618
2.583890
0.692262
-2.239178
-0.025513
-1.849505
-0.806925
-3.748268
-0.088039
1.677312
-4.356977
3.340181
-3.344774
-2.738814
-1.075501
-2.556137
-1.622805
-0.361403
0.436203
-0.569951
-0.973385
-7.666590
-5.454992
-1.234007
1.980994
-1.681270
0.239670
-2.185599
-0.830178
-4.370544
-2.397024
-4.822787
-0.686838
-2.587703
-3.635656
-2.163652
-0.599671
-1.878323
-0.522644
-5.701007
-1.157797
-2.835974
-2.930147
-2.313914
-1.754197
-1.006020
-1.449772
-4.828767
-4.969361
-4.759622
-4.005970
-2.438140
-0.949138
-1.529443
-2.850344
-0.170338
-2.747454
-2.212353
-5.839316
-4.902164
-2.946771
-4.141893
-4.168812
-5.025445
-5.415096
-2.543556
-1.660198
1.440076
-2.184210
-3.912275
-2.587238
-5.726071
-0.490888
-4.739387
-2.500051
-5.067171
-3.907884
-5.854391
-3.449530
-3.865907
-1.319871
-2.423285
-0.244146
0.076899
-3.867071
-4.110293
-5.454384
-6.368146
-5.962448
-0.932206
-3.003729
-1.828153
-5.909574
-6.029138
-4.186479
-1.617219
-3.248605
-3.995769
-5.864575
-4.308506
-2.388961
-6.300386
-5.269494
-1.752352
-3.943240
-4.402606
-3.293892
-5.064613
-2.048844
-7.342287
-4.824288
-5.601330
-4.674821
-4.040848
-1.762236
-2.528723
-5.142933
-4.876265
-3.853209
-5.772026
-2.334408
-4.003814
-3.915558
-6.591093
-3.095078
-5.292472
-5.300291
-1.787126
-4.817465
-4.524355
-2.688537
-1.031991
-7.447926
-4.262519
-6.234528
-4.323531
-2.855672
-8.473082
-4.518850
-6.005066
-5.652228
-1.790348
-1.276993
-4.177895
-7.644971
-5.180024
-3.782407
-7.605001
-7.916792
-5.925589
-7.573869
-2.574568
-0.288414
-6.128265
-4.786101
-8.267317
-6.370526
-4.888200
-8.216049
-5.701534
-5.030199
-4.495838
-5.799050
-3.100721
-2.336117
-3.522289
-6.633023
-6.494562
-7.564960
-4.532462
-3.218346
-4.584798
-6.909529
-8.663193
-6.309558
-4.561705
-8.197538
-8.555239
-6.887125
-6.123318
-2.944013
-4.237769
-3.860492
-6.878813
-4.892383
-6.801273
-5.393900
-4.762125
-6.434341
-5.137565
-5.457368
-6.760358
-10.019076
-4.341186
-3.069773
-4.948582
-7.424577
-4.097832
-9.121740
-6.887657
-7.587286
-6.253783
-4.995598
-8.851034
-5.882075
-7.090256
-5.613677
-8.924775
-4.682072
-9.980165
-5.814140
-6.027511
-6.082026
-8.394172
-10.549932
-6.907779
-4.097073
-7.798656
-6.841166
-7.640241
-5.928654
-7.899649
-6.881761
-8.954451
-7.327599
-8.525986
-5.875971
-7.308584
-10.088844
-7.745577
-4.952753
-8.564752
-6.085923
-5.848971
-5.393179
-4.159346
-7.842731
-9.139248
-8.600350
-10.333340
-10.028143
-9.435150
-5.866768
-10.809568
-6.395998
-4.782261
-5.767090
-8.895600
-6.155538
-6.797080
-6.060195
-9.232168
-10.364174
-9.311974
-12.032827
-8.316267
-7.457658
-10.105048
-7.923440
-5.788936
-10.247102
-3.158636
-8.598244
-4.236316
-10.702403
-8.708455
-8.016544
-8.576056
-2.834605
-7.353960
-5.606337
-9.111274
-6.508329
-6.891860
-8.829152
-8.961185
-7.713329
-11.391829
-7.495155
-9.333733
-6.465377
-5.563349
-9.414831
-9.544061
-5.452094
-8.111225
-6.367816
-12.649896
-10.139629
-6.417261
-9.373536
-8.635807
-7.080474
-9.918407
-6.952801
-8.954636
-6.073632
-8.488914
-7.086317
-7.916976
-8.892116
-9.017003
-7.922364
-6.881053
-5.618632
-10.307530
-8.948631
-8.043577
-9.119900
-7.588670
-7.742235
-9.826399
-12.603536
-9.687227
-5.664062
-6.470781
-13.313362
-8.313463
-12.283324
-9.672967
-7.536633
-8.072406
-9.602108
-9.844869
-9.871879
-9.093800
-10.756033
-11.968962
-6.667982
-12.022931
-8.243347
-5.513172
-6.409574
-12.554226
-5.568315
-11.033787
-7.655275
-11.095325
-7.671351
-11.565241
-7.535141
-9.305801
-7.860712
-9.451212
-8.497974
-5.950645
-11.425271
-6.974452
-5.138662
-8.711684
-6.774839
-7.354850
-13.086301
-8.960485
-7.855038
-8.102641
-9.653351
-7.589151
-7.937479
-4.948770
-7.520824
-9.837972
-5.650241
-10.730508
-10.455038
-13.318876
-7.848295
-9.017673
-9.748395
-10.156816
-9.576528
-9.820447
-12.227083
-10.802548
-9.190644
-10.148972
-7.406079
-6.963224
-6.664815
-8.438027
-7.765065
-6.816679
-11.416170
-7.571204
-7.271523
-9.466390
-8.537865
-5.545865
-11.325319
-6.600349
-7.341932
-5.937018
-8.545147
-8.619559
-11.501452
-8.167816
-8.174309
-10.721913
-9.002814
-10.649546
-10.852760
-4.581678
-7.302380
-9.415568
-9.855386
-5.768420
-9.769720
-7.920102
-10.134951
-12.015250
-8.536693
-8.275780
-10.434160
-10.258401
-6.377232
-8.473893
-13.021888
-10.894023
-10.521276
-12.346190
-11.326296
-9.907585
-7.138983
-9.815456
-8.930009
-12.319889
-6.926090
-9.003204
-5.369104
-8.203165
-8.208087
-11.536821
-8.225057
-8.144740
-14.058270
-4.643716
-8.346646
-11.328601
-11.974938
-8.740786
-10.924604
-9.848937
-6.121726
-8.051167
-10.866224
-10.432691
-10.026137
-13.035187
-7.802100
-11.321167
-8.017988
-5.269609
-14.869005
-7.483759
-7.146750
-5.506511
-8.870571
-7.067208
-11.214699
-10.156581
-6.009545
-9.691946
-10.964452
-11.787070
-7.184799
-10.160803
-5.231221
-8.826963
-10.701766
-6.923910
-7.718072
-8.346837
-11.845358
-9.738862
-10.904554
-7.973931
-8.891687
-7.436966
-7.639050
-7.904626
-12.662467
-9.812484
-10.262260
-9.932813
-10.620490
-10.350743
-9.796946
-13.652008
-11.049845
-11.879085
-8.450156
-9.335244
-7.811904
-11.087546
-11.334681
-12.685169
-12.018580
-9.361522
-8.472492
-6.794695
-10.511504
-10.046642
-11.377523
-9.048888
-6.648194
-8.620916
-5.460713
-11.401572
-11.212951
-6.407463
-10.824764
-13.196153
-8.791686
-9.638271
-11.395652
-13.392801
-8.981361
-10.511939
-11.768530
-12.615420
-7.487561
-7.952819
-5.391570
-8.719301
-8.901064
-5.270433
-10.875415
-7.836123
-10.315709
-9.399154
-9.218717
-7.598774
-6.986376
-8.585280
-12.170706
-9.400921
-8.039748
-6.561791
-8.661270
-11.062417
-7.099206
-8.450006
-8.275393
-7.008424
-9.197559
-5.973501
-11.267570
-7.131282
-10.176416
-10.812844
-8.315347
-9.690221
-11.098906
-7.968116
-5.612845
-9.619931
-6.989511
-6.602472
-6.317596
-12.301971
-5.462452
-6.609654
-9.269764
-8.210246
-12.144771
-11.456496
-5.644720
-7.015839
-7.000956
-10.667847
-6.516731
-9.468128
-9.143496
-7.318629
-9.436002
-4.078009
-8.648737
-8.084354
-10.389341
-7.314545
-6.310993
-7.343150
-9.618732
-7.401590
-7.438457
-6.349009
-7.930815
-10.384203
-7.760961
-5.905033
-7.933409
-7.608272
-6.523079
-8.593735
-10.446411
-10.114676
-4.989219
-11.378480
-7.064004
-6.228273
-8.193170
-8.452221
-8.747643
-7.457961
-8.933922
-6.297620
-11.141742
-10.376752
-11.252552
-7.390334
-7.046770
-10.089483
-8.608612
-6.719445
-8.393165
-9.141242
-6.901486
-12.924891
-7.197743
-11.158502
-9.146044
-7.722590
-10.747903
-9.963951
-8.340723
-10.311546
-5.132102
-9.756877
-9.295493
-4.949071
-6.082693
-7.814386
-9.254423
-9.702368
-10.602532
-10.819377
-9.973798
-5.439665
-7.781094
-9.446941
-8.167569
-9.303453
-5.457002
-7.186438
-8.489527
-8.581852
-12.085036
-8.841177
-9.575256
-5.834284
-9.746183
-7.506053
-8.161090
-5.441814
-6.567209
-5.719489
-8.511370
-6.616638
-10.731001
-7.848091
-7.015459
-8.564612
-7.516012
-5.295416
-9.839738
-4.902132
-4.953440
-9.626830
-7.082896
-8.394586
-7.409308
-6.614086
-7.259846
-8.285101
-6.953355
-11.149556
-8.610812
-5.347658
-11.652831
-8.555722
-4.319901
-4.698820
-7.067531
-8.690100
-12.003412
-8.148787
-6.104048
-10.003772
-8.775077
-8.526565
-9.581549
-5.507156
-6.452638
-7.226129
-6.830847
-8.149303
-5.505283
-9.023801
-6.378151
-5.775764
-4.742491
-5.779877
-7.273086
-9.139656
-5.582710
-8.395617
-8.925229
-5.055852
-8.711406
-7.019882
-8.108722
-5.982820
-9.042907
-3.775453
-9.180834
-10.448863
-4.983107
-8.788996
-5.068805
-6.745850
-5.874853
-8.010100
-3.049466
-5.553693
-4.610636
-9.306676
-8.564733
-9.524262
-7.727656
-5.011986
-3.650281
-3.142682
-4.670595
-3.388717
-7.821480
-6.146743
-8.503004
-5.968424
-3.913810
-4.821226
-6.945262
-4.609505
-6.687621
-6.989455
-5.969050
-10.244224
-8.003534
-4.588432
-2.969805
-7.487774
-1.031253
-5.840982
-4.997266
-4.191068
-8.994132
-4.626137
-6.681240
-6.968911
-7.481821
-3.759759
-6.281755
-2.579454
-5.100241
-5.992418
-5.463146
-7.469742
-5.284414
-8.125238
-5.013913
-7.796662
-5.907454
-5.304688
-6.510045
-6.642028
-8.158057
-4.405275
-6.463560
-2.441438
-3.485260
-8.410583
-4.132643
-4.808513
-4.323536
-6.267100
-4.779840
-6.271625
-8.689332
-6.783415
-4.080116
-8.031715
-4.360244
-6.806546
-2.828536
-5.999048
-4.166319
-4.701128
-3.381405
-5.416580
-10.143405
-8.308560
-2.472311
-4.190119
-2.323422
-5.542818
-3.037757
-1.982539
-3.796688
-6.248350
-5.639803
-3.838313
-8.569909
-4.063935
-3.600599
-3.427387
-5.943499
-4.779646
-4.483409
-1.985838
-4.171975
-7.960984
-3.168942
-3.235994
-5.868532
-4.033626
-2.612200
-0.548729
-3.558382
-8.127809
-7.544142
-6.025253
-6.305579
-1.952025
-5.048230
-4.957790
-3.250137
-5.510052
-6.081698
-3.197029
-5.907106
-3.738487
-2.499566
-1.397452
-2.852107
-6.317297
-1.329178
-2.897006
-8.145304
-8.887681
-3.413068
-6.897492
-6.901870
-2.216161
-4.620716
-2.496559
-3.156386
-5.895780
-1.284959
-2.218129
-3.062282
-4.876175
-3.200438
-3.098342
-4.536586
-4.630958
-0.991082
-7.126583
-1.908876
-2.829882
-1.966909
-1.006032
-2.070921
-0.025790
-3.208392
-3.235642
-1.156930
0.779306
-4.092865
-1.933658
-4.064363
-0.811901
-3.167947
-4.223034
-6.846710
0.194598
-2.657531
-5.389429
-1.253359
-2.212793
-2.799852
1.243075
-2.343134
-0.358730
-1.608817
-2.501434
-1.928753
0.208440
-4.787643
-3.825099
-0.230175
-1.492249
-4.598488
-2.765545
2.805144
-2.015822
-1.033426
-3.452285
-0.564041
-2.724445
-2.103760
-7.967821
-1.722145
-1.559210
-0.685289
-1.650567
-4.875506
-4.283937
-0.831757
-0.332849
-1.473528
-2.286297
-1.411760
-2.841333
-2.559735
1.659497
0.270033
-2.582627
2.170661
-4.284672
2.451575
0.991933
-0.186530
0.761313
-0.154796
0.602570
-3.217115
1.530724
-2.868525
-0.908540
-0.661662
-1.991728
2.092887
-3.149085
-1.951098
-3.080277
-1.964377
0.342833
-0.111668
-0.117185
0.559602
-4.652236
-2.595854
-1.042907
-3.327113
-1.485300
3.312066
-0.800193
-1.645861
-1.547201
1.497836
1.771363
1.886404
-1.141850
-4.952903
0.915194
-0.625874
0.673714
-1.258884
0.772086
4.573781
-1.380639
-0.972783
-2.188650
-2.903253
0.294509
-1.758239
4.046087
-1.031540
1.226700
-0.676302
-1.661556
1.545710
