-0.091754
-0.038221
0.009518
0.070595
0.117133
0.163121
0.223495
0.288194
0.326084
0.356117
0.391897
0.423601
0.470213
0.521868
0.568706
0.617437
0.640274
0.652470
0.656179
0.648548
0.756712
0.779218
0.830731
0.866706
0.871256
0.858225
0.277764
1.568649
0.997137
0.450035
0.761636
1.252843
1.158859
0.990972
1.041063
1.087306
1.100931
1.121955
1.142134
1.161967
1.183131
1.204610
1.225666
1.246831
1.267093
1.286976
1.307008
1.326830
1.351030
1.377011
1.402587
1.429289
1.454776
1.480231
1.506901
1.533944
1.646004
1.794542
1.939810
2.109784
2.092589
2.006985
1.954999
1.865442
1.917646
2.016122
2.069860
2.141257
2.153060
2.143042
2.153519
2.156180
2.174232
2.197340
2.211857
2.226717
2.236672
2.243790
2.251408
2.257389
2.280945
2.311266
2.339139
2.371001
2.397212
2.422629
2.452400
2.483053
2.504340
2.522518
2.542046
2.559701
2.581769
2.604980
2.626072
2.647265
2.648445
2.640934
2.796210
3.014560
2.275042
2.982223
2.804496
2.826758
2.850316
2.874441
2.906726
2.942888
2.929685
2.990411
3.006671
3.033426
3.054541
3.073464
3.092934
3.111012
3.130944
3.151071
3.169681
3.187934
3.279525
3.401992
3.551468
3.734672
3.479073
3.055431
4.042486
2.897406
3.241286
3.368947
3.332849
3.283414
3.792659
3.307415
3.446833
3.445170
3.443160
3.441035
3.382132
3.298979
3.525003
3.865206
2.535265
4.802539
1.732742
4.216323
3.601885
3.706496
3.790458
3.874543
4.001988
4.145754
3.963942
3.655837
4.180856
3.116719
4.255007
3.878030
4.318421
4.629739
4.607325
4.468974
4.416649
4.311260
4.333610
4.394555
4.395745
4.403123
4.425976
4.451987
4.483259
4.519889
4.540569
4.557529
4.580765
4.603239
4.597185
4.579301
4.583064
4.587472
4.523079
4.432007
5.284130
4.712501
4.928879
4.913236
4.923804
4.920238
4.956315
5.005412
5.038378
5.074779
5.102802
5.127161
5.155310
5.182467
5.210024
5.237687
5.264337
5.290648
5.322860
5.357317
5.391161
5.426421
5.459624
5.492552
5.527029
5.561818
5.572843
5.574066
5.576650
5.572702
5.575279
5.577716
5.573121
5.566160
5.703040
5.899270
6.086793
6.313654
6.242356
6.061706
5.934563
5.747372
5.816771
5.972874
6.076624
6.225898
6.115490
5.910378
6.670980
6.026014
6.249154
6.285262
6.311809
6.338566
6.366207
6.393311
6.420517
6.447608
6.470668
6.491968
6.513325
6.533454
6.554485
6.575329
6.594865
6.613852
6.634152
6.654615
6.674442
6.694215
6.712759
6.730687
6.748606
6.766102
6.808417
6.861092
6.912260
6.970270
7.021861
7.073767
7.133021
7.194868
7.192611
7.165071
7.143039
7.104714
7.087422
7.072027
7.044998
7.016135
6.991309
6.895349
7.388038
7.037572
7.193244
7.231495
7.284542
7.342455
7.283545
7.178774
7.084195
6.960090
7.380108
8.018891
7.629871
6.963656
7.125048
7.399852
7.343862
7.287903
7.279179
7.255541
7.227268
7.195036
7.217644
7.261241
7.298338
7.348311
7.148379
6.847459
7.132089
7.592081
6.768686
7.215927
7.153549
6.945485
7.290469
7.748541
6.636574
7.917352
7.615730
7.595823
7.614753
7.614664
7.675439
7.757313
7.817182
7.884021
7.895218
7.883676
7.881572
7.866936
7.865717
7.865332
7.851472
7.833689
7.840321
7.854077
7.862613
7.874852
7.873415
7.867342
7.865650
7.862202
7.883006
7.913769
7.993668
8.101709
7.804259
7.352664
9.255479
7.610613
8.100384
8.085254
8.119898
8.165154
7.850037
7.391827
9.131018
7.774542
7.767793
8.545463
8.811166
9.369540
8.428165
7.737919
8.035148
8.711420
8.586065
8.401808
8.482547
8.718356
8.715744
8.712411
8.751092
8.782066
8.790873
8.791084
8.784606
8.768908
8.764003
8.758660
8.702782
8.626339
8.877231
9.252414
7.794700
9.103605
8.710894
8.696539
8.684611
8.670836
8.673889
8.683494
8.690481
8.701205
8.746053
8.806895
8.858653
8.917655
8.890352
8.828759
8.717836
9.538699
9.245121
8.908774
9.233365
8.806331
8.911088
9.210319
8.784390
9.251432
9.138812
9.121218
9.128208
9.128808
9.141937
9.160006
9.171115
9.182906
9.193059
9.202098
9.211856
9.221226
9.223520
9.222697
9.221782
9.218618
9.217021
9.215026
9.210635
9.205204
9.224497
9.253567
9.280477
9.313667
9.339160
9.364093
9.395842
9.429413
9.314456
9.137876
8.969641
8.760351
8.879491
9.120021
9.303959
9.555479
9.401286
9.100140
8.722059
8.199418
9.052297
8.583635
8.911088
9.103646
9.069022
8.958821
8.916773
8.844253
8.944415
9.110990
8.752551
9.155195
9.076039
9.092940
9.123618
9.154154
9.193257
9.237399
9.281133
9.327962
9.299837
9.241226
9.189048
9.117383
9.147745
9.213069
9.253875
9.311434
9.303635
9.273282
9.262896
9.243515
9.248355
9.261401
9.264251
9.269172
9.266719
9.261019
9.257701
9.253093
9.249149
9.245134
9.239775
9.233882
9.227446
9.220385
9.212784
9.204603
9.195646
9.186029
9.175841
9.165019
9.155258
9.145591
9.135218
9.124700
9.113156
9.101032
9.088798
9.076136
9.061071
9.044771
8.999729
8.941623
9.081109
8.978281
9.091239
9.203386
8.757662
8.809753
8.960439
9.327287
9.190692
8.951621
9.661511
9.171825
9.377147
9.416542
9.461827
9.505456
9.562283
9.624574
9.684628
9.747689
9.727501
9.673063
9.625309
9.555533
9.508100
9.460563
9.389320
9.310306
9.268009
9.235184
9.152664
9.057326
9.245043
9.541929
8.042174
9.262106
8.906621
8.965038
9.014918
9.088305
9.136912
9.185088
9.258598
9.340062
9.378728
9.405595
9.442741
9.474200
9.531162
9.597397
9.656728
9.720167
9.737043
9.735300
9.649018
9.513108
9.929788
9.535894
9.622812
9.592982
9.576003
9.560696
9.539964
9.519068
9.486047
9.447216
9.408694
9.366298
9.352014
9.347908
9.338581
9.334780
9.320608
9.304060
9.293638
9.283610
9.256695
9.223429
9.191348
9.155006
9.124978
9.095766
9.061881
9.027058
9.020524
9.025094
9.027436
9.037029
9.033462
9.027458
9.060132
9.106727
8.942954
9.042300
9.116431
9.280858
8.631160
9.225465
9.058503
9.064372
9.056879
9.044082
9.033098
9.018985
9.008723
8.998824
8.985535
8.971382
8.973557
8.981916
8.988650
8.999318
9.004191
9.008270
9.016659
9.025896
9.010992
8.986669
8.964299
8.935791
8.915235
8.895393
8.868869
8.840679
8.821968
8.805802
8.787449
8.770362
8.747394
8.722283
8.698720
8.674188
8.647546
8.619715
8.708909
8.847117
8.283534
8.773732
8.628257
8.631809
8.593896
8.605726
8.587178
8.574624
8.565818
8.558199
8.549204
8.540576
8.529436
8.517253
8.505549
8.493293
8.465019
8.429722
8.394549
8.354441
8.390148
8.455814
8.421716
8.367238
8.031161
9.196273
7.078745
8.795545
8.284549
8.274853
8.269021
8.263850
8.262432
8.263329
8.264778
8.267945
8.265547
8.261645
8.259765
8.257451
8.258269
8.260431
8.275563
8.297176
8.144190
7.921325
8.308886
7.749666
7.815871
7.769157
7.472157
7.514317
7.368083
7.274121
7.167504
7.060050
6.953223
6.844932
6.284258
5.896882
6.626387
7.864429
7.220034
6.131241
6.644577
7.077949
7.161745
7.228973
7.267379
7.248741
7.250604
7.231407
7.267430
7.319250
7.347051
7.377882
7.430762
7.491901
7.598989
7.731833
7.517206
7.171667
8.819868
7.467477
7.839194
7.749512
7.666796
7.553392
7.471553
7.389501
7.274376
7.148420
7.136162
7.163704
7.174870
7.209759
7.233670
7.262292
7.315814
7.380977
7.346439
7.277571
7.225248
7.153321
7.124034
7.105456
7.064876
7.024468
6.997892
6.974953
6.922615
6.860938
7.157313
7.598547
6.719054
7.841369
6.845964
5.277620
6.759327
6.851496
6.877580
6.547356
6.713538
6.916972
6.830993
6.691890
6.607771
6.491509
6.455840
6.445224
6.398295
6.356188
6.368219
6.401700
6.437550
6.490193
6.523294
6.556201
6.600280
6.646952
6.664672
6.672472
6.370240
6.531914
6.312233
6.114850
5.901329
5.651008
5.663800
5.769593
5.825819
5.932397
5.935675
5.913345
5.947198
5.982018
5.937247
5.865013
5.811005
5.743456
5.607602
5.438268
5.872843
5.402464
5.418032
5.527715
5.511643
5.537623
5.558429
5.583422
5.491591
5.351466
5.939860
5.326858
5.442455
5.382221
5.342562
5.306412
5.256541
5.204654
5.173950
5.149862
5.122665
5.099489
5.065142
5.027596
4.994670
4.961027
4.972862
5.004202
5.032876
5.074372
5.105557
5.138082
5.184302
5.235886
5.193101
5.114126
4.988162
4.815252
5.110214
5.577281
3.436536
5.156399
4.819647
5.140804
4.539265
5.354491
5.120778
5.006955
4.828165
4.566843
5.090956
4.607728
4.716531
4.688358
4.594232
4.470545
4.699973
5.058814
3.811096
5.908705
4.726513
4.231377
4.280028
4.534726
4.488728
4.468922
4.193661
4.369685
4.281136
4.264441
4.103509
3.886861
4.484596
3.850002
3.995323
3.981246
3.964390
3.954240
3.936184
3.917613
3.906302
3.897002
3.874973
3.849240
3.826194
3.801208
3.783390
3.767997
3.726848
3.676636
3.782500
3.947799
3.055074
3.758466
3.493170
3.451628
3.358943
3.246776
3.405741
3.174455
3.180638
3.133695
3.079689
3.022928
2.967712
2.911114
2.902424
2.913634
2.921360
2.942003
2.950194
2.958771
2.981227
3.008452
3.015047
3.016569
3.024027
3.029448
3.075371
3.138201
2.992252
2.769680
3.745873
2.884895
2.793139
2.294700
3.928059
2.471941
2.566887
2.735387
2.649516
2.654122
2.425705
2.113600
3.116995
2.100937
2.321260
2.260613
2.241999
2.240522
2.234576
2.239211
2.226430
2.210724
2.253456
2.317838
2.084604
2.263421
2.191033
2.173336
2.167479
2.165688
2.160197
2.156291
2.112938
2.053152
1.996678
1.929735
1.872734
1.815408
1.746842
1.674395
1.610261
1.546654
1.554555
1.594009
1.172721
1.426248
1.266815
1.199108
1.177860
1.175636
1.169176
1.174748
1.167791
1.160694
1.166558
1.176545
1.164929
1.147426
1.135225
1.120234
1.118269
1.121100
1.120524
1.122124
1.094093
1.054112
1.017635
0.973913
0.939679
0.906459
0.865356
0.822379
0.786961
0.753047
0.731129
0.715819
0.644597
0.553951
0.742810
1.035575
-0.256735
0.872044
0.521662
0.508612
0.492452
0.476420
0.464046
0.452959
0.440356
0.428099
0.417269
0.407047
0.357537
0.291745
0.319381
0.374981
-0.033266
-0.615880
2.427254
-0.890885
0.008463
0.105290
0.036936
-0.031187
-0.066931
-0.106281
-0.148100
-0.189231
-0.235932
-0.284942
-0.333018
-0.382370
-0.430342
-0.478226
-0.527482
-0.577134
-0.628038
-0.679807
-0.731942
-0.784772
-0.887243
-1.011200
-1.133738
-1.270998
-1.345320
-1.399610
-1.471842
-1.535656
-1.469046
-1.344895
-1.217797
-1.048670
-1.162079
-1.375698
-1.302385
-1.183862
-2.226801
-1.130004
-1.352465
-1.256545
-1.308512
-1.413903
-1.479612
-1.569132
-1.254764
-0.775499
-1.147751
-1.762282
-1.660944
-1.458709
-1.543056
-1.626259
-1.656899
-1.694984
-1.654380
-1.735893
-1.753395
-1.792552
-1.826929
-1.862642
-1.880241
-1.890252
-1.902388
-1.909956
-1.921732
-1.933383
-1.940139
-1.945200
-1.960322
-1.978413
-1.994276
-2.011648
-2.023507
-2.033493
-2.045260
-2.056323
-2.083868
-2.118286
-2.242581
-2.410082
-2.027195
-2.459577
-2.401044
-2.457392
-2.549115
-2.657741
-2.767015
-2.888231
-2.852425
-2.755472
-2.972117
-3.276914
-3.130590
-2.866830
-2.700429
-2.472652
-2.646120
-2.971864
-2.488319
-3.125824
-2.998054
-2.984306
-3.014755
-3.036406
-3.113611
-3.215012
-3.305262
-3.407989
-3.429897
-3.422082
-3.430578
-3.423529
-3.444456
-3.471730
-3.481834
-3.490570
-3.527089
-3.572972
-3.616102
-3.665392
-3.701478
-3.734540
-3.774525
-3.814641
-3.840916
-3.862097
-3.887212
-3.910147
-3.914472
-3.910275
-4.044368
-3.962843
-4.016668
-4.041687
-4.065801
-4.090364
-4.112182
-4.132946
-4.154286
-4.175086
-4.199122
-4.224344
-4.248872
-4.274004
-4.298016
-4.321761
-4.346173
-4.370625
-4.392859
-4.414240
-4.435763
-4.456712
-4.478437
-4.500239
-4.521413
-4.542439
-4.546460
-4.543108
-4.540330
-4.532542
-4.528548
-4.523882
-4.513870
-4.501669
-4.493342
-4.485071
-4.487673
-4.495339
-4.449979
-4.593953
-4.229432
-4.184685
-4.945553
-4.292117
-4.542647
-4.600356
-4.631896
-4.657665
-4.697224
-4.737176
-4.841423
-4.974672
-4.954360
-4.889107
-4.966800
-5.067996
-5.117102
-5.170193
-5.179075
-5.165498
-5.238132
-5.177361
-5.209759
-5.228412
-5.236601
-5.243763
-5.613636
-6.136252
-6.642084
-7.250757
-8.054137
-8.986779
-9.466210
-9.833991
-10.121413
-10.274332
-10.311538
-10.227969
-10.388200
-10.583316
-10.641979
-10.684745
-10.718519
-10.726567
-10.717463
-10.688054
-10.604719
-10.487108
-10.350666
-10.184439
-10.279421
-10.469595
-10.617525
-10.819748
-10.828827
-10.776692
-10.795108
-10.794406
-10.771786
-10.738351
-10.955739
-10.730062
-10.821679
-10.867236
-10.317980
-10.648272
-10.743050
-11.086801
-10.934759
-10.663493
-10.771733
-10.933081
-10.950709
-10.972258
-10.996980
-11.009670
-11.025141
-11.036492
-11.064941
-11.099029
-11.081126
-11.045552
-11.313316
-11.171302
-11.285907
-11.349794
-11.436558
-11.536462
-11.343832
-11.035311
-12.561506
-11.441540
-11.913132
-12.016179
-11.994362
-11.915239
-10.952834
-13.197345
-11.702527
-12.323724
-12.093322
-12.096204
-12.076005
-12.065128
-12.035670
-12.000230
-11.992998
-11.992997
-11.985441
-11.981045
-11.958576
-11.929099
-11.903613
-11.874627
-11.891387
-11.926394
-11.955838
-11.996310
-12.023598
-12.049854
-12.088051
-12.129448
-12.147075
-12.157351
-12.172060
-12.182695
-12.205707
-12.232545
-12.261534
-12.294542
-12.255698
-12.188394
-12.433307
-12.204092
-12.266133
-12.262982
-12.268064
-12.276940
-12.191508
-12.068599
-12.556701
-12.118502
-12.241904
-12.234889
-12.229439
-12.223007
-12.239615
-12.265732
-12.289852
-12.320018
-12.344145
-12.368323
-12.399005
-12.431838
-12.470021
-12.512178
-12.428913
-12.294711
-12.921049
-12.410198
-12.594797
-12.622939
-12.650110
-12.677192
-12.705437
-12.734032
-12.763350
-12.793264
-12.702552
-12.560871
-13.387870
-14.590382
-9.739067
-12.912759
-14.573337
-12.152984
-12.930049
-12.995004
-13.036472
-13.072814
-13.124052
-13.176740
-13.171510
-13.143893
-13.072959
-12.966970
-13.280585
-13.178527
-12.409063
-10.873262
-12.349642
-12.426145
-13.022542
-13.503108
-13.422459
-13.103785
-13.163106
-12.969622
-12.469585
-11.760669
-15.189458
-12.219358
-13.080571
-13.011530
-12.975501
-12.923285
-13.061485
-13.276616
-13.167265
-12.976061
-13.086560
-13.252716
-13.318553
-13.399735
-13.451847
-13.488158
-13.540809
-13.589929
-13.675020
-13.775493
-13.773534
-13.739008
-14.220901
-13.453983
-14.834467
-13.884778
-14.160908
-14.094058
-14.042546
-13.966637
-13.847340
-13.699772
-13.939982
-13.537422
-13.587373
-13.569718
-13.538202
-13.517024
-13.460932
-13.393360
-13.337884
-13.278479
-13.296618
-13.347192
-13.390451
-13.454008
-13.498709
-13.544125
-13.611307
-13.686089
-13.722576
-13.748635
-13.818393
-13.897802
-13.738912
-13.487776
-14.778223
-13.754187
-14.014453
-13.899824
-14.257859
-13.845041
-14.113249
-14.360050
-13.347697
-14.189863
-14.014788
-14.142601
-13.704094
-14.118191
-13.998803
-13.991993
-13.990511
-13.987561
-13.994167
-14.004714
-14.025117
-14.052573
-13.987694
-13.887875
-14.320927
-13.952339
-14.060407
-14.052058
-14.045017
-14.034452
-14.082326
-14.153552
-14.218619
-14.298198
-14.052661
-13.674936
-13.926095
-14.348471
-14.250866
-14.078836
-14.111463
-14.141233
-14.139293
-14.144193
-14.149130
-14.153930
-14.159057
-14.164264
-14.169315
-14.174371
-14.158994
-14.134908
-14.111707
-14.082639
-14.071632
-14.065654
-14.058602
-14.055361
-13.971821
-13.855786
-14.228983
-14.294123
-13.858673
-13.147398
-15.920256
-13.502670
-14.216068
-14.198314
-14.185342
-14.163316
-14.178858
-14.206650
-14.059278
-13.847094
-14.623006
-13.936485
-14.146209
-14.156596
-14.158782
-14.158970
-14.163248
-14.167462
-14.151708
-14.127861
-14.082653
-14.022448
-14.138748
-14.320862
-13.494420
-14.181801
-13.974081
-13.988101
-13.998719
-14.017018
-14.023903
-14.029171
-14.042855
-14.058154
-14.046196
-14.024287
-13.991972
-13.947680
-14.016405
-14.126504
-13.627774
-14.038025
-13.902514
-13.896275
-13.888527
-13.882924
-13.871671
-13.858860
-13.848502
-13.837859
-13.844103
-13.857657
-13.870209
-13.887547
-13.901262
-13.915573
-13.934988
-13.956469
-13.970569
-13.983037
-13.998004
-14.012487
-14.032245
-14.054285
-14.093048
-14.140555
-14.029524
-13.856904
-14.474296
-13.894750
-14.050706
-14.042369
-14.027308
-14.010279
-14.004816
-14.002639
-13.997872
-13.994768
-13.984979
-13.972851
-13.962712
-13.951615
-13.929268
-13.901896
-13.874033
-13.842415
-13.813224
-13.783255
-13.741763
-13.695260
-13.708841
-13.744419
-13.441697
-13.653983
-13.519180
-13.442207
-13.535511
-13.368796
-13.320577
-13.218960
-13.746514
-14.529303
-11.630637
-14.705655
-12.866995
-13.849890
-13.576275
-13.569931
-13.651489
-13.762643
-13.400783
-13.778282
-13.703585
-13.732867
-13.726748
-13.706409
-13.690104
-13.665104
-13.649237
-13.633609
-13.579922
-13.511119
-13.686090
-13.953672
-12.920571
-13.852012
-13.533446
-13.465887
-13.480760
-13.515970
-13.462749
-13.390160
-13.325618
-13.246061
-13.216187
-13.201270
-12.908264
-14.000220
-11.433854
-13.686562
-13.106025
-13.190854
-13.236506
-13.277276
-13.348960
-13.427361
-13.412719
-13.364908
-13.328309
-13.271085
-13.252067
-13.240828
-13.206681
-13.170477
-13.175122
-13.193758
-13.208322
-13.232035
-13.236999
-13.237841
-13.248930
-13.260463
-13.244745
-13.218726
-13.194422
-13.163134
-13.141962
-13.122004
-13.094394
-13.065168
-13.076683
-13.103966
-13.127759
-13.161770
-13.182073
-13.200962
-13.230991
-13.263647
-13.248483
-13.215382
-13.187149
-13.147520
-13.125317
-13.105705
-13.073582
-13.039194
-13.024509
-13.015822
-13.003842
-12.995358
-12.976192
-12.953771
-12.935402
-12.916102
-12.891710
-12.865143
-12.837864
-12.808722
-12.781161
-12.753325
-12.709516
-12.658949
-12.721474
-12.827262
-12.300655
-12.729474
-12.571602
-12.544856
-12.519259
-12.493474
-12.436721
-12.366825
-12.298078
-12.220383
-12.171859
-12.131676
-12.080980
-12.032809
-12.165118
-12.374290
-12.578210
-12.835026
-12.650586
-12.302625
-12.013262
-11.625479
-11.870142
-12.174895
-12.113971
-11.992581
-11.949175
-11.871894
-12.275514
-11.855587
-11.863187
-11.717696
-11.773663
-11.888879
-11.826036
-11.736528
-11.717630
-11.697428
-11.687445
-11.688677
-11.688677
-11.694491
-11.695135
-11.696173
-11.703442
-11.712999
-11.700746
-11.680945
-11.664503
-11.643644
-11.632106
-11.622820
-11.608586
-11.594289
-11.727123
-11.922007
-11.561887
-11.010270
-13.534616
-11.092733
-11.680711
-11.556359
-11.556832
-11.597440
-11.597382
-11.612048
-11.572987
-11.513658
-11.471564
-11.421616
-11.409201
-11.410902
-11.402991
-11.401579
-11.388873
-11.373388
-11.365041
-11.357235
-11.367802
-11.387197
-11.156890
-10.826418
-11.988254
-10.924877
-11.139710
-11.013673
-11.373712
-11.011923
-11.024058
-11.038265
-10.988995
-10.953282
-10.915777
-10.877142
-10.841672
-10.806830
-10.770666
-10.734570
-10.678219
-10.613142
-10.505791
-10.374218
-10.547882
-10.835596
-10.633930
-10.309802
-10.380881
-10.510913
-10.506326
-10.513933
-10.375394
-10.166130
-10.660115
-10.288515
-10.393391
-10.369847
-10.379154
-10.392714
-10.307166
-10.184921
-10.223366
-10.302492
-10.254243
-10.187874
-10.164856
-10.138304
-10.142755
-10.101552
-10.089633
-10.072064
-10.051559
-10.030257
-10.010302
-9.990237
-9.964330
-9.936028
-9.907874
-9.878043
-9.923919
-10.001239
-9.974401
-9.925996
-10.186555
-10.557443
-7.315247
-11.081609
-9.990398
-9.734020
-9.758555
-9.779466
-9.741158
-9.705700
-9.671276
-9.632357
-9.597647
-9.562730
-9.522987
-9.481539
-9.446816
-9.413645
-9.381040
-9.350115
-9.263893
-9.154990
-9.398846
-9.549470
-8.463279
-9.419846
-9.113281
-9.095554
-9.073215
-9.050515
-9.031959
-9.014508
-8.989208
-8.961524
-8.940966
-8.921492
-8.863104
-8.789421
-8.967713
-8.763182
-8.785423
-8.751441
-8.718217
-8.682981
-8.649555
-8.616037
-8.580363
-8.543922
-8.517179
-8.493975
-8.469540
-8.447267
-8.421269
-8.394568
-8.370256
-8.346237
-8.298922
-8.242084
-8.186573
-8.124697
-8.135597
-8.174621
-8.203929
-8.249988
-8.212910
-8.147279
-8.102495
-8.044398
-8.094872
-8.187511
-8.116613
-8.007384
-8.013554
-8.033546
-8.007586
-7.980770
-7.963401
-7.944783
-7.878716
-7.792873
-8.062980
-8.470250
-6.807988
-8.274726
-7.825873
-7.809090
-7.793307
-7.777583
-7.723802
-7.653962
-7.585831
-7.506872
-7.437499
-7.367311
-7.285515
-7.199412
-7.215709
-7.272328
-7.319983
-7.393562
-7.315965
-7.185243
-7.130087
-7.066180
-7.318649
-7.709636
-8.659888
-6.338417
-6.728886
-6.799324
-7.779417
-6.674006
-6.950318
-6.933578
-6.912394
-6.898300
-6.858277
-6.810073
-6.836656
-6.888483
-6.569999
-6.854892
-6.775360
-6.784305
-6.789832
-6.796779
-6.810536
-6.827496
-6.833465
-6.836980
-6.861054
-6.891561
-6.768189
-6.584535
-7.355397
-7.061359
-6.263392
-7.683045
-5.256284
-6.839335
-6.173120
-6.021606
-5.819647
-5.599245
-5.668468
-5.695147
-5.767074
-5.868986
-5.919253
-5.966389
-5.979357
-6.495600
-5.480882
-6.151811
-5.809606
-5.664121
-5.612076
-5.584694
-5.350096
-5.048779
-5.857077
-6.502070
-2.546692
-6.377219
-5.211283
-5.080815
-5.049260
-5.015954
-4.985052
-4.964825
-4.943468
-4.926888
-4.910564
-4.896469
-4.887297
-4.881293
-4.872968
-4.865661
-4.682443
-4.424606
-5.268229
-4.524095
-4.753926
-4.770766
-4.734022
-4.677802
-4.632802
-4.577775
-4.541793
-4.510405
-4.467905
-4.424846
-4.393598
-4.365937
-4.323995
-4.278908
-4.304993
-4.212014
-4.192989
-4.157174
-4.133362
-4.114620
-4.113890
-4.124472
-3.971867
-3.757035
-4.410375
-3.754549
-3.974682
-4.045970
-3.961167
-3.832951
-3.837688
-3.862123
-3.834646
-3.808390
-3.782108
-3.750890
-3.720525
-3.688206
-3.658001
-3.627870
-3.595633
-3.562758
-3.545733
-3.534929
-3.522797
-3.514694
-3.501951
-3.488981
-3.476563
-3.461056
-3.407201
-3.277270
-3.180166
-3.057318
-3.091891
-3.184859
-3.251112
-3.350031
-3.275565
-3.139802
-3.045118
-2.920829
-3.079927
-3.350082
-3.150037
-2.831974
-2.782285
-2.741694
-3.269793
-4.072550
-0.507237
-3.642669
-2.657645
-2.596904
-2.558477
-2.526363
-2.490980
-2.459527
-2.419210
-2.376617
-2.338448
-2.300157
-2.265477
-2.232745
-2.199766
-2.167976
-2.136529
-2.105760
-2.079135
-2.054628
-1.991770
-1.914026
-2.071662
-2.068431
-1.589670
-1.990847
-1.837076
-1.809173
-1.775226
-1.738928
-1.709733
-1.681818
-1.618240
-1.611390
-1.568708
-1.533586
-1.499180
-1.464826
-1.446277
-1.434554
-1.326308
-1.361699
-1.309664
-1.277520
-1.255019
-1.236685
-1.217928
-1.201965
-1.180782
-1.158644
-1.139619
-1.120919
-1.122579
-1.133383
-1.160235
-1.200357
-0.973396
-0.640711
-1.330516
-0.964019
-1.044445
-0.928309
-0.902840
-0.871161
-0.841411
-0.819172
-0.713640
-0.576392
-0.906492
-0.546176
-0.607659
-0.574564
-0.536114
-0.495729
-0.456818
-0.417060
-0.381410
-0.347266
-0.255898
-0.141322
-0.386510
-0.314378
0.240516
-0.218140
-0.042696
-0.021287
0.001493
0.019816
0.078319
0.151974
0.219296
0.295278
0.293171
0.261224
0.241560
0.204869
0.193355
0.185875
0.159783
0.130327
0.113204
0.097781
0.078197
0.058945
0.027925
-0.008387
-0.043881
-0.082753
-0.038985
0.038451
0.108834
0.200743
0.269679
0.338180
0.429900
0.528863
0.485451
0.387312
0.152137
-0.182068
0.717526
0.556278
0.439939
1.198239
0.891145
0.545351
0.680031
0.888203
0.854002
0.801988
0.840319
0.883079
0.908426
0.938007
0.973642
1.011993
1.042448
1.071458
1.103668
1.135725
1.113729
1.069001
1.061079
1.052442
0.791824
0.427551
1.610380
0.423081
0.829853
0.968046
1.093447
1.256341
1.372700
1.485472
1.697746
1.945749
1.564588
0.942998
2.996569
0.992805
1.511279
1.484907
1.433289
1.382685
1.294766
1.188772
1.999148
1.430685
1.672009
1.708786
1.775713
1.845364
1.850766
1.833300
1.821662
1.794985
1.816373
1.851782
1.867392
1.886238
1.815750
1.706671
1.739388
1.992999
1.942083
1.880119
1.902018
1.922178
1.944949
1.976895
2.007595
2.042341
2.074360
2.106983
2.143902
2.182643
2.213765
2.242953
2.274391
2.305072
2.340611
2.378101
2.414617
2.452147
2.462449
2.461537
2.462841
2.456950
2.458323
2.459649
2.453232
2.444267
2.447416
2.453706
2.456774
2.461227
2.458010
2.451836
2.447401
2.441507
2.451003
2.466548
2.809440
3.296081
1.747109
2.651445
3.867103
2.614446
2.986559
2.926288
2.876262
2.800021
2.759289
2.722465
2.657055
2.585073
2.603738
2.654868
2.695059
2.755407
2.778967
2.795162
2.833723
2.874453
2.876978
2.866632
2.860357
2.845737
2.849167
2.856799
2.855046
2.853180
2.877585
2.912120
2.904494
2.886457
3.099565
3.401682
1.869392
3.107558
3.116853
3.707296
3.647057
3.452163
2.949852
2.184735
2.640204
3.459322
4.350905
2.863705
3.247644
3.320691
3.312906
3.323173
3.329803
3.334787
3.387381
3.459076
3.526984
3.607274
3.548935
3.437011
3.582989
3.798914
3.782676
3.727741
3.757272
3.780025
3.801227
3.827537
3.847569
3.867159
3.891658
3.917374
3.942370
3.968151
4.024595
4.094378
4.113204
4.119846
3.992462
3.796944
4.269674
3.682491
3.753252
3.678039
3.580249
3.474116
3.474877
3.514819
3.505241
3.504272
3.740077
4.075419
2.749685
3.869128
3.887608
4.407583
2.376462
4.205678
3.688382
3.711522
3.729725
3.750612
3.779105
3.811569
3.846444
3.885012
3.922772
3.962174
4.005452
4.051063
4.015657
3.947281
4.176879
4.509235
3.136290
4.429955
3.867375
3.973148
4.034314
4.193142
3.603260
4.148669
3.968012
3.931148
4.036615
3.930996
3.969735
3.986052
3.981040
3.971731
4.073750
4.002280
4.040357
4.055536
4.062871
4.067738
4.074079
4.079061
4.087998
4.098138
4.106711
4.115600
4.135696
4.160541
4.185218
4.213236
4.238361
4.263803
4.292826
4.323215
4.351237
4.379271
4.401262
4.420436
4.487662
4.488630
4.531110
4.565293
4.572564
4.568893
4.567500
4.559100
4.556709
4.553833
4.581674
4.622994
4.394680
4.061207
5.450338
4.233775
4.526276
4.422221
4.457757
4.526652
4.564991
4.620742
4.713451
4.826810
4.505338
4.012435
4.338152
4.885811
4.753798
4.523274
4.558308
4.588203
4.580589
4.582728
4.583274
4.583740
4.600472
4.623919
4.646570
4.673752
4.696434
4.719239
4.746923
4.776263
4.774002
4.759588
4.748291
4.729278
4.726725
4.727891
4.720386
4.712676
4.741044
4.783748
4.853396
4.945047
4.776944
4.511481
5.035861
3.367341
3.950109
4.210144
4.370896
4.576554
4.639935
4.653308
4.755770
4.857639
4.850482
4.806091
4.768027
4.703662
4.680269
4.662655
4.684144
4.598551
4.628623
4.661870
4.690167
4.730092
4.746152
4.756982
4.780841
4.805264
4.802657
4.790192
4.782026
4.768207
4.746625
4.719546
4.795509
4.703359
4.721484
4.718661
4.714231
4.710977
4.702434
4.692021
4.683042
4.673236
4.719112
4.788446
4.854535
4.936132
5.003880
5.072659
5.158063
5.249557
5.195634
5.084451
4.985975
4.850674
4.761383
4.675757
4.550129
4.414070
4.421888
4.481800
4.524394
4.599265
4.606347
4.597877
4.637326
4.682697
4.643869
4.577063
4.917731
4.409646
4.527037
4.555976
4.528249
4.501194
4.484358
4.466184
4.447813
4.429815
4.406502
4.381081
4.356273
4.330174
4.303998
4.277248
4.329560
4.415235
4.021966
4.346726
4.222514
4.193030
4.227354
4.285678
3.819330
4.141392
4.077679
4.163722
4.238155
4.336976
4.328535
4.284653
4.270550
4.241152
4.257212
4.288602
4.302434
4.320793
4.317015
4.304078
4.296643
4.284912
4.244876
4.191365
4.148458
4.100753
3.996095
3.866079
4.345801
3.890606
3.988724
3.948724
3.916693
3.881918
3.868914
3.864731
3.856834
3.853794
3.845297
3.836360
3.832659
3.830401
3.817331
3.800891
3.786453
3.770143
3.759392
3.750342
3.739130
3.728384
3.710086
3.688564
3.675043
3.662616
3.596402
3.508660
3.715933
3.417627
3.696491
4.015258
3.062749
4.097056
3.701665
3.494373
4.569976
3.729727
4.000297
3.981568
3.759206
3.729209
4.018445
4.512096
2.439372
4.206811
3.661594
3.660149
3.652306
3.651673
3.630290
3.602778
3.583575
3.562838
3.624249
3.720776
3.812238
3.926701
4.010700
4.091980
4.280603
4.510399
4.051782
4.320973
3.835908
3.843085
3.651403
3.525911
3.342133
3.143514
3.149534
3.229499
3.284816
3.385967
3.414968
3.432138
3.430771
3.408332
3.705648
3.357701
3.396660
3.331727
3.308682
3.295745
3.261689
3.227818
3.215255
3.209609
3.203070
3.201647
3.223800
3.258288
3.007096
2.642625
3.981767
2.724121
3.295771
3.609287
2.404762
3.347244
2.765076
2.379545
4.479436
2.444281
3.006430
2.999167
2.979992
2.963943
2.946602
2.928916
2.910537
2.891566
2.872256
2.852450
2.832097
2.811243
2.789897
2.768049
2.745908
2.723354
2.700290
2.676784
2.614974
2.536605
2.462184
2.377628
2.317251
2.262830
2.319397
2.193140
2.160889
2.094715
2.035166
1.972493
1.956380
1.959315
1.957062
1.966459
1.961965
1.956471
1.963594
1.974145
1.977864
1.981619
1.989318
1.997989
1.941763
1.858797
1.921077
2.025756
1.977226
1.898755
1.877575
1.850517
1.781399
1.697697
1.860615
1.635901
1.662714
1.641016
1.610797
1.580855
1.583337
1.598844
1.376486
1.517307
1.451833
1.443583
1.433675
1.428034
1.418412
1.408920
1.404002
1.400671
1.388946
1.374876
1.362846
1.349697
1.341456
1.334994
1.327178
1.320140
1.290578
1.251654
1.214494
1.171314
1.139477
1.109832
1.031010
0.933491
1.125524
0.952476
1.007726
1.019695
1.018311
1.015136
1.022041
1.030981
1.011722
0.982486
0.956653
0.924607
0.920396
0.925477
0.707494
0.401898
1.450934
0.605323
0.796927
0.685447
0.569921
0.420476
1.702246
0.201798
0.606302
0.669124
0.656601
0.653617
0.500103
0.279030
1.040093
0.314311
0.477492
0.426167
0.375542
0.318825
0.288599
0.266865
0.229357
0.191921
0.213541
0.258654
0.183665
0.785889
0.574203
0.320834
0.251535
0.154839
0.091148
0.048152
-0.023163
-0.093335
-0.049196
0.041120
0.127465
0.245864
0.176132
0.040950
-0.090750
-0.271559
-0.182352
-0.220452
-1.005014
-0.591993
-0.479375
-0.012417
-0.259604
-0.676417
-0.539863
-0.322962
-0.296389
-0.254551
-0.373071
-0.572822
-0.094192
-0.644908
-0.544183
-0.576805
-0.629748
-0.684846
-0.755337
-0.835540
-0.917470
-1.006317
-1.135100
-1.284300
-1.438952
-1.609719
-1.362814
-0.946321
-0.961213
-1.035961
-0.368107
0.541992
1.354686
2.318087
2.510229
2.434512
2.474816
2.357295
3.057079
3.233609
4.007844
4.877741
2.774421
3.432577
3.300878
3.812331
3.273699
3.028135
2.764047
2.518219
2.427676
2.377952
2.664341
3.129318
2.476516
2.917026
2.800547
2.841050
2.740206
2.593804
2.585441
2.599498
1.866309
2.340216
2.046782
1.913383
1.919568
1.978887
2.002086
2.049596
2.152050
2.285450
1.390334
2.097738
2.199786
2.686310
2.224036
1.474121
1.809644
1.801973
1.807159
1.771926
1.588495
1.905053
1.930400
2.050447
2.208941
2.397335
2.309318
2.121772
3.084996
2.039652
2.169968
1.981136
1.867741
1.761377
1.598807
1.423606
1.411312
1.456465
1.481070
1.541103
1.532793
1.509831
1.526324
1.545503
1.503751
1.441510
1.384988
1.314847
1.280722
1.256145
1.215962
1.177427
1.103458
1.013532
0.926716
0.829992
1.041307
1.379378
1.112408
0.680011
0.735861
0.857870
0.835608
0.834662
0.554826
0.741087
0.636194
0.596303
0.559320
0.523206
0.446637
0.353569
0.566239
0.896983
-0.579165
0.677227
0.273256
0.251979
0.230055
0.211376
0.189941
0.168786
0.151104
0.134739
0.101145
0.061204
0.049538
0.045104
-0.221066
-0.592222
0.094027
-1.077365
-0.178109
-0.522456
-0.398584
-0.438995
0.286019
-0.527756
-0.380639
-0.464710
-0.487379
-0.490511
-0.537709
-0.588000
-0.560757
-0.506640
-1.038575
-0.686061
-0.813495
-0.792738
-0.775005
-0.739936
-0.928231
-1.130935
-1.377598
-1.673368
-1.378588
-0.860198
-1.917304
-0.788756
-0.550460
-0.857866
-0.535973
-0.296305
-0.663130
-1.259911
0.519242
-1.283317
-0.963470
-1.167396
-0.693125
-1.335570
-1.205896
-1.199181
-1.191328
-1.158851
-1.283142
-1.462478
-0.976391
-1.466362
-1.356083
-1.377332
-1.400660
-1.422949
-1.441780
-1.458872
-1.475054
-1.489668
-1.513916
-1.541432
-1.550667
-1.554676
-1.679343
-1.850966
-1.290930
-1.839762
-1.714092
-1.743578
-1.772729
-1.803023
-1.832752
-1.862740
-1.880921
-1.894139
-2.005119
-2.154121
-1.715851
-2.166317
-2.074364
-2.105901
-2.137179
-2.168779
-2.195064
-2.219212
-2.234852
-2.245308
-2.326950
-2.435552
-2.133019
-2.449485
-2.385298
-2.405681
-2.425699
-2.444886
-2.496272
-2.560931
-2.623338
-2.694415
-2.608970
-2.460750
-2.692435
-3.039777
-3.061846
-3.039938
-3.154798
-3.272802
-3.243789
-3.168177
-3.103244
-3.005451
-2.947206
-2.891520
-2.800198
-2.699100
-2.767121
-2.898747
-2.992326
-3.117429
-3.337961
-3.609842
-3.006187
-3.800968
-3.625811
-3.600564
-3.589191
-3.551265
-3.563184
-3.585337
-3.577965
-3.568104
-3.604242
-3.655661
-3.702285
-3.758901
-3.793116
-3.821973
-3.862101
-3.902142
-3.927576
-3.947947
-3.968492
-3.985190
-4.012255
-4.041948
-4.046946
-4.082715
-4.108107
-4.140889
-4.172840
-4.206801
-4.237041
-4.266552
-4.298298
-4.330260
-4.361204
-4.392054
-4.423188
-4.454291
-4.486518
-4.519237
-4.551878
-4.584836
-4.599476
-4.606460
-4.614562
-4.617613
-4.647615
-4.686836
-4.719675
-4.756973
-4.762948
-4.757009
-4.756985
-4.750578
-4.754037
-4.759330
-4.757638
-4.754876
-4.840016
-4.961317
-5.067766
-5.194150
-5.241631
-5.263309
-4.869312
-5.122799
-5.085715
-5.184397
-5.248216
-5.330055
-5.364469
-5.383458
-5.422867
-5.458714
-5.454055
-5.432653
-5.608864
-5.857025
-4.932366
-5.790215
-5.551512
-5.557346
-5.572691
-5.590562
-5.605997
-5.622586
-5.633294
-5.641782
-5.651700
-5.660562
-5.674744
-5.690846
-5.705638
-5.721335
-5.735181
-5.748526
-5.762877
-5.777226
-5.787551
-5.796269
-5.805166
-5.812960
-5.822031
-5.831147
-5.839068
-5.846636
-5.889360
-5.946751
-6.002252
-6.067545
-6.123620
-6.180161
-6.230627
-6.277751
-6.399459
-6.550693
-5.958377
-6.487428
-6.342465
-6.357463
-6.359070
-6.358567
-6.389552
-6.431529
-6.491363
-6.567281
-6.464302
-6.294632
-7.104214
-6.445171
-6.673858
-6.695746
-6.711885
-6.735546
-6.758630
-6.784384
-6.807016
-6.829510
-6.873018
-6.925073
-6.989655
-7.065799
-7.021161
-6.931876
-7.463840
-7.065730
-7.230431
-7.264547
-7.176248
-7.034264
-7.078448
-7.163727
-6.786735
-7.016302
-6.952287
-6.998646
-7.033501
-7.084096
-7.121560
-7.159593
-7.091890
-7.158891
-7.322513
-7.579174
-6.555599
-7.465962
-7.204237
-7.214496
-7.216676
-7.218761
-7.274139
-7.351292
-7.056582
-6.619494
-8.456694
-7.630612
-6.103665
-7.861587
-7.368363
-7.382401
-7.396958
-7.411072
-7.427223
-7.444089
-7.460414
-7.477059
-7.498617
-7.522358
-7.534708
-7.543754
-7.620156
-7.593956
-7.631927
-7.656253
-7.674146
-7.689703
-7.706145
-7.721188
-7.749697
-7.783373
-7.815027
-7.849669
-7.833382
-7.796612
-7.765114
-7.720867
-7.691172
-7.662252
-7.619550
-7.572888
-7.598088
-7.650550
-7.719673
-7.816269
-7.750843
-7.898802
-7.935287
-8.007179
-8.017000
-8.005198
-8.002214
-7.986276
-7.996751
-8.013328
-8.015427
-8.017023
-8.041931
-8.074991
-8.106408
-8.143415
-8.169928
-8.194422
-8.225141
-8.256451
-8.296349
-8.340837
-8.416432
-8.508321
-8.331936
-8.052330
-9.413094
-8.765562
-7.902404
-8.898741
-8.590454
-8.575606
-8.411766
-8.183894
-8.923397
-8.167624
-8.398515
-8.450958
-8.506679
-8.584649
-8.521210
-8.408375
-9.009531
-8.828244
-8.302760
-8.897120
-8.732892
-8.734214
-8.751541
-8.772929
-8.758960
-8.733545
-8.923597
-9.196222
-8.219268
-9.132373
-8.941447
-9.034148
-8.691941
-8.180688
-10.249468
-8.575423
-8.707054
-9.076842
-8.955347
-8.927619
-8.950036
-8.985709
-8.998197
-9.012341
-9.041604
-9.075622
-9.088086
-9.095208
-9.108300
-9.119147
-9.224117
-9.368715
-9.695072
-10.127306
-8.820387
-8.943056
-9.159214
-9.900917
-9.653294
-9.240894
-9.100926
-9.114062
-8.509653
-7.743074
-9.004543
-8.296645
-8.570516
-8.554003
-8.588866
-8.613470
-8.862332
-9.207247
-9.532281
-9.917616
-9.208240
-8.059220
-8.733521
-9.861699
-9.612305
-9.182521
-9.232848
-9.257056
-9.318315
-9.433938
-9.613348
-9.849299
-9.379765
-8.643300
-11.930713
-9.169417
-9.977031
-9.894786
-9.822677
-9.715790
-9.662799
-9.617517
-9.492685
-9.343323
-9.614830
-9.073542
-11.052074
-9.865027
-10.111237
-9.750684
-9.477982
-9.110091
-9.172370
-9.382382
-9.476006
-9.634888
-9.626371
-9.564884
-9.577241
-9.578471
-9.640875
-9.731914
-9.328887
-8.735534
-10.995847
-8.962487
-9.552744
-9.549443
-9.550326
-9.552653
-9.555115
-9.558753
-9.560287
-9.561491
-9.564006
-9.566701
-9.572262
-9.579266
-9.586343
-9.594430
-9.580740
-9.558263
-9.516813
-9.460865
-9.692795
-10.038413
-9.183963
-9.691280
-9.533276
-9.603248
-9.589599
-9.576752
-9.580291
-9.582323
-9.583813
-9.586102
-9.584219
-9.580878
-9.578539
-9.575501
-9.575118
-9.575643
-9.575338
-9.575386
-9.463063
-9.303004
-9.360975
-9.477450
-9.486395
-9.500089
-9.580712
-9.680653
-9.594008
-9.444112
-9.376393
-9.294242
-9.305374
-9.358135
-9.392587
-9.448636
-9.447938
-9.431275
-9.439269
-9.444264
-9.449269
-9.455485
-9.458791
-9.461428
-9.468676
-9.477265
-9.484938
-9.493339
-9.465348
-9.422117
-9.372418
-9.308972
-9.306730
-9.323403
-8.933226
-9.134634
-9.165472
-9.357876
-9.379871
-9.387007
-9.495464
-8.650623
-9.134628
-9.748054
-9.593842
-9.314360
-9.320014
-9.307005
-9.264475
-9.230832
-9.279864
-9.365113
-8.895087
-9.314124
-9.191269
-9.195669
-9.186745
-9.174403
-9.168367
-9.162002
-9.159845
-9.159991
-9.159666
-9.160665
-9.162236
-9.164620
-9.168347
-9.173088
-9.144839
-9.103171
-9.063984
-9.016071
-8.977931
-8.940122
-8.892879
-8.842811
-8.872961
-8.934920
-8.990421
-9.066576
-9.063126
-9.034799
-8.995826
-8.932236
-8.986580
-9.078442
-9.117999
-9.175544
-9.253101
-9.342064
-9.186295
-8.933857
-10.108924
-8.989288
-9.258297
-9.194000
-9.174336
-9.164515
-9.011463
-9.038585
-8.986309
-8.969516
-8.945531
-8.926705
-8.888368
-8.843386
-8.804529
-8.763099
-8.742030
-8.729067
-8.712611
-8.700623
-8.665303
-8.621780
-8.720009
-8.872239
-8.206134
-8.752727
-8.556418
-8.525640
-8.500635
-8.476990
-8.450263
-8.423473
-8.433223
-8.458166
-8.481444
-8.515001
-8.475770
-8.410207
-8.667157
-9.041287
-7.714897
-9.202211
-8.741078
-8.589358
-8.664577
-8.775032
-8.781519
-8.784309
-8.875285
-8.991042
-8.326448
-8.834178
-8.631606
-8.593539
-8.539111
-8.479596
-8.446346
-8.420156
-8.387439
-8.358033
-8.312538
-8.261058
-8.213648
-8.163462
-8.126150
-8.093446
-8.057345
-8.023321
-7.984790
-7.944955
-7.907437
-7.869818
-7.890114
-7.935251
-7.977803
-8.037029
-8.082812
-8.130415
-8.221689
-8.330973
-8.155528
-7.871995
-8.777986
-7.903358
-8.062237
-7.952407
-8.290416
-7.916790
-8.033510
-8.072811
-7.977625
-7.840858
-8.479395
-7.971408
-7.950141
-7.680791
-8.702700
-7.661050
-7.870139
-7.781134
-7.709181
-7.637233
-7.547928
-7.453044
-7.378002
-7.306951
-7.229132
-7.152404
-7.060383
-6.961648
-6.864649
-6.763624
-6.774815
-6.832051
-6.880294
-6.958171
-7.005568
-7.052931
-7.132212
-7.221830
-7.261856
-7.289004
-7.332549
-7.371785
-7.422755
-7.515339
-7.582816
-7.660354
-7.580905
-7.436716
-7.305426
-7.132663
-7.001473
-6.869904
-6.693713
-6.502760
-6.527270
-6.631817
-6.711437
-6.840773
-6.890511
-6.927038
-7.018263
-7.118143
-7.089281
-7.015489
-6.956640
-6.869462
-6.838143
-6.818899
-6.768040
-6.715302
-6.706617
-6.712447
-6.714182
-6.725641
-6.726463
-6.726883
-6.737795
-6.751856
-6.704110
-6.632651
-6.567201
-6.486651
-6.425969
-6.367302
-6.291628
-6.211764
-6.159748
-6.109480
-6.042256
-5.971584
-5.901312
-5.827798
-5.751265
-5.671971
-5.668885
-5.696610
-5.704458
-5.726357
-5.842644
-6.003573
-5.494215
-5.900460
-6.125157
-5.828282
-5.933216
-5.945480
-5.978856
-6.020336
-6.056972
-6.097579
-6.071491
-6.018372
-5.972201
-5.909258
-5.875010
-5.845848
-5.719871
-5.558121
-5.891851
-5.535231
-5.599598
-5.572053
-5.526049
-5.473697
-5.427086
-5.377987
-5.351644
-5.334425
-5.313696
-5.298159
-5.276495
-5.254284
-5.237685
-5.222569
-5.193575
-5.159967
-5.112876
-5.056416
-5.126733
-5.245174
-4.653003
-5.130730
-4.974742
-4.975233
-4.974991
-4.980662
-4.980546
-4.980662
-4.987142
-4.995826
-4.997674
-4.998319
-4.990137
-4.976912
-5.057344
-5.174329
-4.773399
-5.156530
-5.020072
-4.975110
-4.933614
-4.881450
-4.840635
-4.800018
-4.747895
-4.692171
-4.654601
-4.621849
-4.584494
-4.549362
-4.499380
-4.443633
-4.390791
-4.334909
-4.346144
-4.384821
-4.417482
-4.467549
-4.339956
-4.144289
-4.280585
-4.507417
-4.450821
-4.351204
-4.360166
-4.365157
-4.365149
-4.372651
-4.377120
-4.383288
-4.341454
-4.279671
-4.221692
-4.150901
-4.092434
-4.033611
-3.961023
-3.883716
-3.827922
-3.777614
-3.721384
-3.667482
-3.599772
-3.526651
-3.456489
-3.383588
-3.358822
-3.353567
-3.353951
-3.370975
-3.293762
-3.184846
-3.564654
-3.229358
-3.310788
-3.286177
-3.266744
-3.243948
-3.234438
-3.229553
-3.220655
-3.213625
-3.186170
-3.150473
-3.117558
-3.079802
-3.047547
-3.015657
-3.013918
-3.025761
-2.778342
-2.430166
-3.678300
-2.512209
-2.826747
-2.808983
-2.717528
-2.595778
-2.925683
-2.576714
-2.642686
-2.614911
-2.586706
-2.558326
-2.530182
-2.502010
-2.472674
-2.442856
-2.413061
-2.382926
-2.353119
-2.323294
-2.293105
-2.262786
-2.238018
-2.215513
-2.192632
-2.171240
-2.148270
-2.125286
-2.103908
-2.083040
-2.048530
-2.008625
-1.969848
-1.927578
-1.889581
-1.851884
-1.769332
-1.668287
-1.887426
-2.229389
-0.714620
-2.005486
-1.576870
-1.534769
-1.493275
-1.451090
-1.387442
-1.314402
-1.241577
-1.162170
-1.232181
-1.362707
-1.506035
-1.698990
-0.846925
0.425182
-1.172085
-1.459299
-1.427891
-0.950838
-1.034317
-1.113726
-1.091920
-1.084496
-1.081678
-1.076841
-1.082924
-1.093195
-1.167487
-1.272137
-0.819243
-0.150122
-2.491731
-0.275667
-0.840421
-0.771424
-0.753643
-0.755129
-0.362922
-0.528515
-0.516836
-0.649431
0.039355
1.482221
0.549410
-0.953897
-0.506519
0.251970
-0.111481
-0.599965
1.187301
-0.458561
-0.020740
-0.064150
-0.063033
-0.047841
-0.048689
-0.045052
-0.060671
-0.084080
-0.102143
-0.123622
