0.148195
0.172409
0.196982
0.219651
0.244051
0.268332
0.290571
0.312069
0.336210
0.360912
0.384716
0.408682
0.430693
0.451854
0.473258
0.494160
0.518100
0.543122
0.567495
0.592421
0.616212
0.639711
0.663825
0.687945
0.710058
0.731385
0.752809
0.773693
0.795254
0.816860
0.837879
0.858741
0.882876
0.908267
0.933350
0.959238
0.984007
1.008645
1.034160
1.059870
1.084228
1.108194
1.132426
1.156445
1.181239
1.206290
1.231089
1.255984
1.278913
1.301024
1.323316
1.345094
1.367363
1.389618
1.411321
1.432836
1.455302
1.478025
1.500508
1.523110
1.545136
1.566948
1.588906
1.610765
1.636052
1.662767
1.689233
1.716625
1.743135
1.769679
1.797217
1.825101
1.851499
1.877532
1.903995
1.930312
1.957614
1.985313
2.012822
2.040540
2.066821
2.092568
2.118593
2.144333
2.170562
2.196895
2.222914
2.248901
2.275808
2.303059
2.330234
2.357634
2.384686
2.411687
2.438937
2.466232
2.491523
2.516009
2.540629
2.564718
2.589410
2.614123
2.638261
2.662228
2.686966
2.711891
2.736602
2.761390
2.785657
2.809715
2.833875
2.857926
2.883061
2.908617
2.934014
2.959655
2.984961
3.010222
3.035748
3.061331
3.086306
3.111077
3.135935
3.160670
3.185686
3.210773
3.235721
3.260673
3.289039
3.318844
3.348505
3.379140
3.408910
3.438753
3.469641
3.500916
3.530943
3.560730
3.590981
3.621184
3.652370
3.684000
3.715543
3.747361
3.777602
3.807291
3.837332
3.867097
3.897478
3.928029
3.958270
3.988525
4.019836
4.051570
4.083270
4.115265
4.146923
4.178573
4.210543
4.242609
4.273216
4.303282
4.333513
4.363406
4.393840
4.424364
4.454516
4.484608
4.515333
4.546260
4.577095
4.608053
4.638690
4.669238
4.699927
4.730599
4.762210
4.794228
4.826189
4.858417
4.890445
4.922506
4.954851
4.987311
5.019360
5.051317
5.083414
5.115485
5.147849
5.180340
5.212791
5.245317
5.275889
5.305661
5.335593
5.365012
5.394962
5.424914
5.454313
5.483534
5.513618
5.543928
5.574012
5.604197
5.633838
5.663271
5.692829
5.722287
5.752608
5.783262
5.813775
5.844476
5.874910
5.905303
5.935900
5.966538
5.996658
6.026598
6.056604
6.086498
6.116617
6.146786
6.176830
6.206869
6.238049
6.269698
6.301291
6.333201
6.364792
6.396389
6.428328
6.460382
6.492024
6.523582
6.555279
6.586952
6.618936
6.651054
6.683136
6.715298
6.746869
6.778222
6.809684
6.841028
6.872579
6.904175
6.935640
6.967092
6.998905
7.030852
7.062769
7.094773
7.126639
7.158484
7.190426
7.222385
7.242410
7.257374
7.272871
7.284960
7.299988
7.314726
7.325813
7.335523
7.349736
7.364833
7.378280
7.391916
7.402063
7.410639
7.419548
7.427493
7.440680
7.455680
7.469459
7.484123
7.496710
7.508698
7.521683
7.534591
7.543900
7.551748
7.559680
7.566582
7.574585
7.582583
7.589467
7.595992
7.608079
7.622247
7.635794
7.650640
7.663464
7.675970
7.689904
7.704082
7.715840
7.726834
7.738197
7.749102
7.761255
7.773763
7.785747
7.797807
7.806375
7.813438
7.820726
7.827034
7.834101
7.841057
7.846967
7.852461
7.859511
7.866919
7.873819
7.880835
7.886767
7.892238
7.897872
7.903244
7.914609
7.928419
7.941700
7.956537
7.969724
7.982883
7.997718
8.013079
8.025724
8.037637
8.050225
8.062469
8.076371
8.090890
8.104987
8.119369
8.131110
8.141816
8.152928
8.163448
8.174749
8.186148
8.196904
8.207514
8.219673
8.232356
8.244816
8.257590
8.269659
8.281550
8.293797
8.306036
8.314648
8.321752
8.329007
8.335236
8.342445
8.349607
8.355664
8.361334
8.368279
8.375468
8.382191
8.388966
8.394733
8.400047
8.405453
8.410579
8.417537
8.425153
8.432401
8.439995
8.446909
8.453657
8.460790
8.467936
8.473921
8.479460
8.485065
8.490367
8.496080
8.501831
8.507252
8.512593
8.523624
8.537004
8.550054
8.564667
8.577726
8.590821
8.605598
8.620943
8.634092
8.646750
8.660105
8.673293
8.688057
8.703485
8.718680
8.734254
8.747064
8.758851
8.771148
8.782889
8.795587
8.808486
8.820772
8.832994
8.846919
8.861473
8.875882
8.890704
8.904868
8.918929
8.933446
8.948038
8.960087
8.971137
8.982379
8.992966
9.004378
9.015855
9.026620
9.037198
9.048754
9.060564
9.072133
9.083823
9.094886
9.105713
9.116690
9.127554
9.139914
9.152873
9.165652
9.178794
9.191511
9.204198
9.217278
9.230466
9.242873
9.255042
9.267358
9.279543
9.292137
9.304859
9.317429
9.330036
9.339230
9.346974
9.354903
9.361870
9.369655
9.377356
9.384028
9.390309
9.397973
9.405933
9.413421
9.420993
9.450962
9.490449
9.529054
9.574116
9.436025
9.222936
9.024421
8.777567
9.620394
10.905767
10.096642
8.719083
9.068275
9.664034
9.580272
9.505765
9.535151
9.541126
9.546801
9.552380
9.559811
9.567954
9.575915
9.584327
9.592108
9.599814
9.608013
9.616320
9.623841
9.631130
9.638568
9.645878
9.653629
9.661523
9.669266
9.677059
9.683759
9.690001
9.696340
9.702390
9.708707
9.715012
9.721008
9.726894
9.733307
9.739859
9.746274
9.752750
9.758904
9.764934
9.771042
9.777091
9.776275
9.772519
9.768999
9.763473
9.759581
9.755469
9.749214
9.742116
9.737494
9.733304
9.728119
9.722974
9.715790
9.707652
9.699637
9.691010
9.685369
9.680725
9.675321
9.670377
9.664171
9.657563
9.651479
9.645296
9.636980
9.627765
9.618544
9.608674
9.599386
9.590041
9.579998
9.569693
9.562397
9.556185
9.549567
9.543602
9.536450
9.529057
9.522388
9.515789
9.507794
9.499314
9.490971
9.482313
9.474276
9.466371
9.458112
9.449831
9.439543
9.428353
9.417223
9.405484
9.394103
9.382595
9.370441
9.357991
9.346341
9.334824
9.322960
9.311097
9.298565
9.285713
9.272886
9.259850
9.250348
9.242255
9.233792
9.226206
9.217573
9.208866
9.201109
9.193611
9.184438
9.174773
9.165455
9.155879
9.147238
9.138911
9.130278
9.121760
9.111594
9.100747
9.090089
9.079018
9.068364
9.057713
9.046618
9.035379
9.025018
9.014917
9.004625
8.994467
8.983828
8.973027
8.962383
8.951680
8.938769
8.924907
8.911080
8.896588
8.882622
8.868573
8.853813
8.838768
8.824422
8.810166
8.795577
8.780964
8.765697
8.750106
8.734513
8.718699
8.703919
8.689474
8.674755
8.660186
8.645157
8.629975
8.614965
8.599908
8.584106
8.567984
8.551845
8.535471
8.519286
8.503068
8.486598
8.470026
8.455705
8.442269
8.428628
8.415551
8.401756
8.387899
8.374656
8.361569
8.347526
8.333215
8.319111
8.304868
8.291190
8.277708
8.264060
8.250493
8.235693
8.220388
8.205219
8.189741
8.174588
8.159444
8.143966
8.128385
8.113437
8.098675
8.083776
8.068973
8.053819
8.038545
8.023384
8.008179
7.991912
7.975184
7.958456
7.941400
7.924593
7.907739
7.890534
7.873184
7.856136
7.839112
7.821922
7.804704
7.787171
7.769473
7.751759
7.733927
7.716610
7.699455
7.682156
7.664926
7.647456
7.629901
7.612427
7.594921
7.577037
7.558986
7.540920
7.522728
7.504624
7.486497
7.468237
7.449919
7.430039
7.409452
7.388872
7.367798
7.347007
7.326107
7.304684
7.283016
7.261875
7.240787
7.219420
7.198015
7.176095
7.153909
7.131703
7.109309
7.087451
7.065729
7.043791
7.021880
6.999658
6.977294
6.954970
6.932565
6.909661
6.886511
6.863297
6.839889
6.816537
6.793110
6.769478
6.745731
6.722707
6.699916
6.676972
6.654148
6.630977
6.607699
6.584560
6.561392
6.537812
6.514058
6.490293
6.466399
6.442620
6.418829
6.394898
6.370914
6.346383
6.321581
6.296746
6.271711
6.246718
6.221645
6.196364
6.170961
6.145711
6.120447
6.095048
6.069603
6.043943
6.018156
5.992327
5.966399
5.951710
5.941753
5.931207
5.923818
5.913597
5.903589
5.896965
5.891582
5.881811
5.871112
5.861912
5.852452
5.846244
5.841455
5.836268
5.831921
5.822619
5.811562
5.801584
5.790718
5.781724
5.773225
5.763734
5.754251
5.748075
5.743205
5.738193
5.734082
5.728878
5.723617
5.719334
5.715326
5.705821
5.694210
5.683128
5.670701
5.660159
5.649847
5.638065
5.625966
5.616154
5.607012
5.597430
5.588216
5.577706
5.566769
5.556267
5.545613
5.538261
5.532290
5.526022
5.520625
5.514414
5.508233
5.502987
5.498065
5.491556
5.484622
5.478100
5.471388
5.465648
5.460276
5.454667
5.449233
5.431414
5.408382
5.386063
5.360294
5.337620
5.314723
5.288125
5.260176
5.237230
5.215387
5.191900
5.168761
5.142020
5.113736
5.085954
5.057281
5.033896
5.012396
4.989750
4.968060
4.944400
4.920228
4.897122
4.874021
4.847382
4.819352
4.791489
4.762670
4.735035
4.707474
4.678873
4.649991
4.627604
4.607739
4.587294
4.568471
4.547494
4.526299
4.506873
4.487868
4.466199
4.443781
4.421928
4.399684
4.379016
4.358895
4.338304
4.317937
4.293785
4.268076
4.242759
4.216477
4.191183
4.165898
4.139576
4.112922
4.088161
4.063939
4.039284
4.014897
3.989427
3.963575
3.938044
3.912357
3.890816
3.870999
3.850844
3.831792
3.811685
3.791609
3.772718
3.754235
3.733864
3.713006
3.692660
3.672105
3.652748
3.633856
3.614700
3.595776
3.575200
3.554002
3.533113
3.511890
3.491207
3.470628
3.449683
3.428688
3.408749
3.389197
3.369545
3.350145
3.330330
3.310446
3.290839
3.271274
3.249051
3.225746
3.202601
3.178736
3.155638
3.132545
3.108675
3.084558
3.061446
3.038564
3.015376
2.992273
2.968459
2.944350
2.920357
2.896199
2.873427
2.851180
2.828704
2.806523
2.783886
2.761169
2.738776
2.716435
2.693281
2.669839
2.646489
2.622957
2.599768
2.576650
2.553330
2.529993
2.505416
2.480282
2.455182
2.429704
2.404451
2.379120
2.353389
2.327474
2.302047
2.276698
2.251136
2.225572
2.199596
2.173422
2.147262
2.120970
2.095050
2.069228
2.043254
2.017301
1.991139
1.964883
1.938655
1.912373
1.885738
1.858931
1.832083
1.805100
1.778160
1.751171
1.724039
1.696828
1.670361
1.644159
1.617841
1.591678
1.565216
1.538687
1.512330
1.485982
1.459259
1.432400
1.405568
1.378644
1.351872
1.325125
1.298276
1.271411
1.244063
1.216492
1.188924
1.161202
1.133552
1.105861
1.078006
1.050071
1.022315
0.994581
0.966754
0.938916
0.910910
0.882816
0.854719
0.826561
0.794161
0.759927
0.725814
0.690444
0.656044
0.621481
0.585576
0.549125
0.514178
0.479473
0.444128
0.408784
0.372157
0.334918
0.297729
0.260139
0.224337
0.189114
0.153399
0.117934
0.081673
0.045139
0.008896
-0.027437
-0.065100
-0.103340
-0.141613
-0.180310
-0.218681
-0.257115
-0.296004
-0.335082
-0.372307
-0.408880
-0.445733
-0.482202
-0.519435
-0.556843
-0.593824
-0.630786
-0.668645
-0.706832
-0.744957
-0.783305
-0.821289
-0.859215
-0.897387
-0.935598
-0.975081
-1.015150
-1.055206
-1.095666
-1.135929
-1.176295
-1.217087
-1.258089
-1.298617
-1.339088
-1.379799
-1.420535
-1.461711
-1.503111
-1.544520
-1.586085
-1.625560
-1.664220
-1.703132
-1.741547
-1.780617
-1.819761
-1.858364
-1.896841
-1.936353
-1.976189
-2.015846
-2.055688
-2.094997
-2.134147
-2.173510
-2.212833
-2.253170
-2.293942
-2.334631
-2.375595
-2.416339
-2.457111
-2.498176
-2.539356
-2.580041
-2.620600
-2.661302
-2.701952
-2.742919
-2.784012
-2.825040
-2.866132
-2.908583
-2.951634
-2.994694
-3.038183
-3.081383
-3.124663
-3.168400
-3.212337
-3.255881
-3.299401
-3.343149
-3.386941
-3.431155
-3.475594
-3.520061
-3.564691
-3.608728
-3.652593
-3.696651
-3.740647
-3.784949
-3.829372
-3.873720
-3.918126
-3.963009
-4.008113
-4.053256
-4.098570
-4.143799
-4.189076
-4.234534
-4.280082
-4.328598
-4.378439
-4.428246
-4.478975
-4.529123
-4.579453
-4.630760
-4.682507
-4.733240
-4.783850
-4.834967
-4.886135
-4.938258
-4.990864
-5.043486
-5.096442
-5.148314
-5.199884
-5.251846
-5.303719
-5.356174
-5.408876
-5.461464
-5.514180
-5.567838
-5.621945
-5.676144
-5.730692
-5.785099
-5.839618
-5.894506
-5.949588
-6.003316
-6.056599
-6.110145
-6.163451
-6.217379
-6.271487
-6.325321
-6.379189
-6.433796
-6.488704
-6.543613
-6.598742
-6.653642
-6.708546
-6.763688
-6.818909
-6.875126
-6.931829
-6.988572
-7.045666
-7.102665
-7.159792
-7.217286
-7.274987
-7.332385
-7.389790
-7.447424
-7.505127
-7.563209
-7.621507
-7.679863
-7.738385
-7.795789
-7.852801
-7.910034
-7.967059
-8.024528
-8.082113
-8.139464
-8.196818
-8.254846
-8.313138
-8.371401
-8.429846
-8.488060
-8.546257
-8.604653
-8.663101
-8.722186
-8.781589
-8.841020
-8.900679
-8.960293
-9.019997
-9.079940
-9.140021
-9.199901
-9.259785
-9.319824
-9.379910
-9.440247
-9.500729
-9.561250
-9.621882
-9.683393
-9.745334
-9.807352
-9.869698
-9.931947
-9.994316
-10.057029
-10.119935
-10.182679
-10.245480
-10.308491
-10.371600
-10.435034
-10.498673
-10.562403
-10.626302
-10.689925
-10.753520
-10.817303
-10.881123
-10.945196
-11.009415
-11.073663
-11.138018
-11.202728
-11.267643
-11.332654
-11.397839
-11.463048
-11.528358
-11.593849
-11.659467
-11.690245
-11.706276
-11.723943
-11.731706
-11.748091
-11.763678
-11.768655
-11.769655
-11.783951
-11.800919
-11.813113
-11.825935
-11.828591
-11.826711
-11.825882
-11.822298
-11.833989
-11.850999
-11.864507
-11.880636
-11.890784
-11.899245
-11.910648
-11.921879
-11.922690
-11.919300
-11.916204
-11.910160
-11.907369
-11.904611
-11.898665
-11.891722
-11.901313
-11.917134
-11.931185
-11.949154
-11.961213
-11.972407
-11.987897
-12.004182
-12.013362
-12.020347
-12.028497
-12.035361
-12.045993
-12.057749
-12.068022
-12.078588
-12.078918
-12.074873
-12.071562
-12.065430
-12.061610
-12.057528
-12.050432
-12.042176
-12.038590
-12.036127
-12.032238
-12.028764
-12.022156
-12.014258
-12.006913
-11.998867
-12.008049
-12.024292
-12.039071
-12.058359
-12.072976
-12.087565
-12.107011
-12.128016
-12.141276
-12.152485
-12.165680
-12.177939
-12.195008
-12.213896
-12.231623
-12.250218
-12.261318
-12.269513
-12.278920
-12.286688
-12.296739
-12.307123
-12.315721
-12.323957
-12.336674
-12.350940
-12.364624
-12.379259
-12.391928
-12.404145
-12.417428
-12.430744
-12.433673
-12.432311
-12.431440
-12.427666
-12.426765
-12.425778
-12.421667
-12.416490
-12.415040
-12.414345
-12.412362
-12.410579
-12.405949
-12.400063
-12.394498
-12.388180
-12.387182
-12.388128
-12.388068
-12.389055
-12.388138
-12.386797
-12.386612
-12.386519
-12.383138
-12.378524
-12.374156
-12.368966
-12.365008
-12.361215
-12.356521
-12.351651
-12.364111
-12.383766
-12.402486
-12.426013
-12.444901
-12.463970
-12.488208
-12.514240
-12.533662
-12.551660
-12.571840
-12.591581
-12.616171
-12.642851
-12.668884
-12.696134
-12.715094
-12.731028
-12.748575
-12.764513
-12.783411
-12.802987
-12.820781
-12.838448
-12.861341
-12.886209
-12.910707
-12.936525
-12.960420
-12.984075
-13.009179
-13.034582
-13.052291
-13.067021
-13.082404
-13.095855
-13.111890
-13.128189
-13.142381
-13.156074
-13.172819
-13.190406
-13.207328
-13.224684
-13.240195
-13.255053
-13.270436
-13.285541
-13.305272
-13.326897
-13.348039
-13.370352
-13.391440
-13.412505
-13.434832
-13.457555
-13.477968
-13.497718
-13.517988
-13.537924
-13.559173
-13.580879
-13.602186
-13.623678
-13.634961
-13.641944
-13.649554
-13.654335
-13.661644
-13.668770
-13.672864
-13.675848
-13.683067
-13.691247
-13.698073
-13.705221
-13.709385
-13.712287
-13.715640
-13.718278
-13.725147
-13.733530
-13.740993
-13.749222
-13.755888
-13.762150
-13.769266
-13.776389
-13.780667
-13.783829
-13.787128
-13.789661
-13.793150
-13.796701
-13.799419
-13.801913
-13.810061
-13.820422
-13.830301
-13.841610
-13.851086
-13.860401
-13.871272
-13.882536
-13.891498
-13.899829
-13.908679
-13.917210
-13.927137
-13.937564
-13.947605
-13.957864
-13.964896
-13.970616
-13.976698
-13.981977
-13.988128
-13.994311
-13.999628
-14.004685
-14.011396
-14.018597
-14.025449
-14.032559
-14.038761
-14.044660
-14.050861
-14.056953
-14.059624
-14.060819
-14.062052
-14.062246
-14.063259
-14.064136
-14.063905
-14.063225
-14.063590
-14.064072
-14.064037
-14.063946
-14.062845
-14.061235
-14.059606
-14.057624
-14.057277
-14.057457
-14.057201
-14.057179
-14.056423
-14.055419
-14.054686
-14.053873
-14.051882
-14.049380
-14.046850
-14.043943
-14.041330
-14.038663
-14.035593
-14.032358
-14.030164
-14.028292
-14.026200
-14.024277
-14.021824
-14.019202
-14.016774
-14.014294
-14.011247
-14.007956
-14.004636
-14.001128
-13.997768
-13.994379
-13.990791
-13.987119
-13.982581
-13.977614
-13.972597
-13.967266
-13.962007
-13.956627
-13.950917
-13.945019
-13.939360
-13.933679
-13.927790
-13.921827
-13.915528
-13.909031
-13.902470
-13.895753
-13.891402
-13.887977
-13.884289
-13.881173
-13.877318
-13.873389
-13.870082
-13.866927
-13.862644
-13.858019
-13.853604
-13.848999
-13.844998
-13.841188
-13.837155
-13.833182
-13.828033
-13.822389
-13.816854
-13.811010
-13.805439
-13.799850
-13.793930
-13.787889
-13.782436
-13.777142
-13.771695
-13.766320
-13.760589
-13.754724
-13.748947
-13.743107
-13.735833
-13.727928
-13.720021
-13.711665
-13.703624
-13.695507
-13.686912
-13.678112
-13.669731
-13.661382
-13.652798
-13.644173
-13.635109
-13.625814
-13.616494
-13.607008
-13.598167
-13.589521
-13.580675
-13.571903
-13.562812
-13.553599
-13.544476
-13.535299
-13.525619
-13.515711
-13.505769
-13.495653
-13.485636
-13.475576
-13.465331
-13.454997
-13.444832
-13.434678
-13.424424
-13.414150
-13.403696
-13.393146
-13.382582
-13.371948
-13.361150
-13.350248
-13.339281
-13.328220
-13.317128
-13.305973
-13.294722
-13.283396
-13.271797
-13.260036
-13.248210
-13.236251
-13.224260
-13.212186
-13.199975
-13.187664
-13.175360
-13.162996
-13.150527
-13.137987
-13.125310
-13.112529
-13.099680
-13.086738
-13.073683
-13.060528
-13.047283
-13.033940
-13.020518
-13.007006
-12.993396
-12.979694
-12.965903
-12.952021
-12.938047
-12.923981
-12.909821
-12.895568
-12.881223
-12.866787
-12.852285
-12.837702
-12.823026
-12.808265
-12.793406
-12.778455
-12.763421
-12.748297
-12.733071
-12.717750
-12.702341
-12.686839
-12.671253
-12.655578
-12.639810
-12.623953
-12.607678
-12.591173
-12.574593
-12.557828
-12.541052
-12.524176
-12.507110
-12.489915
-12.472755
-12.455528
-12.438164
-12.420715
-12.403080
-12.385310
-12.367459
-12.349490
-12.331571
-12.313609
-12.295523
-12.277369
-12.259068
-12.240660
-12.222188
-12.203622
-12.184868
-12.165983
-12.147010
-12.127917
-12.108763
-12.089517
-12.070150
-12.050682
-12.031281
-12.011849
-11.992308
-11.972713
-11.952970
-11.933128
-11.913235
-11.893259
-11.873123
-11.852875
-11.832546
-11.812114
-11.791626
-11.771058
-11.750385
-11.729623
-11.708671
-11.687587
-11.666418
-11.645132
-11.623775
-11.602325
-11.580755
-11.559082
-11.537363
-11.515563
-11.493658
-11.471665
-11.449552
-11.427334
-11.405031
-11.382629
-11.360235
-11.337788
-11.315240
-11.292624
-11.269887
-11.247058
-11.224163
-11.201184
-11.178065
-11.154840
-11.131532
-11.108126
-11.084655
-11.061100
-11.037446
-11.013702
-10.989824
-10.965837
-10.941763
-10.917587
-10.893330
-10.868981
-10.844529
-10.819982
-10.795366
-10.770666
-10.745869
-10.720984
-10.695994
-10.670909
-10.645736
-10.620470
-10.595045
-10.569499
-10.543862
-10.518114
-10.492290
-10.466372
-10.440341
-10.414210
-10.388009
-10.361720
-10.335329
-10.308845
-10.282251
-10.255554
-10.228767
-10.201881
-10.174935
-10.147907
-10.120780
-10.093566
-10.066247
-10.038831
-10.011329
-9.983734
-9.956025
-9.928215
-9.900313
-9.872312
-9.844225
-9.816046
-9.787768
-9.759395
-9.730898
-9.702294
-9.673596
-9.644795
-9.615905
-9.586918
-9.557829
-9.528640
-9.499369
-9.470006
-9.440543
-9.410986
-9.381325
-9.351565
-9.321711
-9.291760
-9.261723
-9.231595
-9.201368
-9.171048
-9.140629
-9.110113
-9.079504
-9.048799
-9.017992
-8.987086
-8.956085
-8.924986
-8.893794
-8.862507
-8.831123
-8.799642
-8.768085
-8.736440
-8.704698
-8.672865
-8.640931
-8.608902
-8.576782
-8.544568
-8.512251
-8.479837
-8.447329
-8.414724
-8.382030
-8.349241
-8.316356
-8.283376
-8.250290
-8.217105
-8.183825
-8.150448
-8.116978
-8.083413
-8.049750
-8.015991
-7.982141
-7.948199
-7.914159
-7.880025
-7.845793
-7.811465
-7.777042
-7.742524
-7.713195
-7.686019
-7.658519
-7.632441
-7.604985
-7.577576
-7.551693
-7.526337
-7.498892
-7.470967
-7.443688
-7.416237
-7.390249
-7.364870
-7.339257
-7.313983
-7.286332
-7.257804
-7.229729
-7.201184
-7.173465
-7.145926
-7.117868
-7.089761
-7.063150
-7.037099
-7.010928
-6.985126
-6.958759
-6.932312
-6.906271
-6.880305
-6.851754
-6.822182
-6.792803
-6.762753
-6.733523
-6.704349
-6.674446
-6.644347
-6.615250
-6.586411
-6.557318
-6.528345
-6.498724
-6.468856
-6.439137
-6.409297
-6.380934
-6.353157
-6.325194
-6.297582
-6.269543
-6.241468
-6.213774
-6.186180
-6.157801
-6.129176
-6.100692
-6.072068
-6.043843
-6.015738
-5.987473
-5.959239
-5.928343
-5.896313
-5.864428
-5.831790
-5.799779
-5.767696
-5.734809
-5.701613
-5.669504
-5.637629
-5.605380
-5.573197
-5.540216
-5.506887
-5.473658
-5.440223
-5.407836
-5.375810
-5.343527
-5.311414
-5.278884
-5.246228
-5.213766
-5.181282
-5.148051
-5.114512
-5.080986
-5.047242
-5.013717
-4.980185
-4.946418
-4.912570
-4.880209
-4.848417
-4.816476
-4.784896
-4.752809
-4.720660
-4.688905
-4.657236
-4.624931
-4.592437
-4.560061
-4.527580
-4.495452
-4.463438
-4.431300
-4.399200
-4.366225
-4.332884
-4.299618
-4.266120
-4.232832
-4.199533
-4.165986
-4.132349
-4.099131
-4.066023
-4.032803
-3.999632
-3.966200
-3.932668
-3.899196
-3.865676
-3.839671
-3.816849
-3.793652
-3.772582
-3.749662
-3.726913
-3.706442
-3.686825
-3.664283
-3.641138
-3.619020
-3.596747
-3.576674
-3.557573
-3.538225
-3.519460
-3.497461
-3.474333
-3.451946
-3.429003
-3.407319
-3.385988
-3.364033
-3.342112
-3.322402
-3.303583
-3.284698
-3.266436
-3.247482
-3.228517
-3.210228
-3.192147
-3.170349
-3.147138
-3.124309
-3.100588
-3.078168
-3.055924
-3.032703
-3.009287
-2.987453
-2.966099
-2.944466
-2.923106
-2.900884
-2.878393
-2.856221
-2.833966
-2.813972
-2.794934
-2.775716
-2.757110
-2.737975
-2.718882
-2.700444
-2.682247
-2.662995
-2.643476
-2.624259
-2.604933
-2.586289
-2.567915
-2.549402
-2.531029
-2.509162
-2.485858
-2.462849
-2.438921
-2.415931
-2.392941
-2.368962
-2.344662
-2.321936
-2.299624
-2.276904
-2.254371
-2.230856
-2.206967
-2.183311
-2.159476
-2.137138
-2.115378
-2.093369
-2.071684
-2.049536
-2.027316
-2.005450
-1.983651
-1.960945
-1.937923
-1.915012
-1.891905
-1.869187
-1.846555
-1.823704
-1.800840
-1.780104
-1.760245
-1.740280
-1.720906
-1.700938
-1.680983
-1.661665
-1.642560
-1.622685
-1.602648
-1.582872
-1.563049
-1.543807
-1.524817
-1.505757
-1.486846
-1.466841
-1.446433
-1.426226
-1.405801
-1.385760
-1.365802
-1.345603
-1.325380
-1.305826
-1.286520
-1.267159
-1.247962
-1.228508
-1.209016
-1.189703
-1.170422
-1.146970
-1.121777
-1.096797
-1.070651
-1.045600
-1.020492
-0.994130
-0.967324
-0.942100
-0.917207
-0.891777
-0.866441
-0.839925
-0.812894
-0.786007
-0.758816
-0.733584
-0.709059
-0.684135
-0.659580
-0.634306
-0.608857
-0.583817
-0.558794
-0.532509
-0.505739
-0.479043
-0.452017
-0.425436
-0.398898
-0.372000
-0.345016
-0.319893
-0.295484
-0.270904
-0.246781
-0.222018
-0.197178
-0.172839
-0.148610
-0.123622
-0.098417
-0.073361
-0.048187
-0.023451
0.001139
0.025869
0.050544
0.076354
0.102637
0.128815
0.155289
0.181478
0.207675
0.234189
0.260813
0.286887
0.312813
0.338877
0.364873
0.391199
0.417649
0.444015
0.470437
0.494473
0.517512
0.540711
0.563259
0.586414
0.609538
0.631964
0.654141
0.677329
0.700757
0.723879
0.747091
0.769614
0.791854
0.814213
0.836418
0.859628
0.883205
0.906580
0.930148
0.953362
0.976495
0.999841
1.023202
1.045908
1.068365
1.090868
1.113204
1.135778
1.158379
1.180797
1.203176
1.226903
1.251165
1.275327
1.299840
1.323934
1.348003
1.372453
1.397008
1.421034
1.444925
1.468951
1.492915
1.517223
1.541661
1.566022
1.590448
1.614127
1.637509
1.660990
1.684296
1.707820
1.731365
1.754720
1.778027
1.801737
1.825576
1.849346
1.873191
1.896835
1.920421
1.944091
1.967750
1.986548
2.003283
2.020215
2.035748
2.052475
2.069074
2.084176
2.098708
2.115033
2.131695
2.147677
2.163718
2.178337
2.192305
2.206391
2.220071
2.235906
2.252481
2.268544
2.284964
2.300515
2.315810
2.331507
2.347164
2.361330
2.374887
2.388468
2.401616
2.415209
2.428791
2.441905
2.454862
2.469992
2.485924
2.501595
2.517762
2.533113
2.548321
2.564076
2.579909
2.594777
2.609330
2.624010
2.638495
2.653452
2.668532
2.683391
2.698262
2.711734
2.724594
2.737525
2.750052
2.762864
2.775615
2.787936
2.800075
2.812814
2.825676
2.838322
2.850997
2.863226
2.875256
2.887334
2.899292
2.913797
2.929334
2.944638
2.960595
2.975837
2.991055
3.006979
3.023118
3.038092
3.052747
3.067678
3.082454
3.097927
3.113652
3.129189
3.144837
3.159341
3.173391
3.187604
3.201552
3.215827
3.230134
3.244154
3.258102
3.272703
3.287519
3.302230
3.317065
3.331587
3.346023
3.360601
3.375166
3.388189
3.400563
3.412992
3.424978
3.437367
3.449727
3.461610
3.473320
3.485557
3.497887
3.510011
3.522146
3.533845
3.545343
3.556870
3.568268
3.580432
3.592864
3.605131
3.617534
3.629640
3.641665
3.653843
3.666017
3.677690
3.689164
3.700657
3.712011
3.723529
3.735053
3.746428
3.757759
3.771129
3.785331
3.799398
3.814014
3.828050
3.842081
3.856704
3.871516
3.885523
3.899339
3.913390
3.927365
3.941891
3.956641
3.971291
3.986063
3.999810
4.013167
4.026693
4.039999
4.053638
4.067333
4.080787
4.094202
4.108219
4.122448
4.136607
4.150900
4.164936
4.178917
4.193048
4.207189
4.220413
4.233267
4.246173
4.258830
4.271765
4.284707
4.297381
4.309972
4.322894
4.335888
4.348782
4.361702
4.374384
4.386968
4.399588
4.412151
4.425232
4.438510
4.451708
4.465019
4.478163
4.491280
4.504522
4.517785
4.530756
4.543625
4.556532
4.569376
4.582349
4.595352
4.608285
4.621216
4.632867
4.643964
4.655114
4.665892
4.676956
4.687974
4.698595
4.709054
4.720009
4.731056
4.741913
4.752785
4.763266
4.773567
4.783899
4.794118
4.804835
4.815715
4.826458
4.837270
4.847865
4.858387
4.868989
4.879567
4.889771
4.899812
4.909847
4.919762
4.929771
4.939763
4.949629
4.959442
4.969922
4.980648
4.991291
5.002084
5.012628
5.023128
5.033793
5.044482
5.054865
5.065146
5.075467
5.085723
5.096126
5.106565
5.116933
5.127302
5.137252
5.147017
5.156802
5.166463
5.176207
5.185930
5.195523
5.205059
5.214773
5.224522
5.234204
5.243893
5.253446
5.262938
5.272442
5.281908
5.281744
5.277466
5.273565
5.266875
5.262489
5.257817
5.250163
5.241349
5.236102
5.231514
5.225548
5.219682
5.210962
5.200928
5.191109
5.180465
5.173965
5.168865
5.162732
5.157254
5.150060
5.142333
5.135349
5.128252
5.118217
5.106957
5.095711
5.083585
5.072289
5.060935
5.048634
5.035993
5.027778
5.021186
5.014042
5.007893
5.000064
4.991927
4.984888
4.977994
4.969098
4.959534
4.950216
4.940477
4.931691
4.923139
4.914113
4.905096
4.893218
4.880076
4.867063
4.853210
4.839916
4.826480
4.812151
4.797434
4.783919
4.770638
4.756898
4.743199
4.728575
4.713529
4.698561
4.683332
4.672831
4.664227
4.655148
4.647257
4.637996
4.628659
4.620607
4.612921
4.603013
4.592468
4.582407
4.572018
4.562900
4.554220
4.545150
4.536253
4.525198
4.513264
4.501601
4.489411
4.477791
4.466196
4.454035
4.441704
4.430555
4.419770
4.408754
4.397936
4.386501
4.374872
4.363473
4.352014
4.337604
4.321936
4.306335
4.289862
4.274117
4.258281
4.241510
4.224376
4.208207
4.192180
4.175727
4.159262
4.141939
4.124200
4.106481
4.088485
4.071899
4.055786
4.039325
4.023086
4.006251
3.989231
3.972463
3.955654
3.937863
3.919663
3.901462
3.882966
3.864744
3.846500
3.827937
3.809258
3.795299
3.783260
3.770894
3.759789
3.747333
3.734859
3.723745
3.713058
3.700478
3.687435
3.674928
3.662231
3.650805
3.639889
3.628725
3.617830
3.604576
3.590417
3.576636
3.562341
3.548797
3.535371
3.521385
3.507295
3.494582
3.482346
3.469939
3.457830
3.445120
3.432276
3.419764
3.407266
3.392576
3.376994
3.361525
3.345454
3.330029
3.314609
3.298538
3.282261
3.266759
3.251421
3.235832
3.220294
3.204178
3.187815
3.171527
3.155095
3.139873
3.125105
3.110136
3.095422
3.080301
3.065106
3.050192
3.035318
3.019739
3.003908
2.988152
2.972236
2.956615
2.941052
2.925310
2.909552
2.890902
2.870995
2.851194
2.830542
2.810521
2.790381
2.769334
2.747913
2.727594
2.707472
2.686908
2.666365
2.644929
2.623075
2.601278
2.579215
2.558254
2.537643
2.516709
2.495920
2.474630
2.453160
2.431858
2.410489
2.388266
2.365666
2.343036
2.320126
2.297412
2.274646
2.251583
2.228389
2.206690
2.185535
2.164178
2.143148
2.121544
2.099826
2.078471
2.057156
2.035136
2.012874
1.990687
1.968344
1.946318
1.924363
1.902232
1.880094
1.856995
1.833465
1.809968
1.786180
1.762564
1.738890
1.714908
1.690785
1.667052
1.643386
1.619556
1.595728
1.571581
1.547283
1.522999
1.498618
1.487326
1.481559
1.475126
1.472385
1.466382
1.460649
1.458874
1.458564
1.453159
1.446690
1.441990
1.437004
1.435827
1.436323
1.436373
1.437422
1.432761
1.426091
1.420696
1.414299
1.410090
1.406479
1.401745
1.397044
1.396199
1.396892
1.397444
1.399065
1.399445
1.399782
1.401278
1.403116
1.398535
1.391505
1.385115
1.377170
1.371453
1.366023
1.358893
1.351409
1.346630
1.342656
1.338187
1.334170
1.328652
1.322656
1.317188
1.311563
1.309822
1.309716
1.309283
1.309888
1.309562
1.309292
1.310134
1.311377
1.310782
1.309709
1.309140
1.308367
1.308752
1.309588
1.310167
1.310970
1.306572
1.300040
1.293962
1.286526
1.280485
1.274450
1.266952
1.258982
1.253392
1.248438
1.242881
1.237619
1.230894
1.223621
1.216710
1.209542
1.204576
1.200464
1.195995
1.192006
1.187350
1.182597
1.178369
1.174248
1.168800
1.162894
1.157160
1.151145
1.145709
1.140407
1.134789
1.129161
1.118643
1.106006
1.093566
1.079700
1.066915
1.053941
1.039446
1.024330
1.011112
0.998250
0.984651
0.971106
0.956057
0.940315
0.924689
0.908628
0.894432
0.880838
0.866715
0.852847
0.838151
0.823166
0.808477
0.793690
0.777475
0.760639
0.743766
0.726434
0.709446
0.692386
0.674835
0.657079
0.690703
0.746041
0.798946
0.866433
0.921118
0.976931
1.048370
1.125632
1.183306
1.237028
1.297746
1.357515
1.432225
1.513588
1.593379
1.677202
1.647334
1.570813
1.503355
1.405852
1.339240
1.272653
1.173704
1.064267
1.004517
0.957567
0.897362
0.842776
0.756514
0.658003
0.566570
0.469055
0.475328
0.523662
0.561280
0.625040
0.660041
0.693920
0.756015
0.826545
0.846575
0.852058
0.868674
0.877863
0.915744
0.963531
1.002481
1.045352
1.044673
1.026365
1.013923
0.991103
0.979870
0.969324
0.947584
0.922629
0.922397
0.929993
0.933106
0.940599
0.935696
0.927096
0.923528
0.919056
0.907559
0.893182
0.878212
0.860896
0.845951
0.830853
0.813219
0.794686
0.776204
0.757053
0.736949
0.716132
0.693691
0.670124
0.645881
0.620650
0.601672
0.584819
0.566670
0.549627
0.529935
0.509497
0.490308
0.471020
0.447946
0.423346
0.398817
0.373203
0.348791
0.324390
0.298813
0.272869
0.253072
0.235594
0.217460
0.200785
0.181920
0.162736
0.145151
0.127866
0.107942
0.087204
0.066902
0.046126
0.026754
0.007803
-0.011697
-0.031084
-0.054267
-0.079071
-0.103599
-0.129171
-0.153881
-0.178686
-0.204606
-0.230953
-0.255564
-0.279755
-0.304471
-0.329031
-0.354750
-0.380945
-0.406931
-0.433175
-0.452859
-0.469851
-0.487390
-0.503205
-0.520790
-0.538379
-0.554111
-0.569243
-0.587307
-0.606141
-0.624212
-0.642629
-0.659210
-0.675091
-0.691404
-0.707379
-0.726201
-0.746123
-0.765575
-0.785643
-0.804832
-0.823886
-0.843613
-0.863470
-0.881611
-0.899155
-0.916912
-0.934298
-0.952425
-0.970716
-0.988594
-1.006450
-1.028234
-1.051636
-1.074844
-1.099144
-1.122346
-1.145572
-1.169974
-1.194771
-1.218148
-1.241230
-1.264793
-1.288271
-1.312820
-1.337836
-1.362723
-1.387886
-1.411024
-1.433416
-1.456181
-1.478541
-1.501613
-1.524839
-1.547617
-1.570352
-1.594326
-1.618758
-1.643089
-1.667722
-1.691880
-1.715967
-1.740388
-1.764866
-1.791933
-1.820165
-1.848348
-1.877330
-1.905840
-1.934517
-1.964042
-1.993955
-2.022910
-2.051729
-2.080999
-2.110296
-2.140447
-2.171021
-2.201590
-2.232445
-2.262475
-2.292286
-2.322430
-2.352525
-2.383089
-2.413864
-2.444572
-2.475401
-2.507002
-2.538981
-2.571050
-2.603417
-2.635689
-2.668070
-2.700764
-2.733631
-2.765092
-2.796069
-2.827289
-2.858237
-2.889784
-2.921484
-2.952879
-2.984278
-3.016416
-3.048838
-3.081231
-3.113823
-3.146148
-3.178451
-3.210970
-3.243543
-3.277079
-3.311071
-3.345080
-3.379411
-3.413625
-3.447941
-3.482597
-3.517434
-3.551943
-3.586434
-3.621128
-3.655866
-3.690954
-3.726234
-3.761545
-3.796996
-3.823712
-3.846781
-3.870372
-3.891550
-3.914988
-3.938312
-3.959046
-3.978864
-4.002191
-4.026309
-4.049307
-4.072570
-4.093338
-4.113050
-4.133136
-4.152621
-4.175998
-4.200790
-4.224795
-4.249540
-4.272890
-4.295909
-4.319748
-4.343634
-4.365005
-4.385415
-4.405987
-4.425912
-4.446738
-4.467661
-4.487876
-4.507931
-4.532411
-4.558625
-4.584476
-4.611454
-4.636995
-4.662413
-4.689057
-4.716012
-4.741204
-4.765920
-4.791046
-4.815935
-4.841916
-4.868294
-4.894385
-4.920655
-4.944367
-4.967044
-4.990015
-5.012355
-5.035397
-5.058474
-5.080870
-5.103067
-5.126581
-5.150490
-5.174130
-5.197981
-5.221120
-5.244026
-5.267178
-5.290250
-5.317545
-5.346626
-5.375444
-5.405434
-5.434400
-5.463450
-5.493756
-5.524528
-5.553524
-5.582115
-5.611275
-5.640299
-5.670571
-5.701370
-5.731979
-5.762887
-5.792104
-5.820721
-5.849719
-5.878419
-5.907752
-5.937256
-5.966426
-5.995602
-6.025937
-6.056733
-6.087482
-6.118549
-6.149240
-6.179915
-6.210935
-6.242054
-6.270745
-6.298485
-6.326436
-6.353774
-6.381899
-6.410094
-6.437622
-6.464983
-6.493340
-6.521973
-6.550384
-6.578935
-6.606885
-6.634622
-6.662528
-6.690343
-6.719537
-6.749292
-6.778895
-6.808842
-6.838419
-6.867985
-6.897921
-6.927970
-6.957314
-6.986450
-7.015736
-7.044915
-7.074482
-7.104181
-7.133752
-7.163371
-7.180712
-7.192836
-7.205540
-7.214745
-7.226934
-7.238816
-7.246953
-7.253667
-7.265117
-7.277519
-7.288216
-7.299133
-7.306436
-7.312123
-7.318182
-7.323259
-7.333577
-7.345704
-7.356593
-7.368356
-7.378038
-7.387112
-7.397173
-7.407149
-7.413489
-7.418346
-7.423280
-7.427167
-7.432153
-7.437123
-7.440963
-7.444431
-7.453925
-7.465688
-7.476799
-7.489332
-7.499714
-7.509777
-7.521403
-7.533315
-7.542617
-7.551108
-7.560022
-7.568459
-7.578270
-7.588488
-7.598157
-7.607928
-7.613986
-7.618454
-7.623184
-7.626886
-7.631420
-7.635853
-7.639190
-7.642101
-7.646701
-7.651704
-7.656185
-7.660812
-7.664297
-7.667311
-7.670520
-7.673470
-7.682087
-7.693016
-7.703434
-7.715318
-7.725642
-7.735936
-7.747810
-7.760178
-7.769948
-7.779013
-7.788712
-7.798075
-7.809008
-7.820520
-7.831621
-7.842984
-7.851874
-7.859790
-7.868082
-7.875815
-7.884272
-7.892814
-7.900750
-7.908545
-7.917788
-7.927516
-7.937030
-7.946835
-7.955973
-7.964940
-7.974235
-7.983519
-7.989302
-7.993625
-7.998091
-8.001561
-8.005969
-8.010325
-8.013611
-8.016518
-8.020652
-8.025017
-8.028928
-8.032882
-8.035860
-8.038394
-8.041013
-8.043357
-8.047455
-8.052179
-8.056543
-8.061233
-8.065265
-8.069131
-8.073361
-8.077597
-8.080712
-8.083391
-8.086129
-8.088569
-8.091397
-8.094258
-8.096793
-8.099247
-8.107930
-8.119190
-8.130094
-8.142714
-8.153649
-8.164632
-8.177462
-8.190921
-8.201975
-8.212496
-8.223788
-8.234902
-8.247750
-8.261335
-8.274667
-8.288422
-8.299183
-8.308841
-8.319063
-8.328691
-8.339366
-8.350267
-8.360513
-8.370697
-8.382743
-8.395483
-8.408074
-8.421123
-8.433465
-8.445705
-8.458450
-8.471286
-8.481310
-8.490235
-8.499380
-8.507805
-8.517151
-8.526575
-8.535216
-8.543658
-8.553192
-8.563015
-8.572579
-8.582284
-8.591300
-8.600061
-8.608996
-8.617813
-8.628289
-8.639434
-8.650387
-8.661746
-8.672644
-8.683516
-8.694828
-8.706266
-8.716849
-8.727174
-8.737669
-8.748026
-8.758841
-8.769805
-8.780606
-8.791457
-8.798648
-8.804289
-8.810137
-8.814958
-8.820664
-8.826288
-8.830813
-8.834925
-8.840533
-8.846466
-8.851900
-8.857432
-8.861882
-8.865865
-8.869993
-8.873849
-8.879195
-8.885063
-8.890586
-8.896366
-8.901571
-8.906616
-8.911948
-8.917265
-8.921552
-8.925423
-8.929326
-8.932940
-8.936876
-8.940818
-8.944446
-8.947978
-8.953513
-8.959823
-8.965943
-8.972558
-8.978501
-8.984370
-8.990778
-8.997310
-9.003002
-9.008452
-9.014071
-9.019558
-9.025529
-9.031661
-9.037638
-9.043676
-9.048545
-9.052928
-9.057424
-9.061616
-9.066102
-9.070584
-9.074740
-9.078785
-9.083405
-9.088183
-9.092820
-9.097532
-9.101904
-9.106150
-9.110487
-9.114769
-9.114549
-9.112397
-9.110382
-9.107043
-9.104771
-9.102347
-9.098508
-9.094108
-9.091296
-9.088745
-9.085535
-9.082335
-9.077797
-9.072624
-9.067514
-9.061991
-9.058446
-9.055555
-9.052152
-9.049048
-9.045095
-9.040868
-9.036981
-9.033021
-9.027640
-9.021656
-9.015660
-9.009225
-9.003169
-8.997067
-8.990495
-8.983742
-8.978880
-8.974687
-8.970221
-8.966153
-8.961315
-8.956306
-8.951739
-8.947200
-8.941764
-8.936006
-8.930319
-8.924415
-8.918888
-8.913427
-8.907726
-8.901995
-8.894968
-8.887350
-8.879753
-8.871752
-8.863964
-8.856079
-8.847766
-8.839248
-8.831223
-8.823267
-8.815075
-8.806866
-8.798215
-8.789343
-8.780472
-8.771451
-8.764843
-8.759193
-8.753282
-8.747965
-8.741922
-8.735820
-8.730362
-8.725074
-8.718634
-8.711853
-8.705302
-8.698566
-8.692464
-8.686568
-8.680457
-8.674418
-8.667235
-8.659577
-8.652041
-8.644213
-8.636665
-8.629112
-8.621246
-8.613275
-8.605899
-8.598695
-8.591352
-8.584094
-8.576498
-8.568783
-8.561168
-8.553505
-8.544336
-8.534514
-8.524707
-8.514441
-8.504525
-8.494545
-8.484074
-8.473402
-8.463197
-8.453044
-8.442658
-8.432247
-8.421385
-8.410295
-8.399196
-8.387939
-8.377377
-8.367036
-8.356501
-8.346060
-8.335299
-8.324426
-8.313663
-8.302860
-8.291543
-8.280000
-8.268439
-8.256711
-8.245102
-8.233465
-8.221648
-8.209754
-8.199525
-8.189950
-8.180221
-8.170910
-8.161068
-8.151180
-8.141746
-8.132426
-8.122396
-8.112165
-8.102088
-8.091907
-8.082143
-8.072525
-8.062782
-8.053098
-8.042507
-8.031545
-8.020682
-8.009591
-7.998739
-7.987891
-7.976799
-7.965630
-7.954926
-7.944359
-7.933690
-7.923091
-7.912233
-7.901287
-7.890424
-7.879528
-7.867835
-7.855796
-7.843758
-7.831474
-7.819376
-7.807242
-7.794845
-7.782339
-7.770061
-7.757801
-7.745416
-7.733010
-7.720367
-7.707601
-7.694823
-7.681956
-7.669474
-7.657113
-7.644644
-7.632226
-7.619628
-7.606967
-7.594366
-7.581741
-7.568833
-7.555799
-7.542754
-7.529615
-7.516541
-7.503450
-7.490259
-7.477024
-7.462651
-7.447762
-7.432877
-7.417630
-7.402589
-7.387465
-7.371960
-7.356275
-7.340971
-7.325706
-7.310235
-7.294736
-7.278860
-7.262788
-7.246701
-7.230476
-7.214637
-7.198897
-7.182996
-7.167115
-7.151005
-7.134791
-7.118604
-7.102356
-7.085744
-7.068951
-7.052111
-7.035127
-7.018182
-7.001181
-6.984030
-6.966792
-6.950082
-6.933540
-6.916884
-6.900316
-6.883492
-6.866590
-6.849787
-6.832961
-6.815834
-6.798578
-6.781313
-6.763952
-6.746674
-6.729385
-6.711994
-6.694562
-6.676730
-6.658698
-6.640642
-6.622438
-6.604263
-6.586028
-6.567641
-6.549163
-6.530795
-6.512415
-6.493937
-6.475422
-6.456750
-6.437983
-6.419185
-6.400313
-6.382549
-6.365218
-6.347763
-6.330575
-6.313039
-6.295467
-6.278185
-6.260974
-6.243232
-6.225329
-6.207524
-6.189628
-6.172014
-6.154488
-6.136857
-6.119252
-6.101095
-6.082705
-6.064364
-6.045877
-6.027517
-6.009148
-5.990621
-5.972038
-5.953728
-5.935492
-5.917183
-5.898907
-5.880462
-5.861954
-5.843485
-5.824986
-5.805813
-5.786344
-5.766872
-5.747189
-5.727652
-5.708078
-5.688280
-5.668383
-5.648682
-5.628995
-5.609196
-5.589377
-5.569351
-5.549215
-5.529067
-5.508840
-5.488913
-5.469077
-5.449146
-5.429249
-5.409200
-5.389094
-5.369028
-5.348935
-5.328606
-5.308169
-5.287715
-5.267177
-5.246685
-5.226172
-5.205570
-5.184926
-5.163724
-5.142254
-5.120764
-5.099081
-5.077466
-5.055788
-5.033907
-5.011917
-4.990090
-4.968258
-4.946305
-4.924316
-4.902125
-4.879817
-4.857480
-4.835054
-4.812773
-4.790510
-4.768149
-4.745770
-4.723263
-4.700683
-4.678089
-4.655442
-4.632604
-4.609658
-4.586665
-4.563581
-4.540488
-4.517344
-4.494106
-4.470803
-4.447745
-4.424751
-4.401678
-4.378627
-4.355428
-4.332168
-4.308936
-4.285673
-4.262234
-4.238709
-4.215158
-4.191537
-4.167938
-4.144312
-4.120612
-4.096871
-4.072909
-4.048826
-4.024709
-4.000497
-3.976278
-3.952007
-3.927638
-3.903203
-3.878802
-3.854373
-3.829873
-3.805334
-3.780695
-3.755987
-3.731241
-3.706438
-3.680829
-3.654847
-3.628838
-3.602558
-3.576407
-3.550181
-3.523667
-3.497011
-3.470572
-3.444128
-3.417523
-3.390871
-3.363945
-3.336863
-3.309742
-3.282502
-3.255543
-3.228643
-3.201608
-3.174573
-3.147347
-3.120025
-3.092710
-3.065334
-3.037670
-3.009856
-2.981990
-2.954001
-2.926026
-2.897993
-2.869832
-2.841591
-2.813621
-2.785716
-2.757715
-2.729733
-2.701571
-2.673330
-2.645116
-2.616857
-2.588396
-2.559832
-2.531230
-2.502542
-2.473870
-2.445159
-2.416358
-2.387503
-2.358379
-2.329107
-2.299788
-2.270352
-2.240903
-2.211388
-2.181751
-2.152031
-2.122345
-2.092621
-2.062808
-2.032943
-2.002954
-1.972878
-1.942753
-1.912554
-1.882704
-1.852962
-1.823128
-1.793341
-1.763386
-1.733370
-1.703412
-1.673431
-1.643211
-1.612884
-1.582545
-1.552127
-1.521763
-1.491383
-1.460918
-1.430416
-1.399674
-1.368805
-1.337906
-1.306909
-1.275909
-1.244858
-1.213705
-1.182486
-1.151315
-1.120122
-1.088857
-1.057556
-1.026150
-0.994674
-0.963165
-0.931598
-0.899732
-0.867708
-0.835636
-0.803439
-0.771251
-0.739001
-0.706621
-0.674158
-0.641722
-0.609245
-0.576680
-0.544061
-0.511318
-0.478487
-0.445605
-0.412647
-0.379754
-0.346848
-0.313860
-0.280838
-0.247714
-0.214521
-0.181297
-0.148016
-0.114600
-0.081097
-0.047542
-0.013909
0.019754
0.053472
0.087269
0.121128
