0.139282
0.162251
0.185561
0.206992
0.230128
0.253144
0.274143
0.294409
0.317253
0.340637
0.363134
0.385780
0.406502
0.426382
0.446491
0.466100
0.488719
0.512409
0.535453
0.559042
0.581499
0.603662
0.626433
0.649205
0.669986
0.689985
0.710076
0.729628
0.749847
0.770107
0.789783
0.809299
0.831978
0.855865
0.879448
0.903801
0.927062
0.950186
0.974154
0.998301
1.021134
1.043581
1.066277
1.088759
1.111983
1.135449
1.158663
1.181962
1.203342
1.223920
1.244666
1.264904
1.285611
1.306298
1.326441
1.346391
1.367258
1.388368
1.409235
1.430210
1.450619
1.470811
1.491136
1.511358
1.535036
1.560151
1.585010
1.610799
1.635692
1.660612
1.686531
1.712794
1.737556
1.761945
1.786762
1.811428
1.837082
1.863132
1.888985
1.915045
1.939643
1.963695
1.988022
2.012055
2.036579
2.061202
2.085502
2.109763
2.134952
2.160483
2.185931
2.211603
2.236915
2.262172
2.287674
2.313217
2.336741
2.359452
2.382293
2.404595
2.427499
2.450419
2.472756
2.494916
2.517845
2.540957
2.563849
2.586813
2.609249
2.631471
2.653790
2.675994
2.699283
2.722991
2.746534
2.770317
2.793758
2.817149
2.840802
2.864508
2.887597
2.910476
2.933438
2.956271
2.979381
3.002558
3.025591
3.048623
3.074849
3.102420
3.129851
3.158190
3.185710
3.213292
3.241849
3.270763
3.298505
3.326018
3.353958
3.381850
3.410656
3.439874
3.469005
3.498388
3.526281
3.553648
3.581341
3.608768
3.636768
3.664922
3.692779
3.720643
3.749493
3.778735
3.807939
3.837415
3.866567
3.895706
3.925139
3.954657
3.982812
4.010459
4.038254
4.065729
4.093704
4.121757
4.149459
4.177101
4.205325
4.233733
4.262050
4.290476
4.318599
4.346634
4.374795
4.402936
4.431946
4.461331
4.490658
4.520229
4.549607
4.579012
4.608677
4.638444
4.667822
4.697111
4.726525
4.755908
4.785560
4.815326
4.845050
4.874838
4.902770
4.929938
4.957252
4.984073
5.011392
5.038707
5.065492
5.092103
5.119525
5.147154
5.174563
5.202062
5.229040
5.255815
5.282703
5.309490
5.337089
5.364998
5.392768
5.420709
5.448392
5.476030
5.503856
5.531714
5.559075
5.586261
5.613502
5.640632
5.667968
5.695347
5.722601
5.749845
5.778160
5.806914
5.835609
5.864597
5.893278
5.921959
5.950957
5.980057
6.008763
6.037383
6.066129
6.094846
6.123850
6.152977
6.182062
6.211218
6.239809
6.268187
6.296663
6.325020
6.353569
6.382153
6.410608
6.439045
6.467816
6.496708
6.525566
6.554502
6.583300
6.612072
6.640931
6.669799
6.689691
6.705779
6.722265
6.736186
6.752319
6.768234
6.781402
6.793533
6.809044
6.825216
6.840148
6.855219
6.867667
6.878932
6.890446
6.901233
6.915970
6.932073
6.947256
6.963106
6.977389
6.991221
7.005804
7.020329
7.032144
7.042856
7.053632
7.063632
7.074461
7.085285
7.095271
7.104985
7.118863
7.134298
7.149265
7.165204
7.179624
7.193805
7.209053
7.224482
7.238097
7.251138
7.264453
7.277423
7.291326
7.305492
7.319264
7.333091
7.344298
7.354376
7.364619
7.374126
7.384201
7.394189
7.403392
7.412281
7.422334
7.432653
7.442589
7.452610
7.461817
7.470676
7.479655
7.488436
7.501752
7.516917
7.531683
7.547626
7.562320
7.576990
7.592930
7.609266
7.623548
7.637276
7.651514
7.665491
7.680723
7.696421
7.711799
7.727393
7.740986
7.753794
7.766908
7.779574
7.792831
7.806161
7.819004
7.831736
7.845641
7.859941
7.874073
7.888442
7.902276
7.915976
7.929943
7.943904
7.955124
7.965202
7.975395
7.984811
7.994968
8.005088
8.014374
8.023365
8.033320
8.043459
8.053245
8.063070
8.072133
8.080852
8.089640
8.098217
8.108178
8.118636
8.128815
8.139255
8.149181
8.158981
8.169071
8.179171
8.188392
8.197276
8.206210
8.214913
8.223927
8.232969
8.241761
8.250492
8.263447
8.278144
8.292594
8.308204
8.322656
8.337133
8.352858
8.369002
8.383515
8.397662
8.412324
8.426862
8.442566
8.458763
8.474784
8.491084
8.505329
8.518811
8.532670
8.546115
8.560268
8.574568
8.588412
8.602205
8.617262
8.632785
8.648198
8.663915
8.679142
8.694290
8.709775
8.725314
8.738966
8.751876
8.764927
8.777490
8.790663
8.803882
8.816572
8.829122
8.842394
8.855853
8.869132
8.882498
8.895398
8.908121
8.920954
8.933700
8.947555
8.961852
8.976013
8.990441
9.004553
9.018641
9.033019
9.047474
9.061350
9.075046
9.088850
9.102555
9.116562
9.130661
9.144646
9.158657
9.170125
9.180511
9.191034
9.200838
9.211249
9.221597
9.231176
9.240462
9.250776
9.261308
9.271487
9.281728
9.291211
9.300364
9.309610
9.318661
9.328740
9.339176
9.349366
9.359727
9.369683
9.379520
9.389549
9.399563
9.408853
9.417849
9.426860
9.435663
9.444684
9.453702
9.462495
9.471215
9.481311
9.491935
9.502422
9.513242
9.523592
9.533883
9.544539
9.555274
9.565422
9.575396
9.585479
9.595464
9.605776
9.616192
9.626495
9.636832
9.646354
9.655534
9.664784
9.673817
9.683047
9.692266
9.701252
9.710156
9.719449
9.728845
9.738136
9.747471
9.756564
9.765564
9.774619
9.783629
9.784075
9.780863
9.777973
9.772598
9.769275
9.765693
9.759454
9.752181
9.748050
9.744489
9.739701
9.734992
9.727745
9.719326
9.711087
9.702107
9.696838
9.692821
9.687877
9.683518
9.677616
9.671233
9.665515
9.659692
9.651238
9.641687
9.632144
9.621813
9.612220
9.602573
9.592077
9.581272
9.574331
9.568798
9.562773
9.557608
9.550960
9.544031
9.538053
9.532190
9.524570
9.516357
9.508347
9.499960
9.492395
9.485024
9.477228
9.469430
9.459110
9.447672
9.436337
9.424253
9.412651
9.400914
9.388383
9.375502
9.363664
9.352021
9.339966
9.327936
9.315084
9.301852
9.288679
9.275265
9.266158
9.258776
9.250961
9.244226
9.236238
9.228177
9.221285
9.214723
9.206138
9.196972
9.188244
9.179216
9.171342
9.163864
9.156030
9.148351
9.138695
9.128234
9.118016
9.107315
9.097133
9.086971
9.076289
9.065449
9.055686
9.046253
9.036607
9.027139
9.017104
9.006889
8.996881
8.986817
8.974074
8.960187
8.946358
8.931735
8.917771
8.903720
8.888819
8.873585
8.859224
8.844987
8.830362
8.815723
8.800303
8.784503
8.768718
8.752680
8.737917
8.723581
8.708927
8.694472
8.679473
8.664302
8.649359
8.634374
8.618497
8.602245
8.585990
8.569464
8.553184
8.536881
8.520287
8.503584
8.490731
8.479435
8.467858
8.457298
8.445615
8.433900
8.423286
8.413005
8.401166
8.388935
8.377127
8.365151
8.354199
8.343648
8.332883
8.322322
8.309803
8.296525
8.283542
8.270120
8.257302
8.244566
8.231354
8.218041
8.205844
8.194025
8.182050
8.170304
8.158048
8.145667
8.133544
8.121417
8.107500
8.092847
8.078269
8.063190
8.048619
8.034038
8.018915
8.003610
7.988917
7.974341
7.959547
7.944779
7.929530
7.914064
7.898645
7.883095
7.868511
7.854281
7.839874
7.825659
7.811099
7.796464
7.782042
7.767638
7.752647
7.737438
7.722275
7.706967
7.691884
7.676833
7.661623
7.646384
7.628728
7.610013
7.591371
7.572008
7.553157
7.534193
7.514461
7.494403
7.475247
7.456240
7.436852
7.417467
7.397326
7.376824
7.356354
7.335650
7.315849
7.296327
7.276522
7.256823
7.236693
7.216400
7.196233
7.175997
7.155036
7.133747
7.112419
7.090845
7.069420
7.047938
7.026195
7.004329
6.983688
6.963484
6.943098
6.922970
6.902350
6.881623
6.861181
6.840758
6.819738
6.798502
6.777314
6.755982
6.734900
6.713861
6.692663
6.671444
6.649414
6.627013
6.604624
6.581980
6.559465
6.536886
6.514039
6.491061
6.468391
6.445762
6.422983
6.400192
6.377123
6.353913
6.330701
6.307394
6.288935
6.272494
6.255745
6.240324
6.223637
6.207000
6.191789
6.177076
6.160381
6.143227
6.126684
6.109976
6.094645
6.079889
6.064908
6.050245
6.033421
6.015804
5.998609
5.980992
5.964131
5.947438
5.930281
5.913084
5.897265
5.881965
5.866561
5.851503
5.835933
5.820297
5.805038
5.789856
5.772156
5.753461
5.734955
5.715797
5.697435
5.679125
5.660108
5.640898
5.622673
5.604701
5.586481
5.568380
5.549646
5.530672
5.511845
5.492901
5.475382
5.458432
5.441300
5.424508
5.407305
5.390066
5.373196
5.356422
5.338890
5.321119
5.303484
5.285714
5.268330
5.251062
5.233639
5.216245
5.196552
5.175877
5.155331
5.134135
5.113478
5.092760
5.071348
5.049669
5.028940
5.008415
4.987568
4.966780
4.945301
4.923523
4.901833
4.879967
4.858996
4.838334
4.817451
4.796714
4.775621
4.754421
4.733385
4.712332
4.690638
4.668681
4.646734
4.624600
4.602654
4.580702
4.558548
4.536326
4.515412
4.495001
4.474461
4.454240
4.433576
4.412860
4.392493
4.372202
4.351354
4.330341
4.309435
4.288438
4.267753
4.247171
4.226482
4.205828
4.184409
4.162671
4.141001
4.119130
4.097445
4.075753
4.053844
4.031859
4.010244
3.988727
3.967114
3.945546
3.923751
3.901871
3.880045
3.858179
3.833446
3.807480
3.781596
3.754865
3.728808
3.702649
3.675585
3.648161
3.621739
3.595479
3.568794
3.542111
3.514572
3.486625
3.458712
3.430533
3.403606
3.377092
3.350247
3.323587
3.296382
3.268997
3.241825
3.214601
3.186468
3.157947
3.129413
3.100595
3.072013
3.043397
3.014478
2.985438
2.957593
2.930167
2.902563
2.875207
2.847356
2.819392
2.791703
2.764027
2.735776
2.707317
2.678896
2.650333
2.622004
2.593711
2.565262
2.536788
2.507486
2.477804
2.448130
2.418194
2.388388
2.358516
2.328367
2.298082
2.268106
2.238168
2.208074
2.177965
2.147571
2.117031
2.086486
2.055841
2.026729
1.998223
1.969546
1.941243
1.912472
1.883659
1.855252
1.826948
1.797905
1.768640
1.739516
1.710271
1.681424
1.652704
1.623842
1.595021
1.565466
1.535603
1.505813
1.475832
1.446025
1.416210
1.386190
1.356099
1.326382
1.296770
1.267065
1.237409
1.207533
1.177576
1.147678
1.117745
1.086847
1.055528
1.024214
0.992603
0.961210
0.929771
0.898015
0.866126
0.834530
0.802961
0.771240
0.739498
0.707463
0.675279
0.643084
0.610784
0.578921
0.547195
0.515340
0.483540
0.451531
0.419447
0.387427
0.355377
0.322995
0.290465
0.257917
0.225259
0.192672
0.160061
0.127332
0.094548
0.060837
0.026692
-0.007469
-0.041939
-0.076270
-0.110689
-0.145432
-0.180341
-0.214959
-0.249566
-0.284357
-0.319192
-0.354350
-0.389685
-0.425052
-0.460550
-0.495773
-0.530944
-0.566263
-0.601591
-0.637119
-0.672750
-0.708385
-0.744090
-0.780101
-0.816276
-0.852512
-0.888882
-0.925246
-0.961676
-0.998247
-1.034908
-1.071147
-1.107264
-1.143494
-1.179669
-1.216075
-1.252564
-1.288989
-1.325450
-1.362182
-1.399041
-1.435925
-1.472907
-1.509838
-1.546796
-1.583859
-1.620972
-1.658436
-1.696084
-1.733770
-1.771597
-1.809419
-1.847308
-1.885343
-1.923471
-1.961527
-1.999610
-2.037794
-2.076026
-2.114407
-2.152885
-2.191407
-2.230009
-2.268377
-2.306688
-2.345091
-2.383483
-2.422021
-2.460624
-2.499209
-2.537833
-2.576663
-2.615598
-2.654563
-2.693613
-2.732643
-2.771708
-2.810860
-2.850064
-2.889457
-2.928963
-2.968515
-3.008160
-3.047834
-3.087569
-3.127399
-3.167301
-3.207194
-3.247128
-3.287137
-3.327197
-3.367355
-3.407587
-3.447867
-3.488212
-3.528820
-3.569576
-3.610389
-3.651323
-3.692269
-3.733284
-3.774424
-3.815650
-3.856871
-3.898144
-3.939507
-3.980933
-4.022479
-4.064116
-4.105812
-4.147589
-4.189333
-4.231106
-4.272965
-4.314871
-4.356879
-4.398961
-4.441088
-4.483279
-4.525599
-4.568008
-4.610478
-4.653031
-4.695626
-4.738285
-4.781028
-4.823840
-4.866055
-4.908059
-4.950161
-4.992142
-5.034358
-5.076629
-5.118765
-5.160894
-5.203341
-5.245905
-5.288448
-5.331070
-5.373568
-5.416048
-5.458615
-5.501198
-5.544149
-5.587273
-5.630398
-5.673644
-5.716841
-5.760075
-5.803435
-5.846861
-5.890154
-5.933434
-5.976789
-6.020156
-6.063656
-6.107225
-6.150801
-6.194428
-6.238424
-6.282601
-6.326814
-6.371167
-6.415479
-6.459842
-6.504352
-6.548944
-6.593475
-6.638034
-6.682682
-6.727375
-6.772204
-6.817121
-6.862079
-6.907110
-6.952020
-6.996918
-7.041897
-7.086891
-7.131997
-7.177165
-7.222345
-7.267572
-7.312953
-7.358422
-7.403933
-7.449519
-7.495115
-7.540755
-7.586474
-7.632247
-7.678442
-7.724850
-7.771298
-7.817907
-7.864489
-7.911139
-7.957958
-8.004877
-8.051708
-8.098566
-8.145534
-8.192552
-8.239737
-8.287028
-8.334365
-8.381788
-8.429126
-8.476472
-8.523912
-8.571387
-8.618978
-8.666646
-8.714345
-8.762105
-8.810027
-8.858050
-8.906130
-8.954299
-9.002495
-9.050752
-9.099099
-9.147516
-9.195792
-9.244050
-9.292387
-9.340735
-9.389209
-9.437751
-9.486299
-9.534894
-9.583634
-9.632457
-9.681324
-9.730263
-9.779214
-9.828209
-9.877278
-9.926402
-9.975703
-10.025111
-10.074569
-10.124116
-10.173694
-10.223333
-10.273064
-10.322865
-10.372669
-10.422518
-10.472440
-10.522414
-10.572483
-10.622623
-10.672815
-10.723072
-10.751609
-10.770941
-10.791277
-10.805428
-10.824922
-10.843897
-10.856246
-10.866099
-10.884233
-10.904018
-10.920810
-10.937978
-10.948791
-10.956759
-10.965368
-10.972243
-10.988585
-11.008210
-11.025637
-11.044670
-11.059970
-11.074201
-11.090238
-11.106147
-11.115560
-11.122339
-11.129281
-11.134370
-11.141459
-11.148548
-11.153634
-11.158080
-11.172860
-11.191525
-11.209066
-11.229044
-11.245309
-11.261016
-11.279397
-11.298261
-11.312658
-11.325663
-11.339383
-11.352281
-11.367524
-11.383455
-11.398440
-11.413594
-11.422330
-11.428315
-11.434743
-11.439390
-11.445468
-11.451366
-11.455363
-11.458619
-11.464780
-11.471629
-11.477570
-11.483754
-11.487962
-11.491349
-11.495065
-11.498327
-11.512208
-11.530429
-11.547725
-11.567786
-11.584944
-11.602064
-11.622163
-11.643206
-11.659441
-11.674388
-11.690542
-11.706097
-11.724603
-11.744212
-11.763083
-11.782470
-11.797214
-11.810146
-11.823806
-11.836435
-11.850453
-11.864655
-11.877735
-11.890572
-11.906155
-11.922672
-11.938810
-11.955516
-11.970988
-11.986162
-12.001973
-12.017785
-12.027150
-12.033841
-12.040815
-12.045974
-12.052889
-12.059731
-12.064619
-12.068829
-12.075324
-12.082267
-12.088392
-12.094621
-12.099068
-12.102719
-12.106548
-12.109890
-12.116503
-12.124298
-12.131450
-12.139229
-12.145811
-12.152110
-12.159104
-12.166135
-12.171111
-12.175305
-12.179631
-12.183428
-12.187967
-12.192588
-12.196631
-12.200544
-12.215400
-12.234790
-12.253570
-12.275374
-12.294229
-12.313182
-12.335387
-12.358709
-12.377832
-12.396035
-12.415602
-12.434874
-12.457197
-12.480823
-12.504024
-12.527977
-12.546677
-12.563450
-12.581225
-12.597966
-12.616562
-12.635568
-12.653433
-12.671202
-12.692256
-12.714541
-12.736576
-12.759429
-12.781050
-12.802504
-12.824856
-12.847381
-12.865012
-12.880738
-12.896861
-12.911741
-12.928243
-12.944894
-12.960192
-12.975157
-12.992040
-13.009440
-13.026400
-13.043619
-13.059651
-13.075253
-13.091169
-13.106892
-13.125529
-13.145349
-13.164845
-13.185066
-13.204494
-13.223889
-13.244067
-13.264479
-13.283410
-13.301904
-13.320710
-13.339287
-13.358679
-13.378343
-13.397737
-13.417231
-13.430272
-13.440585
-13.451277
-13.460169
-13.470637
-13.480973
-13.489380
-13.497072
-13.507416
-13.518350
-13.528413
-13.538663
-13.547014
-13.554553
-13.562360
-13.569699
-13.579687
-13.590613
-13.600941
-13.611736
-13.621529
-13.631051
-13.641093
-13.651124
-13.659344
-13.666843
-13.674412
-13.681482
-13.689137
-13.696814
-13.703949
-13.710927
-13.721454
-13.733360
-13.744945
-13.757416
-13.768714
-13.779893
-13.792037
-13.804412
-13.815318
-13.825810
-13.836611
-13.847195
-13.858643
-13.870390
-13.881876
-13.893483
-13.903037
-13.911748
-13.920670
-13.929069
-13.938000
-13.946936
-13.955309
-13.963500
-13.972718
-13.982228
-13.991502
-14.000921
-14.009751
-14.018374
-14.027170
-14.035880
-14.038964
-14.039632
-14.040455
-14.039617
-14.040115
-14.040418
-14.038946
-14.036767
-14.036533
-14.036607
-14.035853
-14.035097
-14.032671
-14.029444
-14.026282
-14.022594
-14.021412
-14.021057
-14.020051
-14.019421
-14.017709
-14.015644
-14.014010
-14.012278
-14.008746
-14.004448
-14.000131
-13.995256
-13.990857
-13.986397
-13.981338
-13.976047
-13.973020
-13.970784
-13.968205
-13.966090
-13.963027
-13.959741
-13.956974
-13.954224
-13.950383
-13.946140
-13.941965
-13.937515
-13.933501
-13.929552
-13.925299
-13.920994
-13.915100
-13.908473
-13.901857
-13.894735
-13.887857
-13.880847
-13.873302
-13.865493
-13.858268
-13.851111
-13.843652
-13.836157
-13.828112
-13.819784
-13.811441
-13.802900
-13.797512
-13.793372
-13.788891
-13.785184
-13.780522
-13.775780
-13.771878
-13.768194
-13.763009
-13.757377
-13.752042
-13.746465
-13.741711
-13.737226
-13.732457
-13.727780
-13.721597
-13.714787
-13.708134
-13.701096
-13.694424
-13.687743
-13.680649
-13.673412
-13.666956
-13.660722
-13.654304
-13.647995
-13.641239
-13.634324
-13.627539
-13.620687
-13.611881
-13.602225
-13.592586
-13.582348
-13.572562
-13.562689
-13.552178
-13.541402
-13.531227
-13.521117
-13.510702
-13.500250
-13.489212
-13.477875
-13.466523
-13.454963
-13.444303
-13.433925
-13.423293
-13.412781
-13.401851
-13.390771
-13.379832
-13.368838
-13.357174
-13.345214
-13.333228
-13.321021
-13.308968
-13.296873
-13.284543
-13.272110
-13.261482
-13.251550
-13.241430
-13.231749
-13.221461
-13.211101
-13.201219
-13.191442
-13.180872
-13.170065
-13.159404
-13.148611
-13.138252
-13.128032
-13.117658
-13.107328
-13.095970
-13.084178
-13.072477
-13.060502
-13.048772
-13.037028
-13.024990
-13.012847
-13.001199
-12.989681
-12.978031
-12.966437
-12.954535
-12.942516
-12.930567
-12.918560
-12.905683
-12.892417
-12.879129
-12.865556
-12.852162
-12.838708
-12.824952
-12.811059
-12.797384
-12.783707
-12.769875
-12.755999
-12.741850
-12.727547
-12.713209
-12.698756
-12.684694
-12.670740
-12.656649
-12.642593
-12.628322
-12.613961
-12.599644
-12.585281
-12.570592
-12.555748
-12.540871
-12.525872
-12.510921
-12.495930
-12.480811
-12.465625
-12.449129
-12.432030
-12.414917
-12.397376
-12.380050
-12.362614
-12.344726
-12.326616
-12.308920
-12.291248
-12.273326
-12.255352
-12.236934
-12.218276
-12.199581
-12.180712
-12.162266
-12.143913
-12.125361
-12.106813
-12.087987
-12.069023
-12.050074
-12.031037
-12.011569
-11.991878
-11.972114
-11.952170
-11.932252
-11.912253
-11.892065
-11.871761
-11.852033
-11.832476
-11.812772
-11.793148
-11.773218
-11.753179
-11.733234
-11.713246
-11.692898
-11.672387
-11.651847
-11.631181
-11.610589
-11.589966
-11.569209
-11.548388
-11.527096
-11.505561
-11.483979
-11.462212
-11.440459
-11.418620
-11.396590
-11.374440
-11.352395
-11.330318
-11.308111
-11.285844
-11.263381
-11.240793
-11.218151
-11.195407
-11.176953
-11.160270
-11.143295
-11.127481
-11.110515
-11.093570
-11.077875
-11.062599
-11.045553
-11.028084
-11.011136
-10.994023
-10.978111
-10.962688
-10.947047
-10.931669
-10.914329
-10.896253
-10.878533
-10.860413
-10.842950
-10.825618
-10.807845
-10.790015
-10.773398
-10.757224
-10.740935
-10.724933
-10.708451
-10.691886
-10.675639
-10.659437
-10.641017
-10.621709
-10.602545
-10.582792
-10.563716
-10.544666
-10.524978
-10.505103
-10.486065
-10.467227
-10.448155
-10.429165
-10.409603
-10.389812
-10.370129
-10.350324
-10.331749
-10.313652
-10.295376
-10.277379
-10.259001
-10.240573
-10.222447
-10.204387
-10.185643
-10.166670
-10.147796
-10.128785
-10.110093
-10.091482
-10.072715
-10.053955
-10.033061
-10.011245
-9.989526
-9.967190
-9.945330
-9.923395
-9.900802
-9.877943
-9.855934
-9.834092
-9.811934
-9.789810
-9.767031
-9.743957
-9.720944
-9.697748
-9.675361
-9.653238
-9.630893
-9.608663
-9.586083
-9.563386
-9.540820
-9.518219
-9.495007
-9.471532
-9.448047
-9.424370
-9.400847
-9.377298
-9.353544
-9.329707
-9.307043
-9.284818
-9.262454
-9.240362
-9.217845
-9.195259
-9.172971
-9.150733
-9.127966
-9.105028
-9.082168
-9.059204
-9.036504
-9.013877
-8.991133
-8.968400
-8.944948
-8.921183
-8.897461
-8.873534
-8.849757
-8.825953
-8.801930
-8.777818
-8.754023
-8.730297
-8.706463
-8.682649
-8.658608
-8.634468
-8.610358
-8.586191
-8.559576
-8.531897
-8.504264
-8.475893
-8.448070
-8.420138
-8.391419
-8.362372
-8.334148
-8.306038
-8.277546
-8.249032
-8.219773
-8.190146
-8.160526
-8.130657
-8.101828
-8.073327
-8.044524
-8.015855
-7.986703
-7.957375
-7.928206
-7.898970
-7.868942
-7.838562
-7.808150
-7.777475
-7.746977
-7.716429
-7.685601
-7.654649
-7.624677
-7.595035
-7.565219
-7.535588
-7.505518
-7.475330
-7.445350
-7.415357
-7.384859
-7.354162
-7.323475
-7.292645
-7.261988
-7.231339
-7.200535
-7.169687
-7.138120
-7.106209
-7.074283
-7.042113
-7.010029
-6.977866
-6.945447
-6.912892
-6.880572
-6.848261
-6.815796
-6.783295
-6.750531
-6.717621
-6.684685
-6.651640
-6.619883
-6.588619
-6.557189
-6.526055
-6.494500
-6.462887
-6.431598
-6.400375
-6.368500
-6.336413
-6.304426
-6.272312
-6.240516
-6.208807
-6.176954
-6.145114
-6.112625
-6.079851
-6.047118
-6.014199
-5.981406
-5.948586
-5.915568
-5.882466
-5.849663
-5.816927
-5.784090
-5.751273
-5.718245
-5.685127
-5.652037
-5.618894
-5.584908
-5.550541
-5.516156
-5.481496
-5.447000
-5.412442
-5.377593
-5.342607
-5.307849
-5.273093
-5.238184
-5.203235
-5.168016
-5.132646
-5.097246
-5.061733
-5.026572
-4.991504
-4.956305
-4.921131
-4.885756
-4.850295
-4.814867
-4.779392
-4.743611
-4.707682
-4.671716
-4.635633
-4.599590
-4.563504
-4.527295
-4.491017
-4.463693
-4.440134
-4.416116
-4.394617
-4.370845
-4.347237
-4.326329
-4.306407
-4.283029
-4.258927
-4.236017
-4.212908
-4.192378
-4.172980
-4.153274
-4.134241
-4.111201
-4.086737
-4.063140
-4.038821
-4.016014
-3.993603
-3.970387
-3.947173
-3.926619
-3.907114
-3.887490
-3.868589
-3.848802
-3.828965
-3.809913
-3.791077
-3.767982
-3.743260
-3.718951
-3.693605
-3.669732
-3.646044
-3.621221
-3.596158
-3.572870
-3.550104
-3.527004
-3.504195
-3.480387
-3.456256
-3.432465
-3.408562
-3.387241
-3.367003
-3.346540
-3.326762
-3.306355
-3.285977
-3.266334
-3.246950
-3.226334
-3.205394
-3.184781
-3.164026
-3.144035
-3.124336
-3.104460
-3.084725
-3.060423
-3.034225
-3.008369
-2.981288
-2.955394
-2.929467
-2.902223
-2.874528
-2.848824
-2.823616
-2.797846
-2.772280
-2.745410
-2.718021
-2.690895
-2.663500
-2.638039
-2.613301
-2.588204
-2.563498
-2.538148
-2.512671
-2.487623
-2.462629
-2.436415
-2.409752
-2.383201
-2.356359
-2.329994
-2.303707
-2.277099
-2.250441
-2.226461
-2.203563
-2.180496
-2.158148
-2.135006
-2.111846
-2.089462
-2.067317
-2.044155
-2.020755
-1.997651
-1.974453
-1.951960
-1.929754
-1.907424
-1.885249
-1.861640
-1.837480
-1.813543
-1.789291
-1.765496
-1.741771
-1.717702
-1.693568
-1.670254
-1.647222
-1.624084
-1.601120
-1.577793
-1.554381
-1.531164
-1.507952
-1.480372
-1.450957
-1.421736
-1.391276
-1.361938
-1.332518
-1.301768
-1.270532
-1.240905
-1.211596
-1.181703
-1.151881
-1.120811
-1.089180
-1.057672
-1.025822
-0.996010
-0.966918
-0.937385
-0.908217
-0.878269
-0.848114
-0.818368
-0.788616
-0.757517
-0.725886
-0.694311
-0.662366
-0.630866
-0.599388
-0.567510
-0.535519
-0.505402
-0.475987
-0.446372
-0.417198
-0.387343
-0.357384
-0.327911
-0.298523
-0.268338
-0.237906
-0.207601
-0.177149
-0.147118
-0.117210
-0.087134
-0.057088
-0.025852
0.005893
0.037557
0.069550
0.101278
0.133037
0.165150
0.197399
0.229112
0.260699
0.292453
0.324163
0.356238
0.388465
0.420632
0.452883
0.482604
0.511281
0.540155
0.568355
0.597229
0.626096
0.654238
0.682139
0.711143
0.740426
0.769407
0.798507
0.826895
0.855004
0.883264
0.911382
0.940604
0.970244
0.999692
1.029371
1.058694
1.087954
1.117467
1.147020
1.175895
1.204528
1.233233
1.261784
1.290613
1.319497
1.348208
1.376902
1.407054
1.437801
1.468464
1.499525
1.530163
1.560799
1.591864
1.623065
1.653727
1.684268
1.714977
1.745645
1.776701
1.807921
1.839082
1.870336
1.900817
1.931007
1.961326
1.991481
2.021893
2.052351
2.082630
2.112881
2.143586
2.174453
2.205270
2.236189
2.266919
2.297611
2.328416
2.359232
2.379222
2.394621
2.410499
2.423284
2.438738
2.453930
2.465808
2.476435
2.491135
2.506631
2.520630
2.534797
2.545800
2.555378
2.565253
2.574252
2.588022
2.603443
2.617754
2.632871
2.646096
2.658776
2.672364
2.685882
2.696127
2.705043
2.714035
2.722090
2.731147
2.740200
2.748240
2.755953
2.768676
2.783269
2.797300
2.812499
2.825871
2.838952
2.853317
2.867898
2.880297
2.892005
2.904042
2.915663
2.928405
2.941463
2.954046
2.966693
2.976187
2.984320
2.992651
3.000095
3.008222
3.016244
3.023320
3.030017
3.038114
3.046530
3.054485
3.062542
3.069617
3.076272
3.083072
3.089632
3.101686
3.115980
3.129791
3.145029
3.158752
3.172448
3.187682
3.203397
3.216625
3.229182
3.242357
3.255217
3.269597
3.284542
3.299100
3.313920
3.326314
3.337758
3.349574
3.360846
3.372836
3.384914
3.396402
3.407757
3.420532
3.433788
3.446839
3.460178
3.472869
3.485398
3.498251
3.511098
3.520626
3.528774
3.537061
3.544408
3.552651
3.560851
3.568041
3.574876
3.582876
3.591100
3.598898
3.606742
3.613664
3.620171
3.626762
3.633097
3.641108
3.649722
3.657998
3.666590
3.674561
3.682379
3.690549
3.698731
3.705850
3.712560
3.719332
3.725826
3.732695
3.739600
3.746201
3.752729
3.764312
3.777978
3.791349
3.806105
3.819477
3.832877
3.847769
3.863163
3.876604
3.889608
3.903227
3.916697
3.931561
3.947015
3.962257
3.977834
3.990948
4.003148
4.015799
4.027952
4.040953
4.054130
4.066759
4.079326
4.093407
4.108044
4.122548
4.137417
4.151696
4.165882
4.180469
4.195121
4.207516
4.219025
4.230701
4.241793
4.253614
4.265490
4.276732
4.287806
4.299743
4.311901
4.323845
4.335891
4.347381
4.358658
4.370065
4.381370
4.393997
4.407153
4.420147
4.433459
4.446392
4.459296
4.472545
4.485887
4.498535
4.510968
4.523530
4.535972
4.548774
4.561687
4.574462
4.587267
4.597024
4.605483
4.614105
4.621865
4.630352
4.638762
4.646250
4.653387
4.661755
4.670384
4.678589
4.686866
4.694236
4.701209
4.708292
4.715141
4.723223
4.731731
4.739944
4.748361
4.756292
4.764079
4.772098
4.780096
4.787226
4.794002
4.800797
4.807341
4.814146
4.820947
4.827478
4.833920
4.842011
4.850733
4.859290
4.868247
4.876639
4.884960
4.893718
4.902569
4.910716
4.918654
4.926722
4.934673
4.943014
4.951479
4.959807
4.968177
4.975569
4.982549
4.989614
4.996418
5.003456
5.010481
5.017227
5.023873
5.030985
5.038219
5.045327
5.052488
5.059358
5.066114
5.072937
5.079705
5.079892
5.077260
5.074854
5.070528
5.067765
5.064791
5.059763
5.053927
5.050468
5.047424
5.043426
5.039467
5.033553
5.026724
5.020014
5.012718
5.008279
5.004793
5.000579
4.996805
4.991822
4.986455
4.981589
4.976628
4.969624
4.961759
4.953888
4.945394
4.937458
4.929466
4.920806
4.911894
4.905878
4.900905
4.895542
4.890808
4.884935
4.878829
4.873422
4.868082
4.861399
4.854251
4.847237
4.839919
4.833200
4.826609
4.819679
4.812727
4.803847
4.794102
4.784415
4.774143
4.764216
4.754168
4.743500
4.732548
4.722365
4.712312
4.701926
4.691541
4.680515
4.669181
4.657873
4.646363
4.638225
4.631429
4.624281
4.617968
4.610656
4.603273
4.596796
4.590565
4.582734
4.574434
4.566466
4.558249
4.550925
4.543899
4.536580
4.529371
4.520590
4.511160
4.501910
4.492265
4.483016
4.473770
4.464101
4.454294
4.445323
4.436599
4.427693
4.418914
4.409676
4.400282
4.391039
4.381737
4.370328
4.358010
4.345725
4.332805
4.320386
4.307888
4.294710
4.281260
4.268477
4.255778
4.242763
4.229722
4.216058
4.202083
4.188107
4.173919
4.160716
4.147834
4.134689
4.121687
4.108246
4.094658
4.081233
4.067764
4.053582
4.039094
4.024590
4.009861
3.995311
3.980730
3.965908
3.950987
3.938850
3.927825
3.916576
3.906048
3.894680
3.883269
3.872638
3.862231
3.850671
3.838808
3.827232
3.815514
3.804521
3.793799
3.782902
3.772133
3.759913
3.747117
3.734516
3.721575
3.709054
3.696573
3.683724
3.670780
3.658632
3.646738
3.634711
3.622830
3.610557
3.598171
3.585953
3.573713
3.560159
3.546055
3.531985
3.517532
3.503426
3.489292
3.474748
3.460052
3.445776
3.431564
3.417174
3.402784
3.388025
3.373090
3.358169
3.343132
3.328774
3.314652
3.300381
3.286230
3.271808
3.257312
3.242950
3.228582
3.213768
3.198776
3.183798
3.168695
3.153734
3.138776
3.123682
3.108548
3.091615
3.073882
3.056183
3.037933
3.020041
3.002046
2.983466
2.964627
2.946431
2.928326
2.909920
2.891497
2.872497
2.853212
2.833931
2.814458
2.795632
2.776991
2.758123
2.739313
2.720167
2.700880
2.681667
2.662383
2.642546
2.622447
2.602301
2.581952
2.561695
2.541377
2.520846
2.500205
2.480445
2.460986
2.441374
2.421931
2.402107
2.382184
2.362452
2.342713
2.322516
2.302141
2.281781
2.261296
2.240974
2.220664
2.200218
2.179736
2.158639
2.137249
2.115847
2.094239
2.072706
2.051107
2.029289
2.007356
1.985630
1.963915
1.942070
1.920195
1.898096
1.875874
1.853632
1.831298
1.822376
1.819115
1.815182
1.815036
1.811547
1.808339
1.809191
1.811547
1.808708
1.804793
1.802692
1.800309
1.801826
1.805062
1.807852
1.811671
1.809620
1.805505
1.802705
1.798877
1.797305
1.796351
1.794245
1.792178
1.794076
1.797557
1.800898
1.805341
1.808510
1.811640
1.815964
1.820642
1.818807
1.814492
1.810835
1.805606
1.802651
1.799997
1.795622
1.790898
1.788926
1.787779
1.786137
1.784962
1.782272
1.779104
1.776481
1.773706
1.774891
1.777748
1.780281
1.783878
1.786536
1.789259
1.793121
1.797400
1.799816
1.801756
1.804216
1.806476
1.809923
1.813837
1.817498
1.821394
1.818788
1.813497
1.808730
1.802240
1.797473
1.792687
1.786047
1.778791
1.774425
1.770803
1.766405
1.762331
1.756418
1.749793
1.743577
1.737007
1.733212
1.730477
1.727257
1.724622
1.721104
1.717432
1.714399
1.711473
1.706838
1.701593
1.696538
1.691096
1.686361
1.681767
1.676744
1.671679
1.670510
1.670934
1.671143
1.672420
1.672584
1.672751
1.674069
1.675761
1.676015
1.675954
1.676351
1.676643
1.677983
1.679768
1.681403
1.683293
1.683146
1.682236
1.681677
1.680694
1.680401
1.680240
1.679613
1.678922
1.679444
1.680403
1.681241
1.682359
1.682984
1.683518
1.684363
1.685246
1.679098
1.670008
1.661264
1.650543
1.641657
1.632661
1.621544
1.609667
1.600429
1.591734
1.582122
1.572653
1.561190
1.548847
1.536732
1.524091
1.514749
1.506589
1.497743
1.489509
1.480048
1.470279
1.461190
1.452116
1.440902
1.428857
1.416925
1.404425
1.392663
1.380962
1.368642
1.356164
1.346779
1.338571
1.330062
1.322303
1.313461
1.304477
1.296314
1.288321
1.279050
1.269402
1.259991
1.250367
1.241460
1.232784
1.223859
1.215012
1.204254
1.192693
1.181293
1.169383
1.157936
1.146463
1.134444
1.122230
1.110918
1.099841
1.088519
1.077298
1.065509
1.053501
1.041619
1.029628
1.021686
1.015429
1.008886
1.003439
0.996946
0.990491
0.985214
0.980346
0.973747
0.966728
0.960215
0.953538
0.948020
0.942972
0.937707
0.932694
0.925954
0.918575
0.911528
0.904140
0.897341
0.890669
0.883620
0.876533
0.870549
0.864976
0.859312
0.853920
0.848110
0.842241
0.836669
0.831152
0.823334
0.814594
0.806011
0.796820
0.788329
0.779866
0.770744
0.761430
0.753003
0.744793
0.736340
0.727980
0.719025
0.709834
0.700762
0.691568
0.683631
0.676184
0.668556
0.661215
0.653490
0.645716
0.638254
0.630860
0.622769
0.614446
0.606227
0.597870
0.589841
0.581897
0.573798
0.565707
0.546238
0.521916
0.498092
0.471001
0.446630
0.421937
0.393749
0.364212
0.339012
0.314656
0.288687
0.262887
0.233711
0.203007
0.172610
0.141270
0.114732
0.089829
0.063744
0.038432
0.011160
-0.016708
-0.043703
-0.070813
-0.101316
-0.133225
-0.165100
-0.197978
-0.229878
-0.261829
-0.294861
-0.328272
-0.356152
-0.381970
-0.408429
-0.433608
-0.460813
-0.488347
-0.514475
-0.540374
-0.568721
-0.597854
-0.626632
-0.655888
-0.683909
-0.711592
-0.739818
-0.767986
-0.799621
-0.832761
-0.865695
-0.899615
-0.932804
-0.966121
-1.000488
-1.035284
-1.068556
-1.101492
-1.134947
-1.168304
-1.202751
-1.237671
-1.272446
-1.307496
-1.337354
-1.365115
-1.393384
-1.420337
-1.448766
-1.477259
-1.504330
-1.530983
-1.560069
-1.589843
-1.619068
-1.648639
-1.676798
-1.704460
-1.732538
-1.760409
-1.790600
-1.821725
-1.852541
-1.883908
-1.914645
-1.945339
-1.976628
-2.008085
-2.038242
-2.067989
-2.097968
-2.127716
-2.158116
-2.188710
-2.219038
-2.249413
-2.283056
-2.318082
-2.353014
-2.388900
-2.423958
-2.459101
-2.495267
-2.531820
-2.567277
-2.602557
-2.638293
-2.674025
-2.710695
-2.747811
-2.784885
-2.822250
-2.858033
-2.893274
-2.928884
-2.964229
-3.000218
-3.036397
-3.072278
-3.108188
-3.145170
-3.182591
-3.219993
-3.257708
-3.295100
-3.332500
-3.370236
-3.408084
-3.439717
-3.468793
-3.498257
-3.526029
-3.555515
-3.584979
-3.612621
-3.639660
-3.669145
-3.699194
-3.728499
-3.758010
-3.785811
-3.812901
-3.840273
-3.867251
-3.897245
-3.928368
-3.958955
-3.990163
-4.020353
-4.050344
-4.081017
-4.111780
-4.140709
-4.168971
-4.197411
-4.225419
-4.254162
-4.283033
-4.311428
-4.339759
-4.370957
-4.403296
-4.435440
-4.468340
-4.500339
-4.532289
-4.565058
-4.598056
-4.629979
-4.661638
-4.693588
-4.725424
-4.757984
-4.790831
-4.823530
-4.856378
-4.887581
-4.918139
-4.948919
-4.979318
-5.010211
-5.041158
-5.071691
-5.102126
-5.133451
-5.165066
-5.196538
-5.228178
-5.259384
-5.290470
-5.321747
-5.353005
-5.387919
-5.424401
-5.460706
-5.498056
-5.534558
-5.571171
-5.608901
-5.647069
-5.683781
-5.720197
-5.757137
-5.794008
-5.831981
-5.870446
-5.908795
-5.947443
-5.984642
-6.021352
-6.058433
-6.095289
-6.132741
-6.170381
-6.207766
-6.245193
-6.283670
-6.322587
-6.361501
-6.400731
-6.439668
-6.478629
-6.517930
-6.557355
-6.594816
-6.631536
-6.668473
-6.704946
-6.742114
-6.779385
-6.816148
-6.852816
-6.890346
-6.928146
-6.965807
-7.003625
-7.040993
-7.078227
-7.115644
-7.153028
-7.191602
-7.230687
-7.269688
-7.309019
-7.348085
-7.387185
-7.426636
-7.466225
-7.505272
-7.544189
-7.583275
-7.622315
-7.661721
-7.701280
-7.740776
-7.780356
-7.800327
-7.811988
-7.824580
-7.831598
-7.843430
-7.854798
-7.860196
-7.863344
-7.874033
-7.886245
-7.895756
-7.905630
-7.909760
-7.911329
-7.913500
-7.914119
-7.923219
-7.935264
-7.945341
-7.956859
-7.965042
-7.972272
-7.981122
-7.989862
-7.992778
-7.993334
-7.994041
-7.993090
-7.993935
-7.994784
-7.993841
-7.992326
-8.000310
-8.011878
-8.022431
-8.035238
-8.044663
-8.053598
-8.065004
-8.076874
-8.084655
-8.091175
-8.098371
-8.104831
-8.113463
-8.122747
-8.131180
-8.139786
-8.142543
-8.142801
-8.143484
-8.142558
-8.142957
-8.143211
-8.141746
-8.139621
-8.140173
-8.141373
-8.141761
-8.142391
-8.141233
-8.139341
-8.137771
-8.135803
-8.143180
-8.154380
-8.164770
-8.177596
-8.187879
-8.198137
-8.211020
-8.224738
-8.234225
-8.242580
-8.252004
-8.260905
-8.272409
-8.284890
-8.296724
-8.309017
-8.317251
-8.323903
-8.331200
-8.337600
-8.345221
-8.353010
-8.359823
-8.366429
-8.375448
-8.385293
-8.394812
-8.404834
-8.413783
-8.422475
-8.431733
-8.440998
-8.444568
-8.445778
-8.447245
-8.447113
-8.448539
-8.449906
-8.449552
-8.448603
-8.449682
-8.451165
-8.451930
-8.452793
-8.452086
-8.450680
-8.449438
-8.447772
-8.449000
-8.451279
-8.452996
-8.455272
-8.456497
-8.457477
-8.459077
-8.460714
-8.460543
-8.459686
-8.458950
-8.457754
-8.457218
-8.456761
-8.455799
-8.454728
-8.464014
-8.477602
-8.490628
-8.506527
-8.519660
-8.532903
-8.549236
-8.566642
-8.580085
-8.592673
-8.606566
-8.620195
-8.636726
-8.654506
-8.671897
-8.690015
-8.703203
-8.714592
-8.726943
-8.738338
-8.751497
-8.765059
-8.777564
-8.789996
-8.805541
-8.822266
-8.838771
-8.856065
-8.872215
-8.888225
-8.905099
-8.922154
-8.934570
-8.945187
-8.956198
-8.966044
-8.977445
-8.989004
-8.999291
-9.009277
-9.021104
-9.033440
-9.045373
-9.057567
-9.068647
-9.079333
-9.090334
-9.101168
-9.114784
-9.129539
-9.144002
-9.159169
-9.173598
-9.188012
-9.203184
-9.218594
-9.232613
-9.246231
-9.260161
-9.273889
-9.288406
-9.303198
-9.317748
-9.332409
-9.341041
-9.347135
-9.353600
-9.358395
-9.364682
-9.370861
-9.375250
-9.378984
-9.385222
-9.392028
-9.398034
-9.404232
-9.408668
-9.412358
-9.416316
-9.419852
-9.425883
-9.432807
-9.439188
-9.446020
-9.451932
-9.457606
-9.463782
-9.469964
-9.474467
-9.478312
-9.482238
-9.485713
-9.489751
-9.493826
-9.497409
-9.500861
-9.507659
-9.515768
-9.523591
-9.532262
-9.539848
-9.547341
-9.555754
-9.564401
-9.571685
-9.578597
-9.585816
-9.592848
-9.600706
-9.608861
-9.616787
-9.624844
-9.630992
-9.636365
-9.641952
-9.647065
-9.652694
-9.658343
-9.663481
-9.668465
-9.674428
-9.680682
-9.686730
-9.692931
-9.698596
-9.704082
-9.709748
-9.715349
-9.714187
-9.710136
-9.706312
-9.700514
-9.696350
-9.691981
-9.685500
-9.678197
-9.673300
-9.668818
-9.663366
-9.657949
-9.650538
-9.642194
-9.633965
-9.625136
-9.619323
-9.614524
-9.608975
-9.603902
-9.597568
-9.590840
-9.584654
-9.578380
-9.569981
-9.560693
-9.551410
-9.541489
-9.532163
-9.522793
-9.512735
-9.502426
-9.494965
-9.488526
-9.481699
-9.475487
-9.468142
-9.460562
-9.453665
-9.446828
-9.438672
-9.430055
-9.421564
-9.412770
-9.404558
-9.396466
-9.388036
-9.379581
-9.369204
-9.357963
-9.346775
-9.335001
-9.323566
-9.312008
-9.299828
-9.287361
-9.275655
-9.264071
-9.252153
-9.240231
-9.227668
-9.214795
-9.201942
-9.188885
-9.179531
-9.171660
-9.163417
-9.156104
-9.147706
-9.139243
-9.131785
-9.124609
-9.115705
-9.106303
-9.097277
-9.087994
-9.079699
-9.071744
-9.063484
-9.055359
-9.045511
-9.034962
-9.024623
-9.013862
-9.003554
-8.993262
-8.982516
-8.971632
-8.961682
-8.952017
-8.942166
-8.932468
-8.922277
-8.911928
-8.901757
-8.891536
-8.879048
-8.865590
-8.852180
-8.838095
-8.824566
-8.810963
-8.796638
-8.782031
-8.768157
-8.754386
-8.740284
-8.726168
-8.711391
-8.696290
-8.681200
-8.665893
-8.651667
-8.637801
-8.623663
-8.609693
-8.595260
-8.580680
-8.566291
-8.551866
-8.536682
-8.521179
-8.505672
-8.489933
-8.474401
-8.458849
-8.443048
-8.427153
-8.413715
-8.401252
-8.388585
-8.376547
-8.363750
-8.350904
-8.338741
-8.326766
-8.313770
-8.300501
-8.287475
-8.274316
-8.261786
-8.249488
-8.237027
-8.224672
-8.211004
-8.196808
-8.182778
-8.168432
-8.154456
-8.140505
-8.126214
-8.111828
-8.098145
-8.084680
-8.071085
-8.057612
-8.043777
-8.029832
-8.016027
-8.002192
-7.987216
-7.971757
-7.956315
-7.940535
-7.925044
-7.909519
-7.893631
-7.877602
-7.861923
-7.846288
-7.830489
-7.814680
-7.798544
-7.782247
-7.765950
-7.749544
-7.733717
-7.718084
-7.702313
-7.686635
-7.670714
-7.654718
-7.638829
-7.622924
-7.606625
-7.590162
-7.573700
-7.557121
-7.540655
-7.524182
-7.507583
-7.490938
-7.472634
-7.453589
-7.434568
-7.415035
-7.395823
-7.376510
-7.356653
-7.336552
-7.317032
-7.297587
-7.277859
-7.258109
-7.237822
-7.217266
-7.196708
-7.175964
-7.155812
-7.135823
-7.115619
-7.095462
-7.074987
-7.054377
-7.033828
-7.013208
-6.992071
-6.970687
-6.949252
-6.927624
-6.906074
-6.884461
-6.862646
-6.840723
-6.819596
-6.798736
-6.777728
-6.756867
-6.735652
-6.714338
-6.693190
-6.672029
-6.650442
-6.628686
-6.606935
-6.585063
-6.563332
-6.541604
-6.519744
-6.497845
-6.475376
-6.452631
-6.429869
-6.406910
-6.384012
-6.361047
-6.337874
-6.314589
-6.291484
-6.268383
-6.245154
-6.221892
-6.198416
-6.174822
-6.151200
-6.127489
-6.108570
-6.091646
-6.074422
-6.058512
-6.041347
-6.024233
-6.008531
-5.993320
-5.976164
-5.958561
-5.941562
-5.924403
-5.908605
-5.893375
-5.877927
-5.862797
-5.845515
-5.827443
-5.809791
-5.791719
-5.774403
-5.757255
-5.739644
-5.721995
-5.705716
-5.689953
-5.674089
-5.658568
-5.642539
-5.626444
-5.610726
-5.595083
-5.576989
-5.557928
-5.539053
-5.519545
-5.500816
-5.482142
-5.462779
-5.443232
-5.424645
-5.406307
-5.387731
-5.369271
-5.350198
-5.330894
-5.311735
-5.292464
-5.274590
-5.257273
-5.239782
-5.222625
-5.205069
-5.187481
-5.170256
-5.153128
-5.135261
-5.117163
-5.099201
-5.081110
-5.063399
-5.045804
-5.028060
-5.010347
-4.990305
-4.969271
-4.948369
-4.926811
-4.905802
-4.884734
-4.862964
-4.840926
-4.819851
-4.798985
-4.777794
-4.756665
-4.734839
-4.712711
-4.690674
-4.668461
-4.647163
-4.626181
-4.604977
-4.583925
-4.562512
-4.540993
-4.519644
-4.498280
-4.476267
-4.453989
-4.431724
-4.409271
-4.387013
-4.364751
-4.342286
-4.319754
-4.298544
-4.277842
-4.257012
-4.236506
-4.215555
-4.194553
-4.173905
-4.153336
-4.132207
-4.110915
-4.089731
-4.068459
-4.047503
-4.026652
-4.005695
-3.984776
-3.963088
-3.941078
-3.919140
-3.897000
-3.875051
-3.853095
-3.830924
-3.808677
-3.786806
-3.765035
-3.743170
-3.721351
-3.699307
-3.677177
-3.655105
-3.632994
-3.608156
-3.582145
-3.556211
-3.529472
-3.503375
-3.477181
-3.450127
-3.422730
-3.396285
-3.369993
-3.343298
-3.316604
-3.289097
-3.261201
-3.233338
-3.205221
-3.178299
-3.151771
-3.124928
-3.098263
-3.071078
-3.043722
-3.016570
-2.989368
-2.961301
-2.932864
-2.904415
-2.875696
-2.847203
-2.818678
-2.789864
-2.760936
-2.733138
-2.705737
-2.678167
-2.650831
-2.623026
-2.595113
-2.567461
-2.539820
-2.511635
-2.483252
-2.454906
-2.426425
-2.398164
-2.369938
-2.341564
-2.313165
-2.283981
-2.254437
-2.224900
-2.195115
-2.165453
-2.135728
-2.105739
-2.075622
-2.045797
-2.016008
-1.986071
-1.956119
-1.925896
-1.895535
-1.865169
-1.834707
-1.805716
-1.777305
-1.748732
-1.720517
-1.691854
-1.663152
-1.634838
-1.606625
-1.577704
-1.548572
-1.519575
-1.490463
-1.461732
-1.433125
-1.404381
-1.375678
-1.346271
-1.316570
-1.286939
-1.257126
-1.227480
-1.197827
-1.167979
-1.138062
-1.108506
-1.079050
-1.049506
-1.020009
-0.990302
-0.960517
-0.930791
-0.901031
-0.870348
-0.839264
-0.808184
-0.776821
-0.745667
-0.714470
-0.682970
-0.651343
-0.619996
-0.588678
-0.557213
-0.525729
-0.493965
-0.462059
-0.430144
-0.398128
-0.366531
-0.335066
-0.303478
-0.271943
-0.240209
-0.208403
-0.176660
-0.144888
-0.112800
-0.080569
-0.048323
-0.015971
0.016312
0.048616
0.081034
0.113503
