-0.003816
-0.256821
-0.619934
-0.276216
2.256212
0.951712
-0.328283
0.100911
-1.845871
0.257526
1.454409
-0.100516
3.039560
0.784480
-0.170904
3.493191
0.275739
0.207923
0.760400
0.727886
0.257842
0.609118
1.317690
-0.700686
-1.072347
-0.558955
1.242144
2.394540
1.250579
-1.032645
2.402932
1.160875
4.155958
0.839096
1.283002
2.598849
0.895167
1.311395
-0.526651
1.484525
-0.533408
0.528549
2.329320
1.290588
1.397806
0.830332
1.353306
2.464520
-0.221799
3.950331
1.516181
2.755071
2.003372
1.827052
-1.355387
2.065451
1.201624
1.627027
1.745779
2.821393
1.322103
1.699100
1.231657
1.991476
1.737120
2.514912
1.610152
1.212769
2.640170
2.004451
0.684266
1.876430
1.509870
-0.179006
2.340786
2.219519
0.430438
0.703788
2.981402
1.582175
2.157774
0.658739
2.264830
1.472630
1.317400
1.839417
4.274590
4.239303
2.273028
2.536498
2.177780
2.736160
2.376543
2.476727
2.598685
5.185487
3.514200
2.221119
1.834680
1.357331
2.716884
2.621246
2.397903
3.568342
3.176332
3.050191
4.059433
3.426699
3.123405
2.984189
3.357585
2.613946
2.034141
2.800608
2.165465
3.079609
4.081773
4.625874
2.861039
2.808162
3.331501
2.428037
3.556426
2.562607
3.548323
3.761247
4.035801
3.437139
3.981329
3.768658
2.879489
4.919533
3.583413
3.451040
5.781668
4.946865
3.899296
2.248616
2.813670
3.783775
4.227247
3.574311
3.670829
4.621755
2.046331
4.302300
3.772895
3.875359
3.612093
5.897580
4.409716
4.835147
3.365884
4.260130
5.246776
3.833907
4.706383
4.506385
4.396724
4.476055
4.388020
3.985543
3.765711
3.938002
3.931777
5.689922
4.476319
4.765647
5.182016
3.412421
3.019952
4.653700
3.064900
3.457735
4.677112
6.210250
4.015547
5.032770
4.806199
4.818447
4.157902
4.697385
2.960750
5.250295
5.241014
5.377577
5.038154
4.122192
6.043193
6.505567
5.264279
5.156508
5.595834
5.573362
5.005473
6.060481
7.337603
5.812489
5.463247
4.485236
6.101578
4.218450
5.192512
5.269187
5.384244
5.957957
5.571580
5.364646
4.287960
5.476163
4.934944
4.975528
5.302769
5.469396
2.249348
5.406741
5.584184
5.780185
4.202335
5.725745
6.007768
8.315244
6.576972
6.210973
6.003248
5.915842
6.279085
6.291258
6.220757
6.922477
6.069366
6.357540
6.451583
6.878055
5.773393
6.164674
5.615804
5.564922
6.903862
7.260446
6.253380
6.128500
6.474853
7.079021
5.894629
6.476836
6.287539
6.616878
6.549488
5.562680
6.666672
7.131693
4.802813
5.171867
5.834667
6.568948
7.239992
6.648389
7.420956
6.514950
6.057665
7.679149
5.508285
7.782025
6.892421
6.621577
6.869041
5.959128
6.761073
6.724022
5.696244
7.869633
6.922623
7.248241
7.287504
6.373311
6.881902
7.775261
7.328889
7.942995
8.761504
7.125867
7.156566
6.872255
7.181310
7.724296
7.380672
7.315894
7.861059
8.945048
9.266936
6.058363
7.101316
7.065224
8.352137
8.020980
9.098319
7.152905
7.120110
7.173466
6.390735
6.619172
7.427832
8.291891
7.539699
5.072632
8.006436
7.704136
9.192914
4.506065
7.321805
8.364752
7.483238
7.266185
7.294859
6.660545
8.239712
7.939718
3.394085
5.963143
5.206639
8.861085
8.086557
8.067498
8.918876
8.358777
8.225833
7.067355
8.223472
7.748653
7.641711
7.946633
6.662619
7.934439
8.232518
9.088011
8.356570
7.692460
8.395615
7.642274
7.467547
9.153662
8.817595
8.312544
7.870911
9.655767
9.005247
7.998449
8.596514
7.745603
8.385876
8.202139
6.630275
8.739493
7.750555
9.355151
8.471046
8.725978
8.843497
9.016361
8.680822
8.853971
10.084314
8.896431
8.605856
7.423232
9.393595
8.941573
7.747223
6.972239
8.683044
6.850087
9.443327
8.552717
7.511027
8.125336
7.588606
8.458223
10.889494
9.082044
8.450989
9.212052
9.791025
8.356676
8.655351
9.813296
9.159177
8.313388
10.168506
8.288412
9.365203
7.515523
8.585961
8.478010
8.458262
7.412650
6.651941
8.979049
10.175306
8.849985
8.864165
15.051115
9.078251
8.587168
8.534269
10.514747
8.801189
8.487345
10.567524
7.750836
8.758811
9.536549
9.379630
8.376100
9.877251
9.247146
8.996283
9.042063
8.694836
9.825327
7.671767
8.905391
10.133282
9.303520
9.147295
8.591608
8.223698
7.568072
9.044568
9.284888
7.986755
8.497502
8.835552
9.300241
8.752761
8.859856
8.113644
8.677055
9.501951
8.513137
10.271915
9.930008
9.756018
8.780662
9.165378
7.945709
8.625504
10.003059
8.023226
9.316739
9.006518
9.007932
10.888115
9.518469
8.923839
10.476284
8.862840
9.027388
8.694029
8.400631
8.023628
8.437151
9.522649
8.536231
9.320770
9.409607
7.618197
9.340260
8.701253
9.200227
9.606038
10.318279
9.067117
11.028419
9.133433
10.385890
8.331156
10.522628
9.214595
9.942286
8.352221
9.593243
9.121643
9.061069
10.510758
9.542252
10.613353
9.939366
9.927826
9.293672
9.152671
9.593088
8.786983
9.656757
9.360849
10.693438
9.899384
8.132882
9.467206
9.735852
9.102140
9.539532
8.375228
10.699979
10.521556
9.469357
11.273222
8.103715
9.657884
9.409758
9.208773
8.431127
9.506560
10.929370
7.459559
10.040472
7.541868
9.714037
8.606495
9.458812
9.358167
9.747515
9.676193
9.489642
10.508644
9.092152
9.230456
9.578285
8.963567
9.591982
8.226463
11.359766
9.762431
8.817948
9.479398
7.934065
9.750516
8.425975
7.283161
9.465347
9.683442
8.807155
9.146000
6.676465
9.167892
9.560893
8.353051
9.413695
10.856847
10.073494
9.486191
8.901842
9.737811
9.199334
7.701588
10.997542
7.403058
9.346893
11.029062
8.908180
9.278072
7.669467
7.976074
9.625361
9.791894
8.350378
12.263504
8.548248
8.968820
8.514977
11.143227
9.641363
9.080824
8.787470
8.997602
8.108324
8.419775
9.740501
8.259005
9.300367
8.900311
7.682084
9.162748
9.197589
9.211592
8.652285
9.257581
9.707309
9.704217
10.772293
8.423267
9.885496
9.032538
9.109848
9.003316
7.703227
10.770765
7.454978
8.653052
10.104869
9.199605
9.841544
8.332096
9.249651
9.166810
9.303681
8.530020
11.687051
8.972415
9.134547
7.868913
8.780615
8.916209
8.941318
9.295986
9.870070
8.401421
9.423676
8.197405
8.494336
9.553499
9.486405
8.347199
7.650088
8.870954
8.611085
8.495471
7.607858
7.440003
7.905957
10.226660
8.488639
7.867697
8.833025
8.253590
8.645247
8.818657
8.821894
8.493418
6.931176
7.803864
8.905742
9.319638
8.380070
8.572724
8.361689
9.912836
8.744055
11.681610
8.580256
9.395778
8.591658
8.055123
9.122845
8.013520
8.797378
9.332492
8.718787
6.496308
8.382319
8.665963
8.356097
8.230431
6.799196
7.824383
7.266912
8.341950
8.766835
9.550228
7.623939
8.148955
4.058450
8.257164
8.455073
9.290937
8.318373
8.360818
8.368843
8.692112
8.760232
9.372675
8.268562
9.622586
8.836913
9.396581
8.015796
7.503175
7.853630
7.929565
8.076153
9.035500
8.543125
8.770979
6.587748
9.181323
7.879138
7.695896
7.766872
5.759178
7.282433
7.738023
8.332907
7.928354
9.067589
8.384403
5.953179
5.720022
7.520918
8.501574
8.763761
7.156639
7.554861
7.449810
7.075148
7.734546
6.364720
8.011515
7.611093
6.678765
8.643536
6.400713
7.577597
7.575171
8.163111
6.261308
7.056316
9.031301
6.883876
7.615631
8.905796
6.049287
6.485700
8.570486
6.538958
7.384865
6.933740
8.208775
6.909208
7.006336
7.358410
6.651052
7.032716
7.142173
6.110316
6.240175
6.847604
7.796991
7.960653
5.938103
7.128775
6.866070
7.971470
7.733174
8.366744
7.754455
5.592540
7.634103
5.697130
5.647444
7.143879
4.477141
6.752788
7.180864
7.851772
7.378152
8.143643
6.384594
6.816777
7.659513
6.422468
5.500300
6.803048
8.190191
5.341302
7.366092
5.659360
6.938672
6.639083
7.351507
9.660817
6.597100
6.483126
7.000608
6.758291
6.303263
9.021283
4.688518
8.170622
6.898587
6.542817
5.706490
7.252961
7.964497
6.478894
6.776280
7.336874
4.976298
7.190511
4.484400
3.681458
6.107115
4.968956
6.379911
5.793484
4.637930
5.723255
6.853507
5.588140
6.008743
7.997040
6.875461
6.962920
6.051572
5.696205
6.493516
6.703522
5.608427
5.600072
5.287014
4.704700
5.280243
5.398127
5.615107
5.917660
5.321517
5.418622
4.685519
5.774897
5.472976
2.439102
4.397905
4.527639
4.988847
5.346442
4.313136
4.603372
5.339098
4.991909
4.730688
5.586047
4.985046
4.194746
3.710808
5.672194
1.746666
4.824638
3.971239
4.573220
4.654952
4.790386
4.807753
6.115603
4.962446
4.643830
2.490075
4.355886
3.776324
4.667312
2.564523
4.460792
1.410779
4.469063
3.917743
4.068741
4.710343
4.437538
5.965929
3.951967
5.069521
4.733244
3.889431
3.943610
5.209760
3.934664
4.216246
4.778878
3.666114
4.373272
3.970401
4.141264
4.244316
3.731983
3.835238
2.562065
2.078577
3.102423
4.852672
5.867379
3.793822
4.934796
3.670513
3.615661
5.172669
3.671213
3.232618
3.165125
3.127656
3.595424
3.335231
5.192952
6.134890
2.417206
3.046526
4.394275
5.745895
4.896422
4.215289
3.057286
2.967688
4.391685
3.012028
3.236495
1.368567
1.959956
3.157430
1.332969
6.337343
3.632839
2.990622
3.192475
2.881536
1.835339
2.723351
1.883740
2.750568
2.780216
3.005623
3.031257
2.056699
1.938487
2.943751
3.717571
2.612714
2.472880
2.619472
2.287727
3.322481
2.347163
2.596649
3.267449
1.087299
0.846235
4.246299
3.581356
0.715642
3.576415
2.441013
1.351032
1.590937
3.547741
2.098413
-0.520799
2.734101
3.364741
3.001789
1.465210
2.241648
1.592094
4.803358
2.501433
2.690457
1.747322
1.766065
1.743685
2.350463
3.555546
1.161409
1.694209
1.482199
1.322110
0.989908
0.942434
0.923814
1.436180
0.900251
1.667405
0.751409
0.685128
1.272670
0.470617
1.328558
0.413058
1.559347
1.172139
1.105818
0.912604
0.793848
1.556501
1.521400
0.576641
0.503957
1.621049
0.800425
1.217688
1.610546
0.782526
0.584418
0.525542
-0.036649
2.509534
1.171424
0.118006
1.174169
0.593900
1.833091
0.683205
0.923894
0.139519
1.770184
0.669980
1.229654
0.684834
0.726016
0.235753
-0.300918
-0.615740
-0.197198
0.158608
-0.344554
0.238894
-0.146067
1.275655
0.189778
-0.269495
-0.222705
-1.122634
-0.968495
1.746527
-0.237926
-0.339435
0.741472
-0.678546
0.074680
1.883502
0.917181
-1.208847
0.042290
-2.880082
-0.273124
-1.239752
-0.226154
-1.298996
0.073635
-1.853961
1.039922
-0.601427
-0.187028
-3.088197
-1.324395
-0.930335
-1.600442
-0.883220
-0.589997
0.368767
0.677453
1.043197
-0.621488
-0.751775
-1.008526
-2.788614
-0.593164
-0.311983
1.647312
-1.281515
-0.309184
-1.303221
0.127808
-1.275813
-1.368465
-1.168828
-1.363121
-2.608505
-1.451077
-0.406746
-0.969378
-0.983046
-2.313641
-1.056701
-0.685446
-1.316719
-1.044260
-1.730111
-1.628696
-3.418603
-1.704261
-1.701909
-3.515294
-2.487255
-1.063643
-2.150804
-2.011526
-2.151451
-3.518667
-1.897330
-1.001172
-2.570888
-2.844035
-2.043381
-3.751946
1.633993
-1.835464
-2.607248
-4.095197
-3.034916
-2.562868
-1.138196
-2.774620
-3.176129
-1.680133
-2.044365
-2.264849
-1.836651
-2.757990
-2.083205
-2.557816
-5.155148
-1.874258
-3.214142
-2.653197
-2.640522
-2.551520
-2.261143
-2.831860
-3.727061
-3.631589
-4.002016
-3.093355
-2.511498
-1.396626
-3.721484
-4.095509
-2.988541
-5.767271
-2.885871
-4.143863
-3.573901
-1.423748
-3.843014
-2.330845
-2.575921
-3.616101
-1.845159
-4.334991
-3.947006
-3.757489
-3.540768
0.241799
-4.809829
-3.385631
-3.168987
-3.082247
-2.242116
-4.528527
-2.813953
-3.523783
-1.793527
-4.633378
-4.233154
-2.523425
-3.602392
-3.862750
-3.763781
-4.689529
-6.544982
-3.239170
-4.375344
-3.649397
-3.386743
-2.015849
-6.196034
-5.830863
-3.899753
-4.444108
-4.196624
-5.797051
-3.901705
-3.193857
-5.905440
-4.451972
-5.400287
-4.549156
-5.272141
-5.205762
-4.414432
-5.395487
-5.357417
-5.144952
-7.370089
-4.193862
-4.679628
-3.895340
-7.076813
-5.361887
-5.704535
-7.073327
-6.734337
-4.977724
-5.701493
-4.402575
-6.266693
-5.567332
-4.453513
-5.037291
-3.941054
-5.113157
-4.679450
-5.387887
-5.257819
-6.902718
-6.374623
-4.682177
-5.297272
-5.494201
-5.428687
-5.291278
-4.693953
-5.172852
-5.676186
-6.008158
-5.643595
-6.612272
-5.802348
-5.651131
-6.061684
-4.021486
-4.931481
-4.059817
-5.596410
-11.164028
-10.223364
-10.685663
-10.422468
-10.371116
-9.997456
-10.409734
-10.614393
-11.167107
-10.455280
-10.620778
-11.222988
-10.461923
-10.513797
-10.184427
-10.035428
-10.627486
-9.946407
-10.678948
-10.126692
-12.130903
-10.567218
-10.048723
-11.252288
-12.305286
-12.195947
-10.854526
-11.659681
-12.342192
-11.591144
-11.121405
-11.549136
-10.598128
-9.853914
-9.849597
-11.099118
-10.970701
-11.620953
-10.215122
-10.800726
-10.817377
-11.648843
-11.607693
-11.388172
-8.114407
-12.952526
-10.747417
-12.748056
-10.935284
-10.536468
-10.108270
-11.541212
-11.465702
-10.728509
-11.698738
-10.720165
-11.446771
-11.330596
-11.313205
-11.645263
-11.645801
-11.326106
-12.346413
-11.230258
-11.873071
-12.501950
-11.787535
-10.760398
-11.097824
-8.684056
-10.772581
-11.294278
-11.643367
-11.925796
-11.598942
-7.906234
-12.335668
-10.187237
-12.134820
-12.307315
-13.059454
-11.216148
-12.892127
-11.798528
-11.246788
-11.783356
-11.743838
-10.706916
-12.461451
-11.919686
-11.579339
-13.778478
-12.107737
-11.971186
-12.856350
-12.485821
-11.090356
-12.538077
-11.626231
-12.781876
-11.912567
-14.519714
-11.005596
-12.200643
-13.248093
-14.350326
-11.066515
-12.549186
-11.261653
-13.222379
-13.282572
-12.754742
-14.195384
-11.528556
-12.553173
-12.347154
-12.444655
-12.677040
-12.777434
-12.523483
-11.988661
-12.820124
-12.938315
-11.682746
-11.442143
-12.820034
-13.285542
-13.069626
-13.325871
-13.900924
-12.680318
-13.306098
-12.526879
-13.319967
-12.210541
-12.815765
-12.944695
-14.092953
-12.864233
-12.266378
-13.277019
-13.883951
-13.293028
-12.966327
-13.084686
-13.115138
-12.521395
-12.515680
-13.840248
-12.437896
-12.872954
-12.353750
-13.322495
-13.198982
-12.964721
-12.985876
-12.628553
-13.571917
-12.817264
-13.563620
-13.467974
-10.916990
-12.865667
-12.615980
-12.955754
-13.546421
-13.380290
-10.917865
-12.533179
-13.104792
-14.858195
-13.578622
-13.043320
-11.333630
-13.217449
-12.793811
-13.314589
-13.642342
-12.702661
-14.753813
-14.459778
-13.306473
-11.913094
-13.338258
-17.164312
-13.236319
-13.606878
-14.121977
-12.097966
-13.162011
-12.683156
-13.343033
-14.159435
-14.424920
-12.955704
-12.498556
-13.751868
-13.422371
-13.491873
-13.609509
-13.808804
-13.516535
-13.463135
-13.059914
-14.131515
-13.575288
-13.535902
-14.108133
-14.181770
-13.761919
-13.868703
-13.744536
-13.131736
-13.755137
-13.694516
-13.684290
-12.618254
-13.802490
-13.194611
-13.073606
-14.580635
-13.806719
-13.775478
-14.229394
-14.391950
-13.191144
-14.805012
-13.662011
-13.854825
-12.562316
-13.223485
-14.253143
-14.704419
-12.907441
-12.455656
-13.512821
-14.100790
-13.862091
-13.573929
-12.890879
-14.148936
-13.523559
-14.113568
-14.362307
-13.435690
-15.786654
-14.085232
-13.980703
-14.248762
-13.531714
-11.134160
-14.751632
-13.907649
-13.454599
-14.917031
-13.338547
-14.470008
-13.663360
-14.146347
-13.676895
-13.465123
-13.796535
-14.041102
-13.900902
-13.044554
-13.249136
-14.499294
-14.258766
-13.653684
-15.546213
-14.543216
-13.607484
-16.839638
-12.564469
-14.596111
-15.064633
-13.974989
-14.615808
-13.675617
-14.073360
-14.132304
-14.360575
-13.734568
-15.079650
-14.799746
-14.320888
-14.218824
-13.393738
-14.198043
-13.857835
-14.458381
-14.266256
-14.314502
-12.883949
-14.272885
-14.408636
-14.766596
-13.969271
-13.734540
-14.015866
-15.469529
-14.143118
-15.990154
-13.757993
-17.760532
-14.949246
-13.322001
-12.734399
-14.563940
-13.603123
-14.372076
-14.532271
-14.187921
-14.966900
-13.812192
-14.218298
-14.607379
-14.571702
-14.887407
-13.177851
-15.122239
-17.206228
-14.026915
-14.072647
-12.257219
-13.589947
-13.765531
-15.640362
-14.165999
-13.614009
-14.928388
-13.759147
-14.148983
-15.682598
-13.738754
-14.166795
-14.003006
-14.006098
-14.248107
-14.104041
-14.001050
-13.666618
-14.683113
-13.648211
-14.192383
-13.558863
-16.094428
-14.242092
-9.273029
-14.177570
-13.387546
-15.491981
-13.890197
-14.280129
-13.903162
-14.397740
-14.704035
-16.436608
-15.230761
-14.592000
-14.339010
-15.173996
-13.893665
-10.809157
-12.631930
-17.471768
-14.752299
-12.060634
-13.715895
-13.994234
-13.694818
-14.080561
-13.087133
-13.265549
-13.325982
-13.414495
-13.679723
-14.119254
-14.592917
-13.698262
-13.291292
-14.149279
-13.816059
-14.388608
-14.695691
-13.888415
-12.398278
-12.875163
-14.031338
-13.452987
-12.183630
-13.661599
-14.088981
-13.732595
-12.812534
-13.410236
-14.090755
-13.096828
-11.740627
-13.462440
-11.640185
-12.684081
-12.552026
-13.525880
-14.146298
-13.450014
-12.788280
-15.110976
-13.177897
-14.400254
-13.358521
-15.047261
-15.296404
-13.571740
-14.745101
-13.176609
-14.605812
-14.621602
-15.259247
-13.820298
-14.806930
-12.864879
-13.587763
-14.282929
-13.545473
-12.902539
-13.369704
-13.664901
-13.076443
-12.933312
-12.700168
-13.190529
-10.751458
-13.702240
-13.516935
-12.971018
-10.676246
-13.779924
-13.650639
-15.263625
-13.835101
-13.762166
-11.674519
-12.492274
-13.223285
-12.584263
-12.671909
-12.575501
-13.662163
-13.099769
-15.649937
-11.847264
-12.770702
-13.034652
-12.004567
-13.982622
-13.528761
-12.861963
-14.327117
-12.794015
-13.720846
-13.178252
-14.151952
-12.534511
-12.931020
-13.287635
-12.533438
-14.488244
-12.939176
-13.898173
-12.216046
-11.354025
-12.286067
-12.930864
-12.928619
-12.971678
-15.567355
-12.880856
-13.364850
-13.025937
-12.430427
-13.964378
-14.442133
-12.450415
-15.578742
-13.020656
-12.824182
-12.690033
-13.414347
-12.791660
-11.680427
-10.699171
-12.433847
-12.751531
-12.405242
-12.329473
-13.605163
-14.037013
-13.717894
-12.364781
-12.375318
-12.224088
-12.546663
-11.513005
-15.529187
-14.533294
-12.311926
-12.086482
-11.914500
-12.568278
-12.376513
-13.949696
-12.223987
-12.166971
-11.805340
-11.328435
-12.389092
-12.079360
-11.945363
-13.188106
-11.825739
-12.401559
-10.320465
-11.481463
-10.514871
-14.201096
-10.685782
-10.802718
-11.862724
-11.753083
-11.102753
-11.414705
-12.445497
-11.839593
-11.283278
-10.762321
-12.376907
-13.150002
-11.223482
-11.983445
-11.973607
-11.878354
-10.674572
-11.594813
-12.221917
-11.651428
-9.599174
-11.462500
-13.765803
-10.548103
-13.488554
-11.371149
-9.828700
-11.588252
-10.637635
-11.348235
-11.522727
-12.006432
-10.935802
-11.113194
-11.518267
-9.151034
-11.959518
-11.355324
-11.719310
-11.771910
-11.039652
-9.563682
-11.938942
-11.395847
-12.490004
-11.034749
-11.268335
-11.147864
-10.815931
-8.700392
-12.979774
-11.837855
-11.047091
-11.409723
-10.906869
-11.742564
-12.054633
-12.491427
-11.945256
-10.199554
-10.834574
-11.258948
-10.902720
-11.313650
-12.331989
-10.177074
-11.033081
-10.958117
-10.046549
-10.095672
-9.353764
-10.796510
-10.952471
-8.855556
-10.533852
-10.054638
-11.241060
-11.886829
-10.326560
-10.566469
-10.344754
-10.542298
-10.549559
-10.504029
-12.015349
-10.666617
-8.266054
-11.235902
-9.956445
-11.524179
-9.815314
-11.681713
-9.770408
-10.582657
-10.481418
-11.485868
-10.523225
-10.520451
-10.112841
-9.895080
-9.527009
-8.644843
-9.757617
-10.323840
-9.953381
-11.619009
-10.412286
-9.869767
-9.827459
-9.581782
-12.062237
-10.022803
-9.576867
-10.192280
-8.776844
-10.137956
-8.913448
-9.810540
-9.793208
-10.080643
-7.674973
-11.957231
-8.779435
-8.465747
-9.197055
-8.743544
-9.757956
-10.344905
-10.052653
-10.386363
-10.246284
-9.259789
-9.370735
-8.478897
-9.422202
-9.547863
-7.778255
-7.995558
-9.353890
-9.453077
-6.444056
-9.227367
-8.613321
-8.145661
-9.591376
-10.600273
-7.579728
-9.218906
-9.078493
-6.992601
-8.544111
-5.251872
-9.643659
-8.608094
-8.887999
-7.722310
-8.174346
-7.940745
-8.562522
-8.785832
-6.863896
-7.589776
-7.794973
-8.611657
-8.628981
-9.094388
-8.959052
-8.907618
-8.009582
-7.500204
-8.833088
-9.795070
-7.471573
-5.799395
-6.419138
-8.643556
-6.410249
-8.815221
-8.972243
-6.835149
-7.433809
-7.788499
-5.956942
-7.558070
-7.211225
-7.028420
-5.654095
-7.178109
-7.884650
-8.592125
-7.909160
-7.005020
-8.373399
-9.751317
-4.196678
-6.379350
-7.825051
-7.260255
-7.355814
-7.711612
-8.086083
-8.015033
-5.930830
-7.366018
-7.236037
-6.740303
-8.154479
-7.412852
-7.580993
-7.080418
-6.830140
-7.678424
-7.496824
-8.146931
-7.214474
-6.931065
-6.021325
-7.359196
-5.653364
-6.922404
-7.713077
-6.700859
-7.346431
-7.986361
-4.832522
-6.343622
-5.056072
-5.396630
-5.686947
-6.731399
-6.243437
-6.057091
-6.898387
-7.139109
-6.109749
-6.253314
-6.644229
-5.460229
-5.978542
-6.589354
-5.671386
-5.924257
-6.046730
-7.565351
-6.751131
-6.129733
-6.367741
-6.691173
-4.972535
-5.422132
-7.339778
-5.769838
-5.808917
-5.988597
-6.754877
-6.276155
-5.002598
-4.352534
-6.676891
-6.344164
-6.354848
-6.392980
-5.041060
-4.497715
-5.725579
-6.091870
-5.267579
-3.030123
-6.005005
-5.000875
-6.417737
-3.721830
-5.405911
-5.334013
-5.170759
-2.903077
-4.760232
-4.924255
-4.659713
-4.957717
-4.543957
-4.664553
-4.971104
-5.688805
-5.441926
-4.823103
-4.049814
-5.802308
-5.727302
-5.477356
-3.841707
-4.085528
-4.113791
-4.984354
-5.419808
-3.965305
-5.249038
-5.782157
-4.408430
-5.278170
-4.606363
-4.942902
-4.603106
-5.861049
-4.838724
-3.582552
-2.552930
-4.732981
-4.504078
-4.137089
-3.664707
-2.155446
-2.494743
-4.973233
-2.909047
-4.297304
-5.595416
-3.167375
-3.513643
-4.319671
-4.758727
-5.197129
-3.723639
-4.825783
-3.054731
-3.086300
-3.894192
-3.006561
-3.699913
-3.012550
-3.841329
-3.541557
-3.875512
-3.983756
-2.454733
-2.298128
-3.334238
-3.374881
-3.170498
-4.143877
-3.066311
-3.379955
-3.900363
-2.730466
-2.581160
-3.588327
-2.677287
-3.601216
-3.460872
-3.326043
-2.950298
-5.763791
-2.753913
-3.509534
-3.796517
-3.504423
-2.404560
-1.207520
-3.455784
-1.064753
-2.920160
-2.077050
-3.495627
-2.717735
-0.283889
-2.097687
-2.726079
-2.602568
-1.799068
-2.496633
-3.035456
-2.815431
-2.529335
-2.118856
-2.410808
-1.865145
-1.870933
-2.459114
-0.126125
-4.662668
-4.837714
-2.360640
-0.521771
-2.068857
-3.892417
1.052427
-0.205439
-0.968285
-1.561546
-1.468649
-2.082418
-1.753762
-0.971776
-2.183350
-1.589447
0.488435
-0.538568
-1.408949
-2.152637
-2.277936
-1.211321
-1.902759
-1.553154
-1.100201
-1.452039
-2.338176
-1.514929
-2.585643
-1.673628
-1.901483
-2.185167
-1.632228
-1.296767
-1.414599
-1.406114
-1.106866
-1.192228
-1.608577
-2.790326
-1.308384
-0.203870
-1.330508
-1.199556
-2.770076
-0.944036
0.966913
1.322550
-0.075282
-0.387639
-1.728951
-1.063320
-0.667754
-1.130482
1.430938
-0.840173
-0.491059
-0.587952
-1.047771
-2.420445
0.052588
-0.505139
-0.452592
-0.568103
1.635630
-1.128112
1.687224
-1.442480
-0.472075
-0.358524
-1.520432
-1.218423
-1.303984
1.633322
-0.368425
0.089138
0.361597
-0.569212
-0.430197
-0.185981
0.445338
-1.522244
-3.997089
-0.189216
-0.845715
1.405834
0.016384
-0.522742
0.494912
-0.471879
-0.182958
0.718545
-2.393363
-3.394793
0.301101
-0.896625
0.264175
0.406909
0.973325
-0.422778
-0.444861
-0.477167
0.213811
1.849400
-0.126299
-0.076682
1.941781
0.918173
0.509854
0.398819
1.196320
0.541665
3.037758
1.778829
1.283362
0.648286
1.614283
-0.627469
0.977458
-0.795615
1.491515
0.615991
0.890756
1.267793
1.124872
3.845549
1.333690
1.426912
1.203722
1.068479
1.328049
1.144737
1.457767
2.141700
-1.427557
0.700116
2.453698
1.677318
1.659592
1.920342
-1.811230
1.363880
-0.993609
-0.829299
1.436406
1.584011
1.829970
0.972426
2.232730
1.573632
0.763741
1.279873
2.491306
2.246958
1.214615
1.736682
4.058292
1.152772
0.937377
1.212500
0.017475
1.799153
1.889275
1.398469
2.034531
2.980956
1.022630
1.488772
1.430641
2.166642
1.525001
1.588741
1.901521
0.960541
-0.617318
2.868787
1.315761
2.013861
1.806372
1.069677
-1.517951
2.566811
2.098878
0.770756
2.178763
1.812696
2.792865
3.187925
2.036653
4.265703
2.461238
1.783672
2.941273
2.398333
0.640636
1.828504
4.243985
2.903242
2.068612
2.290742
1.884765
2.362108
3.733718
1.660172
2.320948
1.847368
1.890897
1.717144
2.233805
1.998086
1.695458
3.063530
1.684443
3.659378
1.701593
2.315111
2.245564
3.150083
3.744518
3.279226
1.083191
2.842891
3.176764
2.457111
2.988013
1.162032
2.495488
5.481267
3.766084
3.679205
3.994366
2.015845
2.667066
3.250778
2.778338
4.366606
4.047765
2.134640
3.429920
2.224839
2.367062
3.354113
4.177528
1.890737
3.091894
3.431983
3.394964
3.246806
3.703274
3.840120
2.460317
3.307044
3.589986
1.158600
5.206460
3.772677
3.093125
2.906952
5.600235
4.299328
3.791912
3.914918
2.179144
4.110278
4.201815
4.273551
3.779456
3.713375
4.119931
3.106072
3.516577
3.719630
3.525894
3.897381
5.121678
4.977894
6.066497
3.294607
3.474586
4.330006
4.050844
4.318405
5.411441
3.824359
2.368499
3.967010
2.492605
3.499380
3.734564
3.400202
3.456286
3.031205
4.656480
3.743786
3.528911
4.354975
4.174487
4.233952
5.558590
3.831377
1.868605
3.658421
3.040931
4.569634
-0.521233
5.162717
3.188572
4.558214
6.351668
5.654398
4.432217
4.260983
4.818433
6.263783
4.488750
4.372441
4.429380
3.822682
3.844729
1.872592
3.800776
4.260498
2.418079
3.737871
3.901593
5.396970
4.254414
4.544765
4.571514
4.162738
4.519801
4.334055
2.115414
5.122415
4.484763
8.279035
4.557269
4.589419
4.066438
4.772359
2.476345
4.505408
3.651551
5.853585
3.396608
4.155872
3.902278
3.143651
5.764607
4.625593
3.651055
5.204740
5.241946
2.607599
5.027576
3.323880
3.758619
2.481833
3.779146
4.111076
6.324648
4.790604
4.284741
5.558092
2.694207
5.961817
2.834425
4.528378
5.149644
3.644625
3.744934
3.056931
5.840654
4.606024
4.885201
5.562677
3.302311
4.027312
4.331867
2.732124
5.419493
2.408894
4.890415
3.845705
4.778088
3.944612
4.940355
4.714522
4.480618
4.702872
4.820503
4.979435
3.354683
5.851273
4.006384
4.906661
4.554210
4.880694
3.943035
3.210966
3.531034
4.399989
4.995564
5.761706
4.818542
5.317859
5.706801
4.510705
3.743191
4.095579
4.800839
1.870390
6.380777
5.685998
3.801614
3.052634
5.366915
5.225999
4.277882
4.669791
3.640297
6.837693
3.715443
4.697191
4.972933
2.637318
3.917047
4.804563
4.091922
3.919107
3.167068
4.941263
4.710582
1.530464
4.765881
5.168678
4.536029
5.711985
5.515332
4.643367
3.028523
4.500517
5.205859
5.237715
4.566859
4.645632
4.156009
4.673036
5.248272
5.091649
5.057624
5.154465
4.648424
4.763114
5.325143
4.985125
5.821806
5.852905
4.050277
5.420648
5.255233
4.447472
4.343160
4.854181
4.218365
9.844511
4.819781
4.637435
5.360945
4.547428
4.338501
4.460845
4.259331
4.468923
3.790528
5.168006
4.512944
4.424236
5.534005
4.653353
4.964754
3.995850
7.008698
4.017688
6.216979
3.809345
1.952507
3.770496
8.190004
4.733770
4.502553
4.591403
4.302576
4.364831
4.779169
4.322792
4.971336
3.991877
4.827570
3.714718
3.631245
4.383938
4.503041
4.304248
4.326850
4.052886
4.350530
4.299062
5.209924
4.926146
3.908711
4.220345
4.893224
4.681113
1.387392
4.293842
4.559250
4.049362
4.718385
3.964639
4.289375
4.273405
4.886278
3.718831
5.796953
6.514095
4.118105
4.521113
4.827733
3.638349
5.336704
4.225675
4.911131
4.542528
3.475519
3.839870
3.129340
4.543958
4.469966
2.748954
4.547843
4.449339
4.414817
4.070191
2.792396
3.347286
4.125786
4.347728
5.300903
4.172333
4.196197
4.579355
5.532203
3.194715
3.611555
3.565830
2.580884
4.456425
1.876336
2.585998
4.011840
2.728589
5.011446
4.150965
2.920648
2.457998
3.786153
3.398401
1.807373
3.096498
3.685746
3.564053
3.370609
2.054296
4.207240
3.820668
3.609394
2.800055
6.029473
3.398801
1.535217
3.537046
3.128941
4.439459
3.262986
2.885749
3.476760
4.050895
3.651614
3.453117
3.871571
3.854738
3.167380
3.770373
4.070677
3.519825
3.079151
3.177704
2.734367
3.806953
1.316661
3.252998
3.052768
3.532498
3.429630
3.460392
3.392780
2.987276
2.728617
3.595687
3.557713
4.260474
3.364648
3.138613
2.854221
3.300322
3.394303
4.118300
3.071380
2.925882
5.211946
3.269884
2.703065
3.212118
5.071687
3.713111
3.167793
2.898784
2.775265
1.833374
3.063149
1.540294
4.889227
0.097131
2.332917
1.782102
5.468780
2.894150
3.011097
2.396258
2.719801
1.010333
2.305420
2.058771
1.469635
2.151698
3.170022
3.545030
3.223234
2.047279
2.528630
2.644143
2.314327
0.302302
0.193769
2.118171
-0.097918
3.933553
2.398596
2.281443
3.019487
1.390777
1.272763
2.456640
2.406653
3.019206
2.537265
2.768050
1.808657
2.604770
2.996054
1.988132
2.324933
2.415244
0.872751
2.587499
3.338905
2.279440
2.756692
2.425232
2.135044
1.599572
2.605784
0.186153
2.314885
1.842567
-0.934028
1.538763
-0.831960
1.138674
3.274041
1.695917
1.827637
2.107436
2.314483
2.122174
2.037939
1.222772
1.341335
3.128653
1.521948
1.928499
1.123398
2.435093
2.438399
2.466861
0.732627
1.282332
1.952621
2.183302
1.615765
1.401041
0.818658
2.904447
0.504508
0.453380
0.784269
1.671498
2.380548
-0.695000
1.310002
0.770982
0.494365
1.454852
-2.071813
-1.346757
1.354032
0.483341
0.107853
1.095929
-0.095072
0.239415
2.494378
0.270737
1.045859
0.674989
0.934877
-0.354498
2.450824
1.122034
0.572387
1.535904
0.450594
1.250755
-0.263226
1.172477
-1.238688
2.004301
-0.714017
0.282532
0.569409
1.742888
0.688727
0.523323
-1.100989
0.876662
0.250590
0.117234
-0.209790
-0.045152
0.474675
-0.721802
0.183109
-1.245269
0.033721
-0.700539
-0.323142
0.685442
-0.026012
0.181651
-0.178249
0.027492
-0.302046
0.662368
-0.815317
2.073940
-0.010120
-0.925077
-1.912448
-1.292644
-0.690725
0.198812
0.126749
-2.062673
-0.056131
1.206210
-0.678327
-0.737272
-1.382990
-0.457200
-0.074368
-0.753699
-1.001020
-0.710096
-1.740047
-0.845322
-0.564888
-0.068484
-1.157215
-0.377109
-1.378290
-0.857709
-2.298372
1.819030
-1.390232
-0.565294
0.135632
-0.228308
-0.483417
-1.645036
-3.417273
-0.584733
-0.542437
-2.196981
-2.486880
4.202105
2.723913
4.068199
3.052350
2.865608
4.548865
3.622683
3.565343
2.487253
3.174493
2.560508
3.777352
3.036907
2.777318
3.029602
3.119850
4.378124
7.465164
3.040867
4.973035
2.935676
2.646334
2.511815
2.404697
3.276871
2.761674
3.005095
2.132028
1.677150
4.501683
4.755397
1.692248
2.480122
2.542684
2.935175
2.747191
3.381005
-0.126162
2.094778
2.606343
1.991358
0.859580
1.480919
2.496440
1.844799
2.691861
1.683028
4.876814
1.044100
0.854941
3.246868
1.411765
2.125423
-0.614149
2.614415
2.764224
1.640843
1.590887
2.139037
1.357909
2.255354
1.840578
2.815829
1.637308
3.922508
3.229951
1.584145
1.893603
1.651631
0.502218
1.159214
1.282938
1.255953
0.808241
1.334132
2.430903
1.171885
1.336563
0.481787
0.518851
1.198222
2.107365
1.235840
-1.035406
-0.799928
0.373001
1.547644
-1.130944
1.133198
1.152917
1.056478
0.512498
0.355873
0.881356
1.081261
0.270987
2.261222
0.930697
0.005414
-0.972939
-0.264793
0.696930
2.062592
0.582451
1.138403
0.983634
-3.489236
-0.292577
0.526694
0.629010
0.122309
-0.065192
0.479335
-0.102339
0.639499
1.678827
3.063125
1.823884
0.345869
-0.501480
0.913819
1.126244
-0.225641
1.165235
0.334798
0.470306
-0.785302
-1.006463
-0.618174
-0.664792
0.970644
-0.204268
-1.320970
0.911150
1.418428
-5.150281
-0.488908
0.742300
-0.304132
1.545703
-2.022702
-0.007845
0.165575
-0.120562
-0.319554
-0.194716
-1.301504
-1.359210
-0.472807
0.135749
-0.759841
-2.013078
-1.099795
-0.399446
-1.964131
-1.601028
-0.772399
-1.722207
-4.752047
-1.407632
-1.096713
-1.813811
-2.554721
0.157178
-2.183592
-2.021006
-0.286525
-0.183780
0.493782
-1.259072
-1.447688
-1.815315
-1.080548
-1.739004
-1.675429
-2.733549
-2.558804
-1.613479
-1.550274
-2.002156
-0.627712
-1.998520
-1.456216
-1.612330
-1.724637
-1.760077
-0.602458
-5.225033
-0.171427
-1.973510
-0.809169
-2.384840
-2.046982
-1.819526
-1.692527
-3.860485
-1.913634
-2.276766
-3.056311
-2.867725
-1.891571
-2.258383
-4.024590
-2.800680
-0.701019
-1.589141
-2.163103
-3.486563
-0.049432
-3.071687
-0.993472
-2.790519
-1.387738
-2.643590
-2.857060
-0.437718
-3.642986
-1.994668
-3.538558
-2.385707
-4.325193
-1.840381
-3.392173
-2.750970
-4.304070
-2.527502
-3.265738
-2.099396
-2.027338
-1.654842
-2.561708
-3.510437
-3.015361
-3.175188
-3.424068
-2.634640
-4.144635
-3.249978
-3.610234
-1.556385
-3.766493
-3.361360
-3.795931
-4.292174
-3.269848
-3.526845
-4.017951
-4.312515
-4.570385
-3.452147
-4.112724
-3.514465
-1.797432
-4.305157
-1.613796
-3.914051
-4.084473
-3.586432
-3.338206
-4.200122
-1.947494
-1.708772
-4.826211
-6.520452
-4.972991
-3.944599
-3.021461
-4.199287
-4.134489
-4.129412
-4.043389
-3.718561
-5.313093
-3.965159
-5.408869
-4.400086
-4.515102
-5.281326
-3.836057
-4.127638
-4.278501
-5.910835
-4.288624
-4.675069
-4.383847
-3.622645
-5.357737
-4.043448
-5.035762
-4.048459
-5.192878
-4.575512
-3.635961
-3.453224
-4.229816
-3.307447
-5.904303
-5.107182
-5.132761
-3.526922
-5.393763
-2.852033
-6.651024
-2.545348
-4.442135
-5.020249
-5.496386
-5.649572
-5.106869
-3.885405
-5.302474
-5.114055
-4.491533
-5.139306
-5.415718
-4.495398
-3.082725
-7.113905
-4.913234
-5.858406
-5.482215
-5.462277
-6.384053
-3.386109
-4.913731
-4.980515
-6.236543
-5.902873
-4.819432
-3.859713
-5.613339
-5.408959
-5.354400
-6.055034
-7.035309
-5.735345
-5.252924
-4.608661
-3.939067
-7.673792
-6.192460
-6.603930
-5.262821
-6.543399
-5.997509
-6.112218
-3.633408
-8.658831
-6.644861
-6.046648
-6.103601
-4.756769
-6.311500
-6.015678
-7.453754
-9.317904
-6.849208
-3.888400
-5.904714
-5.162449
-7.254528
-7.631081
-6.010374
-7.930080
-4.912515
-6.598384
-6.799661
-5.619433
-6.270876
-6.838450
-7.309811
-7.448225
-9.131959
-6.923839
-9.188465
-5.099040
-5.753625
-7.721119
-7.917363
-12.390881
-6.597568
-6.341820
-7.917251
-7.566658
-5.891348
-8.096654
-6.507414
-6.527241
-6.168995
-6.661507
-7.040512
-5.280266
-7.785255
-5.484497
-6.732731
-7.983094
-7.530837
-6.262073
-7.912837
-7.504126
-9.081682
-8.259224
-6.287698
-8.814053
-8.221870
-8.949373
-6.481680
-5.466459
-3.416641
-6.395911
-7.309604
-7.282927
-6.420714
-5.648632
-8.245748
-7.874406
-7.240556
-7.686294
-6.830549
-8.610639
-7.608312
-9.571777
-8.354303
-7.249764
-8.242634
-6.965231
-7.727177
-7.766948
-8.075583
-7.646257
-8.059291
-7.350656
-7.659770
-7.684091
-7.895924
-7.661539
-9.993749
-6.097443
-7.444659
-7.192054
-7.828983
-7.429652
-7.877591
-4.938337
-7.210095
-7.381271
-7.387299
-9.863452
-8.776370
-8.136022
-8.686149
-7.679554
-7.873387
-7.748909
-7.930195
-5.318826
-9.149730
-8.292739
-6.444381
-9.015879
-6.684098
-7.741435
-7.626579
-8.794740
-5.855177
-7.887971
-7.637663
-7.717494
-7.696940
-10.426544
-8.687431
-8.757437
-8.842579
-7.975547
-8.310492
-8.285563
-7.411747
-7.673087
-9.977140
-8.765209
-9.615765
-6.436144
-8.177924
-9.537995
-7.281537
-8.129014
-7.130437
-8.430048
-6.658675
-9.684677
-8.057041
-8.876286
-8.483679
-7.148812
-6.361781
-8.089001
-9.930454
-8.512142
-7.766714
-8.408390
-9.282022
-9.002588
-8.329124
-9.274327
-7.661706
-4.763569
-9.140710
-6.945698
-8.239259
-8.265771
-7.068306
-8.225614
-9.271384
-6.820415
-8.802125
-9.663972
-9.091162
-9.690606
-8.631232
-8.132925
-7.468119
-8.928862
-9.212241
-9.078047
-8.230714
-9.116739
-9.333638
-8.086180
-8.554549
-6.949388
-9.545036
-8.917199
-9.423024
-9.551618
-8.126737
-4.148717
-11.278579
-8.853288
-8.414842
-10.324151
-7.966088
-8.762746
-8.894584
-9.521527
-7.719528
-9.362336
-9.686543
-10.453388
-9.194547
-7.775397
-9.084609
-10.204304
-10.595963
-8.176147
-9.331220
-9.752666
-10.558295
-9.339622
-9.119870
-9.653483
-8.755739
-10.237862
-8.767281
-8.663269
-8.313777
-8.222746
-9.110260
-10.336996
-9.135244
-8.610163
-9.144145
-9.886524
-9.210111
-7.994232
-7.205368
-9.343203
-10.029097
-9.582034
-8.713847
-8.040813
-11.047917
-11.132238
-9.504773
-9.307525
-9.464101
-9.373483
-8.202857
-9.840840
-9.355200
-9.092100
-9.205365
-9.102448
-9.578395
-9.846636
-9.608387
-9.053910
-8.204854
-9.735846
-10.422710
-11.305686
-9.887030
-9.664021
-8.701127
-9.624389
-8.449229
-10.534370
-9.120157
-8.826773
-11.385991
-9.467000
-7.797587
-8.039603
-9.612906
-10.333102
-9.068561
-10.067621
-9.261154
-12.422899
-8.085922
-8.969499
-10.087360
-6.002229
-8.240576
-9.404889
-11.109635
-9.290463
-10.068529
-10.316988
-9.311117
-9.665378
-9.363314
-9.622637
-10.225397
-9.505558
-9.830606
-8.918430
-9.789244
-9.313256
-8.224615
-9.511854
-10.664336
-10.431624
-9.272375
-10.372820
-10.007337
-7.687103
-9.573249
-9.323929
-8.543626
-10.616635
-10.148257
-9.433136
-7.762484
-9.369357
-9.679519
-8.571820
-7.655229
-9.717040
-10.174731
-9.428475
-9.676380
-9.024456
-9.391641
-10.265681
-9.218291
-9.211626
-9.734463
-9.737675
-11.119686
-8.131004
-9.150572
-9.692544
-10.230966
-9.989446
-9.428911
-10.358468
-9.041720
-9.837689
-9.874899
-9.410448
-9.878358
-8.558454
-8.867188
-9.669766
-9.167021
-8.823756
-9.385021
-9.144301
-9.342542
-9.145356
-9.551525
-8.945463
-8.994060
-7.987534
-9.316687
-7.605183
-7.858670
-8.375234
-9.763335
-9.291403
-9.290014
-8.662739
-10.585207
-8.548529
-9.723586
-9.190396
-9.469508
-9.212411
-9.798461
-9.162347
-9.129028
-10.990603
-9.341562
-9.220625
-9.061239
-8.616115
-9.121693
-9.720627
-8.731214
-8.296760
-8.567905
-9.031111
-9.387191
-8.562477
-9.253701
-8.914316
-9.110730
-10.679231
-9.649632
-9.147711
-9.094211
-9.529675
-9.092306
-8.783971
-9.607408
-9.019012
-8.762950
-11.086188
-8.729041
-8.569897
-8.700538
-7.727177
-8.797084
-9.459682
-8.227667
-9.261740
-10.976971
-9.533720
-8.954266
-8.663339
-8.462450
-8.813049
-8.861617
-13.395435
-7.439569
-8.135943
-9.110747
-8.409300
-8.614074
-8.604598
-7.992848
-7.093088
-11.472375
-8.905608
-7.583562
-8.139928
-9.168153
-7.730527
-8.820761
-8.666454
-7.818752
-8.014373
-9.517529
-8.867885
-9.397958
-8.934872
-8.125308
-8.190354
-11.451313
-8.193524
-8.178020
-7.838877
-8.364620
-8.292001
-7.632292
-9.584034
-8.980754
-8.561830
-8.054736
-11.009070
-9.879233
-8.785960
-8.115637
-7.812862
-8.557619
-7.858399
-8.869411
-8.064084
-7.337920
-7.556743
-7.023712
-8.409686
-8.065305
-4.832170
-8.329346
-8.095343
-8.262415
-8.357609
-8.490419
-6.738935
-8.028677
-7.775132
-7.218093
-7.980014
-6.635966
-7.060069
-6.853203
-8.114899
-7.865810
-7.478115
-7.162013
-7.598427
-7.902305
-5.424566
-5.844877
-8.681360
-6.268237
-7.819927
-7.900263
-5.834853
-8.204517
-8.342456
-7.518090
-8.510102
-7.999615
-8.132859
-8.759056
-7.546896
-6.268790
-7.607571
-8.006751
-8.003412
-7.544936
-7.217720
-5.604904
-7.814966
-7.553369
-7.717470
-7.478008
-6.450686
-6.338850
-6.535522
-7.295034
-7.097349
-7.663337
-7.908329
-7.308022
-6.044275
-8.308651
-6.925566
-6.761623
-6.345012
-6.071062
-7.247849
-7.446991
-7.495792
-8.721364
-7.588483
-6.431153
-6.921374
-7.245590
-6.320570
-6.469795
-7.102660
-5.631814
-5.256143
-6.577807
-6.990249
-4.265203
-5.729786
-7.080390
-7.307216
-8.430911
-6.612136
-7.154722
-9.182480
-5.165866
-5.834303
-5.777045
-5.924028
-7.204777
-6.607268
-3.694919
-6.750230
-6.602517
-6.105866
-6.349021
-6.980429
-6.482616
-6.046009
-6.507412
-3.552937
-5.444912
-6.494208
-3.817508
-6.640560
-6.466547
-4.778159
-6.434204
-6.287586
-5.275003
-6.371348
-5.282893
-4.654455
-6.123167
-6.547207
-6.618591
-5.158808
-5.281658
-6.507687
-6.844285
-4.723176
-6.692235
-4.013995
-4.787895
-6.927192
-5.941317
-4.313600
-7.110369
-6.088293
-5.623400
-6.152513
-5.665662
-8.072439
-5.749453
-4.593659
-5.562459
-5.724204
-5.733146
-6.576338
-4.601327
-6.857075
-3.841819
-5.231658
-5.653379
-4.599599
-5.658333
-4.407534
-4.797507
-5.159084
-5.873080
-5.396102
-5.415343
-4.170398
-4.672589
-3.938267
-6.654651
-2.253300
-4.740661
-4.962723
-5.167102
-6.929286
-6.031094
-6.125350
-4.442916
-5.010004
-5.033014
-3.640884
-5.773739
-4.034217
-4.112702
-5.392103
-3.664391
-4.560800
-5.046042
-3.167799
-3.825778
-4.560727
-3.795991
-4.767606
-4.457749
-3.339372
-4.518294
-4.178527
-4.805424
-2.794944
-4.674500
-3.251777
-4.590392
-5.659480
-4.255733
-6.202191
-4.079538
-4.551202
-3.929492
-4.630380
-4.525337
-4.630905
-4.263325
-3.006333
-2.984690
-4.348371
-4.639692
-4.242416
-2.963586
-2.652229
-4.922367
-3.646073
-4.154799
-2.988682
-4.707514
-3.849984
-3.763147
-0.713975
-1.595314
-3.702562
-3.144823
-3.880950
-3.516015
-3.661056
-2.521258
-3.600458
-3.659363
-3.780946
-2.756807
-3.509062
-3.897541
-3.977228
-2.723566
-3.876421
-3.975039
-2.916100
-2.103030
-3.665532
-3.156152
-5.158797
-2.795570
-4.638205
-3.317683
-3.290750
-1.886038
-2.472116
-3.004695
-3.524638
-4.747118
-2.304184
-2.936168
-2.663726
-2.131097
-2.625924
-3.102076
-1.444478
-1.528354
-1.922292
-1.405660
-2.708294
-2.595925
-3.271120
-3.538832
-2.982523
-3.742948
-3.498050
-2.386643
-3.229383
-2.030166
-3.121061
-2.892977
-2.913506
-2.022880
-1.221455
-1.769694
-3.073901
-2.581070
-2.763634
-2.848861
-1.493808
-2.654699
-1.486705
-2.137563
-1.480455
-2.173613
-2.294322
-2.256761
-3.184216
-0.810261
-3.280011
-1.682992
-1.375380
-1.496764
-1.236024
-1.692442
-1.796657
-2.430699
-1.951384
-1.790722
-1.683676
0.322634
-4.281923
-2.729095
-1.830427
-1.827164
-3.108238
-0.831569
-1.174052
-1.292165
-1.376388
-1.068215
-0.984657
-1.623382
-2.091024
-0.275192
-1.187322
-1.100986
-0.902462
-1.586526
-1.571766
0.205108
-2.047673
1.299242
-0.484800
-1.368367
-0.798551
-0.990225
-2.040085
-0.914838
0.769251
0.073082
-0.355273
-0.633204
0.377542
-0.639570
-2.594084
-0.634204
-1.003131
-0.632237
0.588809
0.047375
1.283214
-0.022904
-0.094141
-0.107718
1.046690
0.121489
0.794539
-0.301658
-0.916644
0.074229
-0.897821
