0.026114
0.053700
0.081369
0.108752
0.136413
0.164068
0.191415
0.218658
0.246375
0.274212
0.301918
0.329676
0.357127
0.384458
0.411854
0.439189
0.466970
0.494919
0.522786
0.550744
0.578556
0.606340
0.634224
0.662121
0.689738
0.717252
0.744793
0.772268
0.799855
0.827460
0.854993
0.882515
0.910684
0.939115
0.967508
0.996075
1.024453
1.052829
1.081394
1.110018
1.138399
1.166723
1.195121
1.223498
1.252047
1.280667
1.309259
1.337890
1.366179
1.394338
1.422553
1.450694
1.478946
1.507218
1.535409
1.563586
1.591961
1.620407
1.648829
1.677295
1.705675
1.734037
1.762448
1.790862
1.819661
1.848630
1.877587
1.906658
1.935654
1.964670
1.993808
2.023000
2.052041
2.081056
2.110133
2.139209
2.168409
2.197668
2.226920
2.256210
2.285373
2.314499
2.343670
2.372828
2.402052
2.431302
2.460537
2.489786
2.519145
2.548555
2.577974
2.607432
2.636872
2.666323
2.695815
2.725329
2.754621
2.783833
2.813077
2.842273
2.871556
2.900856
2.930104
2.959347
2.988697
3.018086
3.047465
3.076869
3.106226
3.135574
3.164949
3.194327
3.223847
3.253431
3.283013
3.312637
3.342239
3.371850
3.401508
3.431188
3.460812
3.490427
3.520068
3.549711
3.579401
3.609115
3.638828
3.668557
3.694898
3.719805
3.744874
3.768982
3.793926
3.818793
3.842629
3.866079
3.890831
3.915848
3.940401
3.965017
3.988644
4.011831
4.035123
4.058149
4.082648
4.107661
4.132336
4.157263
4.181615
4.205803
4.230276
4.254732
4.278181
4.301224
4.324296
4.347082
4.370184
4.393288
4.416085
4.438785
4.463120
4.488072
4.512852
4.538022
4.562611
4.587118
4.612051
4.637065
4.661379
4.685479
4.709696
4.733788
4.758256
4.782837
4.807274
4.831742
4.855205
4.878240
4.901350
4.924185
4.947250
4.970291
4.993039
5.015674
5.038772
5.061983
5.085057
5.108173
5.130984
5.153670
5.176413
5.199090
5.223401
5.248382
5.273225
5.298495
5.323324
5.348151
5.373439
5.398875
5.423576
5.448081
5.472776
5.497382
5.522446
5.547682
5.572808
5.598017
5.622519
5.646746
5.671089
5.695277
5.719682
5.744118
5.768386
5.792621
5.817280
5.842086
5.866837
5.891679
5.916336
5.940951
5.965666
5.990386
6.014116
6.037437
6.060806
6.083898
6.107264
6.130623
6.153684
6.176645
6.199961
6.223350
6.246616
6.269903
6.292918
6.315813
6.338740
6.361596
6.384959
6.408507
6.431961
6.455514
6.478886
6.502219
6.525662
6.549114
6.572253
6.595276
6.618322
6.641290
6.664377
6.687479
6.710496
6.733497
6.753111
6.771267
6.789552
6.806850
6.824929
6.842890
6.859797
6.876283
6.894039
6.912026
6.929515
6.947035
6.963532
6.979557
6.995653
7.011450
7.028634
7.046276
7.063549
7.081026
7.097906
7.114590
7.131507
7.148369
7.164211
7.179618
7.195013
7.210090
7.225433
7.240740
7.255706
7.270539
7.287010
7.304080
7.320939
7.338161
7.354757
7.371236
7.388116
7.405046
7.421221
7.437140
7.453146
7.468989
7.485184
7.501460
7.517554
7.533645
7.548681
7.563246
7.577854
7.592147
7.606640
7.621074
7.635175
7.649127
7.663516
7.677987
7.692282
7.706588
7.720547
7.734346
7.748168
7.761889
7.777085
7.792863
7.808473
7.824440
7.839960
7.855440
7.871308
7.887275
7.902516
7.917536
7.932693
7.947727
7.963147
7.978688
7.994087
8.009524
8.024272
8.038730
8.053255
8.067599
8.082102
8.096596
8.110896
8.125127
8.139709
8.154387
8.168976
8.183610
8.198034
8.212381
8.226782
8.241148
8.254544
8.267517
8.280495
8.293175
8.306073
8.318924
8.331457
8.343856
8.356550
8.369275
8.381845
8.394394
8.406649
8.418753
8.430847
8.442835
8.455260
8.467819
8.480250
8.492735
8.505012
8.517211
8.529476
8.541709
8.553610
8.565362
8.577098
8.588721
8.600415
8.612085
8.623636
8.635132
8.645739
8.655928
8.666099
8.675972
8.685973
8.695888
8.705489
8.714929
8.724644
8.734368
8.743912
8.753412
8.762599
8.771614
8.780595
8.789448
8.798559
8.807715
8.816728
8.825728
8.834535
8.843239
8.851937
8.860564
8.868896
8.877069
8.885180
8.893160
8.901142
8.909057
8.916835
8.924524
8.932615
8.940822
8.948917
8.957062
8.964984
8.972821
8.980719
8.988579
8.996175
9.003647
9.011092
9.018439
9.025834
9.033200
9.040463
9.047674
9.054546
9.061239
9.067891
9.074406
9.080923
9.087372
9.093679
9.099894
9.106176
9.112429
9.118582
9.124686
9.130644
9.136507
9.142324
9.148062
9.154015
9.160017
9.165927
9.171844
9.177620
9.183330
9.189052
9.194734
9.200217
9.205598
9.210946
9.216210
9.221488
9.226729
9.231884
9.236985
9.241906
9.246716
9.251478
9.256150
9.260789
9.265367
9.269851
9.274263
9.278679
9.283052
9.287350
9.291596
9.295745
9.299822
9.303848
9.307809
9.311518
9.315083
9.318591
9.321980
9.325354
9.328659
9.331842
9.334940
9.338038
9.341083
9.344039
9.346932
9.349707
9.352393
9.355019
9.357564
9.360136
9.362676
9.365132
9.367539
9.369846
9.372079
9.374265
9.376387
9.378383
9.380292
9.382137
9.383902
9.385622
9.387278
9.388851
9.390355
9.390593
9.390251
9.389891
9.389118
9.388560
9.387899
9.386801
9.385490
9.384564
9.383655
9.382506
9.381305
9.379680
9.377823
9.375929
9.373865
9.372237
9.370713
9.368994
9.367286
9.365302
9.363185
9.361089
9.358912
9.356307
9.353484
9.350594
9.347529
9.344497
9.341389
9.338098
9.334696
9.331801
9.329049
9.326160
9.323334
9.320227
9.317014
9.313877
9.310694
9.307185
9.303524
9.299830
9.296015
9.292258
9.288466
9.284547
9.280564
9.276148
9.271504
9.266812
9.261946
9.257086
9.252142
9.247018
9.241779
9.236628
9.231442
9.226131
9.220760
9.215204
9.209529
9.203798
9.197968
9.192622
9.187430
9.182113
9.176867
9.171394
9.165844
9.160375
9.154881
9.149058
9.143091
9.137113
9.131029
9.125025
9.119003
9.112868
9.106685
9.100184
9.093512
9.086804
9.079967
9.073128
9.066223
9.059184
9.052057
9.045000
9.037916
9.030738
9.023514
9.016150
9.008696
9.001200
8.993629
8.985641
8.977436
8.969170
8.960734
8.952315
8.943817
8.935141
8.926353
8.917612
8.908819
8.899908
8.890928
8.881778
8.872510
8.863177
8.853743
8.844407
8.835059
8.825602
8.816103
8.806465
8.796737
8.786971
8.777132
8.767109
8.756969
8.746761
8.736450
8.726103
8.715685
8.705162
8.694557
8.684518
8.674672
8.664715
8.654861
8.644761
8.634592
8.624540
8.614480
8.604098
8.593588
8.583083
8.572487
8.561996
8.551508
8.540920
8.530302
8.519303
8.508118
8.496918
8.485583
8.474282
8.462931
8.451440
8.439869
8.428416
8.416960
8.405416
8.393846
8.382129
8.370329
8.358508
8.346622
8.334373
8.321936
8.309450
8.296815
8.284202
8.271523
8.258691
8.245764
8.232877
8.219946
8.206915
8.193825
8.180591
8.167257
8.153867
8.140392
8.127015
8.113633
8.100158
8.086651
8.073023
8.059320
8.045588
8.031796
8.017842
8.003788
7.989678
7.975481
7.961258
7.946976
7.932604
7.918164
7.903277
7.888157
7.872986
7.857636
7.842303
7.826888
7.811288
7.795572
7.779935
7.764259
7.748458
7.732593
7.716545
7.700376
7.684147
7.667818
7.651568
7.635297
7.618918
7.602492
7.585933
7.569285
7.552593
7.535825
7.518879
7.501818
7.484686
7.467451
7.450176
7.432827
7.415374
7.397837
7.380432
7.363032
7.345540
7.328025
7.310368
7.292630
7.274874
7.257057
7.239080
7.221006
7.202875
7.184658
7.166416
7.148118
7.129731
7.111276
7.092628
7.073858
7.055025
7.036088
7.017108
6.998054
6.978893
6.959647
6.940387
6.921070
6.901665
6.882194
6.862615
6.842949
6.823220
6.803411
6.783250
6.762895
6.742473
6.721894
6.701307
6.680636
6.659802
6.638859
6.617936
6.596954
6.575856
6.554683
6.533354
6.511910
6.490394
6.468778
6.447213
6.425614
6.403908
6.382147
6.360257
6.338275
6.316240
6.294126
6.271847
6.249456
6.226990
6.204421
6.181801
6.159104
6.136302
6.113415
6.090562
6.067673
6.044692
6.021659
5.998505
5.975265
5.951975
5.928612
5.905121
5.881535
5.857879
5.834134
5.810335
5.786464
5.762504
5.738467
5.714277
5.689977
5.665603
5.641129
5.616592
5.591974
5.567256
5.542449
5.517596
5.492672
5.467658
5.442567
5.417375
5.392094
5.366738
5.341297
5.315942
5.290575
5.265117
5.239624
5.214007
5.188312
5.162586
5.136796
5.110855
5.084817
5.058720
5.032536
5.006320
4.980042
4.953676
4.927240
4.900653
4.873960
4.847200
4.820346
4.793436
4.766451
4.739371
4.712209
4.685013
4.657753
4.630409
4.602997
4.575487
4.547895
4.520235
4.492497
4.464585
4.436557
4.408455
4.380248
4.351989
4.323652
4.295208
4.266676
4.238100
4.209452
4.180715
4.151902
4.122984
4.093977
4.064895
4.035727
4.006531
3.977274
3.947930
3.918518
3.889010
3.859420
3.829763
3.800028
3.770185
3.740253
3.710245
3.680151
3.649991
3.619754
3.589430
3.559027
3.532075
3.506545
3.480782
3.455953
3.430186
3.404432
3.379683
3.355269
3.329445
3.303284
3.277539
3.251663
3.226747
3.202222
3.177523
3.153036
3.126939
3.100237
3.073822
3.047075
3.020866
2.994759
2.968289
2.941768
2.916233
2.891056
2.865781
2.840738
2.815298
2.789789
2.764534
2.739313
2.712357
2.684705
2.657165
2.629163
2.601690
2.574238
2.546285
2.518185
2.490735
2.463440
2.435960
2.408543
2.380678
2.352634
2.324672
2.296614
2.269521
2.242803
2.215944
2.189303
2.162362
2.135380
2.108635
2.081940
2.054708
2.027295
1.999959
1.972514
1.945318
1.918186
1.890931
1.863680
1.834620
1.804778
1.775018
1.744735
1.714857
1.684915
1.654414
1.623689
1.593680
1.563811
1.533675
1.503566
1.472903
1.441990
1.411127
1.380109
1.349782
1.319682
1.289392
1.259201
1.228712
1.198122
1.167646
1.137140
1.106113
1.074862
1.043604
1.012182
0.980892
0.949580
0.918094
0.886538
0.855964
0.825757
0.795433
0.765336
0.734881
0.704368
0.674104
0.643880
0.613213
0.582402
0.551655
0.520820
0.490206
0.459651
0.428998
0.398353
0.367104
0.335591
0.304112
0.272461
0.240935
0.209385
0.177651
0.145841
0.114296
0.082808
0.051229
0.019666
-0.012089
-0.043928
-0.075742
-0.107606
-0.135453
-0.161612
-0.187995
-0.213257
-0.239532
-0.265736
-0.290738
-0.315302
-0.341465
-0.367976
-0.393955
-0.420041
-0.444964
-0.469387
-0.493965
-0.518253
-0.544290
-0.570951
-0.597237
-0.623841
-0.649793
-0.675577
-0.701716
-0.727857
-0.752835
-0.777358
-0.801936
-0.826202
-0.850859
-0.875543
-0.899885
-0.924137
-0.950425
-0.977500
-1.004390
-1.031787
-1.058501
-1.085142
-1.112335
-1.139657
-1.166142
-1.192390
-1.218811
-1.245107
-1.271892
-1.298845
-1.325649
-1.352518
-1.378188
-1.403363
-1.428658
-1.453644
-1.478939
-1.504233
-1.529196
-1.554050
-1.579498
-1.605112
-1.630585
-1.656140
-1.681348
-1.706432
-1.731614
-1.756743
-1.785320
-1.815350
-1.845177
-1.875963
-1.905893
-1.935886
-1.966907
-1.998305
-2.028296
-2.057973
-2.088109
-2.118144
-2.149185
-2.180655
-2.211981
-2.243554
-2.273675
-2.303279
-2.333200
-2.362859
-2.393059
-2.423399
-2.453449
-2.483497
-2.514521
-2.545929
-2.577292
-2.608918
-2.640220
-2.671502
-2.703072
-2.734719
-2.764516
-2.793591
-2.822830
-2.851605
-2.880989
-2.910433
-2.939371
-2.968186
-2.997759
-3.027545
-3.057166
-3.086898
-3.116177
-3.145298
-3.174551
-3.203738
-3.233996
-3.264693
-3.295276
-3.326131
-3.356703
-3.387270
-3.418128
-3.449079
-3.479490
-3.509745
-3.540121
-3.570418
-3.601020
-3.631728
-3.662342
-3.692998
-3.721414
-3.748886
-3.776498
-3.803489
-3.831035
-3.858541
-3.885383
-3.911981
-3.939513
-3.967258
-3.994706
-4.022226
-4.049090
-4.075679
-4.102368
-4.128901
-4.156359
-4.184149
-4.211737
-4.239494
-4.266909
-4.294237
-4.321752
-4.349269
-4.376164
-4.402815
-4.429497
-4.456011
-4.482735
-4.509473
-4.536030
-4.562538
-4.568378
-4.565383
-4.563228
-4.555100
-4.551884
-4.548049
-4.537826
-4.525115
-4.520159
-4.516659
-4.510200
-4.503984
-4.491621
-4.476443
-4.461759
-4.445316
-4.475306
-4.524280
-4.569435
-4.626778
-4.671353
-4.715804
-4.773391
-4.835157
-4.876482
-4.912460
-4.953749
-4.992628
-5.044357
-5.100988
-5.154611
-5.210612
-5.240094
-5.259087
-5.281662
-5.298037
-5.350980
-5.416956
-5.474967
-5.539569
-5.925433
-6.450239
-6.103987
-5.486231
-11.210009
-9.763462
-10.597414
-9.713104
-10.207092
-10.723821
-10.488424
-10.089604
-10.085659
-10.093508
-9.909183
-9.690429
-9.802130
-10.017955
-10.182364
-10.408683
-10.464516
-10.471374
-10.549260
-10.616366
-10.689486
-10.767633
-10.901452
-11.061951
-10.721105
-10.185336
-12.653219
-10.577852
-11.247082
-11.273159
-11.301968
-11.321175
-11.349489
-11.377469
-11.395136
-11.409222
-11.420884
-11.428744
-11.432920
-11.433490
-11.428169
-11.418263
-11.404848
-11.387168
-11.367005
-11.343417
-11.315492
-11.283853
-11.247744
-11.207535
-11.163639
-11.115780
-11.145379
-11.205690
-11.258528
-11.330781
-11.379408
-11.426290
-11.494227
-11.567804
-11.606660
-11.635615
-11.672073
-11.703405
-11.754815
-11.813159
-11.865393
-11.920404
-11.936483
-11.936651
-11.941323
-11.936332
-11.941552
-11.947065
-11.942172
-11.934070
-11.946491
-11.965038
-11.979296
-11.996773
-12.003115
-12.005773
-12.012210
-12.017349
-12.033189
-12.053373
-12.071784
-12.092608
-12.110755
-12.128708
-12.149260
-12.170544
-12.184850
-12.196806
-12.209840
-12.221493
-12.236311
-12.251941
-12.266014
-12.280140
-12.291642
-12.301888
-12.312290
-12.321892
-12.331710
-12.341262
-12.349978
-12.358236
-12.367923
-12.377916
-12.387366
-12.396880
-12.405365
-12.413384
-12.421509
-12.429351
-12.444244
-12.462015
-12.479192
-12.498210
-12.515286
-12.532335
-12.551370
-12.571032
-12.587559
-12.603257
-12.619754
-12.635871
-12.653938
-12.672740
-12.691070
-12.709751
-12.725277
-12.739576
-12.754369
-12.768463
-12.783511
-12.798688
-12.813106
-12.827361
-12.843476
-12.860226
-12.876722
-12.893604
-12.909655
-12.925505
-12.941790
-12.958077
-12.970245
-12.980707
-12.991354
-13.000843
-13.011465
-13.022046
-13.031382
-13.040289
-13.050655
-13.061308
-13.071444
-13.081650
-13.090722
-13.099291
-13.107975
-13.116354
-13.126843
-13.138100
-13.148949
-13.160208
-13.170701
-13.181017
-13.191787
-13.202586
-13.212070
-13.221057
-13.230134
-13.238877
-13.248103
-13.257387
-13.266306
-13.275148
-13.287616
-13.301553
-13.315251
-13.329919
-13.343524
-13.357107
-13.371739
-13.386694
-13.400241
-13.413451
-13.427065
-13.440544
-13.454985
-13.469813
-13.484464
-13.499323
-13.512285
-13.524519
-13.537048
-13.549161
-13.561876
-13.574684
-13.587037
-13.599304
-13.612660
-13.626391
-13.639982
-13.653805
-13.667145
-13.680374
-13.693861
-13.707356
-13.719318
-13.730657
-13.742072
-13.753065
-13.764515
-13.775969
-13.786968
-13.797824
-13.809209
-13.820705
-13.832026
-13.843380
-13.854334
-13.865114
-13.875944
-13.886672
-13.898265
-13.910183
-13.921958
-13.933916
-13.945583
-13.957198
-13.969014
-13.980859
-13.992203
-14.003369
-14.014590
-14.025697
-14.037014
-14.048374
-14.059607
-14.070829
-14.075994
-14.078565
-14.081383
-14.082450
-14.084936
-14.087231
-14.087653
-14.087340
-14.089319
-14.091731
-14.093267
-14.094877
-14.094672
-14.093638
-14.092751
-14.091345
-14.092451
-14.094400
-14.095704
-14.097395
-14.098032
-14.098335
-14.099078
-14.099739
-14.098588
-14.096674
-14.094757
-14.092290
-14.090319
-14.088301
-14.085692
-14.082861
-14.082978
-14.084183
-14.085027
-14.086539
-14.086950
-14.087168
-14.088122
-14.089182
-14.088911
-14.088201
-14.087665
-14.086855
-14.086691
-14.086691
-14.086382
-14.086087
-14.083921
-14.080932
-14.078036
-14.074597
-14.071531
-14.068379
-14.064648
-14.060671
-14.057492
-14.054475
-14.051164
-14.047889
-14.044013
-14.039867
-14.035781
-14.031531
-14.031347
-14.032823
-14.033954
-14.036146
-14.037216
-14.038268
-14.040465
-14.043023
-14.043769
-14.044035
-14.044761
-14.045266
-14.046894
-14.048945
-14.050722
-14.052700
-14.052856
-14.052302
-14.052033
-14.051358
-14.051231
-14.051178
-14.050685
-14.050097
-14.050580
-14.051427
-14.052127
-14.053048
-14.053487
-14.053810
-14.054381
-14.054952
-14.053143
-14.050349
-14.047659
-14.044299
-14.041592
-14.038859
-14.035406
-14.031704
-14.028842
-14.026145
-14.023147
-14.020188
-14.016574
-14.012666
-14.008825
-14.004804
-14.002001
-13.999639
-13.997040
-13.994676
-13.991868
-13.988956
-13.986305
-13.983669
-13.980273
-13.976587
-13.972952
-13.969123
-13.965571
-13.962051
-13.958318
-13.954539
-13.949013
-13.942699
-13.936412
-13.929581
-13.923066
-13.916434
-13.909227
-13.901753
-13.894912
-13.888155
-13.881090
-13.874001
-13.866334
-13.858377
-13.850417
-13.842258
-13.834662
-13.827212
-13.819532
-13.811882
-13.803908
-13.795787
-13.787709
-13.779545
-13.770853
-13.761899
-13.752881
-13.743656
-13.734494
-13.725253
-13.715797
-13.706219
-13.697561
-13.689215
-13.680702
-13.672360
-13.663616
-13.654764
-13.646106
-13.637437
-13.628275
-13.618919
-13.609574
-13.600092
-13.590777
-13.581470
-13.572013
-13.562514
-13.552370
-13.541918
-13.531447
-13.520756
-13.510136
-13.499441
-13.488514
-13.477461
-13.466617
-13.455778
-13.444797
-13.433781
-13.422525
-13.411136
-13.399719
-13.388203
-13.377248
-13.366482
-13.355588
-13.344789
-13.333750
-13.322641
-13.311639
-13.300623
-13.289242
-13.277710
-13.266181
-13.254545
-13.243016
-13.231484
-13.219834
-13.208145
-13.196126
-13.183934
-13.171714
-13.159367
-13.147028
-13.134628
-13.122096
-13.109481
-13.096953
-13.084408
-13.071773
-13.059100
-13.046287
-13.033388
-13.020456
-13.007454
-12.993970
-12.980244
-12.966467
-12.952504
-12.938583
-12.924586
-12.910395
-12.896091
-12.881864
-12.867597
-12.853207
-12.838755
-12.824117
-12.809359
-12.794543
-12.779626
-12.764845
-12.750069
-12.735182
-12.720265
-12.705201
-12.690050
-12.674873
-12.659628
-12.644182
-12.628617
-12.612990
-12.597260
-12.581506
-12.565687
-12.549762
-12.533758
-12.517485
-12.501049
-12.484542
-12.467901
-12.451220
-12.434451
-12.417543
-12.400531
-12.383520
-12.366445
-12.349261
-12.332001
-12.314601
-12.297094
-12.279514
-12.261838
-12.244144
-12.226391
-12.208538
-12.190612
-12.172578
-12.154454
-12.136258
-12.117979
-12.099569
-12.081055
-12.062460
-12.043768
-12.025008
-12.006164
-11.987222
-11.968192
-11.949202
-11.930177
-11.911059
-11.891888
-11.872596
-11.853218
-11.833791
-11.814289
-11.794653
-11.774921
-11.755117
-11.735223
-11.715277
-11.695259
-11.675149
-11.654962
-11.634623
-11.614174
-11.593650
-11.573026
-11.552338
-11.531567
-11.510695
-11.489735
-11.468728
-11.447648
-11.426477
-11.405230
-11.383880
-11.362441
-11.340926
-11.319326
-11.299447
-11.280252
-11.260894
-11.241970
-11.222525
-11.203045
-11.184035
-11.165153
-11.145504
-11.125637
-11.105940
-11.086132
-11.066773
-11.047570
-11.028235
-11.008965
-10.988835
-10.968357
-10.947981
-10.927394
-10.907037
-10.886689
-10.866114
-10.845470
-10.825285
-10.805238
-10.785099
-10.765034
-10.744726
-10.724340
-10.704040
-10.683715
-10.662446
-10.640772
-10.619113
-10.597171
-10.575460
-10.553715
-10.531668
-10.509501
-10.487629
-10.465794
-10.443820
-10.421836
-10.399576
-10.377178
-10.354781
-10.332290
-10.310256
-10.288372
-10.266372
-10.244441
-10.222311
-10.200117
-10.178003
-10.155870
-10.133416
-10.110825
-10.088231
-10.065537
-10.042928
-10.020309
-9.997583
-9.974816
-9.951104
-9.926959
-9.902812
-9.878360
-9.854067
-9.829697
-9.805006
-9.780160
-9.681697
-9.551802
-9.989793
-10.646893
-7.963232
-10.329686
-9.606275
-9.580936
-9.555895
-9.530923
-9.505814
-9.480709
-9.455413
-9.430023
-9.404646
-9.379210
-9.353472
-9.327580
-9.301639
-9.275574
-9.249530
-9.223432
-9.197203
-9.170896
-9.145038
-9.119319
-9.093499
-9.067749
-9.041776
-9.015731
-8.989767
-8.963780
-8.937527
-8.911159
-8.884779
-8.858312
-8.831912
-8.805499
-8.778992
-8.752447
-8.725555
-8.698489
-8.671396
-8.644173
-8.616970
-8.589711
-8.562317
-8.534841
-8.507454
-8.480053
-8.452563
-8.425037
-8.397372
-8.369621
-8.341839
-8.313989
-8.287704
-8.262050
-8.236257
-8.210867
-8.185024
-8.159162
-8.133735
-8.108437
-8.082446
-8.056267
-8.030255
-8.004151
-7.978467
-7.952937
-7.927296
-7.901725
-7.875407
-7.848793
-7.822283
-7.795598
-7.769125
-7.742673
-7.716032
-7.689342
-7.663070
-7.636933
-7.610727
-7.584598
-7.558266
-7.531876
-7.505575
-7.479263
-7.452078
-7.424525
-7.397000
-7.369222
-7.341672
-7.314104
-7.286264
-7.258325
-7.230677
-7.203078
-7.175360
-7.147646
-7.119685
-7.091608
-7.063544
-7.035405
-7.007704
-6.980156
-6.952511
-6.924943
-6.897202
-6.869414
-6.841712
-6.814006
-6.786012
-6.757903
-6.729803
-6.701622
-6.673533
-6.645447
-6.617273
-6.589073
-6.560089
-6.530749
-6.501415
-6.471835
-6.442393
-6.412895
-6.383136
-6.353254
-6.323645
-6.294067
-6.264348
-6.234613
-6.204617
-6.174487
-6.144350
-6.114120
-6.084145
-6.054234
-6.024215
-5.994207
-5.964048
-5.933818
-5.903606
-5.873351
-5.842853
-5.812233
-5.781580
-5.750831
-5.720107
-5.689344
-5.658481
-5.627558
-5.597027
-5.566625
-5.536144
-5.505732
-5.475139
-5.444493
-5.413925
-5.383346
-5.352550
-5.321664
-5.290776
-5.259823
-5.228937
-5.198047
-5.167087
-5.136103
-5.104833
-5.073423
-5.041999
-5.010474
-4.978974
-4.947435
-4.915790
-4.884084
-4.852463
-4.820838
-4.789146
-4.757433
-4.725610
-4.693723
-4.661818
-4.629864
-4.601447
-4.574511
-4.547371
-4.521213
-4.494146
-4.467130
-4.441167
-4.415581
-4.388586
-4.361280
-4.334433
-4.307486
-4.281551
-4.256050
-4.230405
-4.205010
-4.178039
-4.150499
-4.123284
-4.095774
-4.068837
-4.042040
-4.014915
-3.987777
-3.961665
-3.935949
-3.910173
-3.884665
-3.858797
-3.832894
-3.807285
-3.781747
-3.754440
-3.726444
-3.698600
-3.670311
-3.642605
-3.614955
-3.586821
-3.558567
-3.531027
-3.503684
-3.476184
-3.448784
-3.420954
-3.392971
-3.365109
-3.337183
-3.310290
-3.283820
-3.257238
-3.230917
-3.204320
-3.177715
-3.151391
-3.125154
-3.098394
-3.071482
-3.044684
-3.017809
-2.991226
-2.964743
-2.938169
-2.911632
-2.883370
-2.854381
-2.825507
-2.796157
-2.767235
-2.738284
-2.708824
-2.679179
-2.650269
-2.621530
-2.592564
-2.563660
-2.534250
-2.504631
-2.475095
-2.445443
-2.416492
-2.387795
-2.358947
-2.330229
-2.301256
-2.272219
-2.243326
-2.214437
-2.185078
-2.155536
-2.126020
-2.096379
-2.066899
-2.037433
-2.007830
-1.978193
-1.949556
-1.921314
-1.892991
-1.864925
-1.836544
-1.808140
-1.780015
-1.751964
-1.723512
-1.694954
-1.666492
-1.637980
-1.609719
-1.581551
-1.553320
-1.525133
-1.496388
-1.467419
-1.438519
-1.409484
-1.380606
-1.351740
-1.322727
-1.293675
-1.184236
-1.040560
-1.516752
-2.232139
0.698035
-1.883093
-1.092346
-1.063519
-1.037638
-1.013011
-0.988243
-0.964315
-0.939677
-0.915116
-0.891453
-0.868133
-0.843667
-0.818970
-0.794684
-0.770343
-0.746874
-0.723794
-0.700623
-0.677688
-0.653514
-0.628915
-0.604612
-0.580105
-0.556093
-0.532227
-0.508130
-0.484056
-0.460848
-0.437994
-0.415125
-0.392507
-0.369631
-0.346761
-0.324162
-0.301654
-0.277667
-0.253123
-0.228738
-0.204004
-0.179795
-0.155664
-0.131148
-0.106561
-0.082616
-0.058869
-0.035018
-0.011283
0.012790
0.036964
0.061004
0.085069
0.108229
0.131001
0.153837
0.176424
0.199214
0.221980
0.244479
0.266875
0.289684
0.312593
0.335375
0.358193
0.380734
0.403159
0.425634
0.448046
0.471758
0.496000
0.520121
0.544577
0.568674
0.592761
0.617209
0.641769
0.665727
0.689519
0.713456
0.737312
0.761528
0.785874
0.810123
0.834430
0.858170
0.881686
0.905285
0.928755
0.952387
0.976037
0.999546
1.023021
1.046824
1.070737
1.094598
1.118524
1.142295
1.166025
1.189828
1.213626
1.236610
1.259252
1.281926
1.304366
1.327022
1.349663
1.372054
1.394354
1.416937
1.439572
1.462100
1.484635
1.506941
1.529142
1.551361
1.573514
1.596071
1.618770
1.641385
1.664072
1.686604
1.709096
1.731670
1.754243
1.776554
1.798762
1.820981
1.843129
1.865364
1.887605
1.909768
1.931910
1.952073
1.971376
1.990742
2.009522
2.028738
2.047872
2.066382
2.084633
2.103613
2.122717
2.141517
2.160323
2.178520
2.196429
2.214369
2.232121
2.250655
2.269437
2.287992
2.306650
2.324951
2.343125
2.361419
2.379665
2.397311
2.414692
2.432051
2.449214
2.466514
2.483779
2.500833
2.517797
2.535716
2.553977
2.572100
2.590426
2.608371
2.626234
2.644322
2.662427
2.680073
2.697556
2.715077
2.732491
2.750099
2.767744
2.785269
2.802780
2.819658
2.836246
2.852847
2.869250
2.885758
2.902220
2.918473
2.934627
2.951025
2.967459
2.983778
3.000091
3.016187
3.032177
3.048168
3.064087
3.080817
3.097859
3.114791
3.131908
3.148761
3.165577
3.182595
3.199653
3.216289
3.232786
3.249345
3.265820
3.282497
3.299227
3.315862
3.332503
3.348746
3.364812
3.380901
3.396875
3.412922
3.428949
3.444853
3.460704
3.476735
3.492806
3.508812
3.524827
3.540712
3.556538
3.572380
3.588187
3.603432
3.618424
3.633404
3.648201
3.663107
3.677971
3.692641
3.707221
3.721953
3.736687
3.751320
3.765926
3.780352
3.794678
3.808983
3.823214
3.837677
3.852200
3.866636
3.881089
3.895409
3.909671
3.923955
3.938207
3.952256
3.966207
3.980134
3.993982
4.007856
4.021702
4.035466
4.049185
4.060371
4.070450
4.080591
4.089971
4.099897
4.109706
4.118704
4.127360
4.136916
4.146609
4.155903
4.165186
4.173685
4.181802
4.189939
4.197823
4.206708
4.215903
4.224792
4.233802
4.242338
4.250695
4.259196
4.267625
4.275265
4.282551
4.289797
4.296776
4.303922
4.311009
4.317813
4.324487
4.332322
4.340560
4.348611
4.356894
4.364687
4.372361
4.380295
4.388232
4.395586
4.402722
4.409887
4.416901
4.424138
4.431401
4.508270
4.614793
4.184403
3.546826
6.061778
3.810279
4.474924
4.480578
4.485955
4.491191
4.496712
4.502260
4.507647
4.513008
4.518084
4.523009
4.527918
4.532720
4.538608
4.544905
4.551044
4.557423
4.563433
4.569381
4.575593
4.581848
4.587524
4.593004
4.598555
4.603984
4.609674
4.615424
4.621037
4.626647
4.631704
4.636509
4.641335
4.645993
4.650741
4.655451
4.659984
4.664433
4.669118
4.673846
4.678475
4.683107
4.687550
4.691903
4.696267
4.700573
4.704118
4.707314
4.710484
4.713398
4.716445
4.719426
4.722137
4.724716
4.727487
4.730249
4.732864
4.735432
4.737749
4.739920
4.742054
4.744077
4.746397
4.748789
4.751052
4.753326
4.755412
4.757410
4.759425
4.761386
4.763066
4.764603
4.766096
4.767474
4.768875
4.770227
4.771458
4.772617
4.771521
4.769418
4.767337
4.764555
4.762216
4.759739
4.756518
4.752962
4.750169
4.747464
4.744374
4.741243
4.737388
4.733164
4.728926
4.724432
4.720772
4.717347
4.713620
4.709964
4.705860
4.701567
4.697363
4.693061
4.688038
4.682671
4.677235
4.671531
4.665937
4.660257
4.654296
4.648186
4.643081
4.638303
4.633327
4.628526
4.623256
4.617848
4.612641
4.607404
4.601614
4.595597
4.589574
4.583385
4.577362
4.571331
4.565120
4.558847
4.551825
4.544436
4.537014
4.529325
4.521705
4.513985
4.505987
4.497832
4.489899
4.481957
4.473840
4.465668
4.457209
4.448585
4.439915
4.431117
4.423205
4.415606
4.407837
4.400234
4.392283
4.384244
4.376392
4.368541
4.360162
4.351578
4.343020
4.334321
4.325809
4.317312
4.308662
4.299973
4.290781
4.281340
4.271880
4.262242
4.252644
4.242978
4.233125
4.223166
4.213370
4.203574
4.193659
4.183710
4.173565
4.163308
4.153024
4.142655
4.131599
4.120209
4.108761
4.097058
4.085433
4.073717
4.061733
4.049601
4.037598
4.025552
4.013344
4.001061
3.988526
3.975833
3.963071
3.950178
3.937505
3.924856
3.848141
3.744201
4.131214
4.707584
2.395772
4.450376
3.833209
3.819544
3.805807
3.791934
3.778046
3.764081
3.749976
3.735774
3.725457
3.716732
3.707738
3.699787
3.690761
3.681737
3.673838
3.666304
3.657181
3.647674
3.638622
3.629415
3.621277
3.613568
3.605657
3.597975
3.588444
3.578211
3.568293
3.557984
3.548278
3.538679
3.528651
3.518556
3.509570
3.500979
3.492267
3.483805
3.474881
3.465864
3.457127
3.448415
3.437774
3.426354
3.415046
3.403217
3.391964
3.380725
3.368921
3.356945
3.345675
3.334566
3.323242
3.311977
3.300208
3.288230
3.276332
3.264318
3.253366
3.242821
3.232109
3.221629
3.210805
3.199927
3.189302
3.178722
3.167536
3.156139
3.144818
3.133367
3.122182
3.111057
3.099787
3.088510
3.074699
3.059791
3.044986
3.029441
3.014462
2.999388
2.983526
2.967344
2.952141
2.937122
2.921723
2.906353
2.890205
2.873701
2.857255
2.840586
2.824897
2.809526
2.793881
2.778373
2.762433
2.746345
2.730415
2.714436
2.697714
2.680670
2.663610
2.646313
2.629198
2.612048
2.532017
2.425234
2.729782
3.190157
1.367749
4.034858
0.866746
3.154067
2.465795
2.450017
2.433629
2.417038
2.400522
2.383879
2.367524
2.351241
2.334814
2.318390
2.301130
2.283501
2.265910
2.248073
2.230398
2.212681
2.194702
2.176610
2.158870
2.141199
2.123393
2.105599
2.087534
2.069345
2.051179
2.032936
2.013758
1.994149
1.974501
1.954534
1.934730
1.914840
1.894615
1.874224
1.854056
1.833871
1.813502
1.793070
1.772327
1.751402
1.730424
1.709306
1.688557
1.667894
1.647069
1.626255
1.605203
1.584037
1.562891
1.541675
1.520106
1.498356
1.476549
1.454596
1.432668
1.410677
1.388533
1.366296
1.344287
1.322316
1.300237
1.278155
1.255885
1.233522
1.211162
1.188740
1.166120
1.143385
1.120595
1.097707
1.074810
1.051858
1.028804
1.005679
0.982278
0.958716
0.935092
0.911337
0.887552
0.863687
0.839687
0.815589
0.791505
0.767368
0.743127
0.718818
0.694372
0.669826
0.645214
0.620513
0.592080
0.562009
0.532007
0.500870
0.470536
0.440018
0.408293
0.376053
0.345091
0.314305
0.282921
0.251500
0.218921
0.185768
0.152622
0.119088
0.087057
0.055484
0.023445
-0.008419
-0.041012
-0.073881
-0.106541
-0.139319
-0.173288
-0.207797
-0.242376
-0.277363
-0.312109
-0.346951
-0.382227
-0.417707
-0.433584
-0.441261
-0.449998
-0.453267
-0.461614
-0.469671
-0.471858
-0.471950
-0.479660
-0.489009
-0.495813
-0.503108
-0.504814
-0.504102
-0.504121
-0.502725
-0.565200
-0.654268
-0.739123
-0.841410
-0.927098
-1.013445
-1.118520
-1.230115
-1.227244
-1.180708
-1.146004
-1.083753
-1.036800
-0.984701
-0.903519
-0.809171
-0.996823
-1.295216
-1.567590
-1.910649
-0.105430
2.583507
3.038170
3.183758
3.475231
3.447353
3.075485
2.423045
2.519884
2.767633
2.689905
2.623746
2.708923
2.829450
2.952842
3.110044
3.143283
3.139922
3.176928
3.200832
3.151710
3.069650
2.977497
2.857881
2.755820
2.647290
2.509495
2.358075
2.384079
2.476091
2.546117
2.656508
2.702227
2.737016
2.816202
2.902310
2.906338
2.883385
2.871488
2.842961
2.854240
2.875834
2.878584
2.882366
2.831765
2.756514
2.684525
2.596613
2.517177
2.434231
2.334463
2.226791
2.145567
2.070110
1.985198
1.901764
1.799406
1.688688
1.580242
1.466842
1.440983
1.450291
1.450714
1.473107
1.470292
1.466106
1.485678
1.512048
1.496947
1.469901
1.451869
1.427683
1.427114
1.434665
1.434899
1.438326
1.402328
1.350277
1.303172
1.246475
1.200136
1.154233
1.097992
1.038654
1.000969
0.969950
0.934710
0.903090
0.860188
0.813734
0.771481
0.728156
0.702020
0.683139
0.662442
0.646192
0.626032
0.606101
0.590927
0.577471
0.554858
0.529659
0.506669
0.482438
0.463478
0.446414
0.427854
0.410105
0.387402
0.362813
0.339265
0.314751
0.291749
0.269049
0.245292
0.221387
0.200991
0.181905
0.162506
0.143960
0.124105
0.104060
0.084951
0.066014
0.037085
0.004086
-0.028299
-0.063388
-0.095612
-0.127818
-0.162942
-0.198996
-0.231223
-0.262568
-0.295063
-0.327228
-0.362077
-0.398035
-0.433546
-0.469669
-0.500650
-0.529683
-0.559569
-0.588360
-0.618841
-0.649618
-0.679197
-0.708582
-0.740993
-0.774474
-0.807616
-0.841435
-0.873978
-0.906259
-0.939294
-0.972392
-1.001298
-1.028529
-1.056012
-1.082373
-1.110038
-1.137758
-1.164263
-1.190416
-1.218078
-1.246088
-1.273659
-1.301365
-1.328006
-1.354212
-1.380601
-1.406750
-1.435326
-1.464842
-1.494006
-1.523719
-1.552674
-1.581526
-1.610975
-1.640549
-1.668784
-1.696570
-1.724549
-1.752258
-1.780590
-1.809081
-1.837268
-1.865465
-1.892685
-1.919462
-1.946289
-1.972828
-1.999521
-2.026150
-2.052474
-2.078654
-2.105289
-2.132018
-2.158576
-2.185153
-2.211393
-2.237480
-2.263600
-2.289627
-2.315852
-2.342121
-2.368285
-2.394447
-2.420483
-2.446453
-2.472424
-2.498352
-2.524049
-2.549626
-2.575169
-2.600616
-2.626079
-2.651501
-2.676823
-2.702085
-2.728136
-2.754485
-2.780737
-2.807171
-2.833326
-2.859438
-2.952167
-3.073190
-2.683516
-2.096854
-4.511177
-2.388437
-3.041685
-3.067753
-3.093737
-3.119729
-3.145263
-3.170597
-3.195958
-3.221188
-3.246511
-3.271815
-3.296979
-3.322085
-3.347394
-3.372747
-3.398030
-3.423326
-3.448475
-3.473560
-3.498664
-3.523730
-3.549793
-3.576264
-3.602654
-3.629306
-3.655687
-3.682067
-3.708728
-3.735481
-3.761794
-3.787992
-3.814305
-3.840566
-3.867106
-3.893751
-3.920332
-3.946965
-3.973156
-3.999177
-4.025269
-4.051266
-4.077399
-4.103554
-4.129603
-4.155632
-4.181925
-4.208311
-4.234663
-4.261072
-4.287366
-4.313634
-4.339966
-4.366301
-4.392055
-4.417571
-4.443116
-4.468499
-4.494044
-4.519587
-4.544955
-4.570265
-4.595784
-4.621347
-4.646838
-4.672342
-4.697688
-4.722965
-4.748261
-4.773515
-4.799071
-4.824738
-4.850349
-4.876021
-4.901587
-4.927130
-4.952740
-4.978356
-5.003789
-5.029153
-5.054534
-5.079869
-5.105275
-5.130691
-5.156058
-5.181417
-5.206354
-5.231101
-5.255858
-5.280485
-5.305192
-5.329873
-5.354417
-5.378898
-5.403537
-5.428198
-5.452787
-5.477373
-5.501822
-5.526202
-5.550584
-5.574921
-5.599397
-5.623911
-5.648372
-5.672843
-5.697238
-5.721600
-5.745975
-5.770331
-5.794562
-5.818732
-5.842889
-5.866999
-5.891126
-5.915237
-5.939298
-5.963333
-5.987594
-6.011933
-6.036235
-6.060581
-6.084832
-6.109060
-6.133337
-6.157615
-6.181775
-6.205890
-6.230011
-6.254101
-6.278235
-6.302374
-6.326478
-6.350575
-6.374518
-6.398388
-6.422257
-6.446075
-6.469913
-6.493735
-6.517503
-6.541244
-6.565038
-6.588836
-6.612602
-6.636363
-6.660067
-6.683742
-6.707413
-6.731063
-6.751189
-6.769806
-6.788553
-6.806274
-6.824829
-6.843270
-6.860616
-6.877531
-6.895740
-6.914181
-6.932113
-6.950073
-6.966983
-6.983406
-6.999899
-7.016084
-7.033773
-7.051965
-7.069773
-7.087811
-7.105216
-7.122418
-7.139883
-7.157300
-7.173636
-7.189518
-7.205396
-7.220947
-7.236791
-7.252607
-7.268070
-7.283400
-7.300340
-7.317864
-7.335179
-7.352850
-7.369900
-7.386829
-7.404151
-7.421519
-7.438148
-7.454526
-7.383451
-7.274970
-7.839409
-8.663385
-5.532131
-8.380355
-7.569181
-7.584190
-7.599238
-7.613972
-7.628902
-7.643773
-7.658310
-7.672697
-7.687516
-7.702413
-7.717133
-7.731862
-7.746245
-7.760465
-7.774708
-7.788846
-7.804701
-7.821240
-7.837598
-7.854382
-7.870658
-7.886898
-7.903599
-7.920426
-7.936435
-7.952203
-7.968140
-7.983950
-8.000215
-8.016633
-8.032900
-8.049223
-8.064750
-8.079950
-8.095240
-8.110331
-8.125621
-8.140913
-8.155990
-8.170998
-8.186429
-8.201984
-8.217448
-8.232976
-8.248271
-8.263488
-8.278781
-8.294044
-8.308223
-8.321935
-8.335664
-8.349066
-8.362727
-8.376346
-8.389617
-8.402747
-8.416222
-8.429740
-8.443096
-8.456439
-8.469461
-8.482324
-8.495187
-8.507940
-8.521200
-8.534624
-8.547914
-8.561277
-8.574415
-8.587477
-8.600624
-8.613747
-8.626505
-8.639106
-8.651699
-8.664176
-8.676745
-8.689298
-8.701727
-8.714106
-8.725403
-8.736203
-8.746997
-8.757440
-8.768061
-8.778592
-8.788753
-8.798734
-8.809070
-8.819433
-8.829591
-8.839712
-8.849465
-8.859023
-8.868557
-8.877950
-8.887683
-8.897491
-8.907139
-8.916790
-8.926220
-8.935539
-8.944870
-8.954131
-8.963044
-8.971776
-8.980452
-8.988981
-8.997533
-9.006020
-9.014355
-9.022597
-9.031347
-9.040254
-9.049042
-9.057906
-9.066514
-9.075035
-9.083647
-9.092229
-9.100504
-9.108646
-9.116771
-9.124793
-9.132889
-9.140967
-9.148935
-9.156855
-9.164379
-9.171699
-9.178986
-9.186122
-9.193277
-9.200366
-9.207297
-9.214131
-9.221065
-9.227979
-9.234788
-9.241553
-9.248157
-9.254660
-9.261124
-9.267508
-9.274187
-9.280951
-9.287618
-9.294315
-9.300852
-9.307325
-9.313835
-9.320314
-9.326560
-9.332696
-9.338811
-9.344840
-9.350907
-9.356948
-9.362898
-9.368802
-9.374494
-9.380065
-9.385596
-9.391031
-9.396445
-9.401802
-9.407060
-9.412247
-9.417459
-9.422638
-9.427741
-9.432799
-9.437754
-9.442636
-9.447475
-9.452251
-9.456727
-9.461041
-9.465302
-9.469433
-9.473565
-9.477630
-9.481559
-9.485400
-9.489263
-9.493078
-9.496799
-9.500461
-9.503994
-9.507434
-9.510817
-9.514118
-9.517474
-9.520809
-9.524057
-9.527264
-9.530363
-9.533389
-9.536376
-9.539301
-9.542087
-9.544782
-9.547417
-9.549969
-9.552485
-9.554940
-9.557309
-9.559611
-9.559662
-9.558714
-9.557791
-9.556174
-9.555012
-9.553720
-9.551690
-9.549332
-9.547733
-9.546224
-9.544338
-9.542415
-9.539778
-9.536779
-9.533769
-9.530509
-9.528112
-9.525963
-9.523518
-9.521155
-9.518345
-9.515351
-9.512460
-9.509478
-9.505773
-9.501729
-9.497624
-9.493258
-9.489013
-9.484690
-9.480091
-9.475352
-9.471587
-9.468141
-9.464506
-9.461042
-9.457126
-9.453078
-9.449226
-9.445348
-9.440938
-9.436312
-9.431682
-9.426894
-9.422268
-9.417637
-9.412833
-9.407972
-9.402384
-9.396441
-9.390468
-9.384239
-9.378079
-9.371825
-9.365303
-9.358631
-9.352177
-9.345717
-9.339089
-9.332411
-9.325457
-9.318343
-9.311188
-9.303910
-9.297591
-9.291617
-9.285476
-9.279527
-9.273218
-9.266829
-9.260653
-9.254492
-9.247785
-9.240874
-9.234004
-9.226998
-9.220203
-9.213438
-9.206525
-9.199584
-9.192115
-9.184394
-9.176666
-9.168762
-9.160914
-9.153008
-9.144916
-9.136723
-9.128720
-9.120731
-9.112627
-9.104502
-9.096180
-9.087752
-9.079309
-9.070789
-9.061560
-9.051992
-9.042375
-9.032502
-9.022725
-9.012864
-9.002733
-8.992460
-8.982333
-8.972173
-8.961856
-8.951473
-8.940837
-8.930046
-8.919196
-8.908221
-8.897489
-8.886796
-8.875962
-8.865113
-8.854070
-8.842922
-8.831765
-8.820534
-8.809025
-8.797362
-8.785635
-8.773779
-8.761919
-8.749990
-8.737927
-8.725774
-8.714692
-8.704008
-8.693185
-8.682602
-8.671635
-8.660603
-8.649835
-8.639108
-8.627865
-8.616449
-8.605100
-8.593643
-8.582431
-8.571280
-8.560008
-8.548738
-8.536844
-8.524674
-8.512532
-8.500206
-8.487999
-8.475758
-8.463322
-8.450800
-8.438546
-8.426345
-8.414042
-8.401748
-8.389250
-8.376659
-8.364086
-8.351455
-8.338232
-8.324732
-8.311198
-8.297457
-8.283811
-8.270105
-8.256179
-8.242143
-8.228233
-8.214302
-8.200248
-8.186146
-8.171842
-8.157417
-8.142949
-8.128385
-8.114052
-8.099767
-8.085372
-8.070977
-8.056423
-8.041789
-8.027162
-8.012483
-7.997573
-7.982540
-7.967464
-7.952288
-7.937121
-7.921908
-7.906590
-7.891206
-7.875077
-7.858588
-7.842063
-7.825275
-7.808575
-7.791785
-7.774719
-7.757502
-7.740486
-7.723454
-7.706256
-7.689002
-7.671475
-7.653787
-7.636051
-7.618191
-7.600530
-7.582889
-7.565111
-7.547306
-7.529320
-7.511230
-7.493119
-7.474930
-7.456478
-7.437874
-7.419202
-7.400403
-7.381587
-7.362699
-7.343678
-7.324565
-7.305745
-7.286992
-7.268130
-7.249285
-7.230241
-7.211110
-7.192002
-7.172843
-7.153455
-7.133948
-7.114398
-7.094748
-7.075113
-7.055433
-7.035650
-7.015804
-6.995668
-6.975369
-6.955015
-6.934532
-6.914028
-6.893448
-6.872734
-6.851925
-6.831147
-6.810324
-6.789400
-6.768415
-6.747293
-6.726073
-6.704796
-6.683434
-6.662554
-6.641834
-6.621005
-6.600255
-6.579290
-6.558261
-6.537322
-6.516367
-6.495109
-6.473723
-6.452335
-6.430855
-6.409462
-6.388063
-6.366565
-6.345030
-6.323186
-6.301183
-6.279154
-6.257009
-6.234874
-6.212686
-6.190375
-6.167988
-6.145683
-6.123364
-6.100961
-6.078526
-6.055962
-6.033319
-6.010647
-5.987911
-5.964797
-5.941489
-5.918132
-5.894622
-5.871137
-5.847584
-5.823874
-5.800067
-5.776308
-5.752508
-5.728604
-5.704643
-5.680532
-5.656319
-5.632052
-5.607697
-5.583442
-5.559182
-5.534827
-5.510440
-5.485932
-5.461346
-5.436733
-5.412058
-5.387219
-5.362278
-5.337281
-5.312195
-5.287083
-5.261912
-5.236650
-5.211319
-5.185684
-5.159877
-5.134012
-5.108008
-5.081986
-5.055885
-5.029641
-5.003298
-4.976980
-4.950610
-4.924135
-4.897593
-4.870910
-4.844123
-4.817274
-4.790334
-4.763409
-4.736442
-4.709381
-4.682261
-4.655034
-4.627723
-4.600356
-4.572914
-4.545336
-4.517660
-4.489912
-4.462072
-4.434179
-4.406212
-4.378153
-4.350014
-4.321938
-4.293842
-4.265660
-4.237439
-4.209100
-4.180683
-4.152230
-4.123713
-4.095065
-4.066328
-4.037530
-4.008650
-3.979729
-3.950748
-3.921682
-3.892548
-3.863263
-3.833873
-3.804417
-3.774868
-3.745266
-3.715591
-3.685822
-3.655972
-3.626088
-3.596142
-3.566113
-3.536017
-3.505825
-3.475552
-3.445212
-3.414796
-3.388689
-3.364371
-3.339789
-3.316388
-3.228659
-3.114083
-3.486326
-4.046317
-1.749353
-3.768693
-3.147545
-3.123034
-3.099740
-3.076956
-3.053979
-3.031289
-3.006635
-2.981260
-2.956263
-2.930882
-2.906188
-2.881647
-2.856680
-2.831677
-2.807917
-2.784624
-2.761236
-2.738158
-2.714616
-2.691012
-2.667748
-2.644550
-2.619202
-2.593006
-2.566974
-2.540386
-2.514486
-2.488635
-2.462180
-2.435565
-2.409790
-2.384233
-2.358469
-2.332807
-2.306609
-2.280208
-2.253936
-2.227566
-2.202429
-2.177784
-2.152987
-2.128486
-2.103633
-2.078753
-2.054194
-2.029722
-2.004600
-1.979276
-1.954073
-1.928757
-1.903777
-1.878900
-1.853893
-1.828915
-1.801750
-1.773655
-1.745682
-1.717095
-1.689025
-1.660901
-1.632118
-1.603084
-1.574950
-1.547011
-1.518769
-1.490584
-1.461746
-1.432625
-1.403590
-1.374389
-1.346053
-1.318017
-1.289774
-1.261673
-1.233233
-1.204694
-1.176317
-1.147925
-1.118923
-1.089671
-1.060433
-1.031019
-1.001789
-0.972556
-0.943133
-0.913648
-0.885392
-0.857608
-0.829706
-0.802105
-0.774089
-0.746026
-0.718292
-0.690632
-0.662451
-0.634118
-0.605886
-0.577571
-0.549551
-0.521628
-0.493607
-0.465621
-0.436917
-0.407915
-0.378979
-0.349855
-0.320908
-0.291956
-0.262801
-0.233578
-0.204703
-0.175923
-0.147053
-0.118228
-0.089191
-0.060076
-0.031014
-0.001915
