0.628912
0.652626
0.676694
0.698788
0.722669
0.746422
0.768056
0.788919
0.812479
0.836602
0.859792
0.883135
0.904457
0.924893
0.945567
0.965711
0.989018
1.013448
1.037197
1.061516
1.084643
1.107458
1.130911
1.154361
1.175718
1.196251
1.216878
1.236936
1.257694
1.278492
1.298673
1.318685
1.342000
1.366576
1.390829
1.415886
1.439795
1.463560
1.488202
1.513029
1.536479
1.559523
1.582823
1.605897
1.629743
1.653838
1.677667
1.701581
1.723485
1.744546
1.765779
1.786478
1.807664
1.828826
1.849414
1.869799
1.891139
1.912730
1.934064
1.955507
1.976354
1.996971
2.017725
2.038366
2.062651
2.088448
2.113973
2.140477
2.166031
2.191613
2.218245
2.245237
2.270644
2.295656
2.321116
2.346414
2.372752
2.399504
2.426047
2.452805
2.478017
2.502650
2.527571
2.552179
2.577302
2.602527
2.627408
2.652246
2.678060
2.704232
2.730315
2.756630
2.782564
2.808436
2.834565
2.860733
2.884772
2.907952
2.931267
2.954010
2.977385
3.000775
3.023547
3.046131
3.069523
3.093104
3.116450
3.139871
3.162732
3.185366
3.208098
3.230707
3.254457
3.278646
3.302658
3.326921
3.350820
3.374664
3.398782
3.422952
3.446471
3.469765
3.493144
3.516385
3.539915
3.563513
3.586957
3.610396
3.637150
3.665295
3.693293
3.722231
3.750315
3.778462
3.807617
3.837140
3.865444
3.893507
3.922013
3.950464
3.979862
4.009684
4.039413
4.069402
4.097839
4.125727
4.153950
4.181895
4.210431
4.239125
4.267507
4.295893
4.325301
4.355113
4.384883
4.414931
4.444642
4.474334
4.504330
4.534411
4.563077
4.591213
4.619501
4.647454
4.675922
4.704469
4.732649
4.760765
4.789481
4.818383
4.847190
4.876107
4.904707
4.933214
4.961848
4.990458
5.019967
5.049862
5.079694
5.109776
5.139656
5.169561
5.199732
5.230007
5.259876
5.289649
5.319550
5.349416
5.379558
5.409815
5.440026
5.470301
5.498642
5.526185
5.553877
5.581054
5.608745
5.636430
5.663560
5.690505
5.718292
5.746292
5.774060
5.801918
5.829231
5.856331
5.883545
5.910650
5.938598
5.966866
5.994986
6.023282
6.051305
6.079279
6.107446
6.135644
6.163322
6.190813
6.218360
6.245788
6.273428
6.301109
6.328658
6.356193
6.384840
6.413939
6.442975
6.472313
6.501327
6.530340
6.559679
6.589121
6.618151
6.647088
6.676153
6.705185
6.734514
6.763966
6.793373
6.822850
6.851736
6.880399
6.909160
6.937795
6.966626
6.995491
7.024219
7.052924
7.081976
7.111150
7.140285
7.169498
7.198565
7.227603
7.256727
7.285858
7.305794
7.321830
7.338271
7.352084
7.368159
7.384007
7.397040
7.409008
7.424435
7.440537
7.455364
7.470333
7.482612
7.493677
7.504994
7.515564
7.530177
7.546188
7.561253
7.576999
7.591138
7.604812
7.619253
7.633631
7.645230
7.655699
7.666229
7.675962
7.686541
7.697114
7.706825
7.716255
7.729946
7.745227
7.760028
7.775821
7.790056
7.804043
7.819120
7.834380
7.847780
7.860589
7.873677
7.886408
7.900092
7.914043
7.927587
7.941184
7.952098
7.961851
7.971771
7.980935
7.990677
8.000328
8.009172
8.017692
8.027402
8.037380
8.046964
8.056633
8.065464
8.073937
8.082531
8.090918
8.103951
8.118876
8.133389
8.149106
8.163539
8.177946
8.193651
8.209761
8.223762
8.237194
8.251145
8.264827
8.279791
8.295231
8.310341
8.325668
8.338943
8.351410
8.364190
8.376506
8.389427
8.402420
8.414910
8.427285
8.440859
8.454835
8.468636
8.482678
8.496168
8.509519
8.523141
8.536755
8.547556
8.557186
8.566931
8.575877
8.585580
8.595242
8.604046
8.612547
8.622032
8.631704
8.641011
8.650355
8.658916
8.667122
8.675397
8.683451
8.692922
8.702900
8.712589
8.722543
8.731968
8.741261
8.750848
8.760444
8.769136
8.777480
8.785872
8.794027
8.802496
8.810992
8.819229
8.827401
8.839892
8.854163
8.868179
8.883378
8.897391
8.911426
8.926736
8.942472
8.956535
8.970223
8.984434
8.998515
9.013787
9.029561
9.045152
9.061026
9.074794
9.087779
9.101147
9.114088
9.127752
9.141563
9.154904
9.168191
9.182769
9.197820
9.212756
9.228002
9.242742
9.257399
9.272398
9.287450
9.300569
9.312926
9.325424
9.337421
9.350039
9.362702
9.374820
9.386792
9.399501
9.412397
9.425107
9.437904
9.450221
9.462355
9.474597
9.486750
9.500032
9.513765
9.527357
9.541219
9.554755
9.568263
9.582065
9.595944
9.609227
9.622324
9.635528
9.648629
9.662035
9.675534
9.688913
9.702316
9.713113
9.722801
9.732625
9.741712
9.751417
9.761055
9.769903
9.778448
9.788043
9.797859
9.807311
9.816822
9.825557
9.833950
9.842436
9.850719
9.860053
9.869748
9.879189
9.888803
9.897999
9.907071
9.916337
9.925584
9.934089
9.942289
9.950502
9.958500
9.966718
9.974930
9.982910
9.990811
10.000119
10.009964
10.019666
10.029707
10.039263
10.048757
10.058621
10.068564
10.077903
10.087061
10.096328
10.105493
10.114989
10.124589
10.134070
10.143584
10.152261
10.160585
10.168978
10.177147
10.185514
10.193868
10.201981
10.210006
10.218427
10.226951
10.235364
10.243821
10.252027
10.260134
10.268296
10.276408
10.276893
10.274114
10.271614
10.266895
10.263996
10.260861
10.255353
10.248918
10.245266
10.242113
10.237862
10.233671
10.227216
10.219711
10.212358
10.204337
10.199620
10.196012
10.191572
10.187647
10.182339
10.176596
10.171439
10.166181
10.158572
10.149977
10.141384
10.132081
10.123430
10.114724
10.105254
10.095503
10.089167
10.084071
10.078530
10.073742
10.067632
10.061264
10.055730
10.050290
10.043285
10.035746
10.028379
10.020669
10.013679
10.006852
9.999641
9.992419
9.982952
9.972485
9.962100
9.951044
9.940406
9.929640
9.918162
9.906365
9.895484
9.884768
9.873678
9.862602
9.850788
9.838629
9.826513
9.814176
9.805691
9.798745
9.791404
9.785024
9.777514
9.769933
9.763392
9.757141
9.749072
9.740476
9.732266
9.723780
9.716321
9.709212
9.701776
9.694473
9.685391
9.675580
9.665981
9.655942
9.646362
9.636793
9.626751
9.616561
9.607331
9.598390
9.589251
9.580264
9.570764
9.561095
9.551605
9.542059
9.530109
9.517128
9.504194
9.490542
9.477472
9.464320
9.450399
9.436175
9.422723
9.409378
9.395678
9.381958
9.367533
9.352762
9.337998
9.323000
9.309138
9.295650
9.281871
9.268264
9.254163
9.239903
9.225839
9.211731
9.196819
9.181563
9.166300
9.150786
9.135487
9.120160
9.104567
9.088869
9.076543
9.065575
9.054351
9.044013
9.032678
9.021308
9.010894
9.000765
8.989259
8.977403
8.965908
8.954256
8.943495
8.933078
8.922463
8.912020
8.899847
8.886998
8.874398
8.861406
8.848934
8.836527
8.823691
8.810759
8.798798
8.787161
8.775377
8.763786
8.751739
8.739573
8.727624
8.715663
8.702125
8.687934
8.673800
8.659218
8.645073
8.630909
8.616263
8.601449
8.587161
8.572967
8.558573
8.544194
8.529384
8.514376
8.499400
8.484299
8.470038
8.456078
8.441954
8.427989
8.413714
8.399364
8.385192
8.371027
8.356340
8.341451
8.326595
8.311603
8.296799
8.282015
8.267083
8.252116
8.235013
8.216969
8.198980
8.180348
8.162158
8.143860
8.124878
8.105600
8.087107
8.068738
8.050023
8.031303
8.011909
7.992188
7.972488
7.952572
7.933444
7.914552
7.895403
7.876338
7.856886
7.837282
7.817780
7.798209
7.777990
7.757475
7.736916
7.716132
7.695471
7.674752
7.653793
7.632719
7.612714
7.593084
7.573286
7.553706
7.533685
7.513560
7.493679
7.473806
7.453398
7.432792
7.412219
7.391511
7.371014
7.350547
7.329931
7.309288
7.287923
7.266223
7.244524
7.222593
7.200766
7.178875
7.156739
7.134479
7.112481
7.090512
7.068402
7.046272
7.023889
7.001373
6.978848
6.956229
6.938000
6.921593
6.904901
6.889407
6.872757
6.856147
6.840824
6.825945
6.809265
6.792162
6.775607
6.758896
6.743427
6.728473
6.713308
6.698425
6.681577
6.664002
6.646803
6.629215
6.612306
6.595545
6.578354
6.561123
6.545134
6.529609
6.513984
6.498665
6.482877
6.467022
6.451503
6.436046
6.418304
6.399655
6.381171
6.362090
6.343723
6.325398
6.306426
6.287273
6.269005
6.250961
6.232686
6.214512
6.195758
6.176781
6.157931
6.138969
6.121292
6.104122
6.086782
6.069744
6.052327
6.034872
6.017744
6.000697
5.982957
5.964995
5.947149
5.929175
5.911545
5.894013
5.876335
5.858677
5.838923
5.818271
5.797729
5.776592
5.755937
5.735221
5.713868
5.692266
5.671521
5.650955
5.630090
5.609272
5.587821
5.566091
5.544435
5.522612
5.501598
5.480857
5.459910
5.439089
5.417938
5.396684
5.375573
5.354439
5.332718
5.310750
5.288786
5.266645
5.244670
5.222682
5.200505
5.178259
5.157195
5.136582
5.115845
5.095391
5.074529
5.053614
5.033008
5.012467
4.991412
4.970202
4.949082
4.927873
4.906942
4.886097
4.865150
4.844227
4.822605
4.800685
4.778821
4.756768
4.734879
4.712975
4.690869
4.668688
4.646836
4.625068
4.603205
4.581377
4.559337
4.537213
4.515132
4.493008
4.468288
4.442447
4.416674
4.390129
4.364186
4.338146
4.311281
4.284084
4.257786
4.231628
4.205080
4.178527
4.151194
4.123486
4.095803
4.067872
4.041067
4.014628
3.987883
3.961300
3.934218
3.906967
3.879901
3.852782
3.824836
3.796532
3.768210
3.739626
3.711248
3.682833
3.654137
3.625326
3.597588
3.570222
3.542688
3.515372
3.487602
3.459723
3.432087
3.404456
3.376299
3.347947
3.319624
3.291166
3.262913
3.234686
3.206311
3.177907
3.148749
3.119241
3.089735
3.059985
3.030346
3.000640
2.970678
2.940587
2.910769
2.880978
2.851040
2.821082
2.790859
2.760499
2.730128
2.699659
2.670571
2.642023
2.613316
2.584939
2.556133
2.527282
2.498792
2.470388
2.441311
2.412026
2.382863
2.353583
2.324657
2.295840
2.266887
2.237965
2.208374
2.178497
2.148680
2.118684
2.088839
2.058980
2.028930
1.998808
1.969019
1.939318
1.909527
1.879773
1.849814
1.819776
1.789784
1.759755
1.728846
1.697551
1.666254
1.634682
1.603301
1.571872
1.540150
1.508301
1.476710
1.445138
1.413421
1.381680
1.349667
1.317513
1.285343
1.253071
1.221188
1.189422
1.157533
1.125688
1.093648
1.061532
1.029469
0.997373
0.964969
0.932425
0.899859
0.867186
0.834572
0.801930
0.769174
0.736363
0.699765
0.661518
0.623376
0.584105
0.545666
0.507064
0.467257
0.426949
0.388007
0.349282
0.309971
0.270657
0.230178
0.189139
0.148143
0.106779
0.066928
0.027553
-0.012268
-0.051895
-0.092221
-0.132801
-0.173155
-0.213604
-0.255224
-0.297361
-0.339547
-0.382120
-0.424431
-0.466817
-0.509617
-0.552599
-0.593821
-0.634425
-0.675297
-0.715807
-0.757040
-0.798440
-0.839436
-0.880415
-0.922257
-0.964415
-1.006515
-1.048830
-1.090797
-1.132712
-1.174863
-1.217053
-1.260440
-1.304380
-1.348310
-1.392622
-1.436752
-1.480982
-1.525616
-1.570449
-1.614839
-1.659177
-1.703744
-1.748336
-1.793345
-1.838567
-1.883800
-1.929182
-1.972930
-2.016053
-2.059400
-2.102378
-2.145894
-2.189491
-2.232683
-2.275797
-2.319764
-2.364013
-2.408143
-2.452444
-2.496343
-2.540140
-2.584130
-2.628112
-2.672909
-2.718068
-2.763185
-2.808541
-2.853750
-2.899004
-2.944511
-2.990130
-3.035386
-3.080566
-3.125881
-3.171179
-3.216748
-3.262440
-3.308103
-3.353841
-3.400703
-3.448076
-3.495477
-3.543248
-3.590807
-3.638453
-3.686491
-3.734715
-3.782639
-3.830565
-3.878698
-3.926888
-3.975443
-4.024203
-4.073008
-4.121966
-4.170466
-4.218849
-4.267411
-4.315945
-4.364749
-4.413672
-4.462557
-4.511511
-4.560873
-4.610437
-4.660054
-4.709831
-4.759562
-4.809354
-4.859314
-4.909370
-4.957432
-5.004707
-5.052168
-5.099129
-5.146715
-5.194351
-5.241443
-5.288395
-5.336213
-5.384275
-5.432150
-5.480152
-5.527646
-5.574964
-5.622434
-5.669831
-5.718283
-5.767165
-5.815928
-5.864955
-5.913703
-5.962445
-6.011470
-6.060582
-6.109147
-6.157550
-6.206070
-6.254506
-6.303242
-6.352079
-6.400817
-6.449592
-6.499374
-6.549590
-6.599800
-6.650319
-6.700598
-6.750918
-6.801568
-6.852352
-6.902839
-6.953296
-7.003908
-7.054541
-7.105471
-7.156554
-7.207647
-7.258846
-7.309561
-7.360120
-7.410812
-7.461435
-7.512280
-7.563201
-7.614043
-7.664911
-7.716132
-7.767507
-7.818893
-7.870392
-7.921807
-7.973239
-8.024794
-8.076400
-8.129270
-8.182715
-8.236160
-8.290009
-8.343635
-8.397357
-8.451505
-8.505856
-8.559785
-8.613674
-8.667795
-8.721951
-8.776528
-8.831326
-8.886145
-8.941119
-8.995675
-9.050127
-9.104760
-9.159377
-9.214249
-9.269241
-9.324207
-9.379245
-9.434688
-9.490334
-9.546038
-9.601903
-9.657731
-9.713625
-9.769688
-9.825851
-9.881425
-9.936812
-9.992329
-10.047751
-10.103461
-10.159263
-10.214955
-10.270675
-10.326737
-10.382946
-10.439167
-10.495499
-10.551741
-10.607996
-10.664370
-10.720791
-10.777664
-10.834762
-10.891892
-10.949188
-11.006456
-11.063793
-11.121304
-11.178918
-11.236412
-11.293921
-11.351545
-11.409211
-11.467056
-11.525010
-11.583001
-11.641079
-11.670035
-11.686645
-11.704599
-11.714257
-11.731068
-11.747178
-11.754401
-11.758271
-11.773248
-11.790439
-11.803610
-11.817284
-11.822431
-11.823758
-11.825942
-11.825798
-11.838322
-11.855235
-11.869200
-11.885308
-11.896411
-11.906078
-11.918156
-11.930056
-11.933250
-11.932911
-11.932783
-11.930168
-11.930225
-11.930275
-11.927636
-11.924134
-11.934513
-11.950109
-11.964191
-11.981543
-11.993905
-12.005516
-12.020715
-12.036561
-12.046399
-12.054365
-12.063287
-12.071102
-12.082065
-12.093949
-12.104560
-12.115393
-12.117605
-12.116118
-12.115224
-12.111936
-12.110565
-12.108950
-12.104779
-12.099609
-12.098337
-12.097986
-12.096412
-12.095163
-12.091257
-12.086243
-12.081670
-12.076483
-12.085471
-12.100250
-12.113786
-12.131009
-12.144350
-12.157634
-12.174892
-12.193403
-12.205486
-12.215842
-12.227804
-12.238960
-12.254052
-12.270610
-12.286177
-12.302426
-12.312473
-12.320096
-12.328685
-12.335892
-12.344945
-12.354239
-12.362031
-12.369492
-12.380611
-12.392973
-12.404823
-12.417424
-12.428374
-12.438918
-12.450308
-12.461693
-12.464457
-12.463641
-12.463197
-12.460321
-12.459786
-12.459147
-12.455893
-12.451724
-12.450605
-12.450078
-12.448453
-12.446961
-12.443080
-12.438130
-12.433412
-12.428038
-12.427028
-12.427592
-12.427291
-12.427822
-12.426748
-12.425288
-12.424752
-12.424259
-12.421016
-12.416720
-12.412594
-12.407756
-12.403903
-12.400154
-12.395627
-12.390921
-12.400978
-12.417150
-12.432495
-12.451917
-12.467356
-12.482924
-12.502877
-12.524335
-12.540119
-12.554658
-12.571034
-12.587008
-12.607095
-12.628939
-12.650204
-12.672480
-12.687667
-12.700251
-12.714184
-12.726720
-12.741752
-12.757336
-12.771376
-12.785282
-12.803618
-12.823611
-12.843262
-12.864014
-12.883101
-12.901958
-12.922024
-12.942320
-12.956002
-12.967104
-12.978740
-12.988695
-13.000834
-13.013172
-13.023678
-13.033730
-13.046370
-13.059704
-13.072441
-13.085524
-13.096998
-13.107888
-13.119199
-13.130245
-13.145222
-13.161793
-13.177923
-13.195028
-13.211058
-13.227041
-13.244077
-13.261424
-13.276768
-13.291517
-13.306684
-13.321538
-13.337488
-13.353803
-13.369749
-13.385825
-13.393202
-13.396898
-13.401101
-13.402875
-13.406769
-13.410481
-13.411590
-13.411731
-13.415444
-13.419948
-13.423274
-13.426848
-13.427860
-13.427773
-13.428044
-13.427681
-13.430884
-13.435346
-13.439000
-13.443278
-13.446202
-13.448757
-13.452010
-13.455244
-13.456034
-13.455849
-13.455754
-13.454983
-13.454997
-13.455036
-13.454342
-13.453431
-13.457301
-13.463028
-13.468317
-13.474797
-13.479691
-13.484423
-13.490451
-13.496787
-13.501139
-13.504929
-13.509133
-13.513040
-13.518108
-13.523574
-13.528686
-13.533957
-13.536459
-13.537819
-13.539459
-13.540392
-13.542038
-13.543686
-13.544572
-13.545211
-13.547229
-13.549637
-13.551723
-13.554001
-13.555482
-13.556679
-13.558106
-13.559414
-13.561153
-13.563045
-13.564796
-13.566604
-13.568265
-13.569876
-13.571550
-13.573213
-13.574470
-13.575554
-13.576645
-13.577614
-13.578690
-13.579756
-13.580691
-13.581578
-13.582373
-13.583092
-13.583764
-13.584371
-13.584914
-13.585395
-13.585810
-13.586162
-13.586498
-13.586792
-13.587020
-13.587198
-13.587300
-13.587340
-13.587330
-13.587262
-13.586468
-13.585333
-13.584168
-13.582754
-13.581447
-13.580065
-13.578420
-13.576639
-13.575050
-13.573451
-13.571701
-13.569903
-13.567851
-13.565653
-13.563415
-13.561064
-13.558950
-13.556880
-13.554684
-13.552478
-13.550097
-13.547624
-13.545149
-13.542611
-13.539811
-13.536871
-13.533878
-13.530768
-13.527661
-13.524496
-13.521210
-13.517846
-13.514830
-13.511914
-13.508900
-13.505928
-13.502761
-13.499520
-13.496331
-13.493107
-13.489654
-13.486092
-13.482506
-13.478834
-13.475202
-13.471544
-13.467796
-13.464001
-13.459911
-13.455663
-13.451380
-13.446976
-13.442573
-13.438110
-13.433523
-13.428854
-13.424243
-13.419606
-13.414881
-13.410113
-13.405217
-13.400237
-13.395216
-13.390126
-13.384797
-13.379331
-13.373801
-13.368155
-13.362489
-13.356753
-13.350896
-13.344953
-13.338997
-13.332981
-13.326877
-13.320705
-13.314419
-13.308043
-13.301602
-13.295080
-13.288582
-13.282050
-13.275432
-13.268763
-13.261992
-13.255144
-13.248248
-13.241285
-13.234196
-13.227017
-13.219773
-13.212447
-13.205073
-13.197633
-13.190108
-13.182512
-13.173361
-13.163505
-13.153641
-13.143279
-13.133201
-13.123009
-13.112290
-13.101323
-13.090846
-13.080407
-13.069685
-13.058912
-13.047629
-13.036074
-13.024486
-13.012703
-13.001480
-12.990400
-12.979094
-12.967817
-12.956212
-12.944456
-12.932744
-12.920946
-12.908630
-12.896059
-12.883421
-12.870580
-12.857795
-12.844933
-12.831857
-12.818660
-12.806102
-12.793736
-12.781216
-12.768788
-12.756026
-12.743149
-12.730381
-12.717569
-12.704371
-12.690998
-12.677599
-12.664066
-12.650619
-12.637143
-12.623525
-12.609841
-12.595638
-12.581168
-12.566652
-12.551936
-12.537242
-12.522459
-12.507468
-12.492349
-12.477354
-12.462330
-12.447166
-12.431943
-12.416506
-12.400936
-12.385312
-12.369579
-12.354469
-12.339568
-12.324527
-12.309591
-12.294386
-12.279101
-12.263934
-12.248751
-12.233173
-12.217432
-12.201692
-12.185834
-12.170094
-12.154349
-12.138477
-12.122560
-12.106262
-12.089766
-12.073241
-12.056569
-12.039912
-12.023188
-12.006313
-11.989344
-11.972477
-11.955595
-11.938609
-11.921583
-11.904398
-11.887116
-11.869797
-11.852401
-11.834499
-11.816342
-11.798125
-11.779710
-11.761334
-11.742875
-11.724208
-11.705419
-11.686703
-11.667940
-11.649044
-11.630077
-11.610914
-11.591620
-11.572261
-11.552791
-11.533460
-11.514129
-11.494678
-11.475191
-11.455547
-11.435805
-11.416032
-11.396184
-11.376121
-11.355929
-11.335667
-11.315292
-11.294889
-11.274413
-11.253821
-11.233143
-11.214225
-11.196002
-11.177613
-11.159666
-11.141176
-11.122644
-11.104591
-11.086666
-11.067964
-11.049043
-11.030291
-11.011425
-10.993011
-10.974754
-10.956362
-10.938033
-10.918798
-10.899192
-10.879691
-10.859964
-10.840476
-10.820996
-10.801273
-10.781475
-10.762152
-10.742971
-10.723691
-10.704484
-10.685019
-10.665468
-10.646005
-10.626511
-10.606091
-10.585272
-10.564462
-10.543371
-10.522502
-10.501597
-10.480391
-10.459064
-10.438017
-10.417001
-10.395845
-10.374673
-10.353228
-10.331645
-10.310057
-10.288372
-10.267134
-10.246039
-10.224826
-10.203677
-10.182328
-10.160912
-10.139570
-10.118206
-10.096522
-10.074699
-10.052868
-10.030935
-10.009082
-9.987215
-9.965238
-9.943217
-9.920149
-9.896604
-9.873056
-9.849173
-9.825468
-9.801682
-9.777541
-9.753229
-9.729265
-9.705331
-9.681203
-9.657043
-9.632531
-9.607835
-9.583119
-9.558271
-9.533763
-9.509334
-9.484754
-9.460183
-9.435399
-9.410514
-9.385646
-9.360715
-9.335448
-9.310012
-9.284524
-9.258900
-9.233303
-9.207648
-9.181850
-9.155967
-9.130574
-9.105335
-9.079986
-9.054713
-9.029199
-9.003605
-8.978101
-8.952572
-8.926754
-8.900811
-8.874855
-8.848806
-8.822830
-8.796840
-8.770749
-8.744616
-8.718105
-8.691403
-8.664673
-8.637802
-8.610952
-8.584043
-8.556986
-8.529841
-8.502794
-8.475732
-8.448573
-8.421375
-8.394027
-8.366585
-8.339110
-8.311561
-8.283107
-8.254230
-8.225315
-8.196090
-8.167005
-8.137830
-8.108328
-8.078659
-8.049221
-8.019768
-7.990130
-7.960431
-7.930420
-7.900229
-7.869986
-7.839604
-7.809538
-7.779536
-7.749375
-7.719210
-7.688821
-7.658319
-7.627821
-7.597248
-7.566343
-7.535262
-7.504118
-7.472830
-7.441552
-7.410204
-7.378706
-7.347112
-7.315796
-7.284537
-7.253166
-7.221804
-7.190239
-7.158579
-7.126937
-7.095236
-7.063311
-7.031265
-6.999168
-6.966969
-6.934775
-6.902530
-6.870178
-6.837757
-6.805038
-6.772148
-6.739200
-6.706114
-6.673004
-6.639814
-6.606482
-6.573051
-6.539645
-6.506189
-6.472627
-6.438999
-6.405228
-6.371353
-6.337415
-6.303387
-6.269773
-6.236287
-6.202690
-6.169148
-6.135401
-6.101582
-6.067828
-6.034047
-5.999979
-5.965783
-5.931571
-5.897262
-5.863016
-5.828751
-5.794381
-5.759965
-5.725261
-5.690402
-5.655506
-5.620491
-5.585471
-5.550388
-5.515183
-5.479895
-5.444665
-5.409407
-5.374061
-5.338671
-5.303152
-5.267549
-5.231905
-5.196191
-5.160121
-5.123862
-5.087545
-5.051078
-5.014617
-4.978083
-4.941392
-4.904601
-4.867839
-4.831027
-4.794108
-4.757122
-4.719988
-4.682748
-4.645445
-4.608050
-4.570730
-4.533392
-4.495955
-4.458475
-4.420872
-4.383185
-4.345459
-4.307664
-4.269707
-4.231645
-4.193519
-4.155298
-4.117040
-4.078715
-4.040294
-4.001797
-3.973601
-3.949743
-3.925360
-3.903879
-3.879798
-3.855915
-3.835143
-3.815511
-3.791896
-3.767450
-3.744381
-3.721087
-3.700771
-3.681763
-3.662403
-3.643823
-3.620668
-3.595894
-3.572120
-3.547530
-3.524676
-3.502284
-3.478979
-3.455686
-3.435447
-3.416417
-3.397260
-3.378940
-3.359614
-3.340240
-3.321772
-3.303562
-3.280410
-3.255373
-3.230821
-3.205069
-3.181030
-3.157210
-3.132077
-3.106669
-3.083329
-3.060601
-3.037490
-3.014720
-2.990795
-2.966498
-2.942602
-2.918580
-2.897555
-2.877789
-2.857767
-2.838542
-2.818593
-2.798683
-2.779628
-2.760879
-2.740706
-2.720161
-2.700000
-2.679678
-2.660246
-2.641158
-2.621867
-2.602746
-2.578464
-2.552044
-2.526021
-2.498618
-2.472564
-2.446480
-2.418912
-2.390843
-2.365036
-2.339799
-2.313933
-2.288307
-2.261211
-2.233535
-2.206166
-2.178499
-2.153022
-2.128369
-2.103317
-2.078713
-2.053391
-2.027931
-2.002963
-1.978063
-1.951792
-1.925022
-1.898386
-1.871427
-1.845014
-1.818697
-1.792023
-1.765301
-1.741626
-1.719187
-1.696563
-1.674762
-1.652069
-1.629362
-1.607544
-1.586004
-1.563318
-1.540367
-1.517761
-1.495056
-1.473158
-1.451594
-1.429896
-1.408382
-1.385248
-1.361498
-1.338007
-1.314166
-1.290851
-1.267624
-1.244014
-1.220337
-1.197599
-1.175187
-1.152664
-1.130346
-1.107622
-1.084810
-1.062227
-1.039657
-1.011920
-0.982013
-0.952345
-0.921215
-0.891419
-0.861532
-0.830075
-0.798048
-0.767939
-0.738213
-0.707801
-0.677481
-0.645687
-0.613236
-0.580937
-0.548239
-0.517956
-0.488531
-0.458589
-0.429085
-0.398665
-0.368007
-0.337837
-0.307665
-0.275908
-0.243528
-0.211218
-0.178479
-0.146270
-0.114093
-0.081449
-0.048678
-0.018144
0.011548
0.041472
0.070862
0.101057
0.131368
0.161095
0.190713
0.221272
0.252120
0.282809
0.313666
0.344016
0.374212
0.404602
0.434948
0.466702
0.499055
0.531304
0.563939
0.596250
0.628593
0.661348
0.694259
0.726525
0.758635
0.790936
0.823178
0.855847
0.888691
0.921455
0.954313
0.984186
1.012825
1.041688
1.069752
1.098604
1.127440
1.155417
1.183105
1.212085
1.241388
1.270330
1.299405
1.327636
1.355532
1.383600
1.411495
1.440683
1.470357
1.499798
1.529504
1.558786
1.587988
1.617481
1.647016
1.675746
1.704185
1.732703
1.761033
1.789685
1.818394
1.846896
1.875369
1.905556
1.936437
1.967214
1.998454
2.029189
2.059916
2.091142
2.122523
2.153261
2.183852
2.214634
2.245361
2.276541
2.307907
2.339198
2.370592
2.401070
2.431197
2.461471
2.491546
2.521917
2.552337
2.582540
2.612704
2.643397
2.674274
2.705086
2.736013
2.766710
2.797357
2.828132
2.858913
2.877474
2.890852
2.904764
2.915181
2.928606
2.941729
2.951109
2.959074
2.971626
2.985070
2.996821
3.008756
3.017117
3.023864
3.030942
3.037026
3.048491
3.061816
3.073882
3.086854
3.097685
3.107896
3.119127
3.130275
3.137723
3.143667
3.149692
3.154655
3.160744
3.166823
3.171754
3.176312
3.186511
3.198813
3.210476
3.223450
3.234358
3.244934
3.256951
3.269207
3.278999
3.288006
3.297378
3.306277
3.316433
3.326941
3.336907
3.346941
3.353415
3.358349
3.363501
3.367648
3.372559
3.377347
3.381063
3.384345
3.389202
3.394413
3.399098
3.403893
3.407575
3.410780
3.414141
3.417227
3.426517
3.438334
3.449600
3.462473
3.473630
3.484751
3.497605
3.510999
3.521576
3.531392
3.541901
3.552049
3.563911
3.576405
3.588458
3.600802
3.610399
3.618918
3.627852
3.636166
3.645287
3.654504
3.663048
3.671436
3.681426
3.691953
3.702245
3.712858
3.722733
3.732419
3.742468
3.752505
3.758788
3.763506
3.768377
3.772182
3.776995
3.781753
3.785365
3.788572
3.793091
3.797857
3.802136
3.806464
3.809745
3.812553
3.815451
3.818054
3.822547
3.827714
3.832497
3.837632
3.842059
3.846309
3.850952
3.855604
3.859050
3.862030
3.865074
3.867800
3.870944
3.874124
3.876957
3.879702
3.888127
3.898889
3.909315
3.921293
3.931709
3.942151
3.954266
3.966940
3.977414
3.987390
3.998053
4.008542
4.020595
4.033304
4.045772
4.058611
4.068673
4.077702
4.087232
4.096198
4.106112
4.116218
4.125703
4.135113
4.146220
4.157948
4.169521
4.181499
4.192809
4.204008
4.215653
4.227365
4.236536
4.244705
4.253056
4.260747
4.269251
4.277811
4.285654
4.293303
4.301916
4.310774
4.319384
4.328105
4.336194
4.344040
4.352026
4.359892
4.369240
4.379177
4.388926
4.399028
4.408698
4.418331
4.428346
4.438461
4.447790
4.456872
4.466094
4.475176
4.484657
4.494258
4.503698
4.513168
4.519201
4.523768
4.528513
4.532283
4.536867
4.541358
4.544806
4.547854
4.552281
4.556998
4.561232
4.565542
4.568825
4.571657
4.574608
4.577289
4.581353
4.585892
4.590092
4.594518
4.598391
4.602098
4.606059
4.609992
4.612943
4.615490
4.618053
4.620329
4.622893
4.625447
4.627692
4.629831
4.633821
4.638517
4.643021
4.647970
4.652277
4.656499
4.661208
4.666017
4.670028
4.673799
4.677710
4.681485
4.685693
4.690036
4.694219
4.698444
4.701563
4.704214
4.706954
4.709396
4.712096
4.714776
4.717137
4.719380
4.722142
4.725036
4.727783
4.730584
4.733052
4.735388
4.737793
4.740131
4.738315
4.734707
4.731208
4.726477
4.722710
4.718788
4.713549
4.707778
4.703450
4.699346
4.694619
4.689886
4.683906
4.677327
4.670789
4.663857
4.658726
4.654181
4.649150
4.644377
4.638809
4.632970
4.627430
4.621806
4.614860
4.607342
4.599798
4.591834
4.584203
4.576513
4.568375
4.560055
4.553454
4.547451
4.541182
4.535262
4.528617
4.521800
4.515373
4.508954
4.501696
4.494126
4.486604
4.478868
4.471461
4.464098
4.456500
4.448856
4.440007
4.430598
4.421193
4.411399
4.401786
4.392067
4.381938
4.371605
4.361709
4.351860
4.341777
4.331662
4.321126
4.310371
4.299599
4.288674
4.279954
4.272100
4.263990
4.256411
4.248147
4.239813
4.232056
4.224439
4.215746
4.206723
4.197895
4.188883
4.180436
4.172165
4.163678
4.155242
4.145737
4.135778
4.125916
4.115769
4.105864
4.095938
4.085708
4.075365
4.065554
4.055885
4.046073
4.036323
4.026246
4.016042
4.005916
3.995729
3.984139
3.971933
3.959724
3.947078
3.934737
3.922321
3.909438
3.896354
3.883683
3.871044
3.858175
3.845266
3.831927
3.818361
3.804772
3.791021
3.777894
3.764954
3.751819
3.738755
3.725381
3.711887
3.698478
3.685017
3.671067
3.656893
3.642686
3.628309
3.614027
3.599701
3.585195
3.570602
3.557516
3.545012
3.532352
3.520057
3.507260
3.494404
3.481947
3.469579
3.456544
3.443309
3.430198
3.416976
3.404119
3.391378
3.378508
3.365675
3.351995
3.337958
3.323996
3.309809
3.295823
3.281826
3.267588
3.253263
3.239349
3.225542
3.211626
3.197758
3.183636
3.169417
3.155258
3.141051
3.126099
3.110815
3.095515
3.079973
3.064585
3.049148
3.033454
3.017644
3.002025
2.986406
2.970657
2.954872
2.938855
2.922707
2.906532
2.890260
2.874323
2.858481
2.842523
2.826596
2.810487
2.794304
2.778160
2.761977
2.745519
2.728930
2.712313
2.695595
2.678919
2.662211
2.645395
2.628523
2.610591
2.592171
2.573737
2.554956
2.536346
2.517645
2.498577
2.479329
2.460414
2.441517
2.422416
2.403272
2.383766
2.364065
2.344333
2.324459
2.304922
2.285459
2.265833
2.246208
2.226358
2.206394
2.186440
2.166414
2.146037
2.125479
2.104861
2.084094
2.063347
2.042533
2.021564
2.000500
1.979902
1.959442
1.938862
1.918345
1.897578
1.876723
1.855942
1.835124
1.814013
1.792768
1.771498
1.750124
1.728810
1.707469
1.686018
1.664513
1.642626
1.620539
1.598413
1.576135
1.553868
1.531529
1.509034
1.486440
1.463931
1.441394
1.418750
1.396056
1.373202
1.350245
1.327243
1.304157
1.293751
1.288697
1.283009
1.280901
1.275625
1.270612
1.269436
1.269681
1.265021
1.259345
1.255383
1.251153
1.250608
1.251686
1.252343
1.253973
1.250032
1.244132
1.239476
1.233840
1.230343
1.227428
1.223418
1.219441
1.219219
1.220495
1.221634
1.223815
1.224786
1.225716
1.227775
1.230168
1.226427
1.220353
1.214897
1.207961
1.203166
1.198654
1.192522
1.186061
1.182189
1.179092
1.175530
1.172407
1.167857
1.162857
1.158370
1.153738
1.152838
1.153513
1.153882
1.155254
1.155740
1.156286
1.157907
1.159919
1.160176
1.159984
1.160282
1.160391
1.161619
1.163285
1.164713
1.166363
1.161809
1.154694
1.148076
1.139811
1.133188
1.126546
1.118132
1.109129
1.102877
1.097331
1.091043
1.085062
1.077325
1.068907
1.060876
1.052504
1.046780
1.042064
1.036885
1.032261
1.026792
1.021173
1.016162
1.011251
1.004707
0.997578
0.990628
0.983307
0.976658
0.970141
0.963213
0.956242
0.952978
0.951227
0.949270
0.948326
0.946320
0.944314
0.943403
0.942844
0.940914
0.938683
0.936884
0.934984
0.934078
0.933593
0.932963
0.932574
0.930242
0.927182
0.924453
0.921319
0.918838
0.916480
0.913676
0.910810
0.909095
0.907794
0.906375
0.905221
0.903595
0.901879
0.900457
0.899068
0.891119
0.880426
0.870052
0.857834
0.847326
0.836716
0.824125
0.810824
0.799982
0.789645
0.778450
0.767388
0.754465
0.740720
0.727186
0.713159
0.702212
0.692368
0.681883
0.671967
0.660905
0.649554
0.638838
0.628135
0.615432
0.601952
0.588578
0.574671
0.561454
0.548291
0.534550
0.520661
0.509649
0.499731
0.489532
0.480030
0.469518
0.458872
0.448989
0.439262
0.428345
0.417076
0.406024
0.394775
0.384190
0.373818
0.363214
0.352682
0.340367
0.327303
0.314387
0.300995
0.288033
0.275045
0.261547
0.247866
0.235024
0.222399
0.209544
0.196781
0.183488
0.169989
0.156607
0.143122
0.133422
0.125298
0.116904
0.109535
0.101187
0.092872
0.085659
0.078826
0.070373
0.061527
0.053153
0.044625
0.037179
0.030171
0.022960
0.015983
0.007389
-0.001804
-0.010688
-0.019892
-0.028546
-0.037083
-0.045973
-0.054900
-0.062797
-0.070310
-0.077909
-0.085256
-0.092994
-0.100789
-0.108307
-0.115774
-0.125395
-0.135879
-0.146216
-0.157124
-0.167379
-0.177607
-0.188453
-0.199481
-0.209680
-0.219677
-0.229902
-0.240043
-0.250740
-0.261659
-0.272468
-0.283393
-0.293143
-0.302436
-0.311898
-0.321095
-0.330651
-0.340255
-0.349568
-0.358818
-0.368722
-0.378843
-0.388868
-0.399024
-0.408874
-0.418645
-0.428563
-0.438474
-0.456940
-0.479057
-0.500800
-0.525001
-0.547165
-0.569575
-0.594614
-0.620671
-0.643459
-0.665612
-0.688980
-0.712222
-0.738008
-0.764945
-0.791651
-0.819068
-0.842896
-0.865507
-0.889006
-0.911932
-0.936327
-0.961174
-0.985371
-1.009659
-1.036492
-1.064383
-1.092253
-1.120878
-1.148776
-1.176716
-1.205470
-1.234513
-1.259366
-1.282658
-1.306436
-1.329246
-1.353590
-1.378183
-1.401712
-1.425068
-1.450281
-1.476091
-1.501633
-1.527537
-1.552506
-1.577219
-1.602346
-1.627428
-1.655134
-1.683979
-1.712669
-1.742105
-1.770989
-1.799971
-1.829748
-1.859850
-1.888801
-1.917497
-1.946587
-1.975603
-2.005444
-2.035644
-2.065735
-2.096036
-2.122494
-2.147405
-2.172697
-2.197018
-2.222436
-2.247905
-2.272326
-2.296442
-2.322366
-2.348805
-2.374842
-2.401140
-2.426395
-2.451288
-2.476492
-2.501549
-2.528324
-2.555794
-2.583039
-2.610696
-2.637891
-2.665060
-2.692673
-2.720413
-2.747198
-2.773683
-2.800345
-2.826840
-2.853821
-2.880950
-2.907886
-2.934862
-2.964270
-2.994710
-3.025084
-3.056171
-3.086647
-3.117191
-3.148499
-3.180099
-3.210888
-3.241550
-3.272555
-3.303561
-3.335269
-3.367312
-3.399329
-3.431565
-3.462631
-3.493299
-3.524245
-3.554999
-3.586236
-3.617618
-3.648782
-3.679973
-3.711964
-3.744286
-3.776598
-3.809146
-3.841459
-3.873782
-3.906359
-3.939023
-3.966914
-3.992842
-4.019068
-4.043996
-4.070240
-4.096468
-4.121298
-4.145664
-4.171913
-4.198597
-4.224710
-4.250982
-4.275941
-4.300355
-4.324986
-4.349316
-4.375961
-4.403472
-4.430572
-4.458149
-4.484947
-4.511593
-4.538762
-4.566001
-4.591833
-4.617155
-4.642613
-4.667741
-4.693433
-4.719224
-4.744651
-4.770029
-4.797617
-4.826085
-4.854404
-4.883306
-4.911516
-4.939688
-4.968493
-4.997475
-5.025629
-5.053581
-5.081758
-5.109848
-5.138498
-5.167368
-5.196127
-5.225001
-5.252609
-5.279721
-5.307006
-5.333998
-5.361371
-5.388788
-5.415886
-5.442909
-5.470620
-5.498555
-5.526380
-5.554336
-5.581959
-5.609490
-5.637170
-5.664835
-5.695299
-5.726964
-5.758494
-5.790825
-5.822509
-5.854277
-5.886903
-5.919864
-5.951711
-5.983333
-6.015358
-6.047330
-6.080147
-6.113341
-6.146447
-6.179783
-6.212012
-6.243868
-6.276009
-6.307979
-6.340406
-6.372977
-6.405355
-6.437766
-6.470981
-6.504534
-6.538085
-6.571879
-6.605451
-6.639042
-6.672894
-6.706842
-6.739287
-6.771165
-6.803210
-6.834901
-6.867126
-6.899430
-6.931346
-6.963191
-6.995697
-7.028410
-7.061017
-7.093746
-7.126131
-7.158415
-7.190839
-7.223240
-7.256552
-7.290257
-7.323898
-7.357793
-7.391486
-7.425206
-7.459196
-7.493292
-7.526974
-7.560558
-7.594272
-7.627952
-7.661913
-7.695992
-7.730024
-7.764120
-7.782851
-7.795069
-7.808016
-7.816594
-7.828946
-7.840933
-7.848241
-7.853787
-7.865240
-7.877886
-7.888416
-7.899230
-7.905541
-7.909847
-7.914623
-7.918183
-7.928390
-7.940905
-7.951878
-7.963980
-7.973468
-7.982209
-7.992220
-8.002144
-8.007502
-8.011012
-8.014639
-8.016967
-8.020703
-8.024441
-8.026774
-8.028660
-8.037986
-8.050118
-8.061456
-8.074558
-8.085012
-8.095080
-8.107084
-8.119450
-8.128614
-8.136789
-8.145494
-8.153621
-8.163450
-8.173788
-8.183459
-8.193266
-8.198490
-8.201756
-8.205355
-8.207692
-8.211068
-8.214329
-8.216242
-8.217639
-8.221132
-8.225133
-8.228497
-8.232050
-8.234202
-8.235778
-8.237606
-8.239122
-8.247966
-8.259808
-8.271015
-8.284131
-8.295254
-8.306356
-8.319517
-8.333333
-8.343830
-8.353440
-8.363888
-8.373925
-8.386004
-8.398848
-8.411185
-8.423882
-8.433395
-8.441668
-8.450445
-8.458520
-8.467552
-8.476715
-8.485113
-8.493348
-8.503475
-8.514250
-8.524769
-8.535683
-8.545754
-8.555624
-8.565938
-8.576256
-8.582110
-8.586113
-8.590317
-8.593267
-8.597439
-8.601564
-8.604340
-8.606648
-8.610548
-8.614763
-8.618415
-8.622144
-8.624641
-8.626591
-8.628669
-8.630414
-8.634429
-8.639267
-8.643664
-8.648500
-8.652511
-8.656330
-8.660634
-8.664969
-8.667884
-8.670262
-8.672735
-8.674846
-8.677476
-8.680166
-8.682460
-8.684670
-8.694985
-8.708668
-8.721911
-8.737402
-8.750728
-8.764140
-8.779969
-8.796638
-8.810206
-8.823102
-8.837021
-8.850732
-8.866715
-8.883675
-8.900331
-8.917555
-8.930919
-8.942874
-8.955582
-8.967542
-8.980881
-8.994537
-9.007364
-9.020133
-9.035339
-9.051468
-9.067425
-9.083999
-9.099678
-9.115246
-9.131490
-9.147876
-9.160630
-9.171976
-9.183630
-9.194372
-9.206331
-9.218412
-9.229499
-9.240348
-9.252639
-9.265327
-9.277700
-9.290277
-9.301982
-9.313377
-9.325020
-9.336530
-9.350218
-9.364797
-9.379147
-9.394048
-9.408371
-9.422682
-9.437586
-9.452675
-9.466676
-9.480362
-9.494292
-9.508064
-9.522453
-9.537057
-9.551471
-9.565971
-9.575752
-9.583544
-9.591626
-9.598401
-9.606343
-9.614201
-9.620656
-9.626599
-9.634501
-9.642848
-9.650568
-9.658438
-9.664928
-9.670834
-9.676949
-9.682734
-9.690471
-9.698907
-9.706918
-9.715282
-9.722925
-9.730381
-9.738230
-9.746083
-9.752621
-9.758644
-9.764730
-9.770461
-9.776634
-9.782835
-9.788651
-9.794364
-9.802696
-9.812054
-9.821188
-9.830985
-9.839933
-9.848807
-9.858401
-9.868178
-9.876888
-9.885306
-9.893964
-9.902474
-9.911632
-9.921021
-9.930232
-9.939543
-9.947361
-9.954571
-9.961948
-9.968954
-9.976363
-9.983788
-9.990812
-9.997715
-10.005384
-10.013281
-10.021016
-10.028871
-10.036305
-10.043599
-10.051034
-10.058417
-10.056596
-10.050849
-10.045447
-10.037379
-10.031537
-10.025430
-10.016468
-10.006403
-9.999696
-9.993597
-9.986189
-9.978865
-9.968828
-9.957537
-9.946439
-9.934549
-9.926708
-9.920240
-9.912778
-9.905965
-9.897483
-9.888489
-9.880231
-9.871871
-9.860667
-9.848284
-9.835922
-9.822715
-9.810323
-9.797883
-9.784534
-9.770862
-9.761259
-9.753140
-9.744505
-9.736776
-9.727481
-9.717891
-9.709303
-9.700836
-9.690525
-9.679591
-9.668871
-9.657756
-9.647504
-9.637457
-9.626965
-9.616471
-9.603310
-9.588967
-9.574733
-9.559709
-9.545195
-9.530540
-9.515046
-9.499183
-9.484423
-9.469871
-9.454882
-9.439922
-9.424094
-9.407863
-9.391696
-9.375275
-9.363653
-9.353961
-9.343799
-9.334851
-9.324520
-9.314119
-9.305029
-9.296318
-9.285378
-9.273805
-9.262730
-9.251336
-9.241234
-9.231585
-9.221553
-9.211707
-9.199665
-9.186736
-9.174091
-9.160919
-9.148338
-9.135792
-9.122677
-9.109399
-9.097334
-9.085649
-9.073738
-9.062037
-9.049716
-9.037206
-9.024939
-9.012621
-8.997357
-8.980841
-8.964401
-8.947094
-8.930528
-8.913878
-8.896301
-8.878367
-8.861408
-8.844598
-8.827371
-8.810139
-8.792056
-8.773566
-8.755104
-8.736374
-8.719066
-8.702241
-8.685076
-8.668143
-8.650621
-8.632921
-8.615483
-8.598012
-8.579566
-8.560718
-8.541878
-8.522750
-8.503906
-8.485049
-8.465882
-8.446606
-8.431196
-8.417348
-8.403218
-8.390110
-8.375869
-8.361595
-8.348424
-8.335588
-8.321191
-8.306404
-8.292039
-8.277505
-8.263997
-8.250892
-8.237570
-8.224454
-8.209359
-8.193496
-8.177928
-8.161917
-8.146514
-8.131193
-8.115390
-8.099483
-8.084701
-8.070299
-8.055738
-8.041406
-8.026559
-8.011584
-7.996867
-7.982145
-7.965645
-7.948414
-7.931256
-7.913599
-7.896446
-7.879282
-7.861579
-7.843695
-7.826415
-7.809250
-7.791867
-7.774509
-7.756671
-7.738619
-7.720612
-7.702472
-7.685294
-7.668467
-7.651462
-7.634648
-7.617490
-7.600255
-7.583232
-7.566226
-7.548636
-7.530827
-7.513063
-7.495154
-7.477467
-7.459812
-7.441997
-7.424153
-7.403843
-7.382455
-7.361141
-7.339091
-7.317563
-7.295921
-7.273496
-7.250739
-7.228900
-7.207214
-7.185138
-7.163066
-7.140222
-7.117011
-7.093834
-7.070416
-7.047922
-7.025713
-7.003216
-6.980828
-6.957999
-6.935005
-6.912139
-6.889203
-6.865527
-6.841517
-6.817468
-6.793166
-6.769018
-6.744813
-6.720340
-6.695743
-6.672392
-6.649484
-6.626391
-6.603560
-6.580229
-6.556788
-6.533638
-6.510507
-6.486768
-6.462810
-6.438900
-6.414844
-6.391041
-6.367282
-6.343361
-6.319419
-6.294651
-6.269505
-6.244372
-6.218979
-6.193717
-6.168390
-6.142789
-6.117056
-6.091635
-6.066257
-6.040726
-6.015182
-5.989354
-5.963383
-5.937411
-5.911341
-5.890982
-5.873007
-5.854685
-5.837937
-5.819712
-5.801559
-5.785096
-5.769230
-5.751054
-5.732355
-5.714386
-5.696237
-5.679720
-5.663891
-5.647811
-5.632120
-5.613895
-5.594746
-5.576107
-5.556984
-5.538765
-5.520759
-5.502217
-5.483641
-5.466702
-5.450386
-5.433962
-5.417957
-5.401363
-5.384702
-5.368501
-5.352401
-5.333373
-5.313197
-5.293255
-5.272565
-5.252819
-5.233149
-5.212665
-5.191971
-5.172439
-5.153217
-5.133720
-5.114375
-5.094304
-5.073967
-5.053815
-5.033540
-5.014948
-4.997033
-4.978919
-4.961218
-4.943048
-4.924852
-4.907100
-4.889475
-4.870977
-4.852214
-4.833623
-4.814889
-4.796620
-4.778500
-4.760213
-4.741974
-4.721017
-4.698908
-4.676965
-4.654265
-4.632219
-4.610114
-4.587198
-4.563979
-4.541900
-4.520078
-4.497886
-4.475779
-4.452865
-4.429608
-4.406470
-4.383137
-4.360883
-4.339010
-4.316888
-4.294954
-4.272610
-4.250152
-4.227904
-4.205649
-4.182646
-4.159343
-4.136066
-4.112582
-4.089335
-4.066094
-4.042627
-4.019093
-3.997122
-3.975761
-3.954261
-3.933153
-3.911533
-3.889865
-3.868623
-3.847486
-3.825702
-3.803736
-3.781911
-3.759991
-3.738455
-3.717054
-3.695539
-3.674080
-3.651728
-3.629011
-3.606388
-3.583540
-3.560927
-3.538318
-3.515466
-3.492538
-3.470061
-3.447715
-3.425268
-3.402887
-3.380252
-3.357528
-3.334884
-3.312204
-3.286221
-3.258824
-3.231534
-3.203277
-3.175813
-3.148244
-3.119641
-3.090633
-3.062796
-3.035159
-3.007044
-2.978943
-2.949865
-2.920327
-2.890842
-2.861060
-2.832743
-2.804915
-2.776717
-2.748746
-2.720158
-2.691374
-2.662849
-2.634276
-2.604664
-2.574616
-2.544565
-2.514199
-2.484118
-2.454012
-2.423566
-2.392994
-2.363814
-2.335130
-2.306253
-2.277674
-2.248536
-2.219280
-2.190355
-2.161456
-2.131906
-2.102128
-2.072407
-2.042534
-2.012943
-1.983408
-1.953703
-1.923983
-1.893318
-1.862227
-1.831158
-1.799798
-1.768602
-1.737341
-1.705772
-1.674060
-1.642716
-1.611428
-1.579974
-1.548513
-1.516736
-1.484803
-1.452877
-1.420847
-1.390609
-1.361087
-1.331380
-1.302119
-1.272328
-1.242501
-1.213158
-1.183947
-1.153892
-1.123593
-1.093470
-1.063219
-1.033443
-1.003828
-0.974060
-0.944353
-0.913807
-0.882916
-0.852123
-0.821121
-0.790334
-0.759551
-0.728543
-0.697464
-0.666834
-0.636337
-0.605746
-0.575225
-0.544460
-0.513615
-0.482852
-0.452060
-0.420162
-0.387789
-0.355435
-0.322749
-0.290329
-0.257869
-0.225053
-0.192096
-0.159491
-0.126932
-0.094208
-0.061473
-0.028412
0.004810
0.038032
0.071363
0.104173
0.136813
0.169589
0.202288
0.235216
0.268220
0.301135
0.334073
0.367383
0.400852
0.434328
0.467920
0.501416
0.534927
0.568563
0.602248
