1.161013
-1.819800
-0.461160
0.695549
0.124922
2.068618
1.375048
-0.771396
1.339035
-0.625846
0.681174
1.160355
0.868064
1.432876
1.043040
0.215841
0.224084
-0.052281
0.826408
0.475693
0.710996
0.971724
-0.292875
-1.612764
1.424617
2.009274
1.363537
-2.021429
1.335213
2.750340
3.607563
0.714279
0.181608
1.024235
2.030527
0.743756
0.795721
1.930445
-0.186667
0.078363
0.734277
0.568236
2.701593
1.108089
1.907489
2.144036
0.290751
0.828026
1.276095
1.414065
1.835397
-0.165187
0.927646
-0.690730
1.935871
1.612164
2.898336
3.444713
2.578050
1.146416
2.297604
3.782864
3.292285
1.197766
1.139581
1.396584
2.164945
2.422360
1.291156
1.214368
2.699841
1.356221
0.350817
3.061838
2.667760
2.057974
1.661654
1.104954
1.465044
1.358928
2.077809
1.810753
2.480204
4.518551
0.684503
2.858383
1.619942
1.285574
2.591773
2.102185
1.533728
3.524469
0.320881
1.104723
1.706234
1.262256
1.050741
1.595366
3.913036
4.914638
3.645895
1.908194
1.333846
4.074709
3.348669
1.603180
1.961349
5.466335
3.417020
4.394142
2.633190
4.770650
1.722333
2.758072
3.148238
4.619080
4.652200
1.737452
3.017999
3.410355
2.821635
4.301090
4.136573
3.671437
6.189496
3.689391
3.337881
3.565320
2.838115
4.477253
3.841589
4.973227
3.551443
3.109942
3.156156
4.024922
3.329550
4.101359
5.085519
3.981105
4.580738
4.699212
3.220292
3.655742
4.300989
4.926047
4.422467
3.029259
5.796516
4.048546
2.073178
3.962826
3.498730
3.934360
2.348975
5.438485
4.017422
2.697380
3.295113
4.377565
3.550583
5.981982
6.495957
4.295855
5.489728
4.491633
3.779919
4.702858
2.998200
4.919246
5.104071
5.856551
5.833679
4.320964
5.828272
4.125674
5.828297
4.360403
4.818915
6.806538
4.369306
6.264621
2.961100
4.874241
4.951995
4.626745
4.702266
4.964947
6.385058
5.522999
6.201910
6.209804
3.851208
5.750572
3.392051
4.007820
7.401450
7.347630
4.272951
5.769077
4.800296
5.235802
5.384700
3.510435
5.449866
5.345452
4.746874
6.516418
5.961652
5.492955
5.956185
6.492752
6.444929
7.221422
7.231308
6.662651
6.014054
5.042265
6.252158
6.042832
6.219523
7.244855
5.790174
7.171494
5.214192
5.198965
6.689585
7.036586
6.072372
5.762337
4.883900
5.573944
5.843026
6.100690
7.152793
6.351396
5.657708
6.148849
5.713126
6.477585
7.421684
7.104593
5.151918
6.088734
5.935785
7.375292
7.376726
4.739917
6.792669
7.995810
6.379401
7.346624
6.394053
4.121852
5.946649
6.434032
7.578079
6.842601
5.993766
5.858115
7.650005
8.359487
6.473670
5.837952
7.713345
6.823567
5.948987
6.014567
6.092738
6.019556
10.171942
6.659313
8.011376
6.317771
7.620902
7.482346
6.564528
4.478746
6.043513
7.571584
6.349107
7.440833
6.808803
6.894944
6.297560
9.660392
7.353892
6.970102
6.306384
6.735197
9.307252
6.946769
7.240935
6.932154
8.978549
6.684370
5.326113
7.364051
10.184060
6.607298
8.043874
6.783237
7.829586
7.749130
8.120998
7.723881
6.282997
7.340258
8.573608
7.377014
8.421009
8.906556
7.627775
7.489096
8.954725
7.839471
8.337846
6.848149
6.090265
8.530981
8.520487
8.499283
7.208284
7.844046
6.910876
6.732616
7.071771
8.678729
8.201922
7.247415
8.101218
8.322371
7.768270
7.609099
7.779247
9.044176
8.105138
8.155653
9.375285
7.421591
7.167473
10.270343
9.120235
8.226649
9.431876
7.526272
7.610759
8.226957
8.044740
6.769232
8.485043
7.293005
7.686851
9.426306
7.140463
8.098997
8.929155
8.872232
7.631896
8.300639
10.599593
7.567037
7.842691
8.940539
8.929789
7.508904
7.882049
8.045188
10.831443
8.753939
8.082434
9.958757
9.056202
8.359393
7.412539
9.807579
6.636307
7.242588
9.811216
7.964034
7.171032
8.641171
9.185856
9.663923
8.938486
9.877305
9.084919
8.643223
9.303483
8.791617
7.764100
8.272501
8.828003
9.366697
8.822924
8.331731
9.585333
9.873289
9.292461
8.489570
8.164192
8.441144
8.880536
8.632878
8.928016
10.651614
9.520401
10.211084
9.477618
9.354608
10.035110
8.960686
6.960768
8.450502
10.984673
9.121840
10.582771
11.365301
9.176341
7.201106
8.075066
8.443358
9.239745
9.137332
8.298375
9.757409
8.096572
8.674886
7.675423
7.741416
9.313007
8.486806
9.548178
9.798561
8.043440
9.425655
9.651652
7.502197
9.501063
8.507319
7.861700
8.168978
6.968368
7.748890
9.296817
9.064773
10.680686
8.362024
9.546156
10.267264
8.255776
10.779284
11.641945
11.804180
9.212083
8.036565
9.132340
10.085362
10.200985
9.514521
10.147647
7.357856
8.750822
12.287851
8.331992
9.540167
9.217033
9.415092
8.251570
8.735397
7.122492
9.286736
9.675429
7.393932
10.903405
9.384483
10.091702
9.734140
8.939517
10.227578
9.417625
9.760981
9.684282
10.498484
8.291182
9.404444
9.611526
8.437293
8.648418
7.843452
9.045721
7.750399
10.815646
9.532857
8.523201
9.704181
9.999972
9.443989
10.349011
10.211682
10.598318
8.918531
9.402935
11.874672
9.439626
11.201482
9.522118
8.921067
11.356218
10.100339
8.627592
9.729061
8.319492
9.138154
9.124483
8.411542
9.985689
8.786892
9.195989
8.816200
8.163984
11.244985
10.683286
9.053274
9.780424
10.767990
8.171405
9.993008
9.279881
8.971510
8.942275
10.249747
7.924234
10.427665
10.929759
9.738256
10.200835
10.613718
10.036126
8.835067
11.834375
11.047546
10.528120
8.107454
10.516020
11.005690
8.154048
9.091414
10.653294
7.687381
8.757634
9.341822
8.424672
6.433440
10.263358
9.906873
7.263273
10.999193
8.866959
9.456137
9.015485
7.825581
8.424961
8.987305
9.920066
10.156749
8.935098
9.896704
8.628572
8.313191
9.571576
10.268985
10.095158
7.969762
9.766203
9.726651
9.327087
8.286845
11.029547
8.394692
8.160521
8.527007
7.018157
9.955048
9.397558
9.831294
7.819041
10.505213
8.955770
9.907192
10.075981
8.184442
8.830715
9.185990
9.684231
8.883251
10.286535
9.302988
8.812042
8.505852
9.079521
7.796206
9.351630
8.514661
9.824986
9.137422
8.298519
8.670108
8.041855
10.175015
9.102744
10.733021
9.644139
7.756647
9.901376
7.412570
9.202112
7.204160
8.093501
7.988577
7.380040
10.434441
8.344690
7.758557
6.997652
8.808678
8.138226
8.884231
8.964802
8.553806
8.838307
8.794768
9.216437
8.188145
8.724889
9.226858
9.142417
9.367089
8.570898
8.313326
7.054998
8.965651
7.845295
7.204190
8.672755
7.658309
8.313910
8.482485
8.291905
9.881544
7.208127
8.473576
9.554783
8.637623
9.525902
7.795353
8.814195
8.332780
9.346968
8.511904
7.471177
9.456170
9.919226
9.252721
8.078780
10.402743
9.842436
8.561444
7.722840
8.032111
7.626156
8.203793
8.946682
8.322294
7.806359
8.251438
8.348181
9.053555
9.421225
6.565841
7.563621
7.909915
7.961084
8.005913
8.270480
7.484629
7.182482
5.931619
7.052694
9.341448
7.221929
9.307190
8.648323
8.258154
9.662024
9.125454
8.247665
6.337285
8.966144
6.112726
8.013247
7.919967
6.432897
8.207439
7.062046
7.686846
7.193842
8.001162
7.425328
7.616259
8.643987
8.060138
7.927052
9.300522
7.000988
7.857605
7.041944
7.551216
8.633257
7.241385
7.750476
7.630649
5.609409
8.453001
6.039356
7.179992
7.599083
6.497365
9.341402
6.791782
5.198692
6.445543
6.746757
7.032474
7.877346
7.939531
7.043435
8.682150
8.263020
7.648716
5.685638
7.230659
6.550922
7.218645
7.198367
6.585022
6.917469
5.923382
7.632879
4.828445
8.334122
7.530628
6.788490
7.516603
7.401915
9.148540
5.925027
6.609256
5.731994
7.772671
8.262105
6.449998
6.399666
6.848814
7.537762
6.321948
5.471767
6.474190
6.770638
6.898996
7.301993
7.228363
5.028062
7.954279
7.294532
6.857176
5.882764
6.053237
5.963542
6.707822
6.228155
5.983821
4.835460
6.903854
7.543623
7.305323
7.113309
6.129857
5.315442
7.681579
5.197268
6.052685
7.673408
5.948822
5.386249
5.341798
8.315758
8.449449
6.512329
5.053910
6.029512
6.571601
6.419682
4.565444
6.741689
7.905988
5.790326
7.244749
5.167544
7.676103
4.968734
4.628477
5.094093
5.890297
5.655585
4.921070
5.788546
4.909708
4.872228
4.635662
5.490950
4.620094
5.849722
4.809209
6.567361
5.217950
6.804800
5.236025
3.937024
4.797257
5.306987
5.164677
3.840072
5.569846
6.361760
5.104956
7.194814
5.526096
3.400435
4.629110
5.016731
3.302779
6.182113
6.024468
3.965160
3.607751
4.764467
4.007553
5.129542
5.327006
6.602157
6.646560
4.404202
3.583051
5.096235
5.782642
5.340517
4.633495
3.117590
5.289755
4.749888
4.068706
5.296417
6.278790
3.677815
3.507730
5.070099
3.334320
4.153977
4.837827
2.937975
4.675432
5.667290
4.881618
5.114631
4.506137
3.621342
4.058650
4.326171
5.697612
3.545636
5.713539
5.847164
5.522399
6.270291
2.525936
2.937877
4.241239
3.274056
4.772442
5.285179
3.523854
3.087832
3.605539
2.880582
2.894134
2.969903
3.782260
3.368877
2.063191
3.691155
2.759626
3.536382
1.884814
3.142198
1.434941
3.600766
5.433866
4.740822
2.045468
3.517168
2.963262
2.209767
2.915407
3.001896
3.389180
5.247257
4.078674
4.508950
3.896357
2.520802
0.415058
3.934104
1.620965
3.083078
1.850121
1.802396
2.658465
1.833858
1.600759
1.826596
3.254175
3.854057
2.205128
1.712247
1.294802
1.784936
1.070235
1.174936
2.928801
3.583760
3.482762
4.527672
3.382550
1.965392
3.250083
3.525762
3.246962
1.208868
2.845942
3.512706
0.879699
0.264899
3.555981
1.750221
3.144525
1.051676
1.394764
2.176792
2.765305
1.181342
4.664059
1.829316
1.987502
3.265801
2.365789
2.346343
-0.895725
1.580444
0.631345
0.896763
0.613656
0.457872
1.186873
0.839877
2.062696
3.072894
1.696095
0.953369
-0.140508
0.239682
1.242151
1.929743
2.026495
0.748318
2.509626
0.608087
0.851789
0.726587
0.080557
1.267835
1.759050
-0.136304
0.149471
0.903015
2.448312
0.537143
1.167670
0.144130
0.597932
0.822255
-0.502699
0.507734
2.116135
0.940103
1.167535
0.708702
1.974645
-1.338283
-0.054100
1.157622
0.238704
-0.057790
1.176987
0.605059
1.294799
1.265033
0.197228
0.897658
-1.085657
-0.991444
0.096742
0.447197
-0.419918
0.982122
0.482896
-0.236894
-1.638633
-2.246268
0.119673
0.334899
0.448262
0.110698
-0.870921
1.233068
1.449917
-2.033465
1.215744
0.867195
-2.985014
-1.552646
0.432093
0.074000
-0.679838
1.326046
0.339420
-1.935111
-2.031883
-1.582762
-1.478425
-2.730124
0.423329
-0.669016
-1.646012
0.169409
-2.339553
-0.370821
-0.879209
-0.427468
-1.412932
-0.818207
-2.473952
-1.783171
-0.149848
-0.221728
-0.746728
-2.180038
0.034862
0.150358
-1.868309
-1.875004
-1.340399
-1.778061
-1.692573
-0.868534
-0.878655
-2.510143
-2.284471
-2.703593
-1.072579
-2.922546
-1.429308
-1.685178
-1.845017
-0.829257
-1.934127
-2.343424
-2.123942
-3.996619
-1.925029
-1.404514
-1.236416
-2.004433
-2.267512
-1.690707
-1.863551
-1.249520
-1.225720
-1.685141
-0.456759
-1.932682
-1.976863
-2.254101
-1.155607
-1.652536
-1.764269
-1.148265
-2.134685
-3.434458
-3.701509
-3.321376
-1.589624
-3.159426
-2.702008
-3.981635
-4.123390
-3.878329
-3.875056
-3.381724
-3.736423
-2.449651
-2.257317
-1.125318
-1.533128
-0.687341
-2.301364
-2.636708
-4.670147
-2.813159
-2.908126
-2.078585
-3.169849
-3.158420
-2.789635
-4.940106
-1.626079
-2.096742
-2.750090
-3.703515
-4.025365
-3.433202
-2.516003
-1.509708
-3.529368
-2.801398
-3.193037
-4.248611
-0.622738
-3.468180
-2.409146
-2.273507
-6.719711
-2.585328
-5.368041
-4.215633
-4.405507
-2.077836
-5.698895
-1.857466
-4.617592
-4.843378
-2.548817
-3.602280
-3.169856
-5.813331
-4.893619
-6.050179
-3.486067
-3.162930
-5.171424
-3.053698
-1.356685
-3.776499
-4.678224
-4.198184
-5.209245
-3.154701
-3.717686
-3.415777
-3.339160
-4.655502
-6.669924
-6.208175
-4.661720
-3.271329
-5.545201
-6.024402
-5.633467
-4.791028
-4.714427
-3.680918
-7.842656
-3.057761
-5.560494
-5.668996
-3.872847
-4.513444
-3.758473
-5.035861
-4.959160
-4.849155
-4.540007
-3.842273
-4.303883
-4.871344
-3.374227
-5.046677
-2.184051
-4.663199
-3.441153
-5.644403
-4.705635
-4.563885
-6.710136
-4.777380
-6.851779
-3.768460
-4.931935
-6.073968
-3.905614
-6.313081
-5.474728
-4.075700
-4.953367
-7.080738
-6.030362
-4.905459
-6.380156
-10.276545
-11.356591
-10.192864
-11.823271
-10.596241
-10.075145
-11.228178
-8.210217
-11.658480
-10.855145
-10.540143
-11.089370
-12.693429
-10.753619
-9.418349
-12.617296
-10.594601
-10.706251
-9.658221
-11.597159
-11.186572
-9.748891
-11.497815
-9.309252
-10.862246
-8.767220
-10.784824
-10.799540
-9.612194
-10.790592
-11.210290
-10.577440
-10.657464
-11.035125
-10.839630
-10.690446
-10.613932
-11.480450
-10.752935
-11.003802
-11.245346
-11.839069
-10.562401
-11.555249
-11.665943
-10.540028
-9.903914
-11.442599
-10.204934
-12.162080
-11.662413
-10.447293
-10.726873
-9.627463
-9.859745
-12.692105
-10.423791
-11.716722
-12.399862
-10.518954
-9.804618
-11.011652
-11.226418
-11.889401
-12.534104
-10.907741
-13.003211
-12.640531
-12.400298
-12.971350
-12.076219
-12.385314
-11.343564
-12.041339
-11.617809
-10.521915
-10.760397
-12.163741
-10.503833
-13.415641
-12.251958
-14.102150
-12.622773
-10.283419
-11.275150
-13.746851
-13.391169
-13.720983
-12.657702
-12.582469
-12.410508
-10.788649
-15.109864
-13.110423
-9.981454
-11.921653
-11.881551
-12.803160
-12.560905
-12.144819
-11.748834
-12.288328
-10.531826
-11.661458
-12.042977
-13.461154
-12.296922
-12.289882
-13.134121
-12.580164
-13.921282
-11.276359
-12.641548
-12.456430
-11.247816
-12.934458
-12.081575
-14.140350
-14.729757
-10.269574
-13.256953
-11.267666
-12.476124
-11.901888
-13.394323
-12.139220
-15.227807
-11.984521
-13.683523
-13.520822
-10.015582
-12.585440
-14.701083
-13.352178
-11.963758
-12.679700
-12.707357
-14.642001
-11.318604
-13.865339
-12.776149
-13.088948
-12.492650
-13.595936
-15.150859
-14.104160
-11.937872
-12.378774
-13.992762
-11.653637
-11.610206
-12.180707
-12.761938
-12.477337
-13.162301
-13.850800
-14.051828
-13.544642
-14.015329
-14.078066
-14.205039
-13.111310
-12.577852
-14.438294
-13.758552
-10.629751
-12.738864
-11.077186
-11.144188
-12.235649
-15.469934
-14.502036
-14.791439
-16.752953
-14.467551
-13.570617
-11.170405
-14.114964
-12.633131
-14.274610
-14.634376
-13.108421
-13.868520
-12.231230
-13.417064
-13.582086
-16.322923
-13.120251
-14.447800
-13.360659
-13.064770
-11.404904
-14.311587
-12.581681
-12.761962
-12.368931
-13.024599
-12.540667
-14.873630
-14.390393
-12.902356
-13.659074
-12.762712
-13.630177
-13.681229
-12.666148
-13.353534
-14.206495
-14.104557
-12.966863
-14.226004
-14.462404
-14.793840
-14.990310
-13.829987
-12.998403
-13.841839
-15.639751
-14.738323
-13.039932
-12.940919
-13.585964
-13.513382
-13.711338
-14.812432
-13.128275
-14.897163
-14.181941
-13.987388
-13.494549
-12.768147
-11.498972
-13.701428
-14.892750
-13.064871
-15.010194
-14.212796
-12.744908
-13.827237
-14.653214
-14.053594
-14.054501
-13.798375
-13.930466
-14.198816
-13.480904
-14.321347
-13.261588
-15.437270
-13.615715
-16.076131
-14.929005
-13.197626
-15.229910
-13.184300
-14.945388
-15.057762
-11.498676
-13.780860
-13.292617
-13.002174
-12.626854
-14.517551
-14.536727
-13.357577
-13.460356
-15.491701
-15.673112
-14.587732
-15.035262
-15.738294
-15.468078
-13.995603
-13.783251
-13.713050
-14.123240
-14.333591
-13.139505
-14.577502
-13.746176
-12.822209
-14.342152
-13.825861
-14.030171
-12.873915
-14.543345
-13.910834
-14.699623
-11.856195
-13.780707
-13.434151
-14.756055
-14.516885
-12.881642
-15.727698
-16.365396
-12.868550
-13.304065
-14.461416
-13.760137
-15.374558
-13.280064
-15.637992
-14.095060
-13.961249
-15.560030
-13.839232
-13.427865
-14.341973
-14.168130
-13.228347
-14.292138
-14.702376
-15.221114
-13.037141
-14.423476
-13.759482
-14.657700
-15.277676
-16.472804
-14.429609
-13.368522
-12.616768
-16.000530
-14.335130
-13.803255
-14.222996
-14.043919
-14.745218
-13.719147
-14.384273
-15.233343
-13.622247
-13.924530
-12.987989
-12.987574
-13.785327
-14.100327
-14.968874
-14.473307
-13.992165
-11.775202
-14.967761
-14.755092
-11.744115
-15.321529
-15.950150
-14.337706
-13.544671
-13.770949
-14.656110
-12.509237
-12.389232
-14.364673
-14.226974
-13.493809
-14.347322
-14.943073
-14.359453
-15.020384
-14.617454
-14.361601
-14.565994
-14.225953
-15.324010
-13.903824
-14.901675
-13.974603
-13.613667
-14.153044
-17.026108
-14.531709
-14.122441
-14.192419
-13.077535
-14.927837
-11.657767
-13.243513
-13.071076
-14.890484
-12.754799
-13.191053
-14.201304
-13.239755
-11.616904
-15.246556
-13.923282
-13.910298
-14.365746
-14.223841
-15.449762
-14.218103
-13.951250
-10.946219
-14.380485
-12.261822
-13.641882
-15.927221
-13.346880
-15.172762
-12.640649
-14.683917
-13.036874
-13.625182
-14.671425
-11.881363
-14.285190
-13.323711
-14.051109
-12.650951
-13.340399
-14.198551
-15.539358
-13.029078
-13.306711
-11.800028
-13.051767
-14.166269
-14.035385
-14.617308
-12.571013
-13.283160
-13.486993
-12.783210
-12.174476
-14.507317
-13.298021
-13.487313
-11.061796
-15.191048
-13.920365
-12.623975
-13.256524
-12.328753
-13.711694
-13.063925
-15.131392
-14.821032
-15.881088
-11.973268
-12.739796
-12.458011
-12.126242
-13.502928
-13.330380
-12.043214
-13.842163
-13.406491
-14.131308
-11.755373
-13.014141
-13.340958
-11.311415
-13.423839
-14.006855
-12.876465
-14.681526
-15.238019
-12.731009
-13.304555
-14.181936
-13.808168
-13.392077
-13.166742
-12.846962
-13.842536
-12.171893
-13.130919
-13.181285
-11.760459
-14.227583
-13.277956
-11.966726
-12.889666
-11.604890
-11.923480
-13.544947
-11.922982
-11.446053
-12.147574
-12.933062
-13.401347
-13.624644
-14.547700
-13.686722
-12.421778
-12.545594
-13.128363
-12.544020
-11.713032
-14.185472
-13.998047
-13.259832
-12.698184
-14.316430
-13.120656
-12.370910
-12.395814
-12.675348
-13.169787
-11.748627
-12.008394
-11.714888
-13.493114
-12.192961
-12.511932
-11.960442
-11.217862
-11.977958
-11.409440
-13.155909
-11.690590
-13.710745
-12.956181
-13.610806
-11.536498
-11.702298
-12.323917
-12.221883
-11.945410
-10.191998
-9.098649
-12.918375
-11.908812
-12.739311
-11.092415
-11.338982
-11.569710
-14.363802
-12.845843
-11.212669
-11.620253
-11.085863
-11.231198
-11.377810
-13.778515
-11.777280
-9.727778
-11.832091
-10.600330
-12.169883
-11.935061
-10.178070
-11.769464
-11.899184
-10.332690
-13.047058
-12.987013
-11.100989
-10.104248
-11.977901
-9.918119
-12.807799
-11.106032
-11.836980
-10.827773
-11.690585
-12.974023
-12.401746
-11.427504
-9.565531
-10.913133
-11.508736
-12.983675
-10.322229
-10.333804
-10.358921
-10.949602
-11.028339
-10.363798
-10.354754
-11.368314
-10.434220
-10.593496
-10.716383
-12.256752
-10.991756
-11.792930
-10.815473
-12.014347
-10.024152
-10.356192
-10.703652
-9.658757
-10.513190
-12.053429
-11.551083
-12.107747
-9.388967
-10.145051
-11.795738
-9.253605
-10.397461
-11.677994
-9.326025
-10.252855
-12.171656
-10.866661
-10.520655
-11.720237
-10.526141
-10.435404
-11.277677
-11.114995
-11.392374
-10.188356
-7.810999
-9.972598
-10.140230
-10.693567
-11.765579
-9.852708
-9.237233
-10.883872
-10.431877
-11.607964
-10.193856
-9.960851
-11.440347
-10.363133
-10.153747
-9.546196
-8.764894
-10.855261
-9.899575
-8.921106
-7.905242
-11.552138
-10.181860
-9.750854
-10.937713
-9.469135
-9.519572
-9.093358
-9.578948
-9.858394
-10.710925
-9.316569
-9.345870
-10.004582
-6.663469
-10.248052
-11.080087
-8.857615
-9.764497
-9.139075
-8.915970
-10.962418
-8.886944
-9.899272
-8.908300
-8.492937
-9.300705
-10.235162
-7.665649
-9.603000
-7.931630
-7.720923
-10.206120
-10.493669
-8.910549
-9.096785
-11.506948
-8.516982
-9.885487
-9.792890
-9.234529
-8.631576
-9.112975
-11.319007
-9.661137
-8.098938
-9.272722
-9.777871
-7.741801
-11.642239
-8.937197
-8.827930
-9.478227
-7.712523
-7.212392
-8.876225
-7.589472
-7.013780
-6.672469
-7.540603
-8.127467
-8.997376
-8.664947
-8.258115
-8.311145
-7.383466
-6.966175
-7.037847
-8.590706
-10.005179
-6.276254
-10.384267
-8.998097
-9.585280
-5.340986
-8.911877
-10.121409
-6.651021
-7.263609
-8.576394
-7.836584
-7.918400
-8.074899
-7.815243
-7.126689
-8.254320
-10.083521
-7.881725
-7.603204
-9.777079
-7.132730
-6.265247
-9.816386
-9.029537
-9.996039
-7.150598
-8.319886
-8.837483
-6.662675
-8.044250
-5.458764
-6.210688
-7.512458
-7.881254
-7.232167
-8.277475
-6.554928
-9.241180
-5.401796
-7.360774
-5.461220
-7.287273
-7.203454
-6.710607
-7.983871
-6.518300
-7.340326
-6.158881
-7.849885
-4.522574
-5.940009
-6.003547
-5.746737
-8.197446
-5.570554
-6.645893
-6.483086
-6.736286
-6.482760
-6.676153
-7.853478
-5.623237
-7.730931
-5.871122
-7.354442
-6.345859
-8.055335
-6.790904
-8.147614
-8.083460
-6.053843
-5.660851
-5.448951
-7.088309
-5.643961
-6.480068
-6.609114
-6.664505
-5.397752
-7.502471
-6.321498
-6.849836
-7.227131
-6.221124
-6.602579
-5.417928
-4.717914
-4.921704
-4.602294
-6.166052
-5.341465
-5.199749
-5.877709
-3.513257
-5.131403
-5.458125
-6.086807
-5.424670
-4.684897
-5.808863
-6.535953
-5.727185
-5.076584
-3.999665
-4.105854
-4.391125
-6.145003
-6.414185
-5.181237
-4.757384
-7.587449
-3.485661
-3.866632
-3.977925
-6.857354
-5.950932
-4.596993
-4.933361
-5.020650
-4.373138
-6.318490
-4.609894
-3.665076
-7.423378
-5.058727
-2.493196
-4.036595
-4.359415
-5.179832
-4.181120
-4.463951
-6.986575
-4.446692
-3.499860
-4.971135
-5.183855
-5.450847
-3.242681
-4.982247
-4.267569
-5.138922
-4.385579
-3.185101
-3.488381
-4.983592
-2.633611
-3.333475
-6.006587
-5.341691
-4.548324
-4.730402
-4.148806
-3.106584
-3.263654
-3.394829
-2.991885
-1.271742
-1.820741
-1.375442
-3.099428
-4.189178
-4.265236
-1.885327
-4.491123
-2.579764
-2.435641
-3.666422
-2.546573
-2.759809
-4.394998
-2.868385
-4.048281
-1.586174
-3.795304
-2.428054
-3.675632
-1.163600
-2.425486
-5.013120
-3.327998
-1.555665
-3.490781
-3.914465
-3.534067
-4.533836
-3.420763
-2.314261
-3.763209
-2.441150
-3.168484
-3.172987
-1.273467
-0.375282
-1.422288
-3.065962
-2.607770
-3.791756
-1.669536
-1.668073
-2.168533
-2.150580
-5.463215
-2.454329
-1.952467
-2.228734
-3.105486
-3.104339
-1.750372
-0.723447
-3.176366
-1.625976
-1.879915
-0.825684
-3.448234
-0.900955
-0.221623
-3.700771
-3.320093
-1.688734
-0.712879
-2.009524
-0.574385
-0.437810
-0.632479
-2.766861
-1.797205
-1.621337
-2.167611
-1.352173
-2.341494
-1.974164
-1.770622
-1.551869
-0.243943
-0.979268
-0.709670
-1.409756
-0.202327
-0.057441
-1.026723
-0.521769
-1.356938
-1.344304
-2.917907
0.873126
-1.594261
-2.065907
-1.859367
-0.932004
-0.892162
-0.425030
-0.995092
-0.674479
-0.368936
-0.597950
-1.516664
-1.796589
0.027315
-2.028014
0.374245
-1.243140
-1.443784
-0.470057
-2.339982
-0.957377
-1.103492
1.658493
-0.843179
-0.294879
-0.389222
0.497586
-0.864287
-0.787636
1.173609
-0.623560
-1.004029
-0.846797
1.144648
-0.475578
-0.128661
-0.348013
-0.953409
-0.077693
-0.773640
-0.412994
-1.255657
-0.054054
-1.286790
-1.412051
0.262418
-0.465114
-0.516536
0.261926
0.279087
0.236630
-0.292741
1.110508
0.326283
-0.240968
1.654460
0.013733
-0.457022
0.066661
0.380125
1.531202
-0.105715
-0.478424
-0.195042
1.042915
-0.682116
-0.044006
0.684013
0.731961
0.025034
0.021308
0.879836
0.188685
-0.985216
0.491515
0.896357
0.904351
-0.229224
0.104854
-0.731775
-0.159989
0.576936
1.948164
1.644810
0.433686
2.696776
0.266333
1.070614
1.737149
0.299010
0.276952
1.197758
0.705077
-0.135539
0.923746
0.582663
-0.108709
0.483896
1.864678
0.998150
1.930943
2.989903
0.685921
2.381429
0.176304
0.934157
0.312193
0.563012
2.112698
1.117431
0.502473
1.871896
0.723798
0.353305
0.333116
1.090653
1.691672
2.912583
0.227351
2.118869
1.968995
-0.215585
1.497181
2.750060
1.493460
2.848755
1.213579
1.650625
1.667324
1.108436
-0.366933
2.047625
2.055500
2.710325
1.933103
2.348547
0.537048
0.196033
1.063457
2.745770
2.801501
3.483053
1.760918
1.922250
2.128095
1.011432
1.883665
1.550554
2.360994
0.802585
2.112192
1.562857
3.929288
0.933289
2.041488
2.975634
2.901029
1.127269
0.462449
2.014892
3.284557
3.636892
2.474933
3.192754
2.228905
3.093012
3.421152
1.563592
2.540606
2.970894
2.168815
2.644405
2.427743
1.102447
1.026706
1.536130
2.990023
1.217942
4.041689
2.776707
2.685355
1.680418
3.327241
3.027940
1.955042
2.405383
2.973764
3.750729
3.578690
1.401867
4.537823
2.136166
3.138461
3.638274
0.943660
4.741020
4.727666
4.934848
2.674199
3.044959
3.399019
3.551102
1.344193
5.972294
1.801561
2.546722
3.267386
4.035765
3.562191
2.132247
1.246581
4.082545
4.700801
2.015568
2.851827
3.647887
2.916055
1.534005
3.011225
3.622489
4.054152
5.524102
3.686628
3.887322
2.732226
2.901103
2.536709
3.386647
3.135051
4.070921
2.989500
2.278011
4.196122
2.459209
3.508261
3.075972
3.092967
2.606501
2.736735
4.458932
5.919061
2.110794
4.366761
4.592646
4.544587
3.215568
3.506744
3.516321
3.453280
3.021751
5.038418
3.445597
3.000344
1.426475
5.222089
3.246011
5.510044
4.180515
3.241824
4.239144
6.477792
3.702902
2.595078
5.021270
4.955359
4.998560
4.562209
5.371045
4.135049
3.492288
3.644358
3.829191
3.355993
3.628098
4.717231
4.055811
5.260519
4.169651
4.985994
4.490376
4.197460
4.528408
4.263540
4.029035
2.524101
5.537774
3.755631
4.022425
5.782078
4.628190
4.212819
5.538890
3.549075
3.317236
3.514383
6.688959
5.265286
4.120158
5.962768
3.746782
3.261649
5.170571
4.625502
5.489726
5.100132
5.096396
1.956193
4.252542
4.205431
4.919261
5.745441
4.714567
4.555733
5.302026
4.269424
4.546642
5.899843
3.012044
5.157554
4.643562
7.703355
4.579787
4.476201
3.570602
6.011039
3.415341
5.044074
3.488414
5.945306
4.279828
5.323736
3.793738
5.037543
3.140558
3.692448
6.711471
5.383824
4.341711
4.935584
3.992080
5.846326
2.807982
4.690988
4.020566
3.937650
4.134103
6.189045
5.598025
3.762480
3.914070
3.969319
5.627421
6.490595
4.516441
4.585443
4.993514
4.256471
4.132570
6.114018
5.039381
3.506047
4.985256
5.490569
5.899394
2.672255
3.836624
4.004466
5.065056
3.054546
3.892745
5.249969
4.564942
3.282300
3.993671
5.193080
5.143753
3.802540
6.520355
6.079070
3.538391
3.675174
5.056396
4.544975
2.958666
4.366830
4.322680
5.193054
3.682803
3.588710
5.157801
3.763460
5.147108
5.204103
3.979077
5.763572
3.196930
5.812461
4.458281
2.931156
3.147353
5.745037
4.628306
4.495225
5.532385
5.113587
4.295429
3.243390
4.908865
3.204092
5.795657
4.433875
5.291465
4.915478
4.820999
5.938168
4.537026
5.021558
5.892249
2.749447
4.668103
5.129231
5.222565
6.418857
2.866657
4.976606
5.541197
4.479564
4.847269
4.891775
5.354995
5.194786
4.949238
5.755290
4.860686
4.452583
4.526880
4.494178
5.281972
4.930641
3.446324
5.293224
4.262108
5.033747
5.244760
4.206759
6.442081
3.561658
4.262281
3.613221
4.553909
3.988293
5.616420
5.152775
4.241223
5.358400
3.906719
3.576034
4.963430
3.470300
4.815972
5.092458
5.339675
4.657892
3.423985
3.199849
4.297654
5.194558
4.199324
5.170349
5.208689
4.765715
2.561728
5.570288
3.406402
4.605432
4.442197
4.678122
4.371924
2.012000
2.894771
3.369424
5.025258
5.870321
2.150451
4.922758
4.742852
2.516189
5.320566
4.986577
3.240129
5.721588
4.036231
1.684682
3.142100
4.903059
4.352197
4.021290
3.403492
3.377569
4.987492
4.679804
4.564916
3.984175
2.895864
6.038908
4.321350
4.109314
4.957553
4.470785
4.115332
3.185908
5.975201
3.677221
2.079694
4.659022
4.032796
4.219018
3.752765
3.749585
2.332215
4.468721
6.520878
5.766326
5.002348
4.412510
3.834557
2.869507
3.554119
4.440022
4.544515
1.574804
5.578444
2.989821
4.539727
3.679202
3.536314
2.931318
3.292275
1.753034
4.479167
1.960978
3.729819
4.498011
4.520561
3.936089
2.886645
4.353586
2.439533
1.736086
4.983616
2.622369
3.438561
4.622754
1.851774
4.079425
4.182661
2.186439
3.803183
3.612861
2.753900
2.753540
4.201392
3.021200
4.597154
3.177149
4.170574
3.350871
2.796218
3.990339
3.205350
1.005212
5.670909
3.778617
2.255891
2.288591
5.100928
2.496395
4.333297
2.631700
2.228082
3.634603
2.713462
3.310148
4.301607
2.377054
3.591437
3.209166
1.858590
3.165586
3.478533
3.901697
3.296480
4.196121
3.937162
3.845145
3.157989
3.749150
2.809274
4.703585
3.241965
3.362298
2.846654
3.220487
4.043341
1.363002
1.327533
2.466599
1.492542
2.656842
4.362487
3.996028
0.477289
1.321513
2.335737
2.903470
2.024470
1.626254
1.615235
2.151394
3.207445
0.707312
0.691667
2.967861
2.596023
2.361655
1.553298
1.129067
1.788388
1.579891
4.103885
2.336586
1.275136
3.074227
2.651378
1.443807
2.860459
2.730842
2.926068
0.094372
3.395420
1.866521
1.156925
1.342347
2.351669
2.859896
2.121011
1.699971
1.157073
1.280251
3.032865
2.958960
2.100740
1.147501
3.893955
3.014998
1.087919
2.934350
0.277217
1.995882
0.238229
0.069788
3.952119
1.888792
2.313233
2.610078
-0.123007
3.104726
2.877723
2.314831
2.350385
1.952499
1.763782
2.023696
2.706015
-0.045858
1.627698
0.031850
2.785503
1.948377
-0.359916
1.745972
0.043133
0.577091
0.932183
0.859830
-0.690399
-0.558350
1.664120
-0.226464
2.312611
2.317367
0.608309
2.824142
1.810722
0.517370
-0.899686
1.844988
-1.330607
-0.420658
2.688139
3.222355
0.974929
-1.227720
1.235674
2.192570
0.874582
-0.928782
1.591178
-0.513520
-0.869745
1.006326
-0.776793
1.458116
0.244735
0.926276
1.445192
-0.155177
0.127957
-0.653837
0.852964
-0.334324
-1.655677
-0.450203
-0.235841
0.824362
-1.227345
-0.746693
-1.585469
0.867709
1.476516
1.020058
0.191480
0.170493
-1.910684
0.069457
0.150500
-0.718457
0.820695
0.066573
1.149818
-0.269589
-1.031637
-0.713305
-0.816374
0.005415
-0.512111
-1.036413
-1.958302
0.085682
-0.805075
0.116648
-0.553781
-1.290038
-1.100414
0.520536
-0.956762
-0.733264
-1.835481
-0.275444
-0.885807
-1.658452
0.536524
-0.486254
-2.471121
-1.316645
0.080301
-0.751925
0.265014
-0.740330
-0.835474
-2.700793
0.442365
-2.117070
-1.677924
-1.412808
-2.845870
-1.314890
-0.914709
-1.124594
-1.250327
-1.190372
3.386528
2.429051
1.135998
2.659070
4.488162
5.564462
0.581753
2.345871
3.402787
3.708481
3.049982
3.498645
3.640059
4.052515
2.323108
2.548983
3.581085
2.889048
3.011417
3.969302
4.339826
3.911884
2.324815
1.603134
3.161110
1.836498
1.797604
3.570767
4.160156
1.469136
1.757207
2.992922
0.964714
4.144764
3.440021
3.636236
1.711256
3.035865
2.993017
1.816071
2.362154
0.900764
2.932998
2.466735
2.191877
3.355469
2.665848
1.487696
2.261726
2.719081
2.616141
1.999283
3.178419
1.939725
2.261975
1.714971
3.381459
2.390918
2.432681
2.333105
1.441766
0.694366
2.885219
1.432530
1.201517
1.933482
-0.340865
-0.603429
0.239122
2.657521
2.374884
0.471919
0.865203
1.738262
-0.820386
1.199026
0.802709
0.060712
1.027646
2.148028
1.639312
-1.117468
0.095580
1.464028
0.935499
0.367494
2.054574
-0.080995
0.111188
1.592709
1.976704
0.457793
0.192387
1.761203
1.913592
2.731042
1.040877
-0.227493
0.198666
0.266026
1.238371
-0.352675
0.426162
-0.292000
2.125076
1.278706
0.304108
-0.096906
-0.070193
0.865572
1.157421
-0.007508
0.702879
-0.793795
-1.136056
-0.586189
0.202652
0.379459
-0.849141
-0.179568
1.384805
0.024033
1.097157
-0.011103
-0.743256
0.724212
-1.289063
0.216931
-0.108222
-0.492827
-1.917424
-3.166274
0.258473
-1.266244
-1.708761
-1.810720
-0.306106
-0.454533
-0.757214
0.382001
-0.142309
0.303916
-0.295153
1.193677
-1.593468
-2.080700
-2.278748
0.873418
0.147894
-1.912664
-0.633214
-1.012910
-0.102298
-0.073645
0.137125
-0.805009
-2.196898
-1.194857
-2.492412
-3.410627
0.570305
-1.269429
-0.789093
0.063456
-0.426306
-2.372583
-0.823434
-1.230316
-0.891264
-0.358656
-0.909966
-2.919134
-1.584758
-1.161471
-3.321608
-1.675462
-0.723736
-1.004433
-1.858634
-2.111841
-1.662857
-1.748129
-1.055040
0.229310
-0.803011
-1.102234
-3.597433
-1.788590
-0.539733
-2.432501
-1.235966
-2.782951
-1.097025
0.477892
-3.470213
-1.861682
-3.041328
-2.746192
-2.300002
-1.081276
-1.558624
-0.385858
-2.595105
-2.221876
-2.033175
-1.769925
-2.927214
-0.965540
-2.116742
-3.227622
-1.982616
-2.330793
-1.083705
-3.214452
-2.034140
-4.087054
-3.192587
-2.802505
-2.754938
-2.493575
-3.351750
-1.338317
-3.893769
-3.953187
-4.759583
-2.435359
-3.098886
-4.574238
-3.018183
-2.814126
-2.476863
-1.137971
-1.519402
-2.707956
-3.311582
-1.904265
-4.975633
-3.278710
-3.583587
-5.181926
-4.338668
-1.260579
-4.588278
-3.828186
-2.511759
-5.270348
-3.769325
-5.665828
-5.237215
-4.447066
-3.742010
-4.330023
-3.047052
-3.208145
-4.559159
-4.130885
-4.195767
-3.046081
-3.455931
-2.841740
-4.330629
-3.314901
-2.599138
-4.378460
-2.570470
-3.973850
-4.868739
-3.766738
-4.103697
-2.893270
-2.488222
-5.856973
-5.566703
-4.582021
-4.382651
-4.915813
-4.350974
-3.737941
-4.171098
-5.540723
-3.735442
-2.573653
-5.959012
-3.849548
-5.070927
-3.915034
-3.998199
-5.629558
-4.735229
-4.521885
-4.711288
-5.090867
-4.848409
-3.074364
-5.091057
-4.166656
-4.814221
-3.528457
-6.749203
-4.986639
-5.859630
-6.915564
-6.228615
-4.047831
-4.282231
-6.034008
-5.329704
-6.078372
-6.803473
-5.941459
-5.632172
-6.257629
-5.269893
-5.735065
-3.911193
-5.122992
-5.018077
-6.389202
-5.385178
-4.002833
-5.327870
-4.520120
-4.936416
-5.666177
-5.218152
-4.999186
-4.260150
-5.052095
-7.155570
-5.373183
-7.080221
-5.659004
-6.253848
-7.346205
-4.405663
-6.460099
-4.964277
-7.457492
-6.508956
-6.257440
-5.804968
-6.904299
-3.412546
-5.206287
-4.195470
-6.297535
-5.701627
-5.948432
-7.336713
-5.880588
-6.709084
-7.786205
-5.684036
-5.675990
-6.093428
-4.038746
-6.196279
-7.946362
-5.178346
-6.024070
-6.118834
-7.873927
-9.316202
-7.625913
-5.664315
-4.926227
-7.143795
-7.685557
-6.707438
-6.481728
-5.943759
-5.232195
-8.460790
-6.990219
-6.205824
-5.907193
-4.932692
-6.212536
-6.359825
-6.542291
-4.901223
-6.140857
-6.428992
-5.433850
-7.594293
-6.900495
-8.214411
-8.206882
-6.326892
-6.279524
-6.562165
-6.803838
-5.235637
-5.559392
-7.799871
-7.431698
-6.857352
-5.000518
-7.506812
-6.785466
-7.803112
-8.259395
-7.280825
-5.842191
-5.341699
-8.274708
-7.226039
-7.358349
-9.152010
-9.032616
-5.237204
-8.037895
-7.397624
-8.648127
-6.325464
-6.761708
-7.121522
-6.202827
-7.854174
-7.574579
-8.741919
-7.958688
-6.386297
-9.049779
-7.997330
-6.449115
-5.998478
-8.432077
-8.034382
-8.571066
-6.867986
-9.361230
-9.190353
-8.520747
-8.173733
-7.963368
-8.055512
-8.034921
-6.836769
-7.717226
-7.677250
-9.054906
-7.952253
-6.662258
-6.004695
-9.161342
-8.470462
-7.412756
-8.819877
-6.755466
-8.850605
-8.375085
-6.508335
-7.785322
-9.233685
-8.062320
-9.579464
-5.687638
-8.804016
-7.711423
-6.893120
-8.940656
-6.053876
-8.608535
-8.028091
-7.731798
-8.501469
-10.453627
-8.015299
-7.620323
-7.809097
-7.970693
-9.734232
-6.969577
-8.297114
-9.545752
-9.661422
-8.678014
-8.507153
-10.051101
-8.340927
-7.940198
-8.970585
-8.045044
-7.828485
-9.103053
-9.121079
-9.267100
-9.553546
-7.621954
-8.553119
-7.291342
-9.286220
-8.572086
-9.024682
-8.261211
-8.631314
-8.840434
-9.157461
-8.896287
-7.549152
-10.404894
-9.549271
-7.525617
-8.527370
-9.188722
-8.087178
-7.827658
-7.856126
-7.699387
-8.608764
-8.223155
-9.207102
-8.992722
-9.491025
-10.401860
-8.654335
-10.190186
-9.563381
-7.575895
-8.050461
-9.239443
-9.020950
-8.793358
-9.591021
-7.893265
-9.586778
-7.838051
-7.713427
-6.663445
-8.942165
-6.686769
-10.383434
-9.654082
-9.633285
-9.158364
-9.688264
-9.492050
-7.527463
-7.619092
-9.409609
-9.323322
-7.818824
-8.398803
-9.495086
-10.975188
-9.395458
-9.956050
-7.660720
-10.039017
-6.442998
-9.258994
-9.419592
-8.885272
-8.732975
-8.659324
-9.664597
-8.493667
-8.773944
-8.799932
-8.967923
-9.998165
-9.097367
-9.166571
-9.514405
-8.446812
-9.828719
-8.497500
-10.330989
-9.508946
-8.099781
-8.279991
-8.533718
-10.148678
-10.647355
-7.969355
-9.794833
-10.476955
-8.624829
-8.399372
-9.567888
-8.959716
-9.211543
-10.492266
-8.173616
-9.548614
-9.662806
-7.295614
-8.192613
-9.609755
-10.111648
-9.552419
-8.306765
-8.699746
-8.073104
-8.969784
-9.317693
-11.269127
-6.971722
-7.965635
-9.957893
-11.543086
-9.297580
-9.068924
-7.584563
-9.636256
-10.861712
-9.336471
-10.023349
-11.612341
-10.717950
-9.208357
-10.042624
-10.603836
-8.412896
-9.385075
-8.619722
-9.692029
-9.556908
-10.444101
-9.219643
-8.684884
-9.374794
-8.175524
-11.232132
-9.420365
-12.114243
-8.358604
-7.992365
-8.995976
-9.128321
-9.237233
-10.063793
-5.399858
-9.947876
-7.649563
-11.650756
-8.588047
-10.201581
-9.876237
-9.358664
-9.313669
-8.186301
-7.951450
-9.788974
-8.166315
-8.539278
-9.068023
-8.984915
-7.709915
-8.667662
-8.852092
-9.827172
-10.596250
-10.136722
-11.077402
-8.174121
-9.860494
-6.829183
-9.851468
-10.222457
-8.518330
-9.315452
-9.494876
-9.555779
-8.494827
-11.117621
-10.283936
-7.545940
-9.145604
-9.658415
-11.225949
-7.640381
-9.297282
-7.758262
-9.223812
-9.657333
-9.350351
-9.991829
-9.439547
-7.559192
-9.067452
-8.835502
-7.447599
-9.195980
-7.960764
-9.134938
-8.840953
-8.924680
-9.974457
-9.244988
-9.509404
-8.593047
-10.928193
-9.516528
-8.059760
-8.407651
-9.008310
-9.940716
-10.281630
-9.051851
-9.563562
-8.811543
-9.216232
-8.397403
-8.335382
-8.909433
-10.112121
-11.387747
-9.494694
-8.664049
-9.762061
-10.456376
-9.623217
-7.424229
-10.525098
-10.061900
-8.422181
-8.624865
-10.149798
-8.888702
-10.025643
-8.700323
-9.380990
-8.381717
-9.572599
-9.597138
-8.712624
-8.913584
-10.455937
-8.289108
-8.720376
-9.894579
-8.320713
-8.530741
-11.483381
-9.551493
-8.848166
-8.786563
-5.887744
-9.845261
-9.032882
-9.943279
-9.115555
-7.546922
-7.657063
-11.134566
-8.907508
-6.938612
-8.615287
-7.607899
-10.301558
-9.386625
-8.988127
-9.412483
-7.197138
-9.672205
-8.253006
-9.188458
-9.843985
-8.275042
-8.739473
-8.562506
-9.930169
-8.631199
-10.145100
-8.008052
-7.719289
-8.454435
-7.315242
-10.311691
-8.149211
-10.698607
-9.039827
-8.382237
-9.028676
-9.226607
-9.841101
-9.011072
-9.809376
-8.626443
-9.492573
-10.147607
-10.405814
-8.893085
-8.604388
-8.341715
-9.966497
-9.355353
-9.686109
-7.492504
-8.264641
-9.070121
-8.629446
-9.052163
-7.773828
-6.754095
-9.498292
-8.089207
-6.519867
-8.065363
-8.624683
-8.198039
-8.490711
-8.075657
-7.977392
-8.085644
-8.213198
-7.674733
-9.042122
-7.926348
-8.413087
-6.967398
-6.827507
-6.271277
-7.791339
-9.032553
-9.518230
-7.943093
-8.895723
-7.971914
-7.321003
-8.999378
-7.702983
-8.217364
-8.212063
-7.511147
-8.460752
-7.758240
-7.407892
-6.142448
-8.087479
-7.663364
-8.528480
-8.803810
-9.327135
-6.450241
-7.956433
-8.405556
-7.981007
-8.807035
-6.531894
-7.732559
-9.223273
-7.290637
-6.764780
-7.562488
-8.546473
-8.147278
-8.159178
-9.024405
-7.581343
-7.401537
-9.112614
-7.705666
-8.135149
-5.376540
-6.483072
-7.792321
-9.683087
-6.653395
-5.771038
-8.042351
-6.174942
-7.240929
-7.286333
-6.680631
-7.311827
-6.342677
-6.965831
-7.573638
-6.683904
-6.058093
-8.195484
-5.561088
-6.360316
-7.555465
-8.245843
-7.052654
-6.326758
-7.927392
-6.464930
-5.525966
-6.524709
-6.513164
-7.127418
-8.344564
-7.481113
-6.493918
-6.477732
-7.303797
-6.679351
-6.448731
-6.860186
-7.415407
-4.853799
-5.075205
-4.995151
-7.426498
-5.892223
-7.383111
-7.059057
-5.651897
-7.573325
-4.138854
-6.689445
-4.880271
-7.052997
-8.568357
-6.276013
-7.483577
-4.610089
-7.141351
-6.723124
-7.026815
-5.693716
-5.991308
-8.236844
-6.369195
-5.217230
-5.567344
-5.735462
-6.478839
-5.912234
-6.116859
-5.150594
-6.144412
-5.641507
-6.327876
-5.214256
-6.577780
-5.946911
-6.813321
-5.996077
-5.072879
-7.616378
-7.618173
-6.292002
-6.726790
-3.985952
-5.858667
-4.410943
-6.737116
-4.094012
-5.037271
-5.140144
-4.773911
-5.809395
-5.734621
-5.031792
-4.976870
-5.845975
-6.616554
-5.915749
-6.286157
-4.324176
-5.151875
-5.085684
-5.315151
-4.811700
-5.147554
-4.007745
-7.242490
-5.750596
-2.376164
-4.681735
-4.973051
-3.902195
-3.951450
-3.619983
-3.759665
-5.010773
-3.478463
-4.428281
-1.967533
-5.815922
-4.010454
-3.768029
-4.377870
-4.373891
-4.228048
-5.054330
-4.248983
-3.494593
-4.047850
-3.150217
-5.914510
-2.739291
-4.991763
-4.387644
-4.912970
-3.526213
-4.632687
-4.436723
-4.407217
-4.547626
-4.506558
-3.079308
-3.363680
-3.169460
-3.559604
-2.680235
-5.710042
-5.347734
-3.248101
-5.469899
-4.604555
-5.148729
-4.594108
-4.957091
-5.067383
-3.119161
-3.437545
-2.786818
-2.788690
-3.518625
-2.295248
-3.850928
-4.782966
-3.445028
-4.109370
-4.670877
-3.638311
-4.256255
-4.509653
-3.727694
-4.595975
-3.279495
-3.591171
-3.684220
-3.781605
-3.964704
-1.413209
-3.464331
-3.020896
-4.162149
-3.401235
-3.408478
-3.893320
-4.725234
-2.985112
-2.347468
-3.285034
-1.915558
-2.090419
-0.971054
-2.345482
-1.371841
-1.552326
-4.278136
-3.458476
-3.140490
-3.008632
-2.449940
-2.741800
-3.649621
-2.663814
-0.809367
-4.119347
-1.681344
-2.937501
-2.811580
-2.876896
-1.858979
-2.102729
-0.556457
-1.381639
-1.862546
-2.404560
-3.394111
-0.952212
-1.247709
-0.768992
-1.231831
-1.605840
-3.572539
-1.529792
-1.653532
-3.355618
-0.138823
-0.935261
-1.161599
-1.366337
-1.504959
-3.310960
-2.561888
-1.417409
-1.630751
-3.507995
-0.879588
-1.794292
-1.316267
-1.036693
-2.703912
-0.980169
-1.849589
-0.911005
-0.844056
-1.144489
-0.663697
-3.194697
-2.374226
0.735214
-1.512365
-1.619949
-1.033452
-1.927335
-1.507280
-1.202515
-0.783370
-2.250770
0.117821
-0.132065
-0.749510
0.435476
0.290734
-1.404492
-0.835820
-1.908551
-1.198479
-1.394323
-0.125951
-1.745490
-2.786927
-0.392234
-0.965664
-0.954380
-1.233103
-1.422948
1.394173
-1.448598
0.722433
-0.740228
-1.074116
-0.067459
-2.133952
0.329865
-0.181472
0.931465
-0.858140
0.914553
0.955948
-1.106269
-1.103024
-1.084524
-1.581224
-0.161362
