0.750731
-0.464615
0.457599
1.135127
-1.052477
0.489759
0.039698
0.794668
-1.287282
0.437729
0.590010
0.601078
0.443048
1.741435
-0.624897
-0.184360
0.206539
0.235587
1.757087
-0.257118
-1.717198
1.038512
0.103599
1.155943
-0.617067
2.246239
-0.368743
-0.339449
0.025576
2.768420
-0.386812
-0.684491
-0.398311
2.656372
0.558889
-0.018923
0.866946
2.448895
1.792282
2.226910
0.652322
2.443553
1.030181
0.803141
0.683762
-0.341877
2.049645
3.212337
1.967180
2.755503
1.148152
1.674591
1.733465
2.417757
-1.015321
2.551185
1.567872
1.236586
1.929297
1.173201
2.889917
2.192068
2.277928
2.371319
2.481546
3.026306
3.037828
3.425868
-0.513328
2.852593
0.977501
1.148695
2.890154
0.725485
2.820561
3.240683
3.399715
3.449557
3.390432
1.723978
3.406339
3.085169
1.291634
2.106296
0.500255
2.406392
2.318712
1.990235
2.796915
3.900114
3.028680
1.928469
1.113170
2.652043
3.953897
2.369110
3.049729
2.346152
1.777216
2.396450
2.433223
3.643271
3.761431
2.471241
2.669985
3.641583
1.489915
3.426129
4.361508
3.767731
2.428264
4.191146
3.335507
3.095411
4.600477
3.363036
3.909858
3.133025
2.461207
3.165894
2.046098
3.679227
3.029147
2.130357
2.104375
3.440266
5.454454
2.482122
1.092288
3.562823
3.442174
3.771757
3.365414
4.499637
3.441527
4.744802
3.867444
2.907521
5.636085
5.511313
3.911183
4.053728
5.472662
4.012323
5.004488
3.727922
4.285882
5.879203
3.488020
5.205062
2.774783
4.528074
5.155329
4.277694
3.511250
4.770763
5.245241
3.655613
4.151592
3.600691
3.191544
3.477957
3.903479
4.366533
3.023120
4.583750
3.693313
4.319192
2.892143
5.818952
4.599955
5.350828
3.921564
6.098303
5.620890
5.426380
4.936470
4.093204
4.033407
3.488831
5.676715
5.120634
4.928092
6.395560
4.635379
6.939784
5.103248
6.323421
3.693075
3.131273
5.553048
6.526956
4.495434
2.615720
5.535254
6.577663
5.960640
4.691112
6.242845
7.965258
5.045450
6.335612
4.265897
5.634313
4.998696
5.969458
6.834649
4.962891
6.925897
4.252770
3.901052
5.797452
6.078684
5.510345
6.589994
6.556723
6.397179
6.636732
4.682282
3.685460
6.122737
6.470885
4.859668
6.806235
4.172053
5.742240
6.064561
4.854745
5.162893
5.391992
7.349878
6.123119
5.534670
7.420078
4.927579
6.636535
5.837164
5.181003
6.140802
7.311871
6.978399
7.334737
7.182697
6.322170
7.773765
5.433034
6.579093
6.387509
6.146851
8.733932
5.265858
7.431576
6.133255
6.464198
7.387923
6.128530
7.353763
3.807023
5.630820
6.683225
5.099960
6.318342
7.625185
6.243642
7.919781
6.785162
7.973663
6.629818
7.014001
7.636326
9.073583
7.368284
5.678565
7.212666
8.177308
7.116450
6.269655
7.174082
5.035558
7.416085
9.183252
5.920389
6.847294
7.173890
6.767301
6.085489
5.742819
7.697308
6.796237
9.114303
7.303965
7.055326
8.077865
8.350261
6.276991
7.570372
7.126759
7.073076
7.921150
6.899516
6.168851
7.405450
8.553801
7.056664
7.262657
6.967575
7.776263
9.422201
7.101027
7.703276
6.197670
7.302213
6.927337
6.486798
7.828493
7.444459
8.038583
6.751153
7.865252
6.650752
6.586681
6.522132
6.969488
10.482695
6.613171
8.634390
7.272485
8.331291
8.503665
4.896060
8.018914
8.617994
6.256889
7.125859
8.411817
9.296190
8.611338
8.332837
8.262421
8.061976
6.331722
6.675266
9.451523
9.130118
8.163349
8.960677
7.159901
8.934259
8.509408
10.166442
6.961886
7.738788
8.728048
7.556753
8.514505
7.276540
10.750421
7.621449
9.324633
7.707596
8.222850
11.232697
8.132289
11.258748
7.495676
9.698508
7.610444
7.407322
10.749936
7.981173
7.949895
9.557116
7.135703
11.024808
8.221831
9.683312
9.401042
9.050174
8.031217
10.435474
9.209853
8.192637
8.365586
10.567480
9.671869
9.718577
7.812168
9.524245
10.257207
8.585213
8.816525
8.511760
9.822107
9.561564
9.214992
8.227806
8.716060
9.550677
10.688933
9.044888
7.752004
7.679791
8.350544
8.813337
8.330081
7.178391
9.046933
7.086514
9.684727
10.877028
8.835824
8.678232
8.669919
9.828439
7.491998
10.018300
8.282400
10.183636
10.737388
7.490461
8.961519
10.125282
8.629375
8.987947
10.605785
8.755450
9.594069
7.460616
10.251516
9.260950
10.307653
9.521742
7.337615
10.016648
8.827721
9.057056
10.342730
9.060287
9.000582
9.502544
9.384106
8.551780
9.078335
9.095785
9.209090
8.594725
10.561862
9.927895
9.344018
8.639529
9.443778
10.181778
9.760885
9.564265
8.656598
10.487321
9.422605
9.643139
9.763525
9.450369
9.434534
8.846057
8.440539
10.113154
9.244984
6.904058
7.362468
11.108293
9.655695
9.807974
9.738781
9.442875
9.472925
9.141197
10.337853
9.087077
7.176143
11.177770
9.054351
8.867427
7.586417
9.050926
9.807920
9.766844
8.551891
11.084204
9.047310
10.248118
10.545878
9.723983
9.079921
9.710008
9.469554
8.134080
9.941944
7.771365
10.838823
8.111427
8.961135
9.755211
8.730734
9.708521
8.625577
8.957899
8.773445
10.191847
10.309858
9.165347
9.554811
10.264858
8.935060
11.177568
8.800831
8.082770
8.968641
8.551544
9.932010
9.194432
10.325950
9.144334
8.063147
7.908347
9.946301
10.844821
7.748026
9.520242
11.420112
9.508726
9.204254
9.738276
8.495537
10.288486
9.605691
9.814910
9.438759
9.457424
10.943531
10.206923
9.866030
10.617237
10.753751
8.776191
9.395816
8.721308
8.746851
8.354156
10.042883
9.844848
9.697128
8.131667
10.880540
10.511572
8.719670
8.354857
10.865654
9.967649
8.852106
10.408679
7.458016
8.966364
9.487028
10.738057
8.718743
7.282719
9.171223
8.595004
9.257945
6.938536
9.081633
8.969537
7.802414
9.635884
8.739655
10.851404
8.516517
8.206361
8.373235
10.051117
11.388537
9.564611
10.196524
7.941361
8.494251
7.186600
8.069967
10.197789
8.030823
9.657750
10.514038
8.241890
9.109574
8.650652
9.394005
9.911162
8.765537
8.559392
10.635405
8.269442
9.607239
8.473925
8.248040
9.407762
9.281622
9.372241
8.711219
8.741974
9.951651
8.625733
8.544668
8.901383
8.441401
9.157571
8.145417
7.171749
9.471805
8.700223
9.207269
10.335810
9.225515
8.685705
9.797123
6.819339
9.498259
9.192254
8.263363
7.713948
6.600539
8.556081
9.134214
11.142999
8.397279
9.145165
10.391300
7.827245
8.786190
7.749166
8.328767
9.213281
8.659892
9.090296
7.999594
7.315126
7.856614
9.784780
9.537720
8.816503
9.221260
7.388302
8.934155
10.521074
8.499524
8.060356
8.824681
8.512522
8.801794
9.960660
11.603478
9.326226
7.136818
9.363225
9.960211
8.637967
9.345548
7.652768
10.013422
7.658586
9.592197
9.006731
8.201391
7.984114
10.257257
8.998083
7.995501
9.821172
10.129759
8.663299
8.960674
6.906174
10.623026
7.759717
7.547961
9.907008
6.878431
7.832636
8.768733
7.747795
7.443305
9.553880
8.264705
8.884093
10.877024
7.188389
7.730638
7.811348
8.867021
8.608499
8.106377
7.959825
5.985334
7.483510
7.067443
7.193205
7.999323
7.975264
7.942173
8.691877
8.647896
8.539455
7.018196
10.296417
6.483754
7.641974
7.346641
7.766553
7.939330
8.330980
8.975516
7.155004
6.695348
9.026950
6.979341
8.119529
7.375892
7.312974
7.956314
7.810802
9.077563
7.795342
8.374170
7.701529
6.459135
8.071357
5.900884
7.109831
8.397187
8.246886
8.686352
6.688866
8.699381
5.212197
8.190059
5.620854
8.142774
6.597771
6.777115
5.113280
6.813706
8.462384
7.834898
6.420928
4.769635
7.169239
8.342237
6.071493
7.295837
6.808039
5.654083
6.754632
8.186934
7.191285
5.182189
8.742124
6.002169
6.369631
7.704488
6.409301
6.584127
7.629175
8.372241
7.635540
8.359749
7.103991
6.027608
6.087496
5.798398
7.952596
6.681859
8.060322
7.153466
5.300514
8.339485
6.586551
5.301556
4.142015
7.128573
6.115709
6.986873
6.369877
7.241347
4.162525
6.436564
5.719507
4.476889
6.025585
5.357523
4.294532
5.197495
7.094062
5.271971
6.019483
4.548819
7.331886
6.297663
7.123763
6.167704
5.603020
5.761704
5.931262
5.351910
7.736560
7.056860
5.463866
7.125919
5.345125
4.396772
4.704760
6.726448
6.712901
4.885838
4.442628
5.082043
5.119323
5.127749
6.781260
4.492669
4.767445
6.304941
5.667313
6.383201
6.166002
4.553180
7.069887
7.483528
4.987962
6.397999
5.473990
5.147007
4.914999
6.633633
5.865815
4.002853
5.774052
6.510714
5.671397
5.662192
5.785186
3.203075
5.833874
4.127314
4.270191
4.688159
4.044053
4.567409
4.526863
5.824596
3.361488
5.485255
4.632437
3.583942
3.920699
5.799682
3.660311
4.174913
4.192265
5.021322
3.601813
5.902044
4.467050
3.514339
3.956772
3.627144
2.700760
2.823223
3.090574
5.763733
4.208322
2.850355
5.722744
3.583723
4.523016
3.387381
4.570234
4.627093
3.929800
5.612713
5.170944
4.003023
4.047051
4.865006
4.946583
2.867656
5.201055
3.660477
3.802530
4.428839
4.295266
3.271190
3.391370
2.899667
4.407504
4.364829
4.673580
4.487296
2.684319
4.537142
2.368197
3.825208
4.284687
1.788956
3.465998
2.919641
2.112622
2.919271
1.455697
3.483403
3.316321
1.879566
1.697132
3.670919
3.301920
3.728028
4.709427
3.643128
2.218472
2.566970
3.261596
2.576864
1.185238
2.508307
4.711138
1.046443
3.636911
2.635321
4.363852
2.518069
2.097509
3.804827
2.162950
1.134157
3.159118
3.727049
1.664702
3.440935
1.963506
2.893635
1.775907
0.643646
3.352267
1.382757
2.929222
2.003833
1.393710
1.626334
3.917213
3.493754
3.922991
4.064472
0.990555
1.091984
2.225920
2.650000
3.267885
2.665957
1.644294
1.597636
1.180348
0.610821
2.013096
1.930694
1.276743
1.951767
1.668907
1.179763
1.911420
0.972539
3.021968
1.282831
3.877809
0.616551
1.017687
1.705457
0.299926
0.239074
0.305667
0.628347
0.548188
0.530229
2.297412
0.615751
0.758233
1.418119
1.856641
1.754618
1.194955
0.386606
0.678235
1.070179
1.008414
0.886175
-0.105900
-0.451999
-1.148851
2.678469
0.091209
-0.802145
1.018581
0.423096
0.326504
-0.663833
1.928269
0.521093
-0.757100
0.733215
0.450386
1.716787
1.917166
0.829500
1.564154
-2.905506
0.152918
0.990774
-0.846486
-0.986512
0.333270
1.779657
-0.298503
-1.474531
0.720548
0.608783
0.028889
0.876373
-0.678317
-1.523353
-1.616406
-0.049120
-2.035275
-1.443260
-1.960926
-0.842123
-0.609818
-2.388050
-0.007461
-2.128791
-0.515812
-0.900680
0.023820
0.888540
-0.235085
-0.087954
-0.819664
-1.059809
-1.398770
-0.042067
-1.463862
-3.169729
-0.965418
-0.221618
-1.503626
0.555733
-0.783261
-0.620067
-0.065632
-3.493643
-0.483765
-0.431375
-1.515527
-1.597763
-1.381202
-1.928786
-1.308533
-1.944904
-1.107957
-2.915212
-2.619788
-0.263681
-1.498656
-0.142188
-0.825359
-2.555961
-1.325308
-2.472610
-1.516647
-2.598487
-2.335910
-1.027673
-3.819020
-0.171743
-1.629760
-1.873029
-3.226105
-0.903759
-1.043865
-1.421411
-1.356852
-1.968081
-2.962944
-1.048361
-2.263286
-4.158582
-2.006763
-1.903053
-1.112923
-4.118270
-1.724245
-2.579810
-2.771291
-2.143898
-3.315126
-4.698496
-1.940399
-3.194436
-0.311035
-2.126867
-2.848179
-2.748307
-2.635498
-3.232135
-1.880194
-1.313199
-2.960418
-0.531809
-3.331347
-2.870153
-2.522712
-2.283651
-1.345977
-2.108956
-3.609689
-1.616900
-3.686042
-3.463115
-3.067407
-2.541228
-4.862128
-3.757582
-2.564449
-3.629912
-1.239212
-1.644201
-1.615436
-4.947582
-3.109924
-4.257131
-1.100071
-1.024982
-4.183894
-4.214322
-1.396353
-3.754952
-2.713599
-3.260720
-4.110071
-4.111587
-3.349511
-4.741675
-5.237816
-4.383239
-4.125784
-1.733081
-4.081471
-4.843102
-4.105607
-4.332030
-3.542810
-5.110386
-4.689958
-4.373247
-3.399314
-3.880291
-6.171371
-3.449499
-4.423733
-4.376151
-5.051088
-3.784671
-4.116666
-3.792718
-5.233561
-4.191466
-3.965259
-2.594100
-4.021273
-3.452515
-5.335650
-4.264493
-2.842165
-5.436644
-5.238752
-2.929469
-4.306582
-6.722403
-4.244931
-4.738305
-4.470289
-3.962044
-5.184194
-6.189105
-4.835631
-6.059732
-4.180317
-5.102145
-3.828547
-4.565896
-5.593140
-5.692888
-5.700079
-4.348416
-4.499429
-5.885941
-5.386998
-5.323727
-4.852323
-5.867897
-5.405671
-6.170248
-5.195570
-6.158697
-6.728311
-7.259985
-5.197718
-5.388754
-7.604528
-5.586762
-6.662264
-5.372688
-4.566569
-6.121304
-5.714262
-9.256189
-11.704245
-10.544683
-8.898645
-9.547200
-11.739695
-9.327595
-10.857785
-11.465700
-9.469961
-10.313007
-9.549258
-11.741361
-11.042426
-12.296220
-11.455202
-11.543811
-11.178243
-12.410399
-9.810524
-10.157874
-11.204444
-11.048605
-11.262422
-10.781994
-10.311485
-11.050410
-11.304368
-11.868382
-9.170581
-9.201558
-9.463782
-11.101608
-11.473148
-10.968096
-11.973390
-10.869264
-10.045913
-10.356129
-10.718530
-11.296467
-13.276330
-11.937209
-10.749381
-10.600824
-11.032106
-11.556570
-11.207631
-12.155101
-13.239035
-10.936017
-11.584293
-11.102816
-9.643093
-11.850478
-11.815174
-11.722500
-10.932835
-11.818694
-12.909654
-11.127600
-11.127422
-11.922646
-12.401475
-11.082899
-10.970568
-11.465356
-11.187262
-11.772175
-12.257635
-12.854291
-10.591449
-12.885199
-10.658492
-12.074586
-11.166637
-11.197118
-13.289909
-10.438389
-11.542723
-13.521717
-12.203756
-13.326379
-12.246455
-13.318924
-11.936813
-12.773618
-12.452192
-10.874921
-10.064851
-12.316911
-12.352598
-10.626394
-15.204871
-13.406163
-12.610012
-12.002603
-13.376438
-11.462348
-13.333108
-11.611520
-11.713415
-13.280233
-12.513343
-11.748791
-13.218622
-13.268319
-11.231937
-13.048024
-11.592238
-12.142842
-14.100070
-12.102461
-12.195531
-13.317899
-12.270051
-13.150045
-13.918949
-12.104117
-11.208593
-12.624713
-13.555650
-13.096429
-13.431770
-11.492736
-10.543513
-11.596741
-14.006277
-13.536314
-13.774044
-14.936749
-13.298913
-13.109733
-13.281771
-13.004020
-12.923081
-12.367504
-14.418647
-12.003813
-12.902403
-12.185198
-13.407651
-12.994979
-11.876168
-12.200992
-13.500892
-12.245497
-12.414161
-12.208623
-12.118166
-13.766766
-14.212371
-13.126557
-13.782603
-14.229860
-13.643995
-13.390009
-11.847130
-12.431107
-13.275204
-12.920987
-12.042131
-14.100176
-12.427736
-14.228362
-12.664001
-13.100747
-11.916929
-13.404394
-12.578173
-13.662452
-14.780476
-13.669803
-14.398589
-13.381284
-12.515375
-12.867517
-12.815085
-13.691879
-13.835445
-13.185388
-14.371973
-13.950706
-12.868622
-14.982323
-12.560549
-13.995572
-14.180276
-13.827283
-13.087343
-13.136698
-13.154520
-12.811737
-14.250014
-12.947616
-12.863216
-12.412241
-14.071692
-13.733077
-13.822347
-13.547238
-13.579835
-14.401259
-12.830359
-12.728412
-12.044180
-11.819661
-14.080895
-14.376111
-13.436984
-13.292432
-13.309271
-14.500863
-14.198302
-13.860517
-12.622190
-14.434228
-14.178369
-13.592365
-13.625349
-14.350727
-14.901215
-14.957788
-12.053385
-14.703027
-13.698291
-13.554844
-14.080862
-14.091778
-13.686068
-14.820489
-14.286056
-13.322421
-13.908756
-15.465240
-14.060712
-13.801892
-13.998229
-13.809750
-14.290464
-16.116191
-15.263364
-14.099207
-15.405176
-13.316265
-13.229089
-15.327133
-14.334773
-14.416939
-14.096472
-12.092232
-14.280852
-12.839014
-13.563808
-12.275473
-15.047869
-13.963049
-14.492434
-13.862413
-14.069290
-14.490143
-14.536029
-12.795891
-13.101913
-15.157786
-14.559510
-13.505688
-11.877510
-12.761365
-14.422135
-13.975768
-15.490735
-13.962271
-13.783761
-14.984639
-14.632543
-14.542405
-15.634042
-14.718221
-14.177132
-14.439434
-12.421912
-14.732933
-16.099006
-14.392259
-14.081518
-14.529935
-14.387092
-13.673390
-13.389607
-14.290036
-13.855883
-15.459847
-15.055044
-14.090067
-14.776071
-14.291805
-13.646269
-12.979529
-12.358852
-15.426037
-12.287136
-15.932842
-13.272323
-14.092448
-14.090451
-15.172844
-14.969670
-12.797097
-15.019861
-13.332601
-13.333373
-14.586999
-14.586948
-14.330025
-15.371889
-14.737134
-14.053801
-13.629274
-13.488156
-14.554374
-14.640045
-14.110302
-14.856209
-15.262562
-13.848823
-13.726150
-14.325990
-13.128694
-13.803540
-13.865168
-15.060307
-13.547279
-14.890468
-14.833916
-12.175566
-14.967591
-17.132780
-14.412875
-15.627228
-14.400410
-15.377435
-15.720683
-15.661782
-14.882239
-14.423790
-15.430087
-14.843304
-13.797250
-14.131272
-14.607368
-13.622009
-13.086478
-13.349989
-13.791981
-15.658531
-13.773118
-13.567059
-13.456407
-15.066357
-14.200639
-12.465348
-13.776459
-15.597333
-14.068778
-14.394573
-14.676057
-12.908711
-14.464633
-12.943451
-14.656614
-12.364453
-15.497826
-13.506247
-13.686491
-15.627290
-14.845224
-13.861474
-14.418822
-13.885259
-14.842088
-15.199721
-15.129565
-14.604325
-12.945624
-13.781433
-13.617299
-11.958401
-13.273331
-13.554788
-13.426944
-15.088959
-10.972986
-12.289759
-14.001534
-14.084546
-14.365727
-13.169747
-13.884102
-13.199254
-13.194903
-15.431586
-12.991445
-13.623341
-14.184650
-14.711239
-14.292261
-11.959571
-14.196975
-12.418215
-13.575667
-13.132604
-14.129147
-12.914198
-15.240633
-13.638009
-13.720594
-15.481466
-14.352492
-14.248433
-13.691170
-13.171477
-14.084836
-12.937334
-12.714903
-12.246393
-14.074878
-11.783349
-12.607079
-15.970054
-14.110224
-12.473801
-14.684791
-13.786431
-13.050658
-12.663597
-13.743809
-11.000380
-13.326998
-13.412510
-14.516786
-12.972396
-14.813180
-14.106451
-14.003061
-13.968171
-12.842648
-14.436414
-12.997116
-12.613443
-13.993127
-11.998645
-13.030497
-13.980559
-11.735547
-11.683992
-11.528679
-13.587470
-15.240650
-13.366905
-13.169132
-14.156581
-13.537312
-12.867981
-12.289286
-13.103172
-14.869991
-12.566287
-15.327614
-14.900404
-12.286399
-12.745653
-12.092462
-13.883305
-14.430943
-12.916240
-14.478490
-14.750204
-12.311767
-13.913572
-15.530066
-11.584162
-11.625235
-12.525238
-12.059235
-12.242097
-12.256109
-12.960605
-14.717993
-11.418271
-13.597931
-11.900734
-11.404639
-12.703959
-12.554439
-12.571963
-14.186181
-11.626341
-11.867018
-12.101635
-12.912290
-13.887415
-14.052260
-10.914817
-12.296024
-11.675703
-12.065749
-12.024550
-11.901019
-12.857670
-13.009453
-12.112509
-13.400906
-11.527758
-11.014324
-13.854288
-12.720856
-12.691187
-13.230444
-12.011232
-10.328236
-14.401013
-12.683637
-14.165216
-12.461305
-12.295101
-11.768646
-13.711587
-11.766325
-11.686133
-12.654471
-13.846044
-11.683293
-12.629513
-12.832631
-12.442343
-10.390021
-11.425795
-11.348812
-13.310993
-12.529824
-12.405212
-13.920424
-13.659283
-11.999082
-11.570405
-12.607522
-12.061189
-11.235363
-12.070656
-10.288154
-11.286061
-11.625133
-10.396090
-11.009296
-11.437624
-11.203165
-10.144407
-12.994347
-10.453075
-11.491712
-11.493299
-12.233103
-10.531815
-10.933461
-10.108342
-13.127916
-10.586780
-10.651100
-10.875697
-11.074610
-9.856026
-10.427318
-10.155194
-12.930528
-10.854228
-10.367039
-13.932199
-11.101009
-13.610447
-11.284785
-11.402194
-11.972537
-11.383586
-10.536491
-11.042564
-11.433309
-8.228544
-10.845174
-11.029495
-10.653656
-10.438602
-9.874926
-11.122071
-11.009335
-8.414491
-10.728933
-10.889182
-10.852082
-10.414287
-9.498599
-10.198020
-10.451579
-10.019888
-9.666242
-10.568254
-11.053542
-10.358956
-11.889421
-8.436685
-9.622573
-9.784110
-11.901542
-10.664775
-11.088123
-9.808145
-10.707951
-10.216725
-9.507758
-9.200335
-11.584128
-8.002555
-9.396387
-9.728656
-10.275071
-10.158761
-10.212962
-9.798465
-10.160317
-10.099357
-10.831686
-8.845104
-9.718385
-11.000899
-8.006440
-9.380468
-10.203810
-9.677514
-10.001872
-9.373710
-9.239149
-9.796185
-9.070717
-9.797343
-8.706154
-10.632213
-11.062604
-9.483335
-9.813832
-7.767364
-9.167259
-9.308960
-7.998704
-8.955119
-7.784074
-10.159593
-10.814143
-9.546026
-8.860764
-10.399234
-9.669638
-8.967879
-9.165513
-10.665837
-8.722589
-10.757041
-9.341761
-8.642044
-8.750893
-8.128443
-8.978853
-9.947383
-8.846788
-10.154793
-8.847546
-8.892339
-8.322452
-8.481299
-7.745563
-9.153959
-8.177574
-6.409541
-7.305030
-7.731487
-9.176253
-9.984770
-6.882715
-7.711003
-8.638588
-9.038359
-10.445084
-9.164198
-8.761235
-8.530025
-8.526224
-9.974923
-7.355291
-7.070176
-9.465735
-7.452793
-7.847186
-7.702837
-7.976169
-7.868636
-9.369241
-8.562564
-7.882223
-8.943714
-6.119881
-7.865168
-6.670439
-9.052962
-9.325184
-6.801925
-6.746782
-7.019311
-6.805795
-8.056781
-6.441782
-6.399293
-8.337531
-7.535794
-6.374754
-8.961510
-7.612254
-6.295430
-6.079722
-8.747964
-7.996886
-4.253850
-6.023414
-6.352562
-6.850446
-7.583307
-8.430692
-7.978142
-7.433779
-7.209855
-7.649914
-6.384415
-6.693277
-6.033747
-7.130105
-6.554940
-7.030204
-7.567531
-6.712554
-5.945533
-6.379162
-7.157604
-5.865527
-7.828448
-5.449740
-6.215456
-6.695487
-5.214655
-6.084141
-6.578095
-5.441761
-6.850972
-6.372140
-6.902999
-5.309223
-6.214551
-6.234989
-6.543409
-5.572473
-6.737038
-4.233124
-5.667419
-5.797910
-4.683108
-6.361234
-5.328405
-5.869967
-6.675221
-5.742339
-5.227280
-5.438435
-7.290446
-6.941495
-6.467558
-4.761426
-3.808930
-5.972404
-5.928797
-6.074038
-5.237147
-7.330091
-6.806548
-5.594846
-5.427785
-2.869467
-6.476556
-4.160964
-4.710994
-5.931808
-6.249001
-4.340434
-5.628997
-5.609880
-6.140797
-6.000793
-4.273456
-4.897162
-3.808648
-4.874328
-4.329042
-5.101078
-5.295841
-5.952311
-4.802022
-3.189423
-5.781029
-3.883878
-4.232354
-6.924470
-3.900709
-5.181567
-6.463430
-3.891247
-4.136357
-3.887104
-4.748249
-3.773902
-5.314070
-4.052907
-4.761551
-5.158474
-5.151435
-4.414145
-4.857753
-4.823211
-4.208393
-4.345359
-3.501682
-4.041291
-5.204581
-5.541402
-4.819838
-3.472621
-3.126201
-4.567281
-4.219453
-3.919396
-6.225839
-4.512131
-3.091720
-2.475206
-3.329009
-4.571470
-1.790425
-3.987220
-4.899948
-3.703020
-4.090794
-3.473717
-2.735767
-3.346837
-3.575609
-3.778445
-3.970686
-3.357903
-2.467729
-1.174572
-3.436665
-1.488712
-3.317077
-4.333784
-3.705928
-2.797870
-3.596618
-5.104544
-4.320998
-2.838065
-2.271909
-2.016400
-2.960713
-2.841062
-3.871651
-2.728450
-2.971587
-3.312731
-3.979417
-2.824166
-2.482050
-3.024900
-1.709111
-1.893491
-4.169356
-3.250311
-3.631186
-2.601099
-2.515255
-2.860888
-2.117499
-2.543328
-1.969290
-2.735607
-2.309436
-2.543154
-1.805817
-1.903699
-3.414145
-2.473967
-3.420707
-2.506726
-1.405089
0.427612
-2.096842
-1.561106
-0.848493
-3.850228
-2.490675
-1.821666
-1.705425
-2.129518
-1.874784
-1.480859
-3.839171
-2.134800
-1.343938
-0.765932
-0.149904
-2.113439
-0.251047
-1.466663
-0.161065
-2.991419
-2.758537
-2.033539
-1.215973
-0.085391
-3.247306
-1.431204
-2.029020
-1.359416
-2.089863
-1.714042
-0.392996
-3.142135
-1.061874
-0.810035
-2.615779
-1.553195
-1.177729
-0.327656
-2.022562
0.846204
-3.525038
-1.869906
0.640736
-2.020112
-2.085695
0.588630
-1.287237
0.534461
-1.641303
-1.661138
-0.271917
-0.812689
0.489876
-0.662388
2.195931
1.190117
-1.645269
-1.301222
-0.604365
-1.400655
-0.924520
-1.198071
-0.445959
-0.165864
-0.143485
-0.168175
-0.497533
-0.922437
-0.961316
0.266195
0.186055
0.147496
-0.890792
-0.428660
-0.932970
0.032080
-0.395555
1.514510
-0.329916
0.011142
2.060730
-1.515186
0.923530
0.256321
1.884036
-0.341724
0.369119
1.113551
-0.430655
-0.003331
0.208381
-0.232675
1.970095
1.943711
-1.186423
0.758091
0.536150
0.883902
-0.165380
-0.067843
1.243548
-0.445495
-0.815783
0.585821
1.379854
0.502755
0.363237
2.030703
0.796977
1.872992
-0.168751
0.940315
1.360944
0.190001
2.428534
2.181686
1.514072
-0.410056
0.750282
1.613278
0.494987
0.517642
2.376041
0.818453
0.026647
1.643794
-0.464336
1.017337
-0.341007
0.372836
0.949143
1.790544
2.178656
1.678613
2.598585
1.058946
1.149938
1.037237
1.630444
0.623219
1.984876
1.100961
1.709091
2.111865
1.570230
0.671904
2.482691
-0.843563
1.815206
0.780084
3.745714
1.955593
3.454362
1.027997
3.034494
0.363711
1.753190
3.390152
1.973232
1.339028
1.392217
0.184834
-0.263282
1.859717
1.511263
0.907925
3.527204
-0.054275
2.596792
2.222509
3.923296
2.473014
1.586608
0.279669
1.134956
1.996705
2.777267
3.822026
2.389681
1.679300
2.427575
3.134246
1.647195
1.460556
1.709828
3.015800
1.467062
2.086960
3.942532
3.194622
1.756892
3.095820
3.084739
2.128468
3.224285
3.304613
0.225902
1.567567
3.245972
0.845404
1.321463
3.646598
1.112767
2.620297
3.645706
3.233142
4.027635
3.264960
2.862319
2.525526
1.050736
1.668080
2.701836
1.982686
2.892178
4.147496
2.311312
4.274656
1.221931
3.316906
1.607626
1.377300
3.116625
1.285679
2.831783
2.434373
3.616422
3.352337
2.376700
3.984470
1.927475
2.432139
2.501660
0.987729
3.529229
1.765347
1.548078
1.791478
3.030196
3.263138
5.079330
4.750690
2.264555
3.311363
4.151794
3.324060
3.204623
3.006753
4.101561
1.744903
4.699518
4.317417
4.705790
2.683636
3.583602
3.800245
2.299571
2.114500
3.307257
2.603801
4.328701
3.594103
2.786116
3.933690
3.853898
3.091665
4.048325
3.809707
3.042843
3.584146
2.161872
4.735037
3.400965
3.166678
4.496305
3.865990
3.384419
4.920559
2.985031
3.634923
5.849349
5.236497
5.073872
5.479505
3.000984
3.172667
5.468987
3.479565
5.427917
2.937240
1.179015
4.749525
6.001923
3.987117
4.829724
4.315633
3.785235
4.772276
4.264092
3.136037
4.687132
4.006836
3.844953
4.427194
4.702018
3.694176
3.823364
3.426164
3.695687
4.216513
3.298489
6.023328
6.484210
4.017975
4.787147
3.788192
3.777600
5.087295
5.146006
3.873922
4.331388
4.265737
4.539793
4.885250
5.131697
4.486911
5.900621
3.863347
3.762947
5.010782
5.874603
4.797900
2.932226
3.730801
6.214781
5.539285
4.577262
5.494675
2.588587
4.203896
3.766917
5.842483
4.107690
3.957264
4.805187
3.296342
3.472782
3.175542
5.842753
6.364954
7.456683
5.092361
3.987099
5.899350
3.600784
2.675188
2.863256
5.005436
4.979613
3.736365
5.412429
3.331555
4.090907
6.030103
5.303872
6.662825
4.465528
4.518907
5.517598
2.948778
4.611593
4.687588
4.394070
5.224029
4.759386
3.307063
4.575159
5.535324
3.572466
3.213726
4.562678
4.981803
5.157761
4.863182
3.503990
4.329877
3.602133
3.676588
5.400488
3.610868
4.420738
4.075886
4.907185
4.482518
6.006736
4.891400
5.333744
4.770833
3.555257
4.321860
6.128301
3.868464
5.259773
5.700783
5.708555
4.791247
3.563047
4.064484
4.551231
4.372259
4.844316
3.918817
3.348114
5.878353
4.386821
3.754574
5.557379
6.022506
5.959542
4.152805
6.101845
5.413019
6.025634
4.986896
4.468267
6.571013
4.812310
4.070408
5.181472
4.421442
4.311335
4.065681
2.816584
5.821335
4.842286
4.795443
4.931586
3.252887
6.210835
3.376696
4.644126
4.115919
4.403121
3.761528
3.981952
5.175377
4.046613
3.510764
3.869194
6.334774
4.541635
4.437763
3.431246
4.014413
6.091191
6.461335
5.857318
4.992880
4.755792
3.388250
2.875816
4.880464
3.659630
3.706794
4.294453
4.599165
4.333965
4.493063
3.324369
5.200781
5.925982
7.166531
4.795746
5.177002
4.608379
4.857426
4.457877
5.020255
3.145306
5.482207
3.238824
4.166964
3.333924
4.627428
3.196214
3.756331
3.603303
6.213785
2.799371
5.490776
4.519863
4.265630
4.494087
5.170273
3.451985
4.070323
4.164709
3.097275
4.972297
5.081109
2.644338
4.189657
4.596081
4.430818
4.154699
3.692665
4.598138
4.484018
3.132470
2.574783
3.701274
3.998503
5.996619
5.519312
2.935380
3.057660
3.528374
4.307086
2.025911
3.368144
6.116269
3.508572
3.520753
4.297114
3.689397
4.348783
5.147467
5.062381
3.868288
3.208489
2.684543
3.077209
5.515472
4.776921
4.703228
6.983101
5.955659
6.519938
1.252731
4.681511
4.011270
3.450349
4.765333
5.178499
1.673216
3.952088
4.364772
5.358743
4.142358
3.178569
5.481945
4.189623
4.067584
6.002114
5.706415
2.997156
4.145591
3.633398
1.397765
5.075957
2.471414
5.353360
4.076212
2.606249
3.496105
4.998498
5.130394
4.183146
3.526971
3.020121
4.204907
4.587365
3.173155
3.829120
1.751941
2.793110
2.738480
5.520676
3.304605
3.838646
3.471758
4.986032
2.701500
4.266850
5.530497
2.802140
3.716527
4.277105
4.340732
5.564946
4.209564
2.349773
1.501378
2.811667
3.805913
3.439836
4.251139
3.873016
3.582345
2.959114
2.520367
2.627163
3.322101
3.092929
4.516503
4.839667
1.809430
2.896898
2.016115
4.860783
4.069817
3.914570
2.474961
1.919303
3.051961
3.479119
1.706181
2.237505
3.404456
4.252521
1.275010
3.336014
3.371397
3.055379
4.308284
3.387313
4.066362
2.818700
4.368069
3.794701
3.812146
4.064184
0.886184
4.091848
2.917599
2.664034
3.346581
2.042904
2.438170
3.093593
1.023934
3.486988
2.627711
1.703827
2.120671
2.419083
2.744488
3.486024
4.248291
2.343017
1.911148
2.985548
3.275519
4.131430
2.598466
1.815779
1.985181
3.534905
2.250842
0.823347
0.148171
2.787214
3.639459
2.417441
0.123004
2.967895
0.293404
3.264421
1.758406
3.777163
1.456734
1.682892
2.959635
0.873671
-0.078906
2.346634
1.982067
2.934962
2.029198
0.442743
0.836581
1.178500
2.536999
1.202183
4.024820
1.810882
1.726530
0.785522
4.407185
1.413584
1.617158
1.977373
0.116388
1.452876
0.394381
2.910063
3.497681
1.625341
0.295335
1.327883
2.048624
1.203882
1.835429
1.129003
0.018743
0.378755
0.200272
0.780021
2.608220
1.237409
3.490405
1.094394
1.858154
0.095078
0.563452
0.519258
1.819288
2.782105
0.727799
-0.457525
1.343737
0.289211
-0.241340
1.007524
0.056189
0.748926
1.084926
0.289808
0.508692
1.737712
0.672636
0.711719
1.844923
2.336363
0.075318
1.136620
1.952462
1.117814
-0.242261
2.450239
0.308745
-0.281555
0.228705
0.935496
0.090890
0.675548
0.850366
1.131738
-0.814678
2.002173
1.571259
0.934780
-0.891324
0.637488
1.093166
1.826799
0.717618
0.240875
-0.428762
3.330231
-0.246266
2.125911
-0.425905
0.540667
-1.294963
1.457410
-1.127417
-0.064353
1.152145
-1.583121
-1.237819
-0.996776
1.680536
-1.297300
-0.382623
0.067645
-0.378711
0.943763
-1.649632
1.949664
-0.654543
-1.752852
0.205959
-0.910748
-0.876707
1.388069
-0.750156
0.202630
-0.832443
0.019580
-1.330357
0.908103
-0.449839
-0.411828
0.503522
0.825599
-0.444893
-2.275985
-1.088911
-0.574951
0.297383
-0.701219
0.069919
-2.180097
-1.466813
-0.414652
0.501379
-1.996764
-1.037201
-1.088194
-1.484789
-0.767861
4.901260
3.455921
3.120175
3.133945
3.717822
2.194673
3.592474
3.481968
4.389932
3.538429
3.903157
2.622970
3.587331
3.337570
2.959782
4.010287
4.738693
3.965385
2.198531
2.648535
2.808969
2.588332
4.028796
2.032054
2.481646
2.862859
2.284160
2.857503
3.654769
2.726271
4.685659
3.003480
4.638146
2.964260
3.583069
1.264465
1.388231
1.480172
1.460454
1.950357
1.937251
2.546380
1.695291
0.848265
2.651026
1.557416
1.617044
1.577125
3.650669
1.770784
2.487443
2.886502
0.627836
3.501912
1.655497
0.429635
1.748162
0.775070
1.833619
1.496032
1.418578
1.913845
2.612213
2.081296
1.934102
2.448020
2.099882
1.956150
1.431281
2.704671
0.836996
0.886322
1.943652
3.267083
1.774308
1.783001
2.193433
0.896803
0.620758
1.320324
0.568145
0.444338
1.075217
0.153546
-0.061988
-0.151867
1.437734
0.235723
2.814644
0.979222
2.163013
-0.532379
1.150686
1.584896
1.636303
0.548292
1.077021
2.023910
1.520124
-0.203097
0.468093
2.063835
0.361764
0.915564
0.670256
2.497376
-0.556334
1.090345
2.801827
0.211944
-0.247147
1.071119
1.450103
1.274546
-0.202593
0.495790
0.121626
0.774060
-0.115314
0.501988
-0.959285
-2.696020
1.170131
0.519602
-0.233509
0.901189
1.556695
-0.035467
-0.803176
0.257989
0.752227
0.552657
-2.038743
-0.970308
-0.975919
-0.907445
1.516409
-1.900124
-0.242794
-1.769601
-1.465536
0.380464
0.311488
-2.863943
-0.331532
-2.649390
0.367198
0.608116
-1.819975
-1.243557
-0.718095
-1.552349
0.780895
-0.896774
-1.311819
-0.923742
-1.108415
-1.728648
-1.490596
-2.713965
0.105419
-0.730031
0.561264
-0.851116
-2.009437
-2.387616
-2.513967
-0.734213
-1.518277
0.360540
-1.187842
-1.768718
0.073422
-2.002943
-0.754296
-3.180406
-0.195316
-1.095849
-0.043270
-0.871536
-0.424470
-1.253775
-2.487559
-2.305277
-1.671435
-1.106030
-3.325499
-1.200959
-2.764655
-3.648085
-0.390362
-0.390096
-1.641108
-1.269397
-2.125979
-1.198429
-2.972317
-2.716344
-4.554124
-2.596669
-0.848769
-0.862708
-2.967297
-3.329510
-2.226792
-3.109775
-2.534918
-3.084382
-3.157794
-3.722084
-1.558094
-2.040696
-2.615162
-3.703354
-3.471743
-1.735914
-3.243518
-3.260614
-5.015032
-1.133555
-2.040315
-3.585937
-3.089203
-2.524031
-3.474066
-2.887661
-2.765512
-2.307037
-2.271624
-3.000163
-3.075108
-3.009853
-3.803918
-2.486508
-2.845428
-2.693929
-2.600382
-2.395555
-4.789138
-4.505746
-6.650507
-4.235900
-3.982829
-4.294905
-5.038519
-4.984085
-3.288807
-3.336139
-3.069807
-2.652382
-2.621701
-3.354564
-4.524302
-5.278366
-4.235600
-3.398943
-2.606298
-2.665878
-4.332707
-5.543409
-5.730899
-4.072129
-3.470710
-3.695619
-4.561262
-3.815726
-3.534393
-2.173493
-2.607349
-3.167774
-3.973848
-3.993903
-4.216210
-4.663116
-2.838714
-2.255299
-5.028721
-5.959172
-4.838912
-2.604142
-4.945133
-5.754378
-4.834930
-4.192326
-5.908522
-4.900775
-4.234927
-3.579246
-5.377966
-3.872313
-4.980948
-5.613791
-5.638988
-6.895388
-4.450871
-4.914148
-4.721747
-5.231110
-6.450012
-5.964533
-3.594656
-5.557440
-4.807691
-5.693683
-6.822394
-4.368200
-4.773968
-5.287506
-6.057341
-3.760755
-5.503148
-4.254886
-6.840492
-5.650014
-3.120248
-6.966267
-5.831458
-4.695249
-5.101485
-4.746973
-4.873344
-6.054438
-6.540492
-4.431819
-6.065058
-6.521877
-4.617120
-3.558340
-4.665417
-5.313242
-5.792427
-6.062169
-4.399849
-6.005183
-5.077928
-5.685270
-6.124688
-5.200822
-6.792364
-3.786680
-6.518708
-8.465725
-5.924721
-7.458683
-5.801879
-3.919841
-5.116044
-5.351149
-6.629253
-5.913295
-6.586306
-6.008799
-5.645825
-5.544850
-4.669742
-6.234726
-7.859758
-5.533642
-5.541620
-7.539776
-4.367253
-5.360532
-8.524586
-6.776673
-7.372822
-6.046524
-7.437401
-5.035606
-8.338566
-6.064881
-8.861457
-7.235537
-6.504978
-6.811906
-6.319934
-6.506002
-7.714860
-6.630200
-6.085106
-6.742182
-7.317872
-4.788012
-7.550186
-5.646998
-7.235154
-6.176399
-5.548773
-6.544637
-7.144820
-8.111906
-4.597127
-6.928546
-8.034837
-6.363274
-7.805888
-7.398410
-6.669464
-9.126701
-7.310072
-7.478051
-8.720903
-6.325201
-6.321014
-7.062442
-7.663473
-6.169591
-7.682041
-8.548769
-7.502445
-7.902690
-5.978030
-6.248408
-7.968678
-8.804008
-7.651730
-7.759480
-5.884506
-6.221407
-5.322558
-5.993625
-6.823178
-7.794746
-7.691399
-8.719444
-6.679441
-8.936962
-8.502307
-7.938991
-7.015938
-6.933313
-5.710936
-9.441605
-9.309928
-7.410073
-7.310513
-5.333240
-7.441187
-7.346396
-7.911805
-6.994936
-7.058647
-8.490927
-6.536981
-7.597210
-8.895376
-7.474023
-8.617032
-7.151284
-8.356695
-7.773466
-7.859217
-8.628078
-7.811905
-6.915047
-8.917856
-7.571888
-7.114076
-9.852972
-7.366535
-8.651777
-7.202116
-7.554985
-8.770802
-8.493909
-8.536669
-7.744384
-10.072884
-9.105624
-8.073029
-6.523132
-9.152710
-7.901161
-8.512101
-8.389950
-8.529830
-7.540273
-7.357864
-10.405281
-8.740314
-8.781040
-8.109602
-9.768186
-8.892173
-7.887350
-7.450546
-7.947807
-7.741478
-10.088742
-9.464423
-8.826048
-6.264806
-9.105701
-6.338625
-7.644782
-8.686394
-8.583008
-9.222597
-7.990535
-9.473145
-8.104257
-7.902580
-10.582661
-9.203687
-8.769249
-8.507916
-8.174015
-9.151979
-8.137150
-7.502648
-6.405998
-9.380298
-8.859344
-9.575429
-8.737987
-8.037704
-9.206959
-8.866590
-6.810490
-10.762178
-8.042619
-7.527390
-7.738745
-7.802187
-7.488159
-9.120694
-9.971248
-8.792573
-9.143237
-8.213722
-7.581049
-8.527773
-10.848708
-10.952995
-8.740759
-9.286248
-7.520091
-9.413444
-10.209865
-9.740657
-8.753069
-10.335655
-8.628376
-9.032733
-10.281588
-8.857295
-8.152649
-8.167358
-10.375037
-7.648241
-11.012411
-8.995789
-9.812808
-9.869513
-9.608322
-8.384729
-7.224963
-9.893999
-10.250659
-9.547312
-9.981090
-9.104024
-9.501457
-9.012933
-8.576381
-8.753636
-9.000311
-9.582420
-9.491443
-9.280109
-9.238949
-9.077249
-8.929722
-8.036074
-10.312406
-9.303720
-9.739074
-8.429968
-8.606001
-6.101916
-9.356855
-9.747220
-9.435942
-8.745629
-8.454231
-8.048080
-6.046400
-9.755612
-7.822985
-9.107795
-11.143030
-9.934923
-9.674604
-9.411342
-9.648737
-9.715688
-9.708669
-10.017884
-7.160598
-8.366346
-9.061184
-10.800933
-10.889384
-9.221847
-9.247868
-9.185089
-9.821822
-10.199271
-9.855497
-10.157175
-9.550820
-8.963996
-10.489816
-9.713645
-9.205981
-10.141524
-8.219861
-8.361554
-9.997934
-9.738003
-9.729984
-10.840618
-10.286455
-9.469455
-10.037153
-9.150199
-9.371488
-10.710970
-9.284322
-9.156205
-9.172768
-8.253454
-7.927282
-8.422931
-9.143101
-10.682215
-9.333245
-7.537964
-8.235249
-9.166887
-9.579548
-8.739939
-8.862987
-8.740584
-7.423845
-9.246628
-11.471280
-9.013309
-8.762590
-8.990361
-6.293147
-9.821914
-10.392485
-10.752082
-8.492878
-10.066146
-8.401373
-8.445275
-9.565464
-10.167611
-9.607042
-10.277194
-8.869938
-7.092530
-11.864559
-9.989179
-9.899609
-8.124187
-9.627868
-10.493328
-11.512020
-10.042512
-10.537093
-10.771746
-7.514151
-10.366479
-10.192704
-10.989898
-9.833989
-8.985338
-9.051264
-10.547997
-10.499029
-9.259764
-7.274422
-6.458924
-10.762506
-9.068508
-9.434030
-11.439743
-8.776390
-8.093045
-7.749511
-7.469667
-9.093413
-9.266740
-9.651712
-10.501616
-8.668551
-10.285648
-11.027709
-9.561213
-10.952719
-10.094178
-10.118711
-7.854828
-8.929036
-10.761593
-10.005442
-10.546345
-11.042007
-10.084219
-10.002988
-9.467697
-10.407571
-8.573941
-9.496327
-9.743441
-9.192185
-9.321390
-9.344938
-10.539591
-9.209637
-9.421500
-10.194010
-9.790739
-8.713380
-10.341327
-9.081717
-8.835046
-7.904484
-10.677290
-10.188318
-9.112178
-7.643760
-10.491205
-7.836596
-8.229398
-9.351876
-7.988477
-9.441529
-7.176478
-8.342076
-8.626896
-10.200318
-8.598538
-9.100324
-9.558295
-9.078182
-8.978314
-8.172970
-10.885731
-8.049274
-8.995214
-9.882929
-7.914125
-6.968994
-10.399466
-6.366486
-8.055419
-9.421534
-9.311369
-9.307055
-8.965960
-6.403985
-10.121594
-10.279426
-6.040756
-9.171350
-7.119640
-8.194481
-6.493291
-7.873668
-8.855891
-9.016527
-8.228384
-8.760031
-9.078502
-8.636101
-9.230454
-6.972275
-7.475640
-9.951565
-8.498163
-8.139708
-10.660108
-9.563041
-7.305289
-7.650242
-7.516161
-8.744686
-7.750201
-10.702085
-7.649432
-9.736611
-9.367453
-6.997874
-6.567763
-8.300649
-8.331518
-8.721550
-7.963900
-9.836223
-8.843404
-8.447330
-7.838853
-8.347200
-6.204704
-7.621728
-9.226622
-7.489553
-7.979900
-7.187127
-8.407857
-8.422876
-8.697547
-6.151945
-8.544418
-8.611064
-7.742552
-9.346452
-10.852214
-10.613603
-7.780649
-8.064435
-9.838118
-9.944109
-7.161663
-7.204350
-6.607157
-6.537554
-8.311539
-9.188943
-8.789213
-8.641409
-4.959220
-6.557124
-7.661599
-8.353906
-8.677825
-9.689411
-7.660964
-7.226681
-9.328540
-6.499664
-6.988742
-9.275689
-8.780272
-9.470059
-7.578166
-7.522932
-8.299258
-7.234675
-8.382290
-5.579361
-7.125296
-7.648081
-4.912619
-6.558440
-7.480162
-8.434789
-8.573118
-6.732297
-5.826648
-6.451671
-5.687831
-8.627232
-7.831400
-6.852215
-7.538327
-6.913494
-6.507509
-6.615793
-6.837767
-6.305309
-6.022424
-7.549801
-5.510255
-6.420821
-6.693062
-6.377616
-5.171298
-8.775724
-6.469528
-9.030445
-9.118820
-6.859018
-5.481663
-7.371308
-8.067842
-6.311697
-5.998138
-5.054567
-7.743719
-6.014284
-7.002084
-7.649186
-5.703264
-5.971917
-6.154114
-7.201455
-5.884882
-6.397566
-5.655421
-6.626829
-6.367030
-5.867867
-7.541981
-8.008716
-5.757976
-5.630415
-6.713084
-6.887981
-5.758053
-5.695968
-6.191107
-6.710303
-5.312873
-5.504738
-5.943158
-4.923743
-7.245393
-6.594993
-5.813716
-6.842749
-5.134840
-4.669804
-6.243402
-4.721620
-5.194947
-6.894993
-7.365424
-7.100766
-4.254314
-5.444530
-5.316572
-5.821226
-5.044191
-5.321178
-7.416074
-5.772014
-5.065447
-3.986801
-5.261518
-6.210032
-5.881640
-5.609665
-5.142054
-6.792149
-4.680438
-4.788357
-4.448548
-5.589946
-5.170870
-2.193639
-6.315999
-5.729673
-4.835915
-4.677636
-5.219003
-4.908833
-5.442752
-4.491843
-6.046868
-6.068371
-3.542476
-3.392487
-5.109395
-3.441497
-3.807332
-4.028282
-6.415976
-4.365887
-4.792546
-4.681165
-6.329538
-3.898918
-5.552880
-1.803984
-4.966499
-3.244524
-6.649430
-3.745433
-4.182750
-3.999825
-3.894425
-4.009294
-3.732607
-4.932402
-3.478449
-4.384063
-3.216782
-3.259036
-3.839247
-4.316538
-6.538161
-3.610564
-2.794762
-5.456451
-3.784749
-4.678300
-4.031463
-3.464038
-3.757134
-4.346030
-5.116798
-2.150896
-4.579663
-5.242473
-4.607820
-4.939503
-2.951964
-3.282643
-3.135947
-7.319090
-3.506873
-3.735852
-2.856554
-3.093570
-2.278373
-2.223163
-4.034894
-3.081963
-3.610449
-1.932018
-2.494822
-3.977170
-3.982210
-5.372474
-2.589286
-4.589793
-2.861600
-4.822489
-1.463106
-3.158303
-3.836566
-1.681978
-1.998905
-2.870894
-2.681752
-2.945140
-2.343883
-3.154002
-4.148464
-4.375362
-3.284341
-4.228816
-2.973582
-3.862930
-2.495460
-2.215804
-2.112316
-1.294445
-2.649515
-1.310013
-1.536656
-3.375558
-2.560769
-1.505152
-2.084202
-1.846484
-5.257086
-2.248391
-2.933081
-2.428030
-2.641648
-1.665358
-1.041014
-1.328168
-2.795225
-1.506615
-3.112077
-1.286405
-2.623173
-0.398535
-2.095734
-3.668517
-2.290541
-1.151513
-2.211699
-0.928498
-0.312814
-0.944610
-2.574359
-2.324341
-0.726696
-1.213649
-1.908754
-0.752591
-2.638091
-3.506295
-0.649205
-0.238422
-1.341193
-0.640026
-0.729486
-3.290219
-2.657220
-2.320199
-1.281729
-0.304733
-1.365342
-2.606940
-2.465601
-1.131716
0.080886
-1.864128
-0.433843
-1.905379
-2.644050
-2.051103
-1.176348
-0.063415
-1.541479
-0.055620
-1.195013
0.195234
0.025384
0.412167
0.360864
-1.876086
-2.010952
-0.512057
-1.474202
-0.988911
-1.296681
-0.679795
-0.337035
0.169053
-0.511112
0.735169
-0.590476
0.164670
-1.050747
-0.412807
-0.252507
0.593409
-1.312537
-0.344263
-0.103855
-1.027872
-0.219703
-0.941703
0.907389
-0.790727
0.970695
2.433079
-1.498342
