0.254395
0.280836
0.307628
0.332585
0.359223
0.385753
0.410314
0.434166
0.460572
0.487525
0.513616
0.539868
0.564238
0.587791
0.611584
0.634897
0.661161
0.688481
0.715179
0.742420
0.768566
0.794434
0.820907
0.847390
0.871936
0.895728
0.919619
0.942993
0.967030
0.991117
1.014642
1.038021
1.064553
1.092299
1.119753
1.147987
1.175149
1.202189
1.230079
1.258161
1.284948
1.311365
1.338042
1.364519
1.391746
1.419226
1.446469
1.473809
1.499261
1.523931
1.548780
1.573140
1.597976
1.622806
1.647108
1.671234
1.696281
1.721581
1.746654
1.771847
1.796491
1.820934
1.845522
1.870019
1.897866
1.927110
1.956117
1.986034
2.015097
2.044197
2.074273
2.104692
2.133670
2.162298
2.191351
2.220269
2.250152
2.280427
2.310524
2.340831
2.369741
2.398136
2.426807
2.455207
2.484089
2.513079
2.541768
2.570432
2.600000
2.629909
2.659749
2.689816
2.719549
2.749238
2.779175
2.809162
2.837204
2.864469
2.891872
2.918762
2.946246
2.973757
3.000714
3.027510
3.055062
3.082803
3.173553
3.291281
2.922806
2.366769
4.666957
2.648988
3.273938
3.302342
3.330596
3.359094
3.387272
3.415411
3.443816
3.472282
3.500162
3.527849
3.555627
3.583291
3.611235
3.639253
3.667143
3.695043
3.720371
3.744596
3.768940
3.792547
3.816748
3.840868
3.864199
3.887220
3.911256
3.935494
3.959362
3.983273
4.006409
4.029195
4.052059
4.074709
4.098379
4.122391
4.146139
4.170044
4.193523
4.216867
4.240389
4.263878
4.286624
4.309056
4.331488
4.353694
4.376103
4.398493
4.420640
4.442697
4.466117
4.490048
4.513826
4.537921
4.561528
4.585059
4.608940
4.632883
4.656221
4.679368
4.702608
4.725733
4.749169
4.772693
4.796086
4.819497
4.842075
4.864292
4.886563
4.908601
4.930818
4.953009
4.974949
4.996790
5.019005
5.041305
5.063484
5.085691
5.107639
5.129475
5.151352
5.173165
5.195951
5.219125
5.242192
5.265500
5.288524
5.311530
5.334795
5.358131
5.380992
5.403712
5.426528
5.449268
5.472270
5.495357
5.518356
5.541384
5.563981
5.586399
5.608866
5.631224
5.653688
5.676152
5.698499
5.720808
5.743348
5.765956
5.788512
5.811104
5.833568
5.855988
5.878450
5.900895
5.922689
5.944203
5.965729
5.987059
6.008544
6.030004
6.051256
6.072423
6.093801
6.115205
6.136512
6.157813
6.178921
6.199934
6.220947
6.241896
6.263146
6.284494
6.305762
6.327074
6.348252
6.369385
6.390569
6.411739
6.432691
6.453550
6.474404
6.495190
6.516030
6.536862
6.557620
6.578347
6.598258
6.617799
6.637344
6.656631
6.676066
6.695443
6.714547
6.733523
6.752776
6.772058
6.791194
6.810310
6.829157
6.847864
6.866561
6.885161
6.904038
6.922986
6.941820
6.960669
6.979355
6.997967
7.016600
7.035190
7.053521
7.071723
7.089892
7.107959
7.126055
7.144112
7.162062
7.179952
7.198225
7.216623
7.234940
7.253321
7.271520
7.289664
7.307881
7.326084
7.344069
7.361963
7.379852
7.397674
7.415557
7.433434
7.451239
7.469016
7.486505
7.503851
7.521181
7.538406
7.555654
7.572860
7.589957
7.606990
7.624105
7.641214
7.658252
7.675266
7.692167
7.709002
7.725816
7.742577
7.759600
7.776706
7.793748
7.810828
7.827790
7.844714
7.861682
7.878640
7.895420
7.912124
7.928824
7.945469
7.962159
7.978842
7.995465
8.012064
8.028500
8.044848
8.061178
8.077443
8.093706
8.109936
8.126098
8.142214
8.158368
8.174509
8.190601
8.206671
8.222669
8.238621
8.254553
8.270446
8.286109
8.301654
8.317169
8.332593
8.348029
8.363426
8.378726
8.393967
8.409239
8.424486
8.439671
8.454820
8.469878
8.484874
8.499838
8.514748
8.529717
8.544682
8.559590
8.574478
8.589292
8.604060
8.618810
8.633522
8.648136
8.662688
8.677206
8.691670
8.706117
8.720529
8.734885
8.749199
8.760414
8.770285
8.780246
8.789287
8.799023
8.808633
8.817262
8.825487
8.834826
8.844346
8.853393
8.862441
8.870544
8.878195
8.885885
8.893280
8.901942
8.911011
8.919719
8.928598
8.936903
8.945006
8.953308
8.961540
8.968810
8.975659
8.982478
8.988985
8.995719
9.002399
9.008746
9.014951
9.022566
9.030678
9.038580
9.046774
9.054392
9.061879
9.069693
9.077523
9.084669
9.091566
9.098512
9.105291
9.112349
9.119453
9.126371
9.133261
9.139194
9.144686
9.150189
9.155389
9.160738
9.166011
9.170963
9.175759
9.180914
9.186113
9.191133
9.196135
9.200807
9.205311
9.209809
9.214192
9.219989
9.226334
9.232498
9.238991
9.245030
9.251011
9.257351
9.263769
9.269468
9.274936
9.280518
9.285964
9.291766
9.297667
9.303413
9.309177
9.314248
9.319016
9.323832
9.328453
9.333212
9.337944
9.342468
9.346906
9.351670
9.356510
9.361245
9.366005
9.370543
9.374986
9.379464
9.383890
9.387369
9.390424
9.393466
9.396203
9.399131
9.401995
9.404536
9.406930
9.409588
9.412255
9.414756
9.417219
9.419381
9.421381
9.423352
9.425202
9.427453
9.429815
9.432035
9.434289
9.436325
9.438268
9.440254
9.442193
9.443794
9.445234
9.446639
9.447918
9.449246
9.450534
9.451688
9.452771
9.452720
9.452138
9.451531
9.450544
9.449726
9.448799
9.447472
9.445942
9.444756
9.443579
9.442173
9.440711
9.438853
9.436776
9.434655
9.432372
9.430430
9.428553
9.426491
9.424418
9.422096
9.419643
9.417186
9.414640
9.411714
9.408584
9.405378
9.402004
9.398637
9.395187
9.391561
9.387823
9.384577
9.381469
9.465304
9.586249
9.037804
8.231131
11.359188
8.538539
9.357048
9.353013
9.348941
9.344747
9.340607
9.336428
9.332120
9.327744
9.322947
9.317925
9.312851
9.307605
9.302358
9.297025
9.291513
9.285884
9.280336
9.274749
9.269036
9.263259
9.257300
9.251219
9.245080
9.238840
9.232916
9.227071
9.221109
9.215167
9.209036
9.202821
9.196635
9.190402
9.183902
9.177269
9.170599
9.163822
9.157075
9.150287
9.143388
9.136425
9.129213
9.121853
9.114438
9.106903
9.099335
9.091691
9.083925
9.076067
9.068227
9.060338
9.052353
9.044306
9.036132
9.027865
9.019538
9.011130
9.002382
8.993445
8.984437
8.975275
8.966099
8.956838
8.947416
8.937885
8.928363
8.918776
8.909075
8.899295
8.889361
8.879313
8.869190
8.858965
8.848786
8.838571
8.828248
8.817867
8.807356
8.796751
8.786092
8.775350
8.764445
8.753427
8.742331
8.731132
8.719879
8.708546
8.697109
8.685583
8.674723
8.664093
8.653342
8.642720
8.631821
8.620852
8.610026
8.599198
8.588003
8.576665
8.565344
8.553923
8.542633
8.531355
8.519968
8.508554
8.496714
8.484669
8.472613
8.460412
8.448255
8.436049
8.423690
8.411248
8.398947
8.386651
8.374262
8.361850
8.349278
8.336618
8.323941
8.311198
8.298031
8.284650
8.271220
8.257624
8.244063
8.230435
8.216633
8.202729
8.188884
8.174998
8.161002
8.146947
8.132729
8.118402
8.104020
8.089546
8.075198
8.060855
8.046411
8.031940
8.017334
8.002649
7.987940
7.973170
7.958217
7.943155
7.928037
7.912825
7.897591
7.882299
7.866909
7.851448
7.835497
7.819293
7.803035
7.786585
7.770157
7.753643
7.736928
7.720089
7.703342
7.686556
7.669637
7.652651
7.635466
7.618151
7.600776
7.583293
7.565900
7.548489
7.530962
7.513387
7.495670
7.477858
7.460001
7.442066
7.423937
7.405685
7.387359
7.368923
7.350447
7.331894
7.313228
7.294475
7.275874
7.257284
7.238595
7.219887
7.201024
7.182077
7.163114
7.144088
7.124889
7.105586
7.086225
7.066772
7.047297
7.027764
7.008137
6.988439
6.968531
6.948491
6.928387
6.908171
6.887912
6.867576
6.847125
6.826585
6.806034
6.785424
6.764721
6.743949
6.723062
6.702083
6.681038
6.659910
6.640587
6.621987
6.603222
6.584917
6.566076
6.547204
6.459951
6.343532
6.755555
7.371521
4.875506
7.084541
6.415358
6.396825
6.378160
6.359568
6.340089
6.320254
6.300532
6.280598
6.260908
6.241234
6.221331
6.201363
6.181878
6.162544
6.143122
6.123783
6.104197
6.084536
6.064972
6.045387
6.024814
6.003821
5.982850
5.961587
5.940574
5.919534
5.898180
5.876707
5.855552
5.834443
5.813195
5.791942
5.770404
5.748729
5.727061
5.705301
5.684028
5.662921
5.641697
5.620553
5.599207
5.577800
5.556482
5.535153
5.513492
5.491693
5.469896
5.448002
5.426204
5.404402
5.382494
5.360549
5.337638
5.314287
5.290939
5.267284
5.243796
5.220236
5.196351
5.172311
5.148600
5.124922
5.101068
5.077188
5.052986
5.028615
5.004231
4.979729
4.955538
4.931423
4.907172
4.882931
4.858500
4.833977
4.809473
4.784913
4.760049
4.735031
4.709969
4.684784
4.659627
4.634419
4.609083
4.583671
4.558728
4.533935
4.509043
4.484229
4.459191
4.434084
4.409066
4.384030
4.358726
4.333308
4.307884
4.282376
4.256943
4.231502
4.205970
4.180404
4.154486
4.128394
4.102280
4.076038
4.049822
4.023554
3.997152
3.970671
3.944289
3.917897
3.891418
3.864909
3.838262
3.811532
3.784776
3.757955
3.730331
3.702332
3.674301
3.645995
3.617815
3.589557
3.561009
3.532315
3.503825
3.475324
3.446659
3.417942
3.388949
3.359796
3.330599
3.301280
3.272243
3.243265
3.214148
3.185028
3.155710
3.126293
3.096881
3.067403
3.037631
3.007705
2.977723
2.947614
2.917516
2.887358
2.857066
2.826691
2.796562
2.766484
2.736308
2.706139
2.675793
2.645364
2.614950
2.584485
2.553824
2.523057
2.492245
2.461344
2.430448
2.399507
2.368473
2.337379
2.306022
2.274514
2.242956
2.211277
2.179577
2.147807
2.115914
2.083932
2.051974
2.019973
1.987878
1.955726
1.923447
1.891079
1.858655
1.826152
1.794023
1.762011
1.729900
1.697841
1.665601
1.633297
1.601054
1.568789
1.536267
1.503633
1.470987
1.438255
1.405583
1.372894
1.340114
1.307294
1.274218
1.241004
1.207759
1.174409
1.141056
1.107650
1.074135
1.040549
1.007015
0.973459
0.939826
0.906155
0.872371
0.838513
0.804620
0.770666
0.736395
0.701957
0.667469
0.632847
0.598234
0.563557
0.528740
0.493836
0.458960
0.424041
0.389028
0.353957
0.318755
0.283459
0.248110
0.212679
0.177318
0.141942
0.106479
0.070980
0.035373
-0.000308
-0.036022
-0.071796
-0.107713
-0.143723
-0.179788
-0.215936
-0.252116
-0.288354
-0.324676
-0.361064
-0.389223
-0.413920
-0.439042
-0.461850
-0.486742
-0.511482
-0.533741
-0.555093
-0.579635
-0.604847
-0.628964
-0.653266
-0.675193
-0.696081
-0.717255
-0.737811
-0.762032
-0.787554
-0.812280
-0.837667
-0.861670
-0.885310
-0.909685
-0.934057
-0.955992
-0.976967
-0.998048
-1.018467
-1.039695
-1.060969
-1.081522
-1.101876
-1.126184
-1.152004
-1.177442
-1.203845
-1.228884
-1.253754
-1.279678
-1.305828
-1.248475
-1.155809
-1.692411
-2.471374
0.447252
-2.226070
-1.478017
-1.503105
-1.525803
-1.547500
-1.569409
-1.590685
-1.612545
-1.634381
-1.655538
-1.676457
-1.698520
-1.720885
-1.742948
-1.765147
-1.786639
-1.807863
-1.829253
-1.850515
-1.877461
-1.906784
-1.935729
-1.966228
-1.995277
-2.024398
-2.055188
-2.086567
-2.115557
-2.143984
-2.173138
-2.202084
-2.232668
-2.263928
-2.294909
-2.326261
-2.355197
-2.383249
-2.411788
-2.439863
-2.468790
-2.497914
-2.526525
-2.555101
-2.585247
-2.615991
-2.646626
-2.677661
-2.708128
-2.738528
-2.769366
-2.800299
-2.828070
-2.854587
-2.881341
-2.907275
-2.934196
-2.961179
-2.987270
-3.013116
-3.040206
-3.067616
-3.094712
-3.121954
-3.148395
-3.174530
-3.200850
-3.227021
-3.254955
-3.283588
-3.311992
-3.340813
-3.369122
-3.397384
-3.426098
-3.454927
-3.482811
-3.510394
-3.538142
-3.565718
-3.593770
-3.621961
-3.649956
-3.677984
-3.707385
-3.737365
-3.767318
-3.797676
-3.827672
-3.857701
-3.888164
-3.918790
-3.948993
-3.979140
-4.009476
-4.039820
-4.070551
-4.101470
-4.132383
-4.163424
-4.193742
-4.223813
-4.254046
-4.284156
-4.314557
-4.345043
-4.375389
-4.405746
-4.436579
-4.467606
-4.498622
-4.529775
-4.560781
-4.591786
-4.622940
-4.654140
-4.664298
-4.665539
-4.667738
-4.663938
-4.665330
-4.666222
-4.660687
-4.652733
-4.652755
-4.654355
-4.653056
-4.652108
-4.645012
-4.635158
-4.625909
-4.614973
-4.658330
-4.724062
-4.785713
-4.861861
-4.923438
-4.985178
-5.062520
-5.145035
-5.204239
-5.257601
-5.317446
-5.374842
-5.447464
-5.526104
-5.601605
-5.680202
-5.662011
-5.603756
-5.552854
-5.476057
-5.460771
-5.460301
-5.430433
-5.401511
-5.698116
-6.130563
-5.837101
-5.332894
-10.580202
-10.140263
-10.521957
-9.197158
-9.880404
-10.705383
-10.564610
-10.291963
-10.430440
-10.579789
-10.567223
-10.534392
-10.574297
-10.618510
-10.567097
-10.484717
-10.856377
-11.396591
-8.766249
-10.906307
-10.339557
-10.520812
-10.664709
-10.856612
-10.968880
-11.065804
-11.215560
-11.372173
-11.399568
-11.380789
-11.375099
-11.339658
-11.357937
-11.386519
-11.382090
-11.374132
-11.384965
-11.398644
-11.407597
-11.417862
-11.410295
-11.395255
-11.382305
-11.364854
-11.342177
-11.315389
-11.284183
-11.248618
-11.210715
-11.169307
-11.123452
-11.073814
-11.102633
-11.162592
-11.215218
-11.287623
-11.336101
-11.382892
-11.451131
-11.525172
-11.556568
-11.574809
-11.601065
-11.620051
-11.661305
-11.709477
-11.749227
-11.790992
-11.857173
-11.933795
-12.011385
-12.096864
-12.175779
-12.255702
-12.344082
-12.435838
-12.167797
-11.749140
-11.349558
-10.849413
-11.125916
-11.687774
-12.112199
-12.694106
-12.603787
-12.286683
-12.160491
-11.938077
-11.985425
-12.122680
-12.150213
-12.201758
-12.212670
-12.205926
-12.224918
-12.242283
-12.259009
-12.277425
-12.294390
-12.311462
-12.326331
-12.340157
-12.354179
-12.367561
-12.381142
-12.394528
-12.407245
-12.419609
-12.455398
-12.500918
-12.545055
-12.595645
-12.471221
-12.275206
-12.093405
-11.865571
-12.669759
-13.893003
-13.138993
-11.849323
-12.189283
-12.762259
-12.694758
-12.636492
-12.674469
-12.689905
-12.705661
-12.721180
-12.737548
-12.754200
-12.770573
-12.787052
-12.802161
-12.816708
-12.831420
-12.845794
-12.860514
-12.875240
-12.889602
-12.903849
-12.918843
-12.934063
-12.949127
-12.964311
-12.979096
-12.993750
-13.008543
-13.023292
-13.035939
-13.047685
-13.059477
-13.070644
-13.082322
-13.093928
-13.104866
-13.115540
-13.126903
-13.138366
-13.149521
-13.160664
-13.171190
-13.181416
-13.191653
-13.201690
-13.212711
-13.224058
-13.235154
-13.246401
-13.257223
-13.267909
-13.278767
-13.289589
-13.299714
-13.309545
-13.319370
-13.328981
-13.338779
-13.348556
-13.358102
-13.367561
-13.380407
-13.394629
-13.408612
-13.423496
-13.437407
-13.451301
-13.466168
-13.481338
-13.495143
-13.508611
-13.522460
-13.536168
-13.550787
-13.565767
-13.580566
-13.595553
-13.608843
-13.621480
-13.634384
-13.646915
-13.659981
-13.673129
-13.685870
-13.698534
-13.712181
-13.726167
-13.740027
-13.754097
-13.767731
-13.781265
-13.795034
-13.808809
-13.821002
-13.832548
-13.844172
-13.855358
-13.867006
-13.878652
-13.889827
-13.900849
-13.912425
-13.924116
-13.935621
-13.947160
-13.958278
-13.969214
-13.980201
-13.991080
-14.002826
-14.014894
-14.026814
-14.038914
-14.050717
-14.062462
-14.074405
-14.086374
-14.097831
-14.109103
-14.120425
-14.131627
-14.143038
-14.154486
-14.165802
-14.177102
-14.182630
-14.185681
-14.188963
-14.190570
-14.193522
-14.196286
-14.197260
-14.197528
-14.199975
-14.202829
-14.204843
-14.206920
-14.207264
-14.206812
-14.206494
-14.205676
-14.207241
-14.209598
-14.211337
-14.213437
-14.214529
-14.215296
-14.216475
-14.217570
-14.216935
-14.215568
-14.214192
-14.212286
-14.210845
-14.209353
-14.207292
-14.205015
-14.205544
-14.207107
-14.208319
-14.210164
-14.210953
-14.211551
-14.212846
-14.214238
-14.214352
-14.214042
-14.213892
-14.213475
-14.213668
-14.214013
-14.214058
-14.214110
-14.212371
-14.209842
-14.207396
-14.204425
-14.201805
-14.199098
-14.195832
-14.192326
-14.189576
-14.186975
-14.184087
-14.181228
-14.177790
-14.174089
-14.170440
-14.166628
-14.166207
-14.167158
-14.167796
-14.169301
-14.169847
-14.170359
-14.171808
-14.173538
-14.173718
-14.173468
-14.173584
-14.173490
-14.174320
-14.175483
-14.176392
-14.177447
-14.176967
-14.175875
-14.174998
-14.173764
-14.172963
-14.172201
-14.171052
-14.169803
-14.169425
-14.169329
-14.169088
-14.169010
-14.168511
-14.167892
-14.167459
-14.167005
-14.164503
-14.161139
-14.157842
-14.153954
-14.150598
-14.147199
-14.143165
-14.138896
-14.135324
-14.131870
-14.128139
-14.124419
-14.120118
-14.115547
-14.111010
-14.106299
-14.102600
-14.099254
-14.095685
-14.092293
-14.088503
-14.084603
-14.080901
-14.077191
-14.072812
-14.068166
-14.063541
-14.058729
-14.054130
-14.049537
-14.044741
-14.039884
-14.033589
-14.026632
-14.019672
-14.012248
-14.005054
-13.997741
-13.989938
-13.981894
-13.974341
-13.966831
-13.959048
-13.951222
-13.942902
-13.934323
-13.925718
-13.916928
-13.908565
-13.900292
-13.891811
-13.883328
-13.874559
-13.865647
-13.856744
-13.847747
-13.838299
-13.828617
-13.818856
-13.808905
-13.798978
-13.788964
-13.778750
-13.768413
-13.758804
-13.749426
-13.739888
-13.730466
-13.720692
-13.710806
-13.701055
-13.691271
-13.681061
-13.670668
-13.660261
-13.649718
-13.639288
-13.628841
-13.618248
-13.607596
-13.596396
-13.584919
-13.573405
-13.561687
-13.550002
-13.538233
-13.526251
-13.514143
-13.502181
-13.490200
-13.478079
-13.465905
-13.453513
-13.440988
-13.428417
-13.415740
-13.404452
-13.393700
-13.382780
-13.372185
-13.361141
-13.350042
-13.339298
-13.328631
-13.317284
-13.305720
-13.294269
-13.282693
-13.271462
-13.260332
-13.249057
-13.237805
-13.225847
-13.213585
-13.201375
-13.188969
-13.176712
-13.164433
-13.151945
-13.139374
-13.127137
-13.114982
-13.102724
-13.090496
-13.078046
-13.065504
-13.053002
-13.040450
-13.027032
-13.013226
-12.999407
-12.985309
-12.971386
-12.957405
-12.943128
-12.928716
-12.914542
-12.900375
-12.886056
-12.871701
-12.857071
-12.842293
-12.827487
-12.812570
-12.798025
-12.783583
-12.769010
-12.754469
-12.739726
-12.724898
-12.710111
-12.695281
-12.680139
-12.664848
-12.649526
-12.634088
-12.618696
-12.603266
-12.587714
-12.572098
-12.555774
-12.539106
-12.522400
-12.505442
-12.488558
-12.471582
-12.454342
-12.436955
-12.419758
-12.402545
-12.385169
-12.367736
-12.350039
-12.332185
-12.314283
-12.296259
-12.278403
-12.260558
-12.242578
-12.224563
-12.206378
-12.188091
-12.169773
-12.151377
-12.132733
-12.113942
-12.095081
-12.076095
-12.057086
-12.038001
-12.018787
-11.999480
-11.980468
-11.961524
-11.942471
-11.923433
-11.904199
-11.884876
-11.865578
-11.846228
-11.826648
-11.806948
-11.787205
-11.767362
-11.747535
-11.727663
-11.707687
-11.687649
-11.667322
-11.646833
-11.626289
-11.605616
-11.584922
-11.564152
-11.543249
-11.522250
-11.501282
-11.480269
-11.459155
-11.437980
-11.416669
-11.395260
-11.373793
-11.352242
-11.332053
-11.312399
-11.292598
-11.273130
-11.253233
-11.233295
-11.213717
-11.194229
-11.174103
-11.153787
-11.133593
-11.113294
-11.093341
-11.073500
-11.053537
-11.033610
-11.012993
-10.992086
-10.971247
-10.950227
-10.929372
-10.908510
-10.887455
-10.866332
-10.845555
-10.824874
-10.804105
-10.783381
-10.762451
-10.741444
-10.720492
-10.699504
-10.677724
-10.655596
-10.633467
-10.611090
-10.588890
-10.566648
-10.544142
-10.521524
-10.499136
-10.476766
-10.454267
-10.431746
-10.408983
-10.386093
-10.363190
-10.340195
-10.317561
-10.295037
-10.272402
-10.249811
-10.227042
-10.204206
-10.181422
-10.158609
-10.135517
-10.112299
-10.089064
-10.065733
-10.042458
-10.019161
-9.995761
-9.972313
-9.948134
-9.923609
-9.899066
-9.874276
-9.849587
-9.824823
-9.799799
-9.774640
-9.749702
-9.724769
-9.699683
-9.674559
-9.649175
-9.623646
-9.598087
-9.572419
-9.546958
-9.521530
-9.495981
-9.470419
-9.444694
-9.418882
-9.393061
-9.367179
-9.341052
-9.314790
-9.288475
-9.262049
-9.235621
-9.209134
-9.182532
-9.155853
-9.129501
-9.103240
-9.076884
-9.050565
-9.024059
-8.997482
-8.970950
-8.944384
-8.917597
-8.890706
-8.863789
-8.836789
-8.809824
-8.782832
-8.755752
-8.728625
-8.701218
-8.673660
-8.646066
-8.618355
-8.590643
-8.562872
-8.534981
-8.507010
-8.479091
-8.451145
-8.423114
-8.395038
-8.366840
-8.338560
-8.310240
-8.281851
-8.255451
-8.229861
-8.204114
-8.178891
-8.153108
-8.127316
-8.102089
-8.077038
-8.051136
-8.025015
-7.999118
-7.973124
-7.947672
-7.922429
-7.897063
-7.871801
-7.845602
-7.819040
-7.792625
-7.766002
-7.739666
-7.713371
-7.686851
-7.660284
-7.634264
-7.608430
-7.582523
-7.556730
-7.530693
-7.504597
-7.478630
-7.452664
-7.425633
-7.398162
-7.370740
-7.343020
-7.315598
-7.288169
-7.260418
-7.232559
-7.205075
-7.177665
-7.150124
-7.122602
-7.094790
-7.066850
-7.038941
-7.010954
-6.983525
-6.956301
-6.928973
-6.901756
-6.874339
-6.846878
-6.819540
-6.792212
-6.764541
-6.736743
-6.708972
-6.681115
-6.653388
-6.625679
-6.597877
-6.570058
-6.541229
-6.511952
-6.482700
-6.453142
-6.423784
-6.394371
-6.364632
-6.334750
-6.305242
-6.275791
-6.246173
-6.216551
-6.186605
-6.156501
-6.126406
-6.096205
-6.066359
-6.036614
-6.006746
-5.976911
-5.946893
-5.916801
-5.886750
-5.856661
-5.826269
-5.795735
-5.765176
-5.734508
-5.703891
-5.673241
-5.642476
-5.611652
-5.581353
-5.551237
-5.521037
-5.490942
-5.460630
-5.430266
-5.400020
-5.369777
-5.339267
-5.308659
-5.278065
-5.247404
-5.216845
-5.186300
-5.155679
-5.125044
-5.094055
-5.062900
-5.031744
-5.000474
-4.969252
-4.937998
-4.906622
-4.875184
-4.843873
-4.812574
-4.781205
-4.749825
-4.718319
-4.686746
-4.655168
-4.623542
-4.595308
-4.568494
-4.541485
-4.515418
-4.488482
-4.461598
-4.435724
-4.410212
-4.383347
-4.356184
-4.329462
-4.302645
-4.276800
-4.251372
-4.225807
-4.200481
-4.173654
-4.146285
-4.119228
-4.091891
-4.065102
-4.038448
-4.011483
-3.984507
-3.958514
-3.932900
-3.907229
-3.881817
-3.856063
-3.830277
-3.804774
-3.779339
-3.752198
-3.724394
-3.696737
-3.668651
-3.641129
-3.613661
-3.585726
-3.557678
-3.530319
-3.503151
-3.475832
-3.448612
-3.420976
-3.393193
-3.365529
-3.337803
-3.311074
-3.284753
-3.258325
-3.232149
-3.205708
-3.179260
-3.153084
-3.126991
-3.100396
-3.073655
-3.047025
-3.020321
-2.993899
-2.967575
-2.941163
-2.914788
-2.886782
-2.858089
-2.829506
-2.800474
-2.771848
-2.743195
-2.714062
-2.684756
-2.656145
-2.627699
-2.599040
-2.570440
-2.541362
-2.512088
-2.482894
-2.453591
-2.424951
-2.396552
-2.368012
-2.339595
-2.310939
-2.282224
-2.253645
-2.225072
-2.196055
-2.166867
-2.137704
-2.108424
-2.079298
-2.050185
-2.020945
-1.991673
-1.963351
-1.935405
-1.907385
-1.879609
-1.851535
-1.823441
-1.795612
-1.767856
-1.739720
-1.711484
-1.683341
-1.655151
-1.627202
-1.599342
-1.571423
-1.543547
-1.515143
-1.486528
-1.457979
-1.429304
-1.400780
-1.372267
-1.343617
-1.314930
-1.286525
-1.258207
-1.229837
-1.201517
-1.173053
-1.144545
-1.116093
-1.087630
-1.061306
-1.035893
-1.010376
-0.985468
-0.960047
-0.934683
-0.909970
-0.885507
-0.860206
-0.834734
-0.809562
-0.784348
-0.759769
-0.735472
-0.711107
-0.686913
-0.661830
-0.636442
-0.611268
-0.585948
-0.560984
-0.536125
-0.511101
-0.486095
-0.461713
-0.437588
-0.413451
-0.389497
-0.365357
-0.341223
-0.317285
-0.293413
-0.268449
-0.243072
-0.217812
-0.192294
-0.167161
-0.142084
-0.116723
-0.091307
-0.066365
-0.041570
-0.016695
0.008094
0.033135
0.058251
0.083269
0.108307
0.132679
0.156768
0.180905
0.204859
0.228964
0.253053
0.276946
0.300764
0.324888
0.349086
0.373192
0.397325
0.421255
0.445102
0.468986
0.492824
0.517576
0.542700
0.567737
0.593009
0.618029
0.643042
0.668308
0.693651
0.718570
0.743371
0.768273
0.793117
0.818214
0.843403
0.868522
0.893681
0.918443
0.943048
0.967711
0.992283
1.016967
1.041664
1.066261
1.090834
1.115637
1.140515
1.165356
1.190243
1.215020
1.239769
1.264567
1.289362
1.313580
1.337556
1.361553
1.385384
1.409368
1.433340
1.457135
1.480865
1.504795
1.528761
1.552651
1.576545
1.600277
1.623934
1.647603
1.671224
1.695131
1.719138
1.743084
1.767081
1.790968
1.814825
1.838740
1.862654
1.886382
1.910037
1.933698
1.957309
1.980981
2.004657
2.028277
2.051881
2.072104
2.090874
2.109774
2.127690
2.146395
2.164988
2.182530
2.199657
2.218045
2.236664
2.254790
2.272947
2.290090
2.306764
2.323510
2.339961
2.357820
2.376146
2.394107
2.412279
2.429853
2.447234
2.464857
2.482429
2.498978
2.515094
2.531203
2.546997
2.563066
2.579102
2.594802
2.610372
2.627550
2.645316
2.662877
2.680795
2.698100
2.715291
2.732877
2.750512
2.767410
2.784060
2.800796
2.817375
2.834298
2.851302
2.868130
2.884956
2.900744
2.916072
2.931442
2.946505
2.961765
2.976969
2.991847
3.006581
3.021745
3.036990
3.052065
3.067151
3.081898
3.096488
3.111103
3.125619
3.141672
3.158334
3.174827
3.191698
3.208110
3.224486
3.241271
3.258164
3.274314
3.290241
3.306316
3.322270
3.338630
3.355122
3.371473
3.387869
3.403554
3.418942
3.434406
3.449688
3.465142
3.480593
3.495848
3.511036
3.526597
3.542264
3.557845
3.573478
3.588899
3.604245
3.619655
3.635033
3.649420
3.663377
3.677346
3.691014
3.704912
3.718767
3.732301
3.745703
3.759415
3.773162
3.786757
3.800336
3.813619
3.826752
3.839881
3.852906
3.866387
3.880012
3.893511
3.907072
3.920424
3.933702
3.947053
3.960379
3.973368
3.986209
3.999039
4.011759
4.024558
4.037339
4.050002
4.062615
4.073196
4.082876
4.092591
4.101683
4.111185
4.120574
4.129301
4.137736
4.146884
4.156129
4.165035
4.173919
4.182156
4.190072
4.197989
4.205687
4.214141
4.222814
4.231228
4.239715
4.247813
4.255753
4.263782
4.271734
4.279050
4.286069
4.293036
4.299774
4.306621
4.313401
4.319940
4.326355
4.333721
4.341407
4.348923
4.356618
4.363894
4.371058
4.378424
4.385779
4.392634
4.399293
4.405963
4.412493
4.419195
4.425906
4.432464
4.438979
4.444819
4.450334
4.455833
4.461102
4.466450
4.471720
4.476749
4.481648
4.486767
4.491894
4.496875
4.501820
4.506516
4.511074
4.515604
4.520032
4.525233
4.530711
4.536049
4.541539
4.546738
4.551868
4.557168
4.562478
4.567337
4.572028
4.576749
4.581356
4.586132
4.590929
4.595602
4.600250
4.604474
4.608493
4.612504
4.616370
4.620277
4.624133
4.627838
4.631459
4.635227
4.639003
4.642684
4.646344
4.649843
4.653254
4.656650
4.659980
4.662721
4.665178
4.667594
4.669796
4.672076
4.674284
4.676268
4.678131
4.680116
4.682072
4.683897
4.685664
4.687221
4.688648
4.690024
4.691295
4.692766
4.694266
4.695650
4.697018
4.698224
4.699342
4.700451
4.701497
4.702311
4.702996
4.703627
4.704149
4.704666
4.705124
4.705470
4.705740
4.705796
4.705713
4.705561
4.705290
4.704966
4.704557
4.704028
4.703403
4.702762
4.702057
4.701251
4.700370
4.699367
4.698265
4.697091
4.695827
4.694519
4.693142
4.691674
4.690130
4.688490
4.686764
4.684964
4.683080
4.681086
4.678997
4.676828
4.674568
4.672236
4.669821
4.667315
4.664724
4.662159
4.659555
4.656861
4.654114
4.651254
4.648310
4.645315
4.642248
4.639055
4.635770
4.632415
4.628973
4.625477
4.621911
4.618257
4.614527
4.610660
4.606689
4.602645
4.598506
4.594302
4.590019
4.585641
4.581177
4.576663
4.572078
4.567406
4.562659
4.557815
4.552886
4.547883
4.542797
4.537626
4.532372
4.527037
4.521618
4.516121
4.510543
4.504882
4.499139
4.493314
4.487407
4.481419
4.475348
4.469196
4.462962
4.456646
4.450248
4.443776
4.437224
4.430590
4.423876
4.417079
4.410200
4.403242
4.396202
4.389079
4.381872
4.374585
4.367216
4.359768
4.352238
4.344626
4.336933
4.329153
4.321288
4.313342
4.305313
4.297204
4.289014
4.280740
4.272384
4.263950
4.255434
4.246837
4.238158
4.229396
4.220552
4.211627
4.202620
4.193533
4.184367
4.175118
4.165788
4.156377
4.146883
4.137308
4.127653
4.117913
4.108092
4.098190
4.088206
4.078140
4.067994
4.057765
4.047455
4.036656
4.025603
4.014485
4.003169
3.991870
3.980478
3.968880
3.957152
3.945497
3.933789
3.921943
3.910021
3.897897
3.885638
3.873307
3.860862
3.848510
3.836138
3.823641
3.811091
3.798389
3.785584
3.772730
3.759791
3.746648
3.733373
3.720018
3.706545
3.693027
3.679427
3.665706
3.651890
3.638185
3.624469
3.610650
3.596794
3.582785
3.568684
3.554549
3.540341
3.525966
3.511483
3.496930
3.482279
3.467589
3.452829
3.437969
3.423029
3.407886
3.392609
3.377257
3.361790
3.346266
3.330656
3.314928
3.299104
3.283250
3.267327
3.251304
3.235203
3.218983
3.202664
3.186268
3.169781
3.153052
3.136168
3.119200
3.102099
3.084947
3.067702
3.050319
3.032830
3.015303
2.997695
2.979977
2.962170
2.944229
2.926179
2.908042
2.889802
2.871547
2.853228
2.834803
2.816301
2.797680
2.778961
2.760167
2.741283
2.722259
2.703125
2.683903
2.664578
2.645178
2.625690
2.606096
2.586408
2.566685
2.546892
2.527002
2.507034
2.486955
2.466781
2.446530
2.426191
2.405738
2.385186
2.364546
2.343812
2.322998
2.302097
2.281101
2.260014
2.238798
2.217476
2.196066
2.174554
2.152959
2.131272
2.109483
2.087599
2.065640
2.043594
2.021452
1.999220
1.976885
1.954455
1.931935
1.909322
1.889940
1.871879
1.853581
1.836143
1.817807
1.799467
1.782054
1.764939
1.746476
1.727676
1.709251
1.690684
1.673004
1.655674
1.638163
1.620833
1.601976
1.582535
1.563346
1.543829
1.524797
1.505845
1.486534
1.467160
1.448692
1.430543
1.412286
1.394228
1.375781
1.357251
1.338944
1.320650
1.300693
1.280059
1.259513
1.238511
1.217993
1.197476
1.176467
1.155301
1.134734
1.114296
1.093665
1.073076
1.052045
1.030825
1.009666
0.988398
0.968026
0.947992
0.927806
0.907808
0.887508
0.867152
0.847003
0.826884
0.806236
0.785401
0.764620
0.743718
0.723035
0.702394
0.681618
0.660829
0.635589
0.608434
0.581455
0.553183
0.525936
0.498538
0.469758
0.440428
0.412784
0.385452
0.357467
0.329530
0.300249
0.270350
0.240552
0.210365
0.181990
0.154214
0.125958
0.097970
0.069208
0.040192
0.011483
-0.017297
-0.047407
-0.078083
-0.108772
-0.139874
-0.170626
-0.201424
-0.232664
-0.264076
-0.286177
-0.304444
-0.323295
-0.339611
-0.358480
-0.377310
-0.393411
-0.408603
-0.427481
-0.447212
-0.465822
-0.484744
-0.501094
-0.516377
-0.532085
-0.547203
-0.611991
-0.697681
-0.780621
-0.877446
-0.961798
-1.047057
-1.147206
-1.252794
-1.256618
-1.221267
-1.196053
-1.146019
-1.102252
-1.050596
-0.973056
-0.881470
-1.086615
-1.408695
-1.703234
-2.072273
-0.188422
2.622031
2.795638
2.520050
3.396801
4.274155
1.426110
3.245226
2.770819
3.113139
3.172644
3.251681
3.316100
3.353505
3.409512
3.459227
3.445583
3.404001
3.358786
3.292223
3.225614
3.148596
3.049454
2.936015
2.801405
2.648744
2.482022
2.298615
2.296273
2.361666
2.401870
2.482270
2.498821
2.504373
2.554089
2.610680
2.575445
2.509036
2.454055
2.379605
2.347211
2.324800
2.280511
2.236046
2.216559
2.205301
2.192609
2.185807
2.166184
2.143714
2.127884
2.112186
2.091772
2.070117
2.048856
2.026681
2.007778
1.989880
1.970899
1.952275
1.924035
1.891757
1.860255
1.826171
1.794428
1.762553
1.727912
1.692280
1.661092
1.631037
1.599743
1.568924
1.535260
1.500477
1.466298
1.431550
1.400372
1.370511
1.339912
1.309994
1.278857
1.247443
1.216780
1.186178
1.153180
1.119271
1.085533
1.051189
1.017708
0.984330
0.950286
0.916099
0.886897
0.859677
0.832089
0.805801
0.777968
0.750048
0.723538
0.697423
0.669349
0.640778
0.612711
0.584417
0.557396
0.530864
0.504046
0.477471
0.448141
0.417721
0.387669
0.356971
0.327084
0.297277
0.266771
0.236090
0.206902
0.178193
0.149234
0.120551
0.091131
0.061500
0.032185
0.002828
-0.025871
-0.054275
-0.082749
-0.111046
-0.139447
-0.167817
-0.195998
-0.224096
-0.252583
-0.281176
-0.309663
-0.338198
-0.366502
-0.394720
-0.422994
-0.451228
-0.479534
-0.507859
-0.536139
-0.564416
-0.592654
-0.620869
-0.649082
-0.677280
-0.705372
-0.733411
-0.761438
-0.789425
-0.817422
-0.845404
-0.873342
-0.901256
-0.929899
-0.958836
-0.987716
-1.016786
-1.045644
-1.074494
-1.103551
-1.132669
-1.161483
-1.190218
-1.219032
-1.247811
-1.276783
-1.305830
-1.334832
-1.363871
-1.392545
-1.421077
-1.449663
-1.478165
-1.506776
-1.535401
-1.563935
-1.592449
-1.621169
-1.649957
-1.678714
-1.707512
-1.713422
-1.709609
-1.706825
-1.697499
-1.868421
-2.113082
-2.343208
-2.620789
-1.836793
-0.621797
-1.446455
-2.824598
-2.520385
-1.975684
-2.092678
-2.200382
-2.207402
-2.237293
-2.267167
-2.297090
-2.326795
-2.356429
-2.386123
-2.415785
-2.445542
-2.475331
-2.505084
-2.534846
-2.564774
-2.594773
-2.624775
-2.654828
-2.684840
-2.714859
-2.744933
-2.775030
-2.804801
-2.834450
-2.864137
-2.893748
-2.923475
-2.953221
-2.982884
-3.012533
-3.042328
-3.072169
-3.101988
-3.131836
-3.161609
-3.191362
-3.221147
-3.250927
-3.354201
-3.488748
-3.060106
-2.414265
-5.080095
-2.739083
-3.461403
-3.491560
-3.521629
-3.551678
-3.581756
-3.611828
-3.641962
-3.672122
-3.702274
-3.732441
-3.758725
-3.783363
-3.808184
-3.831900
-3.856570
-3.881147
-3.904541
-3.927489
-3.951928
-3.976667
-4.000870
-4.025144
-4.048281
-4.070909
-4.093656
-4.116095
-4.140215
-4.164918
-4.189231
-4.213829
-4.237765
-4.261511
-4.285579
-4.309623
-4.332513
-4.354935
-4.377385
-4.399507
-4.421984
-4.444461
-4.466583
-4.488591
-4.512473
-4.537062
-4.561449
-4.586281
-4.610444
-4.634508
-4.659060
-4.683702
-4.707536
-4.731120
-4.754836
-4.778406
-4.802404
-4.826529
-4.850486
-4.874475
-4.897308
-4.919646
-4.942067
-4.964170
-4.986533
-5.008866
-5.030858
-5.052719
-5.075108
-5.097624
-5.119979
-5.142380
-5.164427
-5.186328
-5.208291
-5.230175
-5.253917
-5.278420
-5.302761
-5.327586
-5.351904
-5.376217
-5.401052
-5.426052
-5.450210
-5.474142
-5.498286
-5.522326
-5.546883
-5.571634
-5.596255
-5.620968
-5.644871
-5.668459
-5.692174
-5.715711
-5.739490
-5.763302
-5.786918
-5.810493
-5.834548
-5.858767
-5.882920
-5.907173
-5.931211
-5.955198
-5.979296
-6.003396
-6.026363
-6.048860
-6.071407
-6.093637
-6.116175
-6.138701
-6.160884
-6.182948
-6.205416
-6.227962
-6.250365
-6.272787
-6.294897
-6.316867
-6.338869
-6.360786
-6.383278
-6.405978
-6.428566
-6.451264
-6.473753
-6.496192
-6.518755
-6.541324
-6.563533
-6.585605
-6.607700
-6.629703
-6.651838
-6.673987
-6.696035
-6.718061
-6.738399
-6.757997
-6.777645
-6.796788
-6.816289
-6.835712
-6.854597
-6.873255
-6.892537
-6.911920
-6.931037
-6.950155
-6.968745
-6.987082
-7.005441
-7.023634
-7.042466
-7.061493
-7.080322
-7.099226
-7.117826
-7.136311
-7.154885
-7.173412
-7.191427
-7.209213
-7.226971
-7.244556
-7.262247
-7.279898
-7.297364
-7.314745
-7.332967
-7.351486
-7.369879
-7.388447
-7.406675
-7.424826
-7.443173
-7.461530
-7.479475
-7.497270
-7.515096
-7.532822
-7.550716
-7.568639
-7.586451
-7.604246
-7.621480
-7.638456
-7.655439
-7.672244
-7.689136
-7.705983
-7.722642
-7.739210
-7.755988
-7.772792
-7.789491
-7.806180
-7.822675
-7.839072
-7.855465
-7.871791
-7.888737
-7.905916
-7.922998
-7.940213
-7.957213
-7.974173
-7.991280
-8.008407
-8.025192
-8.041856
-8.058558
-8.075184
-8.091956
-8.108759
-8.125476
-8.142187
-8.158582
-8.174830
-8.191084
-8.207239
-8.223438
-8.239611
-8.255678
-8.271693
-8.264892
-8.248347
-8.232731
-8.210527
-8.369085
-8.601568
-8.819446
-9.084892
-8.281302
-7.043584
-7.859023
-9.231437
-8.910504
-8.347470
-8.450326
-8.543758
-8.535759
-8.550697
-8.565544
-8.580360
-8.595021
-8.609593
-8.624138
-8.638614
-8.653263
-8.667950
-8.682557
-8.697167
-8.711661
-8.726099
-8.740544
-8.754953
-8.769191
-8.783341
-8.797461
-8.811508
-8.825566
-8.839591
-8.853540
-8.867442
-8.878054
-8.887236
-8.896511
-8.904807
-8.913834
-8.922724
-8.930570
-8.937984
-8.946582
-8.955371
-8.963653
-8.971936
-8.979210
-8.986002
-8.992833
-8.999348
-9.007195
-9.015467
-9.023353
-9.031416
-9.038869
-9.046104
-9.053545
-9.060907
-9.067250
-9.073144
-9.079001
-9.084525
-9.090283
-9.095981
-9.101323
-9.106511
-9.113207
-9.120436
-9.127437
-9.134750
-9.141443
-9.147995
-9.154895
-9.161812
-9.167991
-9.173902
-9.179864
-9.185644
-9.191722
-9.197848
-9.203773
-9.209666
-9.214532
-9.218925
-9.223328
-9.227404
-9.231639
-9.235789
-9.239595
-9.243232
-9.247250
-9.251315
-9.255186
-9.259036
-9.262530
-9.265842
-9.269147
-9.272326
-9.276974
-9.282188
-9.287207
-9.292564
-9.297445
-9.302260
-9.307444
-9.312704
-9.317210
-9.321470
-9.325844
-9.330071
-9.334663
-9.339355
-9.343879
-9.348418
-9.352232
-9.355726
-9.359265
-9.362596
-9.366066
-9.369503
-9.372719
-9.375840
-9.379296
-9.382825
-9.386240
-9.389677
-9.392877
-9.395974
-9.399103
-9.402173
-9.404247
-9.405874
-9.407482
-9.408767
-9.410247
-9.411656
-9.412721
-9.413629
-9.414808
-9.415992
-9.416998
-9.417959
-9.418601
-9.419068
-9.419501
-9.419804
-9.420520
-9.421347
-9.422022
-9.422727
-9.423199
-9.423569
-9.423981
-9.424338
-9.424337
-9.424163
-9.423948
-9.423596
-9.423292
-9.422940
-9.422444
-9.421870
-9.421410
-9.420948
-9.420397
-9.419821
-9.419099
-9.418293
-9.417466
-9.416575
-9.415547
-9.414428
-9.413249
-9.411988
-9.410693
-9.409338
-9.407900
-9.406394
-9.404676
-9.402827
-9.400918
-9.398898
-9.396841
-9.394711
-9.392468
-9.390139
-9.387800
-9.385406
-9.382921
-9.380371
-9.377709
-9.374957
-9.372142
-9.369247
-9.366246
-9.363157
-9.359988
-9.356732
-9.353407
-9.350003
-9.346512
-9.342940
-9.339293
-9.335566
-9.331758
-9.327870
-9.323898
-9.319843
-9.315709
-9.311493
-9.307221
-9.302877
-9.298452
-9.293952
-9.289365
-9.284698
-9.279957
-9.275138
-9.270228
-9.265236
-9.260165
-9.255013
-9.249787
-9.244483
-9.239097
-9.233632
-9.227857
-9.221905
-9.215883
-9.209716
-9.203525
-9.197248
-9.190821
-9.184288
-9.177763
-9.171175
-9.164476
-9.157701
-9.150778
-9.143745
-9.136639
-9.129434
-9.122248
-9.115015
-9.107680
-9.100281
-9.092763
-9.085153
-9.077482
-9.069729
-9.061828
-9.053820
-9.045733
-9.037546
-9.029300
-9.020973
-9.012546
-9.004031
-8.995549
-8.987028
-8.978416
-8.969750
-8.960963
-8.952091
-8.943168
-8.934170
-8.925043
-8.915822
-8.906528
-8.897145
-8.887708
-8.878198
-8.868598
-8.858920
-8.849092
-8.839155
-8.829143
-8.819031
-8.808855
-8.798598
-8.788239
-8.777793
-8.767298
-8.756730
-8.746073
-8.735338
-8.724502
-8.713578
-8.702576
-8.691490
-8.680445
-8.669370
-8.658205
-8.646991
-8.635664
-8.624257
-8.683539
-8.772850
-8.318523
-7.654437
-10.186309
-7.886150
-8.542208
-8.530192
-8.518087
-8.505909
-8.493598
-8.481186
-8.468703
-8.456128
-8.443490
-8.430774
-8.417965
-8.405073
-8.392134
-8.379125
-8.366032
-8.352866
-8.339606
-8.326263
-8.312847
-8.299352
-8.285704
-8.271945
-8.258111
-8.244176
-8.230181
-8.216106
-8.201929
-8.187664
-8.173346
-8.158952
-8.144470
-8.129909
-8.115248
-8.100499
-8.085672
-8.070759
-8.055804
-8.040782
-8.025674
-8.010492
-7.995218
-7.979860
-7.964431
-7.948922
-7.933310
-7.917610
-7.901831
-7.885967
-7.870031
-7.854017
-7.837916
-7.821734
-7.805424
-7.789012
-7.772520
-7.755934
-7.739276
-7.722535
-7.705699
-7.688774
-7.671788
-7.654724
-7.637571
-7.620338
-7.603009
-7.585592
-7.568094
-7.550512
-7.532864
-7.515141
-7.497331
-7.479442
-7.461464
-7.443402
-7.425261
-7.407038
-7.388721
-7.370316
-7.351829
-7.333257
-7.314606
-7.295873
-7.277055
-7.258153
-7.239196
-7.220169
-7.201057
-7.181870
-7.162592
-7.143231
-7.123795
-7.104280
-7.084670
-7.064975
-7.045200
-7.025342
-7.005408
-6.985395
-6.965297
-6.945118
-6.924842
-6.904476
-6.884031
-6.863499
-6.842889
-6.822197
-6.801419
-6.780557
-6.759621
-6.738606
-6.717506
-6.696326
-6.675059
-6.653708
-6.632276
-6.610762
-6.591757
-6.573771
-6.555591
-6.538072
-6.519843
-6.501600
-6.484071
-6.466763
-6.448396
-6.429757
-6.411400
-6.392922
-6.375126
-6.357593
-6.339909
-6.322357
-6.303603
-6.284384
-6.265352
-6.246054
-6.227124
-6.208247
-6.189081
-6.169854
-6.151326
-6.133036
-6.114651
-6.096412
-6.077860
-6.059234
-6.040770
-6.022308
-6.002541
-5.982238
-5.961993
-5.941383
-5.921140
-5.900888
-5.880243
-5.859466
-5.839146
-5.818916
-5.798526
-5.778159
-5.757438
-5.736560
-5.715720
-5.694785
-5.674538
-5.654544
-5.634422
-5.614438
-5.594208
-5.573924
-5.553792
-5.533673
-5.513133
-5.492437
-5.471773
-5.451006
-5.430399
-5.409815
-5.389116
-5.368397
-5.346340
-5.323693
-5.301080
-5.278064
-5.255318
-5.232501
-5.209255
-5.185823
-5.162887
-5.140029
-5.116953
-5.093873
-5.070367
-5.046656
-5.022957
-4.999122
-4.975764
-4.952546
-4.929168
-4.905836
-4.882265
-4.858597
-4.834987
-4.811332
-4.787275
-4.763032
-4.738759
-4.714344
-4.690000
-4.665618
-4.641084
-4.616475
-4.592559
-4.568885
-4.545102
-4.521461
-4.497536
-4.473545
-4.449711
-4.425882
-4.401707
-4.377405
-4.353124
-4.328756
-4.304525
-4.280314
-4.256007
-4.231682
-4.206894
-4.181890
-4.156888
-4.131737
-4.106653
-4.081527
-4.056245
-4.030882
-4.005690
-3.980515
-3.955250
-3.929972
-3.904532
-3.879007
-3.853476
-3.827885
-3.800917
-3.773334
-3.745749
-3.717728
-3.689984
-3.662154
-3.633861
-3.605361
-3.577285
-3.549244
-3.520966
-3.492647
-3.463891
-3.434905
-3.405894
-3.376719
-3.348094
-3.319624
-3.290960
-3.262343
-3.233431
-3.204395
-3.175420
-3.146382
-3.116878
-3.087152
-3.057381
-3.027437
-2.997566
-2.967639
-2.937530
-2.907326
-2.877630
-2.848086
-2.818419
-2.788825
-2.758964
-2.729009
-2.699141
-2.669238
-2.639031
-2.608688
-2.578322
-2.547851
-2.517446
-2.487017
-2.456476
-2.425883
-2.458875
-2.518886
-2.087051
-1.465331
-3.735679
-1.633581
-2.206405
-2.174654
-2.143005
-2.111333
-2.079548
-2.047716
-2.015713
-1.983601
-1.951447
-1.919206
-1.887659
-1.856361
-1.824943
-1.793664
-1.762123
-1.730522
-1.699076
-1.667641
-1.635814
-1.603843
-1.571901
-1.539861
-1.507972
-1.476105
-1.444131
-1.412138
-1.379755
-1.347185
-1.314611
-1.281907
-1.249248
-1.216545
-1.183706
-1.150793
-1.118021
-1.085260
-1.052415
-1.019555
-0.986550
-0.953468
-0.920375
-0.887226
-0.853580
-0.819694
-0.785772
-0.751670
-0.717632
-0.683534
-0.649245
-0.614854
-0.580564
-0.546247
-0.511819
-0.477342
-0.442686
-0.407921
-0.373111
-0.338213
-0.303483
-0.268779
-0.233975
-0.199159
-0.164204
-0.129173
-0.094135
-0.059043
-0.023754
0.011644
0.047089
0.082627
0.118169
0.153762
0.189450
0.225203
