-0.169098
-0.143384
-0.117492
-0.092502
-0.066629
-0.040783
-0.015909
0.008633
-0.215606
-0.545959
-0.865938
-1.257572
0.320824
2.704982
4.930107
7.673760
-1.225058
-14.851566
-6.105413
8.711972
5.075984
-1.197774
-0.213349
0.669303
0.444496
0.469342
0.494263
0.518939
0.543987
0.569085
0.593914
0.618692
0.644895
0.671652
0.698292
0.725293
0.751818
0.778298
0.805171
0.832140
0.858550
0.884809
0.911194
0.937503
0.964155
0.990932
1.017615
1.044354
1.070237
1.095773
1.121401
1.146815
1.172461
1.198114
1.223536
1.248889
1.274673
1.300584
1.326402
1.352285
1.377928
1.403490
1.429129
1.454737
1.482326
1.510753
1.539063
1.567925
2.272617
3.265119
-0.938375
-7.146316
17.203014
-4.647403
1.768095
1.796536
1.825559
1.854830
1.884019
1.913351
1.941866
1.970090
1.998497
2.026760
2.055331
2.083984
2.112476
2.140970
2.170021
2.199293
2.228543
2.257945
2.287166
2.316379
2.345759
2.375186
2.403527
2.431448
2.459465
2.487212
2.515316
2.543457
2.571302
2.599076
2.627298
2.655646
2.683898
2.712217
2.740271
2.768234
2.796276
2.824280
2.852911
2.881800
2.910624
2.939607
2.968426
2.997244
3.026234
3.055279
3.084009
3.112649
3.141361
3.170028
3.198875
3.227785
3.256641
3.285523
3.315537
3.346039
3.376518
3.407336
3.437888
3.468483
3.499439
3.530542
3.561272
3.591950
3.622798
3.653654
3.684848
3.716207
3.747562
3.779028
3.809981
3.840769
3.871693
3.902544
3.933623
3.964778
3.995849
4.026943
4.058410
4.090038
4.121675
4.153429
4.185090
4.216768
4.248572
4.280427
4.311867
4.343167
4.374540
4.405834
4.437315
4.468848
4.500291
4.531741
4.563401
4.595144
4.626884
4.658683
4.690410
4.722133
4.753922
4.785728
4.817846
4.850111
4.882382
4.914758
4.947096
4.979467
5.011948
5.044487
5.076924
5.109356
5.141854
5.174368
5.206994
5.239682
5.272381
5.305127
5.337193
5.368994
5.400871
5.432584
5.464508
5.496454
5.528221
5.559945
5.591995
5.624146
5.656235
5.688381
5.720352
5.752269
5.784250
5.816215
5.848513
5.880951
5.913359
5.945854
5.978273
6.010697
6.043215
6.075767
6.108153
6.140495
6.172880
6.205245
6.237711
6.270215
6.302695
6.335193
6.368112
6.401216
6.434321
6.467557
6.500700
6.533866
6.567172
6.600538
6.633780
6.667012
6.700314
6.733626
6.767068
6.800578
6.834094
6.867659
6.901035
6.934355
6.967732
7.001088
7.034537
7.068021
7.101480
7.134954
7.168575
7.202263
7.235960
7.269709
7.303428
7.337160
7.370947
7.404759
7.425396
7.440447
7.456092
7.467977
7.483098
7.497896
7.508667
7.517916
7.532160
7.547390
7.560798
7.574420
7.584185
7.592215
7.600621
7.607965
7.621059
7.636142
7.649882
7.664590
7.677019
7.688788
7.701649
7.714424
7.723242
7.730452
7.737752
7.743918
7.751292
7.758658
7.764798
7.770541
7.782496
7.796777
7.810369
7.825417
7.838215
7.850664
7.864712
7.879037
7.890663
7.901440
7.912634
7.923322
7.935408
7.947897
7.959804
7.971801
7.979915
7.986359
7.993057
7.998670
8.005133
8.011476
8.016660
8.021386
8.027850
8.034716
8.041023
8.047464
8.052702
8.057432
8.062349
8.066979
8.078109
8.091889
8.105094
8.119985
8.133088
8.146158
8.161045
8.176502
8.189007
8.200716
8.213155
8.225219
8.239082
8.253612
8.267682
8.282060
8.293580
8.303979
8.314815
8.325011
8.336049
8.347193
8.357639
8.367928
8.379892
8.392421
8.404708
8.417335
8.429197
8.440866
8.452918
8.464962
8.473056
8.479505
8.486120
8.491616
8.498177
8.504685
8.509990
8.514871
8.521141
8.527675
8.533701
8.539782
8.544765
8.549253
8.553840
8.558122
8.564395
8.571383
8.577969
8.584930
8.591151
8.597189
8.603644
8.610113
8.615318
8.620035
8.624824
8.629281
8.634183
8.639127
8.643709
8.648204
8.659191
8.672861
8.686158
8.701241
8.714558
8.727921
8.743206
8.759144
8.772576
8.785452
8.799126
8.812614
8.827903
8.843955
8.859744
8.875968
8.889054
8.900980
8.913491
8.925375
8.938351
8.951560
8.964078
8.976526
8.990917
9.006030
9.020981
9.036408
9.051090
9.065660
9.080753
9.095937
9.776875
10.741189
6.567914
0.411900
24.469294
2.849739
9.175320
9.185934
9.197672
9.209705
9.221467
9.233371
9.244560
9.255482
9.266580
9.277552
9.290240
9.303619
9.316795
9.330389
9.343502
9.356584
9.370119
9.383781
9.396555
9.409057
9.421733
9.434263
9.447264
9.460416
9.473396
9.486424
9.495590
9.503116
9.510857
9.517512
9.525097
9.532592
9.538923
9.544817
9.552281
9.560086
9.567359
9.574733
9.580962
9.586694
9.592575
9.598166
9.605327
9.613035
9.620377
9.627985
9.634983
9.641808
9.648933
9.656039
9.662053
9.667625
9.673227
9.678520
9.684151
9.689784
9.695082
9.700274
9.707571
9.715679
9.723585
9.732006
9.739717
9.747346
9.755538
9.763857
9.771288
9.778460
9.785806
9.793011
9.800719
9.808593
9.816301
9.824070
9.830602
9.836620
9.842753
9.848562
9.854677
9.860783
9.866541
9.872181
9.878420
9.884823
9.891073
9.897398
9.903360
9.909187
9.915106
9.920962
9.921422
9.919566
9.917878
9.914606
9.912611
9.910435
9.906564
9.902023
9.899394
9.897086
9.893987
9.890905
9.886217
9.880769
9.875402
9.869542
9.866042
9.863324
9.859995
9.857023
9.853040
9.848730
9.844827
9.840837
9.835150
9.828743
9.822323
9.815380
9.808889
9.802345
9.795240
9.787919
9.782892
9.778680
9.774142
9.770090
9.765109
9.759926
9.755284
9.750678
9.744989
9.738914
9.732928
9.726684
9.720901
9.715202
9.709217
9.703199
9.695619
9.687327
9.679067
9.670320
9.661836
9.653238
9.644126
9.634771
9.626017
9.617349
9.608399
9.599434
9.589938
9.580179
9.570425
9.560494
9.553416
9.547471
9.541219
9.535669
9.529261
9.522785
9.517070
9.511556
9.504681
9.497400
9.490393
9.483168
9.476691
9.470461
9.463975
9.457574
9.449825
9.441514
9.433348
9.424838
9.416659
9.408474
9.399921
9.391242
9.383268
9.375497
9.367563
9.359729
9.351496
9.343123
9.334870
9.326559
9.316463
9.305594
9.294744
9.283350
9.272371
9.261317
9.249682
9.237808
9.226489
9.215233
9.203701
9.192139
9.180044
9.167679
9.155305
9.142743
9.131005
9.119530
9.107825
9.096233
9.084262
9.072158
9.060185
9.048166
9.035538
9.022643
9.009727
8.996612
8.983641
8.970636
8.957419
8.944110
8.932876
8.922459
8.911857
8.901779
8.891048
8.880265
8.870052
8.859987
8.849042
8.837853
8.826861
8.815744
8.805152
8.794746
8.784191
8.773715
8.762120
8.750072
8.738152
8.725955
8.714059
8.702175
8.689992
8.677721
8.666031
8.654516
8.642881
8.631338
8.619480
8.607518
8.595664
8.583775
8.570895
8.557589
8.544289
8.530686
8.517323
8.503921
8.490195
8.476339
8.462774
8.449238
8.435551
8.421844
8.407847
8.393700
8.379545
8.365285
8.351511
8.337893
8.324147
8.310470
8.296575
8.282605
8.268717
8.254805
8.240544
8.226132
8.211712
8.197181
8.182736
8.168276
8.153696
8.139067
8.123042
8.106386
8.089739
8.072652
8.055823
8.038897
8.021506
8.003898
7.986766
7.969685
8.560307
9.409578
5.587104
-0.037629
21.806722
2.121459
7.845071
7.827443
7.809623
7.791832
7.773764
7.755571
7.737418
7.719194
7.700527
7.681643
7.662704
7.643594
7.624536
7.605414
7.586112
7.566708
7.615567
7.693405
7.768193
7.862492
7.940086
8.019394
8.119594
8.227717
7.793432
7.134278
6.506880
5.730181
5.098778
4.462596
3.665851
2.813933
5.175865
8.862424
12.352025
16.718872
14.436867
9.716027
6.188392
1.321548
2.213845
5.055418
6.271854
8.320088
8.071351
7.062966
7.001753
6.744353
6.776812
6.940964
6.897059
6.857033
6.847733
6.831292
6.815889
6.800834
6.784305
6.767422
6.750971
6.734383
6.718793
6.703610
6.688244
6.673096
6.656325
6.638947
6.621863
6.604447
6.587576
6.570813
6.553686
6.536511
6.520341
6.504538
6.488639
6.472979
6.456922
6.440796
6.424934
6.409109
6.391427
6.372999
6.354694
6.335894
6.317660
6.299448
6.280701
6.261796
6.243593
6.225558
6.207325
6.189162
6.170519
6.151683
6.132938
6.114090
6.096270
6.078849
6.061278
6.043940
6.026282
6.008583
5.991136
5.973743
5.955777
5.937620
5.919545
5.901354
5.883430
5.865573
5.847586
5.829604
5.809873
5.789386
5.768978
5.748065
5.727541
5.706953
5.685826
5.664481
5.643832
5.623320
5.602548
5.581803
5.560522
5.538997
5.517522
5.495897
5.474931
5.454182
5.433249
5.412409
5.391283
5.370060
5.348944
5.327797
5.306150
5.284288
5.262416
5.240387
5.218482
5.196556
5.174461
5.152297
5.131097
5.110256
5.089302
5.068569
5.047487
5.026349
5.005454
4.984600
4.963311
4.941881
4.920514
4.899061
4.877825
4.856648
4.835375
4.814110
4.792254
4.770141
4.748063
4.725815
4.703691
4.681543
4.659216
4.636814
4.614672
4.592587
4.570413
4.548254
4.525909
4.503482
4.481079
4.458628
4.434100
4.408668
4.383276
4.357258
4.331707
4.306064
4.279753
4.253164
4.227276
4.201486
4.175373
4.149242
4.122478
4.095403
4.068335
4.041056
4.014661
3.988544
3.962171
3.935913
3.909246
3.882430
3.855749
3.829014
3.801606
3.773901
3.746168
3.718214
3.690411
3.662565
3.634483
3.606297
3.578946
3.551877
3.524662
3.497606
3.470176
3.442647
3.415297
3.387937
3.360148
3.332190
3.304242
3.276173
3.248253
3.220341
3.192298
3.164219
3.135528
3.106546
3.077552
3.048352
3.019226
2.990034
2.960625
2.931101
2.901778
2.872465
2.843022
2.813549
2.783853
2.754034
2.724193
2.694262
2.665420
2.636997
2.608432
2.580120
2.551451
2.522734
2.494292
2.465906
2.436969
2.407854
2.378823
2.349686
2.320818
2.292024
2.263110
2.234207
2.204756
2.175064
2.145407
2.115594
2.085889
2.056159
2.026265
1.996299
1.966587
1.936932
1.907193
1.877470
1.847570
1.817594
1.787643
1.757648
1.726939
1.695908
1.664864
1.633586
1.602448
1.571259
1.539823
1.508273
1.476916
1.445561
1.414078
1.382561
1.350816
1.318944
1.287047
1.255056
1.223362
1.191749
1.160024
1.128322
1.096451
1.064507
1.032591
1.000636
0.968423
0.936085
0.903717
0.871251
0.838818
0.806350
0.773778
0.741149
0.705399
0.668283
0.631241
0.593261
0.555953
0.518498
0.480044
0.441166
0.403398
0.365797
0.327702
0.289594
0.250517
0.210969
0.171445
0.131607
0.093001
0.054774
0.016170
-0.022286
-0.061329
-0.100591
-0.139679
-0.178857
-0.219007
-0.259595
-0.300234
-0.341202
-0.381967
-0.422805
-0.463993
-0.505344
-0.545262
-0.584684
-0.624338
-0.663706
-0.703680
-0.743802
-0.783604
-0.823404
-0.863924
-0.904714
-0.945469
-0.986412
-1.027081
-1.067718
-1.108562
-1.149449
-1.191329
-1.233675
-1.276025
-1.318700
-1.361237
-1.403869
-1.446842
-1.489991
-1.532788
-1.575554
-1.618520
-1.661518
-1.704869
-1.748408
-1.791967
-1.835659
-1.878018
-1.919875
-1.961928
-2.003687
-2.045902
-2.088193
-2.130163
-2.172081
-2.214711
-2.257585
-2.300372
-2.343312
-2.385932
-2.428479
-2.471196
-2.513919
-2.557323
-2.601037
-2.644727
-2.688626
-2.732414
-2.776252
-2.820308
-2.864469
-2.908342
-2.952163
-2.996107
-3.040049
-3.084225
-3.128513
-3.172790
-3.217138
-3.262423
-3.308140
-3.353891
-3.399957
-3.445862
-3.491848
-3.538169
-3.584653
-3.630903
-3.677165
-3.723609
-3.770112
-3.816926
-3.863920
-3.910962
-3.958142
-4.004956
-4.051686
-4.098573
-4.145450
-4.192559
-4.239779
-4.286978
-4.334245
-4.381859
-4.429651
-4.477498
-4.525488
-4.573451
-4.621476
-4.669650
-4.717915
-4.764558
-4.810569
-4.856744
-4.902520
-4.948820
-4.995173
-5.041093
-5.086909
-5.133446
-5.180196
-5.226803
-5.273526
-5.319845
-5.366032
-5.412354
-5.458629
-5.505779
-5.553294
-5.600723
-5.648380
-5.695820
-5.743267
-5.790957
-5.838730
-5.886067
-5.933284
-5.980607
-6.027874
-6.075398
-6.123017
-6.170566
-6.218157
-6.266584
-6.315379
-6.364181
-6.413246
-6.462127
-6.511055
-6.560263
-6.609593
-6.658691
-6.707778
-6.757002
-6.806255
-6.855764
-6.905409
-6.955074
-7.004839
-7.054218
-7.103481
-7.152864
-7.202204
-7.251736
-7.301343
-7.350897
-7.400484
-7.450372
-7.500397
-7.550443
-7.600593
-7.650686
-7.700806
-7.751037
-7.801322
-7.852654
-7.904470
-7.956297
-8.008466
-8.060466
-8.112554
-8.165004
-8.217632
-8.269926
-8.322199
-8.374674
-8.427188
-8.480061
-8.533125
-8.586218
-8.639451
-8.692352
-8.745180
-8.798167
-8.851154
-8.904361
-8.957678
-9.010985
-9.064364
-9.118086
-9.171986
-9.225944
-9.280047
-9.334131
-9.388281
-9.442581
-9.496975
-9.550897
-9.604679
-9.658578
-9.712412
-9.766493
-9.820661
-9.874751
-9.928875
-9.983291
-10.037840
-10.092410
-10.147083
-10.201693
-10.256327
-10.311069
-10.365862
-10.421036
-10.476407
-10.531815
-10.587372
-10.642916
-10.698529
-10.754297
-10.810161
-10.865938
-10.921739
-10.977646
-11.033599
-11.089711
-11.145923
-11.202178
-11.258515
-11.289887
-11.310678
-11.332631
-11.347477
-11.368467
-11.388864
-11.401648
-11.411566
-11.431017
-11.452375
-11.470294
-11.488653
-11.499707
-11.507495
-11.516026
-11.522568
-11.539985
-11.561176
-11.579845
-11.600362
-11.616596
-11.631605
-11.648692
-11.665635
-11.675119
-11.681583
-11.688236
-11.692764
-11.699592
-11.706424
-11.710958
-11.714760
-11.730474
-11.750669
-11.769575
-11.791294
-11.808741
-11.825554
-11.845451
-11.865912
-11.881230
-11.894951
-11.909500
-11.923109
-11.939425
-11.956540
-11.972571
-11.988802
-11.997649
-12.003332
-12.009532
-12.013688
-12.019496
-12.025103
-12.028527
-12.031103
-12.037031
-12.043756
-12.049442
-12.055413
-12.059116
-12.061877
-12.065024
-12.067654
-12.082453
-12.102227
-12.120945
-12.142834
-12.161401
-12.179929
-12.201873
-12.224902
-12.242425
-12.258476
-12.275913
-12.292666
-12.312805
-12.334212
-12.354775
-12.375933
-12.391779
-12.405554
-12.420166
-12.433602
-12.448630
-12.463874
-12.477837
-12.491525
-12.508360
-12.526270
-12.543749
-12.561882
-12.578606
-12.594992
-12.612112
-12.629236
-12.638973
-12.645648
-12.652651
-12.657577
-12.664519
-12.671381
-12.676008
-12.679860
-12.686336
-12.693328
-12.699388
-12.705570
-12.709712
-12.712945
-12.716386
-12.719273
-12.725912
-12.733911
-12.741175
-12.749162
-12.755781
-12.762079
-12.769177
-12.776320
-12.781113
-12.785011
-12.789065
-12.792516
-12.796821
-12.801224
-12.804967
-12.808567
-12.824829
-12.846341
-12.867153
-12.891469
-12.912379
-12.933407
-12.958204
-12.984298
-13.005538
-13.025719
-13.047484
-13.068911
-13.093874
-13.120351
-13.146340
-13.173205
-13.194002
-13.212575
-13.232313
-13.250862
-13.271560
-13.292738
-13.312603
-13.332361
-13.355924
-13.380917
-13.405625
-13.431286
-13.455527
-13.479580
-13.504678
-13.529982
-13.549624
-13.567065
-13.584972
-13.601446
-13.619801
-13.638335
-13.655307
-13.671899
-13.690717
-13.710139
-13.729058
-13.748281
-13.766135
-13.783496
-13.801226
-13.818739
-13.839629
-13.861893
-13.883789
-13.906529
-13.928356
-13.950151
-13.972856
-13.995838
-14.017111
-14.037883
-14.059021
-14.079899
-14.101726
-14.123874
-14.145715
-14.167675
-14.182186
-14.193551
-14.205359
-14.215092
-14.226652
-14.238065
-14.247254
-14.255622
-14.267061
-14.279186
-14.290311
-14.301656
-14.310814
-14.319037
-14.327577
-14.335581
-14.346651
-14.358808
-14.370282
-14.382300
-14.393165
-14.403722
-14.414886
-14.426042
-14.435112
-14.443354
-14.451683
-14.459440
-14.467878
-14.476348
-14.484196
-14.491868
-14.503647
-14.517025
-14.530037
-14.544078
-14.556769
-14.569329
-14.583009
-14.596961
-14.609221
-14.621008
-14.633158
-14.645062
-14.657970
-14.671228
-14.684191
-14.697299
-14.708040
-14.717812
-14.727833
-14.737256
-14.747299
-14.757352
-14.766761
-14.775965
-14.786361
-14.797100
-14.807571
-14.818216
-14.828185
-14.837919
-14.847860
-14.857707
-14.860666
-14.860672
-14.860880
-14.859061
-14.858885
-14.858481
-14.855909
-14.852481
-14.851453
-14.850815
-14.849170
-14.847534
-14.843857
-14.839210
-14.834652
-14.829460
-14.827338
-14.826235
-14.824345
-14.822923
-14.820187
-14.817028
-14.814404
-14.811670
-14.806742
-14.800886
-14.795015
-14.788470
-14.782515
-14.776494
-14.769750
-14.762730
-14.758516
-14.755290
-14.751652
-14.748598
-14.744386
-14.739911
-14.736088
-14.732297
-14.727169
-14.721556
-14.716039
-14.710193
-14.704898
-14.699694
-14.694127
-14.688507
-14.680939
-14.672479
-14.664044
-14.654996
-14.646261
-14.637374
-14.627839
-14.617990
-14.608872
-14.599849
-14.590464
-14.581048
-14.570964
-14.560542
-14.550114
-14.539453
-14.532631
-14.527333
-14.521630
-14.516874
-14.510968
-14.504973
-14.500005
-14.495312
-14.488801
-14.481754
-14.475077
-14.468114
-14.462160
-14.456539
-14.450582
-14.444745
-14.437089
-14.428679
-14.420469
-14.411798
-14.403580
-14.395360
-14.386645
-14.377766
-14.369843
-14.362197
-14.354337
-14.346617
-14.338362
-14.329922
-14.321649
-14.313303
-14.302586
-14.290843
-14.279129
-14.266695
-14.254819
-14.242845
-14.230103
-14.217048
-14.204732
-14.192502
-14.179910
-14.167283
-14.153949
-14.140260
-14.126562
-14.112619
-14.099778
-14.087290
-14.074500
-14.061864
-14.048728
-14.035419
-14.022288
-14.009099
-13.995103
-13.980756
-13.966384
-13.951753
-13.937316
-13.922837
-13.908080
-13.893206
-13.880619
-13.868920
-13.856999
-13.845642
-13.833536
-13.821353
-13.809783
-13.798360
-13.785949
-13.773252
-13.760754
-13.748100
-13.736009
-13.724105
-13.712018
-13.700001
-13.686707
-13.672881
-13.659182
-13.645152
-13.631442
-13.617727
-13.603658
-13.589469
-13.575915
-13.562539
-13.549008
-13.535562
-13.521742
-13.507787
-13.493934
-13.480022
-13.465021
-13.449540
-13.434045
-13.418204
-13.402602
-13.386938
-13.370905
-13.354711
-13.338809
-13.322917
-13.306842
-13.290726
-13.274277
-13.257647
-13.240987
-13.224194
-13.207909
-13.191775
-13.175481
-13.159244
-13.142749
-13.126155
-13.109628
-13.093057
-13.076087
-13.058935
-13.041753
-13.024431
-13.007184
-12.989900
-12.972467
-12.954962
-12.935832
-12.915962
-12.896086
-12.875687
-12.855569
-12.835326
-12.814530
-12.793470
-12.772939
-12.752451
-12.731662
-12.710822
-12.689438
-12.667766
-12.646062
-12.624152
-12.602781
-12.581540
-12.560063
-12.538602
-12.516807
-12.494852
-12.472927
-12.450905
-12.428357
-12.405541
-12.382648
-12.359542
-12.336480
-12.313329
-12.289955
-12.266448
-13.089382
-14.272389
-8.957085
-1.135131
-31.524560
-4.143021
-12.106757
-12.083746
-12.060297
-12.036656
-12.012992
-11.989181
-11.965477
-11.941746
-11.917860
-11.893906
-11.869376
-11.844554
-11.819685
-11.794598
-11.769541
-11.744389
-11.719010
-11.693493
-11.668120
-11.642720
-11.617170
-11.591558
-11.565712
-11.539722
-11.513678
-11.487518
-11.466517
-11.447650
-11.428442
-11.410634
-11.391450
-11.372300
-11.354658
-11.337527
-11.318279
-11.298528
-11.279411
-11.260103
-11.242246
-11.224982
-11.207465
-11.190271
-11.170730
-11.150314
-11.130333
-11.109878
-11.090221
-11.070728
-11.050713
-11.030638
-11.012027
-10.993954
-10.975751
-10.957901
-10.939481
-10.920971
-10.902849
-10.884790
-10.864071
-10.842292
-10.820695
-10.798397
-10.776920
-10.755482
-10.733285
-10.710869
-10.689468
-10.668316
-10.646889
-10.625568
-10.603568
-10.581300
-10.559169
-10.536899
-10.516115
-10.495913
-10.475504
-10.455436
-10.434919
-10.414349
-10.394150
-10.374037
-10.353110
-10.331915
-10.310847
-10.289622
-10.268787
-10.248058
-10.227149
-10.206256
-10.182811
-10.158270
-10.133852
-10.108703
-10.084132
-10.059478
-10.034042
-10.008296
-9.983576
-9.959064
-9.934181
-9.909345
-9.883733
-9.857774
-9.831895
-9.805806
-9.780692
-9.755904
-9.730855
-9.705952
-9.680638
-9.655190
-9.629908
-9.604590
-9.578548
-9.552198
-9.525844
-9.499267
-9.472882
-9.446474
-9.419827
-9.393088
-9.367763
-9.342973
-9.318023
-9.293406
-9.268288
-9.243095
-9.218266
-9.193505
-9.168117
-9.142532
-9.117046
-9.091445
-9.066168
-9.040986
-9.015670
-8.990376
-8.964227
-8.937711
-8.911253
-8.884557
-8.858048
-8.831515
-8.804727
-8.777839
-8.751338
-8.724929
-8.698398
-8.671898
-8.645133
-8.618257
-8.591425
-8.564531
-8.534698
-8.503591
-8.472546
-8.440621
-8.409363
-8.377982
-8.345661
-8.312953
-8.281244
-8.249679
-8.217663
-8.185629
-8.152704
-8.119344
-8.086000
-8.052364
-8.019990
-7.988017
-7.955687
-7.923529
-7.890794
-7.857857
-7.825118
-7.792307
-7.758550
-7.724377
-7.690172
-7.655658
-7.621367
-7.587022
-7.552348
-7.517533
-7.483906
-7.450683
-7.417261
-7.384068
-7.350355
-7.316506
-7.282917
-7.249319
-7.215122
-7.180692
-7.146282
-7.111708
-7.077350
-7.043009
-7.008490
-6.973925
-6.938502
-6.902673
-6.866832
-6.830706
-6.794692
-6.758591
-6.722189
-6.685629
-6.649362
-6.613113
-6.576687
-6.540226
-6.503454
-6.466516
-6.429553
-6.392467
-6.356939
-6.322013
-6.286894
-6.252140
-6.216886
-6.181570
-6.146652
-6.111821
-6.076214
-6.040359
-6.004631
-5.968759
-5.933277
-5.897907
-5.862373
-5.826861
-5.790577
-5.753956
-5.717392
-5.680613
-5.643994
-5.607349
-5.570474
-5.533506
-5.496905
-5.460393
-5.423766
-5.387171
-5.350331
-5.313388
-5.276489
-5.239533
-5.201570
-5.163156
-5.124728
-5.085977
-5.047431
-5.008818
-4.969862
-4.930750
-4.891920
-4.853099
-4.814103
-4.775066
-4.735711
-4.696183
-4.656626
-4.616941
-4.577687
-4.538554
-4.499270
-4.460024
-4.420545
-4.380969
-4.341441
-4.301863
-4.261925
-4.221816
-4.181672
-4.141394
-4.101171
-4.060905
-4.020498
-3.980017
-3.953558
-3.933015
-3.911791
-3.894533
-3.873762
-3.853283
-3.837057
-3.822405
-3.802381
-3.781258
-3.762030
-3.742525
-3.727087
-3.713450
-3.699365
-3.686365
-3.667150
-3.645752
-3.625740
-3.604637
-3.585926
-3.567869
-3.548591
-3.529352
-3.514298
-3.500914
-3.487382
-3.475011
-3.461295
-3.447535
-3.435035
-3.422908
-3.404137
-3.382848
-3.362242
-3.340042
-3.320185
-3.300650
-3.279370
-3.257747
-3.238940
-3.220985
-3.202540
-3.184584
-3.165095
-3.145132
-3.125737
-3.106199
-3.090740
-3.077009
-3.062960
-3.050016
-3.036120
-3.022303
-3.009670
-2.997477
-2.983387
-2.968822
-2.954804
-2.940595
-2.927616
-2.915129
-2.902396
-2.889919
-2.870378
-2.847926
-2.826042
-2.802286
-2.780410
-2.758518
-2.734612
-2.710041
-2.688599
-2.667964
-2.646489
-2.625367
-2.602252
-2.578366
-2.554923
-2.531096
-2.510306
-2.490675
-2.470520
-2.451006
-2.430528
-2.409885
-2.389944
-2.370122
-2.348438
-2.326092
-2.303955
-2.281400
-2.259620
-2.237995
-2.215906
-2.193775
-2.175844
-2.159631
-2.143189
-2.127900
-2.111412
-2.094930
-2.079690
-2.064855
-2.048474
-2.031756
-2.015534
-1.999200
-1.983998
-1.969276
-1.954396
-1.939793
-1.922993
-1.905371
-1.888130
-1.870433
-1.853482
-1.836676
-1.819368
-1.801994
-1.785930
-1.770339
-1.754619
-1.739204
-1.723258
-1.707215
-1.691510
-1.675848
-1.653326
-1.627942
-1.602899
-1.575935
-1.550775
-1.525519
-1.498198
-1.470144
-1.444666
-1.419723
-1.393894
-1.368211
-1.340591
-1.312121
-1.283879
-1.255131
-1.229632
-1.205302
-1.180309
-1.155927
-1.130349
-1.104478
-1.079284
-1.054116
-1.026858
-0.998795
-0.970852
-0.942362
-0.914607
-0.886920
-0.858635
-0.830207
-0.804775
-0.780488
-0.755917
-0.732080
-0.707200
-0.682190
-0.657981
-0.633942
-0.608678
-0.583058
-0.557672
-0.532089
-0.507204
-0.482549
-0.457663
-0.432858
-0.406209
-0.378788
-0.351530
-0.323786
-0.296497
-0.269190
-0.241361
-0.213350
-0.186220
-0.159325
-0.132199
-0.105178
-0.077614
-0.049843
-0.022203
0.005536
0.029256
0.051300
0.073619
0.094842
0.117094
0.139299
0.160329
0.180946
0.203265
0.225991
0.248207
0.270577
0.291790
0.312530
0.333475
0.354162
0.376553
0.399569
0.422247
0.445255
0.467670
0.489951
0.512596
0.535271
0.556844
0.578000
0.599238
0.620198
0.641563
0.662979
0.684090
0.705140
0.728453
0.752668
0.776718
0.801360
0.825303
0.849208
0.873755
0.898483
0.922327
0.945947
0.969798
0.993549
1.017878
1.042432
1.066859
1.091398
1.114685
1.137480
1.160444
1.183115
1.206158
1.229240
1.252005
1.274693
1.298062
1.321651
1.345128
1.368733
1.392004
1.415182
1.438505
1.461811
1.479055
1.493727
1.508644
1.521818
1.536489
1.551007
1.563658
1.575600
1.589768
1.604352
1.618093
1.631905
1.643950
1.655186
1.666567
1.677443
1.691037
1.705566
1.719457
1.733802
1.747058
1.759994
1.773443
1.786845
1.798380
1.809153
1.819962
1.830231
1.841064
1.851888
1.862129
1.872178
1.884893
1.898590
1.911969
1.925955
1.938937
1.951743
1.965218
1.978790
1.991180
2.003183
2.015342
2.027260
2.039757
2.052404
2.064779
2.077170
2.087836
2.097748
2.107748
2.117249
2.127101
2.136878
2.146124
2.155146
2.164906
2.174818
2.184462
2.194142
2.203273
2.212158
2.221101
2.229896
2.241954
2.255336
2.268425
2.282355
2.295371
2.308363
2.322262
2.336439
2.349135
2.361427
2.374077
2.386534
2.399885
2.413564
2.427007
2.440598
2.452724
2.464271
2.476032
2.487458
2.499307
2.511202
2.522733
2.534176
2.546462
2.559027
2.571461
2.584060
2.596261
2.608356
2.620637
2.632906
2.643215
2.652704
2.662267
2.671269
2.680790
2.690277
2.699163
2.707831
2.717175
2.726642
2.735849
2.745076
2.753753
2.762177
2.770642
2.778949
2.788234
2.797867
2.807293
2.816897
2.826126
2.835257
2.844588
2.853918
2.862613
2.871060
2.879535
2.887837
2.896353
2.904882
2.913224
2.921515
2.932251
2.943985
2.955559
2.967792
2.979327
2.990857
3.003097
3.015563
3.027069
3.038346
3.049904
3.061373
3.073503
3.085901
3.098180
3.110605
3.121798
3.132521
3.143447
3.154109
3.165172
3.176302
3.187144
3.197936
3.209454
3.221228
3.232917
3.244767
3.256308
3.267784
3.279440
3.291108
3.301685
3.311823
3.322023
3.331928
3.342164
3.352409
3.362335
3.372164
3.382384
3.392692
3.402881
3.413102
3.423040
3.432861
3.442726
3.452524
3.462939
3.473589
3.484144
3.494835
3.505327
3.515788
3.526397
3.537033
3.547321
3.557488
3.567700
3.577838
3.588131
3.598460
3.608706
3.618949
3.627642
3.635666
3.643754
3.651391
3.659377
3.667307
3.674756
3.682011
3.689866
3.697834
3.705572
3.713328
3.720611
3.727678
3.734782
3.741750
3.749324
3.757095
3.764701
3.772392
3.779821
3.787160
3.794598
3.802009
3.808965
3.815726
3.822479
3.829088
3.835812
3.842516
3.849067
3.855556
3.862852
3.870445
3.877939
3.885614
3.892990
3.900312
3.907835
3.915387
3.922570
3.929631
3.936739
3.943771
3.950980
3.958233
3.965401
3.972572
3.979235
3.985676
3.992140
3.998457
4.004873
4.011265
4.017500
4.023667
4.030050
4.036476
4.042821
4.049175
4.055366
4.061482
4.067615
4.073701
4.085812
4.100466
4.114813
4.130859
4.145407
4.160081
4.176576
4.193746
4.208569
4.222903
4.238051
4.253069
4.269840
4.287382
4.304719
4.322516
4.337692
4.351947
4.366789
4.381171
4.396560
4.412224
4.427373
4.442540
4.459479
4.477125
4.494709
4.512785
4.530291
4.547779
4.565802
4.583982
4.599200
4.613287
4.627671
4.641337
4.656032
4.670860
4.684902
4.698783
4.713912
4.729414
4.744687
4.760170
4.774960
4.789529
4.804343
4.819085
4.835618
4.852907
4.870044
4.887661
4.904849
4.922063
4.939791
4.957703
4.974768
4.991613
5.008691
5.025675
5.043194
5.060921
5.078529
5.096242
5.111088
5.124752
5.138645
5.151779
5.165669
5.179550
5.192613
5.205404
5.219469
5.233862
5.247912
5.262104
5.275484
5.288550
5.301796
5.314884
5.329190
5.343961
5.358517
5.373329
5.387753
5.402107
5.416741
5.431421
5.445349
5.459008
5.472748
5.486318
5.500197
5.514137
5.527887
5.541618
5.557071
5.573227
5.589288
5.605820
5.621859
5.637899
5.654446
5.671159
5.687233
5.703168
5.719304
5.735392
5.751944
5.768691
5.785370
5.802162
5.818053
5.833605
5.849311
5.864829
5.880652
5.896531
5.912204
5.927847
5.944026
5.960397
5.976714
5.993154
6.009375
6.025554
6.041871
6.058203
6.047295
6.024818
6.003533
5.974450
5.952028
5.928913
5.897448
5.862809
5.838434
5.816054
5.789881
5.764115
5.730358
5.692989
5.656357
5.617500
5.590526
5.567644
5.541952
5.518241
5.489776
5.459918
5.432294
5.404463
5.368414
5.329007
5.289760
5.248137
5.208987
5.169792
5.128033
5.085423
5.055539
5.030399
5.003809
4.980174
4.951880
4.922834
4.897035
4.871773
4.840933
4.808316
4.776520
4.743649
4.713615
4.684371
4.653900
4.623577
4.585235
4.543421
4.502097
4.458504
4.416626
4.374466
4.329888
4.284330
4.242313
4.201088
4.158677
4.116508
4.071829
4.026070
3.980660
3.934627
3.902107
3.875081
3.846830
3.822064
3.793539
3.764917
3.740055
3.716350
3.686470
3.654903
3.624830
3.593947
3.566783
3.540981
3.514194
3.488018
3.455850
3.421315
3.387664
3.352645
3.319359
3.286262
3.251682
3.216743
3.185271
3.154948
3.124093
3.093917
3.062115
3.029883
2.998421
2.966912
2.927159
2.883957
2.841069
2.795826
2.752770
2.709575
2.663849
2.617213
2.573436
2.530180
2.485838
2.441581
2.395011
2.347383
2.299933
2.251819
2.207819
2.165278
2.121873
2.079218
2.034995
1.990364
1.946571
1.902778
1.856326
1.808831
1.761457
1.713364
1.666169
1.619032
1.571113
1.522983
1.507429
1.505554
1.502051
1.507715
1.505045
1.502952
1.510694
1.522010
1.520886
1.517184
1.517796
1.517718
1.526985
1.540362
1.552656
1.567405
1.567344
1.562017
1.559861
1.555019
1.555751
1.557932
1.557117
1.556297
1.565245
1.578030
1.590365
1.605340
1.617037
1.628529
1.642892
1.658034
1.658100
1.652420
1.648219
1.640358
1.637751
1.635822
1.629889
1.623127
1.622643
1.624018
1.624232
1.625487
1.623232
1.619848
1.617685
1.615141
1.621815
1.632363
1.642128
1.654351
1.664349
1.674468
1.687221
1.700917
1.710248
1.718441
1.727820
1.736707
1.748335
1.761023
1.773095
1.785691
1.780945
1.769000
1.758341
1.743020
1.732213
1.721277
1.705331
1.687670
1.677530
1.669256
1.658843
1.649192
1.634592
1.618017
1.602426
1.585805
1.576560
1.570075
1.562212
1.555838
1.547002
1.537670
1.529974
1.522480
1.510327
1.496460
1.483017
1.468458
1.455713
1.443261
1.429580
1.415704
1.434023
1.465819
1.496016
1.535259
1.566140
1.597533
1.638637
1.683227
1.715649
1.745557
1.779675
1.813118
1.855721
1.902349
1.947918
1.995891
1.859851
1.646528
1.443621
1.189445
0.981838
0.771123
0.505411
0.219773
0.007606
-0.188462
-0.408761
-0.624046
-0.892483
-1.183752
-1.467731
-1.764936
-1.016423
0.171614
1.300931
2.721960
3.879145
5.054547
6.542831
8.144842
7.441850
5.844510
4.466768
2.519286
1.332153
0.224811
-1.503346
-3.377754
-3.155345
-2.175019
-1.441427
-0.235619
0.136865
0.349932
1.085792
1.881153
1.792824
1.411729
1.134484
0.670659
0.634776
0.704543
0.563544
0.427687
0.421768
0.451230
0.478738
0.535754
0.502540
0.444555
0.420990
0.390908
0.368122
0.349032
0.323154
0.296893
0.273110
0.249483
0.225298
0.201210
0.173184
0.143469
0.114020
0.083476
0.053812
0.024036
-0.006908
-0.038309
-0.067941
-0.097158
-0.126932
-0.156563
-0.187404
-0.218752
-0.249903
-0.281335
-0.304148
-0.323405
-0.343323
-0.360944
-0.380860
-0.400747
-0.418161
-0.434753
-0.455091
-0.476376
-0.496628
-0.517281
-0.535506
-0.552775
-0.570557
-0.587851
-0.608909
-0.631394
-0.653217
-0.675825
-0.697217
-0.718389
-0.740422
-0.762589
-0.782439
-0.801458
-0.820723
-0.839457
-0.859138
-0.879001
-0.898275
-0.917484
-0.941641
-0.967811
-0.993695
-1.020925
-1.046716
-1.072496
-1.099728
-1.127420
-1.153276
-1.178721
-1.204733
-1.230599
-1.257781
-1.285515
-1.313046
-1.340888
-1.366101
-1.390321
-1.414974
-1.439068
-1.464032
-1.489149
-1.513652
-1.538059
-1.564003
-1.590490
-1.616806
-1.643467
-1.669479
-1.695358
-1.721620
-1.747915
-1.764056
-1.775933
-1.788285
-1.797764
-1.809852
-1.821754
-1.830574
-1.838273
-1.849763
-1.862015
-1.872917
-1.884003
-1.892184
-1.899074
-1.906268
-1.912678
-1.923789
-1.936564
-1.948328
-1.960939
-1.971765
-1.982122
-1.993426
-2.004723
-2.012921
-2.019899
-2.027011
-2.033280
-2.040580
-2.047937
-2.054379
-2.060567
-2.071232
-2.083587
-2.095479
-2.108440
-2.119800
-2.130931
-2.143234
-2.155758
-2.166396
-2.176460
-2.186844
-2.196895
-2.207965
-2.219347
-2.230343
-2.241429
-2.249714
-2.256808
-2.264112
-2.270652
-2.277839
-2.284966
-2.291275
-2.297275
-2.304564
-2.312169
-2.319394
-2.326742
-2.333241
-2.339396
-2.345712
-2.351845
-2.363698
-2.377916
-2.391700
-2.407013
-2.420816
-2.434647
-2.450122
-2.466150
-2.479693
-2.492611
-2.506221
-2.519571
-2.534540
-2.550148
-2.565422
-2.581025
-2.594156
-2.606354
-2.618997
-2.631129
-2.644070
-2.657163
-2.669696
-2.682149
-2.696137
-2.710682
-2.725072
-2.739820
-2.753950
-2.767969
-2.782383
-2.796848
-2.808010
-2.817833
-2.827854
-2.836982
-2.847077
-2.857187
-2.866332
-2.875176
-2.885255
-2.895617
-2.905607
-2.915700
-2.924920
-2.933777
-2.942777
-2.951576
-2.962136
-2.973366
-2.984313
-2.995640
-3.006392
-3.017049
-3.028122
-3.039266
-3.049389
-3.059156
-3.069044
-3.078709
-3.088813
-3.099012
-3.108961
-3.118896
-3.132758
-3.148257
-3.163570
-3.179986
-3.195361
-3.210789
-3.227404
-3.244438
-3.260025
-3.275317
-3.291116
-3.306840
-3.323667
-3.340982
-3.358175
-3.375661
-3.391251
-3.406159
-3.421451
-3.436387
-3.452022
-3.467829
-3.483238
-3.498634
-3.515243
-3.532320
-3.549327
-3.566651
-3.583548
-3.600405
-3.617608
-3.634895
-3.650543
-3.665571
-3.680758
-3.695549
-3.710920
-3.726369
-3.741384
-3.756312
-3.771912
-3.787711
-3.803388
-3.819177
-3.834591
-3.849885
-3.865311
-3.880697
-3.897110
-3.913955
-3.930715
-3.947751
-3.964540
-3.981344
-3.998443
-4.015648
-4.032372
-4.048972
-4.065706
-4.082387
-4.099374
-4.116480
-4.133521
-4.150622
-4.165298
-4.178964
-4.192797
-4.205970
-4.219769
-4.233541
-4.246605
-4.259423
-4.273266
-4.287354
-4.301137
-4.315014
-4.328196
-4.341094
-4.354116
-4.366985
-4.380891
-4.395180
-4.409265
-4.423554
-4.437484
-4.451335
-4.465409
-4.479504
-4.492933
-4.506111
-4.519341
-4.532405
-4.545717
-4.559062
-4.572225
-4.585352
-4.599835
-4.614859
-4.629786
-4.645068
-4.659934
-4.674779
-4.690009
-4.705349
-4.720162
-4.734843
-4.749665
-4.764428
-4.779538
-4.794784
-4.809956
-4.825197
-4.839690
-4.853889
-4.868190
-4.882319
-4.896671
-4.911049
-4.925238
-4.939382
-4.953936
-4.968623
-4.983245
-4.997944
-5.012446
-5.026893
-5.041429
-5.055956
-5.075130
-5.096285
-5.117232
-5.139511
-5.160682
-5.181984
-5.204710
-5.227987
-5.249478
-5.270617
-5.292415
-5.314139
-5.337243
-5.360970
-5.384566
-5.408545
-5.430577
-5.451947
-5.473796
-5.495332
-5.517660
-5.540229
-5.562444
-5.584705
-5.608343
-5.632551
-5.656744
-5.681344
-5.705547
-5.729770
-5.754431
-5.779246
-5.801764
-5.823423
-5.845343
-5.866730
-5.888949
-5.911301
-5.933066
-5.954732
-5.361254
-4.505927
-8.384784
-14.090179
8.044795
-11.910065
-6.113811
-6.136385
-6.160388
-6.185009
-6.209541
-6.234476
-6.259105
-6.283783
-6.308890
-6.334171
-6.358817
-6.383320
-6.408033
-6.432702
-6.457817
-6.483123
-6.508366
-6.533718
-6.557004
-6.579457
-6.602111
-6.624242
-6.646958
-6.669699
-6.691874
-6.713882
-6.736859
-6.760110
-6.783142
-6.806312
-6.828919
-6.851327
-6.873901
-6.896393
-6.919802
-6.943581
-6.967236
-6.991109
-7.014732
-7.038338
-7.062179
-7.086085
-7.109476
-7.132703
-7.156022
-7.179249
-7.202734
-7.226294
-7.249749
-7.273222
-7.298001
-7.323333
-7.348626
-7.374300
-7.399642
-7.425018
-7.450802
-7.476740
-7.502239
-7.527666
-7.553275
-7.578881
-7.604863
-7.631021
-7.657162
-7.683419
-7.709043
-7.734450
-7.760004
-7.785451
-7.811155
-7.836935
-7.862594
-7.888264
-7.914363
-7.940635
-7.966901
-7.993290
-8.019549
-8.045811
-8.072207
-8.098647
-8.122440
-8.145142
-8.168005
-8.190145
-8.213009
-8.235859
-8.257930
-8.279740
-8.302589
-8.325674
-8.348439
-8.371287
-8.393404
-8.415214
-8.437140
-8.458896
-8.481925
-8.505430
-8.528703
-8.552234
-8.575330
-8.598338
-8.621630
-8.644956
-8.667500
-8.689757
-8.712084
-8.734225
-8.756672
-8.779170
-8.801462
-8.823722
-8.847204
-8.871169
-8.895047
-8.919244
-8.943052
-8.966835
-8.990965
-9.015189
-9.038948
-9.062591
-9.086354
-9.110064
-9.134080
-9.158215
-9.182282
-9.206409
-9.229830
-9.252972
-9.276204
-9.299270
-9.322542
-9.345835
-9.368946
-9.392011
-9.415453
-9.439014
-9.462510
-9.486075
-9.509450
-9.532769
-9.556167
-9.579552
-9.604477
-9.630060
-9.655564
-9.681505
-9.707084
-9.732706
-9.758796
-9.785067
-9.810719
-9.836242
-9.861982
-9.887690
-9.913858
-9.940230
-9.966550
-9.992991
-10.018818
-10.044434
-10.070203
-10.095874
-10.121792
-10.147785
-10.173667
-10.199563
-10.225898
-10.252414
-10.278926
-10.305566
-10.332080
-10.358600
-10.385259
-10.411967
-10.437840
-10.463397
-10.489041
-10.514485
-10.540219
-10.565992
-10.591546
-10.617057
-10.642928
-10.668909
-10.694827
-10.720808
-10.746594
-10.772321
-10.798120
-10.823901
-10.850181
-10.876673
-10.903126
-10.929714
-10.956187
-10.982669
-11.009296
-11.035978
-11.062426
-11.088815
-11.115272
-11.141705
-11.168289
-11.194934
-11.221548
-11.248193
-11.250312
-11.242005
-11.234789
-11.220554
-11.212287
-11.203386
-11.186971
-11.167693
-11.157719
-11.149566
-11.137990
-11.126795
-11.108385
-11.086721
-11.065736
-11.042751
-11.030361
-11.021614
-11.010345
-11.000833
-10.987074
-10.972064
-10.959035
-10.945813
-10.925233
-10.901641
-10.878183
-10.852590
-10.829199
-10.805757
-10.780013
-10.753499
-10.738637
-10.728130
-10.716304
-10.707192
-10.693835
-10.679804
-10.668754
-10.658207
-10.642557
-10.625286
-10.608779
-10.591299
-10.576428
-10.562293
-10.547042
-10.531938
-10.509532
-10.483969
-10.458864
-10.431700
-10.406110
-10.380272
-10.352240
-10.323325
-10.297652
-10.272712
-10.246701
-10.220921
-10.192862
-10.163829
-10.135125
-10.105862
-10.088434
-10.075813
-10.062108
-10.051447
-10.037491
-10.023444
-10.012682
-10.002926
-9.987740
-9.971061
-9.955685
-9.939589
-9.926747
-9.915091
-9.902560
-9.890556
-9.873315
-9.854000
-9.835449
-9.815698
-9.797450
-9.779359
-9.759966
-9.740252
-9.723559
-9.707864
-9.691695
-9.676112
-9.659102
-9.641709
-9.624981
-9.608204
-9.584156
-9.557060
-9.530234
-9.501325
-9.474334
-9.447213
-9.417855
-9.387686
-9.360031
-9.332829
-9.304662
-9.276563
-9.246418
-9.215331
-9.184396
-9.152867
-9.124952
-9.098314
-9.070907
-9.044153
-9.016010
-8.987500
-8.959720
-8.931933
-8.901796
-8.870732
-8.839768
-8.808162
-8.777339
-8.746559
-8.715082
-8.683412
-8.664185
-8.650088
-8.635249
-8.623815
-8.608972
-8.594196
-8.583087
-8.573208
-8.558486
-8.542670
-8.528365
-8.513677
-8.702227
-8.977235
-9.243095
-9.567099
-8.310033
-6.406504
-4.631260
-2.440242
-9.556411
-20.451508
-13.466347
-1.629574
-4.542706
-9.565023
-8.787049
-8.091319
-8.278352
-8.265350
-8.253327
-8.241458
-8.223947
-8.204211
-8.184884
-8.164092
-8.145107
-8.126248
-8.105796
-8.084917
-8.066187
-8.048002
-8.029270
-8.010788
-7.990903
-7.970480
-7.950372
-7.929998
-7.912908
-7.897124
-7.880925
-7.865510
-7.849142
-7.832692
-7.817091
-7.801711
-7.784593
-7.766930
-7.749579
-7.731919
-7.715146
-7.698639
-7.681778
-7.664985
-7.640800
-7.613465
-7.586516
-7.557472
-7.530178
-7.502687
-7.472956
-7.442364
-7.414749
-7.387759
-7.359732
-7.331873
-7.301808
-7.270771
-7.239995
-7.208642
-7.180258
-7.152895
-7.124808
-7.097206
-7.068418
-7.039276
-7.010682
-6.982029
-6.951270
-6.919645
-6.888055
-6.855850
-6.824267
-6.792663
-6.760397
-6.727906
-6.699413
-6.672446
-6.645068
-6.618653
-6.590857
-6.562881
-6.535959
-6.509254
-6.480832
-6.451892
-6.423260
-6.394334
-6.366348
-6.338657
-6.310624
-6.282683
-6.252360
-6.221030
-6.189896
-6.158121
-6.126907
-6.095653
-6.063713
-6.031521
-6.000453
-5.969673
-5.938578
-5.907604
-5.875913
-5.843941
-5.812122
-5.780159
-5.760156
-5.745190
-5.729562
-5.717279
-5.702007
-5.686962
-5.675503
-5.665359
-5.650444
-5.634494
-5.620139
-5.605474
-5.594286
-5.584600
-5.574455
-5.565186
-5.550772
-5.534529
-5.519413
-5.503374
-5.489270
-5.475676
-5.461053
-5.446436
-5.435271
-5.425469
-5.415516
-5.406503
-5.396349
-5.386133
-5.376938
-5.368028
-5.352984
-5.335573
-5.318729
-5.300368
-5.284069
-5.267998
-5.250271
-5.232164
-5.216594
-5.201750
-5.186390
-5.171420
-5.154978
-5.138037
-5.121560
-5.104889
-5.091836
-5.080281
-5.068375
-5.057403
-5.045513
-5.033633
-5.022758
-5.012218
-4.999900
-4.987089
-4.974710
-4.962095
-4.950529
-4.939345
-4.927876
-4.916575
-4.689531
-4.370739
-4.061420
-3.690293
-4.978685
-6.945238
-8.130939
-9.477911
-5.990162
-0.438141
15.453169
-17.850330
-8.654803
-3.334579
-4.120642
-4.820734
-4.592188
-4.574814
-4.557012
-4.539652
-4.521541
-4.503272
-4.485491
-4.467763
-4.448605
-4.428915
-4.409347
-4.389429
-4.370056
-4.350764
-4.331088
-4.311345
-4.294843
-4.279647
-4.264239
-4.249696
-4.234187
-4.218651
-4.204049
-4.189731
-4.174169
-4.158310
-4.142804
-4.127178
-4.112401
-4.097967
-4.083374
-4.068964
-4.052816
-4.035998
-4.019443
-4.002501
-3.986105
-3.969789
-3.953051
-3.936228
-3.920391
-3.904888
-3.889252
-3.873820
-3.857943
-3.841958
-3.826204
-3.810449
-3.787554
-3.761646
-3.736048
-3.708413
-3.682579
-3.656590
-3.628418
-3.599435
-3.573091
-3.547259
-3.520456
-3.493760
-3.465002
-3.435314
-3.405817
-3.375747
-3.348937
-3.323266
-3.296862
-3.271026
-3.243919
-3.216458
-3.189634
-3.162780
-3.133735
-3.103811
-3.073957
-3.043488
-3.013714
-2.983957
-2.953533
-2.922908
-2.895415
-2.869090
-2.842416
-2.816471
-2.789376
-2.762097
-2.735620
-2.709276
-2.681579
-2.653452
-2.625529
-2.597347
-2.569862
-2.542572
-2.514988
-2.487443
-2.457904
-2.427503
-2.397227
-2.366389
-2.335984
-2.305513
-2.274443
-2.243132
-2.212706
-2.182480
-2.151962
-2.121508
-2.090433
-2.059093
-2.027842
-1.996441
-1.968991
-1.943162
-1.917006
-1.891889
-1.865698
-1.839502
-1.814425
-1.789709
-1.763238
-1.736308
-1.709835
-1.683156
-1.657579
-1.632422
-1.607008
-1.581798
-1.554847
-1.527223
-1.499884
-1.472167
-1.444986
-1.417886
-1.390373
-1.362780
-1.336230
-1.310042
-1.283722
-1.257626
-1.231076
-1.204425
-1.178025
-1.151635
-1.122921
-1.093250
-1.063692
-1.033487
-1.003932
-0.974363
-0.944097
-0.913597
-0.883933
-0.854442
-0.824666
-0.794939
-0.764578
-0.733941
-0.703378
-0.672651
-0.643126
-0.614043
-0.584737
-0.555672
-0.526183
-0.496603
-0.467287
-0.437997
-0.407971
-0.377673
-0.347435
-0.317017
-0.286880
-0.256784
-0.226491
-0.196162
