0.770906
-0.349779
-0.151035
-0.393261
0.176864
0.109130
-0.222826
-1.194622
-1.432951
-1.397331
-0.833374
0.136314
0.411586
0.591445
-0.677807
-1.379899
2.096193
0.694860
0.032241
1.156841
0.126776
1.340046
-1.004401
1.623905
-0.759785
1.078855
0.061501
0.434358
1.581018
0.663843
-0.688652
0.561900
0.644538
1.100939
-0.268998
1.782952
-0.003698
0.582875
1.316882
-0.131774
1.137650
1.264709
2.786350
1.256160
1.510670
1.294463
0.188284
-0.837916
2.830576
2.315224
1.245898
2.026531
2.354943
2.231712
1.252785
2.504078
2.309353
1.851609
0.492667
2.366542
0.990997
2.586902
1.339848
1.030780
0.181248
2.849804
2.921649
2.999775
1.981171
1.207740
1.559857
1.463788
3.596575
1.272205
2.727898
0.421582
2.742716
1.864473
1.936273
4.224953
1.106495
1.839205
1.810694
3.691356
2.111526
1.684436
2.212143
1.732699
2.955453
1.983954
4.758461
2.396632
1.987989
2.147913
3.650056
3.944385
2.996720
1.526627
1.383747
3.286378
3.821373
1.524330
4.294054
4.462866
2.058608
2.723890
2.814783
3.614720
1.863677
2.521692
2.286344
2.434930
2.437265
2.361799
4.115215
2.349158
3.259574
1.395123
2.786585
3.030062
2.266799
5.189868
2.972418
4.934770
1.121523
4.750383
3.705213
2.966748
3.655415
4.889641
2.715372
3.192456
2.257212
2.368620
3.654485
4.159316
3.436171
3.531703
4.391051
5.244052
4.850160
4.192656
4.332567
6.164303
4.112249
2.904085
4.624869
4.009863
1.457438
6.141149
1.791907
4.785850
3.642983
5.285553
4.760958
4.467175
4.633389
6.032137
5.888033
4.331443
4.704950
4.386466
4.252805
4.618451
3.595446
4.092979
4.563328
5.994996
6.699352
6.226366
4.283338
4.627181
5.517875
3.339164
4.472182
3.341343
3.593464
4.059543
3.019042
5.389932
5.518542
3.730707
1.738800
5.140563
5.659123
5.469614
4.636125
4.603515
4.507820
4.128149
5.131511
6.826541
4.005510
5.436598
4.592453
6.333643
5.850792
5.805543
4.803245
7.131967
4.980262
6.564443
4.004517
6.095081
4.347427
3.906612
6.072286
4.228924
5.882841
5.153438
5.337218
6.695737
5.428018
5.587830
5.190684
6.060243
6.984588
5.852921
6.348648
6.652515
3.608299
6.110642
4.371210
4.130685
6.076139
6.413537
7.074998
6.302878
5.684453
5.247156
5.129234
7.059742
7.912849
5.990101
6.489661
4.833883
6.423502
5.660596
6.851538
5.948208
6.210822
7.976743
8.488423
5.913609
8.141983
8.019546
5.452264
6.528686
7.978624
5.457526
4.749264
6.866270
5.883363
6.584598
5.751946
7.422058
7.328097
8.095952
6.911809
7.148107
5.545668
6.107474
5.888037
8.091308
6.900590
7.791533
6.006852
6.319549
6.625675
8.268041
7.475316
6.889627
7.500251
5.821474
6.579517
7.521707
6.122329
6.943969
6.637773
6.708676
6.558725
7.412427
5.124226
6.865387
8.645569
7.478166
6.671309
8.481948
7.168746
6.921161
7.947829
7.166932
6.723486
6.163168
7.089458
6.083739
9.064600
7.882230
7.934421
7.435670
5.793875
6.850149
7.897142
7.004443
6.942350
7.263532
6.882248
6.020708
7.262850
7.356600
9.694187
8.180754
8.102178
7.425477
8.422791
8.002912
6.495176
8.582867
7.560260
8.802476
9.081866
7.831917
6.370875
7.521006
6.581584
7.368164
8.672568
6.982638
9.183620
6.913556
8.283391
7.363163
9.472398
7.381498
7.020714
8.331560
8.917924
8.132581
8.575245
9.625529
6.781981
9.431111
8.874494
8.970721
8.780490
8.179156
9.301876
8.199986
7.348009
7.644476
8.564021
8.239512
6.594899
9.225230
8.102937
8.530913
8.997782
8.650732
8.904631
8.459393
8.810317
9.740801
8.636012
8.959368
9.309801
8.425255
8.621494
9.210498
9.568496
8.430125
9.096709
7.775304
5.808752
7.197438
7.869240
8.557523
9.120302
8.868922
9.509515
10.152088
7.573524
9.157326
8.073868
8.931019
8.914892
7.914057
8.701965
9.027160
8.568866
7.597645
10.170446
8.049396
7.628648
7.080081
9.515449
8.894955
8.171257
7.855054
9.912796
9.036143
9.245659
9.189635
10.670332
7.960268
9.545705
8.331845
8.543235
9.923085
9.334789
9.875277
10.045752
8.407404
6.999596
8.355168
7.188511
8.620879
8.777361
9.618687
8.756076
7.136997
9.084812
9.891072
11.394123
10.411586
8.700274
8.887125
8.636671
8.895468
8.245908
9.472067
11.881419
9.832877
10.159681
10.286398
10.023187
9.422208
8.694429
8.489526
7.146604
10.181500
9.430568
9.921418
8.223319
10.266389
10.098882
10.288935
8.588459
9.342212
9.857382
10.760513
10.983838
10.241692
10.632478
8.780348
9.024759
10.113010
9.001986
8.015913
7.806934
9.194021
8.645633
9.740951
8.232213
9.807209
9.049238
9.269643
8.859819
9.602806
8.477379
9.427018
9.081105
6.776426
8.560819
10.721286
9.873900
9.352354
9.525971
11.121493
9.317263
10.162222
8.238563
9.928312
7.968591
9.107437
9.785927
9.060566
9.813848
9.373476
8.668587
10.370106
9.717708
8.871520
11.237645
9.600239
9.614076
11.871889
8.401430
8.892134
11.441770
8.961611
9.212407
8.730697
8.529315
10.248706
10.245109
9.936513
9.342620
9.034640
8.721862
8.593448
9.779662
10.886411
9.154816
10.633795
10.820897
10.150234
7.864402
10.933830
8.894144
10.531239
9.593949
9.937815
9.044768
10.286693
9.165484
10.478768
9.694264
10.448871
10.150662
9.814405
8.156086
9.473176
10.588020
10.713159
9.828231
8.758427
11.515910
10.133648
8.245130
9.440832
8.789284
9.141680
9.661212
9.079221
9.562684
8.827677
8.618265
9.184639
10.004024
8.989355
11.440875
11.268105
10.009504
10.176948
8.244523
10.373554
9.890864
9.079257
9.105491
9.720412
7.892329
9.104003
6.693274
10.573227
8.670657
11.147870
9.947438
9.322741
8.406172
8.703836
10.464072
9.067557
9.583648
9.840246
9.967410
7.950405
10.148101
11.556499
7.720252
10.506469
8.320847
10.639928
8.127014
10.738790
9.098145
10.346293
8.846713
10.397284
9.743341
7.790753
7.743428
8.741072
9.167624
8.337088
9.190648
8.804773
8.745231
8.622356
9.204737
9.384912
9.088925
8.655004
11.522208
8.943255
10.581139
10.466437
8.269872
9.587730
10.334062
7.581094
6.919782
10.943830
10.361063
8.323675
10.036460
8.750796
7.932460
8.916121
6.891665
8.203328
9.493132
9.091679
10.188867
10.012398
6.897720
10.084945
9.472486
8.229718
8.290222
9.841310
8.901618
8.624959
9.436167
8.166695
9.842975
9.263321
9.274356
10.018296
8.904340
9.156326
9.582372
9.718762
8.822280
7.770536
8.997926
9.444986
8.846802
8.091979
8.500118
9.330007
9.444039
7.715381
8.803330
8.870125
8.577866
7.165215
8.415669
9.222148
9.606346
8.453059
8.239391
9.518828
8.701981
7.634229
10.012882
7.873271
8.401699
8.431386
7.277312
9.807849
9.131882
7.705565
8.425049
9.307222
9.362003
6.637547
8.423500
9.084601
8.184158
8.868004
8.252176
7.816121
9.606811
8.231887
10.184325
9.623533
6.527657
8.958078
7.656856
8.742677
8.060083
7.922236
8.873628
7.877458
8.321825
7.563301
8.111587
6.804152
6.194897
8.254695
6.781998
7.428911
7.807011
7.711113
7.644759
8.713990
6.910401
8.272375
8.681772
7.499867
5.981697
9.307223
9.187189
7.122558
7.989496
8.285409
7.759525
6.276544
7.150900
7.690452
7.818794
6.288906
7.236855
6.235080
6.457077
8.606113
6.009640
8.557701
7.374613
5.734161
6.884524
6.364929
6.828483
8.963305
7.105291
4.224279
5.911124
6.633348
6.331793
5.985587
5.676178
7.790677
7.532482
8.353005
5.834175
7.014908
7.242921
8.057110
4.883968
6.357798
6.524571
7.150489
6.387298
6.306196
7.472482
6.678942
6.037165
7.343854
6.593460
6.923773
6.089794
9.029996
7.409209
7.832040
6.610031
6.531518
7.330330
7.278171
7.672809
7.628199
7.199677
5.805071
7.098590
5.088581
6.117989
7.306599
7.260343
6.304165
6.797429
5.450443
4.150347
6.920714
6.349298
7.910210
6.787466
6.960152
6.275790
4.501638
7.047850
6.120219
4.917602
6.482905
5.453221
7.008971
6.441621
6.164256
6.203428
6.642090
5.681991
4.357504
4.165754
5.086246
5.394685
6.501287
5.406027
5.391933
5.102657
5.144039
5.260233
6.112919
5.903040
6.427502
5.817146
7.361642
6.005968
5.393272
4.985211
6.108019
5.688381
6.008948
6.168410
4.376933
4.792277
3.484217
7.266847
6.029473
5.854090
5.965499
5.806874
7.026451
4.160830
5.938380
4.637400
4.066079
6.621382
4.620617
6.146861
4.918184
5.291568
4.957535
5.211649
5.704375
5.344343
5.513021
5.777525
5.577718
4.287974
4.211654
4.602253
2.430870
3.938510
4.244064
5.407588
4.235746
5.133584
3.509861
4.930933
4.470578
2.899118
3.885799
2.839266
3.906802
4.219557
7.355347
3.627361
5.105809
4.680744
4.934226
3.963917
4.818821
5.541768
2.306100
2.086232
3.592772
3.472331
2.982430
3.915322
3.687378
2.353668
4.197621
3.278352
4.836646
3.080046
1.818110
4.166547
3.370409
4.394218
3.905289
2.540680
4.183609
2.428637
2.098490
2.585283
4.433167
3.546908
3.789929
3.933671
2.234633
4.234980
3.484999
1.385975
2.970698
3.699828
1.045081
1.316794
4.427151
2.134316
4.208204
3.018179
3.533579
2.545627
3.927706
3.842775
3.083900
4.102385
3.829256
3.455051
0.725923
3.261991
1.963524
4.418134
4.174958
3.454818
4.190842
3.977526
2.649784
2.619107
3.459964
-0.069172
2.415133
2.192233
0.392700
4.354310
0.914092
2.028399
2.730030
2.250940
1.710433
2.528311
1.945022
5.283333
1.025044
4.212703
3.027990
1.112484
1.324983
1.851668
1.477604
1.204652
3.566465
2.789574
2.079498
1.849273
1.572499
3.296554
2.866329
1.682053
3.245028
2.320132
3.142173
2.908682
0.807357
2.823129
2.704734
0.163011
0.891850
4.021245
2.833943
0.603551
0.635173
0.532672
1.807831
0.356597
2.139185
0.144070
1.676355
-0.991166
0.289548
2.192767
1.213239
0.110650
1.901801
2.994704
2.052945
1.328940
0.379546
2.294654
0.776188
0.051247
2.194516
-0.761750
-0.266967
1.199397
1.951329
2.339691
0.525901
0.478586
-0.086765
1.509979
1.591523
0.006264
-0.134624
-1.215708
-1.310716
-0.699187
0.518704
0.832097
-0.006442
1.616086
1.993194
0.421171
-0.645849
2.500999
2.496095
2.697805
-0.672166
2.319491
0.423382
0.264429
0.216628
1.822667
-0.684883
-0.239440
0.203241
0.009977
0.695582
-1.055398
-0.091469
0.863054
-0.217281
-0.926205
0.629211
-1.024394
0.608320
-0.422729
-0.044937
-2.040617
-0.720593
-0.442279
0.158908
0.510041
-1.014606
-0.010736
-0.287443
-0.846469
-0.445291
-2.275923
-2.006641
-1.024872
-0.344815
-0.292575
-2.179980
-0.362598
0.015605
-1.222977
1.443882
-0.511969
-1.224132
0.309166
-1.572685
-2.469673
-1.271839
0.248859
1.335119
-2.577015
-0.589927
-1.298558
-2.687020
-2.455543
-0.901339
-1.654703
0.292059
-0.760603
-1.835140
-3.025766
-0.947431
-4.279857
-2.968670
-0.568352
-0.173496
-1.858762
-1.807931
-2.244281
-1.458221
-0.531176
-1.896331
-0.550716
-2.700103
-1.059010
-2.910518
-1.563130
-1.146811
-3.573515
-4.549712
0.008815
-2.623499
-2.105066
-3.108181
-1.752520
-3.849539
-3.506505
-1.196681
-2.102902
-1.873773
-1.492272
-2.099693
-3.518245
-1.419317
-2.786554
-2.950555
-4.581198
-4.487134
-2.844202
-3.163783
-2.766195
-3.495395
-1.677795
-1.504677
-2.230688
-3.321452
-2.734031
-2.100973
-3.147806
-4.037332
-2.182630
-3.156854
-2.566657
-3.501960
-3.891761
-3.998126
-3.834608
-3.506879
-4.527047
-4.142772
-2.123259
-2.231281
-3.801701
-2.043647
-2.722693
-3.324075
-4.624162
-3.885066
-4.165665
-4.456454
-4.912597
-4.236025
-2.609908
-3.100870
-4.471708
-3.825762
-3.997572
-4.145000
-3.374174
-3.010391
-3.412169
-5.313113
-3.731071
-3.824936
-4.604779
-1.776746
-4.490048
-2.601393
-6.027905
-3.198753
-4.202511
-3.923444
-4.405712
-3.765298
-4.788529
-3.518476
-4.733300
-5.139379
-3.259550
-3.666026
-5.492879
-2.264113
-3.902047
-4.201812
-4.348370
-4.337353
-4.979299
-4.042570
-3.403101
-4.916186
-4.784788
-5.511128
-4.516720
-3.081856
-5.336552
-3.675886
-6.524026
-4.103809
-4.493548
-5.342369
-4.896415
-4.381573
-4.120753
-3.686013
-7.393074
-5.003834
-3.381877
-5.652616
-3.845559
-6.276420
-4.642315
-4.424096
-4.338525
-5.590203
-5.553268
-5.959314
-6.104640
-5.959708
-4.272502
-4.285995
-5.484156
-6.050370
-6.808315
-4.858077
-6.394356
-5.564536
-6.482157
-6.240203
-5.713548
-6.868795
-5.029237
-3.182440
-6.965130
-3.906663
-8.426685
-10.876653
-9.726235
-9.721571
-10.952496
-13.380436
-11.229913
-9.097310
-11.570513
-9.689456
-9.476671
-8.995518
-9.645517
-9.292890
-9.131581
-9.748638
-12.271013
-10.958098
-10.699750
-9.128519
-8.587438
-12.056266
-8.697387
-11.115544
-12.018378
-10.556770
-10.345377
-10.599651
-11.319611
-11.905011
-9.863079
-9.426772
-12.741619
-9.185896
-10.427149
-11.929508
-11.398570
-9.507353
-10.725008
-11.439392
-10.304699
-9.314328
-9.748940
-10.259548
-9.338826
-10.525193
-12.899326
-10.453636
-11.074041
-12.447056
-10.665000
-10.510966
-10.539678
-11.833269
-11.102944
-10.721302
-11.724335
-11.717352
-11.532479
-11.861850
-11.055472
-13.802709
-11.671001
-12.148273
-10.194912
-11.064652
-10.783275
-11.673294
-13.467860
-11.340887
-13.107763
-11.880595
-12.681390
-10.073639
-11.896630
-11.015511
-12.655455
-11.506151
-12.317502
-11.286665
-12.399728
-11.802919
-12.591613
-13.232285
-11.260632
-12.815247
-11.689730
-13.041604
-9.489513
-12.041099
-12.485285
-13.078076
-11.929482
-12.720266
-10.819048
-11.891884
-12.446736
-12.133068
-12.735435
-13.434167
-11.284470
-12.002794
-12.698103
-13.003769
-12.534891
-10.752357
-13.046205
-11.791622
-12.686046
-12.902509
-13.684324
-12.649520
-12.775554
-11.078052
-12.624872
-12.635452
-11.069785
-10.232457
-11.751633
-12.596981
-14.038719
-11.847025
-12.571644
-10.288144
-13.104084
-13.952079
-13.043174
-12.376752
-10.974092
-12.708338
-11.160232
-13.849429
-12.832844
-11.349878
-13.402017
-12.387153
-11.582635
-12.712222
-12.777001
-13.698617
-14.184929
-10.956267
-13.333624
-13.660250
-11.420294
-12.290600
-13.026953
-12.796416
-13.378581
-13.772362
-14.789681
-13.451657
-14.082049
-13.808682
-13.052357
-15.156551
-14.511092
-12.992474
-13.596595
-14.586608
-12.758417
-12.301092
-13.370017
-13.170069
-11.849416
-12.235385
-13.392368
-13.651325
-13.029941
-11.866306
-13.541785
-12.802429
-11.940023
-13.479276
-12.243506
-12.863399
-13.426548
-13.875715
-13.674825
-15.595785
-13.046338
-13.348616
-12.854298
-12.793262
-13.262054
-12.029699
-15.172560
-15.389451
-13.069114
-15.159680
-13.585772
-14.215442
-15.253735
-14.339253
-15.535850
-13.957260
-14.345594
-13.196865
-13.359242
-11.021203
-14.490853
-13.139275
-13.843491
-13.501863
-13.624607
-14.814009
-14.320899
-13.257107
-12.895184
-13.281076
-12.810408
-13.446749
-13.682156
-13.380817
-12.669726
-13.028540
-13.681356
-12.358258
-15.287858
-16.011923
-12.716062
-13.674895
-12.812403
-14.180327
-13.279674
-13.836336
-14.797856
-14.992049
-14.442885
-14.819913
-12.192787
-13.259847
-14.277898
-14.721586
-15.037166
-14.328205
-13.427848
-11.871489
-15.805968
-14.411737
-15.504660
-15.911095
-13.555096
-13.846711
-14.649162
-15.328713
-13.723318
-11.883309
-14.260737
-13.365621
-16.234426
-14.016013
-12.560827
-13.631171
-14.927437
-13.709170
-13.722873
-13.813505
-13.824640
-14.876102
-14.566896
-11.574852
-14.866922
-14.527477
-15.166030
-14.543244
-14.623457
-13.144252
-13.181382
-12.167710
-14.765938
-14.254167
-13.017224
-14.811849
-14.746114
-14.707609
-13.387268
-14.153919
-14.026190
-14.512631
-13.586230
-12.381233
-14.345080
-12.649723
-13.526608
-13.834194
-16.211907
-14.144258
-14.052442
-14.660728
-15.756800
-15.229892
-15.249998
-14.539426
-14.150197
-13.602754
-14.220691
-13.685263
-14.908958
-13.358776
-13.052023
-14.387873
-16.097896
-13.984531
-13.844952
-11.702559
-14.618751
-14.748625
-15.416964
-13.270031
-15.531836
-15.136135
-12.718168
-13.743987
-12.740284
-16.811142
-13.824928
-14.221085
-14.232206
-12.997810
-13.670770
-12.713717
-13.297836
-13.788730
-16.100051
-14.192040
-13.209770
-15.515538
-14.891255
-14.091659
-13.308925
-13.305579
-14.963923
-16.072704
-17.063220
-13.940018
-15.321698
-12.441448
-15.549276
-13.915870
-14.554209
-14.926193
-13.494229
-14.744082
-11.748857
-14.106814
-14.650536
-14.746521
-15.589948
-14.746175
-15.511685
-12.940136
-15.561259
-14.173394
-14.905869
-14.888144
-13.452923
-14.113656
-14.104963
-12.298699
-14.255820
-13.412094
-13.379232
-15.178037
-15.190391
-13.371501
-13.422382
-15.387072
-12.634542
-13.319165
-13.788631
-14.843849
-14.015135
-14.469432
-12.880619
-12.776457
-12.006661
-13.192805
-13.534158
-15.443870
-14.010935
-13.488563
-12.982819
-14.268387
-14.765008
-15.072916
-13.226496
-12.977469
-13.171121
-14.102142
-12.476561
-14.709571
-11.976726
-12.051305
-14.244639
-12.435590
-15.376535
-13.050211
-13.551595
-12.681411
-14.504386
-14.772438
-15.099430
-13.736984
-14.955049
-13.287073
-14.632553
-15.107594
-13.564133
-17.030236
-13.784230
-14.281416
-15.408943
-13.472843
-14.863995
-13.096008
-13.674727
-14.658170
-12.341911
-12.772788
-13.671036
-12.365195
-13.427867
-14.748415
-12.923679
-12.611294
-15.371895
-13.097836
-13.957191
-13.223215
-12.904450
-13.658993
-14.304069
-13.927976
-12.674135
-14.200337
-13.652797
-13.934184
-11.389138
-13.516925
-12.760183
-11.630174
-14.121968
-13.192147
-14.498765
-14.127414
-13.929763
-14.277696
-13.919513
-12.979852
-15.341643
-14.573455
-12.944160
-14.449387
-12.800019
-12.149997
-12.594218
-13.411866
-12.531297
-11.960677
-14.228172
-12.173964
-12.820592
-14.170015
-13.208853
-13.626512
-12.611231
-11.379057
-12.198042
-14.402036
-12.986562
-12.606334
-12.787897
-12.972262
-12.672960
-12.114343
-13.925964
-12.541218
-11.266414
-13.141950
-11.874979
-14.319668
-12.569029
-13.026933
-11.406465
-12.115084
-14.523435
-12.930112
-12.823688
-12.996791
-11.844457
-13.271331
-13.051140
-14.234847
-12.749576
-13.140833
-14.348066
-12.706568
-10.149866
-12.625073
-12.868850
-13.716058
-12.444771
-13.469308
-11.148475
-10.541973
-13.156303
-11.938205
-10.720370
-11.717961
-12.637189
-13.179682
-11.353087
-12.677071
-13.421431
-10.966961
-12.230378
-13.786072
-13.441400
-12.772306
-11.079321
-11.197477
-13.892176
-12.183938
-11.152349
-11.025260
-13.219292
-12.096301
-12.699998
-11.040025
-13.880279
-10.259546
-12.184170
-12.429595
-10.634388
-11.998120
-13.037810
-12.092037
-10.429606
-10.822045
-10.511309
-12.249683
-12.227471
-11.694369
-12.615052
-11.510221
-10.217132
-11.396760
-12.193787
-11.162345
-12.856021
-10.319073
-12.577835
-13.619749
-12.474115
-10.922563
-9.311352
-10.897304
-10.693082
-10.919239
-10.843563
-10.492086
-11.245980
-10.674659
-11.414879
-10.231139
-11.481838
-12.269173
-11.134574
-10.857015
-11.755225
-10.177487
-10.382203
-9.737641
-10.774587
-11.091367
-11.295133
-11.725266
-11.659816
-10.084411
-12.012267
-11.063886
-10.111376
-10.367211
-10.311232
-9.992259
-11.103059
-11.064675
-11.492764
-11.577618
-11.258503
-11.704098
-9.119050
-10.317771
-10.575295
-9.044580
-8.967975
-11.167650
-10.316844
-10.965652
-8.800310
-10.203615
-10.494100
-8.773530
-11.323939
-9.867350
-12.005426
-10.237262
-10.621697
-12.483730
-9.097310
-9.317986
-10.216825
-10.301285
-9.630062
-11.340548
-8.361550
-11.194913
-10.337054
-8.254555
-9.716751
-11.499010
-13.662835
-9.927794
-10.069797
-8.560965
-9.562285
-10.417984
-9.440419
-10.816568
-11.373335
-8.719470
-10.552812
-11.056773
-10.251633
-9.860669
-8.802701
-9.420891
-9.091715
-10.895369
-10.831698
-11.387260
-9.898729
-10.691464
-8.962330
-8.976269
-9.150480
-9.119356
-9.620910
-8.721206
-9.202319
-8.277359
-9.039434
-8.731650
-8.448985
-9.562560
-8.973927
-7.434505
-6.656909
-8.072558
-10.479928
-10.123011
-9.402504
-6.908367
-9.831144
-8.517408
-10.864484
-9.232683
-8.832567
-8.678209
-6.833991
-7.708699
-8.973866
-7.825489
-9.723413
-8.440765
-9.924095
-9.290083
-8.162688
-8.730973
-8.811892
-8.899690
-9.219023
-8.672667
-9.302670
-8.771323
-9.337628
-10.643859
-8.202615
-9.429134
-7.099141
-7.512148
-8.879892
-8.639000
-9.862961
-7.900692
-9.030109
-8.131151
-8.440309
-7.127107
-7.058138
-8.889604
-5.635524
-6.600030
-7.265299
-9.766020
-9.233260
-7.533801
-8.249595
-7.258152
-7.025570
-8.375694
-8.982845
-7.466204
-7.701573
-7.356325
-8.137645
-6.506172
-6.862784
-7.862805
-9.124700
-6.015379
-6.964174
-6.678513
-6.760850
-6.986009
-5.832379
-7.516289
-6.426326
-7.734469
-7.139415
-8.155588
-6.788852
-6.783933
-7.734470
-7.392641
-7.333971
-7.594256
-8.892779
-7.768155
-7.829845
-6.314687
-6.642587
-6.504590
-5.317945
-6.727590
-7.842180
-3.946948
-6.321529
-8.173432
-6.268726
-7.176655
-7.406663
-7.435013
-6.687744
-7.127763
-6.172469
-4.924497
-8.189740
-8.264065
-6.083838
-6.196121
-5.382010
-4.970636
-6.449150
-8.459775
-6.627172
-5.458084
-6.837486
-7.237903
-5.449526
-6.124037
-6.728502
-5.896510
-4.042429
-6.890053
-7.393265
-6.768210
-5.570303
-4.675242
-6.447334
-4.607116
-6.523661
-8.360966
-4.773493
-6.448748
-4.561375
-5.425587
-6.031321
-4.532802
-5.153651
-7.533792
-6.078226
-4.955608
-7.146529
-5.301812
-4.002408
-5.274621
-5.493651
-6.237321
-3.226055
-4.651870
-6.486595
-7.471929
-4.166795
-4.915433
-4.412009
-4.256406
-5.951282
-5.059567
-4.387250
-4.434574
-6.321597
-5.159355
-3.981731
-6.430431
-4.226890
-5.018613
-5.337244
-3.073898
-3.282188
-5.658564
-4.530208
-5.753027
-4.438369
-5.617952
-4.588088
-4.958675
-5.639151
-4.762324
-3.487329
-2.348969
-3.471243
-4.643717
-2.426821
-3.869703
-4.977636
-4.375490
-5.579552
-4.120164
-3.844319
-3.886261
-5.178801
-3.017228
-3.087742
-2.347068
-2.450803
-4.814611
-4.853188
-1.832596
-4.170292
-2.891577
-2.740069
-3.085058
-2.562222
-4.928155
-4.299763
-4.776580
-3.238600
-3.231420
-4.301474
-4.368049
-3.847053
-2.430005
-3.575319
-1.901967
-2.198885
-3.647390
-1.113006
-3.635021
-3.868710
-2.194823
-4.666189
-2.226951
-2.062222
-3.739184
-0.348914
-2.439675
-1.898922
-3.127438
-1.923874
-1.587966
-2.477288
-2.535727
-3.685231
-1.933127
-2.395407
-3.623288
-2.209185
-0.850919
-3.238022
-1.522718
-1.453425
-3.668084
-1.281484
-1.525213
-2.402115
-2.141849
-3.528825
-2.703247
-1.492336
-1.817200
-1.993124
-2.575919
-2.620740
-1.685133
-1.298103
-1.590291
-0.434526
-3.276639
-2.396959
-0.261256
-3.058941
-1.526341
-5.669433
-1.584149
-1.842161
-2.262298
0.197709
-2.067276
-2.388230
0.301443
-2.193811
-3.653899
-1.355700
-3.379791
-0.526082
-1.137350
-2.057163
-2.100854
-1.967519
-3.494597
-2.675394
-0.741537
-1.106300
0.759645
-0.321413
-1.921150
-2.243491
-1.075889
-2.022329
-2.226222
-1.375351
-1.642117
0.159996
-3.926089
0.435806
-0.446664
-1.580144
-2.825393
-2.365382
-0.980164
-1.577184
-0.787540
-0.193525
0.681070
-2.395854
-0.439339
-0.289643
-1.885167
-1.851787
-1.564924
-0.013265
-1.158842
0.066236
-2.081158
1.165522
-0.469640
-2.571459
-0.822570
0.645953
0.175480
0.725166
-0.504560
-0.347055
0.657726
-0.931110
-1.727970
-0.569200
-1.116220
-0.179643
-0.165072
-1.739544
-2.006356
0.432531
-2.048957
0.081297
-0.094512
-1.256681
-0.131735
-0.354758
0.230009
0.327941
-1.738190
1.534112
-1.189712
-1.334276
0.904068
1.475190
0.111299
1.502923
-2.542142
-0.906700
1.005669
-0.386283
1.033732
0.362134
1.428531
0.786064
-1.007577
0.186597
-0.051867
1.668792
0.644356
-1.426917
0.954843
1.625820
0.498316
-0.740548
-0.838898
-0.547272
1.439789
0.375617
0.948277
0.595976
1.488602
0.254121
0.630018
0.432227
-0.650839
1.578821
-0.562766
-0.463419
1.851143
3.128286
1.402147
1.153156
-0.152222
2.513464
1.475186
1.620336
1.942050
2.003653
1.213121
3.136807
1.530048
1.019046
1.021514
1.073090
2.276702
1.925115
1.251800
2.757870
0.310260
2.586591
1.263388
0.170322
1.442507
0.595006
2.563295
1.328778
1.634417
3.807115
2.133877
3.264181
2.448060
-0.387332
1.834304
2.720049
1.891858
2.236139
-0.115000
3.088238
1.060365
1.399797
3.063163
3.120677
2.375407
0.996456
0.868501
2.460138
3.147207
1.353333
1.807852
-0.113333
3.110925
-0.588199
1.268094
0.912295
1.652556
1.702709
1.715235
2.281300
2.212987
1.538706
2.516753
2.878513
2.781512
1.603726
2.180327
1.969121
3.240440
1.964864
1.891882
2.082223
3.101613
2.689647
2.095324
2.683599
3.524218
2.513730
1.306030
3.248201
3.557558
0.838099
2.933948
2.574282
2.384773
2.891157
2.694631
3.584611
3.284339
3.346344
3.101528
3.913573
2.037867
2.652693
2.465341
1.980092
2.584764
3.444098
2.498839
1.833369
3.296719
3.833813
2.859839
2.483502
3.162944
3.380322
4.177684
3.140268
1.268822
4.166179
2.583692
2.247551
2.157478
1.546142
3.400968
3.775564
3.615261
3.582301
3.624262
4.660840
3.394681
1.915580
1.092621
1.356082
4.311871
3.345108
2.247777
4.075422
3.287246
3.175034
2.584114
3.308435
3.526150
5.426560
2.969267
4.064486
4.480998
3.479398
4.727406
2.628289
4.930092
2.322468
4.214472
3.586244
2.288817
2.549773
3.710173
3.906750
2.109875
4.215682
4.644656
3.935462
3.080594
6.106417
3.706459
5.516519
4.289933
4.568136
4.407186
4.192681
2.857390
4.180377
4.623705
4.963532
4.258078
5.075910
5.656815
3.249617
3.221271
3.526786
4.367653
4.083059
3.815282
2.810610
3.716327
4.431270
3.639159
4.588755
5.089731
4.827735
4.823689
5.084082
2.346405
4.169002
3.198451
4.673936
4.611400
3.298096
4.376021
3.332538
6.896294
4.432866
2.733815
3.005422
4.056587
5.432672
3.377234
6.102749
4.457408
3.461953
3.043949
5.370473
4.194879
2.773616
1.848591
2.591836
4.639073
2.231663
4.269227
5.559806
3.722555
4.070927
4.888055
5.022726
4.060789
4.792135
4.650589
4.410698
3.303339
4.225397
2.745157
5.103792
5.415144
4.156968
2.042585
4.932833
4.456200
2.117990
3.684079
5.789823
3.728543
4.823158
3.903968
5.925142
5.302945
5.978212
4.818171
2.351215
4.155576
4.797522
6.561169
4.127001
4.000341
4.789117
4.703368
4.208624
3.845705
3.641917
5.026290
5.039164
4.153195
5.028723
4.829330
2.888585
4.670232
6.195485
4.879722
4.931106
4.121924
5.643964
6.371562
4.371323
5.850216
3.949643
3.626122
4.211733
3.150274
5.708364
4.288390
4.205159
4.520807
4.158150
5.786116
3.758222
3.352897
5.227957
3.612508
5.989330
4.016242
5.918146
5.888052
4.150390
5.238350
3.696383
5.854865
3.584493
5.470334
5.591608
3.977079
4.557779
4.517799
4.473137
4.400746
4.288796
5.368538
3.519725
2.851937
3.206672
5.862920
2.465523
6.343227
3.757265
3.416144
4.464421
5.787512
4.099537
5.343425
6.404249
5.652086
5.030986
5.403603
4.481800
4.627488
5.829902
5.136151
4.623356
6.327270
5.446327
5.264493
6.651596
3.968060
5.527643
3.424225
4.096369
5.684517
5.815547
4.568862
3.783797
5.672683
5.665978
3.551285
5.436343
6.498124
4.352075
3.295642
4.663464
4.273943
4.656958
5.638608
5.502438
5.666543
6.079933
4.277012
5.534133
2.867289
3.868857
5.685649
5.817067
4.385985
4.263419
4.700439
3.740386
3.685505
4.722283
3.595046
3.694817
5.585485
3.625058
3.406661
6.224277
4.102149
2.606668
4.993185
3.902995
3.816702
5.282423
6.089818
4.421043
6.434963
3.599359
4.269708
3.926606
5.118493
4.340292
5.018564
4.880285
4.745201
3.773601
5.547458
4.680961
5.417542
5.266604
3.113707
4.298316
4.197972
4.457772
5.221028
4.462896
3.042596
5.387562
3.795203
4.691127
6.419694
4.943221
5.059290
3.940085
3.967490
2.030769
2.350715
3.416149
3.484893
4.453289
3.695983
4.706050
6.699845
3.485635
5.100282
2.293736
3.741416
4.635132
2.525063
2.816440
3.909503
5.239324
3.504165
3.964474
6.391750
4.717443
3.334542
5.918006
4.581884
4.394048
3.767618
4.329136
5.661219
4.701614
5.203375
4.641117
2.843973
5.274021
3.767347
3.171369
4.359251
4.964803
6.070049
4.368910
4.257234
3.464883
6.075958
4.245224
2.552374
3.695188
4.190934
3.632742
4.285507
3.194127
4.892277
4.227803
4.595528
3.821761
2.761375
2.404354
3.574315
2.630614
4.495320
1.587609
3.767426
2.782580
3.072618
3.458656
2.835343
3.253867
4.415365
3.284917
2.045075
3.079392
1.304348
4.414369
3.401365
2.893363
4.677524
2.522120
4.090352
3.441597
2.427582
4.410158
3.683737
4.009517
1.913763
2.051744
5.042717
3.588384
3.567301
1.968292
3.086969
2.005481
3.843819
2.740123
3.949506
3.515779
3.597680
2.319525
2.027879
4.277346
2.172314
1.755229
4.623922
2.559399
4.437540
2.559247
1.517958
3.210085
2.336205
3.403101
3.800604
2.177567
2.609005
2.459300
2.655295
3.131559
2.207582
2.548823
2.742113
4.140511
4.337664
3.352740
2.910946
2.945212
4.190141
3.459835
1.497933
2.700579
0.731377
2.494495
1.748628
2.147005
3.385979
2.065244
1.756224
1.372501
1.441114
2.600496
3.547890
2.579284
2.463607
2.687650
2.460759
4.451017
3.643727
2.897329
0.932094
3.790488
3.358455
4.860963
1.871665
3.347255
1.558161
2.690211
1.530712
2.271344
2.088115
3.553509
2.696659
2.747673
2.969799
1.867459
1.284069
2.704934
2.249226
0.504146
0.625449
0.379463
2.952403
0.478338
1.123541
2.327347
0.745632
1.363975
2.820946
1.394963
1.411245
1.351840
1.206948
2.078296
-0.054401
1.262281
1.814216
0.697599
0.342794
1.542744
2.263001
1.704348
-0.169160
0.695144
1.992240
3.119113
2.652222
2.023217
2.106786
0.525284
0.729195
1.507700
0.646920
-1.639057
1.279512
0.847842
-0.437108
0.265960
1.218817
-1.128816
1.313103
0.562011
1.045402
2.253127
1.390317
1.307310
0.852913
2.057451
1.681277
2.639237
0.431267
-0.079628
0.609036
2.202854
0.803590
1.328765
0.137171
1.146669
-0.594358
0.820847
-0.294004
0.512114
-0.078108
0.533369
-2.256462
1.259852
1.460418
0.993769
-0.494343
0.115858
0.172120
0.880078
0.055218
-0.887677
-1.267917
-0.126567
0.516142
0.119402
-0.977557
0.248275
0.631138
-2.806319
-1.522260
0.082966
1.290479
-0.648789
-1.625993
0.707916
-0.641695
-0.588678
-1.473044
-0.918931
-0.853797
-0.672330
-0.122533
-1.078255
0.015700
-0.835161
-1.603914
-1.038427
-0.701080
-0.821996
-0.520956
0.294909
1.671202
-0.868189
-0.377412
-0.753681
-2.292565
0.060433
-1.658481
-1.054325
-0.966378
-0.888250
-0.641798
-1.007383
-1.279686
-0.604347
-0.165933
-1.506512
-0.731840
-2.240803
-1.539204
0.675273
-2.287348
1.712092
-1.677118
-1.620114
4.345754
4.244760
3.895080
4.112744
3.865508
5.008972
3.220589
3.311094
3.826075
3.080256
3.406787
2.551320
3.318561
2.750566
2.251044
4.942502
2.630117
3.377123
2.734189
1.596675
2.498629
4.128811
2.327928
3.067392
3.437088
2.147165
1.753553
2.801332
3.427059
4.089018
2.791299
2.306380
4.396919
3.921011
2.119840
3.245360
2.377556
2.658942
3.307172
3.375559
4.468314
1.702834
1.322328
1.237952
1.261217
0.457801
3.147273
3.198208
1.919996
1.627019
1.841646
2.697523
3.707018
2.517166
1.045392
1.389839
3.619588
0.681304
3.064637
3.724069
2.816653
1.414817
1.918699
2.457373
3.212092
1.096329
1.867971
0.684517
1.450900
3.649281
3.107944
1.640450
1.864955
1.966002
1.638871
0.502423
0.976720
1.700177
1.537918
0.955774
-0.690060
0.521438
0.304754
2.881350
1.712610
-0.393061
0.290823
1.638535
-0.914242
2.493757
1.438578
2.292974
0.879116
-0.243085
1.439423
0.258902
-0.160666
-0.559624
0.201847
-0.092512
1.014896
1.862399
1.138688
0.670288
0.860965
0.382628
-1.926937
-0.447677
-0.147523
0.000077
0.381076
1.403696
0.422966
0.401748
1.004404
-1.785425
-0.156712
1.314005
0.657660
-0.096942
0.131771
-0.471608
-0.678103
0.180014
-2.275896
-2.194025
1.283838
0.222783
1.016233
1.391740
0.783104
-0.410828
0.608725
-1.638702
-0.733131
1.693833
-0.947232
-1.419429
-0.084546
-0.333832
0.240497
0.002828
-0.817956
-1.084133
-1.331714
-2.196668
-0.788590
-1.306695
-0.250129
-0.440158
-0.213318
-0.830994
-1.821218
-1.130807
-2.594655
0.175849
-0.322377
-0.906225
0.512963
-0.979387
-2.289595
-0.768740
-1.829043
-2.626237
-0.737711
-1.898391
1.381812
-1.159507
-1.361937
-1.723440
-1.348672
-1.112186
-0.314713
-2.863758
-0.434470
-1.528192
-2.722377
-2.120083
-1.338038
-2.387390
-1.735791
-1.433593
-0.589888
-2.606679
-0.273386
-1.649536
-2.150269
-1.836166
-0.808377
-2.139742
-0.918100
-2.301472
-1.984324
-0.305912
-0.900379
-2.851759
-1.935568
-2.509182
-2.368050
-3.280948
-0.604081
-2.489844
-2.437807
-0.911239
-1.833342
-1.363307
-3.858708
-2.831319
-2.933296
-1.861629
-2.611679
-2.183512
-3.304786
-1.935729
-2.963596
-4.081163
-1.926002
-1.434935
-4.260000
-2.740150
-4.038967
-3.094481
-3.338525
-5.441608
-3.236079
-3.812021
-2.703877
-2.135122
-2.159742
-1.809100
-2.184189
-3.144359
-2.548387
-3.219540
-3.995213
-3.353091
-2.886340
-3.786113
-3.540788
-3.109435
-2.120369
-3.367075
-4.443417
-2.986171
-3.277647
-3.342504
-3.402842
-3.026027
-3.867449
-3.508210
-4.410361
-1.865788
-4.108918
-3.679488
-2.929976
-3.988447
-5.329518
-3.357099
-3.284183
-4.214199
-2.849228
-2.738389
-4.266583
-2.780133
-3.578095
-2.744487
-4.591060
-3.476346
-3.848899
-2.753705
-3.137178
-4.025257
-3.648994
-3.281510
-3.352088
-5.517584
-4.936857
-4.681239
-1.842035
-4.811664
-3.718574
-3.310087
-3.688535
-2.546670
-3.985123
-5.093834
-4.741781
-5.542272
-5.947586
-5.118952
-3.557891
-5.239811
-3.502992
-4.460541
-4.446105
-5.823811
-5.268125
-2.570642
-3.987074
-5.320643
-5.323008
-6.188294
-3.121344
-5.907240
-4.421049
-4.725548
-6.814627
-2.949034
-4.750647
-4.542880
-4.430377
-4.843455
-5.386866
-6.458510
-5.706596
-4.380470
-5.185834
-5.724142
-3.971768
-5.761816
-4.343925
-6.866452
-5.230833
-4.934056
-4.187629
-6.687135
-5.291978
-5.506179
-6.167258
-6.137514
-5.761512
-5.940729
-5.175580
-5.485158
-5.114003
-5.701016
-5.944216
-6.583436
-5.451396
-5.771172
-5.623231
-5.501302
-5.155584
-7.699661
-5.051354
-5.015124
-4.657842
-5.659967
-5.706929
-5.373735
-6.109086
-6.954877
-5.908285
-5.371869
-5.846523
-7.667356
-7.323561
-5.337824
-5.111687
-6.289205
-6.392498
-6.529998
-4.787121
-3.771868
-7.943859
-6.806575
-6.329843
-6.770066
-5.667630
-8.268546
-7.974538
-6.065825
-6.759702
-6.700870
-6.117700
-5.902630
-6.337071
-7.945376
-8.073313
-6.008440
-6.813226
-5.175693
-8.004849
-6.362860
-6.808652
-6.690287
-5.057489
-7.181941
-5.551317
-6.387417
-8.100679
-8.073919
-6.970103
-8.124638
-7.624788
-6.585484
-6.074257
-6.969796
-6.409736
-7.915474
-7.512066
-6.262499
-6.831022
-6.246478
-6.428897
-7.729563
-6.526623
-7.725932
-6.252337
-6.502223
-8.110247
-7.244493
-5.386710
-7.688901
-8.451813
-7.400435
-5.603897
-9.129055
-7.028287
-8.242833
-7.718101
-8.183694
-7.104069
-7.864832
-8.489832
-6.714494
-6.460589
-6.956684
-6.685718
-6.909466
-8.235271
-8.333396
-8.263710
-6.273630
-9.054350
-6.691080
-6.857462
-8.384043
-8.930769
-6.747234
-7.624537
-8.258890
-8.892794
-7.912959
-8.115187
-7.059992
-9.022002
-8.267887
-8.271824
-7.154226
-8.298396
-6.512123
-9.891365
-8.975459
-6.274477
-7.870590
-7.653098
-7.247493
-7.436001
-8.924439
-8.411237
-5.957952
-7.565535
-8.859036
-8.025871
-7.587588
-8.819615
-8.146300
-7.306605
-7.783856
-8.968861
-9.466428
-6.810854
-7.986503
-8.273924
-8.742587
-6.846058
-8.151200
-9.409353
-7.913638
-8.226639
-9.347469
-8.937954
-8.647439
-9.135801
-6.725164
-10.544123
-6.270332
-6.783252
-6.984582
-9.667861
-8.759248
-8.605645
-7.768966
-7.842520
-9.318269
-7.720012
-7.400196
-7.565843
-6.842272
-9.114263
-6.137392
-9.849759
-8.692576
-6.871922
-8.093801
-10.127342
-8.766230
-7.285730
-8.102422
-7.971240
-8.199422
-10.067346
-8.519207
-10.414021
-9.483368
-8.240700
-8.241665
-10.097510
-8.599817
-6.610149
-8.613863
-8.292424
-8.049114
-8.691906
-7.856185
-9.596411
-9.377047
-10.440914
-8.593352
-8.207648
-9.839771
-6.962823
-8.253946
-8.663399
-8.323145
-8.771299
-9.929067
-9.078086
-9.674615
-9.072598
-8.777867
-8.743886
-9.945662
-9.445010
-8.659496
-8.094302
-10.007283
-9.837322
-7.449210
-9.470534
-8.522228
-8.118181
-7.749021
-11.103164
-8.411356
-10.243683
-9.372172
-7.170382
-8.548766
-9.407418
-9.744595
-9.812472
-8.857073
-10.038630
-9.989353
-10.526665
-8.872355
-11.607473
-9.108369
-8.792903
-8.792655
-8.026197
-7.559172
-10.546523
-8.945068
-9.816752
-9.292335
-9.094699
-9.888975
-10.272679
-8.534072
-9.839133
-11.005940
-7.798062
-9.620632
-7.191166
-10.431653
-9.340425
-10.427931
-8.931638
-7.486448
-9.358953
-8.828355
-8.431303
-9.365489
-8.980397
-7.269732
-9.339594
-8.527535
-8.572229
-11.243617
-9.119090
-11.084145
-9.501480
-9.453091
-9.356175
-8.454805
-7.920261
-9.901022
-8.360114
-10.147211
-8.139952
-9.779311
-9.869520
-8.133814
-9.149354
-10.281951
-8.245714
-10.653534
-7.964873
-10.031191
-10.850770
-9.331139
-7.894418
-9.599768
-8.335101
-8.961219
-8.835923
-8.448109
-9.640730
-10.085459
-9.559592
-6.789706
-9.611421
-9.656583
-9.213688
-9.790232
-10.292459
-10.147701
-8.303658
-10.283150
-8.706760
-11.205399
-10.816504
-9.821754
-8.195132
-10.078996
-10.304683
-10.979013
-10.885372
-8.088029
-8.311855
-9.298255
-9.586556
-8.698225
-7.623043
-9.054108
-9.440416
-9.190527
-10.263134
-10.155352
-9.246750
-9.511186
-8.546813
-8.888066
-10.226060
-11.013832
-10.586087
-7.799805
-8.384352
-10.051377
-8.351974
-8.113839
-9.061959
-8.542954
-6.302302
-9.479474
-9.474621
-8.857537
-9.013236
-10.492336
-9.107745
-10.325121
-8.712978
-9.292846
-9.236048
-8.956593
-9.767144
-8.632588
-10.127432
-8.645024
-10.213701
-10.086692
-8.995944
-9.904830
-8.180476
-10.602421
-10.765467
-10.257995
-9.354826
-9.918930
-9.011784
-8.638431
-9.430837
-9.205237
-8.437546
-11.002853
-9.592935
-9.450576
-9.374984
-9.703768
-9.596735
-7.815020
-8.397682
-9.338189
-7.809522
-9.584686
-10.178917
-9.188431
-10.136183
-9.888617
-10.432816
-9.738601
-8.838837
-8.601974
-8.917750
-8.746347
-9.372212
-9.592304
-8.431435
-9.150036
-9.205522
-10.185859
-9.528983
-9.432397
-10.255072
-9.666015
-9.237855
-7.072146
-5.470719
-8.130152
-8.455964
-7.361501
-9.008900
-8.813520
-9.938898
-9.027037
-8.587177
-8.224028
-9.493775
-9.795908
-8.503202
-7.240383
-9.709387
-8.626795
-8.599366
-8.422638
-9.516657
-7.806967
-7.918964
-9.549004
-8.642230
-8.077591
-7.750310
-9.310363
-9.613579
-7.835427
-9.182406
-9.367878
-6.749692
-7.825479
-7.762657
-9.129801
-8.603671
-7.562246
-9.069504
-8.509100
-8.660571
-8.830709
-8.755766
-7.128124
-9.619679
-11.568252
-9.087459
-8.129521
-7.996552
-8.755939
-7.947554
-9.267195
-9.153317
-6.966143
-9.856376
-8.139626
-9.204062
-8.563117
-9.182519
-8.191032
-8.189049
-8.790239
-10.921989
-6.186971
-8.367440
-8.137926
-7.261225
-8.289158
-9.340294
-7.215294
-7.856057
-7.941306
-8.594539
-10.152726
-8.501965
-7.644811
-9.004428
-7.476101
-9.716366
-7.460029
-7.084462
-8.924402
-7.805578
-6.509384
-7.508768
-7.752111
-8.651299
-7.195065
-8.315095
-8.179304
-8.646873
-7.751696
-7.123216
-9.235571
-6.678018
-7.972326
-7.848293
-9.637153
-8.088967
-9.062106
-7.924972
-7.993138
-6.206679
-7.345098
-7.068155
-6.915287
-7.493041
-6.626188
-8.618046
-7.473395
-6.737427
-9.158000
-8.240093
-6.714483
-7.332645
-7.741880
-6.061172
-6.565601
-7.232769
-7.599888
-7.162055
-7.072197
-5.482677
-6.539556
-7.682682
-7.689416
-8.694682
-6.216042
-7.477075
-6.092206
-7.151712
-6.050545
-7.126250
-8.199490
-6.434807
-6.606854
-6.386667
-7.589511
-8.083177
-5.891584
-3.738264
-6.719592
-6.669563
-8.337241
-7.030542
-7.209747
-6.221966
-6.338853
-7.203904
-5.694379
-7.274433
-6.006731
-6.561153
-5.313327
-5.224549
-5.987018
-6.639141
-6.234499
-5.687170
-6.152265
-6.742039
-7.615559
-7.077418
-6.692654
-5.482159
-6.790435
-6.725110
-6.235173
-6.162229
-6.557101
-5.932702
-5.429215
-6.654106
-6.444124
-7.129158
-5.170819
-4.565220
-5.139964
-6.380018
-6.863778
-6.433750
-5.993693
-7.473678
-5.294389
-5.973235
-4.649662
-5.308531
-6.591835
-7.181216
-5.227726
-5.603356
-4.614501
-7.142986
-5.892622
-5.033524
-5.693991
-6.694914
-4.575313
-6.593059
-4.041564
-3.971751
-5.096856
-6.649989
-6.327452
-6.106945
-5.233675
-5.292505
-5.663564
-5.693679
-4.404650
-4.993871
-6.554637
-5.487117
-6.079364
-3.964574
-3.098893
-4.889315
-6.395285
-5.108358
-4.020241
-4.998222
-3.762600
-3.536594
-4.062865
-4.478988
-3.422989
-4.514989
-4.180933
-6.422824
-3.171057
-5.527971
-5.775121
-6.861916
-4.711603
-6.063551
-4.598897
-5.514598
-4.561614
-4.081342
-4.219631
-4.710440
-6.252763
-3.551218
-4.210106
-4.691619
-4.758093
-5.355619
-5.124151
-4.301856
-1.791259
-3.382279
-4.220138
-5.016810
-4.771911
-2.242261
-2.764174
-4.235477
-4.512924
-4.208584
-3.067218
-4.177406
-5.187513
-3.629889
-2.791865
-5.624927
-4.746360
-3.303981
-5.204862
-3.257201
-3.092260
-3.241858
-4.245304
-4.792436
-3.533937
-5.306816
-3.932995
-2.931650
-1.714950
-4.824384
-3.764109
-2.849997
-3.213806
-3.833066
-3.015070
-2.889834
-3.159585
-2.792195
-5.955170
-3.683234
-2.809079
-4.460237
-3.122172
-2.531472
-5.644798
-4.029634
-4.387007
-3.196768
-2.378612
-2.330508
-3.527902
-3.824923
-1.801963
-1.308423
-1.806044
-2.233262
-3.193875
-4.080722
-3.006445
-2.865085
-2.542008
-3.965761
-2.855603
-2.353570
-4.087362
-2.870776
-4.711207
-1.401270
-1.699973
-4.139874
-3.648432
-3.130818
-3.049186
-3.059920
-2.504533
-3.551820
-3.557572
-2.473671
-2.188923
-2.298048
-3.825887
-1.741798
-2.628795
-3.367083
-3.220487
-1.247540
-0.278911
-0.879032
-1.952567
-3.010743
-0.304937
-2.559720
-3.273578
-4.566649
-2.264188
-2.002360
-2.642276
-2.192094
-4.067131
0.726710
-0.911934
-2.781128
-0.651497
-2.252541
-2.151310
0.926747
-1.630580
-2.554343
-2.160228
-0.034038
-2.673536
-0.634697
-1.051504
-0.212948
-3.120916
-0.509963
-1.900159
-2.558270
-1.656872
-1.186781
-0.635128
-1.873006
-1.850763
-0.470665
-2.095121
0.459314
-0.643642
0.594058
-1.609743
-1.685023
-0.627927
-0.390659
-0.787969
1.902810
-1.074303
0.192497
-0.291008
-2.236580
0.453854
-0.571755
-1.697388
0.663624
-1.182469
0.737700
-0.643996
-0.602963
-0.105303
0.469212
-0.342309
0.989420
0.066883
-0.367995
-1.032053
-1.230215
0.971568
0.050224
0.815245
0.600637
-0.398142
-0.274847
