-0.006918
0.678730
0.310618
1.705888
0.473073
0.352524
-0.976166
1.014339
-0.864279
-1.093963
0.371326
0.605042
0.765060
0.233817
-0.183234
-0.699176
1.488309
-0.202013
0.690918
0.895359
1.267122
0.870511
2.185053
0.439797
0.634959
0.745805
1.372600
1.560387
0.512300
-0.435427
1.136988
-0.619703
1.254507
1.668672
3.044797
-0.227281
3.442985
1.558076
1.575342
0.878279
1.154841
-0.490429
1.472717
-1.303045
0.548329
2.110653
0.916270
1.635067
1.585940
2.698979
2.641806
1.708200
1.247961
1.200108
1.004905
0.288205
2.403577
1.339411
1.866208
-0.332086
0.518808
1.792927
2.163880
2.515754
2.954796
2.287923
1.162574
1.660142
2.771656
2.309913
1.485596
3.057749
2.819183
2.437820
3.189433
2.758793
1.711819
1.082955
2.514464
0.693228
1.487866
1.285912
1.130090
2.093565
1.178790
1.732636
1.749525
3.817076
3.193205
3.192530
2.064965
2.727922
3.355290
2.538136
2.963600
1.995626
3.444047
3.501169
2.748924
1.379276
3.217215
4.328142
3.028426
3.587385
2.713267
1.966562
3.361984
2.458841
1.810711
2.794585
3.924505
2.062981
1.760004
3.462523
4.838185
3.124101
4.605455
3.970190
1.184761
1.064592
3.600994
4.333034
2.389365
3.291818
2.071771
3.064186
2.577584
4.352500
2.964545
3.445973
4.060530
3.755029
6.311461
2.303027
4.715013
4.442200
4.001984
4.357956
5.401766
5.072621
4.715120
2.724352
4.457265
4.987016
5.193005
2.782391
6.622593
4.008691
3.651150
5.760808
3.941483
5.228139
4.774338
4.278710
4.518802
3.005559
3.475571
3.856535
5.610421
4.117872
2.228384
3.782541
4.916075
4.847728
5.581657
3.418657
4.979815
4.580748
5.761728
4.837369
6.711965
6.105528
4.987995
2.641937
3.846677
7.035725
4.028037
6.296917
5.295038
4.537238
3.908608
5.648634
4.040102
5.077704
5.937577
4.995843
5.810179
5.541146
4.554706
4.463175
4.984810
5.737082
5.260852
4.634361
5.305567
6.473398
5.614465
6.723095
4.827452
3.839911
4.026928
6.116988
4.766742
6.985065
5.089046
5.146191
4.805350
6.930207
4.981968
4.924734
5.223036
6.345642
7.175710
4.426557
6.633141
6.362705
6.768760
8.321632
5.339307
5.822235
4.093839
6.934757
7.422841
6.628505
7.203579
7.568889
8.691411
7.286509
7.134544
4.101690
4.806487
7.255433
7.838145
7.367440
8.136767
7.790528
5.733047
6.521783
6.714127
7.981063
6.947261
6.202300
6.946916
6.794464
6.525812
8.110859
4.966060
5.659240
7.661826
6.456536
7.037543
7.553353
7.392065
6.257840
5.422969
5.332852
6.417811
5.835116
6.187129
4.214511
6.123104
6.431311
7.045771
5.677399
5.961860
7.291885
7.905419
5.997069
7.853198
6.157402
7.269479
6.458549
6.419282
5.463063
5.835896
7.039678
7.182215
7.014351
6.534461
8.361583
8.858951
8.470693
6.514091
7.164372
6.540239
8.403228
9.093729
7.859167
6.472922
6.811596
7.473767
7.337356
6.274252
6.151981
8.936872
7.268048
8.582744
7.587398
7.652167
7.086628
5.206867
9.313306
6.404212
8.408943
8.517931
7.274500
8.308610
7.991670
7.235234
5.763051
8.762884
7.571829
7.993132
8.485577
8.161489
6.094864
7.436237
8.289547
7.288609
6.855443
8.061204
7.870393
7.818578
7.183260
7.533082
7.904024
8.183325
7.690687
7.841307
7.391526
7.691591
9.291880
9.486840
7.464511
8.313922
8.264023
7.743754
8.883676
9.524276
9.475951
8.290451
7.332609
8.908837
9.966360
6.902294
7.983155
7.289206
8.878423
7.431299
7.123135
9.291153
9.061937
9.214933
7.515651
7.820221
5.563447
7.266063
7.221631
10.903759
9.518169
8.453499
7.556408
9.337772
8.577902
8.004665
8.045029
8.951262
9.866276
8.967102
8.048289
7.930644
9.040581
7.535558
9.136663
8.510511
8.334889
9.393996
8.230723
8.115245
8.401952
9.993089
10.449684
9.154229
9.015988
8.831781
9.066206
10.145158
10.530566
7.636096
8.888354
8.604457
9.282585
8.374167
8.654294
10.418878
10.676063
9.687525
8.602398
8.077730
8.584556
8.325806
9.781665
7.452808
10.632788
6.937836
8.596188
8.810898
8.843905
7.586746
8.997037
9.199340
8.010601
9.057433
8.204263
10.043726
8.882617
8.245068
8.743997
9.512302
10.576074
9.157239
9.628102
9.774099
8.784353
8.560379
6.868713
9.116000
8.204949
9.176692
8.149846
9.344978
9.679750
7.331706
9.194972
9.140325
10.194331
10.550310
8.867753
9.313591
8.191708
8.244336
8.613585
8.057894
8.445984
10.091289
8.502431
9.352285
10.728559
9.069660
8.660983
9.392024
10.246809
8.016561
9.586494
6.625898
9.381241
9.956485
8.703112
9.141389
9.441665
12.394393
9.864471
8.841022
8.939988
9.654702
11.090112
11.901864
10.774914
10.973313
9.791255
10.038152
11.344653
9.473154
7.931648
10.791992
8.889447
6.962184
9.007715
8.765378
8.163510
9.008093
9.914885
9.122600
9.021921
7.733858
10.243545
9.145712
8.604109
9.585951
9.458467
11.072986
8.529568
8.742005
8.797159
8.811435
9.635521
10.070173
11.211214
10.417558
9.176463
10.042311
9.141663
9.928630
8.235892
9.131710
10.000610
9.977946
10.221922
10.782441
8.221015
8.945149
10.379248
9.818332
8.333292
8.890079
11.179421
10.866903
9.972199
9.391764
9.723562
8.147062
8.544930
10.088799
8.796936
9.566520
8.438119
9.630032
9.290085
9.687105
10.307334
9.265545
9.131415
10.150839
10.853618
11.545936
8.044191
9.987241
8.675633
8.596334
9.544953
8.826281
8.837763
9.003701
9.651311
11.296793
7.727205
9.337080
7.075667
10.813783
9.623759
8.363446
9.991727
9.700564
8.764550
10.275215
8.618882
9.585718
8.798886
9.854356
9.485180
9.186258
10.577674
9.335840
8.845530
8.848760
8.484281
7.917613
10.062687
10.582219
8.737813
8.266693
8.403473
9.632904
6.954969
10.046224
10.647075
9.056273
8.892119
8.778687
9.247547
10.866818
8.567909
8.924439
9.304108
7.148192
8.367174
9.160148
8.299379
8.322942
9.594012
9.488327
8.573453
9.454901
9.702300
10.837064
10.904366
9.596290
7.856973
7.549797
9.007570
8.337185
9.888713
11.232039
10.946212
10.087028
10.036622
7.638685
9.426166
9.843040
7.914298
7.814642
9.646169
9.194896
9.279674
11.644794
9.770037
9.161654
7.656460
8.507621
10.135873
8.030269
7.903896
9.825396
8.759101
8.427335
10.825502
6.727831
8.550514
9.421997
7.893196
8.676658
8.772374
8.713469
8.477015
8.621409
7.163787
7.479877
8.632555
7.465634
7.878613
9.291812
7.953159
9.542408
10.268961
8.738444
8.216030
9.204944
7.959161
6.946816
10.274348
10.022847
8.054253
7.841685
9.703240
9.457975
8.521745
9.983644
8.359537
7.632710
8.025902
9.751267
8.997495
8.331644
8.883765
9.301873
8.254712
8.445324
7.626715
7.169789
7.734042
9.562010
8.121152
8.752662
10.012203
7.386080
8.537331
7.505977
8.888435
7.697122
8.295549
9.076771
7.335435
8.876940
9.669003
7.993638
7.503780
7.624460
8.339713
8.205905
8.245964
6.812931
7.659173
7.004814
7.931478
7.178864
8.408627
8.045014
8.098786
6.927001
7.719616
7.819191
8.267250
7.232021
5.544880
7.217659
8.269327
9.841777
7.525571
7.238076
8.829318
6.010216
9.068055
8.140028
7.612276
6.406977
7.210966
7.902052
6.704505
7.366135
8.141720
6.613854
8.284428
7.089866
6.853146
8.348538
7.495613
7.060059
7.162111
7.988920
8.070651
7.071692
8.170120
6.505982
6.374564
6.546611
7.770532
7.373085
9.129435
6.560860
7.114384
6.342147
7.471738
7.374220
7.416231
7.399526
9.485007
5.842312
5.291920
9.473920
8.927895
6.221624
6.762168
7.714516
7.791416
5.050908
6.846302
6.258515
5.300094
7.351650
8.289708
8.452293
6.236515
7.164738
7.525031
7.504619
5.951327
6.396666
6.237252
6.485524
7.162114
7.190656
6.857847
7.866271
6.066812
8.590081
7.748843
5.368020
7.016440
5.854395
7.083373
4.261953
4.637718
5.818431
6.715280
6.023020
6.887241
5.575176
4.557976
5.210867
6.857601
5.789719
5.585158
5.843998
6.456763
6.793256
3.675795
5.139791
6.222280
7.258459
5.025409
6.817380
8.142667
6.190308
5.277754
4.553316
3.890065
5.665539
7.114187
5.001738
5.327463
5.874497
6.516552
5.895502
6.400431
5.958522
5.300819
5.890356
5.147878
6.342169
5.319345
5.694064
3.066422
6.483098
6.811023
6.815873
6.312244
4.765626
7.384446
4.506970
6.131477
5.451931
5.562624
6.092493
5.789959
4.886905
3.383112
3.607901
6.057640
2.188706
6.058980
4.400024
5.329568
4.987355
6.499080
5.801770
5.415966
3.895203
4.666941
3.570455
6.369849
5.495905
4.190080
5.060250
5.341521
2.917010
4.403606
4.482705
6.044942
5.159123
5.099608
5.199348
4.893998
4.058393
4.748858
4.739590
5.643569
5.464865
5.726655
2.888436
5.621166
4.457179
3.161963
2.863432
3.462441
5.313568
3.880677
3.087458
5.484521
5.762687
3.472236
4.933806
2.831762
4.256500
3.230004
3.781493
3.210112
3.038910
3.451363
6.764200
4.299102
2.135561
3.460996
5.008284
3.767749
3.800373
3.130875
3.513868
3.902998
2.548167
4.003174
3.941007
3.226651
3.882000
3.406159
3.717479
3.963707
3.381112
3.888637
3.533802
3.764645
4.765153
0.944660
2.309955
2.624799
3.552739
4.956154
5.083738
2.653715
3.382275
1.727602
3.151350
3.260428
2.335899
2.019421
2.629853
1.352221
3.697276
2.357809
4.117458
3.270482
3.508667
2.578323
3.659663
3.473690
2.578718
1.753859
2.538194
3.050686
1.989053
1.590731
3.164747
2.173874
0.907646
3.430227
1.539990
2.009694
3.503284
1.889520
3.411883
1.954487
1.828608
2.149826
0.562911
1.222952
0.305022
2.079890
2.123057
2.734573
2.829644
0.935625
1.041260
2.272457
3.870524
2.337913
1.433563
2.328674
1.764849
3.817095
1.003414
4.549583
0.630163
0.937344
0.928215
0.171184
2.521189
3.299886
0.832615
0.480695
1.611834
0.844512
1.743187
0.879716
1.130189
0.075828
3.451353
1.346276
-0.224929
0.004845
0.764091
0.676594
0.245786
0.590117
0.303793
1.618129
0.933677
-0.464493
0.693864
1.120709
0.404945
-0.103248
1.657562
-1.048834
1.210443
-0.086170
0.719551
0.371424
1.968829
-1.058159
0.476383
-0.629283
0.772358
-0.064552
-1.486376
0.104782
-0.647774
0.103766
1.655230
-0.056219
-0.204214
-0.501733
-1.067475
-1.263323
-0.223699
1.005574
-3.584086
0.188279
-1.221843
0.274156
0.426507
-0.709313
-0.229983
-1.868022
-0.434047
-0.576679
-1.342872
0.106658
0.392862
-0.660894
0.301354
0.340682
-0.168811
-2.034434
-0.306337
-0.579246
-1.893153
-0.309290
0.787838
0.147329
-1.899363
-0.626990
-0.613419
0.438290
0.039832
-0.690824
-1.669535
-1.929548
0.013442
-0.629517
-0.963613
-1.126466
-1.642353
-0.252115
-1.124429
-1.519937
-0.838700
-0.349632
-1.695489
-1.611400
-0.754091
-1.130290
-2.356821
-1.978086
0.174004
-1.628833
-0.657317
-2.004545
-1.004439
-0.996088
-2.174370
-2.467280
-0.997679
-1.361219
-1.773398
-1.731316
-2.091631
-2.690076
-2.257503
-1.280358
-1.664877
-1.834355
0.313881
1.588927
-3.900053
-2.080759
-1.754882
-2.565062
-2.531072
-2.834899
-0.328663
-1.509383
0.625339
0.444356
-0.681278
-0.604837
-3.439080
-0.945712
-3.683942
-2.498572
-3.982126
-3.329377
-1.217711
-2.809848
-3.871512
-1.886364
-3.434310
-1.222783
-2.456648
-2.548261
-2.431744
-2.237813
-3.083147
-2.401991
-2.722922
-1.596893
-4.244239
-2.951803
-3.488524
-2.627559
-4.844500
-2.130166
-2.768202
-3.079220
-3.424009
-2.070010
-2.263550
-3.768124
-3.822270
-5.324870
-4.167944
-2.901965
-4.538983
-2.965665
-4.602405
-2.960340
-3.539385
-4.621697
-3.705503
-4.593751
-4.126090
-3.749800
-4.658534
-1.219270
-2.719927
-4.912226
-2.778770
-4.343261
-3.601235
-3.826220
-2.289111
-3.110775
-5.645138
-3.754113
-4.042672
-3.540403
-2.476663
-4.997399
-3.904440
-4.362994
-3.709521
-3.533833
-5.508392
-2.501992
-4.030602
-3.763669
-2.746923
-3.743256
-3.789700
-4.279372
-2.623012
-3.781755
-3.707898
-5.544639
-2.172018
-4.678267
-3.659438
-2.739516
-5.285791
-6.544886
-3.439381
-6.266160
-6.236255
-3.449828
-3.136639
-2.707526
-4.968511
-4.579028
-4.992053
-5.495257
-4.664501
-4.257932
-4.994708
-5.222916
-4.118427
-5.686730
-5.046757
-5.741473
-5.016783
-4.154826
-5.073759
-3.736804
-3.433257
-5.653428
-4.419824
-5.683437
-5.240744
-4.131262
-5.211661
-4.135912
-5.474604
-4.018851
-5.225083
-3.689627
-5.993974
-4.825181
-4.064422
-5.384013
-5.058595
-6.080151
-11.376325
-9.083997
-8.901079
-9.309419
-9.317555
-11.184894
-11.753580
-9.962867
-10.965448
-11.871336
-10.703290
-10.060808
-11.044659
-10.697258
-11.536979
-10.468339
-9.232625
-9.686234
-9.802438
-9.615240
-10.934934
-10.612395
-10.603833
-10.954539
-8.139252
-10.435120
-12.447538
-8.616274
-9.331339
-10.580366
-10.323133
-11.305745
-11.427610
-10.215185
-10.538423
-8.895628
-10.507771
-10.767671
-12.031139
-11.776456
-11.995977
-11.006020
-11.884802
-10.242875
-11.832480
-11.834386
-10.439770
-10.238623
-12.583970
-10.831544
-10.543168
-12.295049
-12.615684
-10.563149
-12.093039
-12.608346
-11.009796
-12.230601
-10.633555
-10.237360
-12.903465
-12.028246
-14.038677
-11.811892
-11.411044
-13.604073
-10.854010
-11.320162
-11.829807
-9.059885
-12.713436
-12.341536
-11.987603
-12.921902
-11.446669
-11.127154
-12.994460
-10.334385
-11.788830
-12.084233
-11.710589
-11.773224
-11.204315
-12.176648
-12.858418
-12.110384
-10.513983
-11.095258
-11.485516
-12.020796
-13.769822
-12.646406
-14.218097
-12.323163
-12.840337
-11.105361
-13.185960
-13.715810
-12.887776
-11.227602
-11.675542
-12.946517
-11.164798
-11.414029
-10.345595
-14.514713
-12.069261
-11.811238
-13.453053
-10.855382
-11.982650
-12.328828
-12.130919
-11.583043
-11.503249
-12.696702
-12.257853
-12.291389
-12.144060
-11.025519
-14.339141
-12.479433
-13.561126
-11.521417
-13.092797
-12.502703
-13.313838
-11.790147
-9.893085
-12.337280
-13.336629
-14.060711
-13.875651
-13.275543
-11.861286
-11.243881
-14.001221
-13.588592
-12.041138
-15.279335
-12.257126
-12.723029
-12.290915
-14.776932
-11.111943
-12.551973
-12.379376
-12.666655
-13.475217
-14.254180
-13.784880
-12.661916
-13.450843
-12.727949
-13.508614
-13.484307
-11.397310
-14.076755
-13.196855
-12.660596
-13.700438
-14.756119
-13.272852
-13.906657
-12.392059
-13.973358
-14.085417
-14.276905
-10.763293
-12.136296
-13.115518
-13.480881
-13.016297
-11.803202
-12.382247
-12.305956
-14.636751
-14.012023
-13.144157
-13.040749
-13.352815
-14.472565
-15.516836
-14.411871
-12.777701
-13.624811
-14.862655
-14.799857
-13.428810
-13.566829
-13.406336
-13.876662
-12.355825
-13.344044
-14.800012
-14.949274
-14.009625
-13.868946
-15.576267
-13.608401
-12.269746
-14.779494
-11.439722
-11.372561
-14.647216
-14.097194
-14.952777
-14.066407
-16.192187
-15.686897
-13.884541
-13.223383
-11.828260
-13.730280
-13.814501
-12.217286
-13.247774
-14.457690
-15.159070
-13.619541
-13.284793
-14.285141
-12.753016
-13.326594
-15.083693
-12.570004
-15.299502
-13.147804
-13.162221
-15.663190
-14.447105
-13.876953
-14.086020
-14.436374
-13.232364
-13.587802
-14.771693
-14.919175
-14.455280
-13.859549
-13.832676
-11.655008
-15.898615
-15.631925
-10.386643
-13.196983
-13.237237
-12.849308
-15.870334
-14.118855
-15.195611
-14.328909
-13.437483
-14.012362
-14.606848
-15.054996
-13.895083
-14.121221
-13.652611
-14.082980
-14.212422
-13.272624
-13.246274
-13.508196
-13.703277
-14.004075
-15.209333
-12.604015
-12.698614
-12.139046
-14.800257
-14.675596
-14.663524
-14.729397
-14.634120
-14.603480
-13.040514
-15.523032
-14.512844
-13.318777
-13.209549
-14.763913
-14.775588
-13.835015
-14.597434
-13.309935
-15.308370
-14.588576
-11.975652
-16.150897
-13.573185
-13.769516
-13.522253
-14.799855
-14.235047
-14.907436
-14.581641
-14.589456
-14.364202
-14.686689
-14.117222
-14.714357
-12.883996
-14.943727
-14.896573
-13.481752
-13.890482
-13.958242
-15.455902
-14.231560
-14.710600
-14.569455
-13.927450
-14.589705
-13.741784
-13.992764
-16.707330
-14.181304
-14.140311
-13.840722
-14.136558
-15.351777
-15.026529
-13.910106
-14.283402
-15.558500
-14.830574
-14.357011
-13.651385
-12.722655
-13.140680
-14.427756
-12.975139
-14.925462
-13.399548
-12.157641
-14.744515
-12.437805
-13.398383
-14.395446
-13.359890
-13.152265
-14.979518
-12.972654
-13.149679
-14.398453
-13.708606
-14.688258
-12.819832
-14.352353
-14.782952
-16.273052
-14.166544
-14.924673
-13.364298
-13.618027
-13.406860
-13.723473
-15.513423
-14.607144
-13.439939
-14.191030
-13.075619
-14.656188
-14.225438
-14.353988
-15.744640
-13.968090
-13.372070
-12.824170
-13.143466
-14.357596
-12.278573
-13.657590
-14.311647
-13.541525
-15.515064
-14.303381
-11.836176
-15.191342
-14.329157
-14.305789
-15.030809
-15.521672
-15.888998
-14.299591
-10.990084
-13.130161
-13.805067
-13.598143
-13.952760
-14.056568
-13.573282
-12.021766
-14.007270
-13.769970
-14.066541
-14.804987
-14.403690
-14.367823
-15.568310
-12.148154
-14.700451
-13.477835
-13.949623
-12.548261
-14.530029
-14.142002
-11.899740
-12.606888
-14.602423
-15.073452
-13.483396
-13.293659
-13.922190
-12.131246
-12.697894
-13.909188
-12.897805
-15.464394
-12.562338
-14.104111
-14.608869
-13.077191
-13.191673
-15.438350
-12.695823
-13.713053
-14.985031
-14.828087
-12.300071
-14.174138
-15.207675
-14.131046
-13.745974
-12.959823
-12.024140
-12.746168
-14.394100
-12.075962
-13.276913
-11.915050
-14.109573
-13.395593
-13.581927
-13.087113
-14.375605
-15.218146
-13.417532
-13.871330
-12.418406
-12.516115
-13.293263
-12.403672
-11.619003
-14.241899
-13.504241
-11.368852
-13.037767
-13.565988
-13.604172
-13.426728
-12.834103
-12.994888
-12.388866
-13.060216
-13.968992
-12.708382
-12.666910
-11.695617
-12.023851
-13.582248
-13.255508
-13.165300
-13.309854
-11.421344
-11.740610
-12.854715
-11.085844
-12.527022
-14.769717
-13.358801
-12.286140
-13.994031
-12.277259
-14.250201
-12.983482
-13.635461
-11.418556
-12.177940
-13.400328
-12.503382
-14.055201
-12.533427
-14.510702
-11.832301
-12.771467
-13.534166
-12.831684
-12.820318
-12.957798
-12.576214
-10.938719
-9.871574
-13.003052
-11.768878
-11.743675
-13.041358
-13.199056
-11.279766
-14.000313
-12.746999
-13.094341
-12.946791
-13.090128
-12.841247
-13.084429
-12.403015
-14.177081
-11.795842
-10.727590
-10.669593
-12.420430
-12.837387
-11.751519
-10.659118
-13.193508
-12.507186
-12.084592
-12.364081
-11.285099
-10.081805
-12.426619
-11.363229
-13.540013
-13.133932
-10.893325
-9.801629
-10.865213
-12.029306
-11.634857
-11.964855
-11.694545
-10.621703
-12.233340
-13.371856
-12.503245
-11.021789
-12.549208
-11.363770
-11.432974
-12.311531
-10.987358
-12.381126
-12.677102
-13.581855
-11.239845
-11.671067
-13.224503
-13.235754
-12.042109
-12.552864
-10.518323
-11.872663
-11.489573
-11.402607
-11.827783
-11.696943
-10.316694
-13.228365
-12.234564
-10.976206
-10.719762
-10.834334
-9.652325
-12.286103
-10.724474
-12.276044
-12.745052
-10.477607
-11.716002
-11.106539
-10.685774
-11.355854
-10.357662
-10.606900
-12.001081
-10.867560
-10.117059
-11.208685
-11.626001
-12.014907
-10.775845
-9.808739
-9.988141
-10.418241
-10.625146
-9.056984
-9.773563
-10.185423
-10.855235
-12.976628
-9.290314
-8.651103
-10.872124
-10.074087
-11.079843
-10.681489
-10.656688
-10.526220
-10.121601
-9.139935
-10.084316
-10.396290
-9.279443
-12.157963
-10.648843
-11.840880
-9.511123
-11.081893
-11.505063
-7.998410
-8.548014
-8.721706
-10.398302
-10.032990
-10.925121
-10.027184
-10.994983
-9.589684
-10.263811
-10.044843
-9.133872
-7.346459
-8.221138
-11.261256
-10.985170
-8.124430
-10.233009
-7.487271
-9.102656
-10.214593
-8.849672
-7.872766
-10.207855
-9.468507
-10.111826
-10.069397
-10.080624
-9.608823
-8.735093
-9.466592
-11.565160
-8.578301
-9.737977
-8.204081
-10.742687
-9.813390
-8.547606
-8.510509
-8.483451
-9.572754
-9.394958
-9.409952
-10.625577
-7.937130
-8.037674
-10.105128
-9.027060
-6.562093
-8.919915
-9.087211
-7.422222
-9.067859
-8.195976
-8.378382
-7.720077
-8.208779
-8.307560
-8.884118
-9.442399
-8.405057
-11.258702
-6.769321
-8.117227
-8.042501
-8.367695
-9.177271
-7.546077
-8.241077
-7.980765
-10.153450
-7.787764
-9.415203
-9.038524
-9.603271
-8.169191
-5.974296
-6.496229
-8.047187
-7.697706
-7.830860
-5.799285
-7.809781
-7.550202
-6.932630
-7.574330
-6.974101
-8.133262
-9.152205
-8.824755
-8.374180
-10.693611
-6.576171
-9.558686
-6.550916
-8.043743
-6.932354
-6.363439
-6.642933
-6.543250
-7.252356
-7.156894
-8.158264
-7.028141
-8.508312
-7.019480
-7.633198
-7.147586
-7.107488
-7.747588
-8.405959
-6.279863
-8.064231
-6.323408
-7.854791
-8.518670
-5.863156
-8.273491
-6.863075
-7.588421
-6.289207
-8.384300
-6.543517
-8.462121
-8.822276
-7.260596
-7.303460
-7.198246
-6.742982
-8.159709
-5.601702
-6.476992
-6.946378
-5.451186
-7.125082
-6.789579
-6.460512
-5.441989
-6.220399
-5.772350
-6.073317
-5.512634
-7.295643
-6.127204
-6.029229
-5.712007
-4.758933
-6.413793
-6.059980
-6.940142
-6.828974
-6.226064
-5.017373
-5.138287
-7.095303
-6.906997
-5.083749
-5.462512
-5.852455
-5.580473
-5.276733
-7.822727
-4.974386
-6.725880
-5.747922
-5.393638
-4.544969
-6.333251
-6.416929
-5.861583
-6.209458
-6.556311
-6.362763
-3.889362
-3.962988
-6.191362
-4.662978
-4.014173
-5.433570
-6.339504
-4.974773
-4.456294
-3.259992
-5.656898
-4.527128
-4.293542
-5.042807
-3.813687
-4.771648
-4.514042
-5.713119
-5.782973
-4.976623
-4.083683
-5.098679
-5.938785
-4.459134
-6.902584
-4.156977
-3.331594
-6.040782
-3.200159
-4.387234
-5.004795
-4.775442
-3.690181
-4.357841
-5.127604
-5.110855
-5.875352
-4.473967
-4.772960
-4.455084
-3.237854
-3.744562
-3.999467
-5.603142
-4.029545
-5.166724
-2.957254
-4.379588
-4.525297
-3.655537
-5.718854
-4.683731
-4.998986
-4.510988
-4.578380
-4.874912
-3.664700
-2.923921
-5.598705
-5.352314
-4.366698
-3.874575
-4.783277
-4.734827
-4.157895
-4.408575
-3.180589
-4.653871
-2.481727
-4.268527
-2.575866
-1.938677
-4.131613
-2.749701
-4.352583
-3.745676
-3.214416
-2.649631
-4.079695
-4.254780
-2.972807
-4.361727
-4.575616
-2.757272
-5.426525
-3.326874
-3.711710
-2.800757
-2.814452
-2.598394
-3.558330
-1.612775
-1.872080
-2.218463
-0.869578
-3.508350
-2.572102
-2.179566
-1.903187
-3.580085
-3.815003
-3.941952
-3.116131
-3.016129
-1.982572
-2.161161
-3.713105
-2.536371
-2.146337
-3.090367
-2.320285
-1.989208
-2.553458
-1.730146
-4.878838
-2.739231
-2.483355
-1.313886
-4.456803
-0.825195
-1.716354
-1.094184
-3.045439
-1.977761
-1.511368
-1.576654
-0.736991
0.660100
-1.127514
-1.902300
-2.255751
0.560340
-2.561496
-2.592186
0.196993
-2.174676
-1.196892
-2.183235
-1.983028
-2.945500
0.208493
-3.111041
-1.836788
-1.023289
-2.029048
0.221638
-0.857617
-2.932335
-2.434161
-0.357657
-1.580262
-1.888434
-3.121746
-1.735510
-0.507446
-0.309419
-0.975404
-0.895965
-1.298745
-0.835376
0.853877
-2.384560
-0.745184
0.662506
0.289211
-1.553906
-1.363443
-0.641246
-0.623348
2.874002
-0.744857
-0.775711
-2.305214
0.314392
-0.953389
-1.028115
-2.574192
-1.443412
-0.970084
-2.947128
-1.875597
0.929712
-1.822808
0.231376
-1.034775
-0.752050
-0.011198
0.082462
-1.802593
1.646576
2.018797
0.061379
-1.392671
-0.153735
0.677217
-0.315437
1.617732
1.445020
-1.044917
-0.332655
-0.320894
2.649433
0.109953
0.008463
1.373440
0.778140
0.597462
-0.585993
1.030936
0.131709
2.134515
-1.044212
-0.620903
2.865573
-0.397824
1.820448
1.693130
-1.544205
0.420743
1.483811
-1.092296
1.946003
-0.030645
1.477748
1.244484
-0.315134
0.194877
0.663237
1.616403
0.964799
2.561418
-0.134634
-0.317462
0.831028
0.305050
1.506703
1.662037
0.929023
0.403361
0.276057
-0.388298
1.728030
2.025801
0.934336
2.306370
2.956713
1.390692
0.246276
1.893998
2.045996
1.453231
1.221683
1.828608
3.294004
1.742649
0.489487
1.189271
1.040318
1.929573
1.702090
0.020951
0.869341
2.308987
0.395450
1.650111
2.155193
1.116991
1.521893
1.746750
2.796654
2.672145
0.621707
1.373122
2.020876
1.087248
1.690123
1.826821
1.765126
2.582435
2.039351
-0.937290
0.561680
2.712724
1.781069
1.227866
0.752085
1.368348
2.892710
1.437152
4.435814
3.664102
3.177075
1.125163
2.850773
1.969472
2.070870
2.095032
-0.231195
2.096046
2.047273
1.707590
0.745922
3.203370
3.051122
1.857062
3.737003
3.676854
2.690449
3.307475
1.126759
3.520830
4.283292
2.686742
0.831511
1.152127
2.727036
2.729851
1.372280
2.431845
3.097523
3.081236
2.776140
3.720065
5.108338
1.147625
4.155576
3.910272
3.057241
3.613008
2.995040
2.564684
2.022406
3.770690
2.375069
4.652414
2.786975
2.473043
3.218306
1.215123
3.499237
3.895099
1.954805
2.557100
2.721931
0.602491
2.480180
3.073364
3.769140
1.592208
1.595954
4.192264
1.711800
4.498838
3.330034
3.291435
3.790298
5.428336
3.338689
2.521605
4.170202
1.876511
0.911431
2.663000
2.547026
4.047620
2.559103
3.242737
5.001611
3.937896
4.333936
2.645013
3.436883
2.359904
4.854347
3.001391
2.964352
2.942393
4.960071
4.778081
4.087547
4.145558
4.463778
3.568197
4.985335
2.763012
2.830191
3.960725
2.441090
5.013898
3.342741
2.125390
3.235701
3.346064
3.779955
2.768694
3.500926
6.973912
2.098520
2.997661
3.995252
4.612791
3.393143
5.602153
3.360976
2.107172
3.148846
3.906587
3.977725
5.618842
3.795770
1.464574
1.819569
3.963228
4.686525
5.329028
3.562978
5.972750
3.546963
4.018483
4.959953
3.597029
2.918028
5.634953
2.740445
3.779441
4.678710
3.624712
4.248639
4.250363
3.054490
3.038420
3.323265
3.872847
5.286827
1.941127
2.766178
4.107198
4.331864
4.479737
3.501542
5.340745
4.078471
5.027982
5.225873
3.363165
3.984938
5.102097
5.583782
4.819500
3.829084
6.356855
6.370472
3.436651
2.452595
5.394260
4.197924
3.343349
3.604078
5.166080
5.445768
5.174176
3.877490
3.120292
4.771429
4.293796
4.226773
2.906823
2.349851
4.794566
5.569884
3.956763
4.483644
4.798349
4.794183
5.847165
3.441474
5.066566
5.001814
4.075233
5.953020
3.952139
2.641501
4.032233
5.125795
3.856442
3.982968
6.071560
4.638211
5.774171
6.382802
3.562458
5.742210
4.817226
4.687766
4.188049
3.276748
4.316966
3.333557
5.063338
4.474177
4.648515
3.669544
3.727450
5.249317
5.395213
5.418821
5.776725
5.040775
4.585607
5.189058
5.622011
7.719017
1.966789
5.009025
4.567341
4.732026
3.579044
4.117020
4.167312
5.066850
4.590492
7.018469
4.201901
4.820335
5.056848
3.863404
4.097916
3.371894
2.131975
3.535684
3.599097
5.023108
4.431026
6.500914
5.378508
3.380824
3.056030
4.204620
5.022690
4.941107
5.736841
6.305364
6.915413
4.542128
4.615440
3.376307
4.797604
5.261228
5.132378
2.770268
2.503724
4.290408
3.396984
2.758494
4.517682
4.496633
3.838946
4.714176
5.059836
5.296604
4.538439
5.027594
7.236646
3.596486
4.429932
3.890225
5.687377
5.957018
5.949451
2.556950
4.622500
4.406819
3.643944
6.550120
3.527479
5.247321
5.836836
3.027222
4.807458
5.838584
3.560359
5.704723
4.704713
4.791171
4.963645
5.784736
6.085106
4.356138
3.947740
5.352019
3.863749
5.653947
3.590860
3.115774
4.741122
4.865684
4.361541
6.338747
5.111455
4.252434
4.145234
6.237170
2.796974
3.994604
3.447449
4.794433
6.234379
5.251462
4.298769
5.202162
4.998098
4.813712
2.573035
6.006079
5.841669
4.397304
5.294312
3.449882
3.596572
2.669827
3.578875
3.747023
5.395521
3.996004
4.516541
6.029264
4.231829
4.550210
4.009568
6.183445
4.435459
4.876148
4.716480
3.549513
4.960685
4.785288
4.777650
3.734466
4.966768
5.301104
4.721104
4.285383
3.561971
5.848724
5.241693
4.584153
4.881078
4.767357
4.463641
2.589192
3.623773
5.018401
4.072288
3.464332
4.676671
3.363897
3.220396
4.332448
2.112166
4.003020
3.969031
4.112846
4.590055
4.997077
2.357011
2.315323
5.433023
4.365049
3.810822
5.077084
1.606756
4.846490
3.246347
3.806003
3.922163
4.911720
3.194525
4.058591
3.453708
4.842412
2.696424
2.468769
4.135678
3.995701
3.109381
4.751653
3.491127
5.116899
3.812034
3.252444
4.771123
3.514092
2.101546
2.862472
3.759170
4.240934
4.051184
2.584810
1.374163
3.736342
4.686106
2.816643
2.637565
2.838951
4.555205
2.554814
4.303763
2.639156
3.203934
3.319545
4.858556
2.723465
3.704322
4.750420
2.756622
1.942094
1.675206
2.024775
3.337809
2.177842
2.352442
3.179037
2.895149
2.384702
3.357102
1.776264
3.452540
3.909154
2.534135
0.673214
1.832353
3.158985
2.819206
3.288508
3.287964
1.781621
2.320165
2.961936
1.227124
0.680522
3.843284
2.060159
3.107837
2.940107
2.385813
3.421435
3.277735
2.666728
3.054260
2.754387
4.949030
2.394337
1.972105
3.588417
3.162218
1.537413
3.158598
2.867189
2.083527
2.793253
1.036127
2.223444
1.855633
1.969276
2.425418
0.678392
0.788860
3.119906
1.889129
2.553034
2.579368
1.521519
2.610785
1.676640
2.069437
2.566237
2.251140
1.564039
4.229616
1.931774
-0.080263
4.100621
0.846646
0.723733
0.959219
1.162850
1.776143
-0.128056
2.047064
3.897988
0.902223
3.117646
2.249784
1.866421
1.321345
2.186377
2.082977
3.116641
0.050523
1.244716
1.696097
0.451324
4.245510
1.680985
-0.040013
0.980259
2.829836
2.086750
1.759998
0.968145
1.638679
1.982275
1.763658
1.265706
1.656499
2.962601
4.725822
1.886113
0.360180
-0.392345
2.182920
1.058236
2.137075
0.068454
0.462912
2.612639
0.671230
1.952781
2.798751
1.446565
-1.116209
1.645063
0.042575
1.402324
-0.503630
1.177957
1.182570
1.536623
0.068705
0.243199
1.074640
0.248256
1.818544
0.091862
0.611389
-0.642392
1.251635
0.946875
-0.581748
1.583150
0.564127
0.506160
-1.123408
1.970712
0.263215
0.180413
2.443413
0.067239
-0.027816
-0.552596
-0.288726
-0.558439
-0.168685
1.066648
-0.277029
1.000440
-1.431502
-0.843123
-0.656641
-0.146305
0.774794
-2.026211
-0.657660
-0.468167
-0.651379
1.239826
1.487897
-0.895629
0.041393
0.537619
1.198200
1.263102
2.903499
-0.610625
0.321231
-0.788448
-0.116422
1.045335
-1.086464
-2.259083
0.215674
-0.375881
0.382795
-0.658170
-0.199734
-0.892315
-2.499992
-1.493137
-0.724747
-2.347137
0.463955
-0.435108
-0.709545
-0.476650
-1.356338
-0.700964
0.221791
-1.363257
-0.988687
0.347795
-0.100645
-1.951950
-1.275188
-1.336887
-1.374163
-1.685700
-0.732090
-1.855430
-0.786068
0.006430
-0.953362
-0.431035
-2.705392
-0.210025
-1.659026
-0.845297
-0.622109
2.577615
4.851303
3.074485
4.256711
1.885594
4.247369
3.098273
2.786585
3.212983
2.040470
3.262730
1.941953
2.521552
2.248777
4.096704
3.281901
2.755139
4.593954
4.123746
2.989000
3.728160
2.157090
1.885406
3.908908
3.067376
1.856115
2.085219
3.379460
2.396163
1.177922
2.211143
2.874124
2.485205
2.984527
2.756370
2.009114
1.163733
2.215933
0.835926
1.880803
0.498016
2.305473
2.986247
3.040883
2.215849
1.361263
3.287256
2.881208
0.868791
1.111162
2.177679
4.149651
3.866308
2.009687
0.178147
2.228264
0.821729
2.117567
0.938352
2.228646
1.704910
2.489070
3.609492
0.876937
2.481391
1.155436
1.502646
1.965346
3.199512
-0.552821
1.516582
1.874015
1.594181
1.859420
0.179359
0.614261
2.339548
4.072027
1.491899
1.704347
0.235636
2.502347
2.075689
1.278381
0.867430
1.021439
0.762334
1.167834
-0.140468
1.618438
0.253116
0.582823
0.931907
2.848994
0.238093
-0.350858
0.687847
1.583704
-1.390022
1.854558
-0.276480
-0.133800
1.397695
2.036959
0.596386
-0.738074
2.211572
1.021098
0.370435
-0.146541
0.381558
-1.382515
0.364712
0.551232
0.139142
0.323634
-1.624262
-0.958399
-1.262794
1.499610
-0.265688
-1.956267
1.229095
0.124034
-0.404092
1.130820
1.234055
-1.832207
0.149283
-1.010624
-0.295537
-0.441994
0.121332
-1.152047
-0.855072
0.833737
-0.172722
-0.964890
-2.089394
-1.443043
1.619725
-0.347810
-0.918321
-1.285800
-0.986355
-1.966592
-0.690281
-0.515632
-1.472890
-1.977873
-0.396212
-0.732393
0.439159
-0.316257
-2.679511
-1.229089
-1.221271
-0.980897
0.056927
1.147992
-1.021272
0.372830
-1.163731
-1.479223
-1.006787
-0.775154
-0.949339
-0.857885
-1.900522
-1.190599
-0.194433
0.919058
-2.320035
-1.022826
0.879496
-2.517561
-0.375622
-2.364865
-1.788959
-2.554114
-3.498839
-2.298665
-3.115531
-2.031177
-2.380826
-1.363099
-3.212203
-3.006150
-3.229091
-0.925782
-2.813428
-1.589860
-1.840267
-2.315127
-2.090676
-1.706548
-1.404311
-1.819680
-3.432656
-1.636612
-2.270947
-0.426954
-4.105015
-3.062384
-2.475090
-3.317766
-2.963807
-1.394507
-1.396378
-3.887594
-2.397559
-3.022704
-3.316962
-2.984949
-3.334172
-3.563269
-1.529801
-2.191525
-2.568758
-2.227670
-2.852036
-3.024984
-2.561800
-2.089003
-2.704869
-1.819909
-3.724268
-2.860412
-3.259207
-3.176970
-3.507169
-4.564741
-3.715354
-0.830617
-3.112730
-2.750679
-2.792252
-2.160548
-4.001883
-2.965313
-2.886981
-2.558375
-3.422721
-4.267521
-4.761960
-2.341948
-4.541275
-6.315710
-3.489578
-3.787201
-2.079010
-4.145705
-3.234894
-4.976465
-4.965573
-1.393135
-2.405313
-3.419673
-2.841224
-2.479676
-3.457699
-5.426182
-2.522415
-4.420497
-3.247492
-1.977103
-4.362738
-4.153083
-2.197971
-5.969063
-2.935592
-4.367251
-2.009446
-4.295928
-5.118038
-3.294904
-2.620891
-5.895996
-5.212029
-3.276079
-4.951125
-2.745564
-5.896973
-3.415054
-6.429956
-4.203435
-3.321649
-4.142742
-6.441248
-4.054723
-4.705513
-3.737639
-4.054332
-5.758722
-5.294529
-3.752633
-3.945343
-4.678064
-5.105588
-5.246150
-7.477016
-3.865212
-5.843660
-4.300127
-5.371504
-5.638579
-4.062364
-4.161165
-5.192557
-5.227683
-6.022621
-7.329214
-6.042024
-4.097294
-4.407531
-6.011022
-4.886865
-3.227417
-6.403777
-6.631003
-7.089383
-6.963539
-4.960443
-3.482717
-5.773361
-4.599742
-6.395392
-6.916949
-5.585303
-5.454148
-6.655642
-6.012791
-5.627908
-6.085170
-6.289643
-7.291367
-5.892739
-4.545642
-8.085462
-5.986879
-5.961883
-5.620134
-7.307256
-4.730013
-6.895005
-5.708340
-5.156347
-6.960581
-5.790161
-6.265245
-5.129155
-5.137555
-5.584419
-6.512773
-5.460973
-6.842874
-5.483198
-5.371897
-7.580272
-6.953243
-5.398555
-8.245377
-4.026795
-7.523596
-4.462556
-5.553278
-9.050722
-7.063056
-8.143544
-6.761672
-5.971039
-6.667357
-7.565941
-4.735317
-6.219976
-5.294878
-5.212552
-7.626146
-5.960398
-5.242962
-5.233504
-6.642959
-6.712141
-6.261801
-7.415718
-5.702462
-5.708896
-5.089919
-5.770587
-7.188858
-7.854082
-6.709000
-5.104085
-7.574268
-8.461421
-5.097291
-8.042151
-6.998794
-6.907627
-6.311842
-8.886881
-7.077867
-6.058591
-4.860855
-4.642686
-7.792075
-7.959456
-8.031059
-7.668160
-8.310456
-6.598312
-6.319633
-8.523213
-7.714789
-6.495016
-6.473056
-7.305450
-6.428098
-7.385496
-7.505440
-7.028248
-7.299973
-7.083650
-7.397269
-8.253638
-6.708787
-6.446752
-8.029878
-6.416309
-6.615169
-7.422000
-10.050429
-7.427688
-7.601887
-8.944944
-7.196419
-7.222818
-4.916631
-8.821150
-7.439953
-6.777007
-8.360271
-7.858403
-7.021509
-7.457966
-7.907792
-9.230612
-10.805369
-8.125104
-8.338005
-8.360033
-7.976428
-7.510363
-8.225625
-8.112199
-6.405240
-9.019332
-7.328971
-7.166506
-6.995976
-8.131669
-7.682849
-8.798777
-5.964548
-8.691280
-9.836418
-9.533944
-8.106433
-5.691647
-7.274329
-8.678282
-8.337657
-8.294815
-7.261325
-8.860062
-7.366061
-10.193821
-10.305738
-8.909861
-7.472699
-9.484653
-8.139531
-7.990322
-7.951919
-9.286353
-8.173496
-9.508406
-9.423241
-8.191031
-7.225628
-8.454732
-7.573991
-8.918570
-8.418813
-8.479147
-10.142370
-10.187564
-9.488516
-7.534523
-7.772219
-8.601642
-8.694130
-7.146549
-7.697275
-9.496576
-8.448906
-7.969982
-10.144331
-10.289863
-8.393751
-8.897764
-8.719900
-8.989385
-9.568979
-9.305019
-8.793670
-8.219810
-10.505175
-8.268569
-8.388802
-9.973046
-8.549408
-8.507134
-8.211947
-9.138090
-7.747617
-9.373096
-9.249736
-8.103648
-10.033734
-7.250797
-8.524187
-9.759314
-9.851443
-8.688876
-10.344021
-9.654991
-7.851446
-10.648999
-9.374997
-10.251620
-9.059431
-8.339957
-9.468627
-9.847124
-9.729984
-8.552293
-7.773811
-6.363585
-10.477933
-8.549819
-7.554609
-8.080075
-9.023818
-11.380355
-8.894023
-9.710524
-9.963292
-9.276670
-9.629442
-10.243852
-9.035994
-9.469671
-8.159533
-7.565508
-9.623901
-10.218286
-9.957780
-8.285669
-9.104304
-9.121214
-10.105712
-8.142298
-8.853127
-7.907082
-9.183856
-8.428187
-9.152912
-9.949698
-8.613057
-9.683287
-9.333799
-7.453825
-7.860751
-9.071824
-9.856191
-9.121595
-8.963008
-10.785804
-8.485856
-8.956596
-8.710848
-10.240150
-10.496701
-9.334461
-9.485634
-9.525767
-12.426480
-9.569836
-9.511800
-10.233772
-9.247848
-9.092128
-8.997479
-8.016464
-9.245156
-7.864573
-8.016557
-9.968467
-8.542559
-11.147714
-8.754463
-10.041981
-8.728766
-10.346071
-8.053666
-10.001813
-10.345540
-8.506987
-8.601491
-9.426449
-9.064463
-10.207171
-11.233315
-8.715082
-7.283967
-9.377132
-9.422055
-9.657210
-9.656634
-8.547756
-9.989334
-10.484081
-9.561281
-10.047071
-9.023409
-10.178007
-11.025849
-9.765148
-9.283537
-7.258045
-9.942469
-9.913082
-8.594389
-8.463248
-10.972362
-10.011773
-7.823405
-9.229991
-9.605513
-7.566963
-10.544643
-8.806435
-8.054927
-10.191035
-10.240945
-9.631246
-9.936814
-9.138146
-9.621606
-9.552436
-8.395664
-7.944956
-9.459748
-8.678772
-9.294256
-10.021939
-9.389661
-8.408051
-10.142021
-10.881461
-8.781583
-9.987778
-7.547585
-9.716319
-9.510672
-11.385820
-11.184845
-8.960004
-8.621870
-9.017694
-6.878623
-10.007402
-8.559766
-10.777689
-7.872395
-10.541548
-10.131312
-8.862570
-9.537501
-9.089236
-9.691521
-11.961800
-11.167376
-9.338528
-7.470329
-8.255901
-10.451870
-9.732814
-10.890976
-9.415380
-11.430819
-9.906459
-9.870440
-8.483118
-9.850470
-11.646709
-8.018326
-9.721145
-7.819794
-8.184119
-9.235752
-8.420673
-9.972347
-9.411497
-10.120456
-10.712569
-7.359209
-8.451811
-7.920901
-7.272603
-8.223480
-9.313834
-10.236746
-8.033855
-9.776713
-8.387935
-7.957689
-8.719220
-8.496312
-10.985448
-8.986133
-10.806472
-7.670863
-10.989420
-9.146033
-9.457561
-6.960498
-8.889174
-9.159781
-8.052553
-8.209880
-7.581434
-8.990786
-9.247025
-9.315466
-8.500147
-8.978232
-7.224797
-9.389597
-10.710925
-7.933769
-8.337143
-10.157449
-7.995640
-7.750636
-8.885301
-7.857968
-9.772105
-8.125728
-10.395739
-7.510700
-9.062917
-8.568372
-7.863524
-7.786408
-7.404544
-9.094729
-9.558772
-8.224481
-9.786243
-8.467566
-6.544138
-9.556087
-9.477144
-8.031701
-7.360800
-9.711553
-8.155117
-7.157899
-7.328489
-7.468801
-8.474869
-7.759434
-10.249463
-7.359255
-8.276711
-8.997456
-9.500248
-8.778709
-7.477280
-5.770057
-9.330080
-9.526755
-7.885726
-9.080954
-8.803723
-9.659805
-9.462818
-7.073160
-7.725186
-7.511684
-7.053143
-7.215318
-7.573947
-9.410985
-7.913963
-7.430237
-8.306845
-6.906139
-7.795407
-7.968910
-6.630592
-7.086094
-7.587794
-7.338009
-8.538102
-7.982443
-7.342323
-6.988915
-8.534263
-9.142296
-9.997839
-5.958848
-7.738588
-7.973792
-8.525530
-8.326508
-5.971800
-9.610917
-8.528997
-8.762670
-9.116630
-8.119603
-8.095936
-7.402906
-8.020969
-7.120738
-6.144415
-7.514904
-8.181954
-8.259647
-8.825526
-6.012030
-8.795261
-7.111779
-5.687373
-6.182300
-6.289738
-7.758929
-5.800459
-7.458095
-8.222769
-7.043154
-6.895335
-8.685384
-8.626344
-6.883798
-8.520256
-7.461515
-7.861814
-8.540016
-6.310763
-7.538654
-8.808577
-8.788423
-6.667239
-6.366686
-6.429093
-7.826016
-7.508285
-8.307893
-6.278627
-6.856855
-6.607686
-7.524412
-7.181826
-7.244756
-6.778383
-5.581420
-5.723123
-7.511964
-6.610583
-8.368141
-7.282970
-5.612807
-5.079635
-6.110582
-5.455143
-4.599465
-6.059865
-5.842479
-6.632692
-6.355777
-6.615860
-7.022090
-4.839887
-6.843092
-7.725877
-4.608722
-7.206290
-5.937214
-8.495935
-7.637894
-6.255269
-5.934853
-5.536316
-4.911508
-6.026616
-6.735074
-4.817565
-6.349010
-5.875823
-7.414935
-5.442115
-5.864899
-8.002560
-5.359015
-6.917964
-4.769773
-5.594155
-6.718471
-7.250714
-6.565716
-4.849011
-5.878529
-6.743839
-2.540264
-5.358207
-5.828154
-5.744782
-6.477780
-5.401116
-6.511545
-5.640066
-7.033815
-6.116662
-5.115090
-6.811964
-5.989147
-6.645591
-5.064477
-6.674690
-4.919898
-6.045515
-4.276285
-6.522978
-5.744196
-3.643140
-5.234025
-4.896695
-4.123541
-5.778809
-3.215567
-5.991142
-6.581471
-5.156487
-5.106790
-4.727778
-3.896382
-5.501587
-6.279338
-5.482057
-5.212653
-3.114576
-4.666469
-3.594969
-4.354881
-4.830724
-3.535539
-5.832771
-4.647613
-3.737595
-3.118576
-4.589212
-3.677093
-4.087152
-2.143308
-5.830259
-3.043123
-4.524058
-3.518102
-4.630482
-4.319751
-3.450785
-3.347863
-4.054943
-4.518792
-2.354135
-4.733786
-4.730783
-6.212882
-4.160598
-4.797948
-4.418498
-5.175665
-5.262127
-3.045516
-4.602530
-5.212956
-2.655301
-3.784211
-4.984154
-3.978824
-4.824786
-3.594142
-3.393419
-3.543845
-4.349582
-4.926085
-4.979880
-2.271219
-4.374043
-2.060258
-2.245045
-4.873706
-3.352889
-3.532477
-6.616616
-5.170495
-4.131541
-3.063918
-2.773547
-3.678620
-4.056581
-2.754455
-2.451278
-3.271922
-3.124029
-3.260760
-3.357841
-2.122983
-2.536012
-2.928163
-3.401178
-4.841088
-3.036494
-3.306357
-2.422377
-4.273483
-4.134098
-4.062699
-3.494593
-1.317848
-3.410449
-3.088903
-2.733404
-2.463653
-4.448183
-2.945972
-1.595780
-2.908939
-2.991000
-2.242045
-2.263327
-2.984367
-2.264187
-3.092258
-1.854332
-1.859495
-1.180759
-2.957789
-3.372479
-2.290833
-1.453063
-2.363205
-0.087373
-4.347705
-2.463693
-3.284167
-0.918224
-2.719600
-3.142695
-2.425661
-2.395944
-0.455576
-1.189874
-1.111976
-2.412223
-0.614382
-2.316995
-3.428135
0.735239
-2.781744
-1.313372
-2.319569
-1.195447
-1.056829
-2.734451
-1.968057
-0.495922
-1.208014
-1.783502
-1.125901
-0.364866
-2.188087
-1.810739
-2.098298
-1.292056
-1.734386
-2.268858
-2.505392
-0.827331
-1.568340
-1.627199
-0.344585
-1.360204
-1.742254
1.422280
-1.803755
-1.592937
-0.091638
-2.913879
-1.244513
0.108774
-0.608012
-1.794200
-0.167443
-0.795180
-0.644315
-0.592199
-3.055845
-1.724699
-0.213524
0.732365
-1.386001
-0.163221
-2.354115
-0.073427
-1.476942
-2.673189
-1.140780
-1.673141
-0.329897
-0.402577
-1.805152
0.164499
-0.025575
-1.668305
0.919352
-0.403553
-2.182525
-1.402090
0.273930
-1.191181
0.073187
-0.787095
