-0.017733
0.024435
0.025956
0.014330
0.066368
0.135032
0.182704
0.235976
0.278853
0.317709
0.326623
0.319812
0.369193
0.398791
0.427762
0.453147
0.513150
0.587283
0.587956
0.567659
0.611534
0.665109
0.672023
0.670423
0.679929
0.804292
0.771512
0.726867
0.773357
0.836425
0.868857
0.905672
0.939689
0.971326
1.001244
1.029018
1.071365
1.118727
0.950505
1.217872
1.208567
1.262834
1.269439
1.256256
1.287279
1.322791
1.356746
1.396824
1.431205
1.465866
1.513819
1.534732
1.544375
1.537959
1.574086
1.537546
1.624308
1.733986
1.753210
1.757740
1.785629
1.806993
1.811421
1.808060
1.829449
1.855927
1.873139
1.891413
1.932096
1.981831
2.011044
2.038139
2.074410
2.111420
2.123566
2.126452
2.174404
2.198053
2.235043
2.271093
2.279332
2.332743
2.360992
2.396758
2.409990
2.414490
2.440331
2.468775
2.442311
2.448465
3.045938
2.685298
2.744583
2.669131
2.711476
2.732372
2.758119
2.788353
2.833764
2.888251
2.901360
2.902723
2.915384
2.922967
2.993857
3.090499
3.082348
3.048378
3.112116
3.169197
3.181204
3.233251
3.251590
3.269577
3.289282
3.305984
3.330867
3.358004
3.378605
3.398347
3.147687
3.346571
3.449513
3.465567
3.520864
3.541982
3.566524
3.580661
3.613631
3.650101
3.675015
3.698648
3.730013
3.762844
3.793922
3.825760
3.851737
3.875390
3.900069
3.923475
4.007986
4.118008
4.106373
4.061399
4.085016
4.109312
4.145790
4.195034
4.208475
4.213954
4.234287
4.253419
4.276388
4.301998
4.326220
4.351496
4.404444
4.469512
4.456367
4.426846
4.449972
4.479543
4.562645
4.591509
4.413035
4.601302
4.556172
4.561637
4.579027
4.600486
4.696620
4.679327
4.725846
4.754273
4.788584
4.823676
4.847957
4.868627
4.890619
4.910337
4.944498
4.983879
5.025694
5.072520
5.029081
5.010158
5.079083
5.187316
5.205346
5.212718
5.258694
5.306549
5.289120
5.248882
5.299698
5.371656
5.377496
5.374751
5.397555
5.413077
5.436831
5.463381
5.377038
5.553850
5.563267
5.612820
5.622944
5.617374
5.639408
5.661657
5.678310
5.695604
5.720840
5.749165
5.788131
5.833914
5.789201
5.826058
5.850106
5.897346
5.921869
5.946238
5.982682
6.021785
6.030384
6.028527
6.054202
6.083463
6.102976
6.122937
6.114658
6.156172
6.188539
6.237358
6.263953
6.287832
6.393675
6.296471
6.321438
6.311917
6.351972
6.409897
6.461123
6.523123
6.490351
6.468942
6.461368
6.454971
6.496729
6.560994
6.560898
6.695579
6.651856
6.606081
6.661400
6.739883
6.736447
6.719714
6.729362
6.735329
6.758761
6.790693
6.823339
6.861622
6.860055
6.906439
6.892877
6.936954
6.908933
6.870897
6.933586
7.026807
6.997429
6.940858
7.017983
7.062974
7.077615
7.078440
7.101894
7.125289
7.143761
7.162506
7.181582
7.200405
7.220202
7.240328
7.259139
7.277648
7.299892
7.323445
7.298317
7.340122
7.363300
7.404764
7.304121
7.415349
7.437408
7.505764
7.529915
7.640424
7.563306
7.518195
7.524642
7.548157
7.489517
7.562942
7.565222
7.590419
7.605791
7.620188
7.641171
7.663459
7.688570
7.716192
7.745095
7.776019
7.734264
7.662667
7.739767
7.858457
7.851160
7.825491
7.843267
7.857578
7.878801
7.905941
7.929543
7.955143
7.943569
7.916739
7.975743
8.060183
8.061725
8.049003
8.081613
8.118048
8.101911
8.234663
8.180148
8.110155
8.204175
8.162222
8.173763
8.161714
8.215265
8.291339
8.222985
8.268005
8.523447
8.288647
8.314983
8.263209
8.287814
8.335967
8.393958
8.475257
8.255837
8.355737
8.400041
8.538483
8.426416
8.291976
8.594489
8.449850
8.499861
8.469423
8.499456
8.538131
8.457974
8.553781
8.546745
8.565826
8.572338
8.589261
8.582832
8.570015
8.633977
8.662990
8.661167
8.637977
8.700803
8.786950
8.758479
8.701275
8.774694
8.820894
8.794002
8.708271
8.735934
8.776534
8.781373
8.789066
8.729149
8.638013
8.725162
8.872967
8.845316
8.790312
8.833694
8.887542
8.895081
8.898240
8.969836
8.903370
8.900567
8.867402
8.905426
8.966254
8.987434
9.009969
9.062022
9.050209
9.061050
9.054728
9.043163
9.023722
9.035026
9.055166
9.063864
9.075090
9.089777
9.105911
9.047510
9.122519
9.067877
9.064286
9.086601
9.130135
9.112452
9.081407
9.121851
9.162024
9.147469
9.117071
9.121667
9.085187
9.110267
9.145997
9.172976
9.207740
9.200793
9.178819
9.166633
9.147154
9.193936
9.266530
9.221139
9.144659
9.234980
9.222340
9.250059
9.264366
9.264769
9.257245
9.229450
9.187843
9.317337
9.247885
9.287848
9.299257
9.315268
9.331441
9.349355
9.368573
9.357773
9.334996
9.419442
9.412069
9.368799
9.278580
9.307819
9.362087
9.406579
9.471291
9.419987
9.327759
9.391764
9.490783
9.453617
9.391458
9.391386
9.391599
9.425348
9.480074
9.457615
9.415696
9.409173
9.381033
9.386327
9.399464
9.405456
9.415623
9.380816
9.328073
9.346958
9.383154
9.392241
9.405490
9.438396
9.478746
9.458399
9.417795
9.387670
9.346083
9.364194
9.403444
9.428339
9.463354
9.439223
9.393148
9.433208
9.493372
9.456132
9.395989
9.436346
9.366655
9.404552
9.447298
9.438514
9.421468
9.419187
9.413862
9.410982
9.409279
9.444309
9.418249
9.449042
9.479289
9.444189
9.387048
9.366017
9.343103
9.263095
9.439014
9.446864
9.497086
9.432282
9.455636
9.421615
9.392314
9.386183
9.386048
9.383626
9.385493
9.378337
9.369109
9.362379
9.354785
9.358678
9.341482
9.337108
9.329523
9.325664
9.323243
9.320299
9.318201
9.314596
9.310691
9.310197
9.310855
9.291698
9.292655
9.268891
9.241935
9.293729
9.228842
9.299472
9.256055
9.265986
9.259524
9.237559
9.206964
9.234565
9.281243
9.320288
9.371189
9.313259
9.257705
9.225044
9.191714
9.246832
9.341695
9.306673
9.244376
9.252478
9.263999
9.255351
9.247178
9.227368
9.200693
9.164472
9.119739
9.099936
8.969818
9.064248
9.205168
9.158729
9.078131
9.053859
9.017706
9.025236
9.051750
9.063960
9.083605
9.048699
8.992551
9.004618
9.078659
9.083419
9.094965
9.008298
8.875686
9.258285
8.865574
8.747680
8.969761
8.971930
9.068944
8.992352
8.863050
8.872580
8.898099
8.900206
8.914546
8.883590
8.836615
8.819561
8.802936
8.798774
8.803284
8.807938
8.818037
8.770507
8.701023
8.727607
8.778677
8.758308
8.729189
8.724282
8.718013
8.727177
8.689231
8.679943
8.662406
8.647879
8.633802
8.617437
8.600629
8.605883
8.620073
8.632013
8.649519
8.629168
8.574301
8.587665
8.521256
8.491988
8.448365
8.580913
8.501718
8.445521
8.428885
8.328456
8.408128
8.390209
8.406291
8.381841
8.345745
8.346438
8.353035
8.347359
8.343123
8.322787
8.313862
8.292802
8.270222
8.254543
8.239803
8.221004
8.201650
8.166202
8.123216
8.099532
8.078825
7.939696
8.086751
8.059166
8.078843
8.059731
8.027770
8.000820
7.965872
7.971552
7.991302
7.714964
7.949010
7.917773
7.981480
7.922990
7.828907
7.816038
7.808106
7.786502
7.784972
7.773826
7.766549
7.767693
7.773213
7.757817
7.736464
7.755012
7.785532
7.693084
7.732337
7.693926
7.671164
7.652274
7.634141
7.612146
7.589274
7.575768
7.565426
7.559764
7.558568
7.469098
7.415252
7.411497
7.461824
7.423007
7.376906
7.360828
7.344671
7.328675
7.315889
7.263521
7.272191
7.251051
7.241640
7.231817
7.224158
7.210220
7.194582
7.191848
7.193143
7.166418
7.131025
7.104755
7.075338
7.066206
7.065196
7.019744
6.961337
6.951502
6.951557
6.935754
6.922980
6.906578
6.888373
6.873335
6.858416
6.837043
6.813316
6.790014
6.765107
6.752200
6.743690
6.733005
6.724725
6.677372
6.614290
6.554007
6.483406
6.502772
6.555881
6.488593
6.511420
6.488669
6.476005
6.459542
6.441364
6.416429
6.387414
6.358178
6.326221
6.283483
6.234859
6.197553
6.176883
6.093580
6.303147
6.217082
6.135838
6.133223
6.135019
6.101699
6.063831
6.047470
6.034411
6.011608
5.988483
5.994667
6.012140
5.858528
5.967273
5.894549
5.849440
5.870457
5.860429
5.835598
5.796923
5.803812
5.822034
5.787252
5.725392
5.523716
5.607570
5.566927
5.592309
5.591508
5.597322
5.648783
5.491970
5.465076
5.400697
5.392831
5.405201
5.380054
5.354409
5.430855
5.295475
5.289317
5.255294
5.237566
5.227397
5.224927
5.277661
5.320977
5.042703
5.047696
5.021520
4.991789
4.975935
4.968355
4.970423
4.933864
4.886265
4.850107
4.809552
4.838164
4.895358
4.804287
4.694583
4.687273
4.699101
4.665977
4.633537
4.605934
4.575950
4.552496
4.531217
4.477659
4.483422
4.453692
4.433241
4.395801
4.351722
4.372224
4.415295
4.388368
4.349070
4.338510
4.326969
4.298836
4.266226
4.206910
4.132375
4.216227
4.060051
4.040014
3.982196
3.980148
3.998542
3.946193
3.879228
3.869278
3.869249
3.795366
3.779124
3.815792
3.727553
3.742435
3.748263
3.714379
3.670274
3.645682
3.620399
3.592629
3.565543
3.538003
3.510327
3.479036
3.446096
3.413168
3.379089
3.352308
3.328094
3.256338
3.166329
3.330480
3.068632
3.142554
3.137716
3.050818
2.876334
3.042265
2.976534
3.062232
2.964455
2.958281
2.921140
2.907084
2.898040
2.876391
2.854173
2.845469
2.840915
2.814963
2.783283
2.839009
2.702224
2.679019
2.623185
2.579648
2.538079
2.499813
2.465176
2.371481
2.376504
2.362180
2.300411
2.299149
2.299350
2.301287
2.311054
2.228851
2.111368
2.142752
2.202331
2.153202
2.086793
2.158736
2.061816
2.099271
2.093918
2.004138
1.931042
1.907425
1.903740
1.819568
1.763369
1.874289
1.785288
1.764436
1.696592
1.951070
1.612367
1.627528
1.549416
1.566989
1.619038
1.312584
1.532936
1.433209
1.406196
1.391625
1.382529
1.365335
1.300726
1.298862
1.300619
1.152116
1.286919
1.224931
1.196059
1.134283
1.053186
0.971521
1.046162
0.982068
0.932130
0.906997
0.884361
0.857742
0.833225
0.802087
0.768694
0.785477
0.714906
0.698528
0.669587
0.680194
0.707479
0.651760
0.572725
0.531739
0.523468
0.468856
0.413886
0.476173
0.583277
0.434782
0.210948
0.406231
0.247029
0.248141
0.195729
0.205099
0.232649
0.187867
0.127369
0.089493
0.046219
0.043525
0.057964
0.018729
-0.031017
-0.060391
-0.091707
-0.161165
-0.245605
-0.257921
-0.250608
-0.260827
-0.261670
-0.234790
-0.193577
-0.277057
-0.336098
-0.417881
-0.511093
-0.521446
-0.552781
-0.580582
-0.607937
-0.619529
-0.623830
-0.622958
-0.614798
-0.699831
-0.820553
-0.805450
-0.759145
-0.821579
-0.901277
-0.909125
-0.906006
-0.956916
-1.018069
-1.035920
-1.045868
-1.037810
-1.013800
-1.124455
-1.283027
-1.257423
-1.190169
-1.176309
-1.146148
-1.268983
-1.396645
-1.382282
-1.325950
-1.380188
-1.446768
-1.467770
-1.486871
-1.515330
-1.542054
-1.505854
-1.672356
-1.623576
-1.651660
-1.696827
-1.762487
-1.617867
-1.805788
-1.883360
-1.685162
-1.867859
-2.071711
-1.964880
-1.918973
-1.947845
-2.004188
-1.997095
-1.983801
-2.043448
-2.124509
-2.091379
-2.027419
-2.101259
-2.207194
-2.269470
-2.342801
-2.323168
-2.264537
-2.336294
-2.435412
-2.453397
-2.463489
-2.506439
-2.551079
-2.567737
-2.576761
-2.589003
-2.596073
-2.630671
-2.674900
-2.647064
-2.595992
-2.695073
-2.839523
-2.827818
-2.786831
-2.828898
-2.926304
-2.961729
-3.004052
-3.018904
-3.018737
-3.022071
-3.016949
-3.088781
-3.189764
-3.178510
-3.141309
-3.230032
-3.348290
-3.355452
-3.342516
-3.368280
-3.389329
-3.390983
-3.386273
-3.319975
-3.222434
-3.516795
-3.618824
-3.686530
-3.551062
-3.644638
-3.678199
-3.579393
-3.765681
-3.713344
-3.720199
-3.736537
-3.759380
-3.768190
-3.775080
-3.806975
-3.847124
-3.884097
-3.926235
-3.944300
-3.954207
-3.970472
-3.983071
-4.126681
-4.324992
-4.217490
-4.019372
-4.052093
-4.203334
-4.062212
-4.215536
-4.206212
-4.234704
-4.275624
-4.322329
-4.350106
-4.373857
-4.405781
-4.437291
-4.460713
-4.495530
-4.522553
-4.550742
-4.582913
-4.616501
-4.643442
-4.668640
-4.686985
-4.700893
-4.707237
-4.707557
-4.752511
-4.812832
-4.864933
-4.925465
-4.946146
-4.952951
-4.962876
-4.963407
-4.977253
-4.992693
-4.992238
-5.002768
-5.065534
-5.184426
-5.128550
-5.098228
-5.141558
-5.209696
-5.223300
-5.233124
-5.255550
-5.275791
-5.295965
-5.316423
-5.314869
-5.384654
-5.305211
-5.397481
-5.425968
-5.491980
-5.561246
-5.642727
-10.106987
-10.132629
-10.365894
-10.219072
-10.422038
-10.357635
-10.417594
-10.483955
-10.520636
-10.470704
-10.472673
-10.452996
-10.477174
-10.515364
-10.579090
-10.664892
-10.495776
-10.677246
-10.626103
-10.654948
-10.670199
-10.692518
-10.714949
-10.739300
-10.774094
-10.814244
-10.921505
-10.790772
-10.864526
-10.920869
-10.923106
-10.915814
-10.955410
-11.005171
-10.832212
-11.140800
-10.902571
-11.088741
-11.067599
-11.099223
-11.116656
-11.130826
-11.212636
-11.196418
-11.219841
-11.221357
-11.240071
-11.260035
-11.314784
-11.386741
-11.393665
-11.384664
-11.304731
-11.448013
-11.430287
-11.441144
-11.468842
-11.500051
-11.492992
-11.473079
-11.538211
-11.589557
-11.645540
-11.706041
-11.723814
-11.726015
-11.737851
-11.741966
-11.763126
-11.788939
-11.746795
-11.793694
-11.774176
-11.760930
-11.738338
-11.707677
-11.791311
-11.835384
-11.857672
-11.864253
-11.856642
-11.942368
-11.961613
-11.994806
-12.000522
-11.994043
-11.990593
-11.979806
-12.044828
-12.138990
-12.126641
-12.090654
-12.124440
-12.165559
-12.178354
-12.189922
-12.202529
-12.212005
-12.232624
-12.256626
-12.220166
-12.302395
-12.313018
-12.342390
-12.339936
-12.325144
-12.406880
-12.520536
-12.493691
-12.432243
-12.462690
-12.501145
-12.485610
-12.460585
-12.505646
-12.571271
-12.573576
-12.565997
-12.584176
-12.601978
-12.566831
-12.511704
-12.636586
-12.656654
-12.671201
-12.653343
-12.669389
-12.684092
-12.721044
-12.770423
-12.764208
-12.742519
-12.772534
-12.811409
-12.831594
-12.853453
-12.857495
-12.852761
-12.884379
-12.925467
-12.964828
-13.011741
-12.960481
-13.082244
-13.050903
-13.025102
-13.099129
-13.058217
-13.060339
-13.037481
-13.099598
-13.190724
-13.026429
-13.099072
-13.108261
-13.174436
-13.160124
-13.131550
-13.213116
-13.566592
-13.250291
-13.027790
-13.166790
-13.273628
-13.255679
-13.207841
-13.247370
-13.296852
-13.249833
-13.175669
-13.327515
-13.170622
-13.337736
-13.521968
-13.375719
-13.603481
-13.450649
-13.324832
-13.367686
-13.454667
-13.432288
-13.401916
-13.417890
-13.438260
-13.444017
-13.450524
-13.469388
-13.492315
-13.483568
-13.464557
-13.492637
-13.532591
-13.529887
-13.519584
-13.542932
-13.572521
-13.470301
-13.645735
-13.474527
-13.271980
-13.575346
-13.569016
-13.623603
-13.612552
-13.784842
-13.631935
-13.667857
-13.651148
-13.651659
-13.695781
-13.705617
-13.723125
-13.728414
-13.728469
-13.732187
-13.733717
-13.743908
-13.757148
-13.766407
-13.776317
-13.749189
-13.659471
-13.794908
-13.753057
-13.792140
-13.806422
-13.843452
-13.887109
-13.899917
-13.905112
-13.841830
-13.742577
-13.791076
-13.878335
-13.921445
-13.979577
-13.979434
-13.956859
-13.928347
-13.880626
-13.940739
-13.854146
-14.012526
-13.876876
-13.960985
-13.957789
-13.889618
-13.961471
-13.953919
-13.971317
-13.851026
-13.936899
-13.981502
-14.090576
-14.056835
-14.024520
-14.055602
-14.099204
-13.982434
-14.170219
-14.090134
-14.021808
-13.989186
-13.948903
-13.969956
-14.182052
-14.116506
-14.028844
-14.050641
-14.079250
-14.059806
-14.034698
-14.049930
-14.074584
-14.077579
-14.080045
-14.146344
-14.084534
-14.103142
-14.102692
-14.104905
-14.107836
-14.108466
-14.108736
-14.092095
-14.067846
-14.119721
-14.198632
-14.160964
-14.094421
-14.131676
-14.187221
-14.167957
-14.136424
-14.127875
-14.115434
-14.117432
-14.126184
-14.130468
-14.137545
-14.130944
-14.119359
-14.110707
-14.099518
-14.096865
-14.096967
-14.071817
-14.081857
-14.083847
-14.096227
-14.129481
-14.134728
-14.140772
-14.136241
-14.137438
-14.136201
-14.123627
-14.105694
-14.085777
-14.061303
-14.067669
-14.084813
-14.100236
-14.123244
-14.096396
-14.100198
-14.084376
-14.069287
-14.080768
-14.101821
-14.101676
-14.099811
-14.036448
-14.098808
-14.100363
-14.128448
-14.029427
-14.145858
-14.050795
-13.953246
-14.057600
-13.862083
-14.035944
-14.098626
-14.105949
-14.076730
-14.129312
-14.193715
-14.138707
-14.092013
-14.082675
-14.080483
-14.058877
-14.036315
-14.016837
-13.996167
-13.986332
-13.980876
-13.952590
-13.958442
-14.006225
-14.085429
-13.991803
-13.843803
-13.893468
-13.983457
-13.970550
-13.953688
-13.963063
-13.970852
-13.966142
-13.958149
-13.935714
-13.946783
-13.931626
-13.919482
-13.907991
-13.895412
-13.886585
-13.878914
-13.846442
-13.866621
-13.854895
-13.851641
-13.845013
-13.837541
-13.831839
-13.826138
-13.823443
-13.822215
-13.820872
-13.820485
-13.821394
-13.823290
-13.818792
-13.812174
-13.731833
-13.659263
-13.650040
-13.776149
-13.743812
-13.714182
-13.689948
-13.652500
-13.625821
-13.683979
-13.680869
-13.692585
-13.679311
-13.655864
-13.659388
-13.666975
-13.629870
-13.578508
-13.637350
-13.637271
-13.604425
-13.541697
-13.588861
-13.665310
-13.640666
-13.598366
-13.509706
-13.608649
-13.562938
-13.538682
-13.523134
-13.506028
-13.525346
-13.560353
-13.536938
-13.499874
-13.448072
-13.377417
-13.379691
-13.402602
-13.385181
-13.367992
-13.375507
-13.389371
-13.377797
-13.360990
-13.397583
-13.364379
-13.368439
-13.361300
-13.348318
-13.325640
-13.292686
-13.250197
-13.237064
-13.265585
-13.229440
-13.188408
-13.164159
-13.137913
-13.132984
-13.137968
-13.140099
-13.147918
-13.133483
-13.111942
-13.097226
-13.079728
-13.070586
-13.064420
-13.072597
-13.089157
-12.984814
-13.021150
-13.005681
-12.951691
-12.948924
-12.944415
-12.894758
-12.787000
-12.900667
-13.076542
-12.756633
-12.925489
-12.820191
-12.774786
-12.787400
-12.823739
-12.792002
-12.748561
-12.733074
-12.716789
-12.722650
-12.740520
-12.767782
-12.807014
-12.644795
-12.730281
-12.657406
-12.611895
-12.615866
-12.636947
-12.646793
-12.665117
-12.609063
-12.524146
-12.506572
-12.496250
-12.497953
-12.515302
-12.466525
-12.398218
-12.361591
-12.322290
-12.325814
-12.349661
-12.419693
-12.311011
-12.338394
-12.344816
-12.301891
-12.242554
-12.249014
-12.270556
-12.381598
-12.137522
-12.153750
-12.123800
-12.096546
-12.076363
-12.079645
-12.096511
-12.061895
-12.014225
-12.063083
-11.987586
-11.990909
-11.979717
-11.974162
-11.972550
-11.898589
-11.873322
-11.817812
-11.764593
-11.789009
-11.814791
-11.776965
-11.720935
-11.742917
-11.782827
-11.745564
-11.692125
-11.665478
-11.634478
-11.582767
-11.588661
-11.432837
-11.562061
-11.521496
-11.525138
-11.525110
-11.526256
-11.521606
-11.514651
-11.470932
-11.409877
-11.438518
-11.522821
-11.485107
-11.431058
-11.429157
-11.327591
-11.295032
-11.250652
-11.217247
-11.190278
-11.235621
-11.076737
-11.108194
-11.163299
-11.118194
-11.061686
-11.121662
-11.039402
-11.027377
-11.019217
-10.994863
-10.972867
-10.942478
-10.907907
-10.898718
-10.897480
-10.864396
-10.824174
-10.809915
-10.799986
-10.774622
-10.747469
-10.725669
-10.703675
-10.681044
-10.658618
-10.636060
-10.613475
-10.586969
-10.558768
-10.563692
-10.581501
-10.403410
-10.468815
-10.585122
-10.426059
-10.441474
-10.407476
-10.376489
-10.342103
-10.320672
-10.303480
-10.275187
-10.229025
-10.200865
-10.170817
-10.132224
-10.091017
-10.095446
-10.117164
-9.994076
-10.090047
-10.029146
-9.988818
-9.954471
-9.915699
-9.900335
-9.893491
-9.881104
-9.872829
-9.852884
-9.829313
-9.817600
-9.807998
-9.781098
-9.749083
-9.720093
-9.688161
-9.654833
-9.619852
-9.581911
-9.541787
-9.552465
-9.583423
-9.541045
-9.482345
-9.496723
-9.384433
-9.374266
-9.270288
-9.272969
-9.287886
-9.293248
-9.311573
-9.270225
-9.208549
-9.303569
-9.178869
-9.125581
-9.016308
-9.080636
-9.200157
-8.967270
-8.900421
-8.957843
-8.941540
-8.914129
-8.886238
-8.859306
-8.831381
-8.782657
-8.724720
-8.781002
-8.784087
-8.750364
-8.688147
-8.653920
-8.614352
-8.561935
-8.504511
-8.502082
-8.519346
-8.467466
-8.401218
-8.372101
-8.344728
-8.241088
-8.441755
-8.314845
-8.183077
-8.074537
-8.202830
-8.175336
-8.194997
-8.014267
-8.139721
-8.080249
-8.064354
-8.040824
-8.014885
-7.990987
-7.966019
-7.940883
-7.915389
-7.906692
-7.904956
-7.799043
-7.853524
-7.773919
-7.701393
-7.770256
-7.888398
-7.743953
-7.659801
-7.582676
-7.624103
-7.712515
-7.571324
-7.549809
-7.491626
-7.559336
-7.424936
-7.413024
-7.371850
-7.355317
-7.348526
-7.331163
-7.316477
-7.274697
-7.221525
-7.207120
-7.201004
-7.171861
-7.140909
-7.141636
-7.152555
-6.745085
-6.965197
-6.882800
-6.921477
-6.892842
-6.860269
-6.842886
-6.822992
-6.796321
-6.832469
-6.693897
-6.810786
-6.734964
-6.617702
-6.614027
-6.618857
-6.592328
-6.568468
-6.538092
-6.502874
-6.470451
-6.436259
-6.405651
-6.376036
-6.344457
-6.312886
-6.283193
-6.254096
-6.230911
-6.210719
-6.177749
-6.141370
-6.110598
-6.079262
-6.030295
-5.974156
-5.978643
-6.003697
-5.972440
-5.933281
-5.918323
-5.903996
-5.872549
-5.836676
-5.801637
-5.763066
-5.721130
-5.676195
-5.587734
-5.542992
-5.717754
-5.499852
-5.534534
-5.515924
-5.490240
-5.413652
-5.404272
-5.398885
-5.425939
-5.475785
-5.269434
-5.281505
-5.232157
-5.231901
-5.193427
-5.155193
-5.135517
-5.119804
-5.098321
-5.078205
-5.049832
-5.017974
-5.038924
-4.981668
-4.961338
-4.925663
-4.878895
-4.824126
-4.784025
-4.745242
-4.690757
-4.631762
-4.658433
-4.642965
-4.630046
-4.607537
-4.589968
-4.570276
-4.522080
-4.461284
-4.483778
-4.532790
-4.464659
-4.367930
-4.353219
-4.347601
-4.307912
-4.266672
-4.237776
-4.209796
-4.181098
-4.153829
-4.177420
-4.223246
-4.224461
-3.922779
-3.995130
-3.947439
-3.901320
-3.839223
-3.795913
-3.955147
-3.436848
-3.811006
-3.706473
-3.744733
-3.686352
-3.603078
-3.622298
-3.663230
-3.567278
-3.436318
-3.680020
-3.456881
-3.507611
-3.495777
-3.362683
-3.177675
-3.319870
-3.376034
-3.316789
-3.202769
-3.166323
-3.146616
-3.144789
-3.166628
-3.167498
-3.172429
-3.213678
-3.048254
-3.007134
-2.925902
-2.885003
-2.855630
-2.784986
-2.706454
-2.693672
-2.700801
-2.696601
-2.703874
-2.645542
-2.563473
-2.591374
-2.647997
-2.615497
-2.570179
-2.534783
-2.488164
-2.592561
-2.484809
-2.525460
-2.559041
-2.351093
-2.246383
-2.297995
-2.465308
-2.304422
-2.287265
-2.233142
-2.195890
-2.210413
-2.121221
-2.093116
-2.047884
-2.035902
-2.018827
-1.989862
-1.956971
-1.751854
-1.926813
-1.854155
-1.836009
-1.788253
-1.727223
-1.664009
-1.771659
-1.703284
-1.639848
-1.633464
-1.635031
-1.614445
-1.594201
-1.583595
-1.574905
-1.532896
-1.478629
-1.450655
-1.424597
-1.492826
-1.389069
-1.401963
-1.393881
-1.296051
-1.162556
-1.172278
-1.216723
-1.181286
-1.143295
-0.844421
-1.094188
-1.076178
-1.173704
-1.125198
-1.040344
-1.056551
-0.908729
-0.857354
-0.780852
-0.805438
-0.871474
-0.832876
-0.779884
-0.713403
-0.718427
-0.715694
-0.622247
-0.629353
-0.635913
-0.558138
-0.673983
-0.454191
-0.522140
-0.484182
-0.500459
-0.439516
-0.359916
-0.335511
-0.317672
-0.266476
-0.210008
-0.237697
-0.295191
-0.253671
-0.192899
-0.167919
-0.138663
-0.119385
-0.106140
-0.088322
-0.072441
-0.046221
-0.016026
0.011754
0.041465
0.058438
0.070640
0.106161
0.148020
0.166437
0.180319
0.132842
0.187474
0.262652
0.387925
0.347966
0.263352
0.319636
0.397450
0.415233
0.432483
0.496648
0.502508
0.532074
0.549372
0.611264
0.548141
0.555826
0.539777
0.585228
0.653224
0.695756
0.744530
0.778182
0.805629
0.816251
0.807070
0.864022
0.938050
0.935872
0.916273
0.958932
1.011849
1.016629
1.012327
1.029342
1.046075
1.084628
1.134590
1.005635
1.171451
1.148890
1.165364
1.172923
0.932265
1.218448
1.074103
1.255127
1.420672
1.397190
1.350382
1.406264
1.430428
1.424534
1.401860
1.437742
1.487495
1.520865
1.559965
1.585702
1.606702
1.553407
1.564706
1.638628
1.775255
1.743724
1.690775
1.733042
1.787981
1.801858
1.814284
1.828802
1.839183
1.852370
1.865033
1.872664
1.878205
1.883443
1.887040
1.921225
1.967622
2.011000
2.062056
2.063882
2.048040
2.111335
2.194810
2.179525
2.140054
2.137809
2.129613
2.102785
2.190736
2.190742
2.156880
2.217178
2.292358
2.306584
2.311818
2.351650
2.395536
2.422984
2.449000
2.482219
2.458526
2.471269
2.473609
2.449067
2.457640
2.555359
2.476678
2.530566
2.567638
2.557956
2.619467
2.646008
2.686081
2.614425
2.656187
2.682654
2.743931
2.788515
2.840688
2.812368
2.751586
2.843518
2.976694
2.947494
2.936896
2.949674
2.963921
2.969446
2.974423
3.032183
3.014326
2.964341
2.938474
2.979955
3.057992
3.046387
3.020902
3.018448
3.032332
3.050542
3.080688
3.143211
3.225561
3.082198
3.254157
3.228626
3.242927
3.071937
3.327361
3.354465
3.293872
3.275191
3.239894
3.311823
3.366922
3.398274
3.422989
3.420979
3.512948
3.488179
3.454947
3.528271
3.630606
3.621697
3.590332
3.597862
3.599638
3.600435
3.602238
3.738534
3.657746
3.634279
3.547715
3.469064
3.611985
3.623557
3.683910
3.685006
3.669840
3.924667
3.742582
3.827003
3.848667
3.855790
3.855539
3.806169
3.730903
3.660659
3.878407
3.850996
3.854759
3.869403
3.877324
3.949055
3.916199
3.924949
3.909148
3.941737
3.987817
3.976610
3.952473
4.088075
3.982697
4.010758
3.999585
3.985461
3.965825
3.985473
4.018941
4.089940
4.187546
3.950583
4.089779
4.084285
4.158071
4.142684
4.111184
4.121797
4.133336
4.175125
4.148242
4.180890
4.209891
4.221457
4.230199
4.245957
4.261530
4.254952
4.239605
4.236069
4.231104
4.175284
4.221156
4.232490
4.271398
4.323807
4.391224
4.388564
4.293195
4.328796
4.369260
4.374740
4.381480
4.485288
4.266857
4.366267
4.460190
4.490605
4.525082
4.485653
4.471638
4.483381
4.510169
4.518447
4.528627
4.449539
4.432341
4.425899
4.443583
4.424698
4.402697
4.494926
4.440071
4.477517
4.417656
4.711506
4.535288
4.597358
4.577991
4.554317
4.515880
4.592485
4.559675
4.573609
4.568340
4.501977
4.538698
4.544455
4.578873
4.602034
4.630556
4.590669
4.522995
4.581052
4.672343
4.625402
4.505208
4.380733
4.622792
4.642060
4.690320
4.658658
4.832615
4.704175
4.580832
4.694151
4.719612
4.659711
4.737958
4.712334
4.698213
4.685084
4.644522
4.712825
4.660262
4.681409
4.688806
4.668213
4.672294
4.677467
4.691705
4.692594
4.692166
4.698244
4.705058
4.700204
4.691419
4.703328
4.683728
4.698380
4.715032
4.719144
4.722485
4.700338
4.504022
4.705541
4.618604
4.687664
4.730052
4.697658
4.637464
4.653411
4.680811
4.679201
4.678676
4.693404
4.647347
4.676991
4.711974
4.704260
4.688897
4.701809
4.718645
4.709910
4.693902
4.682205
4.666226
4.744429
4.861156
4.744900
4.707083
4.702431
4.723979
4.711996
4.701535
4.692325
4.680810
4.670549
4.659876
4.640890
4.618306
4.616223
4.620297
4.508947
4.583169
4.557886
4.565004
4.498671
4.564796
4.609694
4.625735
4.620005
4.589241
4.590426
4.591169
4.597769
4.610038
4.591844
4.621629
4.589997
4.551490
4.527054
4.498881
4.498300
4.509198
4.645161
4.592786
4.583812
4.518291
4.530004
4.552677
4.530970
4.503693
4.480715
4.452258
4.490495
4.448079
4.464015
4.474048
4.435809
4.443783
4.441259
4.450813
4.432043
4.405770
4.435308
4.502425
4.376937
4.425827
4.533822
4.427458
4.448683
4.430004
4.413006
4.391533
4.383521
4.379319
4.369919
4.361516
4.347613
4.331287
4.352203
4.387248
4.357062
4.372009
4.358569
4.370140
4.349366
4.323544
4.298565
4.268154
4.261937
4.263559
4.256678
4.252414
4.330565
4.444110
4.256019
4.122156
4.120850
4.169418
4.153009
4.082487
4.101841
4.127198
4.148706
4.180907
4.155920
4.139664
4.114630
4.083897
4.016063
4.063442
4.029370
4.010703
4.017446
4.033596
4.015742
3.990519
3.978554
3.907992
3.941680
3.993672
3.930599
3.887216
3.871366
3.864276
3.881062
4.005618
3.946238
3.773289
3.807806
3.857903
3.840905
3.824627
3.752799
3.650568
3.534400
3.725209
3.694234
3.711269
3.713840
3.709271
3.697641
3.678128
3.650942
3.616049
3.639000
3.682139
3.615785
3.705996
3.650345
3.594403
3.532034
3.567282
3.519288
3.480938
3.447388
3.411585
3.410057
3.422564
3.353258
3.409327
3.382484
3.370451
3.363351
3.356511
3.336552
3.311656
3.268156
3.294692
3.152833
3.217696
3.210360
3.178897
3.103075
3.180996
3.121493
3.212465
3.264635
3.101181
3.132955
3.066334
3.091295
3.129787
3.100993
3.059607
2.983746
2.880190
2.852314
2.966387
2.928706
2.900987
2.907952
2.918274
2.818087
2.676124
3.145373
2.760870
2.855180
2.841145
2.856928
2.832500
2.854247
2.879955
2.762948
2.651120
2.653393
2.691531
2.647184
2.641957
2.664898
2.618034
2.588562
2.536761
2.528946
2.531225
2.503823
2.473180
2.448464
2.421608
1.893928
2.426178
2.346059
2.487855
2.438972
2.310750
2.310412
2.308531
2.324691
2.361345
2.280493
2.161157
2.191989
2.256240
2.208753
2.145283
2.080575
2.076433
2.063496
2.075068
2.039452
1.994311
2.049524
2.137978
1.829801
2.034540
1.952708
1.947300
1.883028
1.799178
1.855433
1.955894
1.921471
1.865208
1.502834
1.668221
1.588134
1.618502
1.615868
1.624958
1.737667
1.803437
1.778660
1.704331
1.664802
1.607272
1.557864
1.507161
1.437750
1.360633
1.343009
1.345108
1.336514
1.338914
1.484515
1.695067
1.561232
1.326462
1.284839
1.241633
1.236190
1.266525
1.189503
1.087565
1.095454
1.017325
0.825565
1.050642
0.963466
0.926730
0.938664
0.961880
0.828208
0.926229
0.878430
0.860547
0.825226
0.781064
0.765765
0.756757
0.728542
0.698159
0.673472
0.648160
0.616426
0.601103
0.520552
0.486507
0.485219
0.512755
0.487544
0.456866
0.438240
0.416595
0.384717
0.204519
0.295231
0.430626
0.176654
0.305281
0.241128
0.233009
0.209330
0.184874
0.162377
0.138701
0.116936
0.095638
0.073053
0.050343
0.021080
-0.011166
-0.046790
-0.085944
-0.098622
-0.102047
-0.266592
-0.192184
-0.227710
-0.215097
-0.205653
-0.186640
-0.219213
-0.269586
-0.312422
-0.365855
-0.374580
-0.444313
-0.477116
-0.518061
-0.554930
-0.326455
-0.449223
-0.596669
-0.620622
-0.640785
-0.684878
-0.724302
-0.760790
-0.796374
-0.786250
-0.811080
-0.834117
-0.867931
-0.820679
-0.935490
-0.936044
-0.955343
-0.927481
-0.854998
-1.075326
-1.020951
-1.043025
-0.999904
-1.071054
-1.265906
-1.223983
-1.151381
-1.061968
3.401823
3.353337
3.436561
3.456441
3.282611
3.276051
3.243183
3.153577
3.270795
3.212719
3.170967
3.145945
3.117129
3.066301
3.034948
3.028219
3.038763
3.108606
2.943165
2.891800
2.887428
2.862743
2.863516
2.828791
2.788739
2.765074
2.742127
2.686950
2.620131
2.607723
2.609598
2.581583
2.553304
2.510845
2.459065
2.430581
2.406139
2.370931
2.335503
2.317425
2.305487
2.306593
2.317964
2.280523
2.228504
2.189318
2.143593
2.129808
2.127906
2.119801
2.118006
2.012242
1.864539
1.911342
2.010244
1.973796
1.924766
1.857978
2.049906
1.756664
1.843612
1.783348
1.787234
1.717340
1.630526
1.685559
1.919261
1.594335
1.528751
1.504207
1.407563
1.418001
1.444560
1.424367
1.403175
1.391907
1.379442
1.324681
1.252415
1.359794
1.257001
1.263501
1.237038
1.279940
1.181358
1.126037
1.030167
1.109732
0.995605
0.990248
0.958982
0.915646
0.866550
0.820120
0.770848
0.739387
0.714455
0.685833
0.660587
0.676632
0.711436
0.655395
0.573863
0.561799
0.557729
0.523034
0.486411
0.440819
0.387263
0.380256
0.432691
0.266434
0.178885
0.196112
0.217471
0.171770
0.110566
0.104521
0.107581
0.047574
-0.029160
-0.011783
0.031121
-0.041743
-0.127631
-0.127752
-0.109741
-0.091035
-0.195244
-0.203555
-0.228588
-0.311552
-0.416847
-0.366037
-0.327583
-0.382273
-0.465855
-0.475183
-0.476319
-0.510988
-0.548223
-0.578666
-0.610972
-0.390873
-0.697546
-0.779473
-0.773074
-0.808370
-0.796216
-0.798839
-0.789928
-0.814624
-0.849778
-0.871662
-0.896360
-0.895140
-0.882806
-0.996636
-1.156195
-1.130517
-1.060810
-1.193955
-1.373166
-1.322491
-1.217067
-1.193032
-1.111005
-1.174589
-1.281573
-1.337049
-1.406365
-1.446140
-1.474378
-1.517681
-1.558860
-1.486796
-1.367146
-1.532442
-1.784692
-1.757209
-1.681621
-1.710370
-1.731351
-1.752035
-1.780002
-1.778228
-1.767180
-1.910565
-1.950363
-1.704932
-1.993188
-1.972277
-2.039705
-2.040524
-2.021660
-2.072479
-2.136670
-2.135413
-2.119954
-2.167588
-2.228482
-2.241949
-2.248132
-2.283693
-2.323318
-2.348007
-2.371355
-2.374885
-2.367771
-2.179590
-2.398139
-2.515532
-2.621807
-2.645303
-2.452686
-2.630460
-2.855796
-2.655025
-3.147729
-2.799101
-2.800205
-2.919507
-2.853653
-2.903714
-2.926739
-2.970184
-3.021922
-3.036715
-3.041837
-3.068802
-3.096617
-3.146253
-3.137250
-3.167157
-3.188452
-3.228318
-3.276170
-3.293276
-3.303009
-3.318456
-3.329624
-3.356651
-3.342936
-3.392914
-3.452580
-3.453424
-3.440522
-3.482506
-3.584068
-3.578418
-3.560879
-3.596681
-3.638255
-3.691852
-3.758919
-3.758506
-3.736967
-3.937665
-3.836555
-3.897786
-3.910194
-3.925694
-3.936821
-3.954180
-3.972470
-3.985956
-3.998493
-4.039438
-4.091518
-4.164658
-4.257838
-4.250680
-4.212450
-4.206933
-4.167494
-4.209969
-4.274867
-4.273560
-4.425553
-4.421110
-4.414931
-4.360822
-4.414251
-4.430447
-4.476118
-4.510823
-4.550731
-4.592021
-4.635176
-4.673737
-4.765983
-4.692372
-4.751692
-4.735351
-4.731546
-4.776963
-4.956445
-4.656980
-4.843164
-4.796135
-4.901980
-4.915078
-4.935656
-4.945665
-4.944862
-4.994059
-5.058345
-5.076469
-5.087316
-5.127577
-5.172056
-5.172946
-5.160380
-5.184501
-5.213311
-5.244456
-5.282677
-5.325943
-5.374918
-5.328435
-5.244546
-5.331307
-5.463043
-5.465413
-5.451884
-5.491844
-5.533415
-5.555235
-5.575069
-5.597847
-5.618856
-5.642476
-5.666690
-5.688983
-5.711013
-5.731633
-5.751327
-5.771207
-5.790582
-5.813184
-5.836943
-5.869645
-5.871836
-5.955744
-5.963758
-5.996463
-6.012761
-6.137105
-6.040014
-6.082431
-6.091881
-6.133209
-6.187424
-6.043819
-6.209585
-6.179296
-6.298869
-6.241000
-6.358570
-6.337479
-6.353678
-6.355550
-6.354118
-6.356819
-6.358213
-6.391561
-6.438330
-6.438627
-6.428824
-6.395009
-6.418506
-6.428328
-6.456645
-6.493516
-6.541246
-6.505725
-6.598153
-6.613176
-6.646407
-6.659956
-6.665465
-6.706875
-6.757709
-6.622029
-6.797572
-6.780238
-6.806929
-6.841700
-6.880115
-6.878324
-6.941900
-6.956914
-6.977638
-6.999781
-7.020062
-7.085842
-7.170260
-7.143066
-7.079452
-7.064178
-7.040586
-7.098138
-6.931363
-7.114291
-7.175110
-7.185019
-7.153073
-7.192640
-7.237631
-7.262424
-7.288738
-7.308751
-7.324657
-7.342248
-7.357964
-7.387211
-7.421516
-7.453309
-7.487837
-7.500386
-7.504597
-7.512201
-7.515013
-7.527788
-7.542916
-7.541049
-7.565386
-7.549388
-7.526708
-7.712479
-7.583332
-7.636034
-7.640612
-7.643636
-7.642703
-7.719105
-7.777221
-7.793393
-7.791336
-7.840208
-7.897766
-7.879816
-7.839201
-7.772097
-7.908090
-7.907315
-7.940714
-7.953436
-7.958894
-7.973748
-7.987006
-7.998241
-8.008862
-8.017993
-8.025989
-8.060632
-8.105924
-8.112675
-8.110839
-8.126145
-8.140641
-8.125829
-8.077647
-8.123587
-8.190835
-8.206863
-8.221048
-8.186158
-8.124100
-8.227102
-8.382409
-8.350062
-8.279858
-8.327547
-8.283347
-8.309604
-8.335263
-8.341191
-8.345904
-8.345095
-8.339277
-8.358140
-8.290553
-8.370374
-8.475019
-8.455074
-8.409358
-8.443664
-8.486751
-8.485014
-8.476792
-8.423837
-8.408825
-8.494216
-8.364182
-8.487232
-8.627649
-8.673348
-8.713682
-8.716641
-8.661350
-8.664334
-8.626182
-8.511976
-8.671218
-8.633559
-8.632207
-8.655347
-8.685073
-8.714468
-8.749402
-8.771477
-8.790639
-8.810093
-8.826945
-8.676414
-8.857790
-8.820559
-8.828124
-8.840616
-8.841286
-8.843137
-8.840472
-8.875485
-8.891860
-8.831092
-8.905915
-8.915671
-8.953112
-8.947916
-8.930663
-8.948053
-8.970019
-8.926920
-8.968173
-8.985436
-9.025130
-8.997937
-9.057980
-9.088413
-9.140043
-8.783681
-9.015396
-9.039792
-9.039165
-9.102024
-9.158217
-9.187840
-9.147311
-9.152406
-9.141226
-9.176691
-9.229208
-9.197385
-9.326035
-9.165972
-9.189575
-9.213623
-9.192515
-9.404096
-9.223888
-9.261244
-9.249247
-9.250846
-9.258141
-9.104292
-9.239803
-9.213117
-9.235952
-9.181922
-9.101219
-9.153115
-9.240794
-9.132399
-9.256500
-9.211040
-9.181622
-9.228613
-9.297679
-9.290246
-9.268698
-9.286242
-9.305705
-9.329272
-9.308070
-9.317305
-9.318946
-9.317843
-9.315237
-9.312165
-9.307900
-9.331487
-9.366317
-9.337464
-9.289733
-9.272685
-9.330424
-9.342581
-9.373638
-9.172938
-9.284312
-9.335900
-9.483750
-9.701021
-9.381377
-9.446322
-9.430655
-9.437408
-9.456649
-9.504915
-9.490348
-9.477055
-9.437933
-9.401567
-9.354405
-9.428840
-9.550246
-9.422697
-9.472089
-9.512472
-9.605577
-9.606292
-9.591449
-9.550140
-9.480494
-9.559970
-9.369494
-9.449236
-9.533244
-9.476393
-9.415720
-9.426663
-9.451373
-9.505523
-9.472529
-9.479785
-9.466447
-9.463135
-9.458700
-9.435523
-9.404907
-9.419302
-9.447380
-9.444878
-9.440543
-9.452047
-9.466194
-9.455209
-9.436447
-9.377514
-9.295184
-9.421241
-9.620749
-9.463056
-9.209862
-9.267689
-9.393263
-9.393849
-9.405935
-9.402217
-9.383930
-9.375243
-9.362140
-9.391947
-9.438958
-9.423990
-9.395257
-9.392735
-9.388352
-9.368096
-9.342990
-9.346041
-9.357118
-9.343476
-9.326057
-9.288193
-9.237243
-9.315910
-9.441432
-9.323584
-9.308710
-9.287254
-9.413344
-9.371718
-9.327175
-9.315520
-9.298734
-9.283128
-9.269103
-9.253902
-9.239066
-9.214656
-9.206596
-9.279690
-9.214563
-9.226367
-9.214726
-9.157563
-9.230629
-9.137391
-9.365917
-9.267446
-9.163012
-9.201407
-9.263155
-9.235826
-9.269580
-9.229409
-9.176975
-9.174197
-9.092315
-9.162661
-9.265967
-9.200163
-9.050477
-9.014147
-8.968833
-9.186339
-9.088846
-9.102719
-9.044194
-9.059082
-9.083073
-9.079471
-9.076169
-9.057152
-9.028666
-8.986700
-8.981434
-8.980714
-8.997700
-8.987191
-8.973762
-8.974511
-8.977013
-8.986275
-9.000735
-9.016832
-9.036776
-8.986826
-8.909112
-8.908513
-8.920315
-9.129500
-8.875267
-8.934323
-8.930419
-8.900879
-8.864100
-8.826045
-8.781341
-8.795325
-8.831029
-8.780368
-8.865131
-8.812255
-8.790544
-8.803639
-8.750710
-8.745384
-8.733059
-8.668993
-8.715318
-8.724345
-8.763754
-8.668366
-8.656771
-8.648878
-8.667554
-8.688924
-8.581936
-8.651291
-8.510239
-8.455044
-8.356456
-8.502914
-8.541861
-8.543843
-8.505663
-8.509369
-8.508162
-8.485474
-8.455779
-8.457824
-8.467816
-8.469445
-8.474601
-8.458630
-8.434439
-8.441319
-8.418718
-8.393695
-8.357116
-8.344198
-8.335675
-8.313417
-8.289881
-8.270397
-8.250584
-8.330668
-8.453533
-8.321721
-8.205279
-8.213166
-8.254189
-8.182200
-8.236799
-8.207403
-8.189622
-8.191132
-8.197399
-8.088083
-8.033997
-8.043308
-8.093237
-8.048693
-7.989698
-7.966244
-7.941138
-7.932084
-7.932850
-7.945150
-7.968658
-7.877441
-7.920370
-7.783771
-7.804769
-7.761905
-7.776365
-7.568016
-7.841303
-7.745053
-7.693674
-7.682630
-7.666756
-7.657175
-7.652280
-7.609208
-7.613810
-7.619460
-7.590870
-7.588757
-7.581975
-7.585032
-7.592891
-7.527639
-7.434570
-7.506433
-7.545135
-7.488507
-7.393242
-7.392896
-7.404737
-7.380869
-7.357568
-7.337901
-7.316265
-7.281185
-7.239848
-7.252857
-7.284634
-7.246768
-7.326089
-7.221036
-7.184504
-7.127294
-7.141327
-7.101277
-7.069411
-7.097354
-7.049046
-7.031572
-6.997819
-6.980628
-6.966120
-6.926504
-6.879217
-6.912432
-6.875965
-6.909856
-6.949555
-7.084132
-6.827718
-6.833019
-6.776502
-6.758850
-6.756480
-6.716712
-6.672307
-6.645643
-6.620395
-6.595740
-6.573880
-6.553601
-6.535367
-6.528053
-6.526511
-6.491196
-6.445371
-6.599484
-6.434448
-6.479552
-6.485682
-6.388076
-6.390472
-6.361264
-6.354488
-6.377564
-6.420508
-6.258687
-6.022212
-6.159803
-6.257394
-6.226920
-6.162821
-6.153620
-6.138460
-6.093889
-6.039824
-6.041857
-6.060195
-6.003345
-5.928084
-5.990765
-5.954063
-5.902433
-5.812484
-5.854052
-5.739229
-5.658615
-5.733396
-5.698222
-5.692706
-5.686386
-5.681977
-5.716667
-5.559605
-5.628342
-5.707439
-5.657687
-5.581875
-5.563235
-5.543066
-5.496050
-5.442949
-5.469590
-5.524467
-5.454037
-5.363840
-5.325740
-5.287276
-5.270344
-5.267921
-5.263507
-5.267325
-5.244642
-5.214330
-5.171149
-5.097718
-5.086781
-5.086896
-5.050154
-5.009527
-4.992809
-4.980541
-4.962926
-4.947654
-4.930837
-4.913895
-4.897915
-4.882122
-4.851362
-4.814423
-4.703763
-4.684072
-4.694818
-4.657538
-4.658854
-4.657311
-4.622403
-4.586552
-4.556080
-4.523923
-4.496168
-4.470066
-4.505201
-4.417139
-4.357551
-4.216473
-4.284381
-4.406038
-4.266980
-4.285706
-4.267638
-4.257983
-4.235389
-4.207335
-4.169619
-4.123864
-4.083751
-4.129897
-4.069158
-4.110603
-4.048861
-4.046141
-4.001493
-3.955738
-3.905897
-3.849358
-3.835099
-3.835260
-3.794217
-3.746877
-3.716575
-3.686209
-3.678416
-3.682001
-3.621355
-3.541101
-3.536940
-3.549165
-3.540756
-3.392295
-3.413223
-3.391908
-3.367411
-3.339701
-3.323541
-3.310452
-3.271451
-3.274178
-3.213859
-3.143525
-3.116832
-3.195054
-3.148613
-3.102915
-3.042005
-2.961768
-3.151971
-2.922626
-2.967263
-2.960510
-2.888691
-2.794116
-2.824208
-2.863822
-2.833826
-2.791875
-2.765990
-2.733968
-2.712300
-2.693863
-2.668753
-2.643415
-2.582449
-2.505510
-2.530591
-2.587824
-2.409157
-2.420645
-2.396096
-2.420342
-2.368799
-2.304059
-2.251622
-2.272928
-2.237906
-2.214777
-2.225907
-2.251223
-2.166265
-2.044662
-1.960578
-1.863610
-1.933847
-2.054430
-2.020630
-1.962437
-1.947350
-1.922825
-1.882616
-1.835875
-1.720709
-1.739408
-1.619514
-1.874912
-1.739780
-1.599671
-1.604853
-1.628172
-1.596694
-1.565784
-1.555258
-1.408124
-1.425091
-1.450026
-1.366378
-1.257640
-1.282162
-1.340131
-1.330890
-1.322835
-1.361001
-1.209336
-1.200377
-1.219868
-1.177338
-1.136862
-1.108309
-1.079225
-1.075912
-1.084579
-1.004213
-0.894307
-0.923367
-0.988287
-0.901167
-0.780875
-0.761697
-0.753899
-0.710015
-0.666817
-0.638108
-0.612066
-0.643563
-0.591360
-0.577334
-0.546423
-0.523172
-0.499310
-0.434661
-0.371744
-0.374549
-0.401811
-0.372718
-0.338067
-0.275220
-0.191803
-0.258653
-0.224419
-0.190842
-0.126088
-0.111425
-0.103536
-0.078084
-0.053636
