-1.641740
4.881759
8.373963
-5.233719
0.149669
-2.621374
1.364147
-3.647141
-5.186616
-0.104936
-2.861581
-2.484855
-0.107240
0.856800
0.840842
6.887608
6.298602
6.060876
-6.685154
2.465157
1.672442
-3.284965
-1.354357
3.504442
0.206413
6.446606
-1.273202
0.585183
1.002906
2.283709
-3.270755
3.169284
-3.907822
2.683719
-1.535810
7.256457
-2.133678
3.003115
3.413787
2.112241
-2.290709
6.569276
5.017300
0.510517
-3.162529
-1.339251
-2.620458
11.843474
-0.932776
-3.191699
2.812306
-4.613227
0.306832
9.958312
2.353226
12.476220
-4.550772
2.199119
5.261673
1.040338
-0.799580
0.429331
-0.010011
-6.118296
-6.344655
-3.110052
4.031120
4.212424
-4.692197
5.483388
8.327025
3.459590
6.513468
-8.742472
-6.170780
10.203395
6.520579
-1.583878
5.958643
-3.320588
3.417956
3.931213
-8.725529
6.052010
-2.470153
4.469042
-3.232754
2.381565
0.915844
-2.336926
8.845759
-2.111633
7.189594
7.322145
6.047886
-1.489299
-4.012344
-3.221024
8.061766
-6.197318
5.027038
2.461824
0.466481
-6.305660
3.444190
13.498026
2.642353
-2.597993
8.043004
4.989018
-8.185515
7.574990
1.865953
-0.058418
-4.619552
3.910968
-1.854952
1.307299
2.002147
3.153343
1.833408
0.842822
2.662759
-1.099731
0.299707
2.638716
0.410616
6.321082
0.935919
4.101185
4.273848
2.470357
7.744535
-1.081847
3.813035
5.725760
10.828657
-5.065152
9.423491
-1.454831
5.374964
9.551530
3.902572
13.398243
1.487616
-3.490071
8.195855
4.608436
3.623920
14.345072
8.703670
-0.395987
-1.190173
-2.685620
6.643919
0.232787
-9.423129
4.141543
8.950653
11.337946
1.992931
8.326418
-0.514003
6.051468
11.668588
-3.314606
2.522726
8.946626
8.092694
6.797650
8.680434
-3.173268
3.896288
3.147667
8.309782
9.039664
-3.434256
7.543151
5.300562
10.906943
6.021544
4.654428
10.209655
3.347433
10.768396
3.662614
3.165291
10.184094
4.838117
5.565543
3.470039
7.076527
9.891754
2.302603
1.398861
10.589967
7.805777
1.843025
17.312553
1.839893
8.859587
14.665000
4.359668
7.350859
7.977221
0.472176
7.362337
11.005305
3.689783
15.105101
7.771938
4.085048
-6.059812
5.720488
-0.815972
5.717844
8.080692
1.474363
5.126698
5.819688
-3.497035
14.314182
11.319639
7.659688
2.063478
12.415460
16.723639
-0.298805
6.271772
3.938731
3.372759
-4.416564
7.988241
6.856570
7.096332
13.931818
5.376258
21.284940
12.315484
2.290550
3.655519
-1.502265
7.728797
15.435966
4.557648
5.365147
10.695696
10.559411
12.854143
3.484131
7.736322
7.357706
-4.729967
9.557094
22.941591
11.345809
5.234181
10.309203
-1.094042
-0.739000
13.048170
4.728814
4.417967
11.296701
9.412650
-1.298991
6.515240
11.254796
7.776599
11.128030
-7.053231
6.239609
4.061338
10.119496
6.138791
7.225989
9.253187
4.788497
6.183288
8.893410
11.000903
10.633484
5.123908
4.167607
8.882007
4.705166
9.941645
5.448728
6.184934
11.406669
4.909332
3.087412
7.465100
5.219398
1.783908
8.628877
6.709889
0.751256
0.837433
5.137503
5.179214
23.568712
2.856743
8.415220
1.458709
6.497962
12.924278
9.202619
7.780576
6.424245
6.307669
12.676781
5.787951
14.157994
9.139268
5.926394
4.043274
11.863860
11.639423
12.450812
19.575664
14.903531
13.628826
4.568164
9.029123
13.574302
16.699822
5.953871
10.419396
9.202992
7.782535
10.264167
6.430215
17.389162
14.647224
9.500721
12.320711
2.158247
7.502514
10.480737
3.425829
5.655066
5.145622
16.313378
2.200138
8.521071
13.161309
6.027738
-1.091730
4.330356
3.070059
15.344280
8.850645
16.772216
6.558076
1.660057
4.476001
10.977678
9.904102
6.231026
6.274066
5.123655
6.393242
17.029073
3.670343
6.243295
15.018189
2.152705
11.175613
15.315600
12.963215
6.189396
9.059141
8.916216
11.285036
12.472045
15.488977
5.281521
-2.822097
14.866865
10.025017
6.071501
13.235319
10.146320
12.556463
11.962287
16.758384
8.523849
11.970736
14.367498
4.781416
8.543670
9.059237
10.148771
9.122477
10.226540
9.926921
2.988977
0.563530
7.137553
9.272261
10.007242
1.362288
8.266529
12.947208
2.841126
11.451612
3.774415
7.869680
15.075406
10.067494
12.136981
3.159910
5.152609
5.575565
2.933886
7.505169
8.964009
9.639809
7.410383
1.595571
5.838672
16.860521
6.341136
8.574405
8.265100
5.061766
0.344545
9.463470
9.771462
3.717147
5.837213
1.936236
4.211804
1.785120
6.637800
15.392345
3.281156
10.564493
10.012171
4.620373
15.910919
10.127559
4.826005
10.915355
13.926863
6.112399
9.045327
-3.785507
10.421593
10.614495
4.502870
7.114961
9.024244
12.729862
14.172775
9.462079
3.926650
9.591804
11.450864
3.779514
8.414839
13.324566
10.795213
7.408918
4.623654
4.377906
8.137331
8.281680
16.460418
11.540082
9.651205
8.137346
13.504473
4.512254
12.803906
13.666044
9.411362
14.460410
8.707108
11.524807
12.094191
11.648618
8.782878
12.475364
9.623717
8.524153
18.139021
12.797924
9.324014
1.913221
13.498124
7.293637
20.493367
19.579951
2.400150
13.689927
11.358250
16.093622
6.912776
23.180994
5.852871
9.377146
6.869596
16.100560
4.712341
10.605519
10.053118
5.818897
11.382340
9.106969
13.830751
6.464499
17.773980
10.215291
10.484552
9.665605
13.330448
2.857005
14.220554
13.347774
13.469822
8.454139
12.292497
6.989091
9.147018
15.724766
14.372314
11.979928
9.591333
12.664197
12.281545
7.965906
15.083738
6.176545
15.571174
5.663864
4.233646
6.587690
3.273917
13.703090
8.700383
10.952345
12.178271
5.018369
6.968966
14.178192
10.200535
14.916725
8.551569
6.429497
12.144976
11.827988
7.046730
11.113657
8.680782
11.603811
9.124750
14.398453
12.192864
16.412406
7.439731
11.256818
5.374382
12.537911
8.686445
5.173880
17.653249
14.081751
7.148658
6.615429
10.934846
14.118371
12.223357
5.559425
5.686580
14.209697
3.039051
1.060679
-3.252251
15.657884
7.110662
10.288860
14.540776
1.213382
10.949659
11.320220
1.465411
19.091826
14.616001
15.638041
5.329508
17.069905
3.621161
4.112350
3.645406
8.374068
14.762905
6.106935
5.048051
2.432181
0.394828
8.612811
5.983955
5.697562
7.460116
17.033045
8.760099
8.355175
16.270334
-0.017176
4.834115
11.866848
10.099513
7.373620
3.039409
-0.231469
0.552196
12.693611
15.828138
17.096493
2.100861
-2.618908
16.173760
5.099303
1.435796
3.937171
9.406154
7.147794
0.417100
11.295395
6.078609
0.359740
18.848426
11.107414
6.723169
15.172952
4.206939
9.468796
7.403888
22.911011
7.107089
12.690597
9.172565
12.285607
1.998348
16.826991
9.273508
7.746699
8.104914
-0.428368
8.072243
13.808857
7.252039
9.891443
10.073400
2.315057
5.383077
6.051664
8.305735
2.331843
15.836370
6.652860
9.024461
6.009657
14.451429
-0.596761
1.546359
3.426902
-0.256076
16.607370
6.820705
13.713613
4.251464
7.823322
10.714957
11.038519
5.263608
5.449919
7.265401
17.621595
11.598732
8.770219
6.835281
11.680920
4.679359
8.236673
5.341099
1.198494
12.746432
7.529185
13.148624
5.139896
9.576823
0.179936
1.773931
6.916825
6.020583
9.950367
8.844322
10.140084
9.248172
2.211011
5.713607
12.130646
12.466454
3.967654
6.064669
10.017443
2.405240
11.138541
2.093183
4.872524
2.697107
13.579968
8.126406
7.262122
13.602613
3.499994
11.396491
10.918931
4.881505
3.981662
11.897437
12.414046
14.368397
7.154306
5.314050
11.175495
13.381683
5.980316
12.057741
10.687910
-1.527644
-2.126367
8.758998
4.736396
6.660931
4.100109
6.043514
4.304061
2.855093
5.742189
12.377032
3.294634
-1.427876
12.495055
6.737915
7.092391
8.225679
5.257384
23.005549
3.367880
15.191274
7.901105
0.688730
0.954240
12.987206
5.124712
10.916999
9.475078
4.940803
5.759490
11.641160
-2.181975
7.670243
0.256390
10.152749
7.738663
2.675309
9.465862
2.819939
1.961489
5.404969
17.542498
7.469489
12.986510
7.943137
8.183305
6.289267
10.162336
6.492570
10.844678
0.480893
9.564849
4.570715
0.250218
4.914230
11.820229
2.373228
3.427435
-4.160102
2.786401
7.291481
8.972669
11.476269
8.240943
5.242326
6.038198
2.381246
0.663931
8.300487
7.825330
12.201694
9.687097
2.876901
10.276996
6.862674
1.944132
1.495639
3.065900
6.923958
5.312690
3.992507
1.417169
12.866794
2.705131
10.671638
10.235506
3.578790
15.862117
5.772719
5.134310
7.897288
-2.360998
2.323484
4.158976
4.181679
6.826287
-4.211665
4.307755
-7.803166
10.300814
8.797272
2.700597
7.271873
6.213036
2.596867
7.620775
4.408936
-0.875705
11.434757
-3.494403
9.722320
1.723720
8.475283
-1.672574
5.846435
1.244481
7.309644
1.622177
10.071977
7.252263
5.145875
9.677726
3.310384
-2.406992
2.533026
-5.541480
-2.320596
8.114852
0.634127
7.061548
4.367800
5.940752
12.906831
-5.794115
0.306374
5.433121
7.903023
0.293536
7.155154
3.942768
12.870222
-1.924089
1.970116
11.133389
-0.256458
4.573791
7.285412
0.335734
6.645817
4.762669
5.532238
5.856814
-8.193830
13.882736
4.635894
-1.764161
1.441547
12.027617
4.382834
-7.885793
2.395890
-6.936511
1.753445
-1.098671
2.340137
4.964208
10.032097
2.999896
3.293769
4.627339
9.293206
-1.332153
0.874667
2.443808
0.911837
-4.308306
6.767701
4.439315
10.846740
3.450415
5.452843
4.897770
5.075033
1.344900
6.458845
13.270890
6.128190
4.930917
7.816759
6.043831
4.522080
-1.598990
2.551008
5.379340
1.237521
5.824074
-0.826674
-12.351934
2.316751
0.294852
-6.116091
-4.756121
4.640659
3.078465
7.969690
2.443524
1.458481
2.949848
2.109227
2.704100
5.831701
8.022627
2.868183
2.533681
6.742798
8.170663
1.487527
3.460188
-1.264752
1.938103
2.654120
2.700748
-4.894607
-3.033325
16.553852
5.654719
-0.058594
5.707447
1.113831
1.500140
-4.850872
8.311562
-0.032385
5.855348
7.153977
1.528506
-3.242905
-1.583538
3.377291
-5.283790
-1.659245
1.166944
-1.638074
2.547945
13.429621
3.131367
-5.249786
-6.731709
-2.349019
0.682928
1.156370
-12.267807
-0.368416
3.873675
8.251938
5.683209
-1.856711
-3.072870
-6.026506
4.108363
6.851837
-5.885252
-2.577513
-3.276437
5.813577
-1.786954
-4.920124
6.830849
2.016555
1.803341
10.294951
2.089536
-1.242166
7.112948
-2.121377
-1.970344
7.601252
-1.819215
1.229995
1.966838
1.343797
-2.261794
-0.753048
-2.592865
-4.913757
-1.116580
1.785157
-0.089095
2.253794
-1.931873
-2.583059
1.394088
8.151827
8.183329
-2.277154
-0.348064
0.164149
-5.060999
-1.158216
-4.356707
5.470430
-2.454657
0.865441
-4.987506
-4.251117
-0.214085
-6.372584
-1.467337
-15.252813
-0.288760
-0.959752
-2.639562
5.858871
-1.250851
-4.576614
-0.894637
2.452440
2.632507
4.606215
-0.453297
1.285950
-1.533417
-0.037443
0.130404
3.255849
1.320200
0.111349
-10.425732
0.182056
-6.813946
2.703075
1.147216
2.000787
-3.193510
-2.073348
-14.276463
-5.107545
-6.922205
2.487520
0.389850
-3.637509
8.590429
-7.089469
-0.119938
0.451654
-6.809112
-0.688383
1.213309
-0.441011
8.396394
-1.998838
3.792609
-7.078255
-5.324138
-9.551938
-5.652804
3.948392
2.593945
-9.628387
1.593964
-7.728535
5.119686
-10.319732
-4.073733
1.603357
-6.695142
-7.556920
-7.884176
0.250548
1.742054
2.472818
0.787578
-7.820770
-3.250282
-10.517560
-13.030011
-0.242404
5.475173
-0.615694
-10.607394
3.362386
-3.013479
-2.978251
-6.778778
-3.392529
1.762996
-2.978285
-1.601723
-2.941617
0.034741
-3.987445
-4.449359
6.194447
-7.684559
-7.110796
-7.979473
-7.360499
7.440039
-8.343999
0.500507
-1.269906
-11.078181
-0.071347
-12.051653
6.005427
-3.271118
1.028211
-5.144581
-0.969584
1.420910
-4.818008
-1.961829
-2.482774
-3.897068
5.582267
-10.420167
-5.349608
2.536909
-6.936157
-3.505859
-6.570764
-2.388309
-3.073785
-2.186626
-2.356758
-5.664346
-6.714229
-0.256987
-1.955559
-3.915135
2.273447
4.399374
0.598496
0.361338
-4.809331
3.011972
-0.460279
3.941289
-3.973336
8.994504
-2.857487
-7.142259
-3.059068
2.187596
-2.433812
-7.953335
-3.657929
-6.045355
1.087642
-5.816586
-8.529705
-9.666789
-5.181568
-7.109831
-15.617855
-3.767231
-5.914391
-4.415284
-1.602118
-1.841201
4.514359
2.854622
-2.749886
-5.388575
-1.889792
0.232708
-7.962446
-11.352628
-5.884435
-10.407261
-9.440936
-18.172537
-3.433908
-4.905986
-8.320382
-8.260033
4.408590
-9.376879
2.073237
-9.605859
-0.058584
-3.890995
-8.502401
-5.964417
-5.965200
-5.044987
-5.091593
-6.355064
-9.157336
-0.857392
-4.045805
-4.634728
-0.742841
1.052729
-11.760194
-10.384932
-2.743482
-6.851400
-5.984138
-7.888170
0.228061
-12.804140
-21.271448
-14.307457
-2.035388
-9.473305
-18.247804
-23.275466
-12.404507
-20.719153
-17.736311
-10.690830
-14.055355
-15.934913
-14.050150
-12.493880
-11.981484
-13.047148
-10.856683
-14.235670
-3.313848
-2.603321
-13.442805
-5.756064
-5.405262
-11.728844
-17.854097
-18.369807
-14.799341
-12.723743
-11.346183
-4.031319
-9.913781
-17.322378
-15.532994
-11.392106
-9.188648
-4.727548
-9.489968
-17.759805
-21.491696
-12.530154
-8.477993
-11.175190
-14.031598
-8.390890
-17.084617
-15.546464
-17.006544
-7.561096
-14.103667
-10.526551
-4.799229
-10.328579
-8.153775
-1.514238
-21.367554
-7.635731
-13.856162
-18.124998
-9.527749
-6.509978
-17.221769
-12.232945
-0.765143
-15.562232
-15.321505
-23.193634
-10.942037
-17.062359
-7.844586
-10.194397
-8.965387
-7.835818
-12.477984
-12.306215
-10.204388
-10.650756
-22.253654
-10.909066
-8.923898
-15.811689
-9.387669
-13.554315
-4.303395
-5.137298
-0.762520
-15.462350
-12.417734
-8.761287
-14.803926
-12.306053
-10.601239
-14.367260
-18.589367
-8.316507
-8.735816
-14.895918
-14.115812
-3.156043
-13.691241
-12.197778
-7.752254
-15.817923
-14.859477
3.195762
-5.999747
-6.906389
-10.768210
-12.350653
-23.621922
-12.315848
-8.359494
-12.778086
-9.740164
-10.195720
-18.801396
-1.829783
-9.097807
-16.183053
-9.802689
-7.983873
-18.444779
-17.074655
-4.072434
-13.064847
-15.104193
-18.690126
-8.388907
-13.839554
-18.443959
-13.284449
-20.377538
-9.054424
-15.642960
-18.641977
-9.047384
-10.250929
-12.999049
-15.889373
-17.860600
-15.789669
-11.519807
-10.658762
-10.343680
-20.847116
-17.003471
-9.975313
-16.795666
-18.655029
-15.146604
-13.646456
-10.632968
-8.662809
-13.709904
-14.812313
-16.436734
-11.383704
-15.109812
-13.138383
-12.519977
-4.993583
-12.324991
-11.836587
-18.692795
-9.816652
-22.632168
-5.534321
-15.389892
-14.149248
-5.130684
-10.967351
-7.909641
-17.501493
-16.752900
-8.624314
-8.689141
-16.170847
-11.650515
-7.430705
-12.015661
-12.328873
-15.198360
-11.604122
-8.912752
-11.283543
-9.958089
-13.780504
-11.765422
-13.573473
-7.527945
-15.344790
-14.934297
-16.714751
-15.654806
-10.479708
-12.672815
-13.464306
-14.201679
-11.100017
-19.198473
-25.160121
-12.134846
-16.689266
-24.903050
-16.905022
-16.801443
-15.075517
-20.521997
-24.379743
-13.924899
-17.356130
-10.384977
-11.861413
-23.557686
-13.839071
-10.305328
-15.549532
-13.951721
-13.602023
-13.122896
-18.994713
-20.561287
-17.758162
-14.722573
-19.133626
-11.624004
-8.901694
-14.461006
-11.244188
-9.208161
-9.325366
-17.940713
-8.604674
-9.267750
-13.440850
-7.891681
-18.083393
-13.041669
-13.818932
-6.541068
-10.799749
-4.514009
-7.750894
-5.298337
-14.178348
-14.563177
-17.260562
-18.766399
-14.847261
-8.770922
-8.658820
-10.644612
-14.032634
-14.460561
-11.987961
-21.052928
-15.796101
-19.411158
-17.124570
-26.819860
-17.241433
-16.458583
-17.459619
-17.566767
-12.995841
-19.091686
-21.678706
-21.969930
-24.500754
-3.319348
-16.693672
-7.449147
-19.670123
-16.084431
-11.934965
-5.511087
-14.408855
-16.647960
-15.910496
-8.970007
-16.756412
-18.774927
-14.561536
-13.657540
-15.806782
-8.039939
-11.220920
-13.640391
-14.933675
-11.647131
-10.010058
-16.569369
-15.271416
-22.396504
-18.915619
-21.934848
-15.638318
-9.403852
-13.347785
-15.297962
-9.997143
-6.947728
-12.055686
-13.513860
-6.396590
-12.459084
-18.559029
-19.396527
-14.090189
-17.570299
-21.111703
-12.046595
-15.866131
-18.796503
-17.172257
-14.706426
-15.119824
-9.544990
-6.907366
-23.312338
-12.256476
-14.036126
-10.284721
-14.014707
-22.069521
-8.129136
-13.281983
-14.471428
-14.848956
-16.441660
-25.417755
-12.863454
-16.927149
-16.226970
-9.938251
-11.016439
-9.921261
-20.874329
-10.834301
-5.468454
-17.823747
-7.418854
-14.113113
-13.049228
-17.557287
-23.802296
-17.137682
-9.743187
-5.656861
-8.636367
-14.940504
-8.729585
-15.837645
-16.762151
-8.244444
-15.043899
-12.333014
-8.860068
-13.146004
-11.491084
-10.803229
-10.203717
-12.724941
-15.005570
-17.620409
-11.450503
-17.648840
-9.501899
-9.988395
-10.832901
-5.557830
-14.979744
-20.333531
-14.419243
-19.892488
-9.618839
-17.693377
-14.501215
-19.213579
-18.884139
-22.353318
-16.988727
-10.220537
-18.084750
-7.667139
-11.095181
-21.380285
-14.095777
-22.361496
-15.105493
-15.080966
-11.624271
-17.457175
-15.051279
-15.794341
-16.747117
-10.563902
-12.324173
-13.172015
-19.261083
-17.914687
-9.771942
-13.075406
-18.704189
-8.472530
-6.549177
-23.251071
-12.779864
-13.944236
-10.193460
-15.904331
-13.888742
-10.861302
-13.103238
-28.782260
-19.677297
-16.489987
-15.551318
-12.218587
2.779059
-15.932222
-31.126146
-12.121585
-9.289287
-18.279386
-8.948268
-11.085905
-10.755259
-4.700199
-11.882570
-15.622887
-17.119271
-13.013201
-19.014248
-7.016588
-16.572378
-4.644457
-18.333624
-10.000565
-5.783621
-3.401271
-13.111672
-24.685862
-13.654777
-23.058544
-14.240117
1.278130
-13.666857
-12.367524
-19.983356
-7.007646
-12.839121
-12.878988
-11.689032
-14.726221
-11.567170
-16.587170
-11.195682
-14.136487
-24.451050
-14.491574
-20.881770
-12.499802
-13.710763
-13.078056
-9.253056
-5.317126
-15.386163
-16.376668
-14.838253
-7.370317
-10.806856
-10.944483
-15.857868
-21.739817
-5.030196
-5.520606
-7.731188
-8.139500
-7.550705
-13.781709
-6.169629
-11.913441
-10.685771
-15.218126
-9.228466
-11.251251
-6.898262
-13.206910
-3.959990
-11.046821
-7.765489
-10.224217
-7.843525
-5.342426
-18.371391
-6.542864
-20.196446
-12.770499
-9.907558
-12.279054
-7.675753
-10.910095
-15.219921
-18.650777
-11.058935
-6.945241
-15.415619
-17.443245
-13.536005
-11.168234
-19.300491
-25.385718
-5.745610
-22.717769
-9.704323
-15.675708
-13.387236
-12.903170
-11.176646
-9.762523
-12.763994
-12.837356
-6.159380
-18.751267
-8.567878
-9.914763
-7.003364
-9.891057
-7.059388
-13.282154
-9.395630
-16.039925
-13.395276
-17.862055
-16.576777
-0.337434
-10.901767
-16.507366
-12.265274
-11.858004
-6.872309
-5.495315
-9.193220
-14.243021
-8.625008
-10.563073
-4.264888
-11.691516
-21.781095
-18.066013
-6.764819
-19.780117
-4.413613
-8.109426
-15.017918
-8.512957
-6.212348
-8.928437
3.013304
-3.104068
-12.104101
-13.756527
-9.412114
-9.146045
-9.934549
-16.448164
-14.134375
-4.705220
-9.596018
-10.736254
-12.934463
-17.867376
-18.866213
-13.789165
-6.383908
-8.717257
-17.213212
-14.001083
-14.327518
-10.833692
-10.390403
-3.784412
-4.637310
-12.046757
-12.291840
-12.679179
-2.209122
-12.753972
-1.117789
-11.469285
-15.310474
-5.689631
-0.881703
0.340736
-10.414542
-11.039548
-13.310423
-6.490020
-6.758554
-11.318141
-14.957690
1.287481
-10.211077
-13.238928
-13.933400
-20.133058
-15.641750
-15.469962
-17.734977
-6.718304
-7.029152
-15.951675
-17.203476
-15.922644
-6.674265
-13.354511
-0.852231
-11.090298
-8.570318
-12.592713
-16.212570
-11.335932
-10.007064
-17.943134
-15.000979
-7.282100
-13.216124
-9.873985
-8.283864
-15.411151
-18.301725
-7.745387
-9.103454
-0.427267
-5.266311
-6.516963
-17.206332
-9.699336
-3.821026
-11.658779
-14.525332
-6.552232
-11.700472
-8.924201
-2.561526
-17.961738
-8.678867
-8.743538
-13.202058
-9.807142
-6.515269
-11.359682
-15.987522
-10.907563
-8.248762
-3.311484
-8.014935
0.654181
-11.486901
-5.787365
-13.758331
-18.090300
-3.730982
-13.965006
-7.527129
-4.736459
-9.587703
-3.210086
-12.768831
-5.272297
-15.167730
-18.198761
-16.780895
-6.170620
-9.685093
-5.197210
-10.915151
0.366657
-7.237938
-9.838620
-13.895250
-6.993647
-0.984143
-12.587751
-5.844912
-10.534173
-11.535565
-9.943709
-12.742827
-8.140773
-14.144014
-11.846393
-1.101507
-3.912725
-6.139206
-9.975089
-12.169156
-9.220718
-8.748333
-9.813585
-14.849866
-7.884056
-10.024262
-6.745023
-11.912516
-0.811795
-12.396862
-5.096348
-14.537206
-6.503821
-6.103204
-6.407311
-12.113546
-6.214734
-6.024056
-3.000734
-14.195867
-8.233637
-10.366069
-3.046354
-7.070793
-6.310838
-6.774894
-8.970274
-4.154709
-4.787727
-6.869486
-11.760810
-5.185268
-8.367498
-0.176008
-4.136788
-1.405507
-16.255851
-2.183936
-5.004112
-5.433693
-3.204744
-10.937044
-8.418706
-1.158816
0.720837
-5.637171
-5.409444
-1.730869
-4.510307
1.580117
-14.680669
-15.074180
-17.151528
-7.957881
-1.696362
-6.954000
-3.826539
-4.350195
-3.645369
1.348711
-5.485462
-2.533661
-7.597083
-1.125487
-6.694301
-3.312357
-8.359554
-4.329167
-1.965545
-0.002570
-13.369786
-10.586248
-6.514395
-7.589932
-8.173540
-1.016344
2.323214
-7.825731
-4.570025
-6.854155
-9.074029
-1.388594
0.753388
-0.041254
-0.183690
-10.579063
-10.202941
-10.276731
-4.457138
1.763764
-2.375180
4.392203
-9.853373
-8.808897
-0.980727
-4.797712
-4.980695
-6.857773
-6.440610
-21.131780
-8.822277
-6.020343
-10.013589
-5.736788
-9.224135
-1.922505
-2.023117
1.355404
-3.807521
-4.436939
-0.263153
-4.224353
-8.622646
5.292021
-14.571837
-5.312581
-7.924216
-9.107301
-8.399635
-7.089727
4.260633
-12.775120
-4.612680
-3.620258
0.675144
-1.686273
-3.841772
-8.781361
-3.379137
-5.264058
-2.021288
-6.983028
-11.190049
-4.482835
-4.385454
-10.119083
-7.611950
8.394041
-2.280927
-4.941324
2.775440
5.933377
-5.242997
-7.477899
-8.994260
-1.946176
-4.864636
-6.028381
-0.813225
-3.866009
-1.745589
-7.651718
-1.248619
-2.021977
-3.839621
0.621101
6.320330
-2.178433
3.652281
-3.218023
-0.609784
1.919987
-12.039627
-9.322234
-6.075095
4.858243
-1.935765
-3.812399
-7.155807
-6.423221
-10.706578
-10.816974
-2.311629
-13.577316
-22.077081
2.467564
-0.590390
2.717963
0.249690
-4.621183
-11.828226
-4.687438
-9.643643
-10.700528
0.205223
-3.276729
-8.168065
0.639216
1.031671
-5.116409
-6.047468
-5.168510
-7.286874
3.532627
1.322429
-11.564465
-0.802521
5.598557
-5.563387
-1.030756
-2.614873
-14.526007
2.529670
7.681342
-8.069965
-3.106495
3.793214
-3.104798
4.660073
4.765920
1.829056
-1.079217
10.256503
-0.292260
4.662731
-3.295787
9.031297
-1.258050
2.791155
-3.998167
3.282284
-3.247145
-4.700699
3.274124
0.223713
1.183921
-5.230062
1.957576
0.480516
-0.649603
1.796953
-2.047602
3.281790
7.468096
3.351994
5.792019
-2.615585
2.457817
-2.682836
2.844382
-0.821421
-5.283922
4.968258
-4.265091
-1.235215
-1.348222
-4.758990
-3.314621
-8.140977
3.755830
2.478141
1.480964
2.357912
-8.720288
-3.398663
-2.388057
-7.088852
-7.517734
-4.999984
-1.885788
5.086339
4.864953
0.262719
-0.946382
4.374453
-1.388727
2.210694
3.617551
3.007721
-1.156680
-1.971273
-4.937763
-5.414463
8.312647
5.889821
-3.353128
-8.825333
-3.785237
-1.397721
-0.211309
8.664579
2.998391
-1.662695
4.763083
-1.529564
-6.546717
2.179044
-3.872038
-3.283730
8.334592
-1.056746
2.317821
-1.483869
-0.130741
-9.200214
7.719699
-1.766753
-6.940357
2.151801
5.663578
1.819669
4.522729
3.979079
-1.885276
7.530937
2.077808
2.498886
-5.003182
2.648171
9.941662
-1.309226
7.895445
2.325667
4.451715
-8.057396
3.717942
13.624327
4.546714
-3.397613
-0.039801
8.058359
-0.606238
-1.118777
-0.429280
-6.748121
6.037988
-3.693976
-4.341750
8.376145
-0.721080
-7.952467
-0.844229
1.586371
-1.520532
-4.194376
-0.453203
-5.028109
-0.255645
4.580010
-1.716753
1.041014
4.273280
-0.420712
-2.198112
-5.682012
9.763990
4.630484
0.177810
-3.464762
9.592661
-0.829668
-4.301801
1.318447
-3.971431
3.156650
3.441541
8.454576
4.020277
-1.901639
-3.384287
1.150637
3.071255
3.113397
-3.542920
4.608081
-0.055343
3.894493
7.389601
2.565521
11.910024
2.890328
2.687593
-11.719776
6.148233
5.136127
-0.010324
-3.084290
-0.271539
0.387177
-0.542977
4.031752
-6.828060
1.514181
1.791542
-1.611805
5.422392
4.591422
-1.609101
-2.270935
-4.468484
6.573074
10.312589
-1.552430
5.849694
-1.624368
0.418060
4.235762
8.531315
4.948262
-1.894752
8.994198
-0.086265
10.369756
-0.227300
0.535360
1.296855
2.120690
11.436145
6.779366
3.394448
5.933549
3.139904
-1.085551
1.848068
1.593668
6.197487
8.270470
4.014048
5.492224
5.891611
-0.138163
11.158635
1.273762
7.949112
0.962464
1.390119
-0.413646
0.553566
-0.323367
7.641174
8.789649
-8.852801
5.063654
7.337732
-1.711040
3.388848
0.128437
9.289034
5.929636
2.807025
0.846320
3.495224
-0.465336
4.211051
7.826605
11.720040
6.481791
7.450026
5.053893
6.523359
-0.798032
3.933162
7.545185
0.901557
10.375986
1.866284
-17.154828
9.765319
4.223981
-5.571545
8.406035
3.471176
2.000651
10.731442
-0.635721
-3.763312
8.205000
-1.021146
3.693213
14.379683
9.698117
0.386729
-2.267341
8.329066
4.478583
11.952454
9.301198
-0.925267
6.193410
6.596978
6.702262
3.564772
2.308245
4.486739
5.567538
9.612281
18.148801
-1.721191
8.707354
4.812814
-6.718754
3.671973
4.279970
0.803902
-10.412040
0.135500
9.835542
8.243005
5.134718
4.718968
-1.720839
-2.073561
4.528517
-1.806037
3.253198
10.954794
11.732063
6.474284
-6.164384
2.989279
0.730751
-0.459605
12.453204
0.176180
1.885180
-0.677077
-0.415233
8.876859
1.276896
6.913943
-3.564032
4.875862
3.228730
-1.473009
13.151134
2.472314
6.621130
-2.869967
4.815932
5.486806
5.734221
0.933835
4.354029
7.843396
8.527280
5.229182
9.297090
2.528133
4.068622
9.021638
10.259802
12.316715
-5.646534
1.227037
-3.053792
0.810795
-1.452669
-0.316008
2.321907
3.300105
0.473893
8.659146
3.653945
4.347025
-2.566352
-2.139524
10.827686
9.464275
-3.686000
5.728719
9.244213
3.400526
7.238262
4.691451
10.035819
8.375959
0.384772
15.140941
10.178660
2.664678
-1.032076
9.134537
3.967877
4.779542
7.498553
-1.335647
0.714120
2.402301
5.033695
11.110418
1.324530
5.989125
1.203307
16.238938
8.074535
3.343561
12.321656
0.149466
9.630268
3.504766
-3.963730
11.029897
5.553545
-0.222645
1.025646
8.254742
6.901917
12.310499
2.974712
-3.853426
3.908566
9.912388
-7.030676
8.896467
-2.584998
3.216797
4.928431
11.574672
4.502975
3.139925
7.581705
7.023183
-6.741612
0.283884
12.508351
6.677541
17.264514
6.428168
1.881060
3.020172
8.670545
4.533636
10.833445
10.676131
11.450638
4.849150
9.269335
17.682777
11.147030
11.714051
-0.501608
-2.217678
-2.511999
13.943895
0.719774
3.539143
3.060509
10.562545
2.080668
3.845248
9.960922
2.660200
8.532756
2.458371
10.485430
-4.403607
4.686691
-3.642401
8.264837
2.760947
0.548743
7.369710
-6.326456
5.636366
8.370576
6.065492
3.461123
12.485351
-2.478977
5.692953
1.747615
-2.180808
2.896984
2.645126
1.954436
10.280192
-0.071752
7.140082
9.428920
11.574229
8.306268
8.241681
-1.513490
6.478412
1.235176
7.592054
10.612803
8.058664
7.131072
12.698086
5.415648
1.348160
3.367758
8.823556
10.867020
-0.158056
11.233347
9.337611
1.394132
3.793928
-6.816918
-4.049613
11.383929
8.572332
0.864590
12.938460
5.669988
-2.943607
11.267337
-8.236137
-4.734109
3.038281
8.939077
9.960891
3.229822
8.438587
4.708163
5.134434
2.392469
11.670771
7.498023
12.191351
1.159604
4.291995
-5.221651
1.860901
6.503075
1.656867
5.194134
-2.022256
-4.693264
9.607950
2.442390
4.211887
3.570547
5.046905
8.195057
3.719468
6.339929
-1.229603
4.945671
3.472797
4.626357
-1.136578
7.342543
1.716816
-1.861156
5.444796
2.521958
2.091100
-0.722345
0.707985
2.212625
5.103786
10.146869
2.891631
2.859001
8.194425
-1.283070
4.798528
-3.355225
-2.562240
6.408347
5.258391
4.436457
0.628210
-8.920959
0.107444
2.002749
7.511983
10.871075
5.162071
9.496497
4.273640
0.989180
-5.645926
5.855376
-3.603256
-0.083594
-5.997793
3.257311
3.490985
10.478319
-0.864697
2.943132
8.711764
2.780701
9.604114
3.082093
0.405534
8.157080
6.561712
14.004601
0.573499
0.850574
-3.026695
1.377350
9.953189
4.046937
5.471151
8.349695
4.364590
-4.306197
3.561967
8.193833
-6.392944
1.661260
0.854031
7.018411
7.662030
8.793156
10.006125
1.925537
0.615643
4.354676
4.011761
1.528207
-1.598861
6.417653
3.890105
4.145406
5.568033
-0.181313
2.442781
3.353834
7.765450
1.701026
2.556863
1.059584
9.337973
1.513042
9.707831
-0.957102
5.932884
8.269676
7.038434
-3.595235
-3.908847
4.074345
7.778390
5.547272
0.128884
4.183739
4.088116
10.431674
4.345847
-2.208453
3.041882
-3.254751
-5.053621
7.980738
1.091133
0.701785
5.804786
5.465640
7.824820
2.863451
-3.503212
3.185643
-0.119952
3.875761
2.731250
8.339422
2.820882
3.785273
4.186801
-3.942762
6.842669
-1.411367
-0.447044
-1.302589
-0.036861
0.621953
2.961038
3.936703
-2.557505
11.443092
-0.661307
6.788955
0.548712
-0.041311
2.424366
-3.479491
-0.684655
8.161035
-0.659143
-1.289927
0.643080
2.539778
7.984254
3.232254
9.003079
3.000558
1.514649
2.300211
0.326587
-6.762301
0.137728
0.357381
4.344516
-7.076766
3.417433
-1.108486
-5.985881
6.587180
-1.247625
-6.452398
5.522086
1.396231
-3.963712
7.182310
2.168763
1.595976
4.172703
-1.284384
4.749639
6.507067
-5.911683
-2.503638
12.467122
-7.933338
7.958882
3.945559
11.627788
1.000428
11.041574
1.720402
-3.077835
8.621501
-2.141280
0.479722
1.380326
1.535805
1.110315
5.411584
-7.416905
2.915237
0.683860
10.228180
5.736507
4.954579
7.003704
-4.240948
8.340717
-3.379271
4.596704
1.581130
7.814002
0.224616
-0.801791
2.995804
-0.188237
9.363460
0.884936
2.478881
-1.186237
-1.836208
3.715743
4.189807
1.474080
-0.041880
-5.094591
7.338262
-2.532716
3.350467
4.172154
-7.569756
-1.863264
4.582728
-0.727618
-2.407001
-4.193654
-3.050035
2.291546
2.094930
1.352273
6.166716
-8.208146
-3.151231
4.295574
-0.025681
0.872822
0.991461
2.557635
-1.924236
2.260176
-13.475403
0.313344
-3.079869
-3.763699
-0.693179
15.148566
2.386434
-0.587079
3.762726
4.098721
-10.966849
5.528347
-1.177737
1.478567
-0.898337
-2.997447
0.794199
5.258624
-4.877310
6.997978
0.112350
5.066106
0.493769
5.615688
-1.450107
1.864393
6.808393
0.790272
-5.445833
5.088009
-4.722031
-4.010042
2.305701
0.721830
1.203391
-5.272050
-3.523738
-4.902268
-2.962356
-3.556966
-0.402389
1.844208
12.102419
-3.022628
4.722037
-2.533328
3.929118
11.348557
10.174367
5.576392
-0.688941
0.912582
2.453847
7.181133
5.766975
0.467755
7.100523
5.025863
-1.213437
4.577139
3.066353
1.714650
6.621212
-1.004260
-6.540308
-4.539761
2.302228
1.922977
-0.317848
-1.324232
-0.304880
3.483253
-9.644870
-1.672043
4.831139
4.887654
5.241910
4.493874
2.874539
-0.120706
-4.884096
-3.685084
7.096590
10.434555
3.725699
-11.244204
8.723541
5.783533
6.735620
3.729194
2.089971
3.605272
10.223327
2.934389
5.747833
7.074567
7.106387
1.071803
-4.858643
4.876743
10.698447
-2.481306
7.885078
-1.068119
-8.778396
9.247083
1.735529
-5.825216
1.189187
-3.621437
-3.698549
-0.582570
-0.140021
0.634961
9.160181
2.583550
3.219897
-0.903416
-2.710641
3.981575
-0.719335
9.500118
2.691743
-8.326738
12.372960
-6.750797
2.240396
0.015363
-2.640513
3.032264
1.226568
0.887786
-4.771483
-0.146447
-2.921561
-3.029086
3.549537
-3.787308
-0.951196
-4.594042
-1.833940
0.575243
2.513324
2.555039
3.386656
2.916552
5.178974
1.938638
4.136211
4.650758
5.720020
3.445836
2.210879
1.137473
2.072429
10.362501
-4.172201
-17.972943
2.414826
-4.094072
0.506228
6.130217
-1.721878
-6.433021
-9.397362
7.033568
5.458967
1.008944
-2.705247
4.685201
-0.145062
-1.343434
4.014348
10.064697
3.828059
-5.715523
-9.102323
-3.232479
0.486806
9.816854
-2.966541
5.314390
0.514109
-3.228117
1.532269
-3.075649
-7.234241
-1.869189
-1.686914
-1.089817
-1.642609
-11.215780
-8.522243
0.354946
-4.110048
-3.768201
-3.171549
5.318418
-2.340398
-6.825443
-1.728178
4.973210
3.410644
-7.305853
-5.088765
-1.418896
8.065602
-3.863067
0.929253
-5.895299
-5.268048
-9.457443
5.599662
-4.951936
-1.561343
-3.945319
-6.964381
-6.869799
-5.780439
-5.468269
11.161776
3.253617
3.250540
-5.984139
1.779060
-4.149623
4.548186
3.292427
3.672261
6.731094
-9.131847
-3.506476
-2.835604
-6.404862
-0.680842
1.948871
-2.443153
2.238512
-0.710901
-4.658453
-5.366175
-6.665760
-0.247390
2.012109
0.347148
-6.585634
-11.746850
-3.266320
6.272852
-2.942735
-7.684084
-3.208749
-2.553373
-0.088731
-1.673101
2.741513
-6.527461
-6.688002
-2.629791
-3.578235
0.011886
-2.633202
-2.931343
0.096466
1.562391
5.399590
-12.131547
-7.253936
-4.527080
-11.614178
-2.559867
-4.074930
1.018751
2.554279
8.564757
-7.046341
-0.891402
-4.871086
-1.402502
-5.153879
-14.491736
4.606631
2.486697
-7.386856
-14.370405
0.880130
-1.580695
0.099714
2.444077
1.710649
1.427580
-5.104425
-0.550264
-5.262490
-4.332941
-12.434607
-1.434842
-6.904740
0.359773
7.165483
-8.651084
-0.003243
-8.722017
-0.949484
-7.318996
-3.349697
6.891316
-2.757713
-9.095858
-1.640383
-3.341655
-1.743756
-3.140913
-1.994761
-4.220682
-4.619209
9.480162
-8.096648
-7.652233
-6.362993
-5.982442
-6.519448
-5.596569
0.038403
-1.858730
-6.720633
1.203284
2.980419
-8.137898
-0.804991
-13.039938
-8.026374
10.312928
-8.594755
0.709015
-5.465581
-4.261684
0.002835
-9.337395
-12.896574
-4.247851
4.324139
-5.323105
-7.330566
-4.616292
-4.102543
-1.540213
-7.821437
-9.583086
-7.142480
-12.073533
-3.191347
-4.343750
-0.791663
-0.013316
-0.200399
-7.948694
1.323305
-4.789495
-9.844368
-7.087978
-5.675211
-10.092410
-5.413536
-7.244671
-1.291759
-2.789098
-3.783487
-7.323491
0.228868
-2.222688
-4.865483
-7.636105
-10.494703
-2.452934
-8.684752
3.211495
-0.636696
-4.019292
2.558372
-8.639499
1.906879
-4.330337
2.305610
2.925723
-5.416834
-2.543485
-8.167095
-10.379093
-9.179290
-6.182790
-10.398131
-2.895478
4.347038
-12.095785
-10.457337
-5.845872
-7.718226
-5.999200
-20.756375
-4.301940
-0.281800
-11.676059
-11.392733
-15.132974
0.295076
-11.339194
-2.236671
-13.530760
-11.553665
-9.845726
-11.521615
-3.753467
-8.211525
2.752845
-6.725745
0.836771
-11.888169
-8.161387
-7.335511
-3.389903
2.651324
-5.383301
2.134965
-7.971542
-7.654233
-11.196354
-7.870719
-10.001056
-7.390499
-4.532034
-5.182862
-7.456320
-4.414705
-10.350908
-3.929587
-10.082648
-4.975380
-5.002574
-6.478339
-5.263078
-16.191652
-5.377138
-7.173508
-6.467768
-3.273528
8.892174
-4.157401
-12.213657
-5.415337
-7.619636
-10.277508
-2.084983
-6.863044
-4.335441
-2.326353
-6.564521
-4.891039
-6.858011
-7.704350
-7.796609
-14.556100
-5.059873
-3.859616
-4.575728
-9.360955
-7.486843
-13.053343
-10.718873
-2.693863
-14.497280
-1.935775
-2.963069
-8.355665
-0.602721
-8.536688
-1.135540
-13.323967
-7.928605
-3.904665
-7.314748
-2.759399
-7.163589
-6.666968
-19.421970
-11.381510
-7.989789
-13.519144
-10.188559
-9.163015
-4.507370
-5.517041
-5.678298
-8.949416
-10.872413
0.286708
-9.638224
-15.567292
-6.912983
-7.784841
-5.665198
1.070691
-9.736177
-10.794626
-8.629688
-9.967813
-3.864568
-6.837377
-7.940630
-11.504326
-4.647928
-12.060641
-9.450349
4.207572
-11.767714
-1.534364
-4.256023
-9.120616
-3.801411
-2.541852
-11.799720
-5.620713
-9.287531
2.560536
-9.516337
-11.290709
-3.863401
-14.039600
-10.459285
-4.896909
-2.045686
-6.594701
-14.772468
-7.766332
-4.709903
-12.950386
-8.695614
-7.767877
-12.439380
-7.476519
7.023752
-11.756531
-9.100071
-8.776332
-1.751138
-9.086842
-6.127927
-9.959246
-4.766795
-5.458249
-5.901383
-14.441651
-8.455032
-16.798986
-17.583191
-5.325346
-10.367185
-10.587964
-7.063514
-1.308909
-9.309510
-9.151898
-6.855883
-8.240561
-4.088168
-2.951341
1.015313
-10.022833
-6.399970
-6.260768
-7.368370
-2.524978
-5.993289
3.084965
-13.322302
-2.795290
-7.581507
-5.990641
-16.997740
-19.644893
-6.665393
-7.515705
-6.651000
-7.608575
5.411703
-5.786064
-14.145894
-8.964978
-9.794192
-14.785056
-8.530780
-15.451414
-3.719718
-2.681946
-12.396896
-7.176259
-5.475243
-1.134784
-11.304058
-3.712457
-12.183283
-6.890300
-7.667209
-10.479320
-2.955825
-5.316051
-5.398458
-7.774156
1.188094
-19.340860
-6.817624
-15.935678
-10.044441
-3.857462
-11.227035
-1.677940
-7.875813
-7.958309
1.305652
-12.302147
-1.717107
-11.622272
-11.145135
-7.921755
-12.168670
-8.202973
-5.951644
-13.189496
-2.920423
-6.402570
-3.239997
-5.551044
-3.473387
4.776522
-13.284926
-15.288791
-7.535414
-17.322751
-10.675772
-10.027467
0.517301
-12.272728
-9.314424
-11.777704
-8.139057
-3.427300
-9.778908
-14.116054
-13.900889
0.059292
-4.966370
-12.676050
-2.691338
-12.818544
-9.829009
-6.478708
-10.865971
-6.862357
-3.884161
-15.082326
-2.590332
-2.587403
-14.517186
-13.376410
-11.422046
-12.317211
-10.855895
-5.159990
-13.225771
-10.696219
-3.877511
-12.373237
-2.565596
-9.803422
-10.495127
0.456781
-13.867727
-13.263133
-13.283386
-4.272850
-9.739815
-9.190393
-19.883318
-17.590052
-11.360870
-9.978255
-2.764115
-9.012759
-7.068618
-24.645811
-13.782839
-7.755313
-3.850471
-14.066587
3.849948
-9.298395
-6.653038
-10.335726
-9.056197
-7.658433
-0.031849
-5.785648
-5.229177
-6.586494
-12.749959
-12.696228
-1.726414
-13.529060
-13.267770
-8.374083
-10.994902
0.802220
-11.271432
-12.247026
-15.929387
-4.530881
-1.855540
-22.808067
-1.182437
-12.322517
-16.320159
-5.990639
-15.571700
-6.228104
-14.139751
-6.585792
-0.367103
-6.968968
-14.349709
-3.646489
-10.854991
-4.773158
-7.812801
1.738402
-6.619225
-5.674151
-11.575015
-8.938625
-16.891198
-2.724866
-12.916063
-9.396386
-5.647707
-4.908907
-18.472192
-3.613176
-11.474025
-8.072503
-16.583540
-9.840822
-7.200908
-14.828428
-9.462107
-6.300356
-13.855510
-9.340004
-8.586048
-15.914900
-19.277760
-7.425803
-19.488662
-15.193086
-11.947240
0.833804
-4.071733
-8.364278
-1.844349
-13.231484
-2.812527
-7.289919
-7.339061
-9.423189
-10.805892
-6.404362
-2.739083
-3.106202
-4.976982
-15.738979
-12.851860
-7.704327
-12.987692
-11.162305
-2.881014
-10.616208
-1.713177
-7.931342
-11.038011
-11.181212
-16.985117
-17.326619
-6.820414
-9.474629
-12.404550
-4.813866
-9.947144
-7.872428
-4.041374
-12.007613
-13.270493
-10.056561
-6.740430
7.337983
-12.839471
-7.426593
-5.736969
-7.506327
-1.656359
-8.949745
-5.679601
-9.562471
-8.682123
-6.368046
-4.309476
-5.090434
-11.986352
-10.807990
-6.080049
-9.265900
-3.036642
-7.956523
-3.009293
-10.269950
-25.876115
-15.019445
-9.397925
-6.085643
-4.735756
-3.507832
-11.199269
-10.916308
-0.647281
-3.189909
-15.375301
-6.295240
-9.803884
-4.900318
-7.964879
-0.905504
-6.828321
-8.181350
-13.444366
-2.282246
-4.222212
-6.758613
-2.871215
-19.175429
-3.394884
-7.324836
-13.708886
-8.190158
-3.328203
-10.030813
-8.492902
-14.745602
-12.434077
-8.782016
-9.082979
-5.492753
-2.801234
-9.896604
-9.207944
-6.875875
-2.818317
-4.934367
-5.628579
-18.058741
-17.169051
-13.983252
-4.629261
-11.227650
-6.064662
-13.101815
-8.326103
-11.880138
-2.647877
-4.445595
-6.063918
-6.586042
-9.159797
-9.879017
-17.709632
-5.003215
-9.131835
-15.549817
-14.076194
-9.138839
1.982453
-6.564936
-0.967575
-11.051464
-18.523208
-9.188972
-6.362982
-12.513451
-8.504752
-12.018593
-13.449997
-15.606247
-6.265185
-0.770286
-7.280770
-9.254364
-5.363571
-11.301473
2.231232
0.713066
-8.716107
-11.940839
-4.528631
-13.390968
-10.280707
-10.152518
-5.434764
-8.402691
0.889621
-0.924271
-3.413788
-7.934653
-0.707057
1.069038
-11.900857
1.699736
-4.883077
-1.631127
-6.797222
-3.294321
-15.305075
-12.913569
-1.841801
-12.004000
-9.494024
-6.823406
-10.579313
-10.001792
-4.893750
-7.501440
-7.533911
-6.971346
-4.934651
0.500154
0.247700
-7.801615
-6.069902
2.408483
-4.679225
-17.823260
-11.634749
-5.445599
-9.063937
-8.973673
0.740054
-4.509634
6.034293
-8.720565
-2.527247
-8.384705
-7.943090
-1.991781
-8.388436
-11.268482
-7.349094
-0.061746
-11.767582
-0.880862
-4.733268
-10.193471
-11.900384
0.347783
-10.557417
-5.644313
-5.678251
-6.981671
-7.240740
-10.196245
-5.816275
0.331551
-3.904224
-5.734316
-6.060003
-1.382892
-10.398305
-1.352944
-11.484674
-2.836410
-8.774356
-0.912402
-3.468050
-10.656010
-4.739614
-2.857473
-2.756208
-0.467377
-7.961143
-2.587803
-10.924826
-5.989575
-6.451567
-10.283446
-5.189654
0.369928
-4.985476
-0.044998
-1.875015
-6.229972
-10.491488
-5.234377
3.217016
-9.443671
-1.935280
-4.696599
0.486975
4.026044
-13.623770
-9.614911
-5.770230
0.313518
-3.888736
-4.259233
3.169255
-12.829765
-18.724901
-5.208251
-8.004437
-1.401919
-5.074796
-10.688379
-4.775953
0.808151
1.120158
-13.076023
-12.528116
3.731238
-2.875928
-11.573042
-8.827480
-5.638778
-10.737611
-4.446482
-13.579557
-7.789195
-8.783523
-6.597936
-10.033178
-6.301959
-0.076461
-7.395472
0.491107
4.679412
-1.661256
-7.493750
-11.852441
-6.487887
-6.342215
-8.842616
-2.152020
-10.074995
-2.802566
-6.250347
-9.438897
-2.205574
-3.380129
-3.118179
-0.920289
-5.630971
-6.276058
-8.089509
-2.317217
-1.619968
-11.078891
-8.338281
1.374586
-2.638722
-9.257925
2.412278
-7.033502
-9.265460
-1.129011
-4.858308
-6.067655
-5.664919
4.283183
-2.256570
-8.056349
-6.433323
-9.488078
4.373401
2.543538
1.061021
-5.692489
-15.275103
-3.737127
-8.657290
2.259770
2.711956
-6.143877
0.432098
-4.313263
-3.234279
-7.085995
-8.874212
4.751042
3.107329
-11.327666
-0.300068
-9.713140
8.594868
8.400555
-5.527215
-4.287259
-7.545400
-2.122927
5.075881
-1.302702
-1.197007
-5.545498
-4.108918
4.396399
-7.494622
7.379569
1.956558
-8.865759
5.569831
0.663488
-5.603764
0.817635
-0.004429
-13.696161
5.458137
-3.116402
3.535868
0.835570
2.122391
-1.673544
5.118106
-7.907709
-2.505993
1.020992
3.760942
-7.834153
0.862887
-0.287728
-12.001610
0.232529
6.945469
11.498768
-3.278705
-5.037563
5.285642
1.315109
-11.838344
-7.184586
-5.601982
7.342881
5.100399
-5.022234
3.176450
-1.446335
-6.107244
3.551090
-7.178997
-2.595365
-2.578164
2.815186
-3.869364
1.141949
9.176285
0.596436
5.775491
-0.133233
-0.789891
-3.292010
-1.284243
8.093561
0.149319
-13.756736
-5.074671
-2.002873
0.947423
-3.843364
-2.167160
2.375256
-5.239958
8.039276
2.995883
-1.054542
-2.558212
-13.383887
0.808027
