0.280878
0.019747
0.653046
-0.303163
0.066146
-1.449013
-0.995907
-0.034923
0.621951
0.181461
0.026427
0.257288
0.519743
0.768622
1.150757
2.101299
-0.394326
0.196975
0.766755
0.361697
0.636144
2.317511
2.735769
1.580379
1.066629
-0.095236
1.677184
0.639169
0.760604
1.452765
-1.475423
-0.306033
1.513704
1.677795
2.150962
1.219064
1.325615
1.066969
-0.186653
1.082703
1.305547
1.580460
1.094297
0.041123
3.687055
1.927840
1.804971
1.608419
0.474330
0.199551
1.328973
1.772840
0.492727
0.246103
2.188682
1.440159
1.707920
1.772649
0.883772
2.157708
0.677098
2.970396
1.365385
0.244859
2.418721
2.399140
2.036348
2.465518
0.630404
0.217220
3.082642
1.798794
1.705895
3.781967
3.203442
3.485500
1.920645
2.333434
3.080720
2.319491
2.711517
2.934142
2.341774
2.204957
2.284522
2.675335
4.699339
2.550127
2.129535
2.441279
2.307244
4.578490
1.985805
4.854142
2.073370
3.934488
2.172277
2.489522
2.724330
3.255096
2.735697
3.194300
2.643172
3.847307
2.889097
2.782102
4.527855
2.918201
2.874397
2.711027
1.096383
3.093826
4.521561
2.462222
5.186773
2.827591
3.825371
2.940802
3.286895
5.459733
3.130172
3.567196
4.060950
3.246404
2.819338
4.445990
3.262621
4.454404
3.847355
4.420797
3.938352
3.705912
3.744572
3.892078
3.786345
3.797180
4.258157
4.178146
3.786012
1.769963
4.196129
3.374012
7.131650
3.249551
4.182021
4.620959
4.271450
3.682815
5.249439
3.717476
2.571360
3.611190
2.591834
4.444618
4.570806
4.904855
5.817627
5.956492
5.041622
4.867741
3.945950
3.441877
4.408473
2.464586
3.579934
3.851110
3.769301
4.487097
4.631251
4.441128
7.022539
4.715176
4.586291
4.986597
5.364070
4.791870
4.587357
3.075804
5.523494
5.383075
3.877529
5.060911
4.768156
5.029293
5.215312
4.650576
6.977168
4.917934
5.020505
4.682154
4.908283
5.257110
5.133378
7.204667
5.312299
6.359015
4.659059
4.925275
5.804061
5.203909
5.451657
6.766674
5.459244
5.068146
6.820422
5.100451
5.323386
6.549739
5.419199
5.353835
5.264941
6.602952
5.439425
5.506041
8.268296
5.119742
5.944875
6.133768
5.706484
4.990792
5.577361
5.932067
6.165687
7.308728
5.857871
7.296907
6.677542
6.057591
5.886135
5.971438
7.456826
6.389213
7.353798
6.163355
5.492801
4.971540
5.843460
4.288139
5.586303
5.693931
5.413963
6.722689
7.624955
6.109373
6.149537
7.081998
6.279397
5.811706
5.674918
6.422740
6.211256
7.056101
6.623992
5.372019
6.780433
8.265752
7.280288
5.510950
7.796050
5.842773
9.703778
8.502792
6.814466
6.701620
6.174903
6.713025
7.117244
6.284386
5.915795
7.564931
5.505668
7.829821
6.476441
6.990108
7.234894
6.305638
7.351471
8.424729
7.102578
4.654114
7.352075
7.392734
7.738810
4.269326
7.881414
7.301096
6.473256
7.595096
7.279178
7.170841
7.406833
7.028976
5.709370
5.599614
8.142557
5.927282
7.647422
9.621514
8.926403
7.607544
7.449760
7.158178
7.375602
7.315661
6.442262
6.520617
7.410994
7.855926
6.401128
7.576008
7.492535
8.216044
7.793625
7.534739
7.662517
9.782509
9.716185
7.190368
8.276506
9.384238
8.112595
8.250298
7.981203
7.603673
9.894827
7.614526
6.670482
9.251501
8.046495
6.503253
8.019300
8.194994
8.585799
7.244585
8.103232
7.744034
10.444289
8.453098
9.280061
8.200325
8.386928
7.963784
8.374940
9.086099
8.428046
7.774342
8.133847
8.517050
7.657335
8.292571
8.324451
7.877556
6.597323
10.905298
8.409929
7.706216
8.175924
8.601484
8.283319
10.407406
8.306607
9.609031
7.506802
7.709415
10.014487
7.853941
9.204635
9.582438
9.503277
5.897370
8.529432
2.528940
8.808192
6.440647
9.135242
8.338141
9.101226
9.326990
8.863119
9.010499
10.780707
7.234101
8.389869
8.909620
7.627713
8.096151
8.985088
8.437469
7.936393
10.437912
8.290570
11.251201
8.822050
8.850889
7.061081
10.016749
8.400836
9.273315
11.367359
9.209497
9.059906
9.521003
7.054806
8.949751
9.748413
8.847765
9.428464
10.411499
8.423599
8.120006
9.157921
9.442104
8.446832
9.300760
9.913540
8.703205
9.356999
7.820259
8.672596
8.782061
10.414243
9.014900
8.061467
10.786770
9.498666
8.881854
9.139841
8.792603
8.820879
9.054972
8.836901
7.645621
9.560468
10.235403
8.529093
9.394143
9.040199
8.869083
10.118837
8.910510
9.635898
9.118072
10.210940
8.515137
8.664083
8.865352
8.560777
9.110430
10.400842
8.804443
9.296219
11.013315
9.743806
8.482709
9.247671
9.149009
12.647825
10.720285
9.421338
8.975283
9.512971
9.591249
11.519465
8.986013
8.757317
11.701025
10.936783
9.351525
8.205578
9.328337
9.191390
8.442881
9.402258
9.257377
10.329836
9.186110
8.018215
9.311963
9.061096
9.661867
9.602682
8.492556
9.261117
9.293645
9.118349
9.385698
8.854855
8.345051
10.129602
9.520425
8.575950
9.973306
8.660257
9.816292
9.094852
10.089415
9.895949
9.278708
8.818265
9.428964
9.399550
9.091796
10.598205
9.658333
8.671156
9.695636
11.469779
9.501282
10.236590
8.651344
9.758196
9.620456
9.988071
9.381796
8.000087
9.467701
9.466363
6.881498
9.143387
9.453503
8.788621
5.426900
9.512420
9.716396
9.117810
7.213283
11.225812
9.531294
10.138533
9.050843
10.096011
10.350026
8.498046
8.182188
10.164045
9.484111
8.802575
9.529158
8.323359
9.279327
9.751018
9.239962
11.747931
8.683544
9.610334
8.832183
10.047584
10.062401
10.494503
11.196562
11.058522
8.817332
9.162531
9.083049
10.056312
9.967841
9.076622
9.838809
10.282254
9.280009
9.857026
7.827344
11.453141
9.423335
9.775726
10.458220
9.417984
8.395122
8.873634
8.536408
10.463771
8.813737
8.977173
8.859660
9.582038
9.414277
9.134355
10.108320
12.482806
9.800891
9.292279
9.107859
7.677499
9.547102
7.488118
7.575700
9.340338
8.291365
9.992177
9.297953
6.545147
10.100754
8.592927
9.529808
9.176395
8.640208
10.026332
9.329965
8.923523
9.358949
9.398300
8.738446
9.070166
8.276100
7.794286
8.891509
10.828271
8.741604
7.575406
9.283241
8.805368
9.603123
8.952177
9.068479
9.578444
10.280746
10.837823
9.600494
8.467001
10.202807
8.953796
9.606886
8.800524
9.633181
8.219636
8.820707
9.889461
8.291649
9.312344
9.067522
8.280412
9.579417
8.631951
5.919463
8.549233
7.702466
8.567906
9.719145
9.242729
9.821860
8.802518
7.876653
10.462536
9.727946
8.884433
10.357291
7.211547
8.430034
7.067423
9.521454
8.971118
8.392655
7.886757
8.717657
9.581740
6.647973
6.737957
8.648782
8.265320
8.282118
8.706507
8.804653
7.509250
10.084875
7.815624
8.778173
8.429826
9.135954
7.792191
11.961050
8.946010
8.137743
6.584910
8.196105
8.315812
8.694193
8.520165
8.136638
6.291084
7.824474
7.448530
6.625346
8.107960
7.696207
8.480039
8.076275
8.026407
10.702975
8.278480
7.892944
11.335448
7.935872
8.026642
7.620576
7.656791
8.965227
8.051160
7.798507
6.440937
8.273298
8.975209
9.185031
8.581227
8.989902
7.556331
8.715969
6.500848
8.120388
8.055470
7.736982
7.927016
8.295231
8.877879
6.733360
7.762104
8.225177
6.090880
9.069349
7.555487
6.220123
6.692746
7.446950
7.810827
8.801704
8.805596
8.336369
6.957890
7.396025
7.179028
8.910755
4.871722
8.303085
4.397296
7.621971
7.425422
7.766605
7.708938
6.465408
8.446169
6.119442
6.808103
8.733423
8.721686
6.307906
7.412533
7.029387
5.613689
6.628742
7.110141
8.590526
5.478774
6.077264
6.527398
6.156578
6.783655
6.615961
6.601467
7.099174
7.734703
6.549717
7.432340
9.533876
6.278568
10.308675
6.647965
6.252108
7.733717
6.616396
6.733872
6.868635
5.382828
6.630181
6.569041
4.447032
6.460572
7.615647
6.303394
8.001721
5.620209
8.208446
5.668888
7.329840
7.388611
6.391371
6.254723
8.016880
6.807915
6.547997
5.385553
6.625751
6.343977
6.037099
6.552742
5.150300
4.924156
5.638818
5.200646
5.540840
5.579578
5.568959
5.854235
6.102199
6.163699
7.427239
3.953426
6.448280
6.668166
5.997360
8.372772
5.201364
5.936760
6.427355
5.444727
5.494123
5.579707
5.799199
5.747155
5.329822
6.061007
6.477316
5.846082
5.513468
4.860004
6.206804
4.971860
6.012251
4.497294
5.404592
4.919087
5.587628
7.315444
3.724047
7.589582
5.024161
4.791021
6.606537
3.995938
5.025382
6.800510
4.884630
6.985716
5.157795
4.891079
3.074383
4.767875
4.249667
4.730199
5.223553
6.141407
5.263395
3.593041
4.174096
5.297585
5.292764
5.153576
4.738922
4.380349
4.620099
4.612679
6.600604
4.835915
5.626858
4.738135
7.045163
5.322562
4.380106
4.162028
4.715840
4.193198
3.538295
3.672917
4.135907
3.582897
3.162042
4.272506
4.930651
5.474375
2.865243
4.047333
4.568793
4.862668
3.727776
3.401072
1.957332
4.051647
4.386793
4.211123
4.501284
3.912810
4.924226
3.019047
3.404551
3.517079
2.628043
4.177644
3.019327
3.600940
3.721314
3.724482
4.219210
2.312270
4.321997
4.267565
2.891862
3.438423
3.385986
2.668120
2.867344
3.233487
5.956254
2.292129
3.947071
2.429857
3.546361
2.306777
4.044695
4.257831
2.867741
3.803747
2.870955
3.154802
4.894493
1.265129
1.791690
3.233293
3.503020
1.502793
6.370826
3.259906
1.607902
2.641833
2.211860
0.933310
2.462394
2.921858
0.230618
2.674306
2.822028
2.214086
2.323377
1.036139
0.887499
2.287598
1.972849
3.287399
5.182175
-0.694177
0.115134
1.997833
1.694039
2.159823
1.569104
2.133961
0.109824
3.238542
1.805158
1.926186
1.004985
1.834346
0.593818
1.613789
1.746438
1.763655
1.415446
-2.052088
2.588292
1.631676
1.668715
3.276659
2.770720
0.452841
0.776927
1.072381
1.320494
1.258114
1.180008
0.404288
3.090213
1.989389
0.896667
-0.239949
1.038548
0.441905
-0.215826
0.233377
1.705936
1.547679
0.507795
1.155839
0.175121
1.028753
-0.228166
1.007197
1.384628
-0.467341
0.644499
0.749800
1.233053
0.214002
0.069141
0.654835
-0.227354
0.483851
0.223925
2.178924
0.559539
-0.262197
0.785389
1.349173
0.815381
-0.145100
0.317695
0.910850
-1.148414
-0.013117
-1.342835
-1.567933
-0.239442
-0.200774
-0.201704
0.091103
2.059973
0.680363
-0.301786
-0.979399
-0.577163
0.572573
-0.213465
-1.098498
0.089573
-0.483024
1.158644
-1.763272
-1.845397
-0.602314
0.311884
-1.179669
-0.696695
-2.345623
-0.403687
-0.415185
-0.779566
1.938826
0.574280
0.438059
0.108028
-0.029013
-0.658390
-2.504322
-2.833686
0.972552
-1.689559
-1.538379
-1.698794
-1.029058
0.175269
-1.029317
0.075627
-0.968277
0.009277
-0.369858
0.500326
-1.090814
-1.543895
0.493992
-1.665269
-2.392961
-1.245549
-1.751803
-0.996034
-1.417697
-1.516314
-4.097661
-1.840248
-1.405678
-1.735509
-1.509320
-1.400182
-1.437320
-1.193715
-3.420584
-1.726424
-1.015545
-2.304284
-2.381491
-2.707884
-1.658938
-3.047777
-1.412037
-2.268203
-2.446831
1.602325
-0.922264
-1.417110
-1.401722
-1.948569
-1.388053
-2.109224
1.903706
-1.577081
-1.011691
-2.687641
-3.402705
-2.684589
-2.123225
-2.949186
-2.420758
-2.549100
-1.718466
-2.067837
-2.121030
-2.366997
-2.681607
-4.092966
-0.757763
-3.762957
0.118506
-3.218321
-3.224207
-2.811816
-1.527961
-1.981144
-3.906063
-4.910892
-2.546712
-3.737901
-3.008669
-2.613512
-3.384203
-0.938541
-3.795479
-2.814966
-3.934120
-2.278119
-3.794063
-3.551273
-3.111187
-2.958165
-3.839131
-3.557867
-2.382561
-2.627821
-4.244332
-5.249781
-2.732390
-2.523872
-3.432841
-3.944011
-4.037683
-3.355524
-3.089258
-3.542831
-3.920605
-3.566790
-2.937581
-3.654887
-2.418599
-4.686137
-3.457151
-3.352744
-5.313840
-3.046044
-3.375664
-3.144230
-4.695668
-3.858383
-6.001868
-4.358686
-2.948476
-4.440677
-5.507242
-3.981487
-3.981576
-3.386944
-4.355114
-4.147484
-3.705131
-3.670469
-5.673252
-2.964682
-4.335362
-5.662177
-4.931261
-2.554825
-4.107880
-3.367462
-7.696628
-6.112575
-3.310628
-4.596115
-4.408076
-4.811570
-3.568266
-5.037636
-4.788436
-5.023598
-4.480586
-5.181582
-4.837021
-5.449492
-5.474566
-4.440765
-4.398041
-5.186781
-6.787461
-4.752885
-7.540198
-4.946984
-3.887665
-4.234706
-4.576485
-3.877314
-4.146091
-6.944916
-5.502532
-3.877780
-4.470199
-3.835332
-5.446131
-4.446575
-5.376785
-4.594138
-6.589401
-6.105991
-5.160207
-5.450668
-2.849488
-5.289349
-10.093451
-10.740504
-8.313759
-10.609178
-9.514228
-10.771709
-10.122477
-10.453329
-10.283745
-11.868529
-9.656571
-9.922685
-10.137459
-10.491217
-10.066226
-11.095556
-7.588017
-10.558346
-10.931526
-11.880879
-12.825090
-10.781302
-11.004178
-10.426447
-10.859521
-11.716887
-11.085509
-10.857998
-9.679785
-11.976058
-11.045895
-10.793475
-9.239670
-7.057453
-11.713070
-11.470778
-11.345894
-13.386881
-10.646740
-12.092122
-12.465731
-11.449282
-10.931295
-11.509722
-10.620181
-10.055073
-9.173786
-8.847214
-10.384616
-11.627153
-10.722315
-11.908443
-12.625305
-10.676965
-11.119754
-10.930726
-10.953461
-11.878367
-11.746145
-11.934710
-9.898875
-12.337204
-11.901850
-11.620850
-12.018198
-9.808547
-12.511860
-12.005913
-12.748442
-11.506774
-11.843608
-11.630066
-12.213508
-11.868288
-11.280024
-11.416689
-12.168884
-11.200641
-14.685793
-12.572625
-11.355135
-12.929802
-11.603548
-11.816402
-13.772623
-13.842076
-10.724040
-13.280929
-12.926029
-12.365040
-12.778566
-11.577902
-12.832835
-12.019076
-10.999433
-12.527657
-11.940049
-14.085627
-11.872927
-12.397251
-12.700542
-12.091924
-12.727207
-12.100308
-12.570003
-13.525244
-12.335322
-12.187292
-12.469958
-12.799508
-12.685511
-10.135986
-12.842604
-10.523718
-11.834278
-13.083853
-12.282402
-12.498353
-10.789913
-13.034643
-12.842879
-11.277735
-12.578557
-12.206149
-12.832979
-12.069249
-12.147816
-10.608430
-12.237899
-12.465186
-13.519935
-12.650634
-10.853385
-12.961907
-13.224037
-12.786571
-11.838416
-12.673260
-12.922032
-12.572527
-14.449019
-12.719044
-12.998467
-13.224720
-12.314045
-14.138003
-11.767287
-12.878219
-13.100073
-13.080703
-14.462906
-13.226264
-13.256514
-13.682260
-13.715157
-13.165188
-13.082565
-14.522363
-14.130411
-13.621271
-13.333291
-13.755192
-12.937607
-13.674052
-13.697212
-13.058514
-14.193534
-12.582930
-12.991921
-13.254141
-14.308381
-13.110050
-13.104276
-13.301424
-13.085643
-13.482242
-13.065387
-13.589490
-13.148621
-12.402423
-14.205450
-13.836951
-13.364165
-13.757529
-13.711931
-13.827364
-13.549094
-13.845951
-14.769173
-14.974263
-11.422869
-13.584477
-13.520645
-12.865366
-13.851753
-11.104861
-13.722365
-13.003509
-13.461739
-15.405941
-11.998450
-14.749804
-14.679660
-13.697843
-12.573004
-14.129771
-13.702793
-13.381636
-13.824330
-16.742164
-13.717197
-12.620756
-13.104656
-13.457878
-13.494861
-13.476832
-13.617509
-13.647855
-12.979091
-13.956557
-13.531839
-13.697852
-14.315113
-15.443267
-14.169213
-13.491250
-13.287895
-13.761508
-15.110994
-15.279041
-14.064589
-13.982402
-14.892196
-14.248433
-15.005489
-13.835705
-13.764373
-14.036569
-14.840150
-14.002900
-14.191109
-16.498190
-13.161382
-14.268290
-12.743113
-14.031595
-12.456562
-13.590629
-13.438020
-13.812630
-13.653359
-14.636488
-13.877987
-14.530176
-13.986511
-14.236468
-14.328032
-12.723724
-14.425391
-14.830998
-13.923007
-13.642240
-14.641880
-13.857726
-13.489052
-14.415495
-15.049125
-15.543585
-12.702388
-14.825672
-13.804205
-13.721782
-13.786390
-14.437392
-14.288039
-13.965103
-13.287476
-13.668826
-13.964619
-14.309153
-14.063419
-12.521546
-13.640824
-11.710525
-14.399442
-15.043592
-14.158603
-14.035835
-15.322477
-14.406857
-14.168378
-14.174586
-14.169656
-12.157475
-14.374007
-13.995437
-15.029737
-13.749228
-13.412742
-13.605618
-14.061149
-13.421498
-13.665472
-12.952643
-14.597914
-14.719593
-13.243511
-13.722973
-13.990583
-13.579265
-12.722035
-13.984520
-14.085348
-12.546712
-13.585751
-16.766110
-11.315664
-14.418053
-14.272274
-15.382333
-14.027978
-15.098401
-14.249237
-13.963451
-14.321539
-14.855465
-14.300599
-14.345129
-10.826680
-14.576710
-15.365313
-14.163504
-11.810523
-13.735374
-13.707473
-14.310209
-15.037992
-13.012581
-16.003452
-16.195763
-14.445976
-13.503641
-13.235756
-12.858994
-15.061467
-14.233321
-14.178792
-13.945688
-14.340342
-13.168922
-12.643950
-15.184676
-14.872866
-13.820081
-13.967585
-14.048079
-13.768113
-14.733231
-15.233857
-13.937208
-12.826277
-14.322655
-14.440884
-10.721559
-13.733024
-13.147560
-15.143601
-14.925225
-12.333754
-14.775015
-13.962009
-15.211205
-14.443662
-12.937458
-13.665954
-13.906982
-14.043722
-13.597470
-15.154136
-13.213936
-13.401869
-13.828417
-12.223459
-13.974817
-15.550698
-12.346829
-13.701819
-13.805539
-13.852779
-16.561788
-13.420433
-14.568276
-13.866722
-14.678650
-14.349356
-13.757968
-13.598972
-14.353496
-13.964771
-13.113478
-13.396744
-13.770468
-13.726601
-14.294640
-12.806459
-13.420050
-12.251191
-13.642926
-15.780518
-13.706566
-13.849178
-13.171820
-11.804444
-14.144397
-13.436550
-12.905986
-13.502164
-13.817646
-14.222143
-14.677448
-11.912898
-13.729981
-13.444240
-17.350631
-12.608550
-13.532321
-13.345454
-11.353965
-13.407645
-13.672372
-14.048206
-13.132116
-13.511584
-16.468355
-13.104568
-11.289019
-13.348521
-13.268283
-13.943550
-13.260797
-13.892428
-13.714304
-13.357728
-13.349175
-13.988830
-12.137530
-13.774098
-13.012987
-13.068713
-12.929147
-11.804209
-12.820501
-13.009118
-13.550801
-10.517195
-14.105949
-13.688239
-13.250098
-11.598136
-12.607548
-10.637339
-14.571972
-13.048424
-11.400057
-12.969617
-13.086972
-12.751751
-12.826007
-13.238430
-14.055064
-12.119866
-10.422407
-12.939020
-13.793715
-12.288900
-12.695906
-13.678361
-13.474549
-11.602635
-14.082955
-13.767200
-12.498727
-13.611738
-13.163326
-11.472789
-12.253751
-13.765491
-14.335245
-12.662374
-13.642812
-12.947095
-11.929867
-12.611905
-11.146961
-12.716636
-13.012040
-13.741388
-13.195348
-10.488620
-12.596384
-12.332600
-11.987006
-12.520837
-12.392504
-12.825121
-13.065586
-12.996177
-12.138895
-12.540774
-12.498543
-12.873707
-13.252846
-11.615609
-13.905714
-14.267367
-12.282181
-12.042999
-12.423617
-12.534144
-12.647605
-11.213474
-11.992110
-12.425901
-12.178631
-13.570186
-12.746868
-11.822685
-11.096445
-11.967103
-11.410279
-13.369432
-12.145510
-12.151115
-12.453594
-10.739804
-11.343866
-12.737529
-11.230862
-12.166487
-11.844926
-11.331339
-16.060002
-11.419587
-11.602046
-12.151516
-11.602912
-13.212417
-12.569898
-13.530671
-13.526233
-12.652360
-11.750846
-11.413676
-10.986508
-13.246044
-11.444543
-14.250611
-10.710379
-12.060552
-11.530922
-9.585156
-9.635376
-8.535518
-11.283586
-11.166170
-11.165881
-11.302302
-10.856085
-10.276011
-12.244981
-9.233430
-10.703231
-11.642185
-12.374648
-12.275904
-9.793417
-10.625276
-12.734190
-11.317143
-11.133066
-11.264765
-11.655599
-11.400797
-10.493540
-10.700497
-14.313692
-10.703375
-13.831640
-10.777049
-11.408943
-11.789520
-10.882737
-10.575755
-11.150598
-11.977764
-11.306317
-10.616939
-11.058381
-10.354762
-10.162842
-10.720740
-13.059057
-10.377343
-10.770526
-9.856032
-8.410950
-11.321943
-11.457855
-10.500130
-10.390427
-10.959531
-9.655035
-10.946196
-6.609919
-10.571499
-8.459723
-9.825455
-9.638949
-10.070254
-11.949685
-11.433129
-10.605719
-10.037423
-9.500373
-9.120874
-11.646929
-10.183465
-9.405453
-11.131936
-10.228604
-9.372235
-9.351694
-10.113272
-10.312961
-8.587931
-9.539034
-10.617688
-10.365599
-8.599615
-8.790632
-9.878095
-11.148490
-9.537522
-10.436187
-8.117184
-8.843547
-10.189328
-9.131579
-9.976986
-9.295672
-9.252256
-9.392664
-9.045465
-8.795325
-9.347656
-9.828718
-8.039097
-9.537754
-8.880513
-11.291023
-8.322787
-8.980295
-8.954336
-10.427336
-8.397363
-9.363389
-9.186663
-8.365082
-10.720236
-10.012733
-9.255080
-5.425204
-8.707544
-8.729717
-6.051465
-9.718101
-7.229857
-8.219981
-8.875693
-7.909892
-7.380415
-8.859849
-8.771507
-7.756931
-8.193880
-8.862031
-8.135888
-9.474497
-7.758753
-8.294848
-7.155909
-8.484680
-9.852900
-8.028832
-8.750495
-9.956464
-8.410070
-8.890649
-7.320139
-6.118128
-8.009511
-7.944860
-8.239359
-9.315518
-8.670726
-7.883244
-7.004576
-7.433659
-7.190733
-8.305202
-8.745125
-8.668956
-7.578418
-7.906718
-8.693028
-8.170059
-5.496350
-8.488489
-6.672134
-7.324528
-7.811750
-7.164391
-9.783691
-9.845980
-7.344985
-7.177573
-6.348994
-6.744132
-8.315705
-7.962374
-7.220683
-7.356541
-6.990667
-7.223580
-6.128416
-7.028890
-7.090546
-7.800231
-5.893689
-7.462850
-6.442790
-7.059910
-6.732029
-6.051923
-5.604273
-7.216181
-6.797952
-5.850988
-6.440237
-7.873377
-6.606040
-6.040057
-6.896505
-7.381346
-6.067965
-5.605894
-5.206637
-6.456580
-6.806713
-6.896149
-7.101549
-7.072915
-3.810099
-6.158939
-6.293300
-8.598335
-6.820764
-6.495171
-7.431081
-5.674927
-6.229557
-6.687039
-4.861189
-5.966037
-4.952578
-5.718341
-5.175742
-6.419485
-7.228577
-6.672591
-7.653882
-5.124497
-6.184915
-5.868934
-7.739267
-5.248619
-5.875183
-6.491065
-8.876735
-5.380981
-5.572551
-8.743701
-5.970674
-5.468342
-5.952044
-4.706151
-5.119182
-3.483372
-5.585944
-5.535602
-5.578840
-4.974693
-5.328045
-4.344075
-3.838328
-5.259098
-5.643258
-3.391941
-3.309322
-6.732213
-4.235792
-5.160876
-4.249258
-5.194075
-5.283600
-5.980409
-7.131222
-3.454435
-4.857750
-5.812326
-3.701260
-4.800374
-4.387029
-4.751814
-4.717067
-4.808762
-5.961380
-4.870642
-4.447560
-4.022519
-4.307757
-3.980893
-4.649134
-4.692656
-2.950742
-3.708234
-0.755268
-4.078264
-4.115050
-4.629880
-3.594972
-4.037194
-3.328489
-2.292844
-4.666629
-2.579111
-4.133852
-5.022277
-3.893493
-4.571699
-2.732756
-4.629754
-5.196563
-3.405227
-4.131001
-3.725654
-7.795702
-3.157463
-1.547844
-3.064596
-3.479321
-3.081578
-3.323539
-4.049955
-0.518575
-3.570441
-3.970947
-3.732741
-5.387269
-1.683126
-2.767199
-3.724985
-2.540282
-1.777068
-4.707392
-4.031193
-3.975443
-2.116877
-3.112077
-3.025020
-2.494249
-4.038208
-2.792718
-1.770459
-2.186053
-2.516806
-2.634994
-3.716087
-2.347938
-2.655470
-1.866559
-2.683521
-2.703474
-2.853679
-0.673326
-2.182419
-3.033980
-2.265306
-2.040627
-2.302243
-2.178462
-0.269648
-4.593393
-2.341144
-0.886289
-1.294797
-2.649447
-2.157107
-1.723452
-1.506978
-2.266256
-1.958883
-1.380571
-2.776790
-2.750323
-4.578724
-3.548161
-1.242987
-2.268052
-2.970540
-2.459790
-6.132223
-1.537331
-1.613025
-4.052923
-2.856886
-0.642832
-2.130804
-1.162893
-1.637730
-4.143955
0.391609
0.418924
-3.183146
-2.145886
-1.105742
0.366117
-1.670378
-0.348810
-0.866524
-2.972201
-1.015953
-2.002007
-2.362950
-0.838626
-0.918161
-1.185209
-2.005394
-3.956712
-0.913619
-1.888477
-1.591871
0.855658
-0.044322
-0.216771
-1.586103
-1.063442
-0.828527
-0.110883
-0.935241
-0.548661
-0.263105
-1.970174
-1.248519
-1.056266
-0.826213
-0.738442
-0.093736
-2.383847
-0.317478
-1.451397
3.181651
-0.833766
-1.620722
-0.315976
-0.508452
-0.293462
0.738742
0.193145
-0.508579
0.301930
0.731849
2.121508
0.386179
0.556733
-0.145079
-0.199922
-0.383571
-0.579814
0.233495
0.817484
1.289205
-0.498238
-3.639000
0.083322
-2.953970
0.767623
1.740129
0.270565
-0.020385
0.591350
-0.352556
0.535132
-0.429899
0.302073
-1.357855
2.143701
0.054610
-0.165603
-0.001716
0.226587
0.680050
0.146218
1.926432
0.922547
0.604366
-0.089660
1.770933
1.062391
0.651190
1.052550
0.371822
-0.121374
0.351182
1.049667
0.825241
3.406872
1.078834
2.043744
-0.829570
1.890930
0.426920
0.709671
1.730392
0.572568
1.204123
-0.581189
1.748417
2.278888
1.911375
1.262518
1.466762
-0.720266
0.083715
2.211024
0.665675
1.465179
1.743594
2.008402
1.722240
1.417459
1.052484
1.283835
1.091271
0.062399
2.638882
-0.196385
1.273637
1.570848
2.577102
2.233083
2.287347
2.103451
2.539500
1.831181
2.002454
1.999657
1.890173
1.802707
1.707049
2.075345
1.249116
1.828198
0.681681
2.142117
1.955098
2.921273
2.791993
-0.156887
1.911733
1.777361
2.523704
-0.512168
2.748288
3.187423
1.701182
3.020210
2.796642
3.158817
-0.001689
2.713403
3.342434
2.217800
1.783042
2.080271
1.061448
2.219610
2.538737
2.867246
1.952534
2.707129
2.324767
4.593906
2.741281
2.391187
1.280035
1.699818
3.561241
1.841181
3.366429
2.615556
4.265611
4.951376
6.560545
1.709217
1.395470
2.857344
2.101913
3.595369
2.613426
2.997220
1.799045
2.625090
1.491165
3.535829
3.300579
2.693162
2.383915
2.476768
3.131845
2.307944
2.708711
4.633640
3.951844
2.705214
3.018910
2.113455
-0.162197
2.631393
4.806369
0.059430
3.422694
2.409974
3.376884
1.740848
2.722735
3.372625
3.120976
3.236115
3.519422
2.387182
3.315907
3.126919
5.063153
5.074064
3.734468
1.807293
1.589268
3.536722
3.676255
3.649015
2.801376
2.471645
3.182354
3.593239
2.541920
3.408059
2.567259
3.276797
4.224436
3.592236
3.545632
4.107273
3.288467
3.447356
6.085398
2.642548
3.864038
2.932123
3.522697
6.069599
3.040238
4.366269
4.143050
3.698687
3.688660
4.388758
0.545353
3.377724
4.131841
4.752043
3.175707
3.686913
4.042187
2.772464
3.729549
3.482899
3.564676
3.765622
3.104127
4.936306
1.812951
4.940673
2.847356
3.906929
4.058563
4.974085
4.023876
3.461899
3.200987
4.403920
2.461566
2.886142
2.945411
4.339356
3.818640
4.299860
4.564795
5.296223
5.725176
4.149158
4.224813
4.357663
4.345366
3.658332
3.763995
4.894016
5.850716
4.689193
4.809231
2.412866
5.032205
4.984407
5.913758
5.822939
4.002399
4.913360
3.092802
4.084180
5.887054
3.663773
2.628409
6.047352
4.780706
1.926242
4.667891
3.793278
4.880502
6.544143
4.508010
4.490284
3.319255
2.786125
6.588417
4.831122
2.445259
4.879844
4.630688
1.918846
4.149414
3.667310
4.492957
4.089427
4.464916
4.302253
5.913609
1.893024
5.180058
5.123000
4.292715
4.860801
5.081027
2.276316
5.802503
3.352019
3.877500
3.919949
4.043475
5.235300
4.494408
4.359541
4.171863
4.221195
4.249909
4.587094
5.001341
5.255638
4.725202
4.087656
4.403509
4.844038
6.070078
4.173371
2.774220
5.059214
5.103297
3.850964
4.644788
4.641300
6.340119
4.619313
4.112244
4.768225
4.884783
3.350366
3.826775
5.238648
4.563109
2.838966
4.477049
5.151833
5.960569
4.998182
4.654097
8.806788
5.171874
5.898669
4.300175
4.841775
4.173743
1.841376
5.559076
3.987403
2.841357
5.229122
2.132843
3.426333
5.325442
3.186753
5.714514
4.008498
3.253543
4.641744
6.092898
3.273340
4.461645
4.765773
4.745015
8.199073
4.622863
3.445082
4.485043
7.892196
6.418489
4.123803
3.931008
4.335691
2.010214
5.215545
4.126253
3.829691
6.869875
5.602896
3.585466
5.634334
4.422401
4.896678
6.625218
5.388242
4.697315
4.649988
4.823938
4.790888
5.183333
4.288842
5.703132
4.563120
4.709401
2.358828
5.525079
5.277517
4.692333
3.631495
3.831216
3.527510
3.170292
4.094744
3.797688
4.597423
4.624489
5.836211
5.173526
4.122804
6.241068
4.343159
4.686267
4.386440
9.486759
5.868150
5.463531
5.066378
3.898620
3.962249
6.842564
4.993971
3.669867
4.507344
5.299419
4.506637
3.852509
4.714757
5.872375
2.391035
4.528253
3.811837
4.732278
4.870485
4.199085
4.754932
3.803844
4.495325
8.231210
3.052477
4.659876
4.521837
4.032590
4.250678
4.682501
4.803487
4.641488
4.293807
3.865593
3.128894
3.464468
4.261119
4.371112
4.673238
4.880999
4.230382
4.277847
6.337650
2.645761
4.060980
4.355151
4.868758
4.147873
4.231822
4.586972
5.071379
6.159642
4.707107
4.217643
2.548989
4.370418
7.463001
3.380029
4.087243
4.044004
5.291815
4.505310
4.529403
3.558649
3.520157
3.613363
3.990506
3.955693
3.892191
5.843977
1.708327
4.374108
3.222424
5.505082
4.617712
5.259782
3.551670
7.857367
4.018278
1.317573
3.991255
2.233459
4.290992
3.026707
3.128678
4.412780
4.639873
3.485538
4.083830
3.315660
3.823772
4.266898
4.367073
4.050593
3.621625
3.550191
4.428892
1.621661
0.399870
4.069888
3.880819
1.274782
4.006022
3.661595
4.001914
0.774419
3.733221
3.434747
2.704228
2.160480
1.595324
2.412478
3.461360
4.667122
4.235869
4.856302
3.328893
3.507734
3.821288
3.076944
3.651258
3.389354
2.998122
3.724407
4.064523
3.098915
3.667694
2.737956
2.635811
5.455150
7.138265
3.777197
2.509859
2.872722
0.773517
3.190676
2.854770
4.634124
3.068349
2.967312
4.482670
2.889071
3.233765
2.769978
2.487290
2.170146
1.729553
3.605536
2.474340
2.203710
3.146518
1.283253
1.552873
2.763269
2.793557
4.067502
3.076672
3.333614
1.961421
3.190163
2.849868
-0.547130
2.274007
2.197364
2.517477
4.069783
2.701260
2.247169
3.469456
3.094252
2.395769
2.945021
1.170315
2.897033
2.270502
2.281087
1.690305
2.706387
1.996382
1.830440
1.509390
2.633314
1.235661
0.182019
2.796847
3.281786
3.784587
3.807276
2.983232
2.267913
2.763973
1.875631
3.370970
1.762937
2.842331
7.229601
2.154903
0.690757
1.644423
1.889501
1.976543
2.349223
1.963535
1.876464
0.936645
2.437368
3.273689
0.893854
1.470728
0.363901
1.470165
1.460200
0.044534
1.313238
1.936690
0.915801
1.684397
2.217129
1.976843
1.786110
1.666431
2.349468
1.237718
-0.030143
-0.171452
1.776331
2.158263
1.668077
1.280817
1.021435
0.536613
3.408138
0.787875
1.927787
1.390878
1.802845
0.082122
1.253453
1.252919
-0.261102
0.047385
0.629943
-0.235647
-0.611311
0.434509
-1.325958
2.382620
2.650807
0.620291
1.654393
1.189566
0.883816
1.084546
-0.485594
1.951174
0.190414
-0.117449
2.254489
0.826098
0.700941
0.543782
-0.669146
-1.439204
1.481317
0.278134
0.387940
0.048889
0.493459
0.541161
-0.697365
0.794961
0.678810
0.170537
1.149695
-0.154816
1.271357
-0.697424
-0.410154
0.999007
1.018651
0.224564
0.100708
0.202520
0.654660
0.354260
0.238876
0.050893
2.741170
0.064135
0.296208
0.359113
0.176842
-0.299185
0.517260
-1.167468
-2.341155
0.914558
-0.692011
0.071008
-0.083513
-0.251804
0.851807
-0.191059
-0.473548
-0.379411
-0.549784
1.026672
-0.496529
-0.198982
-1.762361
0.588710
-1.272036
-0.191307
-1.261666
-0.549923
-0.569435
0.649965
-1.933220
-0.254062
-1.413559
-1.877170
-0.651184
-3.042893
-0.455253
-0.828337
-0.593251
-0.560273
-0.404787
-2.144357
-1.338338
-1.130677
1.082534
1.427773
4.074711
4.707903
2.861819
3.119111
3.760456
4.630170
2.848645
4.281177
6.419043
3.298331
3.172923
3.827466
2.776397
3.534171
3.157431
2.668541
2.879294
3.494250
1.579688
2.718176
2.102791
2.165233
2.790989
2.152168
2.704674
3.568988
1.540682
1.870804
2.741603
1.987421
2.565573
1.708057
1.994845
2.501589
2.514881
1.270398
2.493741
2.527613
2.470979
2.154845
2.403595
1.932272
3.479009
1.589612
1.897231
1.691105
0.656432
-0.671289
2.116515
2.216911
2.506155
2.384650
1.840556
1.798507
1.989217
2.202938
2.002909
2.166832
2.625541
3.806027
0.217013
1.872082
1.732104
1.810456
1.591249
1.702212
1.942824
2.083087
1.775965
2.015482
1.153209
1.310119
0.937408
1.206020
0.126417
-4.499264
0.393493
2.755412
0.663978
1.294881
1.252841
0.362266
-0.394312
2.928114
1.358653
2.482432
0.998852
1.171614
-0.428183
1.113930
1.024597
0.626427
0.842615
1.495086
2.016294
0.938208
1.126935
2.606870
0.162580
0.641869
0.720325
1.109027
2.076779
1.401475
0.363665
1.135479
-0.086734
0.636594
-0.524334
0.427418
0.224829
0.268984
-1.359179
0.693989
0.185539
0.164414
0.519826
0.267599
-0.400301
1.395314
-0.068574
0.636914
-0.226411
-2.625778
0.023766
-0.145732
-1.503297
0.849856
0.781742
-0.200565
-0.129772
0.625341
-1.125405
-0.442457
0.553160
-2.809503
-5.314944
-1.544425
0.104613
0.434142
-1.331089
0.203288
-0.464995
-2.186855
-0.375316
-0.406580
-0.114553
1.508207
-0.789326
-0.733010
-1.420743
-0.581455
-3.585295
-0.541036
-1.563487
-0.971637
-0.342465
-2.052297
-2.131827
-0.707724
-1.211369
-1.775656
-1.499528
-1.296504
-1.865246
-0.678332
-1.586679
-1.532032
-1.495887
-0.289747
-0.565475
-3.434376
-3.027845
-2.645479
-1.367696
-1.487641
-1.700617
-2.594086
-1.714745
-1.562577
-1.511318
-1.379177
-1.392425
-1.514887
-2.226149
-1.605828
-1.387003
-1.845576
-1.863812
-3.034546
-2.090252
-2.314546
-2.206144
-1.622058
-1.778453
-2.869113
-2.636556
-1.966465
-1.532946
-2.673679
-2.317617
-2.466706
-2.186887
-2.629276
-1.892231
-1.991553
-2.268739
-2.132522
-1.970210
-2.477257
-0.319402
-1.502727
-2.734510
-1.921290
-3.231517
-2.874797
-1.824866
-1.899389
-2.797403
-2.839623
-3.007540
-2.795853
-3.588345
-2.472672
-2.453084
-2.671812
-3.068158
-3.911258
-2.960707
-6.488599
-1.377975
-3.207557
-3.491528
-3.744956
-2.475382
-3.028465
-3.097272
-3.314562
-4.807905
-3.547182
-4.505777
-3.100963
-3.320071
-5.104916
-6.600567
-4.578495
-3.099085
-3.315443
-2.703570
-4.367028
-3.627227
-3.524998
-3.590337
-3.376760
-3.231370
-4.560897
-2.842682
-4.133971
-3.949310
-1.503495
-4.619660
-3.960476
-4.188399
-3.200817
-4.492647
-4.194095
-5.360523
-3.456453
-2.492019
-3.764937
-4.952635
-3.962441
-6.611398
-4.468238
-4.697189
-4.923509
-9.733334
-3.624313
-4.498190
-3.459609
-3.881413
-7.034916
-4.277968
-4.610036
-3.801342
-5.914868
-4.140782
-4.780928
-4.790059
-4.637437
-4.508650
-3.752988
-5.391717
-7.902793
-4.812525
-5.190157
-2.531635
-4.870741
-4.909812
-5.530489
-4.723956
-4.910138
-5.197991
-5.850820
-4.317318
-5.178678
-4.438559
-6.005343
-4.017291
-5.013287
-3.811607
-4.383068
-4.616416
-6.948477
-7.443957
-4.909506
-4.774997
-7.640045
-2.110653
-4.684221
-5.920612
-5.083126
-6.198652
-6.516378
-4.827379
-5.863806
-6.071083
-5.299185
-5.410514
-5.225326
-5.974386
-5.605202
-5.665215
-5.330571
-5.133833
-6.492144
-6.164547
-5.580350
-5.944029
-5.637534
-6.402622
-4.278591
-5.234271
-5.845682
-7.135488
-6.563438
-9.524754
-4.895712
-7.021024
-5.833213
-6.784281
-6.828134
-5.972589
-5.164076
-5.653112
-5.318163
-6.177897
-6.833236
-7.507732
-6.302174
-4.206802
-5.488747
-6.288943
-6.705375
-3.472883
-4.673170
-6.738639
-7.092179
-7.134370
-6.579604
-6.426066
-9.430352
-7.058565
-5.824735
-6.336003
-5.690159
-5.747823
-6.367262
-6.772576
-6.051941
-6.197550
-6.900680
-6.779810
-7.069027
-8.258071
-6.753852
-7.372066
-7.719076
-7.614555
-5.321000
-5.560513
-7.502362
-7.336748
-5.892956
-8.026446
-7.014276
-7.007692
-7.070792
-8.362065
-4.914468
-7.200080
-7.514939
-6.977460
-7.239142
-7.703804
-7.002596
-6.342131
-9.934563
-6.767079
-6.797469
-7.372602
-6.808837
-7.597006
-7.558115
-5.009278
-7.619560
-7.330502
-7.370825
-7.346075
-6.497467
-7.941761
-7.270184
-7.187464
-7.851925
-6.653049
-6.151815
-7.676655
-7.910393
-8.638968
-8.320858
-8.528595
-7.048540
-6.079479
-9.409588
-7.360668
-8.358349
-8.046544
-9.218248
-7.855827
-8.467699
-7.807994
-8.113988
-8.014605
-7.778552
-8.147015
-9.289686
-7.112574
-8.296166
-8.455725
-7.257998
-6.463024
-11.014366
-6.590654
-8.241710
-6.172611
-8.580585
-7.897885
-8.787570
-6.233971
-9.087652
-8.058436
-7.572267
-8.686450
-8.739974
-7.634254
-8.308349
-7.520983
-8.029490
-8.481020
-6.179077
-9.989956
-7.243656
-8.027899
-9.036891
-7.618000
-7.130499
-8.117680
-6.188967
-8.086820
-9.356951
-8.453873
-7.551478
-8.445958
-6.459863
-11.675845
-9.043350
-8.513680
-7.495466
-8.541213
-7.301897
-8.121579
-5.874035
-8.372760
-8.648071
-10.220140
-7.286594
-9.815160
-8.337719
-8.001930
-8.504544
-9.581874
-8.935255
-9.354308
-8.149042
-8.045415
-8.644298
-7.001993
-9.316264
-7.976167
-7.976661
-7.624272
-7.803596
-7.373387
-9.015455
-8.023054
-8.485828
-8.827672
-8.330958
-8.970317
-8.638904
-8.871923
-8.254378
-8.265964
-8.365642
-9.810137
-8.480983
-8.394650
-8.202226
-9.923615
-8.923070
-8.796003
-8.647362
-9.431261
-8.831499
-9.017902
-9.527176
-9.820802
-8.533222
-11.864122
-8.763442
-8.057332
-7.817700
-9.266647
-9.709376
-9.122893
-9.629913
-10.382688
-11.046171
-9.166689
-7.830358
-7.777465
-8.642059
-9.611470
-7.677545
-11.045369
-11.823042
-4.672794
-9.760037
-8.924254
-10.064188
-8.187212
-9.486382
-9.487035
-9.491640
-8.912720
-9.938324
-8.493027
-7.377851
-10.573603
-9.023502
-8.618247
-10.247424
-9.917291
-9.275113
-9.157299
-9.822169
-9.923112
-7.837217
-8.158661
-8.894298
-9.341101
-8.580439
-9.148500
-8.950368
-5.392818
-9.774553
-9.351283
-9.472236
-11.457433
-9.497474
-10.372820
-9.655452
-8.103819
-10.016777
-10.305475
-11.505221
-7.780622
-8.851788
-8.832972
-9.413840
-9.241602
-9.374004
-10.313612
-9.325199
-9.334933
-9.915086
-9.493265
-10.128570
-9.759540
-7.279840
-10.102534
-9.267813
-8.193264
-9.185845
-9.169630
-9.512165
-9.209366
-10.161847
-8.062427
-9.759868
-8.756386
-12.046542
-9.455235
-8.503321
-11.440199
-10.613752
-9.092433
-9.922870
-8.685945
-9.382554
-10.958305
-11.380977
-9.590164
-10.455486
-8.939946
-8.991480
-10.247835
-9.401641
-8.847845
-8.876817
-9.643021
-9.163299
-10.245075
-8.387915
-9.414531
-10.520494
-10.482997
-10.675198
-12.558778
-8.090251
-11.664887
-8.390083
-8.095819
-8.907148
-8.712115
-9.812151
-9.126519
-10.511508
-9.557199
-10.245591
-10.361754
-8.287528
-8.230780
-8.710637
-10.699314
-8.835728
-10.166908
-8.919971
-9.723912
-10.092136
-8.836335
-9.005757
-9.295618
-9.113616
-10.742272
-9.489073
-9.331782
-8.976820
-9.926025
-9.281149
-9.993108
-8.834043
-9.004284
-9.359623
-9.908627
-9.146892
-7.640446
-8.734724
-9.966916
-9.787407
-7.723352
-9.784160
-7.964342
-9.891693
-9.216846
-9.940899
-8.900345
-9.507544
-7.776065
-8.089841
-11.173625
-8.255406
-9.620695
-9.732926
-8.801273
-10.646762
-8.377094
-7.884804
-10.478213
-8.733979
-9.612646
-9.358647
-9.630872
-8.977679
-8.523897
-9.034411
-9.516072
-10.473849
-11.359656
-9.103789
-9.123630
-9.613567
-8.279613
-8.763995
-10.774944
-9.542178
-9.988247
-9.171208
-9.095762
-9.229467
-9.491261
-8.332002
-9.438917
-9.118108
-8.680845
-9.394649
-8.455015
-8.537240
-9.083002
-9.046470
-6.747311
-8.600052
-9.264501
-10.140844
-9.925623
-8.412531
-8.268595
-8.821157
-7.532844
-3.343106
-8.843860
-9.691203
-7.152161
-8.984955
-10.606363
-8.955166
-9.241656
-8.840074
-10.034033
-10.069874
-8.685736
-9.069362
-7.800918
-9.993998
-7.698664
-7.761457
-8.848363
-8.179882
-9.147937
-9.015340
-9.830505
-9.212118
-9.708644
-8.329063
-8.378842
-9.005144
-9.892015
-8.648167
-5.589740
-5.122644
-9.791673
-7.532063
-9.242123
-9.209427
-9.546945
-8.035789
-8.307273
-8.780913
-8.175380
-8.403749
-8.164004
-8.795581
-11.751078
-8.224475
-8.094164
-7.837969
-8.837879
-8.758919
-7.762783
-7.586892
-8.786544
-9.153676
-8.260575
-7.816572
-9.481904
-8.612449
-7.556872
-6.816708
-8.106647
-8.332076
-7.298411
-7.987666
-7.315407
-8.514776
-8.161944
-7.967030
-7.791852
-6.650439
-10.616090
-7.944228
-7.382803
-7.180948
-7.942071
-7.082650
-7.459317
-8.175670
-6.638488
-7.054325
-8.633572
-7.779074
-5.809502
-5.935405
-7.963206
-7.682076
-8.376293
-5.094142
-8.263449
-7.688284
-6.865144
-5.840934
-7.009242
-5.872040
-7.749031
-6.915775
-6.385456
-7.299193
-7.996691
-7.850889
-7.549282
-6.471918
-6.341644
-7.762522
-7.090496
-7.387237
-8.895785
-8.562509
-7.164997
-7.957424
-7.542594
-7.625359
-7.612476
-7.195753
-6.846239
-8.592189
-6.958547
-7.400176
-7.884774
-11.381512
-7.591560
-6.947094
-6.890514
-7.107061
-7.206706
-7.636891
-7.404248
-6.317362
-6.523384
-6.906918
-7.947610
-7.542155
-7.050344
-6.484052
-7.272206
-5.601424
-6.566573
-6.111892
-6.747408
-6.894526
-5.503917
-6.761566
-8.162424
-6.099137
-5.457671
-6.913706
-7.369057
-6.136770
-6.501011
-6.735558
-5.961226
-7.165353
-6.727988
-6.093063
-5.311998
-6.307364
-7.118242
-5.557128
-5.978640
-6.770550
-5.440095
-5.880979
-3.188323
-6.335766
-7.242181
-5.202496
-5.167581
-6.152465
-5.977550
-6.290696
-6.432373
-7.420458
-5.884509
-5.771164
-5.867221
-6.475514
-6.048168
-6.220686
-5.365057
-6.171035
-5.971665
-5.323797
-6.159876
-5.333319
-5.517164
-6.562656
-5.662742
-5.568133
-5.645672
-5.250885
-2.644319
-6.265791
-2.451644
-5.232299
-7.457846
-4.560059
-5.962899
-6.330833
-7.502817
-4.990662
-5.673854
-5.393228
-6.540623
-4.336484
-3.903484
-3.045316
-3.884384
-5.565246
-5.440560
-4.629139
-4.685714
-4.441259
-4.632761
-6.837116
-6.773382
-5.191128
-4.253317
-4.787837
-4.881102
-4.027899
-4.960463
-3.571032
-5.509726
-3.887565
-4.982490
-4.532740
-6.823978
-5.363533
-3.851579
-6.222439
-5.157682
-5.076655
-4.933506
-6.308374
-4.205170
-5.024566
-4.613629
-3.537149
-4.378904
-4.826914
-4.110030
-5.713178
-2.115048
-4.703212
-6.510593
-4.269811
-4.423231
-5.337109
-3.875249
-3.540870
-3.619060
-4.011131
-4.138395
-4.495638
-3.761639
-5.071122
-4.031156
-3.797149
-3.618583
-4.583218
-3.063741
-3.676503
-3.846175
-6.129931
-3.494391
-4.421780
-3.651923
-4.155735
-1.374229
-3.089528
-3.847690
-5.922745
-4.326648
-4.200425
-3.509450
-3.683589
-4.982770
-2.268116
-2.993511
-3.400408
-4.183263
-3.094595
-1.567109
-4.320128
-4.050638
-3.830461
-3.121052
-3.581079
-2.957789
-4.242823
-1.550082
-2.392584
-3.521428
-3.311173
-3.130072
-3.625601
-2.586662
-2.921667
-3.608892
-3.008566
-2.295830
-0.922796
-3.196036
-2.460729
-1.062429
-3.733609
-2.657936
-3.165929
-3.202969
-2.534493
-2.574112
-2.726150
-1.026930
-3.776171
-0.938143
-2.318519
-2.977000
-2.809315
-2.143941
-3.729160
-1.554617
-2.713638
-3.510350
0.699143
-2.107550
-2.069072
-2.057791
-1.205293
-2.117072
-2.582141
-2.311741
-0.648993
-2.245772
-2.613559
-2.382764
-0.730323
-2.078993
-1.958458
0.781509
-1.721673
-2.859565
-1.915774
-3.196358
-1.554783
0.364080
-1.097957
-1.008573
-0.144128
-1.633272
-0.786671
-1.826005
-1.815677
-1.201489
-1.508255
-1.137057
-1.881491
-0.247725
0.068265
-1.989590
-1.188647
-1.669447
-1.654269
-1.457431
-1.745480
0.807734
-0.211905
-0.943573
-0.815340
-0.656334
-1.934801
-0.693129
-1.218093
-1.147755
-0.283636
1.711917
-2.752598
-0.513358
-1.249523
-0.311066
-1.668601
-0.481446
-0.011585
-0.273729
0.033269
-2.509175
-0.367127
-0.092107
-0.265490
-0.130363
0.229661
1.264291
-0.364557
-0.003517
-0.599011
-0.255338
-0.318326
0.267754
-0.116655
1.272513
