0.041683
0.070229
0.098890
0.127119
0.155776
0.184426
0.212610
0.240639
0.269348
0.298224
0.326905
0.355654
0.383951
0.412066
0.440270
0.468378
0.497201
0.526294
0.555258
0.584369
0.613243
0.642072
0.671062
0.700074
0.728643
0.757051
0.785503
0.813851
0.842376
0.870932
0.899373
0.927799
0.957102
0.986760
1.016362
1.046200
1.075777
1.105346
1.135170
1.165071
1.194643
1.224138
1.253729
1.283290
1.313081
1.342966
1.372810
1.402706
1.432124
1.461360
1.490669
1.519873
1.549228
1.578607
1.607870
1.637112
1.666625
1.696230
1.725800
1.755428
1.784934
1.814412
1.843954
1.873497
1.901720
1.929389
1.957117
1.984470
2.012163
2.039832
2.067099
2.094220
2.121825
2.149526
2.177051
2.204597
2.231766
2.258766
2.285804
2.312737
2.340291
2.368063
2.395702
2.423453
2.450967
2.478418
2.505994
2.533569
2.560735
2.587741
2.614764
2.641676
2.668722
2.695776
2.722709
2.749608
2.777068
2.804737
2.832346
2.860088
2.887625
2.915130
2.942781
2.970457
2.997896
3.025260
3.052662
3.080020
3.107504
3.135024
3.162494
3.189973
3.217095
3.244065
3.271059
3.297953
3.324928
3.351893
3.378751
3.405569
3.432547
3.459563
3.486529
3.513508
3.540377
3.567201
3.594042
3.620858
3.646990
3.672820
3.698654
3.724276
3.750045
3.775778
3.801285
3.826695
3.852317
3.877961
3.903493
3.929010
3.954315
3.979511
4.004699
4.029811
4.055215
4.080707
4.106107
4.131540
4.156827
4.182059
4.207330
4.232576
4.257590
4.282499
4.307392
4.332204
4.357061
4.381898
4.406648
4.431358
4.456309
4.481335
4.506307
4.531317
4.556203
4.581049
4.605938
4.630814
4.655552
4.680230
4.704900
4.729524
4.754182
4.778832
4.803433
4.828013
4.852395
4.876679
4.900948
4.925145
4.949354
4.973534
4.997637
5.021695
5.045805
5.069907
5.093960
5.117994
5.141949
5.165857
5.189749
5.213602
5.237842
5.262227
5.286556
5.310971
5.335251
5.359508
5.383858
5.408224
5.432387
5.456480
5.480599
5.504674
5.528840
5.553028
5.577166
5.601304
5.625236
5.649076
5.672923
5.696708
5.720527
5.744332
5.768071
5.791779
5.815574
5.839384
5.863158
5.886933
5.910638
5.934309
5.957985
5.981639
6.005035
6.028312
6.051578
6.074756
6.097977
6.121175
6.144280
6.167339
6.190459
6.213575
6.236640
6.259687
6.282648
6.305558
6.328453
6.351310
6.374266
6.397245
6.420178
6.443114
6.465985
6.488824
6.511667
6.534491
6.557218
6.579894
6.602554
6.625174
6.647800
6.670408
6.692973
6.715513
6.735555
6.754520
6.773564
6.791873
6.810750
6.829533
6.847530
6.865209
6.883797
6.902540
6.920908
6.939285
6.956905
6.974168
6.991470
7.008541
7.026640
7.045074
7.063224
7.081519
7.099360
7.117044
7.134896
7.152698
7.169732
7.186434
7.203119
7.219559
7.236189
7.252783
7.269117
7.285342
7.302721
7.320512
7.338140
7.356014
7.373428
7.390745
7.408334
7.425945
7.443008
7.459877
7.476794
7.493582
7.510607
7.527676
7.544603
7.561515
7.577658
7.593451
7.609262
7.624834
7.640536
7.656184
7.671579
7.686856
7.702432
7.718053
7.733536
7.749013
7.764229
7.779317
7.794410
7.809416
7.825561
7.842152
7.858604
7.875327
7.891694
7.908021
7.924643
7.941333
7.957455
7.973399
7.989441
8.005381
8.021612
8.037930
8.054130
8.070353
8.086028
8.101467
8.116952
8.132288
8.147741
8.163179
8.178459
8.193676
8.209160
8.224713
8.240188
8.255690
8.271021
8.286284
8.301582
8.316844
8.331354
8.345531
8.359705
8.373641
8.387737
8.401789
8.415589
8.429278
8.443186
8.457108
8.470904
8.484676
8.498214
8.511629
8.525027
8.538337
8.551974
8.565707
8.579334
8.592994
8.606487
8.619912
8.633379
8.646815
8.659987
8.673036
8.686065
8.699000
8.711982
8.724937
8.737793
8.750599
8.761410
8.771338
8.781299
8.790651
8.800409
8.810058
8.819057
8.827772
8.837182
8.846686
8.855860
8.865011
8.873530
8.881735
8.889940
8.897932
8.906677
8.915642
8.924353
8.933138
8.941541
8.949788
8.958128
8.966393
8.974032
8.981378
8.988676
8.995749
9.002933
9.010054
9.016937
9.023702
9.031382
9.039371
9.047196
9.055193
9.062784
9.070265
9.077941
9.085605
9.092788
9.099780
9.106782
9.113649
9.120681
9.127719
9.134611
9.141460
9.147654
9.153534
9.159397
9.165038
9.170753
9.176393
9.181799
9.187079
9.192571
9.198070
9.203427
9.208749
9.213829
9.218775
9.223694
9.228513
9.234122
9.240018
9.245776
9.251694
9.257317
9.262876
9.268611
9.274360
9.279656
9.284785
9.289949
9.295002
9.300230
9.305485
9.310616
9.315727
9.320408
9.324884
9.329356
9.333683
9.338058
9.342385
9.346561
9.350655
9.354905
9.359167
9.363337
9.367489
9.371482
9.375388
9.379283
9.383116
9.386357
9.389315
9.392235
9.394943
9.397733
9.400454
9.402953
9.405333
9.407839
9.410320
9.412671
9.414969
9.417057
9.419018
9.420931
9.422742
9.424757
9.426808
9.428743
9.430666
9.432430
9.434108
9.435780
9.437393
9.438775
9.440030
9.441234
9.442332
9.443428
9.444469
9.445400
9.446257
9.446079
9.445415
9.444719
9.443672
9.442774
9.441772
9.440399
9.438836
9.437571
9.436304
9.434824
9.433285
9.431382
9.429273
9.427117
9.424806
9.422809
9.420869
9.418754
9.416625
9.414258
9.411766
9.409268
9.406683
9.403741
9.400606
9.397396
9.394027
9.390660
9.387212
9.383598
9.379875
9.376568
9.373370
9.370041
9.366750
9.363206
9.359558
9.355960
9.352309
9.348364
9.344274
9.340141
9.335891
9.331677
9.327418
9.323036
9.318585
9.313754
9.308716
9.303622
9.298366
9.293100
9.287748
9.282230
9.276598
9.271027
9.265410
9.259673
9.253870
9.247897
9.241807
9.235656
9.229405
9.223472
9.217621
9.211654
9.205709
9.199575
9.193359
9.187174
9.180944
9.174449
9.167824
9.161164
9.154399
9.147665
9.140891
9.134008
9.127063
9.119867
9.112525
9.105128
9.097613
9.090067
9.082447
9.074705
9.066873
9.059062
9.051204
9.043251
9.035238
9.027099
9.018868
9.010580
9.002211
8.993511
8.984625
8.975670
8.966563
8.957443
8.948240
8.938879
8.929411
8.919951
8.910428
8.900793
8.891080
8.881217
8.871242
8.861193
8.851044
8.840941
8.830802
8.820557
8.810256
8.799827
8.789306
8.778731
8.768077
8.757262
8.746335
8.735333
8.724229
8.713073
8.701839
8.690502
8.679078
8.668182
8.657460
8.646624
8.635878
8.624892
8.613833
8.602876
8.591903
8.580617
8.569200
8.557782
8.546268
8.534846
8.523418
8.511887
8.500320
8.488388
8.476274
8.464137
8.451865
8.439616
8.427312
8.414868
8.402341
8.389916
8.377480
8.364952
8.352392
8.339686
8.326893
8.314072
8.301182
8.287935
8.274501
8.261011
8.247371
8.233746
8.220050
8.206199
8.192251
8.178334
8.164368
8.150299
8.136167
8.121888
8.107506
8.093064
8.078532
8.064087
8.049631
8.035078
8.020488
8.005774
7.990981
7.976153
7.961260
7.946204
7.931046
7.915826
7.900516
7.885173
7.869767
7.854267
7.838695
7.822701
7.806485
7.790211
7.773763
7.757321
7.740793
7.724085
7.707260
7.690499
7.673691
7.656758
7.639757
7.622577
7.605276
7.587911
7.570443
7.553036
7.535601
7.518056
7.500457
7.482728
7.464905
7.447032
7.429080
7.410954
7.392711
7.374395
7.355973
7.337504
7.318958
7.300305
7.281566
7.262938
7.244306
7.225578
7.206820
7.187921
7.168937
7.149927
7.130852
7.111619
7.092286
7.072891
7.053407
7.033891
7.014313
6.994642
6.974900
6.954970
6.934917
6.914797
6.894571
6.874295
6.853942
6.833480
6.812930
6.792357
6.771722
6.750995
6.730199
6.709293
6.688297
6.667233
6.646086
6.626065
6.606477
6.586755
6.567298
6.547468
6.527591
6.508003
6.488476
6.468407
6.448167
6.428016
6.407765
6.387790
6.367895
6.347885
6.327894
6.307308
6.286466
6.265667
6.244703
6.223866
6.203010
6.181978
6.160877
6.140054
6.119299
6.098458
6.077641
6.056638
6.035558
6.014510
5.993421
5.971666
5.949611
5.927542
5.905257
5.883103
5.860901
5.838470
5.815932
5.793571
5.771211
5.748731
5.726219
5.703496
5.680654
5.657788
5.634834
5.612165
5.589572
5.566876
5.544202
5.521368
5.498466
5.475593
5.452684
5.429532
5.406262
5.382965
5.359575
5.336219
5.312831
5.289346
5.265808
5.241628
5.217142
5.192627
5.167888
5.143226
5.118488
5.093515
5.068415
5.043493
5.018563
4.993492
4.968375
4.943024
4.917538
4.892013
4.866384
4.840923
4.815480
4.789921
4.764339
4.738607
4.712788
4.686950
4.661048
4.634924
4.608673
4.582365
4.555950
4.529522
4.503033
4.476433
4.449756
4.423346
4.397003
4.370567
4.344151
4.317564
4.290904
4.264271
4.237597
4.210723
4.183748
4.156740
4.129648
4.102575
4.075468
4.048273
4.021027
3.993529
3.965891
3.938210
3.910418
3.882612
3.854745
3.826763
3.798702
3.770674
3.742610
3.714462
3.686266
3.657952
3.629556
3.601114
3.572602
3.546397
3.521136
3.495703
3.470882
3.445422
3.419958
3.395156
3.370565
3.345002
3.319196
3.293655
3.268011
3.243001
3.218241
3.193348
3.168583
3.142738
3.116480
3.090399
3.064086
3.038114
3.012198
2.986028
2.959811
2.934237
2.908887
2.883460
2.858174
2.832611
2.806989
2.781524
2.756068
2.729399
2.702234
2.675133
2.647698
2.620614
2.593529
2.566084
2.538523
2.511399
2.484368
2.457195
2.430051
2.402584
2.374977
2.347414
2.319770
2.292775
2.266024
2.239161
2.212433
2.185485
2.158494
2.131652
2.104830
2.077623
2.050277
2.022970
1.995574
1.968335
1.941125
1.913815
1.886494
1.857998
1.828986
1.800012
1.770688
1.741607
1.712470
1.682961
1.653292
1.624069
1.594923
1.565589
1.536259
1.506559
1.476682
1.446823
1.416851
1.387303
1.357884
1.328328
1.298820
1.269108
1.239316
1.209581
1.179811
1.149694
1.119419
1.089124
1.058709
1.028363
0.997989
0.967487
0.936925
0.906985
0.877269
0.847462
0.817787
0.787866
0.757894
0.728067
0.698253
0.668136
0.637912
0.607715
0.577446
0.547306
0.517190
0.486995
0.456791
0.426182
0.395388
0.364601
0.333689
0.302843
0.271967
0.240957
0.209883
0.178967
0.148073
0.117106
0.086134
0.055023
0.023844
-0.007333
-0.038558
-0.067235
-0.094850
-0.122623
-0.149695
-0.177429
-0.205132
-0.232084
-0.258771
-0.286493
-0.314451
-0.342086
-0.369803
-0.396794
-0.423481
-0.450282
-0.476911
-0.504672
-0.532846
-0.560794
-0.588961
-0.616727
-0.644400
-0.672314
-0.700245
-0.727450
-0.754378
-0.781357
-0.808151
-0.835210
-0.862301
-0.889189
-0.916033
-0.944193
-0.972869
-1.001443
-1.030355
-1.058846
-1.087305
-1.116132
-1.145055
-1.173460
-1.201728
-1.230121
-1.258450
-1.287105
-1.315883
-1.344580
-1.373335
-1.401338
-1.429041
-1.456835
-1.484447
-1.512271
-1.540110
-1.567751
-1.595339
-1.623320
-1.651422
-1.679450
-1.707544
-1.735432
-1.763256
-1.791157
-1.819039
-1.847154
-1.875368
-1.903552
-1.931795
-1.959986
-1.988180
-2.016437
-2.044715
-2.072858
-2.100960
-2.129091
-2.157201
-2.185384
-2.213592
-2.241774
-2.269966
-2.298102
-2.326217
-2.354342
-2.382457
-2.410585
-2.438715
-2.466832
-2.494947
-2.523102
-2.551271
-2.579435
-2.607609
-2.635766
-2.663920
-2.692083
-2.720248
-2.748673
-2.777210
-2.805737
-2.834339
-2.862883
-2.891435
-2.920069
-2.948735
-2.977303
-3.005852
-3.034440
-3.063025
-3.091689
-3.120390
-3.149085
-3.177803
-3.206416
-3.234996
-3.263604
-3.292197
-3.320835
-3.349488
-3.378124
-3.406764
-3.435482
-3.464234
-3.492986
-3.521763
-3.550520
-3.579280
-3.608066
-3.636863
-3.663262
-3.688648
-3.714148
-3.738968
-3.764388
-3.789756
-3.814396
-3.838765
-3.864049
-3.889518
-3.914662
-3.939850
-3.964343
-3.988526
-4.012783
-4.036853
-4.061986
-4.087491
-4.112757
-4.138209
-4.163249
-4.188175
-4.213310
-4.238435
-4.262843
-4.286963
-4.311107
-4.335051
-4.359224
-4.383402
-4.407363
-4.431259
-4.456623
-4.482560
-4.508363
-4.534533
-4.560220
-4.585859
-4.611898
-4.638033
-4.663558
-4.688912
-4.714395
-4.739788
-4.765540
-4.791416
-4.817184
-4.843003
-4.872376
-4.903274
-4.934070
-4.965913
-4.996909
-5.028025
-5.060261
-5.092939
-5.122194
-5.150317
-5.179055
-5.207162
-5.236855
-5.266991
-5.296411
-5.325901
-5.312917
-5.281817
-5.252616
-5.211236
-5.260425
-5.342644
-5.408367
-5.492139
-5.526302
-5.546069
-5.568603
-5.580315
-10.139809
-10.283702
-10.191713
-10.399428
-10.306805
-10.201858
-10.256648
-10.341828
-10.371050
-10.407618
-10.479326
-10.563504
-10.605493
-10.639095
-10.687702
-10.734297
-10.723048
-10.687833
-10.653147
-10.601330
-10.637627
-10.703444
-10.747733
-10.806025
-10.826990
-10.836355
-10.861654
-10.884345
-10.905838
-10.927287
-10.946214
-10.963920
-10.984268
-11.004899
-11.024134
-11.043186
-11.063590
-11.084335
-11.104822
-11.125503
-11.145264
-11.164698
-11.184369
-11.203891
-11.222930
-11.241719
-11.260376
-11.278808
-11.297288
-11.315669
-11.333814
-11.351818
-11.375538
-11.401599
-11.427265
-11.454466
-11.480076
-11.505686
-11.532950
-11.560750
-11.586221
-11.611127
-11.636701
-11.662048
-11.688963
-11.716508
-11.743756
-11.771339
-11.787733
-11.799492
-11.812077
-11.821658
-11.834178
-11.846627
-11.855846
-11.863969
-11.876915
-11.891058
-11.903832
-11.917095
-11.927183
-11.936004
-11.945457
-11.954249
-11.972752
-11.995143
-12.016437
-12.040114
-12.061005
-12.081711
-12.104997
-12.128997
-12.148133
-12.165807
-12.184453
-12.202311
-12.222800
-12.244143
-12.264565
-12.285275
-12.301825
-12.316644
-12.331931
-12.346166
-12.361401
-12.376619
-12.390708
-12.404414
-12.420358
-12.436956
-12.453052
-12.469477
-12.484659
-12.499414
-12.514559
-12.529539
-12.545965
-12.562970
-12.579745
-12.596846
-12.613558
-12.630233
-12.647260
-12.664380
-12.680599
-12.696515
-12.712568
-12.728441
-12.744726
-12.761116
-12.777303
-12.793498
-12.809253
-12.824804
-12.840378
-12.855821
-12.871316
-12.886773
-12.902092
-12.917339
-12.932809
-12.948326
-12.963759
-12.979201
-12.994481
-13.009687
-13.024909
-13.040087
-13.053786
-13.066838
-13.079907
-13.092523
-13.105461
-13.118325
-13.130706
-13.142882
-13.155539
-13.168254
-13.180731
-13.193185
-13.205183
-13.216951
-13.228712
-13.240315
-13.252539
-13.264952
-13.277174
-13.289469
-13.301462
-13.313340
-13.325306
-13.337223
-13.348653
-13.359862
-13.371043
-13.382056
-13.393168
-13.404241
-13.415136
-13.425948
-13.437170
-13.448508
-13.459740
-13.471026
-13.482080
-13.493049
-13.504083
-13.515079
-13.525827
-13.536459
-13.547064
-13.557577
-13.568134
-13.578664
-13.589097
-13.599480
-13.609495
-13.619320
-13.629108
-13.638753
-13.648411
-13.658004
-13.667448
-13.676798
-13.686231
-13.695638
-13.704945
-13.714206
-13.723315
-13.732327
-13.741297
-13.750189
-13.758857
-13.767390
-13.775850
-13.784191
-13.792500
-13.800731
-13.808840
-13.816858
-13.824843
-13.832757
-13.840577
-13.848320
-13.855949
-13.863483
-13.870942
-13.878313
-13.885695
-13.893033
-13.900278
-13.907463
-13.914541
-13.921534
-13.928471
-13.935332
-13.942065
-13.948701
-13.955265
-13.961739
-13.968157
-13.974501
-13.980754
-13.986928
-13.992367
-13.997446
-14.002475
-14.007236
-14.012072
-14.016811
-14.021268
-14.025568
-14.030038
-14.034477
-14.038743
-14.042940
-14.046862
-14.050615
-14.054307
-14.057865
-14.061618
-14.065385
-14.069004
-14.072587
-14.075977
-14.079254
-14.082500
-14.085660
-14.088546
-14.091270
-14.093917
-14.096425
-14.098910
-14.101312
-14.103572
-14.105730
-14.108129
-14.110568
-14.112890
-14.115207
-14.117326
-14.119346
-14.121369
-14.123324
-14.125058
-14.126667
-14.128216
-14.129658
-14.131092
-14.132465
-14.133727
-14.134913
-14.135819
-14.136557
-14.137227
-14.137761
-14.138257
-14.138666
-14.138935
-14.139099
-14.139271
-14.139383
-14.139385
-14.139314
-14.139099
-14.138777
-14.138384
-14.137895
-14.137756
-14.137714
-14.137558
-14.137435
-14.137115
-14.136716
-14.136358
-14.135961
-14.135294
-14.134498
-14.133672
-14.132744
-14.131857
-14.130935
-14.129907
-14.128821
-14.127466
-14.125957
-14.124400
-14.122722
-14.121024
-14.119255
-14.117361
-14.115379
-14.113431
-14.111444
-14.109363
-14.107226
-14.104961
-14.102605
-14.100197
-14.097711
-14.094894
-14.091895
-14.088829
-14.085614
-14.082389
-14.079084
-14.075624
-14.072059
-14.068505
-14.064890
-14.061164
-14.057365
-14.053418
-14.049362
-14.045234
-14.041009
-14.036835
-14.032629
-14.028319
-14.023956
-14.019468
-14.014890
-14.010262
-14.005557
-14.000693
-13.995721
-13.990675
-13.985531
-13.980337
-13.975069
-13.969700
-13.964247
-13.958534
-13.952659
-13.946709
-13.940624
-13.934493
-13.928271
-13.921911
-13.915445
-13.908967
-13.902419
-13.895760
-13.889021
-13.882143
-13.875156
-13.868090
-13.860925
-13.853740
-13.846493
-13.839143
-13.831717
-13.824180
-13.816548
-13.808843
-13.801050
-13.793124
-13.785092
-13.776975
-13.768758
-13.760469
-13.752093
-13.743616
-13.735049
-13.726499
-13.717904
-13.709213
-13.700461
-13.691589
-13.682627
-13.673608
-13.664508
-13.655279
-13.645951
-13.636546
-13.627048
-13.617489
-13.607853
-13.598122
-13.588309
-13.578350
-13.568280
-13.558130
-13.547878
-13.537556
-13.527147
-13.516636
-13.506033
-13.495373
-13.484636
-13.473806
-13.462893
-13.451877
-13.440769
-13.429579
-13.418300
-13.407326
-13.396430
-13.385429
-13.374452
-13.363294
-13.352058
-13.340854
-13.329609
-13.318125
-13.306523
-13.294889
-13.283160
-13.271460
-13.259724
-13.247889
-13.235998
-13.223854
-13.211566
-13.199230
-13.186780
-13.174308
-13.161769
-13.149112
-13.136370
-13.123657
-13.110903
-13.098060
-13.085163
-13.072145
-13.059040
-13.045884
-13.032653
-13.019140
-13.005467
-12.991728
-12.977857
-12.963967
-12.950000
-12.935895
-12.921695
-12.907491
-12.893226
-12.878860
-12.864423
-12.849854
-12.835184
-12.820446
-12.805616
-12.790819
-12.775986
-12.761057
-12.746074
-12.730977
-12.715796
-12.700563
-12.685257
-12.669809
-12.654261
-12.638643
-12.622932
-12.607172
-12.591339
-12.575412
-12.559407
-12.543138
-12.526710
-12.510211
-12.493579
-12.476909
-12.460153
-12.443260
-12.426265
-12.409265
-12.392199
-12.375027
-12.357778
-12.340393
-12.322903
-12.305338
-12.287679
-12.270010
-12.252284
-12.234459
-12.216564
-12.198560
-12.180467
-12.162305
-12.144061
-12.125684
-12.107206
-12.088647
-12.069992
-12.051271
-12.032468
-12.013568
-11.994581
-11.975617
-11.956612
-11.937515
-11.918362
-11.899093
-11.879739
-11.860331
-11.840848
-11.821240
-11.801537
-11.781762
-11.761898
-11.741978
-11.721985
-11.701902
-11.681741
-11.661438
-11.641028
-11.620542
-11.599960
-11.579311
-11.558580
-11.537750
-11.516834
-11.495865
-11.474824
-11.453693
-11.432485
-11.411178
-11.389782
-11.368310
-11.346753
-11.326600
-11.306995
-11.287242
-11.267832
-11.247979
-11.228082
-11.208558
-11.189126
-11.169046
-11.148774
-11.128627
-11.108374
-11.088477
-11.068694
-11.048788
-11.028921
-11.008332
-10.987442
-10.966622
-10.945614
-10.924780
-10.903940
-10.882899
-10.861787
-10.841038
-10.820388
-10.799649
-10.778957
-10.758049
-10.737063
-10.716134
-10.695170
-10.673413
-10.651309
-10.629203
-10.606850
-10.584672
-10.562453
-10.539970
-10.517373
-10.495006
-10.472655
-10.450175
-10.427672
-10.404928
-10.382056
-10.359170
-10.336193
-10.313578
-10.291072
-10.268456
-10.245883
-10.223131
-10.200313
-10.177546
-10.154750
-10.131674
-10.108471
-10.085251
-10.061935
-10.038675
-10.015392
-9.992006
-9.968572
-9.944347
-9.919752
-9.895140
-9.870264
-9.845503
-9.820665
-9.795549
-9.770290
-9.745275
-9.720268
-9.695101
-9.669895
-9.644412
-9.618776
-9.593110
-9.567331
-9.541784
-9.516278
-9.490645
-9.465001
-9.439186
-9.413280
-9.387369
-9.361396
-9.335159
-9.308782
-9.282350
-9.255802
-9.229257
-9.202653
-9.175927
-9.149122
-9.122672
-9.096322
-9.069875
-9.043471
-9.016870
-8.990194
-8.963571
-8.936915
-8.910026
-8.883027
-8.856005
-8.828896
-8.801828
-8.774735
-8.747551
-8.720321
-8.692791
-8.665104
-8.637380
-8.609535
-8.581692
-8.553788
-8.525759
-8.497648
-8.469597
-8.441519
-8.413353
-8.385144
-8.356806
-8.328383
-8.299920
-8.271387
-8.245261
-8.220122
-8.194807
-8.170133
-8.144797
-8.119462
-8.094819
-8.070400
-8.044970
-8.019289
-7.993888
-7.968383
-7.943542
-7.918965
-7.894253
-7.869677
-7.843983
-7.817863
-7.791931
-7.765761
-7.739950
-7.714200
-7.688189
-7.662134
-7.636750
-7.611603
-7.586379
-7.561305
-7.535948
-7.510533
-7.485284
-7.460048
-7.433546
-7.406529
-7.379582
-7.352288
-7.325365
-7.298445
-7.271152
-7.243740
-7.216789
-7.189939
-7.162945
-7.135984
-7.108688
-7.081250
-7.053860
-7.026390
-6.999602
-6.973072
-6.946428
-6.919929
-6.893203
-6.866436
-6.839828
-6.813245
-6.786262
-6.759138
-6.732057
-6.704887
-6.677884
-6.650914
-6.623845
-6.596767
-6.568478
-6.539659
-6.510882
-6.481747
-6.452867
-6.423931
-6.394614
-6.365135
-6.336121
-6.307189
-6.278066
-6.248951
-6.219455
-6.189781
-6.160129
-6.130362
-6.101036
-6.071847
-6.042519
-6.013244
-5.983761
-5.954198
-5.924698
-5.895165
-5.865276
-5.835228
-5.805161
-5.774975
-5.744862
-5.714723
-5.684455
-5.654129
-5.624450
-5.595005
-5.565469
-5.536074
-5.506428
-5.476730
-5.447188
-5.417661
-5.387825
-5.357881
-5.327967
-5.297982
-5.268135
-5.238315
-5.208417
-5.178513
-5.148193
-5.117685
-5.087188
-5.056564
-5.026012
-4.995431
-4.964716
-4.933938
-4.903326
-4.872741
-4.842082
-4.811422
-4.780622
-4.749755
-4.718892
-4.687984
-4.659080
-4.631008
-4.602804
-4.575146
-4.546961
-4.518793
-4.491212
-4.463833
-4.435625
-4.407222
-4.379068
-4.350842
-4.323183
-4.295757
-4.268234
-4.240838
-4.212550
-4.183931
-4.155482
-4.126856
-4.098538
-4.070285
-4.041837
-4.013369
-3.985466
-3.957772
-3.930033
-3.902431
-3.874616
-3.846770
-3.819075
-3.791409
-3.762684
-3.733538
-3.704467
-3.675119
-3.646100
-3.617098
-3.587795
-3.558408
-3.529429
-3.500552
-3.471568
-3.442628
-3.413419
-3.384105
-3.354849
-3.325539
-3.296821
-3.268336
-3.239771
-3.211343
-3.182739
-3.154116
-3.125643
-3.097205
-3.068446
-3.039583
-3.010773
-2.981902
-2.953188
-2.924518
-2.895779
-2.867048
-2.839094
-2.811468
-2.783816
-2.756388
-2.728759
-2.701146
-2.673775
-2.646492
-2.618944
-2.591351
-2.563864
-2.536372
-2.509100
-2.481932
-2.454750
-2.427634
-2.400135
-2.372502
-2.344955
-2.317340
-2.289876
-2.262453
-2.234956
-2.207462
-2.180221
-2.153081
-2.125934
-2.098858
-2.071701
-2.044542
-2.017460
-1.990401
-1.963064
-1.935627
-1.908228
-1.880767
-1.853420
-1.826096
-1.798705
-1.771308
-1.744036
-1.716807
-1.689566
-1.662354
-1.635086
-1.607807
-1.580559
-1.553314
-1.526262
-1.499298
-1.472328
-1.445417
-1.418470
-1.391536
-1.364663
-1.337819
-1.310898
-1.283965
-1.257064
-1.230163
-1.203327
-1.176521
-1.149713
-1.122925
-1.096137
-1.069358
-1.042599
-1.015854
-0.989127
-0.962416
-0.935718
-0.909035
-0.882385
-0.855758
-0.829145
-0.802551
-0.775968
-0.749400
-0.722852
-0.696321
-0.669802
-0.643298
-0.616811
-0.590340
-0.563887
-0.537452
-0.511033
-0.484630
-0.458245
-0.431877
-0.405526
-0.379191
-0.352873
-0.326571
-0.300287
-0.274019
-0.247803
-0.221619
-0.195450
-0.169308
-0.143175
-0.117059
-0.090970
-0.064903
-0.038839
-0.012788
0.013240
0.039252
0.065238
0.091201
0.117149
0.143077
0.169004
0.194919
0.220814
0.246694
0.272552
0.298391
0.324216
0.350024
0.375805
0.401565
0.427308
0.453031
0.478741
0.504434
0.530106
0.555761
0.579765
0.603057
0.626400
0.649258
0.672492
0.695665
0.718319
0.740762
0.763804
0.786946
0.809842
0.832742
0.855144
0.877309
0.899500
0.921537
0.944261
0.967207
0.989967
1.012823
1.035377
1.057828
1.080391
1.102921
1.124942
1.146743
1.168533
1.190162
1.211917
1.233649
1.255209
1.276697
1.298939
1.321449
1.343852
1.366415
1.388676
1.410873
1.433248
1.455636
1.477666
1.499569
1.521502
1.543351
1.565353
1.587384
1.609322
1.631249
1.652671
1.673865
1.695068
1.716116
1.737247
1.758343
1.779273
1.800125
1.821171
1.842247
1.863232
1.884212
1.905021
1.925745
1.946471
1.967141
1.987082
2.006687
2.026264
2.045595
2.065049
2.084438
2.103566
2.122565
2.141747
2.160919
2.179948
2.198931
2.217669
2.236267
2.254827
2.273278
2.292007
2.310800
2.329469
2.348143
2.366637
2.385044
2.403465
2.421831
2.439927
2.457885
2.475798
2.493599
2.511418
2.529188
2.546839
2.564420
2.582201
2.600022
2.617760
2.635501
2.653092
2.670611
2.688140
2.705625
2.722946
2.740177
2.757370
2.774486
2.791602
2.808679
2.825677
2.842622
2.859344
2.875938
2.892486
2.908932
2.925359
2.941725
2.957985
2.974170
2.990373
3.006537
3.022622
3.038656
3.054583
3.070432
3.086233
3.101965
3.118091
3.134347
3.150515
3.166749
3.182808
3.198814
3.214895
3.230964
3.246787
3.262506
3.278226
3.293870
3.309586
3.325298
3.340929
3.356531
3.371881
3.387102
3.402304
3.417410
3.432526
3.447599
3.462572
3.477485
3.492465
3.507434
3.522335
3.537211
3.551982
3.566690
3.581375
3.596008
3.610336
3.624507
3.638639
3.652649
3.666677
3.680653
3.694500
3.708270
3.722078
3.735854
3.749547
3.763193
3.776718
3.790161
3.803560
3.816889
3.830298
3.843704
3.857034
3.870339
3.883545
3.896689
3.909810
3.922882
3.935822
3.948680
3.961493
3.974234
3.986954
3.999627
4.012227
4.024770
4.035522
4.045478
4.055452
4.064872
4.074652
4.084327
4.093412
4.102235
4.111662
4.121159
4.130355
4.139520
4.148114
4.156419
4.164713
4.172808
4.181584
4.190554
4.199287
4.208083
4.216523
4.224815
4.233186
4.241483
4.249204
4.256655
4.264054
4.271244
4.278528
4.285749
4.292748
4.299634
4.307298
4.315217
4.322983
4.330886
4.338426
4.345859
4.353447
4.361014
4.368155
4.375120
4.382082
4.388915
4.395878
4.402835
4.409654
4.416424
4.422613
4.428518
4.434396
4.440069
4.445797
4.451447
4.456883
4.462196
4.467684
4.473166
4.478512
4.483817
4.488900
4.493854
4.498774
4.503596
4.509167
4.515008
4.520715
4.526570
4.532140
4.537644
4.543312
4.548990
4.554236
4.559318
4.564430
4.569433
4.574599
4.579786
4.584853
4.589896
4.594523
4.598948
4.603365
4.607641
4.611959
4.616229
4.620349
4.624388
4.628573
4.632766
4.636867
4.640948
4.644872
4.648710
4.652533
4.656293
4.659492
4.662422
4.665310
4.667994
4.670751
4.673439
4.675913
4.678272
4.680743
4.683186
4.685503
4.687765
4.689826
4.691762
4.693648
4.695434
4.697409
4.699411
4.701301
4.703176
4.704895
4.706529
4.708154
4.709718
4.711060
4.712279
4.713445
4.714506
4.715562
4.716561
4.717452
4.718269
4.718233
4.717788
4.717303
4.716518
4.715840
4.715062
4.713970
4.712708
4.711676
4.710628
4.709393
4.708095
4.706488
4.704700
4.702859
4.700877
4.699134
4.697420
4.695551
4.693654
4.691553
4.689334
4.687095
4.684771
4.682145
4.679348
4.676476
4.673460
4.670431
4.667321
4.664062
4.660700
4.657667
4.654710
4.651631
4.648571
4.645289
4.641910
4.638558
4.635148
4.631483
4.627686
4.623841
4.619886
4.615946
4.611957
4.607854
4.603680
4.599181
4.594499
4.589758
4.584871
4.579962
4.574969
4.569825
4.564576
4.559362
4.554098
4.548722
4.543278
4.537681
4.531976
4.526206
4.520341
4.514710
4.509127
4.503435
4.497745
4.491889
4.485953
4.480024
4.474043
4.467836
4.461511
4.455141
4.448672
4.442211
4.435702
4.429090
4.422413
4.415523
4.408501
4.401419
4.394228
4.386996
4.379689
4.372270
4.364763
4.357256
4.349695
4.342043
4.334327
4.326495
4.318575
4.310593
4.302530
4.294189
4.285685
4.277110
4.268398
4.259660
4.250839
4.241878
4.232815
4.223743
4.214605
4.205361
4.196040
4.186583
4.177022
4.167386
4.157655
4.147944
4.138188
4.128332
4.118415
4.108381
4.098258
4.088076
4.077815
4.067410
4.056901
4.046316
4.035634
4.024894
4.014077
4.003161
3.992161
3.981512
3.970963
3.960310
3.949697
3.938890
3.928009
3.917176
3.906308
3.895195
3.883966
3.872712
3.861368
3.850065
3.838734
3.827307
3.815831
3.804072
3.792160
3.780208
3.768136
3.756059
3.743918
3.731654
3.719308
3.707011
3.694683
3.682267
3.669804
3.657214
3.644539
3.631820
3.619030
3.605964
3.592742
3.579457
3.566043
3.552616
3.539115
3.525481
3.511754
3.498026
3.484240
3.470357
3.456405
3.442327
3.428152
3.413911
3.399583
3.385293
3.370971
3.356557
3.342093
3.327518
3.312864
3.298161
3.283388
3.268478
3.253471
3.238397
3.223235
3.208027
3.192751
3.177384
3.161943
3.145805
3.129325
3.112797
3.096015
3.079304
3.062499
3.045428
3.028206
3.011147
2.994059
2.976807
2.959488
2.941908
2.924169
2.906371
2.888445
2.870702
2.852971
2.835099
2.817193
2.799104
2.780907
2.762681
2.744372
2.725803
2.707082
2.688286
2.669359
2.650409
2.631380
2.612216
2.592954
2.573926
2.554936
2.535835
2.516729
2.497436
2.478048
2.458663
2.439214
2.419554
2.399773
2.379937
2.359999
2.340053
2.320051
2.299943
2.279762
2.259313
2.238705
2.218033
2.197230
2.176392
2.155471
2.134416
2.113262
2.092116
2.070914
2.049606
2.028229
2.006715
1.985100
1.963416
1.941642
1.921155
1.901166
1.881027
1.861193
1.840941
1.820639
1.800669
1.780774
1.760263
1.739559
1.718961
1.698253
1.677864
1.657570
1.637150
1.616753
1.595688
1.574337
1.553038
1.531557
1.510222
1.488871
1.467324
1.445702
1.424400
1.403178
1.381862
1.360579
1.339087
1.317513
1.295979
1.274402
1.252062
1.229381
1.206688
1.183750
1.160968
1.138137
1.115044
1.091833
1.068831
1.045835
1.022706
0.999544
0.976143
0.952611
0.929054
0.905401
0.882080
0.858851
0.835508
0.812195
0.788703
0.765136
0.741608
0.718042
0.694200
0.670228
0.646229
0.622128
0.598070
0.573980
0.549782
0.525528
0.500766
0.475751
0.450699
0.425458
0.400255
0.374975
0.349498
0.323906
0.298439
0.272951
0.247335
0.221669
0.195805
0.169818
0.143787
0.117658
0.092659
0.068090
0.043371
0.018910
-0.005930
-0.030827
-0.055442
-0.080004
-0.105137
-0.130458
-0.155698
-0.181051
-0.206131
-0.231138
-0.256275
-0.281404
-0.303736
-0.324887
-0.346152
-0.366615
-0.387789
-0.408902
-0.429156
-0.449090
-0.470038
-0.491176
-0.511934
-0.532726
-0.552713
-0.572334
-0.592023
-0.611483
-0.639980
-0.672222
-0.703840
-0.737903
-0.769580
-0.801322
-0.835694
-0.870962
-0.907204
-0.944558
-0.982820
-1.022092
-1.075315
-1.135043
-1.195223
-1.260121
-1.266696
-1.250715
-1.262325
-1.268930
-1.284217
3.432199
3.229295
3.149654
3.557682
3.710070
3.405808
2.839085
3.006643
3.315288
3.316954
3.331869
3.287587
3.191821
3.109882
3.003432
2.998167
3.025934
3.024074
3.035803
2.991898
2.927551
2.879433
2.822750
2.783411
2.749156
2.705416
2.661859
2.643221
2.634268
2.624354
2.621209
2.609333
2.596812
2.591667
2.588433
2.559786
2.522003
2.487353
2.447064
2.416960
2.388879
2.354546
2.319580
2.290854
2.263824
2.235820
2.208856
2.177898
2.145625
2.114594
2.083052
2.049565
2.015143
1.980286
1.944600
1.909279
1.873679
1.837201
1.800258
1.773360
1.750425
1.726568
1.705240
1.680773
1.656058
1.634088
1.612838
1.587253
1.560453
1.534605
1.508135
1.484221
1.461203
1.437437
1.414044
1.385331
1.354450
1.324178
1.292585
1.262408
1.232279
1.200727
1.168742
1.139531
1.111147
1.082183
1.053655
1.023617
0.993079
0.963051
0.932847
0.903341
0.874104
0.844658
0.815322
0.785805
0.756239
0.726795
0.697361
0.667263
0.636900
0.606577
0.576077
0.545783
0.515498
0.485021
0.454488
0.423922
0.393296
0.362613
0.331872
0.301030
0.270111
0.239138
0.208095
0.177019
0.145890
0.114690
0.083431
0.052099
0.020701
-0.010756
-0.042276
-0.070874
-0.098266
-0.125849
-0.152640
-0.180216
-0.207775
-0.234480
-0.260898
-0.288505
-0.316394
-0.343926
-0.371565
-0.398387
-0.424873
-0.451501
-0.477946
-0.505741
-0.534038
-0.562088
-0.590413
-0.618280
-0.646056
-0.674132
-0.702245
-0.729524
-0.756495
-0.783543
-0.810392
-0.837568
-0.864798
-0.891808
-0.918785
-0.947236
-0.976275
-1.005214
-1.034542
-1.063414
-1.092265
-1.121537
-1.150930
-1.179763
-1.208460
-1.237309
-1.266100
-1.295267
-1.324584
-1.353824
-1.383143
-1.411634
-1.439802
-1.468086
-1.496179
-1.524523
-1.552897
-1.581065
-1.609185
-1.637758
-1.666480
-1.695132
-1.723872
-1.752395
-1.780859
-1.809424
-1.837980
-1.866422
-1.894821
-1.923219
-1.951583
-1.979998
-2.008419
-2.036804
-2.065181
-2.093566
-2.121947
-2.150319
-2.178688
-2.207036
-2.235373
-2.263706
-2.292030
-2.320474
-2.348965
-2.377440
-2.405944
-2.434409
-2.462870
-2.491361
-2.519858
-2.548297
-2.576717
-2.605147
-2.633566
-2.662015
-2.690473
-2.718918
-2.747365
-2.775747
-2.804101
-2.832460
-2.860801
-2.889156
-2.917508
-2.945842
-2.974167
-3.002524
-3.030887
-3.059241
-3.087598
-3.115934
-3.144262
-3.172593
-3.200920
-3.229266
-3.257620
-3.285967
-3.314318
-3.342660
-3.371000
-3.399343
-3.427685
-3.456012
-3.484332
-3.512652
-3.540967
-3.569286
-3.597605
-3.625918
-3.654229
-3.680383
-3.705617
-3.730941
-3.755645
-3.780869
-3.806033
-3.830532
-3.854776
-3.879831
-3.905041
-3.929946
-3.954880
-3.979176
-4.003182
-4.027242
-4.051123
-4.075931
-4.101054
-4.125952
-4.150999
-4.175669
-4.200224
-4.224950
-4.249653
-4.273706
-4.297489
-4.321280
-4.344879
-4.368667
-4.392446
-4.416018
-4.439518
-4.464035
-4.488927
-4.513700
-4.538706
-4.563335
-4.587901
-4.612722
-4.637584
-4.661993
-4.686257
-4.710582
-4.734818
-4.759277
-4.783796
-4.808213
-4.832637
-4.856418
-4.879917
-4.903451
-4.926801
-4.950283
-4.973740
-4.996999
-5.020176
-5.043633
-5.067149
-5.090567
-5.114000
-5.137229
-5.160368
-5.183531
-5.206640
-5.230789
-5.255357
-5.279824
-5.304556
-5.328993
-5.353417
-5.378126
-5.402920
-5.427231
-5.451406
-5.475691
-5.499908
-5.524408
-5.549008
-5.573526
-5.598087
-5.622181
-5.646087
-5.670057
-5.693916
-5.717903
-5.741900
-5.765778
-5.789623
-5.813730
-5.837920
-5.862064
-5.886256
-5.910317
-5.934340
-5.958417
-5.982486
-6.005909
-6.029060
-6.052230
-6.075212
-6.098358
-6.121489
-6.144418
-6.167272
-6.190342
-6.213448
-6.236464
-6.259482
-6.282315
-6.305061
-6.327816
-6.350514
-6.373526
-6.396646
-6.419694
-6.442795
-6.465769
-6.488707
-6.511704
-6.534697
-6.557478
-6.580172
-6.602872
-6.625510
-6.648212
-6.670915
-6.693551
-6.716166
-6.736206
-6.755133
-6.774148
-6.792407
-6.811251
-6.829998
-6.847937
-6.865549
-6.884113
-6.902842
-6.921186
-6.939544
-6.957120
-6.974330
-6.991585
-7.008604
-7.026672
-7.045080
-7.063199
-7.081467
-7.099272
-7.116920
-7.134739
-7.152507
-7.169492
-7.186138
-7.202767
-7.219148
-7.235722
-7.252261
-7.268533
-7.284696
-7.302084
-7.319914
-7.337575
-7.355501
-7.372947
-7.390295
-7.407936
-7.425606
-7.442699
-7.459592
-7.476540
-7.493357
-7.510430
-7.527555
-7.544534
-7.561502
-7.577665
-7.593466
-7.609289
-7.624867
-7.640585
-7.656251
-7.671657
-7.686942
-7.702548
-7.718205
-7.733722
-7.749238
-7.764484
-7.779600
-7.794725
-7.809764
-7.825929
-7.842534
-7.859002
-7.875737
-7.892120
-7.908465
-7.925101
-7.941804
-7.957944
-7.973906
-7.989966
-8.005924
-8.022170
-8.038503
-8.054718
-8.070955
-8.086654
-8.102122
-8.117635
-8.133000
-8.148481
-8.163946
-8.179256
-8.194504
-8.210014
-8.225592
-8.241093
-8.256620
-8.271980
-8.287271
-8.302597
-8.317888
-8.332429
-8.346638
-8.360844
-8.374813
-8.388942
-8.403027
-8.416861
-8.430584
-8.444526
-8.458483
-8.472314
-8.486122
-8.499697
-8.513148
-8.526584
-8.539931
-8.553605
-8.567375
-8.581038
-8.594736
-8.608266
-8.621729
-8.635234
-8.648708
-8.661920
-8.675010
-8.688079
-8.701054
-8.714077
-8.727073
-8.739971
-8.752819
-8.763614
-8.773502
-8.783427
-8.792725
-8.802445
-8.812053
-8.820995
-8.829647
-8.839015
-8.848481
-8.857610
-8.866717
-8.875176
-8.883313
-8.891453
-8.899374
-8.908074
-8.917003
-8.925672
-8.934421
-8.942776
-8.950974
-8.959269
-8.967490
-8.975067
-8.982345
-8.989574
-8.996575
-9.003692
-9.010745
-9.017557
-9.024248
-9.031882
-9.039835
-9.047621
-9.055585
-9.063135
-9.070573
-9.078213
-9.085843
-9.092979
-9.099922
-9.106878
-9.113695
-9.120683
-9.127681
-9.134529
-9.141336
-9.147470
-9.153284
-9.159082
-9.164652
-9.170302
-9.175876
-9.181211
-9.186418
-9.191846
-9.197282
-9.202574
-9.207831
-9.212842
-9.217716
-9.222565
-9.227313
-9.232879
-9.238745
-9.244470
-9.250362
-9.255953
-9.261479
-9.267189
-9.272916
-9.278178
-9.283270
-9.288399
-9.293416
-9.298617
-9.303847
-9.308952
-9.314038
-9.318682
-9.323116
-9.327548
-9.331834
-9.336170
-9.340459
-9.344595
-9.348649
-9.352866
-9.357097
-9.361235
-9.365358
-9.369318
-9.373191
-9.377054
-9.380856
-9.384048
-9.386951
-9.389816
-9.392466
-9.395201
-9.397868
-9.400307
-9.402627
-9.405078
-9.407506
-9.409802
-9.412045
-9.414074
-9.415974
-9.417826
-9.419575
-9.421538
-9.423539
-9.425423
-9.427298
-9.429010
-9.430635
-9.432257
-9.433819
-9.435146
-9.436344
-9.437491
-9.438531
-9.439571
-9.440556
-9.441430
-9.442231
-9.442079
-9.441476
-9.440838
-9.439872
-9.439034
-9.438094
-9.436809
-9.435344
-9.434145
-9.432938
-9.431529
-9.430059
-9.428250
-9.426247
-9.424193
-9.421991
-9.420066
-9.418185
-9.416138
-9.414069
-9.411779
-9.409367
-9.406941
-9.404429
-9.401585
-9.398558
-9.395457
-9.392202
-9.388942
-9.385601
-9.382101
-9.378495
-9.375267
-9.372133
-9.368872
-9.365641
-9.362170
-9.358598
-9.355066
-9.351479
-9.347614
-9.343610
-9.339560
-9.335396
-9.331259
-9.327076
-9.322772
-9.318399
-9.313670
-9.308744
-9.303760
-9.298622
-9.293468
-9.288229
-9.282830
-9.277321
-9.271861
-9.266354
-9.260729
-9.255038
-9.249184
-9.243217
-9.237187
-9.231059
-9.225206
-9.219417
-9.213515
-9.207625
-9.201557
-9.195408
-9.189277
-9.183097
-9.176672
-9.170121
-9.163530
-9.156838
-9.150163
-9.143445
-9.136620
-9.129731
-9.122611
-9.115351
-9.108033
-9.100601
-9.093133
-9.085590
-9.077930
-9.070180
-9.062440
-9.054649
-9.046765
-9.038818
-9.030750
-9.022592
-9.014373
-9.006074
-8.997469
-8.988689
-8.979839
-8.970844
-8.961829
-8.952730
-8.943483
-8.934130
-8.924777
-8.915358
-8.905830
-8.896224
-8.886475
-8.876618
-8.866685
-8.856655
-8.846656
-8.836618
-8.826476
-8.816274
-8.805951
-8.795536
-8.785064
-8.774512
-8.763808
-8.752996
-8.742107
-8.731119
-8.720075
-8.708953
-8.697730
-8.686422
-8.675603
-8.664942
-8.654170
-8.643477
-8.632555
-8.621559
-8.610655
-8.599730
-8.588506
-8.577156
-8.565798
-8.554347
-8.542976
-8.531595
-8.520114
-8.508593
-8.496726
-8.484682
-8.472613
-8.460412
-8.448229
-8.435988
-8.423611
-8.411152
-8.398783
-8.386400
-8.373925
-8.361415
-8.348764
-8.336027
-8.323258
-8.310420
-8.297241
-8.283881
-8.270464
-8.256902
-8.243349
-8.229725
-8.215950
-8.202079
-8.188233
-8.174336
-8.160338
-8.146275
-8.132070
-8.117763
-8.103395
-8.088939
-8.074559
-8.060164
-8.045673
-8.031142
-8.016491
-8.001760
-7.986992
-7.972158
-7.957166
-7.942073
-7.926918
-7.911673
-7.896392
-7.881048
-7.865611
-7.850101
-7.834193
-7.818071
-7.801890
-7.785542
-7.769193
-7.752760
-7.736153
-7.719432
-7.702766
-7.686050
-7.669213
-7.652307
-7.635229
-7.618032
-7.600771
-7.583408
-7.566097
-7.548755
-7.531304
-7.513799
-7.496166
-7.478441
-7.460664
-7.442807
-7.424784
-7.406646
-7.388434
-7.370119
-7.351754
-7.333312
-7.314766
-7.296133
-7.277600
-7.259057
-7.240420
-7.221750
-7.202943
-7.184051
-7.165130
-7.146142
-7.127003
-7.107765
-7.088464
-7.069074
-7.049649
-7.030161
-7.010582
-6.990931
-6.971099
-6.951147
-6.931128
-6.911004
-6.890828
-6.870575
-6.850216
-6.829769
-6.809296
-6.788759
-6.768132
-6.747434
-6.726629
-6.705735
-6.684772
-6.663726
-6.643620
-6.623868
-6.603989
-6.584322
-6.564328
-6.544281
-6.524467
-6.504691
-6.484446
-6.464042
-6.443702
-6.423265
-6.403049
-6.382888
-6.362618
-6.342351
-6.321569
-6.300559
-6.279573
-6.258436
-6.237393
-6.216322
-6.195090
-6.173787
-6.152707
-6.131671
-6.110551
-6.089439
-6.068156
-6.046797
-6.025453
-6.004061
-5.982092
-5.959858
-5.937599
-5.915144
-5.892789
-5.870381
-5.847766
-5.825049
-5.802469
-5.779877
-5.757172
-5.734428
-5.711492
-5.688444
-5.665363
-5.642195
-5.619255
-5.596368
-5.573381
-5.550401
-5.527274
-5.504076
-5.480891
-5.457662
-5.434215
-5.410656
-5.387063
-5.363378
-5.339710
-5.316002
-5.292199
-5.268340
-5.243929
-5.219246
-5.194527
-5.169608
-5.144739
-5.119795
-5.094641
-5.069366
-5.044230
-5.019073
-4.993786
-4.968447
-4.942899
-4.917224
-4.891505
-4.865685
-4.839993
-4.814304
-4.788505
-4.762674
-4.736704
-4.710648
-4.684564
-4.658413
-4.632063
-4.605594
-4.579064
-4.552430
-4.525775
-4.499054
-4.472228
-4.445324
-4.418633
-4.391985
-4.365247
-4.338513
-4.311622
-4.284657
-4.257702
-4.230701
-4.203518
-4.176238
-4.148917
-4.121514
-4.094113
-4.066671
-4.039143
-4.011559
-3.983751
-3.955812
-3.927824
-3.899730
-3.871613
-3.843431
-3.815139
-3.786769
-3.758414
-3.730016
-3.701534
-3.672999
-3.644353
-3.615626
-3.586847
-3.557996
-3.531845
-3.506804
-3.481572
-3.457065
-3.431819
-3.406579
-3.382120
-3.357917
-3.332592
-3.306993
-3.281715
-3.256325
-3.231683
-3.207342
-3.182857
-3.158529
-3.132948
-3.106892
-3.081053
-3.054951
-3.029259
-3.003640
-2.977734
-2.951783
-2.926591
-2.901672
-2.876672
-2.851845
-2.826705
-2.801504
-2.776496
-2.751508
-2.725123
-2.698174
-2.671308
-2.644064
-2.617237
-2.590418
-2.563192
-2.535840
-2.509004
-2.482285
-2.455411
-2.428580
-2.401384
-2.374036
-2.346748
-2.319375
-2.292765
-2.266448
-2.240010
-2.213738
-2.187221
-2.160663
-2.134288
-2.107945
-2.081165
-2.054235
-2.027358
-2.000388
-1.973609
-1.946873
-1.920032
-1.893187
-1.864966
-1.836146
-1.807381
-1.778212
-1.749342
-1.720414
-1.691058
-1.661523
-1.632524
-1.603625
-1.574515
-1.545418
-1.515895
-1.486175
-1.456485
-1.426670
-1.397368
-1.368228
-1.338937
-1.309712
-1.280255
-1.250715
-1.221252
-1.191758
-1.161864
-1.131794
-1.101710
-1.071494
-1.041370
-1.011222
-0.980935
-0.950586
-0.920979
-0.891644
-0.862213
-0.832947
-0.803402
-0.773805
-0.744390
-0.714999
-0.685262
-0.655409
-0.625596
-0.595710
-0.565984
-0.536297
-0.506527
-0.476756
-0.446518
-0.416072
-0.385645
-0.355079
-0.324601
-0.294097
-0.263446
-0.232730
-0.202209
-0.171724
-0.141161
-0.110604
-0.079893
-0.049112
-0.018341
0.012474
