-0.548569
-0.522542
-0.496384
-0.470819
-0.444636
-0.418454
-0.392911
-0.367574
-0.341404
-0.315045
-0.288941
-0.262768
-0.237184
-0.211846
-0.186413
-0.161117
-0.134714
-0.107893
-0.081261
-0.054398
-0.027903
-0.001477
0.025204
0.051923
0.077982
0.103805
0.129697
0.155438
0.181451
0.207516
0.233414
0.259294
0.286095
0.313261
0.340368
0.367718
0.394778
0.421821
0.449129
0.476511
0.503555
0.530518
0.557574
0.584596
0.611850
0.639196
0.666497
0.693847
0.720660
0.747263
0.773939
0.800490
0.827205
0.853938
0.880537
0.907104
0.933962
0.960914
0.987821
1.014783
1.041605
1.068387
1.095233
1.122073
1.150349
1.179239
1.208062
1.237296
1.266195
1.295137
1.324518
1.354072
1.383060
1.411934
1.441014
1.470069
1.499555
1.529234
1.558869
1.588623
1.617800
1.646783
1.675912
1.704951
1.734227
1.763578
1.792827
1.822093
1.851774
1.881630
1.911484
1.941463
1.971325
2.001197
2.031203
2.061258
2.090559
2.119577
2.148679
2.177604
2.206799
2.236034
2.265075
2.294082
2.323420
2.352864
2.382255
2.411708
2.440989
2.470221
2.499524
2.528815
2.558568
2.588518
2.618438
2.648487
2.678435
2.708397
2.738496
2.768649
2.798595
2.828492
2.858456
2.888403
2.918493
2.948643
2.978770
3.008931
3.039710
3.070764
3.101827
3.133087
3.164223
3.195399
3.226786
3.258268
3.289577
3.320879
3.352288
3.383722
3.415352
3.447087
3.478840
3.510670
3.542239
3.573736
4.275795
5.263115
1.098899
-5.052597
19.089867
-2.567929
3.795859
3.827952
3.860067
3.892263
3.924426
3.956616
3.988892
4.021213
4.053349
4.085437
4.117581
4.149706
4.181945
4.214230
4.246491
4.278775
4.311183
4.343651
4.376138
4.408675
4.441197
4.473737
4.506330
4.538952
4.571750
4.604642
4.637557
4.670545
4.703534
4.736560
4.769661
4.802811
4.159983
3.229560
7.492945
13.759931
-10.514435
11.385634
5.035488
5.068902
5.101948
5.134861
5.167834
5.200731
5.233765
5.266830
5.299810
5.332782
5.365957
5.399206
5.432437
5.465718
5.498917
5.532102
5.565341
5.598588
5.632043
5.665595
5.699148
5.732767
5.766361
5.799974
5.833659
5.867380
5.901024
5.934659
5.968337
6.002020
6.035779
6.069577
6.103378
6.137206
6.171289
6.205493
6.239715
6.274028
6.308307
6.342615
6.377019
6.411475
6.445879
6.480295
6.514767
6.549262
6.583848
6.618489
6.653152
6.687859
6.722477
6.757081
6.791735
6.826393
6.861122
6.895889
6.930658
6.965453
7.000348
7.035298
7.070271
7.105290
7.140311
7.175355
7.210448
7.245572
7.266461
7.281312
7.296810
7.308247
7.323181
7.337768
7.348006
7.356600
7.370602
7.385673
7.398776
7.412116
7.421287
7.428586
7.436294
7.442858
7.455630
7.470551
7.484022
7.498542
7.510602
7.521953
7.534483
7.546923
7.555092
7.561526
7.568060
7.573371
7.579988
7.586597
7.591885
7.596746
7.608340
7.622458
7.635833
7.650787
7.663308
7.675456
7.689338
7.703525
7.714790
7.725138
7.735942
7.746200
7.757977
7.770193
7.781783
7.793474
7.800964
7.806647
7.812610
7.817401
7.823116
7.828705
7.833042
7.836885
7.842615
7.848784
7.854350
7.860066
7.864482
7.868351
7.872426
7.876194
7.886960
7.900582
7.913586
7.928407
7.941305
7.954170
7.968994
7.984432
7.996694
8.008099
8.020293
8.032085
8.045815
8.060266
8.074224
8.088514
8.099731
8.109745
8.120231
8.130029
8.140737
8.151559
8.161633
8.171540
8.183251
8.195572
8.207635
8.220065
8.231674
8.243078
8.254895
8.266706
8.274263
8.280050
8.286017
8.290781
8.296694
8.302552
8.307116
8.311225
8.316833
8.322727
8.328076
8.333486
8.337714
8.341411
8.345217
8.348696
8.354322
8.360720
8.366687
8.373060
8.378637
8.384020
8.389853
8.395704
8.400194
8.404161
8.408207
8.411898
8.416070
8.420289
8.424119
8.427858
9.123992
10.114655
5.839099
-0.465880
24.192388
2.035694
8.523285
8.539506
8.553002
8.565895
8.579660
8.593225
8.608755
8.625119
8.641198
8.657755
8.670900
8.682788
8.695315
8.707163
8.720202
8.733498
8.746046
8.758521
8.773114
8.788494
8.803703
8.819432
8.834354
8.849158
8.864534
8.880013
8.892321
8.903390
8.914706
8.925210
8.936753
8.948383
8.959130
8.969652
8.981404
8.993480
9.005263
9.017205
9.028370
9.039248
9.050320
9.061259
9.074070
9.087637
9.100985
9.114793
9.128079
9.141335
9.155087
9.168981
9.181910
9.194547
9.207376
9.220048
9.233237
9.246594
9.259767
9.272995
9.282027
9.289281
9.296772
9.303085
9.310412
9.317644
9.323615
9.329113
9.336322
9.343904
9.350912
9.358031
9.363910
9.369252
9.374759
9.379953
9.386857
9.394360
9.401466
9.408865
9.415605
9.422160
9.429043
9.435910
9.441592
9.446797
9.452039
9.456947
9.462226
9.467510
9.472433
9.477244
9.484347
9.492335
9.500106
9.508442
9.516007
9.523486
9.531582
9.539818
9.547092
9.554088
9.561276
9.568313
9.575901
9.583674
9.591268
9.598931
9.605254
9.611020
9.616914
9.622460
9.628342
9.634216
9.639717
9.645090
9.651120
9.657330
9.663378
9.669510
9.675251
9.680847
9.686548
9.692183
9.692452
9.690419
9.688551
9.685106
9.682933
9.680578
9.676538
9.671830
9.669017
9.666519
9.663235
9.659965
9.655099
9.649477
9.643932
9.637897
9.634214
9.631311
9.627800
9.624644
9.620479
9.615986
9.611901
9.607728
9.601864
9.595282
9.588686
9.581569
9.574903
9.568183
9.560903
9.553408
9.548176
9.543747
9.538992
9.534715
9.529518
9.524118
9.519250
9.514416
9.508510
9.502220
9.496016
9.489556
9.483547
9.477619
9.471406
9.465158
9.457362
9.448861
9.440388
9.431433
9.422733
9.413920
9.404596
9.395029
9.386053
9.377160
9.367987
9.358795
9.349076
9.339096
9.329117
9.318960
9.311668
9.305511
9.299047
9.293287
9.286666
9.279976
9.274050
9.268326
9.261235
9.253739
9.246517
9.239076
9.232387
9.225944
9.219245
9.212632
9.204663
9.196130
9.187742
9.179009
9.170608
9.162202
9.153425
9.144522
9.136327
9.128335
9.120180
9.112126
9.103670
9.095073
9.086597
9.078063
9.067741
9.056644
9.045565
9.033941
9.022734
9.011450
8.999585
8.987481
8.975931
8.964444
8.952681
8.940888
8.928560
8.915962
8.903354
8.890558
8.878588
8.866880
8.854942
8.843117
8.830913
8.818575
8.806368
8.794114
8.781251
8.768119
8.754967
8.741615
8.728407
8.715164
8.701709
8.688163
8.676627
8.665881
8.654952
8.644529
8.633467
8.622352
8.611787
8.601362
8.590081
8.578560
8.567226
8.555768
8.544817
8.534042
8.523119
8.512270
8.500330
8.487943
8.475679
8.463143
8.450895
8.438656
8.426123
8.413500
8.401440
8.389546
8.377531
8.365604
8.353366
8.341023
8.328783
8.316504
8.303265
8.289610
8.275958
8.262010
8.248289
8.234527
8.220450
8.206242
8.192312
8.178406
8.164351
8.150273
8.135911
8.121402
8.106880
8.092254
8.078094
8.064082
8.049942
8.035866
8.021574
8.007208
7.992917
7.978599
7.963940
7.949133
7.934313
7.919382
7.904532
7.889663
7.874675
7.859637
7.843231
7.826207
7.081505
6.026743
11.191399
18.780049
-11.335292
6.396563
22.086375
1.756873
7.668827
7.651086
7.632895
7.614469
7.596027
7.577421
7.559281
7.541261
7.523051
7.504864
7.486406
7.467822
7.449274
7.430654
7.411598
7.392327
7.373000
7.353503
7.334053
7.314539
7.294845
7.275050
7.255890
7.236935
7.217845
7.198861
7.179573
7.160191
7.140931
7.121646
7.101999
7.082200
7.062391
7.042469
7.022648
7.002816
6.982862
6.962862
6.942382
6.921664
6.900917
6.879996
6.859110
6.838155
6.817017
6.795773
6.774663
6.753541
6.732301
6.711020
6.689551
6.667970
6.646353
6.624649
6.606573
6.589996
6.573171
6.557328
6.540512
6.523716
6.507976
6.492591
6.475706
6.458461
6.441657
6.424714
6.408787
6.393274
5.727817
4.786111
8.835289
14.809798
-8.573571
12.428198
6.274763
6.257644
6.240154
6.222616
6.206102
6.189961
6.173725
6.157730
6.141332
6.124865
6.108665
6.092505
6.074456
6.055652
6.036970
6.017787
5.999180
5.980595
5.961467
5.942179
5.923605
5.905201
5.886598
5.868065
5.849045
5.829830
5.810707
5.791480
5.773299
5.755523
5.737596
5.719906
5.701892
5.683835
5.666035
5.648291
5.629965
5.611444
5.593008
5.574455
5.556173
5.537960
5.519615
5.501275
5.481151
5.460257
5.439443
5.418114
5.397183
5.376187
5.354642
5.332874
5.311817
5.290901
5.269719
5.248566
5.226865
5.204917
5.183020
5.160970
5.139594
5.118439
5.097098
5.075851
5.054314
5.032677
5.011151
4.989593
4.967526
4.945239
4.922943
4.900487
4.878159
4.855809
4.833287
4.810695
4.789087
4.767846
4.746489
4.725359
4.703873
4.682330
4.661036
4.639784
4.618088
4.596249
4.574475
4.552614
4.530975
4.509396
4.487719
4.466051
4.443782
4.421250
4.398753
4.376085
4.353543
4.330977
4.308229
4.285406
4.262848
4.240348
4.217757
4.195183
4.172419
4.149572
4.126750
4.103879
4.078903
4.053010
4.027158
4.000671
3.974657
3.948551
3.921768
3.894703
3.868349
3.842094
3.815512
3.788912
3.761671
3.734114
3.706564
3.678801
3.651934
3.625350
3.598506
3.571780
3.544637
3.517346
3.490191
3.462980
3.435088
3.406895
3.378674
3.350228
3.321937
3.293602
3.265028
3.236347
3.208515
3.180968
3.153273
3.125738
3.097826
3.069814
3.041982
3.014141
2.985864
2.957418
2.928981
2.900422
2.872014
2.843614
2.815081
2.786512
2.757323
2.727840
2.698344
2.668639
2.639010
2.609314
2.579398
2.549366
2.519538
2.489719
2.459769
2.429789
2.399583
2.369253
2.338901
2.308457
2.279119
2.250206
2.221150
2.192349
2.163188
2.133978
2.105047
2.076173
2.046741
2.017127
1.987600
1.957965
1.928603
1.899317
1.869909
1.840512
1.810560
1.780363
1.750202
1.719883
1.689674
1.659441
1.629039
1.598567
1.568352
1.538195
1.507952
1.477727
1.447322
1.416839
1.386383
1.355882
1.324657
1.293107
1.261541
1.229741
1.198081
1.166370
1.134409
1.102333
1.070452
1.038574
1.006566
0.974524
0.942250
0.909849
0.877422
0.844900
0.812680
0.780541
0.748290
0.716062
0.683663
0.651189
0.618746
0.586262
0.553517
0.520645
0.487743
0.454742
0.421774
0.388772
0.355664
0.322499
0.312130
0.311423
0.309673
0.314421
0.313554
0.313232
0.319871
0.329132
0.329731
0.328610
0.330633
0.332270
0.340574
0.351867
0.362499
0.374955
0.191531
-0.074456
-0.330113
-0.640806
-0.902477
-1.167988
-1.492501
-1.838728
-2.108033
-2.361032
-2.640293
-2.914942
-3.246469
-3.602818
-3.952149
-4.316148
-3.513289
-2.220066
-0.992282
0.561007
1.819636
3.098494
4.726490
6.481321
5.694769
3.923273
2.395422
0.240578
-1.073326
-2.297431
-4.204901
-6.272014
-6.041074
-4.979489
-4.187676
-2.878059
-2.482029
-2.260645
-1.466001
-0.606015
-0.712819
-1.139666
-1.452635
-1.969499
-2.017556
-1.949626
-2.112071
-2.268544
-2.288342
-2.271581
-2.256363
-2.210197
-2.261027
-2.338789
-2.380345
-2.429387
-2.467875
-2.501546
-2.543134
-2.584716
-2.624984
-2.665527
-2.706184
-2.746879
-2.787911
-2.829118
-2.870350
-2.911711
-2.953059
-2.994466
-3.036006
-3.077629
-3.119160
-3.160705
-3.202341
-3.244012
-3.285823
-3.327720
-3.369648
-3.411645
-3.454103
-3.496793
-3.539535
-3.582455
-4.658997
-6.175433
0.250250
9.739693
-27.474832
5.920601
-3.884434
-3.927838
-3.971418
-4.015116
-4.058872
-4.102725
-4.146449
-4.190170
-4.233999
-4.277858
-4.321858
-4.365944
-4.410057
-4.454236
-4.498608
-4.543097
-4.587646
-4.632296
-4.676970
-4.721707
-4.766548
-4.811466
-4.855548
-4.899323
-4.943213
-4.986919
-5.030932
-5.075000
-5.118867
-5.162706
-5.206959
-5.251354
-5.295701
-5.340138
-5.384388
-5.428595
-5.472904
-5.517215
-5.562018
-5.607042
-5.652048
-5.697203
-5.742273
-5.787373
-5.832631
-5.877961
-5.923088
-5.968180
-6.013356
-6.058531
-6.103870
-6.149287
-6.194696
-6.240155
-6.286092
-6.332256
-6.378451
-6.424817
-6.471111
-6.517458
-6.563984
-6.610604
-6.657126
-6.703669
-6.750315
-6.797005
-6.843860
-6.890816
-6.937811
-6.984888
-7.031785
-7.078648
-7.125604
-7.172564
-7.219656
-7.266816
-7.313975
-7.361180
-7.408575
-7.456072
-7.503607
-7.551228
-7.598845
-7.646504
-7.694252
-7.742056
-7.790437
-7.839100
-7.887797
-7.936702
-7.985547
-8.034468
-8.083606
-8.132867
-8.181981
-8.231114
-8.280380
-8.329697
-8.379229
-8.428891
-8.478596
-8.528403
-8.578067
-8.627721
-8.677488
-8.727283
-8.777222
-8.827247
-8.877297
-8.927412
-8.977736
-9.028181
-9.078686
-9.129296
-9.179924
-9.230616
-9.281416
-9.332293
-9.382952
-9.433566
-9.484270
-9.534968
-9.585825
-9.636756
-9.687675
-9.738641
-9.789789
-9.841035
-9.892321
-9.943689
-9.995053
-10.046459
-10.097950
-10.149496
-10.201271
-10.253178
-10.305133
-10.357195
-10.409279
-10.461428
-10.513687
-10.566025
-10.618346
-10.670708
-10.723155
-10.775655
-10.828266
-10.880959
-10.933703
-10.986519
-11.016270
-11.036245
-11.057289
-11.071765
-11.091918
-11.111521
-11.124089
-11.134006
-11.152723
-11.173196
-11.190491
-11.208188
-11.219136
-11.227065
-11.235677
-11.242449
-11.259273
-11.279586
-11.297566
-11.317253
-11.332977
-11.347568
-11.364078
-11.380453
-11.389932
-11.396617
-11.403475
-11.408368
-11.415386
-11.422405
-11.427299
-11.431514
-11.446713
-11.466042
-11.484178
-11.504905
-11.521689
-11.537884
-11.556921
-11.576473
-11.591281
-11.604611
-11.618703
-11.631924
-11.647639
-11.664086
-11.679532
-11.695158
-11.703967
-11.709855
-11.716216
-11.720688
-11.726681
-11.732485
-11.736272
-11.739273
-11.745363
-11.752185
-11.758045
-11.764165
-11.768189
-11.771340
-11.774845
-11.777868
-11.792162
-11.811063
-11.828983
-11.849838
-11.867615
-11.885353
-11.906255
-11.928158
-11.944962
-11.960400
-11.977120
-11.993206
-12.012426
-12.032817
-12.052427
-12.072585
-12.087819
-12.101133
-12.115220
-12.128214
-12.142683
-12.157350
-12.170828
-12.184050
-12.200186
-12.217315
-12.234044
-12.251376
-12.267402
-12.283112
-12.299500
-12.315890
-12.325441
-12.332153
-12.339169
-12.344259
-12.351215
-12.358094
-12.362902
-12.366991
-12.373508
-12.380500
-12.386627
-12.392866
-12.397215
-12.400720
-12.404415
-12.407596
-12.414249
-12.422159
-12.429388
-12.437283
-12.443910
-12.450238
-12.457305
-12.464412
-12.469342
-12.473442
-12.477683
-12.481365
-12.485835
-12.490395
-12.494342
-12.498154
-12.513606
-12.533883
-12.553513
-12.576362
-12.596075
-12.615895
-12.639176
-12.663647
-12.683653
-12.702683
-12.723165
-12.743336
-12.766753
-12.791559
-12.815914
-12.841071
-12.860644
-12.878168
-12.896761
-12.914256
-12.933726
-12.953634
-12.972330
-12.990925
-13.013017
-13.036421
-13.059560
-13.083571
-13.106274
-13.128801
-13.152285
-13.175955
-13.194421
-13.210861
-13.227726
-13.243271
-13.260542
-13.277975
-13.293970
-13.309612
-13.327297
-13.345534
-13.363305
-13.381353
-13.398140
-13.414471
-13.431139
-13.447604
-13.467170
-13.487996
-13.508480
-13.529737
-13.550152
-13.570534
-13.591751
-13.613219
-13.633113
-13.652544
-14.312703
-15.245106
-11.257799
-5.372594
-28.422139
-7.726049
-13.787459
-13.798206
-13.809359
-13.818599
-13.829518
-13.840298
-13.849029
-13.857001
-13.867796
-13.879219
-13.889719
-13.900419
-13.909102
-13.916923
-13.925031
-13.932644
-13.943076
-13.954505
-13.965303
-13.976598
-13.986829
-13.996774
-14.007274
-14.017764
-14.026331
-14.034133
-14.042012
-14.049361
-14.057335
-14.065334
-14.072759
-14.080017
-14.091053
-14.103557
-14.115722
-14.128830
-14.140692
-14.152431
-14.165198
-14.178212
-14.189666
-14.200681
-14.212028
-14.223145
-14.235183
-14.247541
-14.259623
-14.271836
-14.281868
-14.291005
-14.300369
-14.309178
-14.318556
-14.327939
-14.336727
-14.345323
-14.355013
-14.365016
-14.374769
-14.384679
-14.393964
-14.403030
-14.412283
-14.421447
-14.424275
-14.424384
-14.424676
-14.423100
-14.423034
-14.422754
-14.420477
-14.417411
-14.416547
-14.416039
-14.414603
-14.413172
-14.409861
-14.405655
-14.401528
-14.396815
-14.394921
-14.393962
-14.392276
-14.391016
-14.388546
-14.385684
-14.383310
-14.380832
-14.376334
-14.370980
-14.365609
-14.359615
-14.354161
-14.348642
-14.342456
-14.336012
-14.332146
-14.329185
-14.325841
-14.323032
-14.319155
-14.315033
-14.311508
-14.308008
-14.303276
-14.298096
-14.293000
-14.287600
-14.282703
-14.277885
-14.272732
-14.267526
-14.260526
-14.252703
-14.244900
-14.236531
-14.228446
-14.220218
-14.211391
-14.202272
-14.193822
-14.185457
-14.176757
-14.168023
-14.158673
-14.149010
-14.139336
-14.129447
-14.123084
-14.118120
-14.112780
-14.108308
-14.102775
-14.097157
-14.092481
-14.088054
-14.081953
-14.075356
-14.069096
-14.062570
-14.056968
-14.051671
-14.046060
-14.040557
-14.033378
-14.025503
-14.017808
-14.009687
-14.001980
-13.994267
-13.986096
-13.977772
-13.970323
-13.963126
-13.955729
-13.948457
-13.940691
-13.932752
-13.924962
-13.917103
-13.907060
-13.896072
-13.885106
-13.873476
-13.862355
-13.851142
-13.839219
-13.827004
-13.815467
-13.804006
-13.792209
-13.780376
-13.767891
-13.755076
-13.742249
-13.729194
-13.717149
-13.705426
-13.693422
-13.681557
-13.669229
-13.656738
-13.644409
-13.632023
-13.618891
-13.605434
-13.591951
-13.578226
-13.564677
-13.551087
-13.537238
-13.523278
-13.511416
-13.500368
-13.489113
-13.478373
-13.466941
-13.455435
-13.444491
-13.433677
-13.421953
-13.409962
-13.398151
-13.386195
-13.374751
-13.363477
-13.352032
-13.340648
-13.328087
-13.315034
-13.302094
-13.288847
-13.275892
-13.262928
-13.249636
-13.236230
-13.223406
-13.210740
-13.197930
-13.185195
-13.172114
-13.158904
-13.145786
-13.132610
-13.118430
-13.103806
-13.089166
-13.074204
-13.059460
-13.044655
-13.029507
-13.014210
-12.999177
-12.984149
-12.968952
-12.953713
-12.938165
-12.922447
-12.906699
-12.890825
-12.875415
-12.860140
-12.844716
-12.829341
-12.813726
-12.798015
-12.782365
-12.766670
-12.750606
-12.734370
-12.718105
-12.701708
-12.685376
-12.669007
-12.652498
-12.635920
-12.617846
-12.599087
-12.580320
-12.561070
-12.542074
-12.522960
-12.503335
-12.483464
-12.464077
-12.444726
-12.425095
-12.405413
-12.385229
-12.364778
-12.344293
-12.323616
-12.303432
-12.283363
-12.263074
-12.242798
-12.222211
-12.201474
-12.180762
-12.159957
-12.138665
-12.117125
-12.095510
-12.073695
-12.051919
-12.030058
-12.007989
-11.985794
-11.964270
-11.942951
-11.921473
-11.900093
-11.878370
-11.856532
-11.834809
-11.813045
-11.790875
-11.768526
-11.746152
-11.723641
-11.701224
-11.678780
-11.656190
-11.633535
-11.610347
-11.586887
-11.563381
-11.539672
-11.515987
-11.492211
-11.468224
-11.444106
-11.420119
-11.396103
-11.371946
-11.347729
-11.323294
-11.298724
-11.274100
-11.249367
-11.229375
-11.211344
-11.192995
-11.175931
-11.157599
-11.139295
-11.122374
-11.105921
-11.087517
-11.068648
-11.050358
-11.031891
-11.014754
-10.998160
-10.981330
-10.964794
-10.946096
-10.926591
-10.907482
-10.887935
-10.869119
-10.850450
-10.831298
-10.812088
-10.794221
-10.776846
-10.759349
-10.742172
-10.724470
-10.706680
-10.689245
-10.671864
-10.652035
-10.631227
-10.610583
-10.589292
-10.568752
-10.548246
-10.527038
-10.505627
-10.485145
-10.464889
-10.444377
-10.423961
-10.402916
-10.381621
-11.100982
-12.135307
-7.480988
-0.632192
-27.242791
-3.267466
-10.241208
-10.221451
-10.202032
-10.182690
-10.162594
-10.142251
-10.122020
-10.101642
-10.081620
-10.061692
-10.041596
-10.021511
-9.999076
-9.975630
-9.952294
-9.928283
-9.904800
-9.881238
-9.856953
-9.832381
-9.808748
-9.785305
-9.761516
-9.737768
-9.713304
-9.688517
-9.663801
-9.638887
-9.614869
-9.591146
-9.567181
-9.543347
-9.282571
-8.921012
-8.569802
-8.150678
-9.595713
-11.803213
-13.860117
-16.407639
-7.938158
5.005064
-3.219964
-17.188985
-13.699931
-7.715721
-8.598461
-9.385182
-9.124536
-9.100380
-9.076557
-9.052792
-9.028447
-9.003919
-8.979478
-8.954928
-8.930674
-8.906504
-8.882207
-8.857928
-8.832859
-8.807450
-8.782091
-8.756510
-8.731098
-8.705660
-8.679986
-8.654216
-8.628800
-8.603464
-8.578013
-8.552588
-8.526916
-8.501139
-8.475399
-8.449599
-8.421094
-8.391413
-8.361787
-8.331347
-9.282458
-10.650841
-4.481136
4.596532
-30.648691
1.114605
-8.118665
-8.088101
-8.056715
-8.024926
-7.993148
-7.961099
-7.930207
-7.899681
-7.868824
-7.838121
-7.806886
-7.775461
-7.744215
-7.712901
-7.680712
-7.648138
-7.615532
-7.582639
-7.549948
-7.517204
-7.484154
-7.450971
-7.418878
-7.387154
-7.355243
-7.323540
-7.291355
-7.259043
-7.226967
-7.194880
-7.162237
-7.129378
-7.096535
-7.063537
-7.030735
-6.997946
-6.964989
-6.931988
-6.898194
-6.864024
-6.829840
-6.795391
-6.761041
-6.726608
-6.691895
-6.657035
-6.622441
-6.587860
-6.553113
-6.518331
-6.483260
-6.448033
-6.412780
-6.377411
-6.343472
-6.310083
-6.276514
-6.243277
-6.209578
-6.175818
-6.142422
-6.109102
-6.075065
-6.040798
-6.006644
-5.972355
-5.938421
-5.904588
-5.870599
-5.836630
-5.801946
-5.766950
-5.732003
-5.696855
-5.661851
-5.626819
-5.591574
-5.556240
-5.521241
-5.486320
-5.451290
-5.416287
-5.381055
-5.345727
-5.310434
-5.275087
-5.238810
-5.202116
-5.165406
-5.128395
-5.091570
-5.054681
-5.017472
-4.980117
-4.943018
-4.905925
-4.868668
-4.831370
-4.793777
-4.756021
-4.718235
-4.680330
-4.642817
-4.605412
-4.567865
-4.530350
-4.492618
-4.454794
-4.417010
-4.379178
-4.341012
-4.302685
-4.264323
-4.225834
-4.187394
-4.148910
-4.110294
-4.071607
-4.043891
-4.020795
-3.997152
-3.976603
-3.953286
-3.930183
-3.910397
-3.891831
-3.869045
-3.845385
-3.823196
-3.800776
-3.574035
-3.260403
-2.955354
-2.591603
-3.858639
-5.792971
-7.596292
-9.829254
-2.400709
8.951319
1.737058
-10.515460
-7.457303
-2.211466
-2.988758
-3.682460
-3.456836
-3.438655
-3.421447
-3.404517
-3.382379
-3.358259
-3.334658
-3.309798
-3.286756
-3.263952
-3.239771
-3.215307
-3.193032
-3.171409
-3.149389
-3.127737
-3.104874
-3.081626
-3.058809
-3.035866
-3.016101
-2.997674
-2.978983
-2.961145
-2.942547
-2.923998
-2.906362
-2.889055
-2.870252
-2.851064
-2.832289
-2.813351
-2.795363
-2.777745
-2.759922
-2.742285
-2.719082
-2.693577
-2.668503
-2.641945
-2.616850
-2.591727
-2.565008
-2.537752
-2.512940
-2.488747
-2.463881
-2.439276
-2.413092
-2.386286
-2.359815
-2.333028
-2.308615
-2.285098
-2.261154
-2.237701
-2.213475
-2.189106
-2.165273
-2.141520
-2.116289
-2.090523
-2.064908
-2.038949
-2.013585
-1.988329
-1.962694
-1.937011
-1.914613
-1.893550
-1.872292
-1.851926
-1.830603
-1.809271
-1.788900
-1.768833
-1.747537
-1.725962
-1.704762
-1.683461
-1.663033
-1.642969
-1.622766
-1.602766
-1.581026
-1.558626
-1.536511
-1.514024
-1.492108
-1.470291
-1.448066
-1.425775
-1.404498
-1.383578
-1.362543
-1.341732
-1.320491
-1.299158
-1.278077
-1.257015
-1.230597
-1.201935
-1.173526
-1.143605
-1.115077
-1.086459
-1.056220
-1.025396
-0.996564
-0.968134
-0.939000
-0.909965
-0.879409
-0.848177
-0.817108
-0.785631
-0.756671
-0.728609
-0.700017
-0.671886
-0.642810
-0.613492
-0.584689
-0.555890
-0.525450
-0.494369
-0.463368
-0.431926
-0.401043
-0.370200
-0.338877
-0.307428
-0.278297
-0.250043
-0.221554
-0.193622
-0.164864
-0.135992
-0.107728
-0.079583
-0.050471
-0.021067
0.008168
0.037570
0.066443
0.095151
0.124054
0.152906
0.183209
0.214126
0.244930
0.276127
0.306983
0.337867
0.369171
0.400631
0.431420
0.462040
0.492853
0.523599
0.554781
0.586138
0.617407
0.648768
0.677009
0.703956
0.731131
0.757466
0.784617
0.811745
0.837971
0.863889
0.891148
0.918738
0.945944
0.973284
0.999736
1.025832
1.052103
1.078186
1.105612
1.133540
1.161218
1.189167
1.216667
1.244077
1.271784
1.299529
1.326428
1.353017
1.379682
1.406145
1.432938
1.459784
1.486407
1.512995
1.541362
1.570446
1.599415
1.628860
1.657773
1.686671
1.716083
1.745651
1.774542
1.803273
1.832198
1.861059
1.890385
1.919900
1.949329
1.978860
2.007429
2.035627
2.063972
2.092102
2.120536
2.149014
2.177259
2.205458
2.234201
2.263129
2.291985
2.320954
2.349677
2.378340
2.407131
2.435923
2.456162
2.472776
2.489761
2.504298
2.520949
2.537390
2.551211
2.564043
2.580070
2.596715
2.612178
2.627766
2.640858
2.652821
2.665011
2.676505
2.691792
2.708389
2.724104
2.740459
2.755308
2.769723
2.784858
2.799938
2.812418
2.823843
2.835327
2.846067
2.857601
2.869131
2.879856
2.890321
2.904686
2.920503
2.935876
2.952154
2.966998
2.981609
2.997215
3.012983
3.027047
3.040567
3.054336
3.067776
3.082081
3.096628
3.110798
3.125012
3.136755
3.147428
3.158249
3.168371
3.179021
3.189583
3.199399
3.208913
3.219515
3.230359
3.240838
3.251389
3.261167
3.270611
3.280161
3.289518
3.303298
3.318880
3.334073
3.350413
3.365530
3.380624
3.396955
3.413672
3.428388
3.442563
3.457234
3.471651
3.487290
3.503381
3.519161
3.535150
3.549179
3.562439
3.575997
3.589115
3.602810
3.616577
3.629864
3.643042
3.657366
3.672074
3.686617
3.701391
3.715639
3.729755
3.744131
3.758500
3.770206
3.780803
3.791509
3.801461
3.812130
3.822763
3.832584
3.842118
3.852586
3.863231
3.873533
3.883870
3.893466
3.902728
3.912056
3.921176
3.931641
3.942588
3.953262
3.964189
3.974616
3.984918
3.995501
4.006093
4.015830
4.025238
4.034693
4.043924
4.053454
4.063012
4.072325
4.081578
4.094660
4.109317
4.123746
4.139221
4.153637
4.168068
4.183627
4.199560
4.214010
4.228124
4.242698
4.257154
4.272661
4.288610
4.304394
4.320427
4.334578
4.348028
4.361815
4.375217
4.389259
4.403428
4.417174
4.430868
4.445707
4.460963
4.476112
4.491532
4.506498
4.521386
4.536574
4.551805
4.565330
4.578181
4.591152
4.603678
4.616749
4.629856
4.642479
4.654970
4.668106
4.681403
4.694533
4.707735
4.720511
4.733123
4.745827
4.758448
4.772063
4.786071
4.799951
4.814066
4.827890
4.841687
4.855738
4.869854
4.883442
4.896862
4.910373
4.923789
4.937472
4.951232
4.964883
4.978553
4.989882
5.000214
5.010664
5.020449
5.030786
5.041058
5.050619
5.059906
5.070129
5.080546
5.090633
5.100769
5.110206
5.119334
5.128541
5.137562
5.147523
5.157805
5.167856
5.178058
5.187881
5.197590
5.207470
5.217329
5.226518
5.235430
5.244352
5.253076
5.261994
5.270904
5.279601
5.288225
5.298104
5.308460
5.318684
5.329207
5.339294
5.349320
5.359675
5.370096
5.379973
5.389685
5.399490
5.409201
5.419204
5.429296
5.439279
5.449287
5.458542
5.467477
5.476471
5.485260
5.494223
5.503171
5.511899
5.520545
5.529542
5.538626
5.547609
5.556626
5.565416
5.574113
5.582856
5.591550
5.590569
5.585454
5.580707
5.573154
5.567916
5.562388
5.553858
5.544160
5.538023
5.532535
5.525660
5.518877
5.509227
5.498253
5.487485
5.475882
5.468462
5.462451
5.455396
5.449000
5.440867
5.432191
5.424266
5.416221
5.405211
5.392963
5.380725
5.367598
5.355304
5.342949
5.329637
5.315977
5.306709
5.299045
5.290824
5.283583
5.274662
5.265426
5.257272
5.249253
5.239239
5.228554
5.218104
5.207227
5.197288
5.187573
5.177378
5.167184
5.154132
5.139812
5.125613
5.110568
5.096072
5.081426
5.065882
5.049944
5.035192
5.020667
5.005674
4.990715
4.974826
4.958508
4.942260
4.925742
4.914050
4.904292
4.894047
4.885012
4.874575
4.864056
4.854847
4.846008
4.834902
4.823142
4.811875
4.800270
4.789959
4.780093
4.769826
4.759734
4.747430
4.734223
4.721290
4.707816
4.694923
4.682052
4.668598
4.654969
4.642546
4.630492
4.618199
4.606105
4.593378
4.580449
4.567752
4.554992
4.539225
4.522174
4.505190
4.487314
4.470177
4.452944
4.434756
4.416195
4.398614
4.381173
4.363296
4.345404
4.326635
4.307440
4.288263
4.268801
4.250771
4.233219
4.215311
4.197626
4.179332
4.160845
4.142613
4.124334
4.105055
4.085354
4.065651
4.045644
4.025913
4.006157
3.986074
3.965869
3.950091
3.936107
3.921802
3.908671
3.894252
3.879802
3.866619
3.853823
3.839238
3.824207
3.809665
3.794933
3.781381
3.768295
3.754965
3.741873
3.726539
3.710336
3.694476
3.678117
3.662453
3.646888
3.630779
3.614558
3.599623
3.585125
3.570451
3.556044
4.249880
5.245178
0.794406
-5.757388
19.715658
-3.232351
3.444007
3.425790
3.408163
3.390526
3.372270
3.353809
3.336055
3.318440
3.300577
3.282749
3.264369
3.245744
3.227176
3.208460
3.190861
3.173673
3.156284
3.139121
3.121564
3.103923
3.086532
3.069166
3.051126
3.032839
3.014608
2.996215
2.978083
2.959992
2.941722
2.923422
2.902357
2.880084
2.857897
2.834889
2.812469
2.789923
2.766501
2.742710
2.719954
2.697374
2.674359
2.651351
2.627481
2.603201
2.578961
2.554456
2.530989
2.507842
2.484376
2.461035
2.437204
2.413188
2.389321
2.365378
2.340607
2.315465
2.290282
2.264819
2.239531
2.214182
2.188535
2.162752
2.138376
2.114503
2.090426
2.066647
2.042308
2.017850
1.993722
1.969619
1.944835
1.919807
1.894838
1.869707
1.844865
1.820077
1.795109
1.770121
1.744208
1.717872
1.691553
1.664946
1.638490
1.611964
1.585134
1.558157
1.531537
1.504968
1.478230
1.451481
1.424417
1.397195
1.369974
1.342647
1.330122
1.323846
1.316821
1.313973
1.307436
1.301207
1.299455
1.299362
1.293518
1.286478
1.281439
1.276081
1.275030
1.275873
1.276217
1.277693
1.272703
1.265440
1.259623
1.252671
1.248201
1.244409
1.239347
1.234325
1.233669
1.234756
1.235686
1.237828
1.238566
1.239257
1.241262
1.243656
1.238818
1.231225
1.224356
1.215738
1.209636
1.203862
1.196175
1.188093
1.183062
1.178942
1.174268
1.170107
1.164258
1.157874
1.152090
1.146131
1.144557
1.144830
1.144739
1.145822
1.145858
1.145961
1.147323
1.149140
1.148888
1.148102
1.147887
1.147446
1.148315
1.149695
1.150790
1.152142
1.146370
1.137659
1.129518
1.119487
1.111340
1.103168
1.092964
1.082083
1.074365
1.067460
1.059702
1.052297
1.042876
1.032672
1.022913
1.012764
1.005647
0.999684
0.993190
0.987332
0.980504
0.973507
0.967205
0.961016
0.952956
0.944226
0.935700
0.926748
0.918567
0.910537
0.902034
0.893482
0.889201
0.886664
0.883889
0.882281
0.879450
0.876621
0.875051
0.873888
0.871145
0.868054
0.865462
0.862752
0.861189
0.860111
0.858866
0.857898
0.854693
0.850650
0.846989
0.842861
0.839485
0.836252
0.832505
0.828686
0.826194
0.824178
0.822026
0.820180
0.817790
0.815296
0.813142
0.811027
0.801035
0.787747
0.774841
0.759718
0.746644
0.733443
0.717863
0.701427
0.687945
0.675067
0.661157
0.647404
0.631413
0.614434
0.597706
0.580385
0.566749
0.554431
0.541341
0.528931
0.515144
0.501008
0.487629
0.474262
0.458496
0.441796
0.425218
0.408000
0.391603
0.375270
0.358239
0.341028
0.327283
0.314853
0.302082
0.290150
0.276997
0.263682
0.251285
0.239073
0.225425
0.211349
0.197534
0.183478
0.170222
0.157220
0.143936
0.130736
0.115388
0.099136
0.083061
0.066410
0.050274
0.034106
0.017321
0.000313
-0.015686
-0.031426
-0.047445
-0.063355
-0.079904
-0.096705
-0.113367
-0.130155
-0.142427
-0.152822
-0.163541
-0.173040
-0.183711
-0.194344
-0.203666
-0.212536
-0.223343
-0.234624
-0.245343
-0.256251
-0.265868
-0.274965
-0.284308
-0.293376
-0.304373
-0.316090
-0.327439
-0.339173
-0.350254
-0.361199
-0.372567
-0.383982
-0.394172
-0.403906
-0.413745
-0.423286
-0.433297
-0.443379
-0.453133
-0.462830
-0.475102
-0.488408
-0.501542
-0.515361
-0.528402
-0.541416
-0.555170
-0.569143
-0.582130
-0.594878
-0.607902
-0.620827
-0.634421
-0.648283
-0.662015
-0.675889
-0.688363
-0.700294
-0.712430
-0.724251
-0.736506
-0.748819
-0.760789
-0.772686
-0.785367
-0.798311
-0.811143
-0.824133
-0.836762
-0.849299
-0.862015
-0.874726
-0.889022
-0.904011
-0.918926
-0.934303
-0.949345
-0.964452
-0.980051
-0.995854
-1.011010
-1.026039
-1.041311
-1.056558
-1.072303
-1.088273
-1.104198
-1.120263
-1.135775
-1.151112
-1.166617
-1.182053
-1.197740
-1.213520
-1.229219
-1.244954
-1.261130
-1.277503
-1.293892
-1.310428
-1.326865
-1.343331
-1.359953
-1.376643
-1.392396
-1.407800
-1.423317
-1.438618
-1.454259
-1.469955
-1.485415
-1.500837
-1.516687
-1.532676
-1.548605
-1.564619
-1.580421
-1.596167
-1.612009
-1.627844
-1.644248
-1.660901
-1.677522
-1.694306
-1.710974
-1.727666
-1.744531
-1.761470
-1.778159
-1.794795
-1.811518
-1.828226
-1.845116
-1.862086
-1.879034
-1.896029
-1.912634
-1.929092
-1.945616
-1.962057
-1.978632
-1.995231
-2.011740
-2.028236
-2.044960
-2.061766
-2.078549
-2.095383
-2.112124
-2.128846
-2.145626
-2.162412
-2.179383
-2.196440
-2.213497
-2.230613
-2.247708
-2.264822
-2.281999
-2.299210
-2.316347
-2.333477
-2.350644
-2.367816
-2.385056
-2.402331
-2.419608
-2.436910
-2.454534
-2.472307
-2.490091
-2.507984
-2.525822
-2.543690
-2.561672
-2.579712
-2.597668
-2.615629
-2.633653
-2.651696
-2.669848
-2.688062
-2.706292
-2.724569
-2.742726
-2.760855
-2.779039
-2.797220
-3.048378
-3.398671
-3.738917
-4.146014
-2.717282
-0.537673
1.493660
4.008168
-4.323867
-17.060353
-8.956262
4.802918
1.374532
-4.510268
-3.634416
-2.853014
-3.102686
-3.119457
-3.135818
-3.152044
-3.168839
-3.185769
-3.202532
-3.219347
-3.235773
-3.252040
-3.268377
-3.284628
-3.301547
-3.318718
-3.335772
-3.352964
-3.369935
-3.386863
-3.403944
-3.421047
-3.437744
-3.454294
-3.470886
-3.487384
-3.504046
-3.520739
-3.537327
-3.553903
-3.571168
-3.588708
-3.606206
-3.623886
-3.641357
-3.658820
-3.676481
-3.694201
-3.711665
-3.729069
-3.746546
-3.763999
-3.781629
-3.799330
-3.817000
-3.834708
-3.852031
-3.869205
-3.886436
-3.903580
-3.920844
-3.938124
-3.955310
-3.972477
-3.989858
-4.007311
-4.024734
-4.042200
-4.059568
-4.076910
-4.094301
-4.111691
-4.129855
-4.148352
-4.166814
-4.185501
-4.204013
-4.222553
-4.241331
-4.260205
-4.278775
-4.297285
-4.315909
-4.334522
-4.353371
-4.372327
-4.391262
-4.410263
-4.428967
-4.447572
-4.466259
-4.484904
-4.503676
-4.522491
-4.541258
-4.560037
-4.579039
-4.598137
-4.617238
-4.636409
-4.655524
-4.674647
-4.693845
-4.713073
-4.731885
-4.750542
-4.769249
-4.787860
-4.806623
-4.825410
-4.844093
-4.862759
-4.881612
-4.900527
-4.919415
-4.938340
-4.957172
-4.975978
-4.994828
-5.013673
-5.032775
-5.051989
-5.071189
-5.090463
-5.109683
-5.128914
-5.148223
-5.167564
-5.186794
-5.205999
-5.225243
-5.244481
-5.263800
-5.283155
-5.302500
-5.321866
-5.341564
-5.361412
-5.381267
-5.401231
-5.421131
-5.441056
-5.461097
-5.481191
-5.501196
-5.521201
-5.541266
-5.561347
-5.581536
-5.601784
-5.622044
-5.642349
-5.662517
-5.682649
-5.702834
-5.723009
-5.743263
-5.763552
-5.783828
-5.804124
-5.824540
-5.845015
-5.865505
-5.886041
-5.906562
-5.927101
-5.947688
-5.968303
-5.988824
-6.009322
-6.029854
-6.050379
-6.070967
-6.091583
-6.112189
-6.132812
-6.153502
-6.174228
-6.194967
-6.215735
-6.236499
-6.257277
-6.278085
-6.298911
-6.319835
-6.340811
-6.361802
-6.382836
-6.403873
-6.424933
-6.446036
-6.467168
-6.488287
-6.509419
-6.530582
-6.551764
-6.572989
-6.594244
-6.615517
-6.636815
-6.657918
-6.678952
-6.700022
-6.721053
-6.742162
-6.763289
-6.784374
-6.805458
-6.826654
-6.847892
-6.869124
-6.890385
-6.911605
-6.932821
-6.954069
-6.975323
-6.996693
-7.018118
-7.039545
-7.061012
-7.082468
-7.103937
-7.125448
-7.146981
-7.168476
-7.189968
-7.211487
-7.233011
-7.254579
-7.276171
-7.297767
-7.319381
-7.341135
-7.362957
-7.384791
-7.406677
-7.428547
-7.450436
-7.472380
-7.494355
-7.516304
-7.538263
-7.560255
-7.582262
-7.604321
-7.626413
-7.648519
-7.670651
-7.692739
-7.714822
-7.736935
-7.759054
-7.781213
-7.803395
-7.825582
-7.847785
-7.870046
-7.892338
-7.914646
-7.936982
-7.959321
-7.981676
-8.004060
-8.026463
-8.048837
-8.071211
-8.093607
-8.116009
-8.138446
-8.160903
-8.183365
-8.205843
-8.228357
-8.250895
-8.273447
-8.296020
-8.318600
-8.341194
-8.363809
-8.386441
-8.409122
-8.431833
-8.454559
-8.477311
-8.500073
-8.522854
-8.545661
-8.568489
-8.591320
-8.614166
-8.637033
-8.659916
-8.682827
-8.705758
-8.728705
-8.751672
-8.774674
-8.797702
-8.820748
-8.843818
-9.489718
-10.400642
-6.526089
-0.805475
-23.225599
-3.100889
-9.005835
-9.029057
-9.052304
-9.075571
-9.098857
-9.122164
-9.145481
-9.168814
-9.192168
-9.215539
-9.238933
-9.262347
-9.285778
-9.309229
-9.332704
-9.356200
-9.379716
-9.403252
-9.426805
-9.450377
-9.473970
-9.497583
-9.521258
-9.544971
-9.568701
-9.592464
-9.616236
-9.640029
-9.663854
-9.687705
-9.711558
-9.735428
-9.759324
-9.783239
-9.807186
-9.831158
-9.855149
-9.879163
-9.903179
-9.927209
-9.951263
-9.975334
-9.999432
-10.023551
-10.047687
-10.071843
-10.096032
-10.120245
-10.144478
-10.168734
-10.193006
-10.217298
-10.241614
-10.265951
-10.290286
-10.314633
-10.339002
-10.363386
-10.387797
-10.412229
-10.436675
-10.461139
-10.485633
-10.510150
-10.534685
-10.559241
-10.583812
-10.608402
-10.633013
-10.657644
-10.682307
-10.706996
-10.731704
-10.756435
-10.781183
-10.805951
-10.830743
-10.855556
-10.880383
-10.905228
-10.930095
-10.954981
-10.979891
-11.004822
-11.029772
-11.054743
-11.056938
-11.049453
-11.042971
-11.029969
-11.022516
-11.014474
-10.999451
-10.981768
-10.972701
-10.965315
-10.954749
-10.944530
-10.927615
-10.907676
-10.888361
-10.867184
-10.855876
-10.847962
-10.837700
-10.829075
-10.816493
-10.802746
-10.790845
-10.778765
-10.759836
-10.738104
-10.716497
-10.692904
-10.671359
-10.649768
-9.853494
-8.727788
-13.548791
-20.663696
7.128493
-17.854632
-10.546559
-10.533595
-10.523377
-10.513618
-10.499143
-10.483167
-10.467890
-10.451709
-10.437929
-10.424821
-10.410679
-10.396665
-10.375895
-10.352201
-10.328924
-10.303739
-10.280001
-10.256028
-10.230022
-10.203193
-10.179353
-10.156185
-10.132020
-10.108063
-10.081994
-10.055018
-10.028339
-10.001138
-9.985031
-9.973431
-9.960815
-9.951053
-9.938200
-9.925260
-9.915401
-9.906485
-9.892481
-9.877081
-9.862900
-9.848046
-9.836241
-9.825547
-9.814034
-9.803016
-9.787080
-9.769197
-9.752031
-9.733738
-9.716856
-9.700121
-9.682164
-9.663906
-9.648482
-9.633993
-9.619061
-9.604678
-9.588955
-9.572872
-9.557413
-9.541909
-9.519599
-9.494440
-9.469532
-9.442674
-9.417612
-9.392427
-9.365149
-9.337113
-9.311427
-9.286164
-9.259999
-9.233897
-9.205880
-9.176982
-9.148225
-9.118912
-9.092983
-9.068247
-9.042792
-9.017948
-8.991803
-8.965316
-8.939511
-8.913699
-8.885687
-8.856809
-8.828023
-8.798637
-8.769983
-8.741368
-8.712103
-8.682656
-8.664566
-8.651154
-8.637060
-8.626070
-8.611960
-8.597904
-8.587191
-8.577595
-8.563576
-8.548553
-8.534904
-8.520901
-8.510030
-8.500471
-8.490421
-8.481109
-8.466274
-8.449381
-8.433487
-8.416468
-8.401335
-8.386583
-8.370595
-8.354458
-8.341699
-8.330178
-8.318348
-8.307323
-8.294968
-8.282391
-8.270703
-8.259148
-8.242450
-8.223719
-8.205356
-8.185652
-8.167589
-8.149636
-8.130227
-8.110423
-8.092570
-8.075208
-8.057343
-8.039699
-8.020772
-8.001350
-7.982210
-7.962821
-7.946420
-7.931204
-7.915605
-7.900714
-7.884950
-7.869106
-7.854029
-7.839149
-7.822681
-7.805709
-7.789016
-7.772038
-7.755861
-7.739922
-7.723655
-7.707444
-7.684455
-7.658575
-7.633042
-7.605585
-7.579725
-7.553681
-7.525577
-7.496680
-7.470504
-7.444895
-7.418331
-7.391915
-7.363471
-7.334133
-7.305028
-7.275388
-7.248465
-7.222472
-7.195810
-7.169587
-7.142272
-7.114627
-7.087479
-7.060271
-7.031128
-7.001186
-6.971270
-6.940786
-6.910866
-6.880921
-6.850365
-6.819597
-6.792484
-6.766763
-6.740660
-6.715433
-6.688936
-6.662268
-6.636560
-6.611046
-6.583953
-6.556380
-6.529084
-6.501514
-6.474798
-6.448347
-6.421577
-6.394886
-6.366007
-6.336202
-6.306570
-6.276345
-6.246629
-6.216870
-6.186477
-6.155849
-6.126244
-6.096896
-6.067256
-6.037719
-6.007522
-5.977061
-5.946734
-5.916270
-5.897243
-5.883031
-5.868187
-5.856541
-5.842033
-5.827741
-5.816877
-5.807270
-5.793102
-5.777946
-5.764315
-5.750386
-5.739780
-5.730609
-5.721000
-5.712228
-5.698526
-5.683073
-5.668695
-5.653433
-5.640023
-5.627099
-5.613189
-5.599282
-5.588679
-5.579379
-5.569933
-5.561385
-5.551743
-5.542040
-5.533313
-5.524857
-5.510549
-5.493981
-5.477953
-5.460477
-5.444969
-5.429677
-5.412805
-5.395571
-5.380755
-5.366632
-5.352016
-5.337771
-5.322122
-5.305996
-5.290312
-5.274443
-5.262027
-5.251040
-5.239717
-5.229286
-5.217978
-5.206679
-5.196339
-5.186318
-5.174600
-5.162410
-5.150632
-5.138629
-5.127627
-5.116989
-5.106077
-5.095326
-5.079386
-5.061284
-5.043569
-5.024456
-5.006671
-4.988836
-4.969500
-4.949643
-4.932062
-4.915046
-4.897380
-4.879944
-4.861013
-4.841484
-4.822252
-4.802708
-4.785306
-4.768700
-4.751682
-4.735088
-4.717771
-4.700301
-4.683298
-4.666346
-4.648018
-4.629177
-4.610453
-4.591391
-4.572852
-4.554390
-4.535557
-4.516659
-4.500869
-4.486333
-4.471591
-4.457678
-4.442838
-4.427969
-4.413996
-4.400293
-4.385397
-4.370213
-4.355368
-4.340406
-4.326258
-4.312437
-4.298462
-4.284662
-4.269193
-4.253079
-4.237216
-4.220981
-4.205269
-4.189631
-4.173588
-4.157462
-4.142280
-4.127418
-4.112428
-4.097632
-4.082407
-4.067078
-4.051968
-4.036857
-4.014958
-3.990195
-3.965724
-3.939316
-3.914620
-3.889775
-3.862854
-3.835162
-3.809976
-3.785275
-3.759650
-3.734126
-3.706641
-3.678271
-3.650082
-3.621347
-3.595710
-3.571155
-3.545904
-3.521191
-3.495267
-3.469008
-3.443352
-3.417668
-3.389899
-3.361293
-3.332752
-3.303626
-3.275161
-3.246710
-3.217625
-3.188347
-3.162043
-3.136847
-3.111317
-3.086480
-3.060549
-3.034441
-3.009095
-2.983874
-2.957366
-2.930449
-2.903724
-2.876753
-2.850442
-2.824315
-2.797908
-2.771537
-2.743269
-2.714182
-2.685213
-2.655709
-2.626615
-2.597457
-2.567729
-2.537771
-2.508652
-2.479722
-2.450514
-2.421365
-2.391625
-2.361631
-2.331723
-2.301669
-2.275375
-2.250621
-2.225556
-2.201479
-2.176378
-2.151272
-2.127229
-2.103528
-2.078158
-2.052349
-2.026975
-2.001403
-1.976879
-1.952754
-1.928383
-1.904205
-1.878370
-1.851893
-1.825686
-1.799118
-1.773060
-1.747078
-1.720702
-1.694248
-1.668786
-1.643668
-1.618423
-1.593390
-1.567925
-1.542362
-1.517036
-1.491720
-1.464192
-1.435752
-1.407419
-1.378469
-1.350137
-1.321790
-1.292779
-1.263545
-1.235105
-1.206828
-1.178280
-1.149777
-1.120671
-1.091300
-1.061999
-1.032541
-1.004225
-0.976329
-0.948220
-0.920339
-0.892054
-0.863681
-0.835559
-0.807460
-0.778661
-0.749601
-0.720597
-0.691421
-0.662511
-0.633641
-0.604580
-0.575486
